#/usr/local/lib/python3.10/dist-packages/colab_kernel_launcher.py -f /root/.local/share/jupyter/runtime/kernel-dea7114a-48f2-47cd-9840-9590734c419b.json
# GMT Thu May 23 16:23:11 2024
# 
0 4 5 11 3 13 9 15 10 8 12 1 2 34 36 37 39 40 43 44 46 47
1 7 15 9 2 11 8 4 13 12 6 10 34 36 37 40 41 43 44 46 47
2 6 8 10 14 3 16 13 12 5 15 34 36 37 40 41 43 44 47
3 7 16 5 11 9 13 6 4 14 15 34 37 38 40 41 43 44 47
4 9 6 13 12 14 11 15 7 10 34 37 38 40 41 44 45 47
5 12 7 9 16 13 8 15 14 11 34 35 37 38 40 41 44 45 47
6 10 8 13 14 7 16 15 9 34 35 37 38 41 42 44 45 47
7 11 12 14 16 9 13 8 34 35 37 38 41 42 44 45
8 10 16 11 15 14 12 34 35 38 39 41 42 44 45
9 10 16 11 12 13 34 35 38 39 41 42 45 46
10 12 13 14 15 16 35 36 38 39 41 42 45 46
11 14 13 12 16 35 36 38 39 42 43 45 46
12 14 16 35 36 38 39 42 43 45 46
13 15 35 36 39 40 42 43 45 46
14 16 15 35 36 39 40 42 43 46 47
15 16 36 37 39 40 42 43 46 47
16 36 37 39 40 43 44 46 47
17 20 31 24 33 30 28 19 25 29 22 18 26 34 36 37 39 40 43 44 46 47
18 22 24 32 26 19 25 21 31 23 29 33 34 36 37 40 41 43 44 46 47
19 30 23 21 20 33 29 22 32 31 24 34 36 37 40 41 43 44 47
20 32 24 28 25 30 21 27 31 29 33 34 37 38 40 41 43 44 47
21 29 26 23 27 31 22 28 32 24 34 37 38 40 41 44 45 47
22 30 27 28 32 29 24 26 25 34 35 37 38 40 41 44 45 47
23 27 25 30 28 31 24 33 32 26 34 35 37 38 41 42 44 45 47
24 33 28 26 32 25 34 35 37 38 41 42 44 45
25 32 28 33 31 27 30 34 35 38 39 41 42 44 45
26 27 29 32 31 33 30 34 35 38 39 41 42 45 46
27 29 31 32 33 28 30 35 36 38 39 41 42 45 46
28 30 31 32 33 35 36 38 39 42 43 45 46
29 31 30 33 32 35 36 38 39 42 43 45 46
30 31 33 35 36 39 40 42 43 45 46
31 35 36 39 40 42 43 46 47
32 36 37 39 40 42 43 46 47
33 36 37 39 40 43 44 46 47
34
35
36
37
38
39
40
41
42
43
44
45
46
47
