#/usr/local/lib/python3.10/dist-packages/colab_kernel_launcher.py -f /root/.local/share/jupyter/runtime/kernel-6c0fbf18-c276-4b2d-9452-8819c27dba4d.json
# GMT Fri May 24 23:46:50 2024
# 
0 14 7 63 40 6 60 21 51 55 43 32 41 12 46 144 161
1 34 68 53 59 36 29 52 48 13 8 35 23 42 49 144 161
2 43 6 42 26 33 5 23 10 63 25 18 29 55 16 144 161
3 24 35 37 16 25 36 60 17 58 69 53 61 39 27 144 161
4 26 15 14 67 42 48 37 32 50 47 36 18 11 58 144 145
5 65 18 22 62 70 44 14 23 25 35 16 68 19 144 145
6 43 29 56 33 21 60 44 9 54 51 20 64 144 145
7 11 26 14 34 56 16 67 59 27 50 47 22 68 144 145
8 18 11 41 27 44 64 59 71 57 43 20 36 42 145 146
9 67 69 30 57 29 40 55 15 24 35 54 23 70 145 146
10 34 20 47 35 25 62 39 16 55 49 11 41 59 145 146
11 57 22 41 70 51 46 62 45 54 69 145 146
12 37 41 67 60 46 32 29 39 35 14 19 53 64 146 147
13 46 58 29 34 28 17 20 67 26 21 51 37 70 146 147
14 42 25 70 21 28 69 46 59 63 146 147
15 52 65 71 25 63 57 50 36 19 22 26 17 146 147
16 63 45 68 40 34 36 43 26 24 147 148
17 58 69 62 71 63 61 27 42 57 34 60 147 148
18 44 28 24 54 25 52 47 56 65 23 147 148
19 56 44 51 50 54 31 20 27 30 21 26 147 148
20 57 63 70 46 64 66 54 49 28 148 149
21 57 52 29 22 30 32 35 61 27 148 149
22 37 30 40 27 36 54 48 38 52 148 149
23 49 52 71 65 44 53 55 32 54 148 149
24 67 53 32 36 34 43 62 39 58 46 149 150
25 54 28 55 32 49 33 39 149 150
26 43 58 65 27 38 51 28 149 150
27 40 62 59 42 28 56 149 150
28 55 50 38 49 30 61 64 150 151
29 48 33 66 30 60 41 39 150 151
30 34 65 68 45 56 31 40 57 150 151
31 40 59 53 66 43 69 65 51 35 68 46 45 150 151
32 69 64 45 51 38 61 68 151 152
33 41 35 65 42 71 64 48 66 68 52 151 152
34 59 46 39 61 52 44 151 152
35 65 48 66 59 38 151 152
36 48 62 58 49 53 67 152 153
37 45 55 59 70 69 46 65 64 39 152 153
38 67 47 66 70 55 61 59 52 64 152 153
39 55 50 68 54 66 69 152 153
40 41 44 51 66 68 53 57 153 154
41 47 54 50 57 45 68 153 154
42 67 47 44 61 56 49 153 154
43 62 57 63 44 50 60 153 154
44 51 48 59 66 154 155
45 55 66 58 62 52 56 71 154 155
46 61 50 54 58 154 155
47 71 67 56 58 65 57 60 154 155
48 61 53 56 62 64 50 155 156
49 59 71 69 50 63 64 155 156
50 64 68 51 155 156
51 71 68 65 155 156
52 70 62 67 61 156 157
53 66 62 55 63 67 156 157
54 63 66 156 157
55 58 60 156 157
56 58 60 70 61 157 158
57 69 61 157 158
58 64 70 157 158
59 71 157 158
60 69 71 64 70 158 159
61 68 158 159
62 65 63 158 159
63 66 71 158 159
64 159 160
65 71 159 160
66 69 159 160
67 70 71 159 160
68 160 161
69 70 160 161
70 160 161
71 160 161
72 102 128 79 139 123 93 109 89 113 115 81 78 133 82 144 161
73 141 127 129 108 100 107 89 139 118 88 122 79 91 85 144 161
74 120 129 104 91 136 125 87 92 89 124 75 142 107 130 144 161
75 121 91 124 86 105 120 96 132 141 127 99 138 76 144 161
76 140 100 135 116 131 92 119 89 107 141 84 122 133 144 145
77 136 125 94 134 108 128 78 121 142 107 84 102 85 130 144 145
78 138 126 125 94 117 84 86 80 96 134 79 90 144 145
79 107 82 137 104 134 96 141 122 133 99 140 144 145
80 139 112 142 138 120 131 97 122 119 105 100 98 88 145 146
81 130 98 87 111 95 120 110 85 97 105 119 138 134 145 146
82 117 94 105 123 98 84 131 133 114 129 121 140 145 146
83 129 118 86 137 139 127 123 122 89 97 111 101 96 102 145 146
84 116 137 132 125 108 113 131 90 111 94 146 147
85 86 135 141 142 115 100 94 103 93 119 88 146 147
86 98 96 128 88 139 130 92 138 122 102 146 147
87 111 137 95 90 93 108 89 115 136 122 129 110 146 147
88 139 123 125 127 135 90 99 131 107 102 147 148
89 138 93 112 121 96 107 114 117 147 148
90 97 142 119 123 126 125 111 113 133 95 147 148
91 113 112 141 125 104 118 110 137 107 140 129 147 148
92 136 101 113 124 139 126 121 130 108 107 109 148 149
93 111 99 120 94 114 138 96 103 140 125 148 149
94 108 99 129 136 142 117 101 96 148 149
95 109 104 123 122 97 106 115 128 98 137 99 148 149
96 120 115 101 110 129 118 149 150
97 115 101 106 114 100 126 109 134 140 149 150
98 102 143 105 108 126 138 135 107 128 149 150
99 101 117 112 121 114 130 143 105 149 150
100 136 139 112 119 123 116 109 103 137 150 151
101 104 106 105 141 129 130 132 143 150 151
102 113 116 123 143 104 131 140 124 150 151
103 127 141 143 118 134 135 105 114 110 121 109 150 151
104 132 140 108 126 139 111 129 105 151 152
105 135 130 118 143 106 151 152
106 135 141 127 121 133 126 109 119 140 111 151 152
107 124 122 110 133 151 152
108 125 135 127 131 139 143 152 153
109 116 127 134 143 133 121 119 152 153
110 143 138 123 116 137 120 128 112 152 153
111 124 140 127 112 116 125 152 153
112 133 116 135 128 140 136 129 153 154
113 138 115 122 134 118 120 124 117 153 154
114 124 115 120 129 138 117 118 136 153 154
115 131 142 137 130 141 132 153 154
116 143 133 132 121 131 117 154 155
117 135 131 139 136 142 121 154 155
118 126 134 143 130 137 123 154 155
119 143 122 126 130 128 132 154 155
120 126 135 141 132 143 155 156
121 126 134 133 155 156
122 139 124 132 155 156
123 140 142 128 135 155 156
124 135 137 127 129 143 156 157
125 140 133 130 131 156 157
126 132 134 142 156 157
127 142 132 129 136 156 157
128 134 139 133 141 142 157 158
129 157 158
130 137 136 157 158
131 134 133 137 157 158
132 136 137 140 158 159
133 158 159
134 141 158 159
135 138 158 159
136 142 139 159 160
137 159 160
138 141 142 159 160
139 159 160
140 160 161
141 160 161
142 160 161
143 160 161
144
145
146
147
148
149
150
151
152
153
154
155
156
157
158
159
160
161
