#/usr/local/lib/python3.10/dist-packages/colab_kernel_launcher.py -f /root/.local/share/jupyter/runtime/kernel-2b515d16-c871-48c9-ad2b-cd6ecd503099.json
# GMT Thu May 23 11:07:28 2024
# 
0 7 11 32 22 13 24 29 38 15 23 12 27 28 21 80 89
1 31 5 13 37 39 6 32 2 30 19 4 38 27 29 80 89
2 4 33 13 10 28 14 3 16 20 7 23 18 29 80 89
3 28 31 6 7 22 26 35 13 39 10 25 11 8 80 89
4 25 21 27 20 15 35 28 37 12 16 14 9 80 81
5 19 26 23 9 35 37 18 13 33 27 22 30 8 80 81
6 29 16 30 27 36 15 8 35 11 39 14 32 80 81
7 37 30 18 39 9 11 14 23 38 22 21 80 81
8 27 36 10 29 12 13 26 37 17 16 18 81 82
9 21 36 12 26 13 30 37 25 34 33 24 81 82
10 34 27 20 22 31 33 13 28 12 14 32 81 82
11 26 34 18 36 38 15 31 27 21 29 81 82
12 28 20 38 14 33 19 25 36 32 82 83
13 33 29 26 22 18 38 82 83
14 37 32 20 33 25 34 36 29 82 83
15 30 39 16 23 25 19 38 26 28 37 82 83
16 22 28 17 18 35 21 23 20 30 83 84
17 37 23 31 32 25 34 29 30 38 36 33 26 83 84
18 38 26 21 39 20 27 29 83 84
19 39 35 24 37 29 22 21 30 38 28 83 84
20 22 24 25 26 34 35 36 84 85
21 32 35 38 25 28 23 84 85
22 39 23 34 31 24 84 85
23 32 31 39 26 29 84 85
24 33 37 35 31 30 25 39 34 32 85 86
25 31 27 33 30 85 86
26 39 31 28 85 86
27 32 28 37 39 85 86
28 31 36 86 87
29 36 37 86 87
30 34 39 31 86 87
31 33 35 86 87
32 38 34 35 87 88
33 36 38 34 87 88
34 39 36 35 87 88
35 36 38 87 88
36 37 88 89
37 88 89
38 88 89
39 88 89
40 44 70 48 54 63 75 53 58 73 50 57 66 52 59 80 89
41 58 47 64 75 57 52 61 71 60 74 46 62 51 68 80 89
42 70 65 55 66 57 62 46 77 68 71 45 54 50 56 80 89
43 68 62 74 45 64 49 50 54 73 56 65 72 44 67 80 89
44 49 59 67 57 68 62 46 45 53 75 47 77 80 81
45 51 70 58 79 77 49 73 46 63 64 75 80 81
46 74 63 62 48 50 59 68 72 60 65 80 81
47 78 77 74 53 79 51 72 67 50 62 70 48 80 81
48 58 60 52 53 71 55 78 70 66 79 72 81 82
49 76 52 53 79 72 58 67 65 69 55 73 81 82
50 76 77 54 56 64 59 61 78 51 81 82
51 63 77 65 66 58 76 75 79 69 73 81 82
52 74 58 67 60 53 71 56 68 65 69 82 83
53 73 75 76 59 62 57 74 60 82 83
54 66 68 62 77 61 60 79 63 69 78 82 83
55 79 56 69 74 67 78 71 57 68 77 64 82 83
56 78 76 57 59 58 62 73 63 65 83 84
57 58 61 64 63 65 76 75 83 84
58 66 68 65 73 69 83 84
59 64 74 60 78 62 70 77 65 83 84
60 73 69 66 61 72 77 67 84 85
61 66 74 79 76 71 69 64 65 68 84 85
62 68 72 70 74 84 85
63 66 68 72 64 71 67 79 84 85
64 75 76 67 69 78 85 86
65 76 71 77 85 86
66 67 69 75 68 72 85 86
67 76 78 73 70 85 86
68 73 86 87
69 71 70 75 77 86 87
70 74 75 79 71 78 86 87
71 75 79 76 72 86 87
72 77 78 73 75 87 88
73 79 74 87 88
74 75 78 87 88
75 87 88
76 78 79 77 88 89
77 88 89
78 79 88 89
79 88 89
80
81
82
83
84
85
86
87
88
89
