#/usr/local/lib/python3.10/dist-packages/colab_kernel_launcher.py -f /root/.local/share/jupyter/runtime/kernel-2b515d16-c871-48c9-ad2b-cd6ecd503099.json
# GMT Thu May 23 09:44:51 2024
# 
0 7 4 8 5 1 3 2 6 18 20 21 23
1 2 3 5 6 4 8 7 18 20 21 23
2 4 8 5 6 3 7 18 20 21 23
3 4 7 8 6 5 18 19 21 22
4 6 7 5 8 18 19 21 22
5 6 8 7 18 19 21 22
6 7 8 19 20 22 23
7 8 19 20 22 23
8 19 20 22 23
9 16 13 10 17 12 11 15 14 18 20 21 23
10 11 14 12 15 13 17 16 18 20 21 23
11 13 12 14 17 15 16 18 20 21 23
12 13 16 17 14 15 18 19 21 22
13 14 15 16 17 18 19 21 22
14 16 15 17 18 19 21 22
15 16 17 19 20 22 23
16 17 19 20 22 23
17 19 20 22 23
18
19
20
21
22
23
