#/usr/local/lib/python3.10/dist-packages/colab_kernel_launcher.py -f /root/.local/share/jupyter/runtime/kernel-ccf9b1d1-ce2b-4d6c-8d13-48aff858ef78.json
# GMT Mon May 27 09:17:40 2024
# 
0 19 16 15 34 7 1 20 14 4 8 26 28 80 89 90 99
1 18 15 28 12 29 11 20 8 36 22 38 80 89 90 99
2 32 36 29 9 8 35 3 16 31 30 23 25 80 89 90 99
3 31 6 5 22 13 12 23 39 19 38 15 80 89 90 99
4 29 30 19 20 15 28 24 8 10 21 7 80 81 90 91
5 11 30 35 39 9 18 14 33 38 21 26 80 81 90 91
6 37 29 26 38 39 21 30 14 23 32 16 80 81 90 91
7 17 26 35 15 32 14 23 22 13 27 80 81 90 91
8 11 31 13 29 15 37 23 18 81 82 91 92
9 11 14 37 20 18 10 38 27 31 15 81 82 91 92
10 34 35 22 20 37 12 30 29 14 38 81 82 91 92
11 19 39 32 27 28 12 21 16 81 82 91 92
12 17 34 24 22 15 23 16 19 82 83 92 93
13 33 37 25 32 39 35 34 31 24 82 83 92 93
14 26 33 17 37 16 27 82 83 92 93
15 30 27 38 32 82 83 92 93
16 26 19 21 31 25 27 83 84 93 94
17 39 27 25 30 21 33 35 28 37 83 84 93 94
18 26 30 19 38 22 25 29 37 83 84 93 94
19 39 24 20 23 25 83 84 93 94
20 35 21 25 28 24 34 84 85 94 95
21 24 38 23 33 28 84 85 94 95
22 27 26 36 31 24 35 84 85 94 95
23 29 33 30 36 84 85 94 95
24 39 33 25 30 36 85 86 95 96
25 26 38 37 33 85 86 95 96
26 33 36 35 85 86 95 96
27 36 32 39 31 85 86 95 96
28 39 32 29 31 38 86 87 96 97
29 34 36 35 86 87 96 97
30 34 37 86 87 96 97
31 32 34 39 86 87 96 97
32 34 36 33 87 88 97 98
33 35 38 87 88 97 98
34 37 36 39 87 88 97 98
35 36 87 88 97 98
36 37 88 89 98 99
37 88 89 98 99
38 88 89 98 99
39 88 89 98 99
40 44 47 74 53 58 76 78 43 71 73 46 69 80 89 90 99
41 45 58 52 72 50 56 65 49 66 59 61 62 80 89 90 99
42 46 44 51 72 53 62 47 64 75 54 43 45 80 89 90 99
43 53 50 61 71 56 72 46 70 78 66 80 89 90 99
44 63 69 74 78 51 71 46 61 54 50 80 81 90 91
45 50 59 47 65 64 49 56 71 61 75 80 81 90 91
46 77 52 69 48 50 70 47 49 80 81 90 91
47 78 61 68 54 62 64 60 55 80 81 90 91
48 49 51 56 74 50 60 69 59 75 76 68 81 82 91 92
49 52 72 56 62 79 63 65 50 81 82 91 92
50 74 79 62 60 51 81 82 91 92
51 54 70 58 69 55 60 66 63 81 82 91 92
52 57 65 74 58 77 66 70 69 76 82 83 92 93
53 64 73 59 70 66 69 71 77 55 82 83 92 93
54 62 55 57 79 56 58 67 60 82 83 92 93
55 74 76 60 61 78 79 68 59 82 83 92 93
56 68 57 66 77 79 59 83 84 93 94
57 62 75 64 72 60 70 73 74 77 83 84 93 94
58 59 70 73 78 63 71 67 83 84 93 94
59 78 67 68 77 66 83 84 93 94
60 73 61 71 75 74 84 85 94 95
61 72 69 67 75 70 84 85 94 95
62 65 67 72 71 73 84 85 94 95
63 78 74 69 75 68 73 70 76 84 85 94 95
64 79 77 66 69 72 76 67 85 86 95 96
65 72 76 66 75 68 77 70 85 86 95 96
66 79 75 76 85 86 95 96
67 76 73 70 72 77 71 85 86 95 96
68 79 71 69 78 75 86 87 96 97
69 74 86 87 96 97
70 76 86 87 96 97
71 77 72 86 87 96 97
72 73 87 88 97 98
73 77 78 79 87 88 97 98
74 79 76 87 88 97 98
75 79 78 87 88 97 98
76 79 88 89 98 99
77 78 88 89 98 99
78 88 89 98 99
79 88 89 98 99
80
81
82
83
84
85
86
87
88
89
90
91
92
93
94
95
96
97
98
99
