#/usr/local/lib/python3.10/dist-packages/colab_kernel_launcher.py -f /root/.local/share/jupyter/runtime/kernel-ccf9b1d1-ce2b-4d6c-8d13-48aff858ef78.json
# GMT Mon May 27 09:16:04 2024
# 
0 8 11 15 24 23 27 1 19 60 69 70 79
1 9 19 20 5 23 29 22 60 69 70 79
2 26 4 16 15 7 9 6 18 60 69 70 79
3 13 10 5 27 25 17 28 14 60 61 70 71
4 12 18 29 21 5 20 28 60 61 70 71
5 17 27 29 22 11 60 61 70 71
6 18 15 24 28 25 16 26 61 62 71 72
7 26 11 27 12 20 24 8 61 62 71 72
8 18 19 15 14 12 13 61 62 71 72
9 28 25 26 17 11 18 62 63 72 73
10 18 22 23 14 11 13 28 62 63 72 73
11 20 15 16 62 63 72 73
12 17 18 24 13 21 63 64 73 74
13 21 14 25 29 63 64 73 74
14 16 15 28 19 63 64 73 74
15 21 22 64 65 74 75
16 29 17 22 24 64 65 74 75
17 22 19 27 64 65 74 75
18 23 65 66 75 76
19 29 26 22 65 66 75 76
20 23 24 21 27 65 66 75 76
21 26 25 23 66 67 76 77
22 24 66 67 76 77
23 27 26 66 67 76 77
24 29 67 68 77 78
25 28 27 29 67 68 77 78
26 28 67 68 77 78
27 68 69 78 79
28 68 69 78 79
29 68 69 78 79
30 34 51 44 46 40 38 47 48 60 69 70 79
31 42 48 32 49 46 57 45 58 60 69 70 79
32 43 34 40 35 53 55 45 60 69 70 79
33 45 41 56 54 43 40 49 50 60 61 70 71
34 57 51 50 41 37 52 60 61 70 71
35 41 58 45 53 59 55 47 60 61 70 71
36 45 40 38 46 52 41 44 37 61 62 71 72
37 49 42 47 52 54 38 61 62 71 72
38 48 56 58 50 46 61 62 71 72
39 56 44 46 55 57 58 50 53 62 63 72 73
40 59 51 50 47 62 63 72 73
41 52 43 55 56 62 63 72 73
42 49 57 43 54 47 56 63 64 73 74
43 57 55 59 49 63 64 73 74
44 45 58 51 49 46 63 64 73 74
45 51 54 64 65 74 75
46 51 53 64 65 74 75
47 57 52 55 64 65 74 75
48 49 53 59 52 54 65 66 75 76
49 58 65 66 75 76
50 58 56 51 65 66 75 76
51 59 66 67 76 77
52 55 54 66 67 76 77
53 55 59 56 66 67 76 77
54 57 59 67 68 77 78
55 67 68 77 78
56 59 67 68 77 78
57 58 68 69 78 79
58 68 69 78 79
59 68 69 78 79
60
61
62
63
64
65
66
67
68
69
70
71
72
73
74
75
76
77
78
79
