#/usr/local/lib/python3.10/dist-packages/colab_kernel_launcher.py -f /root/.local/share/jupyter/runtime/kernel-ccf9b1d1-ce2b-4d6c-8d13-48aff858ef78.json
# GMT Mon May 27 09:28:21 2024
# 
0 14 23 4 11 6 10 17 5 7 18 13 21 50 54 55 59 60 64 65 69
1 18 2 8 4 19 13 3 16 20 14 22 7 50 54 55 59 60 64 65 69
2 9 24 8 4 3 21 15 5 17 7 6 50 54 55 59 60 64 65 69
3 22 10 8 4 19 14 12 11 23 15 50 54 55 59 60 64 65 69
4 12 9 24 22 17 23 19 13 50 54 55 59 60 64 65 69
5 19 17 23 7 22 13 24 6 9 8 50 51 55 56 60 61 65 66
6 18 15 20 17 22 14 12 16 13 50 51 55 56 60 61 65 66
7 17 10 12 18 14 21 8 19 50 51 55 56 60 61 65 66
8 9 22 20 12 21 17 23 50 51 55 56 60 61 65 66
9 15 14 10 11 23 16 22 24 50 51 55 56 60 61 65 66
10 12 18 22 16 21 14 20 11 51 52 56 57 61 62 66 67
11 13 24 20 15 17 19 21 18 51 52 56 57 61 62 66 67
12 17 23 16 15 24 20 51 52 56 57 61 62 66 67
13 21 14 23 20 15 16 51 52 56 57 61 62 66 67
14 16 22 15 23 51 52 56 57 61 62 66 67
15 21 20 24 18 52 53 57 58 62 63 67 68
16 20 24 19 21 23 52 53 57 58 62 63 67 68
17 18 23 19 52 53 57 58 62 63 67 68
18 19 21 20 23 52 53 57 58 62 63 67 68
19 22 24 20 52 53 57 58 62 63 67 68
20 24 53 54 58 59 63 64 68 69
21 22 24 53 54 58 59 63 64 68 69
22 24 53 54 58 59 63 64 68 69
23 53 54 58 59 63 64 68 69
24 53 54 58 59 63 64 68 69
25 32 47 41 45 42 48 37 26 35 44 34 46 50 54 55 59 60 64 65 69
26 37 41 40 27 45 28 31 39 48 42 35 50 54 55 59 60 64 65 69
27 47 34 49 38 31 35 41 37 46 48 45 50 54 55 59 60 64 65 69
28 32 42 31 49 36 44 46 37 45 39 40 50 54 55 59 60 64 65 69
29 49 43 32 47 48 33 44 37 46 41 30 36 50 54 55 59 60 64 65 69
30 45 36 31 35 39 34 47 43 40 42 41 50 51 55 56 60 61 65 66
31 43 35 33 46 39 48 32 40 50 51 55 56 60 61 65 66
32 44 37 45 43 38 49 34 33 50 51 55 56 60 61 65 66
33 34 49 42 45 36 35 37 41 43 50 51 55 56 60 61 65 66
34 42 44 41 36 40 45 49 50 51 55 56 60 61 65 66
35 46 38 44 39 43 40 51 52 56 57 61 62 66 67
36 39 38 40 42 48 46 37 51 52 56 57 61 62 66 67
37 46 38 47 49 51 52 56 57 61 62 66 67
38 39 40 48 45 47 44 43 51 52 56 57 61 62 66 67
39 41 43 49 48 44 51 52 56 57 61 62 66 67
40 41 45 44 49 52 53 57 58 62 63 67 68
41 42 43 49 52 53 57 58 62 63 67 68
42 43 47 46 44 52 53 57 58 62 63 67 68
43 47 48 52 53 57 58 62 63 67 68
44 47 48 52 53 57 58 62 63 67 68
45 47 46 53 54 58 59 63 64 68 69
46 47 49 53 54 58 59 63 64 68 69
47 48 53 54 58 59 63 64 68 69
48 49 53 54 58 59 63 64 68 69
49 53 54 58 59 63 64 68 69
50
51
52
53
54
55
56
57
58
59
60
61
62
63
64
65
66
67
68
69
