#/usr/local/lib/python3.10/dist-packages/colab_kernel_launcher.py -f /root/.local/share/jupyter/runtime/kernel-2b515d16-c871-48c9-ad2b-cd6ecd503099.json
# GMT Thu May 23 11:07:00 2024
# 
0 8 23 3 6 24 28 2 25 29 13 60 69
1 9 24 8 3 21 22 20 23 29 10 60 69
2 8 4 16 12 20 27 26 22 9 60 69
3 25 23 24 4 8 14 5 20 60 61
4 12 15 6 14 29 17 10 22 60 61
5 21 27 29 18 19 15 8 16 26 60 61
6 15 8 22 24 21 14 7 20 61 62
7 26 14 15 12 18 22 13 9 19 61 62
8 21 12 26 23 61 62
9 17 14 20 16 22 13 24 62 63
10 12 27 29 14 24 11 15 19 62 63
11 22 23 29 25 17 28 21 18 16 62 63
12 19 17 21 20 16 63 64
13 19 17 28 18 16 15 26 63 64
14 25 19 28 29 63 64
15 19 25 22 17 64 65
16 21 27 29 28 64 65
17 24 28 23 27 64 65
18 27 26 23 21 24 22 65 66
19 27 26 25 65 66
20 23 24 25 27 65 66
21 28 26 66 67
22 23 66 67
23 28 66 67
24 28 67 68
25 27 29 26 67 68
26 28 67 68
27 29 68 69
28 68 69
29 68 69
30 44 46 43 52 36 45 47 37 39 42 60 69
31 54 39 34 40 51 33 46 35 59 58 60 69
32 43 38 47 34 40 58 33 46 50 56 60 69
33 52 45 48 39 34 38 51 46 60 61
34 56 58 42 44 59 45 52 60 61
35 43 41 40 57 44 53 55 59 47 60 61
36 51 38 57 59 49 47 53 42 55 61 62
37 47 50 49 56 40 53 46 52 45 61 62
38 45 40 50 53 42 43 55 61 62
39 49 44 51 58 41 42 43 62 63
40 42 48 59 50 46 62 63
41 46 43 44 54 47 51 48 59 62 63
42 53 52 46 56 63 64
43 58 50 54 52 63 64
44 56 48 47 55 53 63 64
45 49 46 50 54 56 64 65
46 51 64 65
47 54 57 58 64 65
48 56 49 57 53 59 54 65 66
49 53 52 58 51 50 65 66
50 52 55 57 65 66
51 53 57 55 66 67
52 54 57 66 67
53 59 66 67
54 56 57 55 67 68
55 57 58 56 67 68
56 59 67 68
57 58 68 69
58 59 68 69
59 68 69
60
61
62
63
64
65
66
67
68
69
