#/usr/local/lib/python3.10/dist-packages/colab_kernel_launcher.py -f /root/.local/share/jupyter/runtime/kernel-6c0fbf18-c276-4b2d-9452-8819c27dba4d.json
# GMT Fri May 24 23:45:24 2024
# 
0 26 15 34 23 10 25 72 89
1 18 7 10 21 14 29 72 89
2 33 35 8 21 28 32 72 73
3 7 9 22 32 8 30 72 73
4 9 13 24 6 12 27 73 74
5 28 6 10 34 18 16 73 74
6 16 32 25 9 74 75
7 16 20 19 28 74 75
8 13 21 15 17 75 76
9 25 17 31 75 76
10 12 28 19 76 77
11 22 14 35 24 28 23 76 77
12 18 30 13 20 77 78
13 35 31 24 77 78
14 31 33 26 23 78 79
15 27 31 35 23 78 79
16 21 25 30 79 80
17 22 31 26 27 79 80
18 30 34 31 80 81
19 35 34 21 33 80 81
20 29 26 35 32 81 82
21 24 81 82
22 33 27 24 82 83
23 25 27 82 83
24 29 83 84
25 32 83 84
26 29 34 84 85
27 29 84 85
28 33 85 86
29 34 85 86
30 33 32 86 87
31 86 87
32 87 88
33 87 88
34 88 89
35 88 89
36 50 69 66 54 70 71 72 89
37 71 46 57 39 63 69 72 89
38 44 69 64 46 58 54 72 73
39 67 70 55 57 62 72 73
40 63 68 42 41 47 65 73 74
41 59 60 49 67 45 73 74
42 44 59 65 67 49 74 75
43 71 52 64 47 61 60 74 75
44 64 53 59 67 75 76
45 55 62 56 58 65 75 76
46 70 63 68 49 76 77
47 49 69 68 57 76 77
48 53 70 66 63 54 65 77 78
49 50 52 77 78
50 51 69 52 55 78 79
51 60 53 71 65 58 78 79
52 53 58 60 79 80
53 66 62 79 80
54 61 68 58 80 81
55 67 56 64 80 81
56 68 59 69 66 81 82
57 70 61 67 81 82
58 62 82 83
59 70 60 82 83
60 62 83 84
61 64 68 66 83 84
62 63 84 85
63 66 84 85
64 71 85 86
65 71 85 86
66 86 87
67 86 87
68 87 88
69 87 88
70 88 89
71 88 89
72
73
74
75
76
77
78
79
80
81
82
83
84
85
86
87
88
89
