#/usr/local/lib/python3.10/dist-packages/colab_kernel_launcher.py -f /root/.local/share/jupyter/runtime/kernel-dea7114a-48f2-47cd-9840-9590734c419b.json
# GMT Thu May 23 21:13:10 2024
# 
0 16 26 28 5 9 11 20 1 19 2 12 6 64 71 72 79
1 5 17 28 20 7 9 2 4 30 13 22 64 71 72 79
2 8 26 28 31 22 17 3 21 20 9 64 71 72 79
3 24 18 26 14 30 16 23 9 21 27 15 64 71 72 79
4 12 29 19 18 27 11 15 24 31 14 7 64 65 72 73
5 10 11 21 7 9 16 20 29 6 30 64 65 72 73
6 10 13 29 22 15 24 17 23 18 7 64 65 72 73
7 17 28 11 9 20 25 31 8 64 65 72 73
8 9 13 24 27 25 30 26 28 23 16 65 66 73 74
9 30 21 16 31 22 65 66 73 74
10 31 26 19 27 12 30 29 18 15 28 65 66 73 74
11 22 24 13 14 31 28 27 12 65 66 73 74
12 18 15 31 26 19 27 25 23 66 67 74 75
13 17 28 30 14 18 20 29 24 66 67 74 75
14 17 26 22 28 27 29 30 20 66 67 74 75
15 16 25 27 31 26 18 22 66 67 74 75
16 31 17 19 21 23 25 67 68 75 76
17 23 20 22 24 19 67 68 75 76
18 19 25 29 22 23 67 68 75 76
19 22 24 26 30 23 67 68 75 76
20 29 26 30 21 68 69 76 77
21 26 28 25 27 24 23 68 69 76 77
22 30 23 68 69 76 77
23 29 24 68 69 76 77
24 25 31 69 70 77 78
25 27 28 31 29 69 70 77 78
26 30 69 70 77 78
27 29 31 69 70 77 78
28 29 70 71 78 79
29 70 71 78 79
30 70 71 78 79
31 70 71 78 79
32 36 49 37 57 59 43 46 56 42 58 55 60 64 71 72 79
33 63 47 58 46 37 42 57 41 61 40 62 45 64 71 72 79
34 36 61 49 45 54 39 50 42 62 48 44 55 64 71 72 79
35 49 54 38 40 41 62 48 44 55 43 36 47 64 71 72 79
36 44 55 62 51 58 38 54 49 37 64 65 72 73
37 47 39 43 63 45 57 51 40 49 64 65 72 73
38 52 62 61 49 42 56 53 55 50 41 64 65 72 73
39 53 46 55 41 45 52 57 61 54 62 64 65 72 73
40 43 59 55 57 63 61 42 60 50 65 66 73 74
41 53 42 44 49 45 59 54 61 65 66 73 74
42 45 52 54 47 48 53 65 66 73 74
43 46 55 60 59 56 52 45 51 65 66 73 74
44 45 63 48 52 60 62 59 51 66 67 74 75
45 53 63 50 61 66 67 74 75
46 58 47 49 60 48 63 51 52 66 67 74 75
47 62 63 59 52 61 51 56 66 67 74 75
48 58 60 54 52 55 57 50 67 68 75 76
49 59 57 56 60 67 68 75 76
50 57 60 53 54 52 59 56 67 68 75 76
51 54 63 55 56 58 62 67 68 75 76
52 58 62 54 68 69 76 77
53 57 63 56 59 58 60 68 69 76 77
54 55 58 68 69 76 77
55 57 68 69 76 77
56 60 61 59 63 69 70 77 78
57 61 60 69 70 77 78
58 62 59 60 69 70 77 78
59 61 69 70 77 78
60 70 71 78 79
61 63 70 71 78 79
62 63 70 71 78 79
63 70 71 78 79
64
65
66
67
68
69
70
71
72
73
74
75
76
77
78
79
