#/usr/local/lib/python3.10/dist-packages/colab_kernel_launcher.py -f /root/.local/share/jupyter/runtime/kernel-ccf9b1d1-ce2b-4d6c-8d13-48aff858ef78.json
# GMT Mon May 27 09:16:04 2024
# 
0 49 53 46 18 11 13 31 1 42 21 120 139
1 45 8 12 21 31 29 4 59 52 120 139
2 55 39 57 50 49 20 7 9 14 21 120 139
3 49 13 31 55 18 6 50 19 47 26 120 121
4 23 18 32 22 45 10 20 51 48 120 121
5 28 7 22 58 16 36 54 59 33 44 120 121
6 55 43 47 31 15 8 56 23 9 121 122
7 26 15 58 34 45 39 38 29 121 122
8 39 54 14 59 33 36 56 22 121 122
9 59 17 51 50 10 12 27 15 122 123
10 34 41 44 26 35 12 16 53 122 123
11 53 25 43 52 22 41 13 30 40 122 123
12 54 35 56 44 59 39 53 123 124
13 33 30 51 42 25 41 54 123 124
14 40 32 35 16 44 41 27 47 123 124
15 32 55 57 30 43 56 37 124 125
16 36 22 49 54 44 33 48 124 125
17 30 44 53 48 59 36 51 49 42 124 125
18 26 38 45 48 27 29 40 125 126
19 52 24 20 42 55 44 37 23 28 125 126
20 55 31 52 46 58 39 48 125 126
21 34 57 50 52 27 40 53 126 127
22 33 32 34 24 37 126 127
23 45 43 38 42 58 28 46 126 127
24 58 28 25 46 47 26 45 56 127 128
25 26 40 35 49 53 30 39 127 128
26 41 36 47 28 127 128
27 43 47 56 32 28 37 128 129
28 53 31 32 36 128 129
29 34 40 42 49 44 39 54 128 129
30 48 43 41 45 33 129 130
31 40 50 39 37 129 130
32 59 34 48 38 129 130
33 37 38 49 59 130 131
34 46 53 35 56 130 131
35 52 40 42 49 58 130 131
36 51 56 42 44 131 132
37 39 57 59 38 131 132
38 53 50 55 43 131 132
39 51 132 133
40 41 42 132 133
41 57 56 51 132 133
42 48 133 134
43 55 47 58 133 134
44 51 133 134
45 57 47 52 134 135
46 52 54 47 59 50 134 135
47 48 134 135
48 57 135 136
49 58 135 136
50 54 55 57 135 136
51 52 57 136 137
52 54 136 137
53 136 137
54 58 137 138
55 57 137 138
56 58 137 138
57 138 139
58 138 139
59 138 139
60 74 107 96 97 65 105 66 72 89 81 120 139
61 84 73 81 92 67 102 86 119 82 107 120 139
62 68 64 96 112 103 108 87 106 115 78 120 139
63 92 94 68 69 101 90 106 117 87 105 120 121
64 101 98 71 82 68 79 72 65 93 120 121
65 69 97 80 93 94 82 102 111 120 121
66 101 115 79 107 116 91 88 97 73 121 122
67 95 88 71 111 76 118 108 114 102 121 122
68 69 97 101 87 81 113 76 121 122
69 95 81 108 76 98 87 85 122 123
70 107 112 109 75 110 81 102 74 77 92 122 123
71 113 90 105 87 73 84 100 76 122 123
72 112 96 114 84 99 118 100 109 123 124
73 90 110 89 75 99 109 94 123 124
74 82 86 104 90 112 100 106 98 123 124
75 83 114 94 107 99 77 86 84 124 125
76 93 90 112 100 85 79 124 125
77 78 91 83 85 94 79 89 111 124 125
78 95 86 99 114 103 91 80 115 125 126
79 95 99 93 91 104 88 125 126
80 91 89 104 86 83 82 94 110 125 126
81 88 103 82 84 106 126 127
82 93 115 103 111 126 127
83 113 92 114 118 115 108 101 126 127
84 93 100 115 117 109 127 128
85 110 102 105 95 91 118 104 127 128
86 117 93 96 88 106 127 128
87 103 102 92 108 91 128 129
88 118 90 112 108 106 128 129
89 96 117 113 92 114 108 128 129
90 101 114 95 113 129 130
91 104 95 97 129 130
92 119 99 116 114 129 130
93 97 101 117 130 131
94 113 99 96 101 130 131
95 113 110 119 130 131
96 117 103 107 100 131 132
97 104 117 119 107 131 132
98 106 110 112 107 105 99 111 131 132
99 106 111 132 133
100 118 115 106 116 132 133
101 119 114 132 133
102 108 111 103 116 133 134
103 111 119 104 133 134
104 108 110 112 133 134
105 107 109 110 114 116 134 135
106 118 134 135
107 119 134 135
108 119 135 136
109 118 115 117 113 116 135 136
110 118 112 135 136
111 116 115 136 137
112 115 136 137
113 119 116 136 137
114 137 138
115 137 138
116 117 118 137 138
117 119 138 139
118 138 139
119 138 139
120
121
122
123
124
125
126
127
128
129
130
131
132
133
134
135
136
137
138
139
