#/usr/local/lib/python3.10/dist-packages/colab_kernel_launcher.py -f /root/.local/share/jupyter/runtime/kernel-2b515d16-c871-48c9-ad2b-cd6ecd503099.json
# GMT Thu May 23 11:07:00 2024
# 
0 1 8 11 5 13 7 9 6 30 34 35 39
1 3 5 9 6 10 7 13 30 34 35 39
2 9 5 8 6 10 4 12 3 30 34 35 39
3 4 7 6 14 11 13 30 31 35 36
4 12 14 9 5 11 10 30 31 35 36
5 10 6 8 12 30 31 35 36
6 14 9 11 31 32 36 37
7 12 13 9 8 14 31 32 36 37
8 12 11 10 13 31 32 36 37
9 11 14 32 33 37 38
10 12 14 13 32 33 37 38
11 14 13 32 33 37 38
12 14 13 33 34 38 39
13 33 34 38 39
14 33 34 38 39
15 20 29 26 27 18 22 24 21 30 34 35 39
16 29 20 27 26 17 22 28 25 30 34 35 39
17 26 28 29 19 22 18 27 30 34 35 39
18 19 20 21 29 24 28 30 31 35 36
19 27 21 20 26 28 23 30 31 35 36
20 24 21 25 23 30 31 35 36
21 27 29 24 26 31 32 36 37
22 25 28 24 23 26 31 32 36 37
23 24 28 27 29 25 31 32 36 37
24 25 29 32 33 37 38
25 27 26 28 32 33 37 38
26 28 32 33 37 38
27 29 33 34 38 39
28 33 34 38 39
29 33 34 38 39
30
31
32
33
34
35
36
37
38
39
