#/usr/local/lib/python3.10/dist-packages/colab_kernel_launcher.py -f /root/.local/share/jupyter/runtime/kernel-dea7114a-48f2-47cd-9840-9590734c419b.json
# GMT Thu May 23 21:12:33 2024
# 
0 14 22 30 28 23 29 64 79
1 7 15 8 3 21 29 64 79
2 30 23 16 31 18 29 64 65
3 25 11 8 24 26 64 65
4 23 30 7 8 19 20 65 66
5 10 27 14 31 6 17 65 66
6 24 22 18 25 9 66 67
7 17 25 13 22 66 67
8 9 26 13 67 68
9 30 27 12 13 67 68
10 23 24 25 31 20 68 69
11 26 28 21 27 12 68 69
12 20 21 24 31 69 70
13 27 23 15 69 70
14 22 24 17 16 70 71
15 27 19 25 20 70 71
16 29 18 22 21 71 72
17 30 22 28 71 72
18 25 28 29 72 73
19 21 31 20 26 72 73
20 29 73 74
21 28 73 74
22 74 75
23 28 74 75
24 26 75 76
25 75 76
26 27 76 77
27 76 77
28 77 78
29 77 78
30 31 78 79
31 78 79
32 58 62 39 61 35 59 64 79
33 55 50 34 56 43 42 64 79
34 53 52 37 50 56 64 65
35 60 45 41 44 53 64 65
36 38 39 40 43 41 63 65 66
37 63 46 54 49 48 65 66
38 47 49 58 43 46 66 67
39 46 42 59 41 66 67
40 58 48 60 42 61 67 68
41 63 60 56 67 68
42 50 45 58 68 69
43 54 55 48 68 69
44 51 49 61 53 47 69 70
45 53 46 57 54 69 70
46 53 61 70 71
47 53 59 51 52 70 71
48 55 56 50 71 72
49 62 56 54 71 72
50 52 58 72 73
51 60 52 55 58 72 73
52 57 63 73 74
53 73 74
54 60 62 74 75
55 57 62 74 75
56 62 75 76
57 59 63 61 75 76
58 76 77
59 60 61 76 77
60 77 78
61 77 78
62 63 78 79
63 78 79
64
65
66
67
68
69
70
71
72
73
74
75
76
77
78
79
