#/usr/local/lib/python3.10/dist-packages/colab_kernel_launcher.py -f /root/.local/share/jupyter/runtime/kernel-6c0fbf18-c276-4b2d-9452-8819c27dba4d.json
# GMT Fri May 24 23:46:54 2024
# 
0 8 14 11 21 16 22 15 23 10 9 48 53 54 59 60 65
1 5 15 2 13 4 10 3 6 23 22 48 53 54 59 60 65
2 22 13 10 14 16 20 9 6 18 48 53 54 59 60 65
3 22 11 13 4 10 19 21 20 15 48 53 54 59 60 65
4 9 22 8 19 21 20 15 10 48 49 54 55 60 61
5 13 17 23 20 9 18 21 14 11 48 49 54 55 60 61
6 18 8 12 19 17 14 7 20 48 49 54 55 60 61
7 12 17 14 23 16 22 9 13 8 48 49 54 55 60 61
8 9 13 17 14 11 15 49 50 55 56 61 62
9 12 17 10 18 49 50 55 56 61 62
10 12 15 17 19 49 50 55 56 61 62
11 22 14 23 16 20 12 49 50 55 56 61 62
12 21 18 23 15 17 50 51 56 57 62 63
13 22 23 18 19 50 51 56 57 62 63
14 15 20 16 50 51 56 57 62 63
15 18 19 50 51 56 57 62 63
16 21 20 17 19 18 51 52 57 58 63 64
17 19 21 51 52 57 58 63 64
18 21 23 51 52 57 58 63 64
19 21 22 51 52 57 58 63 64
20 23 22 52 53 58 59 64 65
21 23 52 53 58 59 64 65
22 52 53 58 59 64 65
23 52 53 58 59 64 65
24 43 29 40 30 39 41 47 34 46 27 48 53 54 59 60 65
25 47 31 35 32 41 43 38 30 44 46 48 53 54 59 60 65
26 28 43 27 35 44 47 46 29 31 42 48 53 54 59 60 65
27 36 47 33 41 32 43 40 38 48 53 54 59 60 65
28 46 47 30 38 40 29 35 41 37 48 49 54 55 60 61
29 36 31 33 40 46 39 35 48 49 54 55 60 61
30 42 34 37 35 45 36 40 48 49 54 55 60 61
31 44 43 35 39 42 40 45 48 49 54 55 60 61
32 33 45 46 44 39 38 47 40 49 50 55 56 61 62
33 47 40 44 45 42 38 34 49 50 55 56 61 62
34 47 36 42 38 35 41 37 49 50 55 56 61 62
35 37 39 43 49 50 55 56 61 62
36 45 42 37 43 38 39 50 51 56 57 62 63
37 41 38 47 42 40 50 51 56 57 62 63
38 43 44 50 51 56 57 62 63
39 44 46 47 42 50 51 56 57 62 63
40 43 51 52 57 58 63 64
41 42 46 45 44 51 52 57 58 63 64
42 45 51 52 57 58 63 64
43 45 51 52 57 58 63 64
44 46 45 52 53 58 59 64 65
45 46 52 53 58 59 64 65
46 52 53 58 59 64 65
47 52 53 58 59 64 65
48
49
50
51
52
53
54
55
56
57
58
59
60
61
62
63
64
65
