#/usr/local/lib/python3.10/dist-packages/colab_kernel_launcher.py -f /root/.local/share/jupyter/runtime/kernel-6c0fbf18-c276-4b2d-9452-8819c27dba4d.json
# GMT Fri May 24 23:58:28 2024
# 
0 5 14 21 3 4 13 17 10 18 9 2 12 44 47 48 51 52 56 57 60 61
1 5 18 9 2 8 4 16 12 21 11 15 10 44 47 48 52 53 56 57 60 61
2 13 8 6 19 3 5 20 7 18 15 44 47 48 52 53 56 57 61
3 16 7 18 8 9 13 4 12 21 15 44 48 49 52 53 56 57 61
4 9 6 8 16 20 5 14 17 13 44 48 49 52 53 57 58 61
5 20 10 19 6 13 11 17 16 44 45 48 49 52 53 57 58 61
6 15 10 17 13 21 20 7 18 16 44 45 48 49 53 54 57 58 61
7 16 12 18 10 20 13 9 19 21 44 45 48 49 53 54 57 58
8 18 13 17 19 20 11 21 16 44 45 49 50 53 54 57 58
9 21 14 19 11 15 17 13 44 45 49 50 53 54 58 59
10 14 13 20 18 16 11 15 45 46 49 50 53 54 58 59
11 19 16 17 15 12 21 18 45 46 49 50 54 55 58 59
12 21 20 16 19 15 14 17 45 46 49 50 54 55 58 59
13 14 19 45 46 50 51 54 55 58 59
14 16 15 17 18 21 20 45 46 50 51 54 55 59 60
15 19 20 18 46 47 50 51 54 55 59 60
16 19 46 47 50 51 55 56 59 60
17 21 20 19 46 47 50 51 55 56 59 60
18 21 46 47 51 52 55 56 59 60
19 20 46 47 51 52 55 56 60 61
20 47 48 51 52 55 56 60 61
21 47 48 51 52 56 57 60 61
22 41 36 33 25 31 37 32 30 23 29 34 28 44 47 48 51 52 56 57 60 61
23 27 40 37 35 33 30 41 32 43 28 36 44 47 48 52 53 56 57 60 61
24 31 35 26 41 32 25 38 43 27 36 29 34 44 47 48 52 53 56 57 61
25 39 34 40 37 33 28 41 38 42 36 44 48 49 52 53 56 57 61
26 34 27 37 29 32 30 41 43 39 38 35 44 48 49 52 53 57 58 61
27 42 35 41 39 32 36 29 28 30 44 45 48 49 52 53 57 58 61
28 30 42 38 43 36 29 31 35 44 45 48 49 53 54 57 58 61
29 36 42 39 40 38 35 33 44 45 48 49 53 54 57 58
30 31 37 39 33 42 38 40 44 45 49 50 53 54 57 58
31 41 39 43 38 33 42 40 35 44 45 49 50 53 54 58 59
32 34 41 38 36 42 33 39 45 46 49 50 53 54 58 59
33 35 37 34 43 40 45 46 49 50 54 55 58 59
34 41 40 35 43 42 37 45 46 49 50 54 55 58 59
35 43 36 39 45 46 50 51 54 55 58 59
36 37 39 40 45 46 50 51 54 55 59 60
37 42 38 40 41 46 47 50 51 54 55 59 60
38 42 39 43 46 47 50 51 55 56 59 60
39 40 41 46 47 50 51 55 56 59 60
40 43 42 46 47 51 52 55 56 59 60
41 43 46 47 51 52 55 56 60 61
42 43 47 48 51 52 55 56 60 61
43 47 48 51 52 56 57 60 61
44
45
46
47
48
49
50
51
52
53
54
55
56
57
58
59
60
61
