#/usr/local/lib/python3.10/dist-packages/colab_kernel_launcher.py -f /root/.local/share/jupyter/runtime/kernel-ccf9b1d1-ce2b-4d6c-8d13-48aff858ef78.json
# GMT Mon May 27 09:17:42 2024
# 
0 14 16 11 2 10 25 9 24 12 21 52 57 58 64 65 70 71
1 16 25 18 17 4 6 21 22 11 7 52 57 58 64 65 70 71
2 24 8 4 19 5 17 25 18 15 52 58 59 64 65 71
3 16 13 25 23 6 5 22 11 9 8 52 58 59 64 65 71
4 5 15 7 17 6 8 18 16 52 53 58 59 65 66 71
5 11 12 22 7 9 16 13 52 53 58 59 65 66 71
6 11 20 24 23 7 25 13 52 53 59 60 65 66
7 19 15 10 23 22 24 52 53 59 60 65 66
8 9 17 10 15 23 12 18 53 54 59 60 66 67
9 19 14 15 20 13 24 53 54 59 60 66 67
10 14 13 23 25 16 24 20 53 54 60 61 66 67
11 14 18 19 13 12 53 54 60 61 66 67
12 21 18 24 20 17 15 54 55 60 61 67 68
13 22 17 20 19 54 55 60 61 67 68
14 22 17 23 19 21 16 54 55 61 62 67 68
15 23 20 17 25 54 55 61 62 67 68
16 21 19 18 55 56 61 62 68 69
17 18 21 55 56 61 62 68 69
18 25 21 55 56 62 63 68 69
19 25 21 22 55 56 62 63 68 69
20 22 24 23 21 56 57 62 63 69 70
21 23 56 57 62 63 69 70
22 25 24 56 57 63 64 69 70
23 24 56 57 63 64 69 70
24 57 58 63 64 70 71
25 57 58 63 64 70 71
26 31 40 39 48 32 35 49 51 36 44 52 57 58 64 65 70 71
27 31 35 44 33 50 30 34 38 40 51 52 57 58 64 65 70 71
28 43 30 45 42 38 37 41 49 39 44 52 58 59 64 65 71
29 34 50 32 30 47 42 31 40 37 41 52 58 59 64 65 71
30 38 34 45 44 35 43 48 52 53 58 59 65 66 71
31 36 45 40 46 48 50 32 52 53 58 59 65 66 71
32 34 36 49 51 46 33 41 52 53 59 60 65 66
33 42 44 43 49 47 35 41 45 52 53 59 60 65 66
34 39 36 37 47 43 51 53 54 59 60 66 67
35 40 47 46 42 39 48 53 54 59 60 66 67
36 40 39 49 48 50 37 53 54 60 61 66 67
37 39 45 46 43 38 42 53 54 60 61 66 67
38 51 49 47 39 41 50 54 55 60 61 67 68
39 46 44 50 54 55 60 61 67 68
40 42 51 48 43 54 55 61 62 67 68
41 44 43 51 45 48 54 55 61 62 67 68
42 46 50 45 49 55 56 61 62 68 69
43 44 48 47 55 56 61 62 68 69
44 45 46 55 56 62 63 68 69
45 49 50 55 56 62 63 68 69
46 48 51 47 56 57 62 63 69 70
47 50 51 49 56 57 62 63 69 70
48 50 56 57 63 64 69 70
49 51 56 57 63 64 69 70
50 57 58 63 64 70 71
51 57 58 63 64 70 71
52
53
54
55
56
57
58
59
60
61
62
63
64
65
66
67
68
69
70
71
