#/usr/local/lib/python3.10/dist-packages/colab_kernel_launcher.py -f /root/.local/share/jupyter/runtime/kernel-6c0fbf18-c276-4b2d-9452-8819c27dba4d.json
# GMT Fri May 24 23:45:26 2024
# 
0 19 16 13 2 12 3 24 6 54 62 63 71
1 25 18 11 17 4 8 19 10 54 62 63 71
2 22 11 21 14 12 5 18 54 62 63 71
3 5 24 17 6 10 21 23 54 55 63 64
4 5 15 25 20 14 9 17 54 55 63 64
5 23 20 18 7 9 54 55 63 64
6 8 19 11 24 23 18 55 56 64 65
7 16 19 25 11 20 9 8 55 56 64 65
8 24 21 15 26 16 55 56 64 65
9 10 12 22 18 24 56 57 65 66
10 23 21 20 11 15 56 57 65 66
11 22 14 25 56 57 65 66
12 17 23 13 15 26 57 58 66 67
13 17 25 20 16 26 22 57 58 66 67
14 26 18 22 21 19 57 58 66 67
15 20 16 17 22 58 59 67 68
16 26 21 19 58 59 67 68
17 23 20 58 59 67 68
18 26 23 59 60 68 69
19 25 26 59 60 68 69
20 22 59 60 68 69
21 26 24 60 61 69 70
22 25 60 61 69 70
23 24 60 61 69 70
24 25 61 62 70 71
25 61 62 70 71
26 61 62 70 71
27 35 47 41 34 37 44 45 48 54 62 63 71
28 50 51 38 31 43 47 44 49 54 62 63 71
29 40 38 46 30 43 53 42 49 54 62 63 71
30 36 52 49 44 31 48 47 54 55 63 64
31 36 32 50 52 48 44 54 55 63 64
32 47 53 39 51 45 35 43 54 55 63 64
33 42 35 38 48 53 37 46 52 55 56 64 65
34 53 37 52 39 45 49 48 55 56 64 65
35 49 38 48 41 37 55 56 64 65
36 46 53 39 40 49 42 56 57 65 66
37 43 49 41 44 56 57 65 66
38 50 47 44 42 56 57 65 66
39 46 48 45 41 51 57 58 66 67
40 53 50 42 43 51 46 57 58 66 67
41 47 52 51 43 57 58 66 67
42 51 50 46 58 59 67 68
43 52 46 58 59 67 68
44 53 46 58 59 67 68
45 47 53 48 51 59 60 68 69
46 59 60 68 69
47 50 59 60 68 69
48 60 61 69 70
49 50 60 61 69 70
50 52 60 61 69 70
51 52 61 62 70 71
52 61 62 70 71
53 61 62 70 71
54
55
56
57
58
59
60
61
62
63
64
65
66
67
68
69
70
71
