#/usr/local/lib/python3.10/dist-packages/colab_kernel_launcher.py -f /root/.local/share/jupyter/runtime/kernel-dea7114a-48f2-47cd-9840-9590734c419b.json
# GMT Thu May 23 16:16:09 2024
# 
0 4 16 13 11 6 15 5 10 7 2 36 39 40 44 45 48 49
1 7 9 13 11 8 4 10 3 5 14 36 39 40 44 45 48 49
2 6 17 4 8 5 10 16 9 7 36 40 41 44 45 49
3 7 10 12 9 6 15 13 8 16 36 40 41 44 45 49
4 15 17 14 12 11 9 13 36 37 40 41 45 46 49
5 10 7 9 16 13 15 14 36 37 40 41 45 46 49
6 8 16 13 10 11 7 15 36 37 41 42 45 46
7 17 14 16 9 36 37 41 42 45 46
8 15 14 11 17 12 13 37 38 41 42 46 47
9 17 10 11 12 37 38 41 42 46 47
10 12 16 14 37 38 42 43 46 47
11 13 14 15 16 37 38 42 43 46 47
12 17 14 13 16 15 38 39 42 43 47 48
13 17 38 39 42 43 47 48
14 15 17 38 39 43 44 47 48
15 17 38 39 43 44 47 48
16 17 39 40 43 44 48 49
17 39 40 43 44 48 49
18 32 21 25 33 26 35 30 23 28 27 36 39 40 44 45 48 49
19 23 20 31 29 35 22 21 24 34 32 36 39 40 44 45 48 49
20 26 24 32 34 30 29 35 31 33 36 40 41 44 45 49
21 26 35 24 22 32 34 29 33 36 40 41 44 45 49
22 24 25 30 32 29 33 34 28 36 37 40 41 45 46 49
23 33 28 25 27 31 32 29 26 36 37 40 41 45 46 49
24 26 31 32 25 34 33 36 37 41 42 45 46
25 28 34 31 27 26 29 36 37 41 42 45 46
26 27 30 28 31 37 38 41 42 46 47
27 32 28 34 29 30 31 37 38 41 42 46 47
28 31 34 29 35 37 38 42 43 46 47
29 33 30 37 38 42 43 46 47
30 35 32 34 33 38 39 42 43 47 48
31 35 33 38 39 42 43 47 48
32 35 38 39 43 44 47 48
33 35 38 39 43 44 47 48
34 35 39 40 43 44 48 49
35 39 40 43 44 48 49
36
37
38
39
40
41
42
43
44
45
46
47
48
49
