#/usr/local/lib/python3.10/dist-packages/colab_kernel_launcher.py -f /root/.local/share/jupyter/runtime/kernel-dea7114a-48f2-47cd-9840-9590734c419b.json
# GMT Thu May 23 16:14:50 2024
# 
0 8 4 6 17 5 22 56 69
1 5 26 13 27 3 23 56 69
2 8 3 5 23 7 18 56 57
3 13 18 4 21 56 57
4 14 11 9 15 57 58
5 22 19 24 57 58
6 15 26 22 14 7 58 59
7 19 11 25 9 58 59
8 9 24 20 27 59 60
9 16 10 15 59 60
10 12 27 21 14 11 60 61
11 19 18 16 60 61
12 17 25 13 22 14 61 62
13 25 20 22 61 62
14 18 21 62 63
15 21 16 26 62 63
16 20 26 23 63 64
17 20 21 19 25 63 64
18 25 20 64 65
19 24 23 64 65
20 25 65 66
21 27 65 66
22 23 66 67
23 24 66 67
24 26 27 67 68
25 67 68
26 27 68 69
27 68 69
28 36 33 48 45 37 49 56 69
29 30 39 48 55 50 53 56 69
30 41 45 31 48 53 56 57
31 50 54 34 55 42 56 57
32 35 36 51 46 37 43 57 58
33 34 38 55 37 47 57 58
34 45 40 35 46 58 59
35 54 46 51 49 58 59
36 42 38 51 50 59 60
37 44 49 46 59 60
38 53 52 51 41 60 61
39 42 52 41 43 40 60 61
40 53 55 48 54 61 62
41 47 45 46 61 62
42 44 52 46 62 63
43 47 51 50 45 62 63
44 49 54 52 55 63 64
45 50 63 64
46 64 65
47 51 53 48 64 65
48 53 65 66
49 54 52 65 66
50 54 66 67
51 66 67
52 55 67 68
53 67 68
54 68 69
55 68 69
56
57
58
59
60
61
62
63
64
65
66
67
68
69
