#/usr/local/lib/python3.10/dist-packages/colab_kernel_launcher.py -f /root/.local/share/jupyter/runtime/kernel-2b515d16-c871-48c9-ad2b-cd6ecd503099.json
# GMT Thu May 23 09:23:09 2024
# 
0 14 18 11 15 17 8 10 7 9 3 13 12 40 44 45 49
1 5 18 9 13 8 19 3 12 11 10 7 16 40 44 45 49
2 11 6 4 19 3 14 17 16 12 9 18 15 40 44 45 49
3 6 15 7 18 17 4 19 8 12 40 44 45 49
4 12 8 5 14 11 15 7 17 13 10 40 41 45 46
5 13 10 7 6 8 19 18 15 17 16 40 41 45 46
6 18 15 8 11 16 19 17 13 9 40 41 45 46
7 16 12 14 9 15 19 11 40 41 45 46
8 9 13 16 11 15 14 41 42 46 47
9 17 14 12 10 16 18 41 42 46 47
10 12 18 13 16 11 15 19 41 42 46 47
11 19 13 17 18 41 42 46 47
12 16 13 14 17 42 43 47 48
13 16 19 18 42 43 47 48
14 16 15 18 17 19 42 43 47 48
15 17 19 42 43 47 48
16 19 43 44 48 49
17 18 43 44 48 49
18 43 44 48 49
19 43 44 48 49
20 24 28 25 34 38 36 33 31 29 37 30 22 40 44 45 49
21 25 22 31 28 24 39 26 36 35 37 30 27 40 44 45 49
22 29 33 24 39 34 23 31 36 38 35 40 44 45 49
23 30 32 26 38 35 28 33 24 39 25 34 40 44 45 49
24 38 37 26 30 39 34 32 27 40 41 45 46
25 37 32 30 27 29 36 26 35 28 40 41 45 46
26 30 28 36 33 37 34 32 29 40 41 45 46
27 39 35 32 37 38 36 33 31 28 40 41 45 46
28 29 38 32 37 34 36 41 42 46 47
29 36 32 38 35 34 30 31 41 42 46 47
30 38 33 39 36 31 41 42 46 47
31 33 34 35 39 32 38 41 42 46 47
32 39 38 35 34 42 43 47 48
33 37 36 39 35 38 42 43 47 48
34 36 35 39 42 43 47 48
35 39 37 42 43 47 48
36 37 43 44 48 49
37 38 39 43 44 48 49
38 43 44 48 49
39 43 44 48 49
40
41
42
43
44
45
46
47
48
49
