#/usr/local/lib/python3.10/dist-packages/colab_kernel_launcher.py -f /root/.local/share/jupyter/runtime/kernel-6c0fbf18-c276-4b2d-9452-8819c27dba4d.json
# GMT Fri May 24 23:46:53 2024
# 
0 8 30 5 21 16 34 13 20 31 24 1 12 72 80 81 89
1 5 15 35 12 31 14 13 21 34 27 28 72 80 81 89
2 6 19 11 15 29 22 24 35 5 23 10 27 72 80 81 89
3 6 24 19 20 7 25 10 29 4 8 21 11 72 80 81 89
4 30 20 26 17 28 13 12 21 16 14 7 72 73 81 82
5 19 28 32 20 34 12 31 33 21 72 73 81 82
6 11 34 30 32 17 28 24 21 20 18 72 73 81 82
7 10 18 16 22 11 32 29 25 19 8 72 73 81 82
8 9 13 27 20 22 30 19 17 26 73 74 82 83
9 10 28 32 34 22 35 23 33 18 12 31 73 74 82 83
10 34 27 24 35 23 12 25 18 73 74 82 83
11 16 25 26 27 31 12 30 29 73 74 82 83
12 25 35 14 33 23 74 75 83 84
13 27 14 17 26 28 25 19 20 74 75 83 84
14 22 15 34 35 18 30 25 21 74 75 83 84
15 16 25 29 27 22 31 33 32 28 74 75 83 84
16 29 33 17 35 27 30 19 75 76 84 85
17 30 23 34 25 20 29 21 75 76 84 85
18 26 28 32 22 34 29 33 75 76 84 85
19 35 24 29 27 32 75 76 84 85
20 26 28 23 31 76 77 85 86
21 35 33 23 30 76 77 85 86
22 26 28 33 30 29 76 77 85 86
23 27 24 31 33 32 76 77 85 86
24 35 33 25 32 34 77 78 86 87
25 26 28 77 78 86 87
26 30 35 31 34 77 78 86 87
27 31 33 77 78 86 87
28 35 78 79 87 88
29 34 32 78 79 87 88
30 32 78 79 87 88
31 33 32 78 79 87 88
32 79 80 88 89
33 79 80 88 89
34 79 80 88 89
35 79 80 88 89
36 40 41 62 71 50 67 69 44 48 65 64 39 72 80 81 89
37 70 69 42 50 43 38 49 63 47 64 53 58 72 80 81 89
38 44 61 70 51 58 71 64 50 69 59 63 72 80 81 89
39 51 45 66 52 43 61 65 40 44 56 62 72 80 81 89
40 66 57 54 56 70 49 60 48 67 43 72 73 81 82
41 57 59 43 54 50 49 63 67 42 55 44 72 73 81 82
42 61 67 44 57 46 71 48 56 52 49 72 73 81 82
43 46 55 59 58 45 48 65 51 72 73 81 82
44 71 68 46 61 66 57 52 73 74 82 83
45 66 53 46 64 70 71 54 65 63 51 73 74 82 83
46 62 71 55 59 68 47 64 49 73 74 82 83
47 66 53 64 54 63 71 60 67 48 57 73 74 82 83
48 53 61 63 58 60 69 59 74 75 83 84
49 59 50 70 67 54 58 51 74 75 83 84
50 60 57 66 68 67 69 61 74 75 83 84
51 52 60 56 65 68 62 55 74 75 83 84
52 67 60 54 64 59 56 70 55 75 76 84 85
53 57 56 63 65 66 58 69 70 75 76 84 85
54 62 55 68 63 59 69 75 76 84 85
55 70 65 57 66 61 68 75 76 84 85
56 58 60 65 62 64 66 76 77 85 86
57 67 69 62 66 76 77 85 86
58 62 61 63 70 69 76 77 85 86
59 62 64 65 66 76 77 85 86
60 62 71 67 63 61 77 78 86 87
61 70 62 69 77 78 86 87
62 67 77 78 86 87
63 68 64 77 78 86 87
64 71 70 78 79 87 88
65 71 68 66 78 79 87 88
66 78 79 87 88
67 68 78 79 87 88
68 70 69 71 79 80 88 89
69 71 79 80 88 89
70 79 80 88 89
71 79 80 88 89
72
73
74
75
76
77
78
79
80
81
82
83
84
85
86
87
88
89
