#/usr/local/lib/python3.10/dist-packages/colab_kernel_launcher.py -f /root/.local/share/jupyter/runtime/kernel-2b515d16-c871-48c9-ad2b-cd6ecd503099.json
# GMT Thu May 23 09:44:51 2024
# 
0 1 7 11 3 9 6 24 29
1 2 5 7 10 4 24 29
2 9 5 8 4 3 24 25
3 7 6 8 11 24 25
4 9 7 10 11 25 26
5 11 6 9 8 25 26
6 7 8 10 26 27
7 10 26 27
8 10 11 27 28
9 10 11 27 28
10 28 29
11 28 29
12 13 16 19 14 17 21 24 29
13 23 14 18 16 22 24 29
14 16 23 17 15 24 25
15 16 19 22 20 21 24 25
16 18 20 25 26
17 19 21 22 23 25 26
18 22 20 23 21 26 27
19 21 20 23 26 27
20 22 21 27 28
21 27 28
22 23 28 29
23 28 29
24
25
26
27
28
29
