#/usr/local/lib/python3.10/dist-packages/colab_kernel_launcher.py -f /root/.local/share/jupyter/runtime/kernel-dea7114a-48f2-47cd-9840-9590734c419b.json
# GMT Thu May 23 16:16:04 2024
# 
0 23 21 9 15 25 27 1 14 3 24 8 2 56 62 63 69
1 13 17 19 3 5 6 10 2 4 11 15 56 62 63 69
2 6 4 26 20 22 7 21 14 23 9 56 62 63 69
3 17 24 18 26 10 14 16 25 4 21 56 62 63 69
4 12 27 18 13 5 24 19 14 10 56 57 63 64
5 21 7 13 18 14 11 6 27 25 20 56 57 63 64
6 11 12 26 10 22 24 7 25 9 56 57 63 64
7 17 9 20 23 25 13 24 8 19 56 57 63 64
8 25 16 20 13 17 10 12 11 15 26 57 58 64 65
9 19 26 21 23 16 25 20 22 57 58 64 65
10 27 18 19 12 25 21 11 57 58 64 65
11 14 15 18 22 24 12 16 57 58 64 65
12 17 18 20 26 21 19 15 58 59 65 66
13 27 17 23 16 21 20 24 58 59 65 66
14 22 17 24 23 20 21 58 59 65 66
15 16 18 21 26 17 22 24 58 59 65 66
16 20 26 18 23 25 27 59 60 66 67
17 18 23 27 19 59 60 66 67
18 19 26 27 59 60 66 67
19 24 27 20 23 59 60 66 67
20 23 22 60 61 67 68
21 22 27 60 61 67 68
22 26 23 25 24 60 61 67 68
23 26 60 61 67 68
24 25 61 62 68 69
25 27 61 62 68 69
26 27 61 62 68 69
27 61 62 68 69
28 47 35 37 54 45 30 42 44 41 50 34 38 56 62 63 69
29 37 41 38 47 31 42 51 40 53 49 50 55 56 62 63 69
30 34 47 48 33 46 52 45 38 44 51 37 56 62 63 69
31 35 45 41 52 47 33 42 40 39 34 48 56 62 63 69
32 40 47 36 53 54 43 46 45 42 33 35 44 56 57 63 64
33 35 44 52 46 55 51 50 36 49 56 57 63 64
34 51 40 47 52 39 49 35 48 53 56 57 63 64
35 38 43 40 49 53 55 50 56 57 63 64
36 52 39 38 48 53 54 49 50 51 46 57 58 64 65
37 54 49 45 51 44 46 55 43 52 57 58 64 65
38 44 40 42 47 46 43 41 57 58 64 65
39 51 47 44 53 46 41 42 55 49 57 58 64 65
40 45 55 52 41 43 42 58 59 65 66
41 54 53 49 48 50 52 58 59 65 66
42 43 44 48 53 47 58 59 65 66
43 51 44 46 52 45 47 58 59 65 66
44 54 45 55 59 60 66 67
45 50 55 48 54 59 60 66 67
46 54 50 48 52 59 60 66 67
47 52 54 59 60 66 67
48 53 54 49 55 60 61 67 68
49 50 51 55 60 61 67 68
50 51 55 53 60 61 67 68
51 54 55 60 61 67 68
52 53 61 62 68 69
53 54 61 62 68 69
54 61 62 68 69
55 61 62 68 69
56
57
58
59
60
61
62
63
64
65
66
67
68
69
