#/usr/local/lib/python3.10/dist-packages/colab_kernel_launcher.py -f /root/.local/share/jupyter/runtime/kernel-dea7114a-48f2-47cd-9840-9590734c419b.json
# GMT Thu May 23 21:12:56 2024
# 
0 8 23 14 55 49 51 5 59 34 39 47 13 20 17 128 143
1 53 2 41 63 28 51 9 35 26 54 21 23 6 15 128 143
2 42 61 15 34 40 6 22 17 35 10 16 12 46 128 143
3 40 33 16 6 32 39 58 53 55 27 41 38 63 56 128 143
4 19 56 34 60 9 44 37 46 30 59 25 61 22 43 128 129
5 26 41 14 45 47 56 31 6 23 62 18 61 46 128 129
6 48 50 21 26 60 28 10 20 54 62 128 129
7 56 9 55 17 13 57 50 20 18 12 27 47 15 24 128 129
8 9 37 14 53 24 43 61 46 10 38 11 21 16 129 130
9 53 15 37 39 50 33 20 40 12 62 129 130
10 52 20 47 37 14 24 48 62 39 46 53 129 130
11 26 22 41 16 51 39 28 32 43 24 38 47 31 129 130
12 29 55 21 22 49 61 23 30 14 19 26 130 131
13 46 30 15 52 54 29 38 56 17 51 23 34 130 131
14 53 15 42 63 59 47 17 57 29 130 131
15 44 43 42 57 27 36 38 18 130 131
16 44 48 55 45 38 36 47 22 23 30 131 132
17 44 29 35 19 21 23 58 50 49 131 132
18 26 44 28 56 60 63 51 35 39 32 52 131 132
19 45 56 41 21 47 24 59 27 38 35 23 131 132
20 56 60 48 50 22 58 43 38 45 132 133
21 45 59 37 41 52 40 35 27 132 133
22 26 28 46 25 59 49 40 41 132 133
23 34 61 27 40 50 46 132 133
24 33 63 62 25 40 56 51 30 61 133 134
25 29 48 36 42 49 58 50 60 53 62 57 133 134
26 44 60 35 34 31 38 33 133 134
27 55 50 36 63 56 33 34 57 133 134
28 60 50 56 31 37 32 58 42 53 134 135
29 32 41 33 45 40 31 58 60 48 134 135
30 36 47 43 39 59 34 63 54 32 134 135
31 60 51 35 45 54 47 49 42 46 134 135
32 60 41 43 52 48 54 42 50 135 136
33 37 44 42 47 57 46 45 61 135 136
34 40 55 43 46 36 51 135 136
35 52 44 59 45 63 49 135 136
36 63 50 40 37 54 39 42 46 136 137
37 44 51 43 62 56 49 136 137
38 59 47 44 41 54 136 137
39 59 48 55 61 54 51 136 137
40 58 53 62 57 137 138
41 62 58 52 43 137 138
42 48 63 47 57 53 137 138
43 52 54 58 50 137 138
44 52 50 60 49 138 139
45 61 55 57 58 52 138 139
46 62 51 138 139
47 49 138 139
48 49 51 61 55 63 139 140
49 62 59 52 139 140
50 52 139 140
51 52 54 139 140
52 58 140 141
53 55 56 59 58 140 141
54 59 57 61 140 141
55 61 57 63 140 141
56 62 141 142
57 59 62 60 141 142
58 61 60 141 142
59 141 142
60 63 142 143
61 142 143
62 63 142 143
63 142 143
64 94 124 78 119 111 100 108 117 107 96 116 84 86 83 128 143
65 120 108 124 69 90 99 78 73 82 66 110 84 68 107 128 143
66 103 107 117 101 78 108 69 87 71 73 119 81 115 128 143
67 95 101 94 71 89 99 103 76 121 110 114 98 90 102 128 143
68 83 75 79 124 101 112 103 100 118 81 76 69 125 128 129
69 79 82 78 98 91 104 97 85 81 70 121 128 129
70 114 107 116 97 106 115 120 86 108 82 104 124 122 128 129
71 102 112 92 124 110 114 123 84 89 111 97 94 128 129
72 73 91 122 92 126 119 99 77 89 95 93 102 87 108 129 130
73 83 127 86 103 121 96 125 77 79 100 99 129 130
74 98 84 102 86 97 99 94 93 103 82 80 114 106 121 129 130
75 78 94 120 108 112 80 110 119 103 102 86 106 125 129 130
76 98 124 127 119 91 100 111 77 88 120 79 80 130 131
77 91 122 117 90 93 81 104 92 78 83 98 130 131
78 87 80 123 100 115 125 98 102 130 131
79 94 89 93 92 123 106 125 121 117 101 130 131
80 120 126 103 111 95 107 94 118 84 110 131 132
81 116 114 123 104 91 111 113 96 85 118 131 132
82 83 102 87 105 127 122 118 107 100 88 131 132
83 123 111 92 126 107 109 84 106 115 131 132
84 104 120 105 122 97 96 109 95 132 133
85 98 123 105 116 106 89 119 127 110 122 124 108 132 133
86 99 97 127 89 91 106 112 113 109 132 133
87 113 112 115 117 114 118 120 88 122 91 132 133
88 123 116 91 96 104 113 90 125 94 102 109 133 134
89 100 93 124 92 96 122 113 117 133 134
90 112 119 92 103 118 109 127 113 99 101 133 134
91 100 126 95 98 109 108 133 134
92 101 121 108 98 119 107 114 134 135
93 125 123 108 107 113 117 124 119 112 134 135
94 127 119 124 125 122 95 134 135
95 127 111 100 118 106 108 121 124 134 135
96 120 116 118 106 115 111 103 121 135 136
97 101 123 99 114 124 105 107 125 135 136
98 121 103 107 116 106 135 136
99 112 126 121 102 118 106 135 136
100 112 114 118 102 117 136 137
101 107 126 103 122 114 118 120 136 137
102 110 106 107 116 136 137
103 127 117 109 136 137
104 105 111 122 125 106 110 117 119 137 138
105 123 124 118 125 117 109 110 121 116 137 138
106 120 137 138
107 126 137 138
108 109 114 119 138 139
109 127 119 121 113 115 138 139
110 112 126 113 122 115 138 139
111 117 123 127 115 116 138 139
112 115 113 120 121 139 140
113 115 122 118 125 139 140
114 126 125 117 139 140
115 126 127 120 139 140
116 121 126 123 120 140 141
117 125 140 141
118 122 140 141
119 126 140 141
120 126 141 142
121 141 142
122 141 142
123 124 127 141 142
124 142 143
125 142 143
126 127 142 143
127 142 143
128
129
130
131
132
133
134
135
136
137
138
139
140
141
142
143
