#main.py
# GMT Tue Jun 11 14:55:09 2024
# 
13 88 65 78 45 22 35 100 90 67 80 57 24 12 14 46 82 59 49 26 94 48 25 28 70 73 27 40 30 8 85 39 75 52 19 74 51 2 54 31 44 21 96 0 99 76 53 20 56 33 98 208 209
88 95 46 98 79 97 23 4 26 70 24 76 27 57 8 89 41 77 58 18 5 16 90 103 33 63 55 39 102 20 72 53 34 86 84 11 14 25 28 9 1 93 80 31 42 15 45 59 81 62 213 214
32 101 29 78 45 58 100 90 57 34 70 47 4 7 102 79 92 21 82 59 24 72 8 71 61 38 18 30 2 60 73 63 40 19 3 85 62 17 52 42 74 77 25 76 26 89 66 43 9 98 27 209 210
101 62 65 46 79 11 25 26 56 7 9 89 54 76 90 41 91 5 35 68 33 63 55 36 69 20 99 50 34 103 86 67 100 84 30 16 47 0 1 31 61 12 42 64 15 94 48 78 29 51 214 215
24 97 14 87 64 9 12 15 53 89 66 98 78 35 4 7 90 67 57 70 47 8 79 46 59 36 49 26 91 18 81 94 2 48 38 28 16 103 19 3 60 96 73 85 62 75 52 11 208 209
97 27 57 8 71 103 74 77 58 91 102 5 19 52 3 33 63 55 6 85 17 39 69 72 34 86 67 84 30 11 44 47 28 9 80 12 42 45 75 29 92 65 23 26 56 7 37 10 21 214 215
16 93 60 50 40 17 95 11 14 39 75 1 12 15 41 54 31 99 76 53 43 20 23 7 78 68 22 35 100 8 90 44 80 34 47 102 69 46 49 26 5 0 58 94 3 48 61 6 208 209
93 68 19 52 3 33 39 20 51 53 65 99 11 14 25 47 28 31 42 64 76 48 78 29 60 62 92 46 79 91 23 56 10 89 40 70 21 55 57 87 38 90 41 71 72 74 58 2 98 214 215
17 58 71 48 61 5 28 103 70 60 3 73 27 6 95 72 42 19 84 51 87 14 41 54 21 96 12 15 66 43 20 33 55 45 22 100 77 67 57 34 47 69 46 59 36 49 91 81 208 209
58 48 50 98 65 34 46 77 11 14 44 26 9 76 40 12 66 42 79 27 57 41 91 68 100 67 23 5 7 37 92 69 6 36 82 8 39 20 81 71 84 18 2 33 15 211 212
36 71 48 84 38 11 83 60 50 40 28 9 1 31 12 15 72 62 74 87 77 54 4 26 53 10 66 43 56 27 98 78 55 68 90 67 103 70 47 22 3 69 33 59 6 20 94 209 210
71 50 53 74 87 67 76 89 28 9 61 98 42 64 45 59 46 90 103 23 26 56 92 82 21 43 54 27 91 38 60 94 18 83 73 5 49 95 72 85 3 33 75 63 55 212 213
29 68 100 77 18 57 70 5 79 0 92 69 22 46 6 49 91 61 38 51 103 96 50 40 28 9 1 12 95 72 15 62 75 52 42 74 41 44 86 99 53 43 10 33 27 65 55 209 210
47 80 70 9 1 31 12 102 45 69 82 49 46 81 48 84 61 51 23 4 60 73 21 38 85 41 62 52 87 64 2 19 86 0 76 53 39 20 68 30 11 90 103 210 211
80 90 9 31 61 64 15 45 78 59 51 92 82 4 7 10 21 43 83 96 27 8 38 41 95 77 98 18 2 5 35 87 49 0 22 3 33 55 6 99 89 34 67 91 30 14 213 214
40 41 2 5 86 99 0 89 22 3 56 39 98 20 65 100 30 67 57 14 70 25 9 102 79 92 46 49 81 48 61 51 4 83 26 60 7 37 21 27 38 85 62 52 210 211
41 21 27 8 74 39 87 64 77 54 53 56 5 98 22 103 34 79 30 11 69 59 14 49 9 1 31 12 84 61 60 96 73 50 63 23 72 62 75 37 65 210 211
11 14 89 79 9 56 69 26 91 15 103 60 50 5 30 3 72 85 6 39 75 84 74 51 87 64 18 54 31 21 63 66 20 1 98 55 100 77 67 44 34 208 215
14 69 82 81 94 48 38 15 28 18 83 60 96 50 4 7 10 85 42 19 87 77 31 2 99 76 66 43 20 56 78 55 68 22 35 25 100 90 67 34 208 209
9 90 34 102 79 69 2 26 5 91 81 0 48 15 83 37 73 27 72 49 85 52 31 21 96 76 30 66 43 20 10 98 65 42 45 35 77 208 215
90 31 12 64 15 45 75 81 99 26 56 37 91 21 54 76 38 60 103 74 77 102 18 92 35 68 94 82 63 66 20 53 96 67 84 95 98 28 213 214
68 59 51 62 96 85 23 25 56 21 74 54 57 77 38 86 99 76 79 2 4 5 19 49 22 3 33 63 66 50 102 82 28 81 1 94 61 12 84 42 15 45 212 213
21 64 7 54 10 99 53 66 43 18 45 22 35 2 5 77 19 34 89 102 79 69 91 38 28 12 83 60 73 50 82 85 52 42 74 4 51 208 209
64 43 54 67 103 57 8 60 70 102 92 82 35 94 19 49 84 3 63 55 53 73 86 85 75 44 25 31 61 12 74 87 15 48 76 46 23 4 78 56 10 211 212
73 74 87 35 49 22 52 33 55 6 76 66 89 39 50 53 34 100 44 28 1 61 42 45 48 79 92 51 82 94 23 26 37 10 70 83 96 57 38 95 98 212 213
74 75 57 38 60 87 77 18 2 99 89 49 33 6 78 66 91 39 69 20 50 51 44 102 25 31 61 15 48 59 65 46 4 56 95 85 43 212 213
6 84 61 38 51 28 83 96 27 63 72 0 85 1 75 3 52 65 42 87 54 8 44 86 99 76 66 43 33 10 78 55 45 25 100 67 34 70 5 69 82 208 215
84 39 92 69 83 94 18 35 49 0 31 96 3 33 63 78 20 50 62 34 65 79 30 25 43 99 15 45 76 27 59 60 77 91 4 37 70 82 213 214
2 50 30 7 95 85 62 75 52 31 96 99 76 56 10 98 65 78 55 45 22 100 77 67 44 57 37 89 92 69 46 48 15 5 18 103 70 1 208 215
50 94 61 19 3 103 33 60 39 96 63 72 85 62 52 30 25 1 31 77 12 15 99 89 66 56 98 78 43 27 8 38 102 92 59 18 210 211
3 15 28 63 30 72 1 85 51 87 31 44 96 86 99 76 89 43 56 33 10 65 78 22 100 67 57 4 102 79 69 46 0 49 81 208 215
15 25 100 67 103 70 102 82 59 26 91 18 83 96 27 63 95 62 75 19 7 10 87 77 31 99 89 66 33 5 35 208 209
62 78 91 18 67 103 49 0 52 55 92 82 34 44 25 83 28 96 31 61 12 45 48 72 85 65 46 23 56 7 37 76 43 89 8 98 211 212
22 28 53 75 42 10 87 8 77 54 31 86 99 76 89 33 23 5 78 55 91 0 35 57 34 70 102 79 69 59 49 26 1 81 94 38 51 208 209
28 34 20 79 46 59 49 94 25 38 83 30 95 72 75 23 26 7 10 31 44 27 8 99 53 89 66 43 56 65 18 45 77 209 210
75 18 4 5 35 92 49 82 55 66 39 91 81 72 67 103 30 83 96 61 12 45 48 59 51 65 77 99 76 25 37 10 54 57 8 212 213
65 91 100 103 4 37 10 54 55 92 69 8 38 39 53 35 49 1 31 48 51 98 34 46 87 30 25 61 12 89 79 27 59 60 212 213
4 96 63 53 30 43 20 33 0 10 1 42 55 45 87 67 44 57 34 102 79 69 81 25 38 103 70 83 37 7 72 39 52 54 8 208 215
96 99 5 35 19 52 82 54 8 38 39 69 20 34 86 103 49 31 61 63 81 92 95 25 26 56 89 27 59 60 23 214 215
78 100 103 23 7 92 10 82 70 43 76 38 60 77 18 83 5 19 95 33 98 39 69 34 86 25 89 1 31 61 12 48 91 213 214
43 87 54 44 23 26 86 99 46 8 55 91 45 18 70 35 102 33 92 69 82 72 39 48 61 51 63 1 95 85 98 210 211
87 54 27 57 38 60 77 99 89 98 35 19 82 33 63 55 85 66 72 102 92 25 1 12 45 48 51 81 46 56 37 213 214
48 39 20 100 67 30 102 82 44 25 49 42 81 45 46 60 53 23 85 37 98 52 8 54 99 18 89 55 33 210 211
25 89 56 46 91 61 38 10 12 70 83 27 95 72 39 94 7 51 19 63 76 30 33 98 35 100 1 57 208 209
99 23 26 56 7 37 89 70 54 27 8 38 91 5 35 52 66 39 72 83 86 1 61 12 42 45 214 215
7 63 5 53 66 20 23 100 77 57 34 37 89 102 79 92 69 46 1 81 61 103 70 83 60 30 95 85 39 19 18 54 31 208 215
95 5 35 19 0 52 33 55 66 69 102 72 53 34 86 67 30 44 1 94 59 51 92 46 98 79 26 56 37 89 54 76 8 77 214 215
59 30 77 67 44 70 31 102 79 92 69 51 46 61 23 10 63 27 8 85 18 35 49 0 86 76 55 39 20 98 53 211 212
18 30 39 52 42 19 51 54 31 44 0 56 98 55 35 100 57 37 12 49 26 81 61 103 83 27 63 208 209
30 82 5 49 19 91 61 38 20 83 72 85 12 54 44 53 66 23 10 55 45 27 35 67 103 57 34 209 210
46 98 44 26 31 67 42 45 102 69 94 23 61 10 60 8 63 85 5 0 54 86 76 53 89 210 211
98 91 37 55 57 72 35 49 0 33 94 66 51 81 34 67 79 44 31 61 12 42 92 214 215
70 77 31 63 86 45 51 100 26 12 54 27 60 92 82 91 81 94 23 5 35 103 52 55 20 53 72 212 213
77 42 27 100 23 89 52 54 66 8 81 69 72 53 67 82 19 0 94 51 34 86 212 213
49 103 83 60 63 85 0 1 52 45 86 56 55 67 57 102 69 19 91 94 39 20 61 210 211
103 0 31 61 81 34 79 44 12 76 27 60 5 35 37 55 8 39 72 102 53 86 67 100 214 215
5 63 19 44 86 76 53 89 20 10 67 57 102 79 92 69 82 26 91 81 94 61 208 215
61 67 102 79 69 1 12 83 72 56 37 10 27 57 76 89 19 0 211 212
10 31 44 86 53 89 66 20 56 8 57 102 82 0 26 39 81 94 38 51 60 27 63 1 72 208 215
31 37 8 69 91 94 51 19 0 83 63 42 54 86 56 23 26 209 210
42 100 57 89 102 35 0 33 81 83 60 82 72 85 1 52 12 51 54 86 63 76 53 66 23 26 55 210 211
100 94 45 92 23 26 37 57 38 72 91 0 52 82 33 55 66 69 20 51 81 83 34 86 44 1 214 215
0 83 37 27 39 52 19 94 8 63 66 23 45 12 57 34 1 89 79 56 92 69 91 38 208 215
20 81 94 38 83 60 8 72 85 39 54 44 19 1 86 53 56 55 35 34 92 82 91 208 209
81 51 53 34 67 44 102 1 82 45 79 23 26 56 85 76 38 72 52 33 63 55 66 213 214
39 94 51 83 86 19 1 33 85 34 54 44 26 79 56 27 45 23 60 37 210 211
94 72 53 86 67 1 12 79 23 26 37 89 54 27 8 38 35 19 52 82 63 55 214 215
23 86 76 53 89 66 33 45 35 37 102 92 69 82 19 38 52 51 44 208 209
86 26 37 54 55 57 8 69 72 35 52 82 33 53 89 44 1 12 60 102 213 214
51 8 38 92 82 44 1 33 63 26 52 55 27 76 56 35 19 210 211
35 60 72 52 44 8 76 89 66 56 67 57 102 34 79 82 38 209 210
60 52 53 66 91 1 12 45 69 56 27 57 8 38 83 63 85 211 212
38 34 1 45 67 57 37 91 8 83 72 85 52 19 209 210
54 8 66 55 19 57 34 102 92 82 1 63 72 85 26 37 211 212
27 76 66 56 91 67 1 34 12 102 79 92 72 26 63 209 210
19 83 85 52 44 53 89 56 33 55 1 45 57 102 79 82 91 208 209
89 12 76 52 92 82 85 83 34 44 63 213 214
44 12 79 92 69 8 82 83 37 33 72 1 66 56 57 210 211
91 12 45 76 57 56 37 55 85 72 53 83 67 33 214 215
12 67 57 34 37 102 79 92 69 26 76 53 55 208 215
34 1 83 56 55 45 33 67 79 92 82 209 210
57 45 37 67 102 79 82 33 55 83 211 212
67 45 83 26 37 85 76 66 69 82 212 213
8 76 53 66 79 92 26 1 83 63 72 52 208 215
45 79 69 26 63 72 85 52 76 66 56 210 211
63 37 52 33 76 66 26 56 79 69 82 211 212
76 26 52 66 102 92 72 53 212 213
92 1 102 79 37 82 33 85 66 53 83 214 215
26 53 37 79 69 82 83 85 209 210
69 83 85 37 52 33 53 212 213
83 52 33 55 72 1 56 37 102 213 214
79 1 102 37 53 52 33 66 213 214
53 37 85 66 1 82 211 212
1 85 33 208 215
72 33 37 55 102 212 213
56 66 37 102 52 55 85 211 212
52 85 33 102 82 37 211 212
66 37 85 55 102 82 212 213
37 102 82 85 209 210
82 213 214
33 55 102 209 210
102 85 214 215
55 85 211 212
85 213 214
117 192 182 136 172 149 139 115 171 141 206 196 150 163 140 153 130 120 195 185 162 175 152 142 132 108 122 197 187 177 167 110 199 176 156 133 146 123 188 201 158 148 125 200 104 190 203 170 160 137 127 208 209
192 199 169 201 160 141 114 147 177 158 180 203 131 161 112 142 164 145 181 162 106 109 139 120 172 207 107 186 137 159 110 121 143 154 176 187 190 171 134 115 118 148 151 105 135 165 200 168 149 182 213 214
136 205 133 195 172 162 204 194 171 174 151 127 141 109 196 173 126 186 140 176 153 143 112 198 152 188 197 106 200 154 120 123 107 119 166 179 156 146 178 145 181 115 203 129 180 130 193 147 150 202 209 210
205 169 199 150 202 200 127 130 160 113 174 177 158 180 131 161 191 164 194 145 197 195 122 109 153 186 137 110 189 140 170 121 173 203 157 187 138 207 171 188 148 120 151 184 116 119 198 149 201 133 214 215
128 201 118 168 145 135 113 105 148 116 119 190 203 193 170 147 137 202 127 108 181 111 138 174 141 112 206 183 173 186 163 185 162 155 120 207 123 197 187 164 177 110 154 131 144 124 189 179 133 146 188 208 209
201 131 145 175 197 181 122 206 109 172 123 126 156 167 189 121 143 173 154 176 157 138 190 171 115 118 202 151 113 105 165 116 179 182 133 163 204 185 166 196 200 108 130 160 111 125 177 214 215
120 197 154 131 144 121 199 115 118 156 133 113 188 119 178 168 145 125 190 167 203 180 124 127 202 111 114 149 139 112 171 148 184 138 193 196 173 150 163 106 109 195 185 198 110 142 208 209
197 153 104 156 186 121 204 124 155 185 157 171 188 129 151 105 135 165 116 168 149 179 133 164 207 181 206 127 130 160 114 193 125 147 159 161 191 142 194 145 176 178 162 122 109 214 215
140 175 152 142 134 115 118 164 177 129 167 113 105 116 119 189 166 156 169 178 191 145 181 158 148 127 190 111 203 157 114 125 160 112 159 149 204 174 123 126 196 173 110 121 153 138 185 198 209 210
175 170 138 178 191 118 193 148 132 113 165 202 146 168 149 133 166 169 184 127 108 206 183 196 186 174 147 131 161 195 112 142 185 145 188 162 177 106 109 139 123 153 176 156 107 137 167 159 212 213
132 171 110 206 196 173 186 153 185 115 198 152 165 129 142 113 207 187 164 177 134 199 176 189 166 143 127 108 130 178 155 111 191 168 114 200 131 112 203 157 147 160 202 122 182 172 106 181 104 209 210
171 105 146 149 185 152 188 166 150 187 127 108 130 160 111 199 176 144 125 179 158 159 131 142 181 139 153 202 182 110 195 124 138 169 194 207 184 174 134 206 183 173 186 212 213
133 149 139 181 194 122 161 109 206 123 183 104 196 150 163 195 198 152 207 115 187 118 154 167 129 119 189 143 179 178 191 158 135 190 203 130 180 170 114 160 125 131 159 209 210
151 184 161 113 105 146 206 119 173 150 185 198 152 165 127 141 164 177 167 142 199 145 166 179 156 169 178 191 168 106 158 139 190 104 180 107 170 143 202 182 159 195 172 204 194 118 210 211
184 194 135 165 119 149 179 163 206 196 166 186 183 185 188 127 108 130 111 141 114 174 125 177 158 180 131 161 142 178 199 122 106 139 172 123 153 126 137 159 203 143 154 176 118 148 213 214
144 145 158 106 148 109 190 123 203 126 107 137 160 110 121 202 182 172 149 162 204 134 115 118 135 116 173 150 163 185 198 152 165 155 108 187 130 164 141 154 131 199 176 189 156 146 178 168 210 211
145 131 112 178 191 203 157 193 122 147 106 109 202 104 126 172 107 137 162 121 124 194 183 134 173 113 195 188 165 155 200 177 154 167 176 130 166 179 156 114 210 211
109 187 200 177 107 154 131 167 121 134 199 166 156 191 135 125 203 157 170 124 160 114 169 182 159 162 116 129 204 194 161 138 118 196 150 185 198 152 188 106 122 208 215
187 153 137 167 159 110 170 173 124 154 138 200 134 115 202 118 129 113 105 165 168 191 163 155 185 166 150 183 108 130 111 174 147 177 180 131 204 161 112 142 181 106 213 214
162 199 152 202 150 178 118 129 160 190 203 114 146 147 182 204 194 174 139 125 156 159 173 110 186 163 143 124 185 198 188 165 122 134 164 177 123 153 105 107 137 119 211 212
199 139 172 123 153 104 126 107 186 137 189 170 173 124 176 157 115 135 146 168 119 149 182 163 166 196 202 183 127 108 193 125 147 177 158 131 161 112 164 181 214 215
154 195 106 139 165 123 153 155 107 164 143 200 177 176 179 156 115 118 148 129 188 191 105 158 146 152 157 193 170 150 182 159 130 204 161 131 174 142 196 186 210 211
195 155 166 169 183 134 115 118 135 165 116 146 147 177 119 203 131 161 191 163 194 150 127 108 160 111 141 172 114 126 189 112 206 173 122 198 106 123 107 168 182 214 215
125 168 158 114 190 203 137 127 202 169 182 172 139 181 161 138 110 121 193 124 206 183 196 150 153 198 115 129 118 207 105 116 164 134 176 189 143 188 178 108 208 209
168 158 194 161 142 174 206 196 173 186 122 106 123 153 156 137 167 159 177 138 134 115 169 148 105 135 165 116 146 119 149 181 203 150 193 183 108 111 114 211 212
177 178 139 181 172 104 126 137 167 159 110 121 193 143 173 157 182 148 207 135 116 206 183 163 196 130 114 200 147 161 164 202 122 212 213
178 179 158 203 180 139 172 123 104 126 107 167 110 182 170 143 173 155 157 204 207 134 115 118 206 113 105 135 119 149 188 150 200 130 160 111 147 212 213
137 142 207 130 167 146 191 148 190 203 180 123 193 170 147 126 160 110 121 169 182 159 172 149 204 181 134 115 138 118 113 183 116 196 150 119 163 209 210
142 110 155 124 138 203 180 157 105 182 135 172 149 119 194 148 161 193 183 127 108 130 141 152 131 165 112 174 164 167 106 189 166 156 104 146 126 209 210
123 207 167 176 106 189 166 143 179 156 191 148 203 180 193 147 127 202 169 159 172 105 126 139 204 181 138 206 153 130 111 114 185 152 155 208 209
207 104 105 135 165 167 198 152 166 196 169 150 183 115 118 129 160 114 193 116 146 163 181 127 108 111 141 156 186 110 189 170 124 203 206 157 190 122 106 214 215
129 138 119 193 173 150 163 130 172 115 152 165 113 114 174 164 131 186 153 146 198 127 155 191 135 110 112 124 157 134 170 179 122 182 139 118 181 104 194 161 208 209
138 113 105 185 116 155 164 200 167 176 108 179 156 111 114 131 191 190 180 147 106 107 139 110 121 204 124 174 141 196 134 150 186 163 118 153 209 210
143 185 152 165 122 106 200 139 167 104 135 107 202 179 124 156 191 134 115 180 193 114 160 116 182 159 172 149 204 161 164 108 111 206 196 186 163 112 210 211
185 157 115 118 148 206 113 105 186 135 165 149 179 152 182 188 183 127 130 141 147 202 158 112 164 106 139 193 153 156 167 159 121 213 214
106 121 134 111 156 146 113 155 158 112 200 203 170 124 160 169 182 172 126 139 204 148 161 193 196 163 153 130 107 198 105 208 215
118 141 206 183 113 105 116 152 155 108 131 114 176 166 179 156 146 188 181 148 157 193 170 124 169 172 126 204 174 208 209
179 204 122 139 206 153 186 156 167 121 173 124 198 115 104 135 165 116 152 155 188 169 181 190 130 160 111 113 147 202 131 161 112 164 212 213
170 127 160 114 200 158 131 161 122 153 126 190 203 193 121 124 182 172 115 204 148 194 113 135 116 146 119 149 206 183 152 163 155 169 198 212 213
108 200 167 203 180 124 104 202 169 159 126 139 116 204 194 148 193 183 196 130 152 119 174 141 131 153 110 113 198 122 158 135 112 208 215
200 141 156 159 176 157 204 122 188 134 104 165 107 119 198 149 121 152 155 166 196 169 115 160 114 193 174 116 147 180 163 164 194 181 214 215
155 172 124 194 134 196 148 163 176 104 135 119 149 198 165 150 190 130 189 202 114 156 116 159 147 181 203 193 160 127 139 141 126 210 211
152 204 194 161 134 196 176 153 135 149 188 157 127 111 189 141 166 156 131 158 190 203 122 180 193 183 139 126 172 210 211
119 110 161 174 206 183 173 150 186 153 115 105 165 164 167 121 134 156 111 191 181 112 148 190 157 147 160 159 172 126 139 208 209
161 105 135 191 149 190 203 180 141 158 112 174 206 183 173 198 165 153 126 156 107 110 164 157 189 134 169 148 211 212
163 172 181 174 146 186 150 127 141 164 114 167 147 158 189 166 122 191 153 104 190 126 203 156 107 180 121 124 169 182 211 212
172 166 114 191 131 181 180 193 183 182 153 107 159 110 194 174 157 206 105 198 135 165 116 188 149 212 213
122 134 107 110 176 166 188 135 148 190 180 193 202 169 159 149 204 194 141 113 114 173 153 130 112 198 164 131 167 208 209
134 150 153 107 198 121 165 124 167 176 189 105 146 188 191 135 180 193 160 127 113 169 182 149 131 139 204 209 210
150 202 159 130 204 194 147 131 183 186 188 165 111 141 114 126 110 112 189 156 139 191 181 104 107 124 193 210 211
202 130 160 141 174 126 158 189 173 157 190 139 107 167 121 182 169 148 204 105 193 165 116 147 149 194 166 214 215
174 181 135 107 167 190 203 121 193 166 204 130 160 147 158 131 164 186 198 111 141 159 110 112 124 157 189 188 148 212 213
181 116 146 131 191 183 111 126 182 173 124 176 157 194 186 104 105 107 167 121 166 190 130 113 212 213
149 204 194 183 186 130 111 153 114 147 198 164 167 139 189 166 156 121 191 190 180 160 113 146 210 211
158 191 147 190 180 160 159 139 153 126 194 110 121 183 196 173 115 148 198 113 165 146 164 176 189 127 130 111 211 212
194 135 116 182 166 169 183 127 114 193 147 180 112 191 164 206 196 139 104 126 156 159 121 157 148 213 214
146 204 148 206 183 139 153 104 165 124 164 176 189 105 135 116 191 190 203 180 160 111 141 113 114 182 159 210 211
204 198 182 160 111 141 114 112 191 126 107 186 189 173 124 203 157 115 206 113 105 135 214 215
166 182 139 153 104 126 156 159 110 173 186 124 198 113 165 167 176 127 160 111 141 203 147 112 211 212
182 169 160 111 141 183 114 186 131 188 104 126 107 189 167 121 173 191 135 165 213 214
104 164 141 111 189 156 110 113 198 188 191 112 167 203 157 147 124 126 139 116 115 206 183 196 130 107 165 208 215
116 141 193 206 196 186 130 114 198 164 121 176 188 110 135 203 147 127 115 169 159 113 126 105 208 215
135 141 112 206 186 126 164 167 176 189 156 169 115 191 190 180 147 127 130 209 210
127 190 203 147 160 111 113 114 159 112 141 206 183 186 153 126 110 165 115 176 156 208 209
190 141 147 189 131 173 176 156 107 167 191 124 157 188 115 148 113 165 164 183 206 213 214
141 167 105 180 147 169 159 115 148 113 193 112 165 107 186 121 124 188 191 209 210
105 206 173 153 110 188 165 167 111 176 189 113 191 112 115 157 193 160 159 126 139 208 215
169 114 156 206 159 110 196 173 112 186 176 157 198 188 107 121 191 115 113 180 147 164 212 213
110 131 111 124 176 107 156 113 112 115 180 193 160 183 196 153 130 198 208 215
173 198 188 115 148 191 111 114 193 183 112 139 153 126 156 167 159 121 124 212 213
198 124 157 206 188 165 196 160 193 147 180 112 203 153 156 107 186 214 215
112 188 191 157 193 159 126 206 186 130 165 164 131 121 189 156 208 215
188 196 157 153 165 167 121 191 148 160 147 193 131 164 156 186 213 214
131 180 124 147 113 183 196 186 176 165 130 111 164 157 189 209 210
114 148 124 160 139 196 186 153 130 164 121 113 189 156 191 208 215
148 196 153 139 111 164 167 124 176 189 156 191 203 180 157 159 130 210 211
107 167 121 111 189 191 115 180 147 124 160 159 139 206 183 196 130 165 208 215
191 164 126 186 159 189 176 157 196 213 214
124 189 156 180 157 160 139 115 113 206 183 186 208 209
203 111 147 180 164 139 153 126 159 176 157 165 206 214 215
139 167 176 189 111 180 147 160 196 186 209 210
153 115 193 111 113 159 206 126 210 211
121 164 176 189 115 180 157 160 159 126 193 206 183 196 130 208 209
165 157 196 186 113 160 180 126 211 212
115 206 130 164 186 176 156 180 159 126 208 215
206 196 130 111 180 186 189 157 214 215
167 159 189 130 160 147 193 183 196 211 212
147 180 159 126 196 176 164 157 210 211
196 183 160 126 156 186 189 176 214 215
113 193 183 160 164 176 189 180 157 126 208 215
157 130 111 126 193 183 186 176 211 212
180 130 183 164 126 156 159 176 212 213
111 159 126 193 183 186 130 176 189 156 208 215
156 211 212
159 186 176 211 212
130 193 183 189 209 210
176 189 160 186 212 213
186 189 213 214
164 126 193 183 160 211 212
193 189 183 213 214
183 160 189 213 214
160 189 211 212
126 208 209
189 213 214
208
209
210
211
212
213
214
215
