#main.py
# GMT Tue Jun 11 14:49:31 2024
# 
15 21 3 14 16 25 6 9 1 12 4 20 24 19 7 23 10 2 27 8 22 0 11 17 26 57 58 61 62
21 7 18 22 10 26 2 5 13 8 19 11 0 25 14 3 24 23 17 9 1 20 12 4 58 59 62 63
7 17 16 11 2 5 25 20 24 10 19 0 14 23 9 6 1 18 27 13 22 4 8 56 57 60 61
17 10 25 2 20 24 5 19 13 23 16 8 11 3 14 18 27 6 26 9 1 4 57 58 61 62
18 26 8 3 16 6 0 11 1 25 20 19 23 9 10 2 12 4 5 13 27 22 57 58 61 62
26 5 24 13 16 8 19 11 0 22 14 3 25 6 9 1 20 23 12 27 4 58 59 62 63
8 9 2 5 27 13 22 12 0 16 11 3 1 24 4 10 19 14 23 56 57 60 61
9 0 3 25 20 24 6 10 19 14 1 4 27 22 2 12 5 16 56 57 60 61
0 5 14 23 27 4 13 22 3 12 16 2 25 20 6 24 1 10 56 59 60 63
5 3 22 12 16 25 1 11 6 4 20 24 10 19 14 23 13 56 59 60 63
14 11 24 19 3 23 6 1 12 4 27 16 25 10 2 20 57 58 61 62
11 23 10 2 4 27 13 22 12 16 3 6 25 20 24 19 56 57 60 61
23 22 3 25 24 1 20 12 10 2 27 4 13 19 58 59 62 63
10 27 22 3 12 6 16 25 1 20 19 2 13 56 57 60 61
27 2 22 24 13 16 19 25 6 1 20 12 4 58 59 62 63
3 6 24 19 2 4 13 22 12 16 25 20 56 59 60 63
6 24 19 13 4 22 2 12 16 25 20 1 56 59 60 63
24 1 20 12 25 4 2 13 19 22 58 59 62 63
16 2 22 13 25 20 19 1 12 4 57 58 61 62
25 4 19 2 22 13 1 58 59 62 63
22 2 13 19 1 20 12 58 59 62 63
2 13 12 20 4 1 56 59 60 63
19 1 12 13 20 57 58 61 62
13 1 20 12 4 56 57 60 61
12 20 1 4 56 57 60 61
20 4 57 58 61 62
4 1 56 59 60 63
1 56 59 60 63
43 49 42 31 44 53 37 29 40 32 48 52 47 51 46 38 30 33 41 55 36 50 28 39 54 57 58 61 62
49 35 46 55 50 38 54 30 33 44 47 36 28 39 42 31 34 51 45 37 29 48 40 32 58 59 62 63
35 45 54 40 44 39 30 33 53 48 52 47 28 42 37 31 34 29 46 55 41 50 32 36 56 57 60 61
45 53 30 48 52 47 33 41 51 44 39 28 31 42 46 55 34 50 54 37 29 40 32 57 58 61 62
46 54 31 42 44 34 39 29 53 48 52 47 51 37 38 30 32 33 41 55 50 57 58 61 62
54 38 30 33 41 52 36 47 28 39 50 42 53 34 37 29 48 40 51 55 58 59 62 63
36 37 30 33 55 41 50 40 28 44 39 31 34 29 53 48 52 32 38 42 51 56 57 60 61
37 28 31 53 39 52 34 38 47 42 29 32 51 55 50 40 33 44 56 57 60 61
28 33 42 51 32 41 50 31 40 44 30 53 39 34 52 29 38 47 56 59 60 63
33 55 50 44 53 39 34 32 48 30 52 38 47 42 51 41 56 59 60 63
42 52 31 51 34 29 40 32 55 44 53 38 30 41 48 57 58 61 62
39 51 38 30 32 55 41 50 40 44 31 53 48 52 47 56 57 60 61
51 50 31 34 53 52 29 48 38 30 55 32 44 47 58 59 62 63
38 55 50 31 40 34 44 53 29 32 52 47 30 41 56 57 60 61
55 30 50 41 52 47 31 53 29 48 40 32 58 59 62 63
31 34 52 47 30 41 50 40 44 53 29 48 56 59 60 63
34 52 47 41 32 50 30 40 44 53 48 29 56 59 60 63
52 29 48 40 32 41 44 47 50 58 59 62 63
44 30 50 41 53 48 47 29 40 57 58 61 62
40 30 53 48 47 41 50 29 32 56 57 60 61
53 32 47 50 41 29 48 58 59 62 63
50 30 41 48 32 58 59 62 63
30 41 48 47 32 29 56 59 60 63
47 29 32 41 48 57 58 61 62
41 29 48 32 56 57 60 61
48 32 29 57 58 61 62
29 32 56 59 60 63
32 56 59 60 63
56
57
58
59
60
61
62
63
