#/usr/local/lib/python3.10/dist-packages/colab_kernel_launcher.py -f /root/.local/share/jupyter/runtime/kernel-dea7114a-48f2-47cd-9840-9590734c419b.json
# GMT Thu May 23 21:26:15 2024
# 
7 17 16 11 86 58 62 71 80 48 75 25 34 52 20 47 42 19 3 88 83 13 4 192 193
17 62 71 57 75 43 56 42 5 37 84 79 92 60 46 73 82 59 54 6 9 15 193 194
67 68 28 1 61 23 45 65 86 76 85 94 40 2 80 84 62 16 52 74 69 78 47 202 203
68 2 93 5 13 35 92 57 72 60 86 90 76 85 12 25 64 53 26 45 56 18 202 203
16 84 60 78 73 41 50 59 18 22 40 30 77 72 58 85 62 39 25 28 89 193 194
84 55 36 19 88 39 1 58 33 63 25 48 10 4 32 94 18 40 71 35 205 206
15 39 14 9 85 1 53 4 24 42 23 79 5 46 55 50 77 45 54 49 0 26 193 194
39 85 62 71 89 61 79 42 32 46 93 21 92 22 73 77 6 54 36 8 197 198
59 73 32 57 8 49 91 81 90 3 62 71 80 66 61 47 28 1 56 18 87 200 201
73 70 74 83 32 57 46 49 0 14 25 6 85 75 58 31 72 4 10 203 204
70 47 11 58 61 33 25 45 72 89 9 40 29 4 35 19 2 22 74 52 87 44 202 203
55 21 56 5 24 8 30 41 14 33 47 36 58 9 31 50 23 4 34 37 94 200 201
5 65 69 46 27 8 44 21 11 4 90 71 57 75 52 61 33 51 88 192 207
65 88 47 69 78 30 11 1 33 64 53 9 81 51 62 75 93 10 40 29 52 201 202
28 94 22 71 61 25 29 47 1 12 23 18 82 32 50 63 31 21 19 81 195 196
36 80 75 52 42 13 37 27 19 88 22 74 92 3 46 82 44 1 31 81 197 198
80 90 69 31 12 72 26 56 75 78 21 51 35 87 91 79 14 44 33 204 205
77 90 94 12 51 32 93 35 30 29 14 71 13 74 82 86 61 25 95 48 203 204
90 1 31 53 34 37 92 89 29 8 38 60 22 3 94 82 44 25 206 207
29 50 45 6 91 12 86 89 47 2 21 24 11 0 74 60 69 22 195 196
50 40 43 85 24 62 89 57 66 8 11 41 6 93 92 87 1 19 199 200
40 2 44 32 24 27 11 85 94 89 66 3 52 42 12 79 83 197 198
21 46 26 35 13 82 86 72 58 85 0 34 9 89 79 92 60 194 195
46 22 24 69 30 19 11 58 14 95 72 53 32 34 56 2 198 199
94 0 1 12 72 26 83 89 2 51 35 87 38 11 22 41 206 207
58 95 48 76 85 71 4 34 18 27 30 22 54 8 38 200 201
95 31 12 64 34 56 45 18 37 86 10 78 51 13 92 57 30 0 79 93 206 207
11 23 88 56 10 92 51 60 2 37 4 6 71 42 192 193
23 0 71 6 20 37 79 9 10 51 69 87 64 82 45 54 30 19 194 195
0 9 92 51 60 41 4 8 91 63 72 81 85 44 30 10 192 207
6 66 3 52 38 19 93 79 88 69 64 49 26 20 1 62 192 193
66 47 75 31 12 64 53 79 10 74 2 78 51 43 13 54 44 63 25 202 203
74 75 27 38 14 3 44 93 88 87 20 51 48 76 85 43 203 204
33 38 47 37 25 93 31 64 82 18 49 32 76 71 48 43 52 196 197
38 83 92 69 20 64 12 45 54 91 86 72 85 44 61 30 3 197 198
41 51 2 32 24 27 69 22 3 54 63 9 12 76 26 53 52 56 197 198
51 14 63 49 20 79 12 60 32 19 88 199 200
47 52 61 31 26 83 18 60 10 54 63 43 14 198 199
83 13 49 22 89 43 82 44 63 69 20 31 12 53 34 91 48 204 205
2 27 13 22 26 3 81 48 61 4 79 92 78 192 207
3 24 92 60 87 82 45 13 30 1 62 57 34 192 207
32 92 87 82 14 24 35 19 8 89 75 43 196 197
92 35 27 30 69 34 48 10 43 206 207
14 19 18 78 82 4 26 91 76 85 62 48 8 193 194
54 88 78 87 13 52 44 25 71 75 42 4 53 18 200 201
88 8 49 22 82 44 76 42 4 53 91 81 62 205 206
22 69 26 81 48 75 52 61 42 194 195
31 85 89 52 56 42 9 45 1 35 12 18 196 197
43 60 78 45 1 4 86 81 76 89 48 79 24 19 198 199
60 13 27 57 8 78 64 86 42 48 79 201 202
24 87 49 9 1 35 20 25 91 86 72 62 71 195 196
75 61 76 85 26 34 48 30 49 82 63 203 204
78 86 81 25 12 72 45 56 37 79 48 87 204 205
87 35 76 27 8 30 49 69 42 45 10 205 206
13 64 27 45 63 86 89 48 34 42 19 193 194
35 45 63 44 86 81 53 57 42 12 26 196 197
1 53 19 37 18 93 64 63 192 207
62 12 42 4 26 45 76 71 57 93 201 202
71 20 64 37 27 85 89 63 202 203
69 81 85 93 20 12 64 18 48 202 203
48 49 53 20 86 37 199 200
49 10 8 91 85 53 61 42 56 18 37 199 200
81 82 91 61 12 56 10 30 44 63 25 204 205
45 72 8 61 25 26 37 198 199
9 44 34 61 10 19 93 79 56 64 27 91 192 193
52 79 42 26 34 72 8 57 61 199 200
61 86 89 82 57 44 201 202
86 56 37 57 30 63 64 205 206
82 76 93 20 25 53 56 204 205
27 64 91 63 72 19 25 76 37 18 195 196
91 56 76 10 19 44 72 25 26 20 206 207
20 72 76 34 37 4 10 64 30 25 194 195
72 4 89 8 30 53 203 204
85 42 4 76 205 206
10 26 12 53 42 19 79 192 193
12 76 4 193 194
19 93 64 53 194 195
56 34 93 64 30 63 200 201
44 93 79 89 57 198 199
57 79 64 63 76 8 30 25 200 201
93 8 79 26 18 76 206 207
76 53 89 203 204
53 34 18 37 199 200
26 8 37 63 195 196
8 34 42 192 193
37 34 4 30 197 198
25 63 195 196
89 63 64 18 205 206
63 34 201 202
64 18 201 202
79 18 204 205
18 42 194 195
4 34 192 207
42 198 199
34 30 196 197
30 196 197
163 164 173 105 138 100 160 141 103 168 172 190 167 156 128 142 126 104 148 184 188 121 162 202 203
164 136 125 158 150 165 183 161 178 168 107 118 159 132 154 116 185 146 108 111 133 106 202 203
122 126 106 191 177 101 112 153 162 171 166 143 138 124 133 142 188 97 160 173 108 145 154 195 196
126 189 184 161 160 101 120 123 187 99 168 181 190 185 124 113 135 144 148 97 116 196 197
155 160 125 98 142 115 145 134 96 118 168 177 181 121 143 157 124 97 154 100 141 114 144 200 201
160 101 109 123 142 185 118 110 102 189 97 119 108 174 183 149 130 144 106 201 202
132 158 185 144 162 98 148 117 101 138 115 118 179 99 174 183 146 159 127 130 177 181 197 198
158 170 179 113 165 169 173 157 136 191 177 172 101 167 176 171 104 145 107 102 184 201 202
112 189 111 175 170 179 133 151 169 146 114 109 117 186 190 149 167 144 162 130 139 115 193 194
189 142 173 96 107 186 175 159 143 182 116 157 138 114 161 144 125 190 139 188 206 207
111 135 110 172 97 176 162 130 143 103 128 114 180 175 184 109 156 183 142 137 140 193 194
135 177 186 172 113 124 185 139 166 156 130 98 184 151 109 182 102 150 159 134 107 197 198
173 108 147 176 139 180 175 133 172 123 117 148 188 104 145 116 159 144 106 203 204
166 169 162 104 165 99 177 186 124 136 119 100 128 131 133 115 170 179 188 148 110 202 203
169 179 174 109 150 115 156 167 121 102 172 113 185 119 168 149 103 144 106 184 203 204
103 131 117 187 167 176 144 148 143 138 106 96 185 184 151 97 146 114 150 100 192 193
131 170 165 98 150 128 109 140 168 172 181 129 167 185 171 102 157 138 105 97 119 196 197
185 97 121 181 152 114 105 144 147 177 161 123 180 175 170 205 206
125 146 141 121 113 105 154 172 181 176 98 129 133 101 184 107 179 188 142 178 195 196
146 139 181 190 167 171 148 145 96 102 180 170 179 165 183 141 144 106 199 200
124 190 176 129 113 180 100 165 183 151 128 106 98 187 115 104 168 107 195 196
190 176 108 191 171 98 117 147 177 100 142 118 186 137 178 140 170 206 207
165 191 128 109 120 150 167 96 99 110 184 105 154 116 178 182 136 202 203
191 138 168 187 114 182 106 139 128 120 161 180 145 96 156 186 129 159 162 206 207
107 119 180 147 156 98 133 142 128 114 141 113 182 149 153 162 116 192 193
119 96 110 172 167 144 148 157 134 120 129 175 156 98 151 101 109 115 194 195
96 105 161 147 113 117 187 159 145 181 149 176 130 134 102 97 192 207
136 150 154 140 101 120 104 181 153 139 148 157 121 102 113 100 161 174 133 197 198
106 123 141 108 117 102 105 172 100 149 130 139 157 151 192 193
123 117 156 137 101 149 102 177 186 172 105 144 130 152 100 138 188 114 195 196
137 138 147 120 170 183 142 145 154 97 116 187 168 100 149 167 114 171 152 161 197 198
138 178 182 186 154 149 97 116 180 184 188 183 128 115 198 199
170 120 175 142 104 145 118 183 187 157 147 182 177 117 172 203 204
147 182 177 143 145 121 181 153 180 148 100 151 128 120 142 188 199 200
98 128 127 113 177 186 153 157 116 152 180 175 184 174 192 207
128 110 109 141 159 99 149 157 105 143 175 184 196 197
141 117 187 109 182 186 172 149 167 115 144 152 121 105 151 154 198 199
179 109 153 182 148 110 180 121 151 105 127 108 168 184 188 174 204 205
177 127 114 133 174 117 109 134 168 151 113 204 205
140 143 152 108 101 175 184 188 174 115 104 159 118 99 97 116 172 121 162 198 199
143 161 184 133 183 151 187 159 117 120 142 104 182 186 181 198 199
129 152 180 116 161 156 187 154 181 104 167 144 153 171 130 148 157 118 196 197
152 187 113 182 97 127 153 114 133 105 188 156 174 183 115 159 200 201
186 176 127 149 130 187 117 161 180 134 118 178 206 207
110 99 114 180 105 97 156 142 100 150 145 167 162 171 116 134 193 194
99 120 133 100 175 151 127 104 121 187 154 149 167 162 157 116 192 207
120 174 142 150 108 121 100 114 117 130 157 134 180 195 196
139 156 174 151 105 145 127 182 172 117 144 180 115 104 134 198 199
156 150 142 104 188 154 116 127 172 176 144 201 202
162 167 154 116 108 100 184 188 183 187 118 148 202 203
167 127 188 178 150 153 171 121 202 203
174 172 115 159 121 113 157 168 130 171 133 183 204 205
109 188 113 187 168 153 171 130 134 105 180 193 194
144 97 182 153 171 178 199 200
175 151 104 118 168 149 108 182 181 176 180 117 204 205
188 134 159 102 154 116 187 206 207
117 118 182 149 97 108 100 194 195
151 101 150 184 148 178 102 172 176 200 201
113 171 130 161 183 114 102 127 145 193 194
105 176 153 121 130 127 101 183 192 193
176 97 116 180 100 101 183 150 134 121 204 205
150 161 145 134 118 187 121 153 116 108 200 201
157 182 102 168 171 127 149 178 104 201 202
182 130 171 181 118 102 205 206
102 142 101 178 154 104 181 97 192 193
178 153 115 134 145 159 116 127 168 130 114 181 204 205
161 184 115 134 168 159 121 149 171 133 201 202
121 134 171 183 168 195 196
172 97 127 168 115 203 204
134 184 108 159 154 149 148 197 198
127 149 153 171 101 115 118 187 196 197
108 159 130 148 115 104 145 97 100 193 194
133 159 168 181 153 130 183 115 145 197 198
97 171 145 192 207
184 148 116 187 205 206
148 100 114 168 101 180 199 200
101 142 159 118 181 149 153 192 207
142 104 181 171 130 198 199
171 116 181 203 204
168 130 203 204
154 100 130 114 153 187 159 200 201
159 115 114 201 202
130 196 197
153 183 114 181 118 200 201
118 115 104 145 149 180 194 195
180 149 205 206
104 183 145 100 192 193
181 183 205 206
187 115 145 206 207
149 199 200
116 114 194 195
114 100 194 195
115 194 195
100 192 207
145 183 199 200
183 205 206
192
193
194
195
196
197
198
199
200
201
202
203
204
205
206
207
