#/usr/local/lib/python3.10/dist-packages/colab_kernel_launcher.py -f /root/.local/share/jupyter/runtime/kernel-dea7114a-48f2-47cd-9840-9590734c419b.json
# GMT Thu May 23 16:38:11 2024
# 
13 88 65 78 22 90 47 37 12 16 58 5 93 63 6 8 52 19 97 74 87 44 1 86 3 89 23 196 197
88 56 10 40 57 60 41 77 58 16 19 49 0 52 6 85 17 34 84 44 47 1 80 15 51 32 207 208
17 58 71 2 16 93 0 50 27 6 95 75 51 21 12 76 33 23 35 77 90 34 24 89 59 26 197 198
58 85 50 65 46 56 42 29 23 37 52 69 6 36 59 8 72 53 2 83 60 19 3 33 203 204
28 67 22 3 20 79 92 69 49 91 12 93 70 60 73 40 62 24 96 53 66 43 56 65 68 35 5 199 200
67 61 64 60 96 73 4 26 24 55 27 57 8 87 16 3 36 91 68 50 34 30 11 14 25 47 204 205
29 32 68 35 57 70 19 92 22 59 81 93 60 14 50 63 1 95 97 23 53 66 43 56 33 21 199 200
32 78 91 80 23 69 21 82 36 8 20 81 94 71 84 93 73 1 42 74 44 76 26 56 12 199 200
47 80 31 15 69 72 71 48 4 73 10 40 24 8 65 97 76 3 66 6 34 91 68 11 201 202
80 64 48 92 65 79 26 56 7 21 96 86 60 74 85 63 55 39 89 20 72 53 44 25 206 207
5 83 73 7 9 54 11 86 89 66 56 65 45 22 4 90 57 92 69 46 82 36 94 48 61 196 209
83 19 52 84 72 34 96 11 85 44 1 31 12 51 81 46 23 4 10 40 70 21 73 71 92 206 207
68 62 96 95 40 43 97 24 87 38 86 76 2 35 91 3 20 30 31 61 84 15 45 204 205
21 64 76 18 35 2 77 19 44 3 20 46 59 49 81 9 70 60 37 82 39 51 198 199
64 38 70 41 82 2 35 16 94 71 33 63 55 6 95 85 75 65 97 87 48 66 56 10 204 205
10 54 43 55 25 90 57 34 70 79 69 82 3 71 18 60 96 30 85 75 42 19 97 196 197
54 97 40 43 8 96 76 0 3 6 57 39 70 50 53 59 30 91 44 25 94 15 63 72 84 202 203
22 73 50 63 85 77 44 86 2 16 0 70 92 11 36 26 14 39 94 71 48 38 51 198 199
97 87 41 2 16 82 63 55 36 66 39 69 11 14 44 31 61 26 56 40 208 209
74 75 27 60 41 77 76 89 0 52 33 78 90 11 9 61 42 15 94 93 4 26 7 43 205 206
75 90 18 2 35 79 19 49 33 6 66 39 81 14 1 95 45 51 65 86 7 43 27 205 206
65 93 70 37 24 36 81 49 3 48 50 30 25 9 89 66 15 45 27 204 205
78 90 7 40 82 76 57 38 41 77 18 35 19 49 0 33 69 20 86 25 12 15 48 59 206 207
51 91 57 70 18 59 16 49 0 84 61 46 53 95 85 40 87 79 56 23 4 202 203
91 81 89 31 57 87 23 4 56 37 70 82 6 39 69 72 35 1 96 63 208 209
43 87 77 44 4 76 66 46 19 69 72 34 81 94 30 14 25 60 85 52 201 202
87 27 60 35 6 36 39 69 53 86 92 30 61 42 15 45 59 23 56 207 208
16 70 40 95 11 62 39 19 18 31 23 8 90 44 34 59 71 25 38 197 198
70 77 59 25 56 40 41 94 23 4 6 8 72 2 44 205 206
1 90 79 92 59 26 6 48 61 18 96 63 40 7 62 42 9 44 86 12 196 209
90 42 81 23 4 7 27 77 49 0 3 39 20 50 34 86 84 14 207 208
77 12 76 71 4 24 55 36 38 69 53 30 2 49 33 63 48 95 206 207
71 39 69 50 34 14 89 25 31 61 48 79 24 41 84 93 18 6 205 206
36 84 61 60 63 40 9 31 52 41 56 27 2 35 46 59 6 94 200 201
84 92 72 18 0 31 62 79 14 9 12 42 73 45 59 23 52 24 207 208
40 44 53 11 25 82 59 93 60 50 63 27 8 62 200 201
81 53 93 30 44 25 9 12 45 94 96 7 76 27 8 38 55 66 206 207
39 94 61 18 93 31 33 85 42 66 79 46 55 45 49 38 200 201
94 69 20 34 42 15 92 79 95 56 37 73 2 35 63 85 208 209
12 34 69 82 4 7 93 30 62 3 41 18 76 66 23 11 45 196 197
3 73 27 95 72 62 9 41 53 89 66 20 49 61 38 196 209
61 20 53 92 11 25 9 31 96 4 26 24 57 76 35 203 204
73 76 66 89 50 72 53 34 30 31 45 62 82 46 4 38 60 205 206
85 93 35 95 63 69 72 25 31 15 79 4 26 7 24 41 207 208
69 44 9 96 31 37 24 79 18 19 53 204 205
19 93 30 95 52 41 53 66 20 56 55 25 79 46 26 197 198
93 82 20 34 14 44 42 23 56 27 41 72 86 208 209
11 89 79 56 46 26 37 4 52 42 18 66 33 23 45 57 196 197
89 25 18 4 7 37 49 52 33 38 20 86 2 0 48 62 207 208
20 48 60 30 52 2 0 33 9 34 37 15 92 49 197 198
50 33 34 95 30 15 46 56 55 7 37 24 57 38 92 82 202 203
35 63 62 27 8 86 76 53 2 37 82 59 30 200 201
44 24 27 82 37 95 30 14 76 15 201 202
27 66 55 14 25 34 15 49 48 60 8 30 52 198 199
42 18 46 0 6 34 60 72 62 52 76 37 55 45 38 201 202
2 30 62 41 86 33 45 24 92 59 26 48 196 209
62 18 52 33 53 14 96 9 63 15 7 24 57 41 203 204
4 63 76 53 66 56 23 48 6 41 196 209
63 33 30 31 15 45 66 46 56 92 204 205
23 76 9 45 18 30 72 14 15 31 198 199
76 26 18 55 66 14 25 9 205 206
92 14 79 26 7 96 57 49 0 6 72 86 208 209
48 34 57 82 59 25 49 45 46 37 8 0 201 202
79 25 9 82 7 57 8 38 41 72 6 66 206 207
30 49 6 14 95 0 55 199 200
53 26 37 8 0 52 33 86 15 202 203
96 6 8 38 34 18 49 0 33 95 56 24 57 208 209
7 86 33 45 57 37 14 46 26 9 18 8 196 197
86 37 57 8 95 52 6 34 45 60 207 208
56 37 24 82 0 203 204
31 34 8 46 38 60 72 52 14 66 55 199 200
34 15 38 24 59 199 200
37 55 24 59 49 38 72 41 200 201
26 33 9 55 15 57 49 38 95 41 198 199
18 72 52 41 55 9 82 197 198
72 0 33 60 46 52 41 205 206
82 0 95 45 9 8 38 6 206 207
60 33 14 15 46 55 8 203 204
41 45 14 25 9 95 200 201
25 46 38 49 8 45 198 199
66 57 52 55 45 204 205
24 15 33 55 59 0 52 198 199
38 14 15 59 8 0 200 201
46 14 9 57 45 52 0 201 202
52 6 9 55 202 203
14 59 33 55 197 198
15 57 49 9 197 198
57 8 59 95 203 204
8 6 95 196 197
49 95 55 59 6 202 203
33 45 59 199 200
59 95 203 204
0 95 55 45 196 209
6 9 196 209
9 45 196 197
95 55 208 209
45 201 202
55 202 203
126 165 101 135 118 134 192 146 159 107 171 148 161 111 170 121 124 172 149 185 129 184 106 187 116 176 98 199 200
165 107 129 162 143 160 144 121 173 141 152 172 174 187 133 186 131 161 189 115 118 163 128 109 112 167 204 205
107 188 142 145 122 177 124 103 166 156 169 159 136 181 135 180 150 192 162 116 119 194 128 164 120 196 197
188 99 113 143 177 102 108 168 122 174 172 186 190 100 133 114 98 120 150 161 170 191 184 182 142 123 207 208
127 166 133 116 132 168 145 98 167 134 118 169 136 149 158 112 161 193 113 183 160 140 185 139 121 102 151 199 200
166 194 105 172 125 155 175 106 136 158 174 147 98 104 134 164 178 168 151 167 180 142 169 182 143 204 205
171 172 175 174 164 170 151 132 112 142 99 177 157 180 111 144 179 192 124 154 105 108 181 141 155 116 205 206
172 122 155 185 100 177 147 161 153 189 167 118 148 128 112 145 129 163 105 135 193 119 205 206
104 182 113 149 116 191 181 158 138 99 150 163 195 139 129 119 151 141 144 176 153 143 120 145 180 137 196 209
182 106 167 151 192 133 145 159 101 161 179 193 130 128 112 142 154 110 140 113 186 175 168 119 207 208
100 148 138 105 173 149 139 152 174 151 141 118 121 163 130 133 178 155 190 167 144 156 146 191 158 196 209
148 179 103 117 101 131 137 194 118 170 183 150 123 110 113 143 151 144 153 135 108 122 180 116 202 203
112 122 144 179 111 146 191 181 194 115 160 137 173 150 117 175 141 154 163 176 120 123 197 198
122 185 152 142 184 111 123 155 132 135 177 167 180 157 134 192 136 98 181 161 193 160 198 199
164 169 102 154 105 135 181 141 155 195 175 114 147 150 161 187 134 137 151 142 178 168 167 149 204 205
169 137 167 151 128 110 140 186 157 154 105 135 180 108 138 168 155 139 156 116 103 170 131 205 206
133 181 138 140 162 139 119 142 174 141 154 186 117 120 101 131 135 132 180 147 128 109 200 201
181 114 147 193 109 142 123 145 140 162 143 149 130 154 135 189 108 174 175 156 206 207
113 123 132 145 190 180 134 137 179 191 125 115 105 130 108 152 106 119 187 131 143 156 197 198
123 154 157 146 159 180 140 192 102 105 120 101 184 161 174 151 186 153 143 175 155 198 199
99 132 168 135 102 114 136 103 191 183 160 173 150 163 140 130 185 141 154 121 176 120 156 110 196 209
105 119 109 130 155 145 135 157 189 179 156 146 136 115 170 137 162 139 129 196 197
119 152 108 194 141 176 116 132 101 145 187 154 192 146 191 110 158 173 140 185 198 199
103 158 115 193 183 173 117 162 152 106 184 118 131 153 120 178 132 168 135 189 159 116 191 196 209
158 147 98 185 120 115 149 187 128 145 130 111 190 192 154 159 108 153 125 193 160 203 204
168 175 143 149 130 160 124 154 108 138 140 152 156 179 117 191 194 167 185 205 206
175 110 186 152 134 136 179 151 190 145 180 147 131 130 132 144 194 193 108 206 207
146 156 137 128 145 147 159 111 191 121 124 173 150 136 195 162 116 174 187 114 101 201 202
156 160 130 109 154 138 125 139 186 121 134 180 170 118 114 194 161 129 203 204
108 129 109 184 174 151 176 143 155 132 98 137 189 179 116 194 150 196 197
129 178 125 190 144 157 134 98 191 101 150 140 162 110 142 184 174 111 186 176 199 200
110 155 135 187 177 190 167 147 124 114 136 191 137 173 150 161 151 141 176 143 196 197
101 116 161 173 117 195 152 184 187 141 131 176 120 102 180 98 111 114 192 196 209
111 176 120 135 167 180 134 124 114 189 192 136 125 138 115 195 98 151 154 196 197
176 144 121 154 138 174 125 106 117 153 118 170 185 128 159 173 186 206 207
185 155 187 117 98 150 153 137 151 128 109 145 159 140 194 177 135 138 207 208
163 186 102 178 138 152 106 179 117 147 161 118 149 183 144 195 142 124 141 157 139 204 205
186 195 121 124 155 116 98 161 167 184 142 145 149 179 130 160 207 208
114 125 128 109 170 183 117 195 116 194 184 121 143 142 190 157 159 136 197 198
142 141 190 106 157 147 189 192 117 137 170 152 151 121 201 202
179 149 132 159 162 143 177 193 141 183 136 116 98 150 134 115 206 207
152 162 106 136 147 98 115 151 128 159 191 130 161 170 160 102 202 203
106 195 149 139 109 187 120 145 135 157 134 189 192 125 161 137 173 140 196 197
117 191 194 128 139 184 187 131 178 167 157 134 147 102 192 149 197 198
191 150 161 115 132 109 143 157 160 190 144 170 116 208 209
137 159 194 161 138 98 115 118 140 132 177 153 178 157 200 201
138 174 98 120 134 153 109 178 145 180 189 125 170 183 140 195 200 201
149 136 132 155 143 115 193 140 195 174 177 154 102 120 202 203
134 136 109 183 139 143 178 155 145 190 131 147 192 200 201
136 195 174 151 109 102 147 135 125 161 170 140 200 201
109 177 167 147 135 125 195 162 116 194 131 121 130 178 196 197
115 159 193 160 150 139 161 131 153 130 178 144 157 147 124 197 198
159 177 190 189 145 130 121 124 174 116 147 98 150 203 204
160 147 98 131 153 132 194 140 130 144 162 121 124 184 125 203 204
167 157 130 173 102 135 187 155 189 178 147 170 204 205
189 193 177 128 187 141 174 150 153 183 98 194 131 162 118 208 209
193 161 183 151 128 145 140 130 144 195 124 154 135 125 139 208 209
195 139 131 183 140 162 192 173 190 177 194 124 154 208 209
162 125 178 116 192 120 161 132 128 157 177 121 154 204 205
178 157 130 190 144 121 102 124 135 184 183 161 118 206 207
130 143 155 121 183 154 131 125 199 200
143 180 157 135 139 116 173 131 118 128 201 202
116 170 118 131 153 124 125 197 198
135 194 153 102 120 200 201
194 120 150 170 184 192 173 177 124 208 209
155 121 102 125 139 177 120 150 131 153 203 204
124 184 131 144 177 190 128 170 183 173 198 199
184 192 125 139 118 132 187 145 140 174 157 144 207 208
177 140 141 173 174 154 192 125 139 206 207
132 102 139 141 154 120 145 190 128 144 199 200
102 174 151 141 173 153 120 154 157 125 183 196 209
174 125 187 150 190 180 151 205 206
121 187 144 180 192 170 183 150 139 198 199
187 140 141 139 147 190 131 183 170 128 207 208
144 153 180 147 192 170 173 118 201 202
145 140 180 120 118 128 201 202
147 183 98 153 180 202 203
125 139 154 180 192 198 199
150 161 183 120 118 157 202 203
120 139 153 190 192 198 199
151 192 183 173 131 180 202 203
141 190 180 157 170 118 128 173 201 202
192 131 183 208 209
153 173 139 98 131 128 170 202 203
139 118 190 200 201
170 128 140 180 205 206
98 183 118 173 154 157 196 209
128 157 183 199 200
157 183 118 203 204
161 118 190 204 205
140 190 118 201 202
118 173 197 198
190 173 180 131 208 209
154 131 203 204
131 199 200
173 183 205 206
180 206 207
183 207 208
196
197
198
199
200
201
202
203
204
205
206
207
208
209
