#/usr/local/lib/python3.10/dist-packages/colab_kernel_launcher.py -f /root/.local/share/jupyter/runtime/kernel-2119b688-3f38-4b5a-b3d6-e140ef2e0719.json
# GMT Fri May 24 10:53:40 2024
# 
17 58 48 25 61 38 5 28 16 0 60 3 50 27 40 30 62 39 52 29 42 19 51 14 64 41 18 54 31 21 9 12 15 63 53 66 43 20 56 33 13 23 65 55 32 45 22 4 7 67 10 34 47 24 37 8 46 59 36 49 26 136 137 140 141 144 145 148 149
58 48 62 50 51 32 65 34 46 11 14 44 25 26 56 28 9 10 40 12 66 43 27 57 29 41 67 23 4 5 35 7 37 21 22 52 24 54 55 6 36 59 38 20 53 61 18 30 2 16 60 47 19 49 63 1 31 3 33 45 138 139 142 143 146 147 150 151
8 9 51 64 41 44 21 11 53 66 43 20 56 33 10 23 2 65 5 55 32 45 22 35 12 0 3 6 67 57 34 47 24 37 46 59 36 13 49 26 48 1 25 61 38 15 28 18 60 50 63 40 30 62 39 29 42 4 19 7 136 139 140 143 144 147 148 151
9 67 44 57 34 11 24 14 56 46 23 59 36 13 2 26 5 16 0 48 3 25 61 38 15 6 28 60 37 50 27 40 49 62 52 29 19 1 51 64 41 18 31 21 53 30 20 33 10 4 65 42 7 55 32 45 22 12 136 139 140 143 144 147 148 151
0 5 37 50 4 40 7 49 62 39 52 29 6 42 19 51 41 18 54 31 21 63 53 30 66 43 20 33 10 23 65 55 32 45 22 35 12 67 44 57 34 11 47 24 1 14 46 36 13 26 3 16 48 25 61 38 15 28 136 139 140 143 144 147 148 151
5 60 3 50 27 63 40 30 7 52 29 42 19 32 64 41 54 31 44 21 1 11 53 66 43 20 56 33 10 23 65 55 45 35 12 57 34 47 24 37 14 46 59 36 49 26 39 16 6 48 61 38 2 15 51 28 136 139 140 143 144 147 148 151
40 41 54 2 44 35 16 19 53 22 66 3 43 33 56 6 36 39 20 65 55 30 57 14 47 25 28 1 31 12 46 59 29 49 13 48 61 51 23 4 26 60 7 37 50 63 10 24 27 38 62 52 42 18 64 137 138 141 142 145 146 149 150
41 42 21 24 27 38 39 64 54 44 18 66 43 56 2 35 16 19 3 45 33 6 20 67 34 57 47 30 11 46 59 14 49 25 1 31 12 15 48 61 29 51 32 13 60 63 23 4 26 62 37 52 10 65 137 138 141 142 145 146 149 150
6 48 61 38 15 51 28 18 60 50 27 63 2 30 20 1 62 3 52 29 65 42 19 32 64 31 21 53 66 43 56 33 10 46 23 13 55 22 35 12 25 67 57 34 47 24 37 14 4 59 36 49 26 39 136 139 140 143 144 147 148 151
48 36 39 20 67 30 11 14 59 25 47 49 28 31 12 42 45 29 61 51 32 13 46 60 50 63 53 23 4 26 7 37 10 52 65 21 43 24 38 64 54 18 66 2 56 35 16 19 22 3 55 33 137 138 141 142 145 146 149 150
11 14 7 56 10 46 59 36 13 49 26 16 25 61 38 15 28 60 37 50 4 27 30 3 62 39 52 29 42 19 51 64 18 54 31 21 63 53 66 43 1 23 55 32 45 22 35 12 67 44 57 34 47 24 136 139 140 143 144 147 148 151
14 24 37 1 12 59 49 26 16 13 61 38 15 51 28 60 50 4 27 7 30 10 62 39 52 29 19 32 64 54 31 44 21 2 66 43 20 56 33 3 23 65 55 45 22 35 25 67 57 34 47 136 139 140 143 144 147 148 151
21 64 7 54 31 10 63 53 66 43 33 23 65 55 18 32 45 22 35 2 19 44 57 34 3 47 20 46 36 49 26 25 61 28 1 12 60 15 37 50 27 30 13 62 39 52 29 42 4 51 136 137 140 141 144 145 148 149
64 43 24 54 27 67 57 38 60 18 2 35 16 19 49 22 52 3 55 36 20 50 53 34 30 65 44 25 47 28 1 31 61 12 42 15 45 29 59 51 62 13 46 66 23 4 26 56 7 37 138 139 142 143 146 147 150 151
42 67 44 57 47 18 2 46 59 16 19 22 3 33 36 39 61 20 34 60 50 30 25 28 62 1 52 31 12 15 29 13 54 63 53 66 43 56 23 26 7 37 10 65 55 24 45 27 38 137 138 141 142 145 146 149 150
33 38 23 60 4 26 50 7 63 62 39 52 51 54 44 2 16 19 53 66 43 22 56 3 20 65 55 45 35 67 30 57 34 47 25 28 1 31 12 46 15 59 36 49 29 32 13 61 136 137 140 141 144 145 148 149
38 36 51 20 54 34 53 66 43 30 56 25 28 1 31 55 12 45 15 29 13 67 44 57 47 46 23 59 4 49 7 37 10 24 27 61 50 63 18 2 35 16 39 19 22 3 137 138 141 142 145 146 149 150
25 34 15 56 46 59 36 26 61 28 10 12 24 60 37 50 27 13 49 62 52 29 23 4 7 51 19 54 31 22 3 63 20 66 65 18 55 32 2 35 16 1 67 44 57 136 137 140 141 144 145 148 149
34 28 1 12 15 61 32 13 60 50 63 23 62 39 26 52 7 24 27 54 44 53 66 43 18 56 2 16 65 19 55 22 45 3 35 20 67 57 47 37 30 46 59 36 49 137 138 141 142 145 146 149 150
44 47 10 43 24 27 46 59 49 18 51 4 35 7 37 60 19 50 63 22 39 20 62 52 30 2 54 16 28 1 31 53 66 15 56 29 32 13 65 55 45 67 23 57 26 137 138 141 142 145 146 149 150
47 57 28 1 31 15 45 59 29 49 32 13 46 51 4 26 37 60 10 63 43 24 27 62 52 65 18 2 54 35 16 19 22 3 53 66 36 56 39 20 55 30 67 137 138 141 142 145 146 149 150
2 50 27 30 7 62 39 52 29 19 54 31 63 53 66 43 20 56 10 23 65 32 45 35 12 67 57 24 37 4 46 59 36 13 49 26 3 16 15 28 18 1 60 136 139 140 143 144 147 148 151
50 35 16 61 19 49 51 22 3 36 60 39 20 63 62 52 30 28 1 31 12 45 29 32 13 53 66 46 56 65 55 23 4 7 10 43 67 57 27 59 18 137 138 141 142 145 146 149 150
22 28 13 60 63 53 30 62 4 52 29 65 7 32 54 31 66 43 56 18 46 23 16 55 19 45 3 35 20 57 24 27 59 36 49 39 1 12 61 15 51 136 137 140 141 144 145 148 149
28 3 57 37 20 46 59 36 49 61 1 12 15 63 13 62 39 52 29 23 4 26 51 10 54 31 24 27 66 43 65 18 55 32 45 35 16 19 136 137 140 141 144 145 148 149
24 54 31 1 15 53 43 56 13 65 55 32 45 35 23 4 7 67 10 57 37 46 59 36 49 26 18 61 51 16 19 3 60 27 30 62 39 52 29 136 137 140 141 144 145 148 149
36 61 51 60 1 31 15 62 29 52 65 32 13 54 23 4 26 7 53 10 66 43 56 27 55 45 18 67 57 35 37 19 3 46 59 49 39 20 137 138 141 142 145 146 149 150
15 67 57 37 59 49 26 39 16 1 12 61 51 18 13 60 27 63 30 62 52 4 29 19 7 32 10 54 31 53 66 43 20 23 65 55 45 35 136 139 140 143 144 147 148 151
55 61 32 13 46 63 23 4 26 7 37 10 62 43 65 54 27 67 18 66 35 16 19 49 52 3 39 20 51 53 57 30 59 31 12 138 139 142 143 146 147 150 151
61 67 39 20 53 30 1 31 12 45 29 59 51 32 13 63 46 62 4 26 56 7 10 43 54 27 57 60 66 65 35 16 49 52 3 138 139 142 143 146 147 150 151
57 12 45 29 51 32 13 23 4 26 56 7 37 10 43 54 67 27 59 18 35 16 19 49 52 3 39 60 53 63 62 30 65 138 139 142 143 146 147 150 151
7 63 53 66 43 20 56 10 3 32 45 35 12 67 37 46 1 59 13 49 26 16 60 27 4 30 62 52 29 19 51 18 54 31 136 139 140 143 144 147 148 151
60 35 16 19 49 52 3 67 20 51 53 30 1 31 12 45 59 32 13 46 23 4 26 56 37 43 54 27 39 63 18 62 65 138 139 142 143 146 147 150 151
67 1 31 45 29 59 32 62 13 46 23 4 26 56 37 10 43 54 27 39 18 35 16 19 49 52 3 63 66 20 51 65 30 138 139 142 143 146 147 150 151
29 45 18 37 16 19 46 3 59 49 20 63 30 1 12 62 39 52 13 54 31 23 4 26 53 66 10 56 27 65 136 137 140 141 144 145 148 149
45 32 13 23 46 59 26 49 37 10 43 27 51 63 18 16 62 19 52 3 39 20 54 53 30 66 56 1 65 12 137 138 141 142 145 146 149 150
54 43 66 56 18 65 35 16 19 49 52 3 39 20 53 59 30 1 31 12 51 32 63 46 62 23 4 26 37 138 139 142 143 146 147 150 151
10 31 4 53 66 43 56 23 13 65 35 12 37 46 59 49 3 26 39 16 51 18 27 63 30 1 62 52 19 32 136 139 140 143 144 147 148 151
31 27 37 46 39 18 16 51 19 3 20 62 52 65 30 32 1 12 53 66 43 13 56 35 23 4 26 136 137 140 141 144 145 148 149
27 16 19 3 66 20 43 56 46 35 1 12 37 13 59 49 39 23 51 26 63 53 30 62 52 18 32 136 137 140 141 144 145 148 149
32 13 35 23 37 4 59 49 39 20 51 18 30 63 16 19 1 62 52 65 26 53 66 56 12 46 136 137 140 141 144 145 148 149
43 23 4 26 37 66 56 46 18 35 16 19 3 39 20 51 30 63 1 53 12 52 13 65 137 138 141 142 145 146 149 150
3 18 63 1 62 19 51 53 66 20 56 23 65 35 12 37 4 46 59 13 26 16 136 139 140 143 144 147 148 151
35 63 13 39 52 23 4 26 53 66 56 18 65 16 37 20 46 59 49 30 51 1 12 137 138 141 142 145 146 149 150
37 16 63 1 53 12 66 56 13 65 23 46 59 49 18 4 19 62 39 51 30 137 138 141 142 145 146 149 150
1 4 59 49 26 39 16 51 18 63 30 62 65 19 66 56 46 23 13 12 136 139 140 143 144 147 148 151
13 12 59 26 16 4 18 63 30 62 39 52 19 51 53 66 56 23 136 139 140 143 144 147 148 151
16 30 62 39 19 12 51 53 66 20 23 4 65 56 46 59 49 26 136 139 140 143 144 147 148 151
62 18 19 49 52 39 20 53 30 63 12 65 46 23 4 26 56 66 138 139 142 143 146 147 150 151
51 39 20 18 30 59 49 46 63 53 26 65 12 66 56 4 19 138 139 142 143 146 147 150 151
39 18 63 19 20 52 65 30 26 66 56 12 46 23 4 59 49 137 138 141 142 145 146 149 150
4 63 53 30 66 20 65 12 56 46 23 26 49 52 18 136 139 140 143 144 147 148 151
63 19 49 52 20 53 30 66 59 46 65 23 26 56 12 18 138 139 142 143 146 147 150 151
18 52 53 66 20 56 23 65 12 46 59 49 26 136 137 140 141 144 145 148 149
20 30 52 19 53 66 56 23 65 12 46 59 49 26 136 137 140 141 144 145 148 149
23 53 66 56 65 59 26 19 52 12 136 137 140 141 144 145 148 149
53 26 65 19 49 52 66 56 30 12 46 59 138 139 142 143 146 147 150 151
30 46 59 49 19 52 12 56 26 65 136 137 140 141 144 145 148 149
19 52 66 65 12 59 49 136 137 140 141 144 145 148 149
56 66 59 49 52 12 65 46 138 139 142 143 146 147 150 151
12 59 26 52 66 65 136 139 140 143 144 147 148 151
66 49 52 59 46 138 139 142 143 146 147 150 151
46 26 59 49 52 65 137 138 141 142 145 146 149 150
49 52 26 65 59 137 138 141 142 145 146 149 150
65 52 26 138 139 142 143 146 147 150 151
26 59 52 136 137 140 141 144 145 148 149
59 52 138 139 142 143 146 147 150 151
52 138 139 142 143 146 147 150 151
96 135 90 71 125 102 115 74 85 105 88 127 117 79 82 116 129 93 106 77 69 80 83 128 118 131 108 98 81 107 120 97 110 91 72 94 119 75 132 109 78 122 99 89 112 92 95 76 134 111 124 101 133 86 123 100 70 103 73 84 68 136 137 140 141 144 145 148 149
135 77 69 99 129 80 110 132 83 113 116 97 127 128 100 130 81 114 91 72 94 124 75 105 78 108 89 111 92 122 123 95 125 76 106 107 126 86 70 73 103 87 68 90 120 131 74 104 134 88 118 119 102 133 98 79 82 112 93 115 138 139 142 143 146 147 150 151
76 77 119 132 109 122 99 112 89 79 121 134 111 88 124 101 78 91 70 133 73 123 100 113 90 103 80 68 71 74 125 102 115 92 105 114 127 104 81 117 84 126 69 93 129 106 86 128 118 95 131 108 98 130 107 120 97 110 87 136 139 140 143 144 147 148 151
77 112 125 102 79 115 92 82 114 91 127 104 81 70 94 73 84 126 68 116 71 129 106 83 74 128 105 118 95 108 85 117 130 107 97 87 119 132 109 86 99 89 131 121 98 134 111 88 101 78 133 110 75 100 113 90 103 80 136 139 140 143 144 147 148 151
108 109 122 70 112 73 103 87 68 121 90 134 71 111 124 104 85 107 88 133 102 123 113 98 79 125 82 115 93 69 99 80 83 114 97 117 100 81 116 129 119 91 72 94 75 118 131 78 89 92 95 106 130 120 110 86 132 137 138 141 142 145 146 149 150
109 110 89 95 106 107 132 122 112 121 86 134 111 124 70 73 103 84 87 123 90 71 113 101 126 74 104 85 88 102 125 115 98 79 114 127 93 69 99 80 83 116 129 97 119 100 128 118 131 91 72 94 130 105 120 78 133 137 138 141 142 145 146 149 150
68 73 128 105 118 95 72 85 75 117 130 107 120 97 74 110 87 119 132 122 99 89 131 121 98 134 111 88 101 78 123 100 90 103 80 70 112 125 102 79 115 92 69 82 124 114 127 104 94 71 84 126 116 129 106 83 136 139 140 143 144 147 148 151
73 128 71 118 131 85 98 75 130 120 97 110 87 100 132 99 112 69 79 121 134 111 88 124 101 78 81 133 123 113 90 126 103 93 72 125 102 115 92 105 114 104 117 94 107 84 74 116 129 106 70 83 119 86 136 139 140 143 144 147 148 151
79 82 75 124 78 114 127 104 81 117 84 126 116 129 106 83 128 70 105 118 72 95 85 98 71 74 130 107 120 110 87 119 132 86 89 131 121 134 111 88 69 101 133 123 100 113 90 103 80 125 102 115 92 136 139 140 143 144 147 148 151
82 92 105 69 114 80 127 104 117 94 81 126 116 129 106 86 128 118 72 95 131 85 75 98 78 130 107 120 97 110 87 100 132 122 112 89 70 121 134 111 88 124 101 71 91 74 133 123 113 90 103 93 125 102 115 136 139 140 143 144 147 148 151
89 132 75 99 78 131 121 134 111 101 133 86 100 90 103 70 84 87 112 125 102 71 115 92 74 88 114 127 104 117 94 126 116 93 129 106 69 80 128 83 105 118 95 98 81 130 107 120 97 110 72 119 136 137 140 141 144 145 148 149
132 111 92 122 95 125 128 126 86 70 103 84 117 90 71 101 131 123 74 104 85 107 88 118 102 98 133 112 93 115 69 99 129 80 110 83 113 116 97 127 130 81 114 134 91 72 94 75 105 78 138 139 142 143 146 147 150 151
110 112 125 115 86 70 72 114 103 127 84 117 87 90 71 74 104 126 85 116 107 129 102 128 118 98 93 130 69 120 99 80 119 100 81 122 131 121 134 111 124 94 75 78 123 92 113 95 106 137 138 141 142 145 146 149 150
101 106 91 128 72 94 118 75 78 92 95 130 107 120 119 86 122 112 70 84 87 121 134 111 124 71 74 85 133 123 113 103 125 102 115 105 93 69 99 80 114 83 127 104 117 97 100 81 126 116 129 136 137 140 141 144 145 148 149
106 104 85 119 88 122 102 134 111 98 124 93 133 69 123 80 113 83 97 100 81 125 115 114 91 127 72 94 117 75 105 78 126 116 95 129 128 118 86 70 103 84 130 107 120 87 90 71 137 138 141 142 145 146 149 150
93 102 83 115 85 124 127 104 94 126 129 78 80 128 105 118 95 81 117 130 107 120 97 91 72 75 119 122 99 90 71 74 131 88 121 98 134 111 133 86 123 100 70 113 103 84 69 112 125 136 137 140 141 144 145 148 149
102 80 126 83 129 119 97 100 81 128 118 131 91 72 130 107 94 120 75 78 92 95 122 112 121 134 111 124 84 133 87 123 90 113 71 103 74 85 88 115 105 98 114 127 104 137 138 141 142 145 146 149 150
112 115 78 80 111 92 95 114 127 117 126 116 129 86 119 103 75 105 128 87 118 131 90 71 74 104 107 88 130 120 98 70 122 84 69 121 134 85 97 100 81 123 113 91 125 94 137 138 141 142 145 146 149 150
115 125 69 80 83 127 100 81 114 116 129 119 91 72 75 128 78 118 131 111 92 95 130 120 133 86 70 122 103 84 87 90 71 121 134 74 104 124 85 107 88 123 98 137 138 141 142 145 146 149 150
78 122 72 121 111 75 88 124 91 81 133 123 90 126 103 80 125 92 105 70 114 127 104 117 71 94 116 129 83 119 128 118 95 131 85 98 69 130 120 97 87 100 136 139 140 143 144 147 148 151
122 111 92 95 134 124 86 133 70 123 103 84 87 117 90 120 71 74 104 85 125 107 88 118 121 127 98 126 99 80 83 113 116 97 128 119 100 81 131 114 130 91 72 94 75 138 139 142 143 146 147 150 151
70 118 85 98 75 130 107 120 97 74 87 119 99 131 134 111 88 124 91 133 100 113 90 103 80 125 105 72 114 127 104 81 117 71 84 126 116 129 83 69 128 136 139 140 143 144 147 148 151
118 126 84 129 87 117 90 71 74 104 128 107 88 131 120 98 69 99 80 83 113 97 100 81 121 134 114 124 133 123 91 72 94 105 111 92 125 127 86 137 138 141 142 145 146 149 150
90 81 128 131 121 98 130 72 120 97 133 75 99 134 124 86 91 84 123 87 113 126 71 103 74 85 88 92 105 95 104 117 94 107 69 80 116 129 83 136 137 140 141 144 145 148 149
92 99 69 83 121 134 124 81 133 123 100 113 103 91 72 75 105 114 127 104 117 94 86 126 116 129 119 84 87 71 128 74 95 131 85 88 98 130 107 120 97 136 137 140 141 144 145 148 149
104 116 119 98 128 131 69 99 80 83 130 97 120 133 100 81 91 72 94 121 134 111 124 95 123 113 126 86 125 105 84 87 71 114 74 85 117 137 138 141 142 145 146 149 150
116 126 85 107 88 125 98 127 117 69 99 80 83 113 97 129 119 100 81 114 128 131 121 91 72 94 75 105 120 133 111 95 86 134 124 103 84 87 123 137 138 141 142 145 146 149 150
83 74 125 105 127 117 94 107 84 69 80 129 119 86 81 128 95 131 85 98 130 72 97 87 75 100 99 121 134 111 88 124 91 133 123 113 126 103 136 139 140 143 144 147 148 151
123 129 100 81 114 131 91 72 94 105 130 111 133 95 86 134 124 103 84 87 117 120 71 74 85 107 88 119 125 128 98 127 99 80 113 97 138 139 142 143 146 147 150 151
129 74 85 107 88 121 98 69 99 80 113 119 100 81 131 114 130 91 72 94 124 75 105 95 125 128 126 134 86 133 87 117 120 71 138 139 142 143 146 147 150 151
75 121 134 88 124 91 71 74 133 100 113 103 80 125 105 114 69 127 81 117 94 84 126 128 95 72 85 98 130 107 120 97 87 119 86 99 136 139 140 143 144 147 148 151
125 69 99 80 113 97 119 100 114 134 91 72 94 124 126 111 95 127 86 103 84 87 117 120 71 74 85 107 121 131 130 98 133 138 139 142 143 146 147 150 151
86 98 71 74 130 107 120 97 87 119 99 84 121 134 69 111 88 124 91 85 133 100 113 103 105 114 127 117 94 126 128 72 95 136 137 140 141 144 145 148 149
98 114 72 127 84 87 74 85 88 130 120 69 80 100 97 81 99 121 134 111 124 91 94 133 113 126 95 103 105 136 137 140 141 144 145 148 149
128 103 84 87 120 71 74 85 88 119 121 134 69 99 80 113 97 127 100 81 91 72 94 124 105 95 107 131 126 133 138 139 142 143 146 147 150 151
97 113 103 105 84 87 114 71 127 117 85 88 126 131 69 80 130 107 120 81 99 91 72 94 121 134 111 124 95 133 136 137 140 141 144 145 148 149
113 100 81 91 72 114 127 117 105 111 95 119 131 103 84 130 87 120 74 85 107 88 121 134 124 69 99 133 80 126 137 138 141 142 145 146 149 150
126 130 119 100 133 114 94 124 134 111 81 91 72 103 105 120 74 127 107 88 121 84 87 117 131 69 99 71 138 139 142 143 146 147 150 151
74 119 95 131 85 88 69 130 71 120 133 87 100 99 121 134 111 124 114 91 81 103 80 127 117 94 107 84 136 139 140 143 144 147 148 151
100 103 91 105 72 127 117 107 88 119 131 84 87 99 71 130 85 120 133 94 121 134 124 114 95 136 137 140 141 144 145 148 149
71 95 131 85 69 130 107 120 87 119 99 121 134 111 88 124 91 103 80 105 72 114 127 81 117 84 136 139 140 143 144 147 148 151
111 91 72 94 105 124 114 95 103 84 87 127 85 107 117 88 119 131 69 99 121 80 130 120 81 133 137 138 141 142 145 146 149 150
103 131 81 107 120 72 94 121 124 133 84 87 85 105 88 114 127 117 119 69 99 80 137 138 141 142 145 146 149 150
105 84 131 69 99 121 80 134 81 133 91 94 114 95 127 117 72 87 85 88 130 107 120 119 137 138 141 142 145 146 149 150
69 72 127 117 94 107 84 119 131 85 88 130 120 87 99 121 134 124 114 91 81 80 136 139 140 143 144 147 148 151
85 84 95 130 107 120 87 119 99 80 131 121 134 88 124 81 72 114 127 117 94 136 137 140 141 144 145 148 149
99 95 114 127 117 107 84 119 87 131 88 130 120 133 80 121 134 81 124 91 72 94 136 137 140 141 144 145 148 149
81 80 114 127 117 94 84 72 95 131 130 120 87 119 121 134 88 124 91 136 139 140 143 144 147 148 151
84 95 130 107 87 80 119 131 121 134 88 91 72 133 124 114 127 117 136 139 140 143 144 147 148 151
130 87 117 120 88 121 131 80 127 119 133 91 72 94 124 134 95 138 139 142 143 146 147 150 151
119 107 88 127 117 114 131 121 94 120 133 80 95 134 124 91 72 138 139 142 143 146 147 150 151
107 131 121 88 120 133 94 134 124 80 114 95 91 127 117 137 138 141 142 145 146 149 150
80 114 117 94 72 95 120 87 131 121 88 124 91 133 136 139 140 143 144 147 148 151
72 131 121 88 133 114 91 127 94 95 117 120 87 136 139 140 143 144 147 148 151
131 120 88 121 134 127 114 133 91 94 124 95 138 139 142 143 146 147 150 151
88 95 121 124 91 133 114 127 117 94 136 137 140 141 144 145 148 149
91 121 134 124 133 114 127 117 94 87 95 120 136 137 140 141 144 145 148 149
121 94 133 87 117 120 124 95 114 127 138 139 142 143 146 147 150 151
95 87 134 124 127 117 94 120 133 136 137 140 141 144 145 148 149
87 120 134 124 133 114 127 117 94 136 137 140 141 144 145 148 149
124 134 94 127 117 133 114 138 139 142 143 146 147 150 151
134 94 117 120 127 133 114 138 139 142 143 146 147 150 151
114 94 127 117 120 133 137 138 141 142 145 146 149 150
133 120 117 94 127 138 139 142 143 146 147 150 151
94 127 117 120 136 137 140 141 144 145 148 149
127 117 138 139 142 143 146 147 150 151
117 120 137 138 141 142 145 146 149 150
120 138 139 142 143 146 147 150 151
136
137
138
139
140
141
142
143
144
145
146
147
148
149
150
151
