#/usr/local/lib/python3.10/dist-packages/colab_kernel_launcher.py -f /root/.local/share/jupyter/runtime/kernel-6c0fbf18-c276-4b2d-9452-8819c27dba4d.json
# GMT Fri May 24 23:58:14 2024
# 
16 20 22 0 24 17 5 19 28 9 21 23 3 4 8 62 63 68 69 74 75
20 6 22 12 26 4 19 15 25 1 5 9 27 14 63 64 69 70 75 76
7 26 10 21 14 23 5 11 18 29 13 22 2 6 24 60 61 66 67 72 73
26 9 24 1 10 12 23 25 6 4 0 28 5 64 65 70 71 76 77
3 13 15 10 28 1 12 21 5 9 18 2 4 29 60 65 66 71 72 77
13 17 19 21 14 2 8 5 0 11 25 1 22 61 62 67 68 73 74
8 9 11 27 29 22 15 10 19 28 12 14 5 60 61 66 67 72 73
9 17 12 21 5 23 15 2 24 6 60 61 66 67 72 73
12 25 18 27 1 15 17 19 23 4 61 62 67 68 73 74
25 15 2 27 5 22 24 11 10 6 19 64 65 70 71 76 77
0 5 2 18 27 11 29 4 22 6 17 10 60 65 66 71 72 77
5 18 29 15 17 60 61 66 67 72 73
17 21 23 10 27 2 4 29 28 62 63 68 69 74 75
21 27 14 10 24 2 28 4 11 63 64 69 70 75 76
11 14 2 6 18 29 24 19 28 61 62 67 68 73 74
14 15 24 19 1 23 2 6 29 61 62 67 68 73 74
2 22 10 23 18 60 65 66 71 72 77
1 15 24 19 23 4 27 29 22 60 65 66 71 72 77
15 18 29 22 24 28 62 63 68 69 74 75
6 29 24 4 10 19 28 60 61 66 67 72 73
10 22 19 28 23 61 62 67 68 73 74
24 29 18 22 63 64 69 70 75 76
22 4 18 63 64 69 70 75 76
18 28 23 4 27 62 63 68 69 74 75
28 23 27 29 64 65 70 71 76 77
23 27 19 63 64 69 70 75 76
27 29 4 19 64 65 70 71 76 77
19 4 62 63 68 69 74 75
29 64 65 70 71 76 77
4 60 65 66 71 72 77
36 48 50 57 32 54 34 47 56 35 40 42 51 44 37 60 61 66 67 72 73
48 58 51 45 53 35 47 44 55 37 59 52 46 32 62 63 68 69 74 75
46 50 59 52 30 54 56 49 58 51 44 42 55 34 62 63 68 69 74 75
50 59 40 34 38 51 53 30 41 55 31 37 33 63 64 69 70 75 76
37 47 49 44 53 39 41 57 59 52 34 54 60 61 66 67 72 73
47 51 39 43 31 44 32 52 45 56 49 58 62 63 68 69 74 75
59 53 32 49 41 56 39 43 31 33 44 64 65 70 71 76 77
35 40 30 42 51 44 39 31 43 32 34 45 38 60 61 66 67 72 73
40 57 52 33 45 54 58 51 44 32 34 41 61 62 67 68 73 74
42 55 39 43 52 33 54 58 51 53 38 30 61 62 67 68 73 74
55 45 32 34 54 30 56 31 33 39 43 64 65 70 71 76 77
30 53 32 57 43 52 45 54 33 51 60 65 66 71 72 77
44 52 41 45 54 33 38 61 62 67 68 73 74
52 33 58 53 57 49 39 63 64 69 70 75 76
51 43 54 32 34 49 63 64 69 70 75 76
33 38 49 31 39 34 57 60 65 66 71 72 77
39 58 31 57 41 43 54 60 61 66 67 72 73
41 32 53 38 57 31 45 56 58 61 62 67 68 73 74
32 38 56 49 53 60 65 66 71 72 77
53 57 34 31 56 38 63 64 69 70 75 76
43 56 58 38 31 45 54 61 62 67 68 73 74
57 34 38 49 45 31 64 65 70 71 76 77
54 56 38 45 63 64 69 70 75 76
56 31 38 49 58 64 65 70 71 76 77
49 31 34 58 45 62 63 68 69 74 75
58 34 38 45 64 65 70 71 76 77
45 38 62 63 68 69 74 75
38 60 61 66 67 72 73
34 31 60 65 66 71 72 77
31 60 65 66 71 72 77
60
61
62
63
64
65
66
67
68
69
70
71
72
73
74
75
76
77
