#/usr/local/lib/python3.10/dist-packages/colab_kernel_launcher.py -f /root/.local/share/jupyter/runtime/kernel-4e96f4f6-3ff9-4b57-9774-52bcdd39bbb8.json
# GMT Mon May 27 18:10:40 2024
# 
13 88 101 222 264 35 277 336 15 149 83 217 17 327 21 89 331 309 122 190 16 326 60 262 317 117 130 240 53 187 255 310 110 231 178 191 314 235 182 171 292 63 184 173 307 107 175 109 230 164 177 232 166 287 34 47 12 159 280 227 27 337 271 163 207 33 275 680 699
88 183 196 317 130 26 56 319 132 321 71 255 5 16 299 191 112 20 248 84 182 303 44 316 237 252 309 285 300 100 221 113 6 238 11 214 15 337 297 218 231 165 330 332 145 279 86 160 94 1 151 219 261 70 331 265 254 68 34 258 205 328 51 249 62 262 684 685
211 332 266 321 32 213 111 257 90 5 16 50 307 103 163 311 247 76 249 2 136 306 36 115 200 160 149 299 64 45 209 128 235 290 224 24 226 182 3 217 338 274 31 42 223 110 189 280 214 70 335 227 324 123 153 134 198 138 202 183 262 102 53 132 147 177 330 691 692
332 111 245 324 92 328 96 141 318 16 20 99 316 84 297 148 227 178 25 212 172 123 142 4 106 240 215 268 6 298 115 145 64 258 209 139 158 292 143 184 207 54 107 3 295 33 333 116 280 80 214 61 274 12 95 10 223 40 155 306 183 53 326 128 117 698 699
7 273 286 207 198 334 94 28 270 70 204 338 17 259 151 72 140 208 197 23 133 254 243 311 82 302 315 115 304 75 9 64 185 11 174 108 55 57 178 112 288 235 248 105 226 52 241 96 2 285 234 34 102 49 291 225 38 172 293 214 227 27 148 40 161 163 205 680 699
273 220 284 37 101 86 275 35 279 197 44 323 336 48 338 23 187 138 240 38 132 318 215 320 268 36 66 200 11 224 326 258 60 143 124 203 154 237 188 18 182 310 235 3 301 31 76 106 91 307 253 234 104 19 183 262 0 213 83 181 28 9 32 335 245 126 695 696
26 286 207 154 330 222 9 156 90 145 37 158 279 215 283 325 72 5 140 153 74 263 131 144 14 265 78 320 333 203 84 260 75 196 251 6 77 119 132 66 11 121 68 189 125 127 169 184 18 226 307 175 230 122 43 177 245 1 300 100 168 295 95 271 110 31 680 681
286 258 60 139 310 218 237 69 301 14 25 216 305 112 294 142 4 8 38 110 170 2 234 268 36 115 279 179 130 11 247 241 54 107 137 190 22 101 86 150 214 31 274 325 263 114 46 329 89 212 257 206 157 309 221 311 324 185 136 326 315 111 164 194 96 695 696
67 324 61 124 258 271 205 10 304 196 251 264 308 49 121 297 310 34 257 112 235 248 305 307 309 164 35 177 98 111 168 172 293 214 23 284 218 339 152 275 101 156 224 145 11 92 202 336 259 327 43 140 261 153 87 208 329 263 18 210 3 33 78 133 267 148 311 682 683
324 199 1 80 293 46 336 10 40 253 338 306 19 285 53 266 113 260 28 81 62 96 37 303 254 318 218 99 312 263 152 182 163 14 186 127 261 27 270 38 121 2 174 204 219 119 100 179 11 183 262 94 228 147 241 226 337 77 156 339 220 250 116 698 699
153 327 93 104 276 68 151 320 53 83 117 335 28 269 203 258 271 260 145 207 328 330 143 319 105 187 39 325 239 106 186 140 175 6 115 232 166 149 181 302 236 15 75 98 79 109 172 306 282 73 242 126 220 33 235 135 290 16 213 226 160 46 283 129 688 689
327 138 232 0 315 260 241 9 226 305 145 250 201 60 120 284 135 124 154 318 5 35 229 252 50 263 103 297 208 25 319 270 87 251 151 140 170 185 196 219 200 279 119 100 258 128 292 109 222 73 188 182 3 295 246 299 1 31 61 338 129 193 174 93 698 699
125 265 333 94 45 269 98 109 192 24 247 128 249 317 330 130 101 52 198 319 253 200 321 134 61 12 257 191 259 195 171 184 131 252 294 72 102 234 51 62 96 304 37 120 240 229 105 16 218 231 152 99 220 233 290 97 158 147 285 121 140 221 6 66 142 263 686 687
265 10 223 304 317 187 138 217 295 49 83 196 47 28 241 96 56 37 90 248 285 50 133 276 289 14 97 78 29 59 131 282 27 240 271 284 189 91 121 330 198 100 179 11 268 147 272 156 137 18 171 201 22 186 3 82 33 320 135 116 229 180 1 65 694 695
199 214 144 95 269 216 21 74 104 68 49 321 334 28 81 204 325 246 37 120 239 105 169 118 99 256 298 48 78 108 302 249 161 142 157 251 106 308 170 121 2 231 244 36 119 30 164 194 224 292 173 281 283 230 77 156 272 274 82 208 221 165 116 146 1 267 690 691
214 309 80 302 315 206 253 87 72 102 166 117 196 66 246 145 303 237 15 209 120 294 124 228 184 283 296 230 298 219 232 18 234 22 167 280 61 176 269 216 229 91 326 70 100 179 0 321 158 109 257 270 47 28 62 261 56 263 331 320 691 692
6 48 169 105 239 162 309 43 164 56 177 232 245 45 113 102 115 236 36 49 170 291 238 51 172 293 229 163 152 44 86 46 288 330 213 15 283 96 338 138 259 274 87 331 131 320 133 80 135 124 192 313 326 126 62 117 9 77 200 244 257 191 680 699
48 17 234 102 236 170 291 172 229 99 233 288 3 156 169 290 224 266 281 31 81 202 215 338 138 261 276 210 144 333 146 201 322 269 190 311 192 326 32 139 260 194 207 262 183 196 251 64 35 16 55 20 299 312 44 314 303 237 52 241 109 122 298 111 681 682
185 279 24 226 152 217 116 287 131 161 1 61 223 280 129 89 174 21 337 123 326 262 53 196 34 147 181 28 9 266 213 51 92 156 323 336 191 171 193 154 184 329 263 305 252 84 188 309 298 97 190 108 234 302 315 121 306 66 297 130 11 175 45 75 689 690
279 136 117 9 230 264 32 111 275 281 145 139 154 188 99 122 152 133 84 78 212 59 326 106 91 170 174 85 115 66 321 179 258 98 316 156 141 250 86 313 169 150 180 274 302 178 208 193 40 93 172 257 74 238 297 157 68 202 19 232 299 695 696
9 319 145 321 257 17 138 206 263 184 131 252 186 307 254 309 80 256 0 71 313 315 49 183 317 64 53 66 187 176 112 246 101 222 235 61 303 118 52 94 283 109 98 111 274 87 89 102 159 335 282 203 216 339 207 328 220 196 35 156 680 699
319 43 77 290 107 239 141 82 165 116 169 12 233 129 25 172 257 104 157 68 72 151 266 334 47 200 32 275 205 37 329 288 60 303 120 71 143 173 184 5 16 39 118 252 69 186 310 142 195 289 106 140 304 193 85 219 198 283 313 213 15 162 697 698
157 217 230 285 206 129 138 212 333 267 57 38 132 136 36 260 328 262 30 45 75 79 321 255 268 73 118 312 204 193 195 127 263 305 197 239 1 12 241 254 106 140 298 313 234 247 236 249 293 53 83 161 47 178 299 156 180 235 120 86 146 16 294 688 689
217 230 72 34 196 28 331 223 92 280 96 56 282 71 271 173 118 50 122 163 14 186 255 78 268 323 112 314 8 303 316 55 252 36 115 179 309 213 75 232 177 109 291 126 77 227 240 190 141 37 295 308 3 242 301 222 148 89 40 93 172 336 691 692
248 335 238 269 282 168 100 202 213 45 79 275 54 255 268 235 52 3 257 270 218 1 31 244 178 25 70 254 212 322 242 104 134 260 113 166 32 253 295 243 56 35 188 39 133 294 186 246 97 59 338 191 274 240 289 110 189 121 291 2 333 223 267 693 694
335 16 114 144 197 14 129 291 59 272 74 276 102 268 336 243 11 145 277 139 41 203 105 184 54 267 99 18 152 316 133 337 314 33 161 112 142 42 27 140 91 223 40 253 70 85 115 257 238 198 149 202 281 183 213 109 192 43 245 275 309 101 698 699
220 145 175 56 124 203 105 35 16 321 20 50 14 44 305 8 87 241 254 91 170 313 234 249 75 291 304 147 109 295 207 137 231 141 22 216 235 146 210 224 1 336 129 230 93 74 202 223 72 102 34 113 267 136 47 269 337 81 271 111 62 260 691 692
165 337 326 60 339 41 71 105 16 196 317 69 266 133 200 14 29 108 59 191 161 182 316 250 91 2 130 243 177 45 179 300 234 43 238 77 156 58 174 295 242 52 3 82 178 288 1 80 61 222 12 277 290 294 338 138 68 166 53 34 278 333 164 145 688 689
337 116 150 39 69 99 263 95 316 297 148 310 261 172 276 23 138 57 270 102 117 36 249 96 307 173 124 203 43 24 118 301 18 152 161 142 31 176 255 46 253 70 204 155 257 238 134 321 19 262 264 294 275 305 156 107 141 250 254 71 698 699
113 147 160 281 336 149 162 272 219 140 76 106 195 2 144 55 100 256 148 30 269 11 311 203 94 126 247 194 196 317 73 58 132 200 310 136 246 31 61 42 235 116 237 250 25 21 93 296 122 49 223 111 62 295 216 37 229 150 339 5 277 334 685 686
147 28 191 32 206 263 197 90 239 135 241 254 35 243 20 311 232 179 313 181 29 108 142 238 23 172 76 106 229 242 91 121 85 17 213 128 79 281 215 54 22 289 116 333 225 280 201 12 203 144 150 271 10 70 194 262 134 317 0 200 687 688
206 338 134 230 187 219 49 151 331 136 166 291 47 32 284 41 207 5 264 152 103 84 255 336 270 108 314 23 261 208 57 305 140 91 170 155 256 30 194 64 45 75 234 79 143 304 162 306 107 58 137 295 308 229 52 235 1 281 294 89 21 74 691 692
338 4 68 19 0 53 296 51 264 32 92 164 243 228 41 120 333 154 207 237 252 331 103 210 161 325 270 300 259 323 140 334 2 174 17 238 198 100 313 202 158 256 54 126 269 250 201 63 329 146 263 227 178 129 242 172 306 698 699
63 326 260 21 302 194 315 36 249 262 183 304 306 295 297 231 191 127 169 237 226 173 307 241 162 16 296 111 104 225 106 282 95 53 163 284 205 2 141 51 156 90 158 79 213 323 35 83 204 138 72 85 329 197 318 210 29 144 186 78 320 146 309 322 27 682 683
326 116 150 31 61 233 178 10 242 123 317 134 236 138 132 249 264 81 194 145 96 175 205 209 288 60 154 184 318 99 50 301 103 97 310 261 78 195 76 289 27 8 259 189 193 298 313 109 181 260 162 241 192 43 201 22 698 699
44 47 91 159 227 295 108 152 86 330 143 42 79 94 136 325 138 151 193 195 316 87 0 131 65 201 269 82 137 58 71 60 194 315 183 304 196 198 132 53 174 187 176 68 110 244 312 127 169 61 4 19 50 305 105 228 162 296 230 56 219 232 681 682
47 266 79 213 29 204 96 259 151 38 274 195 329 2 318 36 320 146 267 322 269 45 311 82 205 139 60 194 304 75 198 242 312 59 301 314 237 50 118 252 173 294 186 309 164 285 111 278 170 291 225 172 174 108 150 339 152 39 209 681 682
197 289 10 89 291 267 203 49 205 83 218 98 181 28 192 275 81 255 202 323 215 120 325 259 16 150 39 99 114 208 148 93 123 23 315 166 36 66 251 160 240 30 299 173 124 246 54 290 107 182 305 226 239 82 296 12 65 46 221 170 276 690 691
289 178 97 242 272 298 27 8 291 140 121 85 219 36 115 230 11 94 228 75 209 158 109 330 77 58 182 141 201 186 3 82 210 61 274 331 65 278 320 333 40 204 123 68 49 213 72 53 162 245 92 297 239 250 284 301 105 35 69 20 103 696 697
35 227 161 108 163 231 99 154 167 143 264 156 277 16 224 79 200 213 202 323 83 204 138 85 274 74 331 131 144 2 203 192 183 304 251 306 24 132 187 121 22 112 182 12 116 120 54 296 243 111 19 100 168 102 236 280 681 682
227 118 69 333 267 152 84 269 97 127 212 131 57 221 38 110 2 334 325 213 64 261 98 177 79 318 207 320 58 137 201 101 82 135 80 249 144 159 193 10 21 308 104 299 138 233 72 102 235 166 181 292 160 294 226 175 298 41 71 692 693
136 226 294 109 149 331 71 146 280 5 322 1 269 114 137 258 339 93 74 317 264 23 132 117 191 312 325 138 81 193 140 30 11 252 120 241 243 54 177 245 179 84 225 12 42 161 106 57 229 46 284 91 244 10 55 301 100 290 49 687 688
62 101 58 22 33 334 160 94 215 336 283 204 31 219 274 10 21 331 78 320 135 190 203 137 313 194 315 249 130 306 240 66 187 321 123 257 178 70 312 314 316 305 105 59 228 241 175 109 164 111 100 115 236 104 225 159 216 284 339 154 682 683
101 249 37 209 132 121 191 84 314 235 29 195 316 129 250 171 118 76 57 109 232 124 21 166 179 300 247 181 30 170 104 225 229 24 33 156 86 145 105 16 160 215 283 40 70 261 274 142 278 68 320 267 201 135 271 313 51 81 684 685
134 219 109 195 24 54 331 126 77 212 22 82 311 192 247 1 61 328 249 114 304 251 143 240 253 187 321 104 310 191 314 171 17 32 173 296 309 302 236 20 291 103 133 97 127 163 131 42 233 87 275 330 91 266 158 160 215 149 64 94 686 687
53 281 81 24 325 87 318 89 131 91 322 269 271 60 141 317 251 19 0 306 119 253 308 121 68 123 178 191 259 114 292 118 16 241 309 109 20 298 245 14 58 300 302 8 282 229 163 218 154 167 222 290 145 266 682 683
281 196 92 11 145 205 56 320 228 120 322 118 252 69 99 182 133 235 186 216 276 295 308 23 225 176 255 87 38 189 140 121 223 85 115 292 15 177 241 107 58 201 82 135 116 146 80 61 12 42 144 278 178 330 172 123 138 323 221 695 696
139 284 52 218 178 86 154 224 65 95 171 213 226 160 270 162 93 123 104 164 138 19 83 331 223 278 92 271 41 141 330 251 50 122 103 321 255 202 323 78 325 193 237 305 110 91 186 241 55 254 36 17 296 100 311 181 249 24 282 174 242 687 688
284 90 143 105 184 218 282 99 233 122 182 323 131 314 27 240 121 2 204 155 115 198 283 309 213 277 222 192 207 24 267 18 171 22 186 86 116 12 144 46 189 129 40 294 74 238 68 49 0 72 166 181 81 92 224 205 209 695 696
169 269 160 216 339 15 90 120 275 330 105 198 253 266 39 163 323 257 3 167 182 42 76 184 305 241 175 70 130 245 64 236 83 34 128 158 238 162 32 92 58 299 233 135 303 114 226 239 336 148 129 25 89 108 93 4 27 8 212 688 689
37 141 156 77 334 268 81 215 5 274 195 129 250 263 29 78 320 188 309 311 8 245 137 2 183 51 172 30 119 132 187 255 233 46 167 288 61 224 116 171 3 118 239 39 96 43 285 177 111 166 25 104 38 150 34 42 163 681 682
97 287 60 5 159 172 106 229 218 231 152 154 4 235 277 87 334 30 285 94 144 278 320 333 54 267 280 58 135 137 22 52 82 33 1 80 264 253 266 200 321 255 89 21 323 123 246 193 314 68 83 116 250 173 186 241 32 296 188 684 685
287 261 78 212 29 57 8 151 333 309 17 313 100 30 194 315 228 79 143 222 203 182 299 186 167 301 280 210 61 274 176 294 65 95 110 223 70 204 21 257 262 132 83 98 181 28 192 32 275 96 269 250 201 60 218 180 321 334 50 325 178 129 25 159 695 696
212 274 65 144 234 178 40 70 267 68 38 200 266 96 205 321 255 268 203 5 314 24 39 261 20 163 305 318 252 309 161 142 243 256 311 176 140 302 21 55 85 36 251 149 49 246 28 288 301 73 107 237 171 215 116 180 80 219 691 692
274 272 187 138 19 313 221 102 117 317 249 264 32 224 56 310 41 143 5 207 267 20 99 78 296 210 112 38 189 253 234 55 36 280 262 15 162 192 73 277 77 334 171 201 235 323 61 12 25 10 89 695 696
116 137 36 128 330 198 200 121 77 22 33 235 127 195 237 171 318 118 1 31 243 164 40 232 124 104 19 225 238 293 83 34 216 229 297 41 224 334 228 69 270 151 208 331 144 278 106 322 135 2 190 685 686
27 228 175 296 309 109 56 166 14 159 93 8 40 282 174 295 216 231 33 167 11 290 145 226 39 149 325 151 272 98 140 32 208 131 254 256 203 313 10 315 128 304 75 264 198 119 255 55 123 257 70 312 303 316 129 50 186 680 681
228 57 231 87 72 36 100 145 205 222 124 285 184 188 234 276 18 152 163 278 22 3 267 146 282 161 195 339 193 40 321 202 49 323 128 181 250 126 137 141 201 320 120 71 86 311 218 180 258 249 178 25 159 251 59 23 4 692 693
230 187 106 221 38 151 91 166 196 85 66 15 173 333 24 282 18 260 82 262 317 253 95 189 193 204 21 123 74 104 168 202 250 132 307 256 92 311 126 258 236 291 154 5 16 150 293 240 69 50 84 297 59 288 112 142 692 693
71 271 163 231 152 12 42 156 90 103 145 158 92 268 160 49 0 85 195 142 331 51 133 188 201 269 82 137 258 73 16 304 75 50 187 29 189 191 112 314 114 17 107 30 109 11 243 164 15 168 43 24 225 280 93 174 216 683 684
271 218 229 308 252 233 95 297 25 123 104 303 187 240 294 117 219 36 285 298 51 160 194 175 205 45 258 278 173 203 293 207 84 339 235 78 191 277 195 106 46 170 155 314 257 130 247 162 192 43 126 77 107 201 22 694 695
145 233 111 292 90 105 5 16 151 39 20 99 50 210 78 29 59 269 203 106 328 55 264 11 187 200 15 310 244 312 204 325 103 184 305 252 186 256 110 89 225 306 161 295 49 242 34 98 687 688
90 218 152 56 156 277 60 268 94 39 50 151 272 318 144 133 76 126 194 128 251 143 119 132 253 266 79 123 178 58 301 235 22 195 237 294 186 307 61 12 175 188 243 311 232 70 300 234 168 223 115 304 19 238 93 106 240 282 684 685
16 161 339 141 33 277 77 158 81 323 149 191 325 272 314 261 195 208 129 76 318 331 23 144 122 243 69 190 311 183 196 172 119 4 231 57 112 2 303 237 107 296 285 45 34 223 293 680 699
117 158 18 270 204 164 31 155 276 278 267 21 115 148 205 19 49 260 34 128 196 330 43 253 56 52 312 314 316 237 318 114 252 241 254 89 188 309 29 243 93 190 247 223 238 172 51 161 282 229 297 45 275 222 105 290 24 685 686
158 310 323 325 60 143 118 20 296 103 133 84 298 179 127 302 142 291 225 172 293 110 174 2 229 163 176 297 85 64 94 290 171 268 73 58 137 52 135 263 150 61 203 129 25 89 313 93 138 317 330 198 34 253 187 688 689
268 290 98 177 305 28 241 294 51 190 171 39 233 263 293 178 127 78 93 112 142 275 76 330 57 219 323 164 11 224 205 64 45 316 54 58 322 269 52 33 210 80 31 306 308 321 223 40 312 19 232 301 72 102 694 695
290 219 200 17 194 11 175 308 24 237 314 292 186 167 78 142 42 255 278 140 155 36 115 293 149 100 130 19 183 64 98 177 79 181 245 56 171 254 323 146 65 316 129 159 242 59 320 172 270 221 38 72 83 313 696 697
39 238 106 161 108 32 218 11 233 288 222 92 105 24 94 215 283 151 85 219 74 12 133 258 126 260 141 183 75 143 306 253 187 257 299 70 312 246 259 127 195 129 250 131 252 107 175 29 232 245 4 181 223 104 681 682
238 118 69 99 103 133 263 318 186 216 108 307 320 161 112 309 176 311 87 193 70 115 251 293 202 19 0 15 94 181 162 288 126 58 171 201 305 135 146 148 178 89 93 23 269 83 275 11 224 266 207 188 693 694
50 104 280 295 95 108 150 11 99 143 266 92 334 18 149 22 33 325 96 72 193 208 329 12 142 252 40 21 322 137 49 260 60 73 174 308 176 57 299 233 59 235 5 237 171 118 294 14 283 175 164 177 681 682
104 254 201 256 311 313 126 2 315 128 130 264 200 94 189 191 312 246 259 73 180 193 114 58 182 18 292 3 82 33 86 1 46 166 302 170 291 280 282 163 218 152 154 32 209 222 160 215 149 272 685 686
160 235 277 213 294 143 105 18 103 315 42 76 121 21 36 115 66 323 119 149 257 15 45 314 98 237 250 305 252 320 58 241 296 309 256 298 313 234 150 302 1 236 114 65 225 46 129 163 231 23 233 301 102 688 689
235 100 315 30 295 203 255 310 244 186 167 127 303 237 146 210 112 239 61 170 298 70 198 68 333 269 339 126 107 328 96 190 41 135 270 84 108 172 250 331 4 57 254 322 256 692 693
261 300 74 149 0 291 34 98 260 51 339 126 96 328 190 5 150 233 336 114 270 127 142 76 102 121 66 17 315 194 75 222 308 43 24 188 152 163 288 186 216 33 246 303 131 80 244 294 140 170 253 204 155 234 694 695
222 229 164 205 310 154 105 69 20 226 122 294 163 186 296 59 131 161 195 121 119 149 75 98 43 137 171 3 312 150 61 318 65 95 307 129 208 241 193 10 309 243 172 123 74 311 187 300 302 72 132 304 215 692 693
118 159 293 306 240 282 36 30 15 94 79 58 215 272 164 142 276 1 80 61 331 223 333 74 192 260 141 262 72 209 198 255 189 310 257 191 180 127 316 5 250 184 131 252 120 254 14 245 166 126 106 685 686
178 278 269 216 58 18 194 33 317 209 277 140 257 191 312 174 259 149 316 138 250 19 49 239 307 298 245 234 56 236 291 120 5 295 99 114 148 25 301 224 4 57 294 283 100 130 175 689 690
219 292 241 283 2 166 234 96 41 143 203 269 69 163 262 78 277 131 210 161 142 321 195 57 87 121 259 314 66 198 149 179 250 318 331 49 64 94 98 28 245 58 315 141 236 135 240 1 114 288 59 691 692
163 170 225 293 69 282 122 152 84 176 299 161 226 66 17 100 329 276 320 162 201 54 203 77 137 313 31 200 114 65 310 148 312 259 301 182 305 72 34 252 254 188 92 96 179 56 688 689
57 296 245 179 302 102 93 174 218 1 110 31 152 330 156 277 21 224 81 215 325 34 138 263 51 32 89 91 320 333 201 269 190 311 82 203 258 5 260 73 306 119 312 246 314 114 127 303 36 250 184 307 682 683
175 233 140 174 155 213 115 226 119 130 270 75 208 329 162 210 73 126 267 141 52 3 135 80 65 264 89 70 21 255 93 202 257 191 312 325 19 151 132 32 309 243 179 313 236 291 14 25 240 282 231 689 690
166 171 108 292 226 173 294 272 221 115 333 11 109 339 73 315 207 275 196 122 209 18 52 253 266 255 310 244 1 191 65 129 182 303 40 21 74 254 49 309 132 300 168 81 32 236 249 183 229 150 69 688 689
171 194 328 55 209 251 187 189 310 79 191 73 24 195 103 305 52 112 61 190 300 155 306 0 174 229 301 126 156 56 141 226 60 272 69 99 144 263 14 129 93 8 87 38 258 205 218 339 689 690
78 46 302 236 74 93 161 282 295 229 72 231 275 32 277 334 325 138 329 155 89 29 82 76 38 205 247 260 141 55 183 196 17 200 321 176 180 73 314 114 182 316 129 250 52 252 186 109 1 683 684
152 236 291 304 308 148 25 233 288 108 156 277 4 292 76 294 164 85 66 208 130 225 79 322 282 203 258 205 218 122 260 18 22 154 196 209 202 323 65 312 89 193 263 32 313 126 77 687 688
236 182 167 231 276 161 331 291 76 38 2 223 155 30 262 202 232 277 128 79 321 181 162 156 312 259 201 263 150 180 252 233 254 144 95 46 243 148 159 300 74 19 251 306 32 299 288 60 120 69 692 693
4 109 43 0 111 32 291 225 146 106 216 141 33 75 330 156 198 24 79 213 255 202 257 28 149 325 259 151 127 8 129 131 252 320 12 309 201 177 245 179 126 260 194 128 196 130 293 187 308 112 182 103 52 107 54 680 699
109 176 299 191 91 112 246 193 303 129 292 94 75 241 177 124 43 73 54 181 115 280 282 218 231 154 156 93 334 226 49 102 270 272 142 318 60 269 311 103 262 25 130 108 200 685 686
133 223 291 304 46 10 176 231 288 81 126 272 208 329 263 155 278 114 84 201 256 108 216 150 23 194 76 87 141 253 187 321 257 191 64 314 184 24 318 294 77 58 18 241 296 309 52 177 131 179 80 61 686 687
223 14 252 172 112 322 187 256 8 221 300 313 91 196 304 164 64 229 297 244 246 73 107 122 18 237 241 191 1 80 42 110 170 276 278 333 183 213 83 177 262 126 321 60 218 150 180 692 693
105 161 339 51 81 30 275 15 334 162 204 18 208 329 221 318 278 203 55 328 196 0 64 264 200 121 255 189 323 299 191 112 193 303 237 239 252 307 80 107 120 311 245 300 234 93 102 106 685 686
161 177 232 69 20 168 84 249 183 59 240 176 8 231 224 292 30 213 11 64 215 94 128 107 137 210 61 12 95 46 315 264 266 83 191 195 92 96 56 186 254 60 120 188 688 689
69 159 282 154 277 103 34 336 325 272 32 87 155 76 318 60 41 278 146 190 311 258 192 262 183 330 23 187 321 244 257 66 314 316 45 239 131 243 54 164 124 18 234 168 22 3 115 170 304 683 684
110 239 41 120 122 313 84 181 3 170 42 106 121 176 112 40 85 288 19 226 98 149 270 164 107 276 331 22 278 146 201 135 1 282 150 315 207 262 23 187 8 323 244 312 325 246 259 180 66 81 92 127 303 56 685 686
239 2 262 204 55 149 164 321 255 323 270 79 237 58 250 137 210 195 95 315 148 208 174 21 317 172 240 68 19 0 310 244 83 246 181 28 111 92 226 305 190 296 143 5 20 182 14 25 291 280 112 8 693 694
17 103 224 0 292 184 294 120 41 285 56 98 32 45 291 333 25 93 95 207 328 213 202 94 270 204 138 195 87 263 318 210 252 144 65 254 80 245 137 179 192 126 260 194 128 249 253 174 299 191 233 301 114 680 681
108 300 168 302 115 170 172 106 213 149 283 325 138 259 64 151 54 131 144 82 313 126 207 304 95 46 132 89 70 187 308 93 176 310 123 19 233 301 34 2 51 173 307 11 96 243 164 177 245 685 686
187 126 77 210 82 33 267 86 269 282 42 114 65 144 95 159 70 317 209 253 321 19 151 34 204 195 250 56 120 5 300 234 122 59 306 106 140 170 155 55 115 690 691
231 60 41 173 203 269 122 33 29 210 191 12 106 121 55 66 257 179 272 183 64 75 250 318 73 309 58 245 258 313 146 262 31 114 144 295 59 93 312 8 221 38 72 215 196 283 164 232 692 693
233 15 282 124 207 103 264 82 127 321 255 1 42 176 325 272 46 70 155 55 331 149 232 256 177 128 315 92 77 58 201 253 229 299 144 95 301 129 159 303 305 74 296 83 234 36 692 693
272 68 232 247 291 282 81 60 41 120 321 167 29 242 112 23 225 176 255 106 87 140 2 234 55 249 66 30 300 302 15 317 293 256 137 141 201 3 216 146 303 61 12 65 95 259 208 193 172 695 696
2 184 52 173 107 120 283 54 96 43 45 278 170 225 1 148 84 33 22 92 336 325 87 129 263 210 331 10 254 14 3 245 5 126 60 315 51 66 308 68 189 312 303 680 699
184 174 115 168 179 299 130 181 226 162 43 24 283 107 58 329 263 210 331 150 180 12 42 333 256 216 40 70 21 138 196 330 189 323 244 193 314 316 143 307 99 296 122 14 167 142 304 38 689 690
29 234 102 278 49 291 20 280 51 293 25 216 31 23 207 99 288 200 202 96 140 142 309 80 122 269 311 245 258 205 302 1 183 75 251 198 253 308 0 61 237 250 120 283 296 43 164 285 56 298 98 111 680 681
87 296 74 122 164 49 102 106 218 339 207 266 334 226 202 94 96 76 8 38 210 91 55 66 146 311 192 247 79 130 251 198 200 255 22 86 180 301 193 1 31 42 182 237 65 10 70 684 685
177 255 189 176 312 246 121 314 182 155 316 55 66 119 241 254 296 75 192 24 247 181 183 295 31 299 95 288 129 224 292 123 138 132 285 276 278 124 262 275 122 84 196 317 127 334 689 690
292 297 249 81 111 299 283 94 288 143 124 43 207 188 267 58 122 52 33 191 225 42 76 174 234 168 330 19 49 192 323 92 137 329 86 218 150 320 333 322 114 84 276 23 317 8 251 72 151 132 696 697
240 241 43 207 188 103 3 216 167 112 61 282 46 189 170 339 193 10 174 21 275 119 202 232 266 83 325 32 316 41 135 320 20 243 258 313 89 302 123 151 242 255 215 310 299 200 30 205 693 694
241 38 253 334 204 270 55 85 115 259 168 250 98 307 43 126 298 311 18 300 3 229 180 31 42 159 244 74 68 221 72 28 51 96 209 60 5 207 182 693 694
23 243 43 298 179 100 221 155 36 0 225 25 218 31 207 154 143 321 81 202 94 149 83 204 325 259 329 250 331 186 333 146 309 192 194 315 249 262 15 253 174 242 297 189 127 237 12 120 680 681
243 246 288 225 76 38 121 204 234 55 66 232 45 75 192 54 280 126 77 58 135 146 218 65 266 10 323 336 270 312 102 196 28 51 41 143 302 5 237 188 306 103 295 59 244 210 693 694
64 244 112 259 127 195 250 131 107 61 12 309 298 179 10 102 170 159 34 216 176 297 28 167 209 41 334 94 283 325 25 329 155 210 333 254 322 135 82 205 73 141 30 11 306 45 310 323 682 683
244 94 309 322 247 107 122 251 52 186 306 295 308 210 61 195 299 301 10 174 204 138 213 283 83 196 181 276 51 291 293 41 120 124 154 330 14 277 334 257 170 314 119 252 30 194 224 307 254 267 693 694
246 11 94 249 79 251 306 43 24 295 126 18 22 186 288 180 31 195 46 40 70 123 291 132 34 333 215 282 32 92 56 275 60 264 321 257 312 167 242 210 112 329 176 8 38 320 66 179 693 694
182 130 30 293 79 299 126 283 285 329 221 10 70 21 93 123 333 19 49 0 151 339 262 275 51 92 96 198 253 321 255 143 173 270 195 25 131 176 8 170 192 234 247 689 690
300 59 276 176 140 253 204 283 30 0 75 247 128 79 328 330 256 24 275 269 82 86 263 278 318 208 242 74 138 68 151 302 315 245 92 164 312 173 154 207 188 20 122 297 305 14 186 216 167 696 697
99 159 229 339 14 103 215 149 162 76 204 138 151 55 85 11 254 311 203 137 150 205 128 262 330 251 198 22 82 123 42 312 259 114 21 237 129 294 298 111 124 28 302 81 102 92 684 685
200 73 226 137 215 52 285 180 210 20 144 129 25 159 282 132 330 111 92 202 270 312 45 120 316 305 318 122 309 322 3 256 127 258 191 302 46 293 306 85 308 19 94 79 690 691
216 234 20 251 293 25 295 59 93 151 294 130 296 15 232 221 143 173 203 24 54 58 122 22 82 146 260 328 65 170 193 149 312 68 213 132 329 305 162 107 190 141 298 245 691 692
234 167 76 106 256 91 245 247 66 302 315 11 183 293 79 54 58 301 190 135 86 336 180 193 89 329 202 19 282 215 339 164 194 60 5 218 257 270 692 693
119 301 43 127 237 58 131 3 254 188 190 80 61 179 65 95 181 170 89 183 304 74 282 49 98 299 154 167 77 215 60 164 208 276 84 144 59 280 150 192 72 102 260 330 251 266 96 308 310 323 257 686 687
301 30 277 98 267 312 58 122 3 295 305 299 180 195 42 278 95 129 193 155 93 257 168 202 232 72 285 102 266 162 245 156 190 120 334 124 336 148 208 291 307 298 115 249 696 697
58 121 176 189 257 299 59 0 294 296 28 167 209 266 215 336 149 96 138 259 85 51 140 11 263 131 41 267 322 5 54 82 192 73 33 141 682 683
94 72 259 28 114 195 81 129 305 173 60 309 164 111 232 245 168 84 291 8 167 224 0 336 325 79 22 320 52 82 86 256 269 80 207 40 306 93 253 684 685
61 201 322 148 190 311 258 15 247 181 73 328 183 317 123 33 257 299 46 305 40 21 100 291 93 282 86 288 79 14 25 323 270 72 140 144 682 683
173 308 242 176 297 130 213 98 294 285 137 122 18 232 52 146 267 280 203 258 159 10 70 262 19 49 83 310 202 28 312 111 316 263 120 307 311 103 148 25 192 181 249 112 142 106 8 689 690
308 333 73 207 107 311 313 52 186 82 167 299 1 80 293 31 65 95 174 168 68 49 266 162 126 96 60 303 41 84 14 148 328 330 8 251 151 321 55 66 325 149 224 277 258 331 697 698
309 330 259 170 174 183 262 98 128 316 77 250 22 218 229 180 282 20 46 129 306 270 132 51 32 30 56 277 15 288 143 207 167 697 698
11 162 98 232 276 89 170 91 280 95 31 20 262 79 92 213 336 15 149 270 83 204 72 314 85 263 76 267 201 56 124 192 60 249 75 174 295 680 699
85 195 316 129 131 51 56 304 60 93 106 95 229 297 339 25 112 288 209 224 92 226 283 66 208 221 263 155 318 144 320 54 86 249 330 264 12 42 121 242 310 323 46 123 259 10 314 684 685
195 256 168 179 313 49 98 28 293 77 146 5 20 14 25 208 8 331 81 203 339 75 154 43 54 202 52 127 131 12 42 329 106 91 252 174 690 691
167 164 181 41 5 54 20 3 180 237 213 283 155 66 221 30 210 278 267 98 28 162 107 339 260 275 82 209 135 86 80 31 334 189 114 148 259 89 318 320 254 232 81 32 111 688 689
24 132 176 310 112 180 127 107 296 232 8 36 293 295 150 42 84 31 288 264 77 92 334 81 202 336 22 3 259 316 208 329 333 25 146 267 188 190 311 137 192 181 680 681
10 21 276 76 89 333 146 267 14 135 0 18 260 328 128 249 304 75 77 255 176 297 5 114 226 52 120 296 164 111 155 51 218 31 86 20 154 224 15 270 83 138 30 72 680 699
21 76 318 252 267 19 80 135 126 260 73 194 75 51 253 68 189 299 312 288 224 52 283 298 221 170 291 91 333 93 148 282 207 328 154 264 255 270 1 70 316 680 681
82 126 247 328 80 249 141 130 25 257 299 250 305 28 81 285 298 41 221 225 159 218 207 215 283 83 325 96 155 318 331 91 146 267 269 22 3 192 683 684
126 33 209 330 143 264 86 191 250 0 307 34 32 107 291 229 114 299 123 237 226 294 76 215 162 285 36 278 146 267 322 282 315 686 687
40 129 142 320 201 135 311 137 192 247 328 128 8 38 317 251 132 242 30 70 127 162 122 179 100 302 170 106 95 150 86 0 154 275 288 143 156 103 28 79 32 81 204 96 72 140 681 682
129 331 115 146 159 322 0 135 137 205 260 207 141 317 330 251 143 132 52 189 202 204 59 38 72 313 96 75 156 127 112 208 686 687
59 179 276 168 172 293 93 54 295 150 84 86 22 42 334 204 138 151 140 74 89 331 131 322 256 269 124 245 313 247 56 181 315 304 196 251 306 5 242 297 114 127 307 55 682 683
179 237 12 106 186 307 91 190 100 313 304 306 282 295 242 18 339 288 150 80 226 148 204 70 123 263 38 132 34 333 81 205 164 317 209 154 198 191 325 259 689 690
100 180 303 316 38 186 120 111 115 15 225 172 176 154 209 86 224 65 95 336 149 283 208 329 68 49 0 278 146 201 28 150 56 128 141 262 196 41 264 266 310 191 14 25 684 685
180 164 203 15 79 194 143 43 73 107 22 202 135 1 316 95 237 252 254 123 138 190 0 313 247 181 302 249 81 111 242 41 120 124 288 84 334 215 127 131 76 8 278 333 689 690
210 311 245 172 304 132 295 229 28 56 120 124 154 294 188 221 331 333 176 76 38 155 168 275 317 15 277 75 321 334 181 323 270 77 107 141 316 250 307 1 691 692
311 191 142 293 176 312 89 204 130 213 247 181 294 305 86 95 84 270 251 102 329 81 302 283 194 96 205 333 15 256 315 328 295 280 697 698
77 196 130 189 310 202 257 191 193 303 65 305 74 298 8 247 168 302 115 183 56 18 336 162 151 12 98 140 208 329 142 91 267 30 15 137 75 86 328 262 28 683 684
196 107 190 3 1 208 263 276 65 159 193 280 74 258 68 49 339 83 328 32 266 164 120 103 307 189 291 304 225 306 242 297 15 79 43 224 690 691
135 137 150 31 194 315 95 46 70 321 323 191 102 325 51 320 254 188 60 192 168 181 103 84 291 183 242 218 76 121 130 75 162 43 54 107 267 159 148 686 687
137 86 317 251 12 46 189 202 323 19 250 252 83 34 307 245 304 124 159 172 20 84 14 226 36 66 164 285 130 208 329 45 331 322 148 3 262 687 688
80 201 65 46 150 205 86 207 141 0 132 72 123 32 114 41 122 232 102 115 170 183 304 295 297 66 288 209 45 81 162 283 83 208 142 52 155 276 318 144 267 683 684
201 31 315 275 251 159 89 123 255 310 49 204 28 307 232 188 225 103 242 112 76 38 189 91 277 55 30 283 75 285 43 156 107 141 282 86 690 691
316 115 202 232 213 247 128 181 264 250 334 146 252 144 329 297 68 8 221 132 328 317 224 96 45 258 209 288 124 256 188 267 103 3 33 280 76 697 698
33 247 181 302 73 315 128 251 242 20 297 68 189 191 14 112 46 127 226 307 41 283 296 96 45 34 280 148 282 264 277 79 213 323 215 270 72 74 76 146 188 680 681
267 293 263 114 65 144 295 242 93 0 221 266 164 194 252 186 191 142 275 121 334 323 30 314 98 54 322 226 313 315 317 229 12 694 695
293 322 282 186 315 131 304 317 270 174 155 55 299 283 232 128 192 54 107 141 250 229 31 12 42 263 114 295 172 123 72 285 83 32 245 194 205 320 696 697
52 207 141 75 251 264 321 15 55 45 176 189 72 18 186 54 285 298 42 245 115 225 159 93 150 51 226 81 41 162 5 20 329 89 131 148 203 682 683
93 140 142 14 333 322 8 72 328 141 330 66 132 253 30 45 191 22 3 245 12 91 291 304 68 34 275 224 92 294 283 684 685
140 307 0 72 32 183 172 282 60 288 14 213 226 149 106 8 164 91 121 55 144 130 146 322 75 43 73 198 266 321 131 31 312 42 46 70 687 688
38 296 43 164 14 159 172 148 269 95 229 339 154 275 156 266 334 257 70 83 204 325 18 314 22 3 76 318 122 128 317 51 66 68 189 103 237 226 294 681 682
79 242 176 32 193 127 41 232 102 291 304 225 159 8 339 51 86 154 75 60 92 334 215 283 155 276 318 91 31 42 76 205 315 19 306 683 684
242 143 154 122 269 86 328 46 193 174 334 255 74 168 270 183 162 192 305 81 307 254 141 256 120 258 218 304 253 297 310 151 55 294 283 285 15 298 693 694
43 121 255 68 189 70 72 120 54 122 232 18 102 115 280 12 275 156 226 202 336 96 32 208 329 276 41 322 5 256 20 315 249 75 251 681 682
247 127 270 314 225 46 91 70 155 307 168 0 83 34 128 302 315 249 304 317 107 141 120 299 303 95 159 285 298 8 221 72 151 132 280 130 96 45 339 262 73 693 694
124 76 213 215 162 83 208 221 276 32 107 280 322 256 148 203 150 205 194 328 114 65 330 130 251 143 198 310 202 323 8 72 102 111 320 60 313 54 302 122 304 225 686 687
12 188 260 60 315 128 0 66 112 46 288 103 294 120 41 56 111 276 36 280 229 218 328 20 209 330 22 323 259 329 142 331 320 1 680 699
188 46 91 297 115 168 288 19 49 28 32 221 276 86 225 150 322 269 65 144 95 203 258 148 205 330 138 253 334 310 51 259 303 250 318 254 190 18 186 291 690 691
86 209 306 121 25 257 303 8 237 72 36 81 298 183 54 22 112 154 275 156 224 46 92 162 164 142 34 144 320 28 146 148 269 684 685
31 190 258 260 130 198 8 112 303 65 186 307 54 285 298 111 232 302 102 291 22 106 218 1 154 275 156 92 336 72 276 76 333 146 680 681
255 322 54 313 306 218 295 42 95 25 251 72 28 249 164 333 41 122 14 127 142 176 323 270 189 193 174 253 204 36 115 30 202 232 694 695
183 103 127 263 142 121 256 89 49 34 107 141 215 336 148 159 232 329 221 123 331 138 278 333 8 72 322 282 66 317 45 198 334 257 689 690
107 143 264 253 312 138 114 250 54 307 168 46 282 295 176 339 98 213 334 215 142 5 146 280 14 25 150 207 328 128 685 686
209 156 141 288 120 14 208 159 285 221 276 225 280 115 111 218 260 130 194 15 317 75 213 334 73 18 312 22 3 127 131 318 170 256 313 74 149 251 295 297 691 692
0 70 325 314 8 307 56 190 3 258 260 304 306 66 55 189 310 299 312 46 54 285 45 34 36 91 106 148 20 143 156 202 336 680 699
70 142 15 131 333 245 181 73 198 1 253 65 121 8 162 298 221 41 225 159 5 106 295 229 18 288 330 334 81 336 74 683 684
170 252 307 320 14 302 91 121 172 155 115 168 130 176 15 128 162 54 156 336 276 278 333 322 74 138 192 339 92 310 120 314 305 689 690
252 121 204 168 19 49 213 128 73 226 56 329 218 150 229 65 144 333 25 132 83 306 295 194 303 207 18 3 131 191 1 42 76 693 694
115 14 3 120 298 304 159 282 15 229 1 151 25 142 19 203 313 249 92 56 132 321 121 189 323 123 5 312 20 685 686
142 190 74 302 282 295 51 96 120 277 5 334 215 122 276 144 269 55 36 66 258 315 207 262 15 75 330 306 202 141 193 687 688
190 275 317 264 277 65 46 189 213 325 19 83 329 250 162 111 254 256 141 60 192 194 150 251 114 306 84 237 55 285 232 15 154 331 280 269 22 260 690 691
322 278 95 174 123 257 266 34 181 51 264 81 92 250 312 84 297 328 330 291 276 334 270 336 121 36 66 313 30 277 45 128 207 186 697 698
207 229 146 159 89 172 123 294 68 8 285 221 15 60 330 18 186 191 336 325 189 198 254 202 19 28 315 73 691 692
191 45 98 249 225 22 297 150 65 213 72 208 329 111 260 103 266 186 131 312 76 318 254 296 30 690 691
81 156 28 226 162 83 96 285 331 20 146 14 148 192 84 194 315 130 306 253 30 312 259 314 15 18 122 298 225 174 229 683 684
72 164 28 278 260 264 321 310 123 68 193 127 250 294 296 15 181 95 218 299 154 213 334 683 684
3 260 1 130 251 253 299 312 114 303 237 307 298 34 168 36 280 20 330 156 202 215 204 250 318 320 122 14 258 680 699
260 150 114 259 329 138 68 202 49 215 28 32 317 224 306 41 237 84 303 305 91 155 55 36 291 198 192 256 275 226 18 264 694 695
144 146 159 148 123 49 194 262 34 310 204 325 60 259 303 5 305 186 84 254 168 8 306 295 176 45 98 226 294 151 329 42 687 688
150 146 95 257 312 259 66 96 254 296 60 73 18 225 127 218 76 46 149 130 19 215 98 263 92 159 280 41 687 688
266 28 323 32 329 331 307 263 65 84 172 123 317 306 151 249 66 111 224 15 120 305 294 237 127 112 291 333 76 91 174 339 168 198 149 98 694 695
121 307 296 164 298 18 232 291 174 295 288 156 325 32 96 278 103 14 313 128 330 251 143 253 202 123 66 299 305 686 687
330 156 56 336 218 20 331 148 208 89 270 221 151 36 205 22 186 299 329 280 46 168 19 264 294 698 699
98 310 303 36 305 294 186 30 296 45 302 291 304 172 218 91 156 224 55 213 283 164 34 73 92 320 280 203 262 317 251 253 321 684 685
46 146 245 313 181 75 198 253 176 314 114 303 164 298 28 302 278 282 174 5 20 25 283 83 8 259 74 208 681 682
51 156 277 224 18 92 149 270 83 164 285 42 278 148 269 258 45 313 84 328 128 141 28 310 312 325 138 120 54 60 304 174 339 682 683
156 264 198 154 303 122 263 186 112 168 174 229 176 277 224 146 283 65 221 333 280 269 83 339 194 28 688 689
54 198 55 123 114 303 237 155 159 42 229 84 154 275 277 202 215 336 83 32 74 41 331 269 245 194 262 304 682 683
198 307 245 114 159 123 74 138 295 297 151 34 111 194 96 213 120 5 20 221 103 14 278 127 333 131 205 339 174 155 168 202 259 690 691
95 258 192 313 315 328 132 76 91 123 36 193 75 131 111 232 18 302 174 65 288 68 226 215 96 138 92 263 276 331 684 685
253 263 192 237 320 258 148 193 297 102 111 294 298 143 282 112 339 76 106 8 189 55 36 270 15 128 693 694
218 269 275 264 127 263 55 149 130 164 45 306 229 146 299 114 303 123 294 283 83 232 276 111 92 56 691 692
269 159 89 172 123 49 314 151 249 320 56 154 302 237 317 103 131 112 299 42 189 285 45 75 73 694 695
89 155 318 278 320 192 313 141 262 130 264 321 299 112 303 42 298 102 291 304 106 15 275 288 277 224 226 202 215 270 283 204 285 684 685
155 123 307 254 296 298 132 83 313 181 249 111 92 304 225 56 45 75 282 295 41 112 336 76 106 221 278 149 333 205 5 65 14 688 689
194 146 215 114 74 329 221 49 102 32 339 262 120 5 20 131 263 176 76 307 254 256 149 302 15 45 75 297 690 691
74 331 131 146 256 32 315 128 249 262 130 321 112 314 114 303 120 66 181 15 225 280 282 297 339 18 92 226 336 65 204 285 683 684
263 280 138 339 102 34 181 28 192 264 334 96 41 318 176 76 317 297 310 15 143 203 18 225 291 694 695
60 277 224 334 336 208 76 331 262 130 66 310 193 314 303 237 250 294 307 296 164 111 30 302 172 682 683
65 256 258 84 73 49 315 34 251 321 189 202 259 303 1 318 131 186 122 232 106 174 15 154 213 83 325 221 682 683
276 221 264 339 328 205 56 277 143 203 154 5 321 237 20 103 14 314 127 112 331 42 176 106 257 15 192 73 245 226 1 695 696
277 111 92 299 41 307 285 14 148 25 112 291 176 282 215 249 66 328 15 45 258 162 192 18 320 159 174 204 168 317 49 151 695 696
192 1 176 257 204 325 259 123 168 19 34 111 302 154 20 237 294 91 329 30 333 45 205 328 122 264 690 691
49 204 325 329 318 331 256 181 73 249 55 68 22 250 96 282 295 229 328 154 275 41 224 5 336 681 682
204 102 256 111 56 302 315 5 297 159 294 36 66 30 164 208 15 331 225 317 1 321 270 123 691 692
317 18 22 320 306 68 232 285 264 32 305 205 41 203 122 84 297 127 291 221 189 91 304 36 66 30 697 698
258 229 305 208 294 257 283 285 202 331 278 291 111 226 205 120 328 103 84 334 329 91 36 149 45 143 162 186 310 694 695
213 312 181 111 303 96 56 320 315 306 131 106 297 168 164 283 296 143 186 333 280 339 123 257 691 692
312 73 278 314 159 329 318 151 34 215 92 224 205 254 203 103 112 176 270 55 66 697 698
130 314 18 237 245 302 304 172 282 174 176 92 285 20 208 278 333 254 146 148 328 55 66 262 143 15 75 128 686 687
314 315 275 254 229 114 25 306 123 270 221 251 102 32 41 5 237 336 186 112 318 333 259 193 174 36 697 698
28 321 92 334 202 208 331 122 256 25 128 251 306 176 303 296 285 56 111 18 225 328 275 680 681
151 336 68 162 283 132 111 333 96 41 282 143 20 251 127 106 250 320 30 296 256 298 304 141 172 306 22 229 226 687 688
336 285 315 132 215 111 92 205 303 254 143 20 131 298 249 313 307 299 329 1 42 278 208 172 123 138 262 698 699
323 32 275 305 254 146 14 208 25 159 221 215 298 249 307 203 256 320 328 127 280 112 225 42 259 232 262 698 699
285 325 8 102 15 45 154 122 103 22 112 299 42 259 189 296 83 34 128 275 92 226 56 114 695 696
159 320 84 148 256 315 189 154 303 73 254 298 232 42 291 229 339 132 275 111 226 141 270 688 689
325 296 303 282 20 14 148 291 106 270 102 132 66 224 18 280 131 225 278 189 193 168 698 699
68 138 318 320 91 254 256 313 42 205 25 251 143 306 189 123 114 303 305 164 245 174 154 36 103 224 215 149 162 683 684
34 202 257 149 259 331 131 256 15 128 262 123 237 250 307 41 283 111 172 282 295 42 339 288 334 681 682
202 114 84 138 299 303 237 305 73 221 18 280 205 339 189 55 334 690 691
56 288 334 149 76 331 146 181 73 249 262 132 66 297 307 122 232 302 102 5 278 91 295 229 682 683
14 106 295 339 328 275 288 15 257 19 76 131 146 256 245 313 249 141 75 8 306 296 680 699
315 42 114 257 232 262 264 294 275 120 297 131 221 251 55 66 30 45 697 698
19 138 193 249 5 306 174 123 299 8 305 294 162 283 221 168 36 91 280 148 282 18 84 143 264 334 257 680 681
146 328 138 237 296 164 298 232 20 122 103 76 55 75 162 221 18 148 687 688
264 283 318 25 83 328 215 304 32 30 75 303 122 305 186 296 42 259 193 55 66 168 232 181 73 694 695
164 225 280 122 112 275 259 250 32 313 181 249 84 25 176 688 689
111 224 36 278 320 203 143 306 321 310 193 318 122 168 172 297 275 685 686
226 36 30 250 320 84 127 313 176 189 174 297 114 172 328 262 102 132 275 692 693
328 229 25 306 270 8 251 298 249 96 288 5 299 131 259 193 257 168 30 296 128 245 305 698 699
331 208 339 321 138 83 305 25 310 291 225 304 298 36 168 232 320 250 698 699
282 229 302 225 295 278 310 168 303 262 305 141 695 696
96 154 32 215 149 270 162 41 20 256 148 203 123 15 254 168 181 1 280 684 685
154 120 275 288 103 215 76 8 278 333 36 205 122 189 193 1 305 132 168 291 688 689
333 138 270 303 41 237 84 295 310 127 42 8 259 174 45 75 698 699
132 73 329 278 320 42 114 102 321 257 237 305 318 294 122 84 131 76 299 288 15 334 686 687
229 203 122 127 334 55 307 45 75 254 162 291 251 25 102 296 224 280 692 693
208 172 32 92 275 143 310 203 257 122 305 318 106 232 91 302 36 304 45 128 299 73 1 691 692
288 120 143 203 20 84 298 8 259 168 149 45 128 313 302 221 304 83 215 32 92 695 696
41 283 83 76 18 22 205 306 321 123 299 32 250 186 296 5 232 245 45 20 295 681 682
8 162 20 141 257 149 193 318 128 306 174 295 310 112 127 294 680 699
162 102 334 259 30 250 305 318 307 254 245 103 127 42 55 149 280 203 339 275 138 688 689
92 334 215 270 329 141 262 306 297 257 305 296 22 280 174 295 684 685
291 25 112 76 251 249 168 128 280 83 245 224 296 696 697
280 302 270 310 30 205 298 225 176 193 257 321 181 32 329 5 695 696
103 225 174 176 5 112 84 215 270 55 36 148 205 73 321 22 193 305 318 307 296 298 83 168 685 686
143 176 141 224 149 25 138 148 205 275 122 18 270 193 131 112 106 55 302 306 687 688
36 250 232 225 339 22 320 148 203 128 249 141 321 55 189 20 681 682
296 106 55 30 45 128 256 313 305 181 32 245 205 254 148 25 696 697
30 127 122 221 102 225 172 106 42 320 254 148 73 128 249 1 66 297 189 680 681
203 297 1 299 224 172 283 278 120 5 127 112 321 310 55 168 15 298 181 302 690 691
232 76 221 305 307 245 15 313 295 298 83 339 275 84 692 693
106 172 295 91 224 334 221 1 42 313 102 138 259 114 318 307 5 685 686
298 305 66 149 45 75 256 278 83 181 224 304 310 297 25 127 696 697
224 205 283 329 127 225 42 76 168 334 128 250 318 22 313 172 221 83 297 692 693
306 22 295 313 193 128 303 172 270 102 249 45 697 698
299 75 73 321 225 176 278 91 307 149 262 120 123 102 215 696 697
15 114 102 278 22 283 25 128 680 699
304 307 22 186 225 168 83 245 254 5 329 123 221 102 283 696 697
127 168 181 302 297 1 123 83 148 20 310 112 307 55 686 687
245 225 176 329 181 141 22 1 20 297 310 25 283 205 45 75 120 18 693 694
168 112 91 256 302 249 75 251 1 283 329 321 5 189 688 689
186 302 174 55 297 310 75 73 303 114 148 172 20 320 254 42 689 690
302 189 91 193 174 257 262 128 73 329 270 313 18 696 697
176 22 76 91 55 237 215 128 84 262 172 123 257 689 690
76 174 20 270 148 205 45 75 259 114 307 683 684
73 1 237 172 339 275 329 55 131 320 256 84 205 249 141 262 251 683 684
174 305 307 251 149 128 303 294 22 221 138 189 689 690
250 149 259 318 256 295 215 120 283 278 131 225 91 339 693 694
189 18 141 22 249 123 83 32 20 205 339 275 131 321 193 690 691
307 181 22 138 120 5 237 112 310 697 698
181 334 259 91 55 141 5 114 294 339 122 18 84 689 690
310 18 114 259 172 123 83 254 297 25 251 55 75 697 698
138 329 128 278 205 249 25 193 102 305 294 172 687 688
305 22 114 148 120 122 131 270 696 697
18 303 294 172 42 141 270 329 313 680 681
45 237 278 295 339 193 329 318 131 320 254 313 205 251 681 682
297 339 278 91 193 149 262 318 141 20 123 251 249 32 696 697
75 303 1 122 102 91 84 339 55 66 251 683 684
225 256 313 295 55 149 303 141 42 114 334 120 318 692 693
318 294 114 148 172 251 283 205 237 1 278 697 698
237 149 128 303 294 278 193 275 257 20 256 692 693
256 42 193 102 294 5 20 25 112 270 249 66 149 128 22 694 695
262 102 249 303 278 91 339 275 128 321 334 694 695
251 22 1 42 83 259 120 148 25 693 694
114 339 141 275 1 259 102 91 329 685 686
172 329 221 278 112 254 313 295 215 689 690
149 303 120 5 84 295 66 215 270 278 205 42 687 688
148 339 32 257 120 20 249 66 303 215 141 687 688
320 257 102 32 275 303 215 122 22 295 1 697 698
321 141 221 215 249 120 295 339 278 91 697 698
329 257 102 20 84 270 66 1 698 699
141 303 131 270 91 205 339 687 688
42 249 66 123 120 283 278 275 270 681 682
334 32 20 84 339 91 249 66 313 83 698 699
32 66 193 221 295 680 681
257 128 254 25 205 5 55 694 695
205 221 120 122 131 254 193 66 691 692
221 66 122 259 91 193 55 313 128 295 692 693
275 254 84 294 283 1 695 696
102 283 91 55 128 259 1 112 685 686
283 215 20 122 259 55 254 695 696
55 5 254 682 683
339 84 278 83 698 699
278 25 131 20 695 696
112 22 313 84 25 66 122 685 686
270 91 259 193 694 695
120 123 303 686 687
25 91 193 131 254 128 680 681
294 215 66 128 122 193 83 696 697
215 84 131 1 123 691 692
249 259 254 313 693 694
122 83 254 686 687
1 259 131 680 699
259 128 20 131 694 695
303 193 84 696 697
295 696 697
128 5 686 687
193 22 123 5 690 691
131 22 254 686 687
91 83 84 5 684 685
123 84 686 687
20 22 83 680 681
22 83 313 680 681
84 83 5 683 684
5 313 680 699
254 66 693 694
66 682 683
313 697 698
83 683 684
405 618 541 433 475 609 422 598 490 532 424 545 666 613 536 657 659 527 540 582 408 650 476 639 410 392 641 575 656 345 341 511 658 526 581 354 528 365 504 638 464 627 640 453 587 521 567 556 626 396 494 441 509 430 672 564 485 394 678 559 480 601 548 561 482 484 497 682 683
618 354 384 469 365 448 582 664 557 610 427 491 423 657 646 500 583 485 564 436 415 654 513 630 643 409 443 522 605 422 373 437 467 584 401 352 565 382 595 416 386 514 361 425 455 635 538 542 359 389 553 453 600 413 417 366 511 590 362 441 667 456 486 539 603 454 695 696
606 608 621 663 372 402 432 496 366 347 560 656 411 505 658 375 490 520 439 435 664 488 653 512 644 557 659 348 378 476 536 637 451 515 630 643 598 400 430 449 464 494 364 394 462 492 503 343 507 403 616 452 535 382 620 633 386 429 425 626 508 670 602 617 404 374 468 694 695
608 374 645 521 551 368 502 647 391 451 579 396 638 381 460 594 411 345 569 592 390 620 633 518 571 552 446 348 427 617 672 425 455 621 663 504 545 355 385 415 479 498 449 616 464 494 671 596 547 577 528 607 458 447 492 392 605 407 554 371 386 533 578 508 478 359 694 695
590 600 514 361 668 455 406 459 519 659 572 523 340 404 438 517 650 413 466 447 398 362 658 558 356 649 401 484 465 598 488 567 410 642 552 493 444 497 557 408 580 648 561 525 639 559 540 357 500 534 436 366 619 409 439 575 526 343 369 673 620 675 367 397 624 461 693 694
600 541 422 674 663 509 665 435 667 386 614 350 603 593 410 361 597 444 412 393 664 374 387 421 644 515 347 549 400 650 483 562 652 577 458 630 365 526 467 418 621 550 531 482 344 516 367 627 640 544 346 631 538 470 583 351 385 587 624 364 496 358 617 672 511 694 695
375 446 372 677 558 505 426 547 496 360 419 365 610 544 665 678 369 491 344 535 656 469 528 649 420 609 409 651 543 370 466 400 655 481 457 472 593 461 408 529 597 362 343 639 452 630 341 371 445 458 634 526 502 394 515 638 519 574 442 563 455 576 376 497 565 349 681 682
446 460 528 379 360 570 517 574 418 369 521 523 565 578 367 348 378 580 571 376 626 452 507 440 496 434 415 619 632 568 491 398 667 358 422 373 403 603 426 407 484 486 341 371 475 596 609 530 477 598 466 534 468 474 595 463 597 531 402 478 520 456 645 471 445 685 686
627 667 571 388 601 497 491 506 536 395 589 406 540 623 440 404 657 483 562 547 398 611 443 441 556 620 643 531 371 401 382 435 529 563 380 495 578 408 359 523 340 472 457 387 551 451 417 668 396 530 541 670 613 430 411 509 539 490 674 379 360 676 665 548 365 695 696
667 508 661 408 553 393 472 636 374 451 466 649 579 481 624 524 345 558 588 458 652 473 537 567 518 467 546 416 580 659 640 378 591 480 536 638 376 589 642 459 489 617 415 438 468 626 492 441 654 556 373 639 676 401 678 454 435 648 599 450 529 669 361 698 699
539 554 675 435 622 529 664 499 514 361 545 538 549 523 617 442 423 595 506 457 502 532 597 652 451 436 366 588 400 445 345 581 379 473 503 518 598 640 574 642 482 591 648 569 637 495 346 455 626 470 370 404 385 632 468 498 513 364 428 625 492 522 614 456 486 690 691
554 662 596 484 640 354 642 418 512 414 644 657 546 363 497 344 478 408 635 639 376 573 421 641 534 385 632 568 524 581 557 413 570 458 625 503 392 467 550 501 535 382 516 609 569 431 666 560 459 672 340 619 374 453 517 468 498 368 502 511 541 411 605 647 509 691 692
478 544 557 480 614 561 438 495 550 484 353 466 596 377 490 430 460 545 479 345 481 409 360 439 672 469 661 595 463 652 643 577 513 346 583 638 651 572 404 506 400 419 449 508 464 383 565 458 633 443 582 437 516 407 626 573 341 630 551 498 619 553 500 444 687 688
544 472 647 638 353 640 574 366 587 396 530 541 655 430 591 580 409 360 582 624 488 437 562 497 564 577 632 416 348 491 461 568 476 636 500 519 370 351 404 464 543 675 447 462 545 615 657 456 670 617 672 371 401 352 553 386 480 650 663 429 586 599 508 538 691 692
349 430 474 366 421 663 357 467 588 341 669 603 403 350 471 594 649 541 517 356 640 453 655 455 389 523 644 591 633 646 569 382 650 584 384 518 573 507 562 401 577 632 566 458 500 392 447 381 502 636 370 427 629 550 497 342 510 631 431 444 607 556 490 492 613 668 680 699
430 503 558 372 613 439 494 396 432 553 487 356 610 623 678 612 424 495 484 431 552 378 662 530 543 342 395 653 425 468 589 481 602 351 523 536 670 470 355 646 538 593 650 383 394 584 476 639 422 535 526 647 447 350 453 340 423 567 580 435 448 684 685
602 610 579 511 505 656 645 454 380 651 552 653 642 497 408 389 412 472 453 646 648 391 421 650 451 402 353 432 436 545 628 549 400 381 643 577 390 384 575 526 471 416 620 461 514 593 495 664 574 346 440 572 587 468 659 672 521 502 581 661 532 566 466 496 477 694 695
610 623 453 517 476 506 604 421 451 436 631 579 594 411 558 509 356 666 379 384 518 467 582 512 344 663 416 348 378 431 589 669 440 351 404 438 513 664 640 428 481 526 605 507 407 648 650 584 565 382 454 465 380 514 574 643 433 463 597 414 578 474 621 694 695
381 611 628 551 672 564 370 432 553 351 674 555 676 489 425 601 379 537 658 358 420 609 341 479 521 534 468 415 536 350 580 472 648 461 582 595 359 410 652 399 641 533 368 588 509 469 632 392 634 568 581 636 449 570 383 625 345 398 387 576 431 512 635 677 681 682
611 345 490 341 635 484 465 650 429 414 497 576 453 525 536 357 534 545 549 460 494 675 492 443 424 626 526 605 343 556 507 437 418 448 670 672 584 516 397 386 450 480 510 533 514 346 340 671 374 438 449 521 532 651 604 353 566 447 477 579 396 481 642 362 441 694 695
541 615 484 435 386 657 549 429 410 661 542 663 584 527 408 389 412 588 656 387 645 500 353 594 649 400 411 513 464 653 576 409 644 646 635 369 569 582 639 397 450 617 342 514 346 566 623 678 570 487 419 498 548 394 398 358 607 441 392 422 666 690 691
620 664 573 484 354 548 601 369 512 546 576 348 561 650 472 461 652 628 619 370 504 583 545 598 621 623 638 364 394 358 443 605 507 403 631 437 673 456 341 371 624 465 679 626 380 361 444 459 519 672 359 676 498 665 551 654 477 579 511 647 662 490 695 696
664 401 614 386 433 646 497 669 557 542 621 572 442 636 673 506 457 451 585 402 504 564 609 549 594 379 409 390 586 437 650 388 631 344 535 629 378 450 431 644 495 574 395 376 589 508 459 583 487 517 498 521 502 496 428 511 362 343 475 505 698 699
537 629 350 495 631 565 459 359 389 523 457 549 604 496 551 672 366 347 676 345 356 588 360 390 656 548 669 488 499 592 467 369 448 433 594 512 452 482 497 651 653 655 536 589 657 580 593 370 534 404 650 479 449 639 513 524 628 364 522 645 441 456 638 572 614 690 691
629 384 518 448 580 397 431 510 633 395 370 504 679 404 549 668 419 383 413 364 394 674 496 358 481 441 471 520 669 420 535 565 595 484 414 444 666 542 655 412 368 502 532 659 604 421 372 451 585 615 661 466 436 515 347 652 479 464 345 643 632 360 439 424 696 697
503 510 523 644 464 445 512 424 384 418 369 562 617 397 427 480 621 470 548 355 616 671 419 552 543 556 358 598 653 545 422 613 373 589 456 525 382 484 582 595 542 410 361 493 601 535 656 359 491 442 472 579 513 526 528 583 391 451 402 353 530 640 347 688 689
374 421 663 412 546 344 414 469 603 484 418 346 486 528 462 475 596 609 370 464 398 587 479 413 589 470 362 650 531 573 386 641 467 443 577 632 513 447 636 504 451 506 561 574 387 563 376 368 556 677 382 626 547 356 549 562 496 360 485 540 553 681 682
675 371 652 465 552 612 616 497 344 580 640 378 453 644 674 559 406 619 570 676 432 504 568 549 400 562 445 577 660 641 443 424 575 654 507 403 437 639 471 501 452 595 427 529 380 597 657 440 519 542 389 523 438 517 419 615 645 466 477 428 392 422 658 698 699
360 444 567 571 560 483 496 364 485 500 621 421 676 489 348 491 612 656 603 658 363 418 660 673 662 488 466 655 468 589 591 404 459 661 461 582 516 650 450 597 573 388 456 445 379 392 460 394 340 449 570 504 506 519 453 442 563 455 353 680 681
444 603 616 486 662 344 596 488 543 598 532 545 342 547 468 395 483 538 351 648 661 404 586 364 394 588 643 656 456 511 362 592 407 528 420 517 640 497 631 565 578 499 633 340 501 514 412 679 450 549 551 498 377 487 621 411 623 345 612 379 685 686
451 562 496 617 344 487 568 665 504 376 546 493 440 495 616 671 660 419 486 488 383 543 490 545 403 468 420 474 531 350 465 599 533 414 575 577 340 524 579 423 387 506 640 347 377 455 523 644 567 409 569 558 505 452 494 399 685 686
562 504 436 545 639 549 586 628 356 379 439 634 424 526 636 467 572 501 363 535 516 616 367 450 431 461 607 514 559 624 351 404 670 532 466 447 343 373 669 352 382 435 386 488 581 350 361 552 596 512 414 642 655 472 453 476 540 593 391 692 693
456 677 490 455 406 534 589 536 470 483 646 593 540 383 364 529 584 639 531 656 511 658 401 647 581 435 515 572 464 506 433 414 359 510 457 421 679 573 347 377 509 485 619 345 676 409 439 489 623 493 418 482 660 427 594 486 475 530 685 686
677 509 520 420 424 637 548 493 616 527 344 397 591 457 536 346 589 619 570 391 623 470 351 515 568 647 628 483 543 577 528 630 398 641 462 473 654 392 471 531 482 352 516 480 533 593 574 578 657 508 538 519 542 340 438 387 502 353 496 366 441 411 475 698 699
571 549 460 616 483 464 547 390 609 462 358 443 343 507 388 369 448 626 668 531 615 352 604 416 672 461 661 533 597 508 459 489 542 669 468 592 551 383 353 566 496 596 530 347 560 441 666 642 655 558 356 644 465 488 518 429 410 363 359 588 632 536 559 692 693
368 564 485 498 540 434 410 491 612 414 548 482 603 550 671 594 486 407 477 398 587 479 521 415 363 646 648 450 357 386 399 641 467 355 511 632 524 645 445 568 502 504 625 396 438 572 358 640 440 362 387 499 341 433 435 569 505 373 615 604 617 417 680 681
564 540 353 515 545 366 619 549 400 543 623 547 528 390 572 614 473 384 671 556 507 437 388 471 501 397 348 480 431 533 514 395 604 508 519 542 385 468 498 449 652 665 394 417 358 579 407 662 371 638 598 410 552 591 646 567 557 580 453 555 639 692 693
483 514 635 648 569 398 477 516 396 505 518 475 426 496 356 511 566 489 433 614 495 616 508 563 393 423 565 486 488 351 679 534 547 415 604 661 424 597 343 422 388 452 352 382 416 658 526 647 660 528 583 519 640 389 642 404 589 578 646 413 687 688
514 445 645 458 462 424 471 574 655 397 578 450 431 648 376 569 459 470 518 639 404 575 566 579 353 447 477 481 362 422 490 550 671 420 401 607 469 622 429 543 474 615 378 536 491 453 551 593 357 402 504 485 436 533 546 411 689 690
395 401 656 524 579 647 581 649 570 358 583 517 464 392 440 508 642 442 455 523 565 633 567 448 380 361 624 437 505 389 630 487 621 676 568 425 438 601 614 550 431 673 379 420 384 598 653 424 666 363 470 417 527 663 463 584 476 599 641 385 588 682 683
401 376 407 409 464 545 385 587 521 536 404 394 358 450 518 452 641 371 382 386 645 566 458 513 640 453 508 455 497 431 578 633 635 448 624 679 492 613 494 428 617 498 419 487 354 384 388 599 412 425 344 616 658 429 550 660 552 682 683
367 568 356 394 383 517 442 455 389 633 567 380 501 393 435 448 569 558 492 357 560 373 386 628 428 443 355 621 555 623 546 438 493 614 414 535 416 471 673 350 470 604 525 580 472 540 595 650 584 397 639 465 586 520 654 347 469 362 632 524 445 392 647 680 681
568 348 476 506 457 346 440 470 534 515 545 355 415 400 623 636 543 394 458 616 398 522 362 550 341 535 382 668 429 617 619 595 523 423 487 517 498 599 669 592 560 377 511 647 460 411 662 598 379 642 589 488 448 646 527 569 637 692 693
353 670 441 496 551 672 364 377 432 555 355 597 412 359 535 656 658 550 462 356 479 642 413 468 523 415 657 659 580 406 582 351 639 531 465 399 588 390 524 392 447 515 570 638 506 376 365 435 448 569 490 424 437 340 547 494 680 699
670 466 496 579 609 347 676 558 420 573 652 484 671 354 365 429 512 665 616 546 363 576 442 342 536 559 540 391 500 642 653 668 436 494 445 364 522 473 424 575 654 392 526 422 669 471 550 371 584 529 593 495 455 474 489 440 408 621 625 387 698 699
532 672 593 520 597 454 533 499 350 474 658 423 502 500 432 466 589 485 633 646 567 400 479 635 582 524 584 626 379 639 488 518 418 448 399 553 497 555 676 348 625 510 546 342 476 506 616 550 440 370 504 355 434 438 449 413 364 428 522 343 690 691
672 391 421 372 566 511 505 658 588 637 650 601 582 612 512 452 616 576 527 557 659 640 644 342 476 555 559 485 674 647 419 662 464 413 577 630 443 669 486 450 529 350 563 410 495 574 646 489 621 359 523 340 625 698 699
573 673 515 607 415 609 464 543 524 666 626 379 615 443 424 403 619 595 452 676 535 599 431 563 519 647 596 487 653 413 432 644 578 347 560 582 637 558 639 390 484 628 465 575 365 632 463 363 527 678 397 378 472 614 555 506 457 574 631 692 693
673 637 365 380 410 601 552 612 433 389 674 453 525 387 583 479 643 464 577 379 622 439 641 522 354 507 403 437 452 614 565 595 427 663 538 470 621 553 385 415 636 651 498 632 449 581 383 466 417 496 358 530 441 373 475 505 669 509 420 371 698 699
621 453 525 536 559 570 402 347 647 660 460 662 592 384 657 467 601 565 637 416 397 529 480 563 574 425 508 634 404 385 587 449 596 640 358 579 631 511 362 373 403 633 426 486 588 356 420 624 582 612 463 663 676 695 696
441 479 655 547 481 366 604 472 527 379 584 531 465 575 467 437 535 579 378 594 636 638 572 361 370 523 419 501 622 635 394 637 558 450 492 417 422 403 617 356 676 489 502 435 386 625 380 480 601 482 660 552 607 393 545 684 685
457 498 619 553 674 487 343 388 491 452 480 669 352 603 495 397 605 662 475 596 488 609 404 668 402 648 396 362 518 652 411 599 520 641 522 511 513 526 365 594 515 528 638 530 344 574 427 565 357 391 622 639 400 615 575 496 551 364 685 686
498 595 372 432 436 377 400 658 345 634 439 636 528 649 473 638 506 448 508 646 635 346 455 406 679 351 507 355 674 555 676 417 557 504 614 403 426 486 341 352 454 596 543 488 469 410 547 497 344 408 442 423 661 688 689
388 519 521 442 563 499 633 501 622 448 569 558 358 615 373 509 432 566 500 489 665 436 380 603 495 616 429 605 473 607 609 530 477 587 479 534 402 591 472 540 356 474 529 663 652 520 654 575 469 445 579 634 647 460 449 462 638 464 585 681 682
355 450 584 452 386 520 654 588 577 403 634 570 462 583 383 638 345 398 442 455 578 433 622 448 679 348 492 604 496 346 377 619 419 676 599 601 372 493 535 616 658 429 594 409 598 587 479 413 668 657 417 538 659 459 580 661 582 637 680 699
450 458 385 579 647 660 594 515 517 394 439 640 653 443 343 373 525 646 397 380 425 454 577 511 359 674 502 413 559 398 482 495 422 484 607 475 371 556 477 679 384 668 551 485 408 661 348 474 476 391 402 601 522 436 685 686
479 516 422 426 407 628 575 382 496 511 632 487 410 557 678 491 389 472 603 563 387 660 421 372 662 598 377 613 409 485 462 540 661 473 584 437 597 369 665 533 363 526 425 376 583 459 651 385 587 508 642 567 447 358 687 688
516 449 513 517 572 383 413 653 587 521 582 341 624 386 518 480 560 641 350 429 380 361 575 425 634 404 438 612 387 432 603 477 671 347 511 552 662 426 622 420 454 613 484 655 354 469 365 536 549 448 527 342 656 645 592 526 434 581 689 690
557 389 393 669 555 387 540 515 366 494 445 528 657 390 443 424 661 418 663 482 586 382 416 427 480 431 645 361 579 346 376 455 406 357 581 594 583 596 523 340 385 585 487 468 576 383 394 373 639 509 490 520 632 350 512 463 623 691 692
497 570 559 469 418 448 550 671 499 397 662 442 470 615 404 434 538 400 419 674 494 652 665 533 362 437 658 482 583 530 519 425 574 521 489 589 512 633 525 453 635 648 584 641 347 481 575 617 411 475 409 688 689
570 348 427 378 431 461 525 559 376 678 470 614 549 464 543 607 413 528 609 492 624 373 507 668 426 486 501 604 529 510 599 493 538 656 669 340 658 453 521 391 421 460 644 445 591 633 458 473 637 567 437 418 399 628 641 692 693
635 513 345 390 575 352 565 427 641 599 431 574 425 376 597 459 489 440 542 523 419 502 581 417 398 477 530 481 392 558 490 520 592 603 386 350 380 463 414 527 665 389 561 342 391 421 372 432 660 583 366 396 598 549 628 613 696 697
458 646 622 376 351 560 434 449 566 676 502 392 422 493 614 561 495 341 607 475 433 598 389 412 538 387 485 661 391 421 663 584 531 465 520 533 467 601 522 577 356 634 460 384 418 530 572 464 452 574 587 344 521 427 378 685 686
601 597 474 523 340 631 423 587 581 421 372 417 613 377 345 490 379 663 439 665 424 469 548 612 654 418 448 582 512 427 649 525 342 476 651 346 666 642 583 434 543 494 524 492 443 628 362 403 386 636 593 410 361 495 694 695
439 565 578 377 501 505 379 615 549 496 617 509 348 431 493 376 495 370 415 419 598 466 587 534 655 547 668 468 589 481 525 362 373 527 540 595 476 371 531 452 588 350 429 380 577 647 636 449 412 423 506 387 440 508 576 631 684 685
565 390 649 662 384 418 471 589 344 427 378 461 425 440 519 434 419 632 566 623 398 678 492 625 511 362 422 403 616 486 352 609 499 410 624 679 493 659 423 674 506 387 551 502 663 665 586 654 656 445 558 660 692 693
384 510 512 345 567 448 569 615 382 553 597 665 436 678 599 533 546 669 416 429 605 607 407 649 662 462 475 530 422 398 545 666 466 521 655 525 646 648 461 408 529 463 584 350 452 399 520 643 359 511 342 502 385 561 681 682
518 563 385 419 513 609 413 428 615 657 549 471 659 674 542 361 586 654 414 522 603 393 526 453 647 438 517 581 528 651 402 432 521 631 475 525 356 527 584 473 424 488 469 628 344 619 555 461 623 476 506 406 614 470 689 690
619 604 366 396 377 594 543 494 528 507 467 399 622 531 535 397 427 529 480 559 376 508 385 415 654 468 449 581 577 566 466 447 477 428 530 649 373 651 371 584 465 646 563 380 593 582 578 650 542 389 442 472 423 695 696
519 520 363 645 579 431 495 425 455 406 530 651 508 640 370 574 587 340 385 631 646 502 383 394 466 624 477 481 392 628 475 371 465 623 499 350 493 669 603 389 412 442 423 342 391 525 648 409 492 473 424 652 373 586 689 690
460 613 376 496 370 566 500 434 555 502 614 548 561 447 660 552 594 486 407 382 454 587 655 481 523 657 433 414 525 538 408 412 393 423 463 453 465 588 643 535 377 513 526 400 411 581 636 583 517 640 563 437 578 499 452 569 686 687
473 563 510 644 410 626 408 359 340 494 472 617 509 566 500 396 678 559 493 379 605 662 475 467 369 399 556 477 363 534 668 481 536 431 425 529 440 663 370 597 404 434 586 599 535 413 645 634 462 362 422 530 572 506 640 587 686 687
563 548 437 418 433 649 662 651 416 598 653 431 342 555 406 540 633 370 434 650 419 449 628 575 477 492 522 507 426 407 581 550 531 614 465 510 495 542 622 438 679 551 496 396 481 665 490 599 379 409 390 588 484 692 693
385 584 452 465 575 348 378 509 403 513 515 636 449 462 583 351 504 453 574 383 499 433 556 343 492 628 341 382 674 487 350 500 361 542 476 599 656 429 671 471 660 528 530 481 536 379 404 417 538 527 408 681 682
404 463 452 535 373 632 447 382 585 576 631 359 389 393 505 372 402 494 628 377 485 553 445 421 676 502 491 625 559 354 493 561 616 416 552 348 475 422 490 589 591 604 459 406 474 650 682 683
463 415 561 438 419 603 550 607 475 362 403 492 613 589 371 657 549 525 659 661 380 542 531 665 520 393 643 535 469 524 471 647 515 411 379 633 646 580 443 365 624 639 575 348 496 511 342 566 346 376 455 555 489 459 351 546 686 687
390 499 346 556 490 613 507 383 419 489 436 678 612 480 656 548 669 482 471 592 594 651 398 359 587 468 417 538 582 639 652 399 454 345 630 522 511 524 392 365 502 394 369 462 625 517 572 344 506 640 453 495 642 442 631 681 682
579 668 615 495 351 674 595 663 438 502 654 466 592 511 605 343 556 407 486 435 465 469 429 512 572 491 442 453 506 521 630 485 549 581 625 345 558 379 616 424 567 365 633 501 531 363 576 416 348 693 694
376 365 403 369 363 344 449 625 517 638 585 398 342 387 455 357 510 499 433 380 490 626 547 560 615 358 362 432 343 663 669 350 550 671 471 605 409 466 668 468 536 459 580 366 637 584 399 575 681 682
436 452 494 509 485 445 566 489 438 400 480 669 603 484 552 424 596 530 598 418 490 666 613 534 468 604 406 650 520 641 469 511 658 592 383 515 528 377 517 362 392 422 585 341 510 631 578 386 429 399 637 679 492 684 685
452 530 464 434 574 644 364 567 362 494 416 496 630 551 555 676 502 414 546 548 669 438 550 671 486 432 417 543 377 490 411 445 345 657 540 650 448 399 597 599 363 641 348 378 522 442 524 685 686
348 581 449 506 561 574 616 499 633 380 569 490 492 604 417 661 676 678 599 533 425 614 469 603 658 592 342 607 346 409 585 521 402 391 659 580 648 637 584 465 641 575 467 341 630 522 643 577 680 699
453 542 418 502 559 603 431 346 552 662 351 415 545 394 428 527 661 582 392 373 650 426 420 371 454 435 632 526 647 414 515 504 344 572 640 391 622 366 400 411 505 445 345 356 685 686
513 648 637 346 553 676 623 394 625 559 362 426 486 605 490 420 679 350 429 380 414 615 508 549 551 412 423 540 529 597 652 421 500 599 496 588 347 535 645 494 509 583 638 354 365 587 437 642 589 482 578 646 689 690
471 638 585 361 425 455 414 510 389 340 580 624 637 560 628 366 396 617 553 634 454 465 504 424 469 365 614 669 344 397 442 679 421 615 659 551 593 595 394 586 599 358 443 480 392 343 437 592 526 371 636 686 687
638 531 546 535 378 342 589 538 553 468 364 417 496 362 373 475 486 371 386 465 663 665 678 350 380 612 433 408 572 671 423 506 651 585 666 347 377 624 657 445 558 592 492 637 354 639 652 556 448 696 697
342 524 394 515 383 504 576 378 609 679 492 604 496 364 674 434 676 357 491 346 535 669 469 403 416 658 550 671 418 660 420 354 596 464 477 411 653 345 655 578 459 527 448 529 531 507 399 641 443 577 680 699
524 582 495 346 351 615 434 487 447 477 362 559 548 505 550 520 605 341 382 350 666 512 591 538 593 372 432 597 515 366 535 464 445 658 345 592 526 528 649 583 651 572 448 574 642 363 631 644 416 397 378 578 689 690
443 576 415 411 624 560 409 509 511 403 555 447 489 502 352 416 559 603 361 346 425 552 440 488 477 534 668 589 413 604 472 347 377 648 362 426 407 476 652 356 420 520 641 533 454 467 522 535 581 378 685 686
576 467 399 363 378 529 609 622 495 624 406 357 666 459 615 419 502 663 566 496 665 358 481 392 588 426 505 490 605 647 465 548 350 585 598 552 640 433 512 655 412 423 506 387 582 402 432 639 485 366 641 543 409 623 692 693
462 589 631 591 567 461 582 624 637 346 455 584 459 370 507 577 419 553 347 392 407 616 605 420 486 609 369 545 534 494 378 604 442 659 551 485 650 391 476 432 465 656 345 647 379 581 594 596 424 517 464 437 521 686 687
589 373 403 426 550 501 371 584 625 529 533 523 622 472 624 585 604 617 674 663 676 597 678 488 548 603 467 369 448 649 344 561 491 431 653 642 540 470 370 646 637 364 528 628 693 694
501 517 653 379 642 488 510 578 633 525 363 427 378 639 560 507 415 449 625 383 413 428 550 358 492 343 426 598 558 613 454 484 534 536 429 591 538 527 408 359 389 542 393 665 487 520 643 535 421 432 592 526 660 594 528 688 689
517 482 595 542 378 431 461 654 588 656 455 357 581 594 434 364 394 466 477 578 362 403 509 382 560 484 628 575 499 380 414 678 423 612 546 506 402 671 347 545 615 492 424 365 659 467 527 689 690
399 506 442 499 488 364 624 424 358 560 604 352 661 432 553 434 597 665 350 425 427 669 429 550 393 528 649 666 466 347 521 413 534 655 536 578 470 591 472 582 474 595 650 507 641 575 630 522 632 403 397 504 682 683
506 397 427 559 548 489 415 609 622 543 679 383 364 547 668 615 477 549 538 343 422 407 652 586 520 588 340 636 442 393 651 653 587 510 377 525 646 411 494 560 641 365 688 689
545 560 575 617 490 435 488 350 612 414 359 616 393 472 607 387 540 357 609 500 402 351 668 657 494 379 648 650 343 418 599 643 397 645 510 594 361 572 470 468 419 413 622 569 582 637 530 691 692
560 396 615 411 604 494 661 595 663 492 354 363 645 605 427 662 583 651 585 508 370 553 644 419 633 413 364 477 428 626 481 575 426 505 407 643 550 490 520 371 676 386 465 429 361 512 671 491 536 387 691 692
648 383 528 649 575 526 422 556 373 520 420 633 659 435 386 465 599 350 593 597 578 508 654 359 389 553 442 387 551 500 634 566 354 679 369 668 527 397 561 640 540 370 351 434 598 415 549 671 419 697 698
578 669 658 605 482 583 382 416 427 640 655 406 538 470 370 593 572 340 637 641 486 678 356 520 386 493 474 607 412 472 525 476 387 540 391 372 402 504 485 411 445 652 665 599 364 693 694
392 466 644 536 591 646 584 397 410 652 364 467 643 445 373 581 583 455 361 499 633 567 435 340 637 613 428 372 485 566 434 623 665 559 493 535 416 658 420 488 609 363 651 378 653 682 683
466 657 549 470 540 371 597 386 531 520 429 594 393 528 438 653 432 508 510 400 512 445 409 584 626 365 507 575 369 496 344 378 612 504 546 425 493 391 671 434 488 622 556 492 547 686 687
584 468 585 364 577 394 398 477 522 481 511 575 526 505 550 420 371 454 586 529 508 553 412 614 421 569 668 615 567 659 531 482 397 612 510 669 425 357 459 605 351 693 694
515 628 378 575 630 346 566 634 440 678 546 487 603 417 428 481 511 343 403 543 615 657 454 593 429 527 540 512 493 389 340 586 491 423 500 660 594 583 640 494 345 523 644 492 525 646 467 569 689 690
616 625 350 429 359 412 393 476 536 357 604 679 626 549 445 661 607 358 654 343 373 507 586 656 535 352 595 416 647 427 593 361 653 389 523 553 551 364 628 475 407 558 484 623 695 696
625 663 546 427 378 346 357 658 421 583 351 485 662 383 577 394 528 575 437 407 531 614 352 416 461 593 425 542 523 340 553 649 434 587 502 581 566 496 631 477 511 356 520 622 628 435 567 499 552 414 695 696
445 391 626 351 551 383 364 398 559 373 407 671 371 488 598 547 668 657 389 340 525 646 593 595 387 652 520 366 396 347 377 575 588 522 643 411 469 632 645 647 449 455 510 685 686
656 455 459 470 553 477 609 481 377 594 663 592 603 669 354 548 365 499 658 369 580 378 412 536 357 421 372 402 653 485 598 400 543 379 630 358 522 654 586 437 482 633 614 352 416 361 495 697 698
581 674 510 663 425 455 406 357 538 419 605 521 662 417 398 477 358 598 373 655 490 633 567 350 410 361 639 433 474 643 442 393 472 536 504 671 558 356 492 354 418 657 344 693 694
489 520 654 412 442 472 658 526 647 402 528 366 347 572 464 644 354 365 369 496 551 461 346 406 357 634 623 434 438 449 603 413 660 417 447 428 362 598 492 655 341 549 591 527 380 410 361 433 652 665 687 688
520 470 370 556 547 668 364 591 477 593 511 403 542 407 486 665 533 341 352 435 592 429 647 651 359 640 472 391 396 569 464 628 630 555 512 669 431 605 552 425 689 690
549 417 626 639 347 628 400 426 632 345 356 566 424 678 365 418 614 671 378 525 421 370 504 668 434 593 663 428 358 665 373 658 662 410 585 508 459 538 631 633 691 692
508 533 588 482 363 526 660 427 662 596 653 574 642 655 523 434 468 569 624 496 447 639 628 641 475 352 676 636 499 429 572 380 408 340 607 543 556 387 372 613 377 595 424 688 689
533 440 592 660 649 449 583 596 585 377 536 657 475 580 569 420 371 484 435 499 641 369 412 491 472 572 421 504 485 366 567 464 494 609 622 624 492 526 418 538 540 595 397 676 529 431 665 346 588 690 691
407 424 655 481 380 415 470 540 359 461 582 650 639 410 588 509 522 634 345 440 561 510 613 615 428 406 391 630 432 553 623 364 480 493 414 669 495 416 671 592 484 605 362 343 552 662 682 683
425 535 469 634 412 449 372 640 642 366 356 409 637 679 613 424 354 628 418 630 553 674 555 491 438 550 431 486 488 530 653 398 534 547 459 472 529 542 476 599 410 575 684 685
535 598 653 574 642 591 402 530 643 454 566 488 365 499 555 433 512 612 614 552 421 622 485 624 558 415 615 464 604 661 542 663 507 467 482 546 382 350 380 690 691
438 474 542 476 652 397 412 423 454 588 346 357 526 647 572 464 585 364 409 523 499 422 373 459 418 628 431 509 434 678 504 440 482 671 484 605 428 366 396 477 547 657 429 593 527 540 684 685
474 419 614 603 658 550 605 660 552 486 343 373 666 356 587 341 534 481 435 591 410 527 540 433 414 582 595 650 586 641 391 634 574 521 631 499 512 369 624 637 363 626 352 382 431 496 346 553 500 340 678 599 686 687
529 592 468 521 651 496 447 398 428 640 642 403 505 633 509 490 484 465 626 493 630 393 634 476 387 421 372 402 550 528 666 558 354 365 507 668 467 418 369 551 674 665 346 357 546 415 690 691
592 480 455 459 440 679 626 553 551 585 566 417 447 398 428 676 678 612 411 669 588 356 658 662 596 552 369 512 527 344 412 559 357 372 637 650 351 400 547 647 492 526 422 507 586 482 693 694
630 644 421 432 659 351 598 400 650 543 394 358 492 424 632 605 418 416 397 640 480 380 410 346 597 633 470 542 679 383 604 362 505 435 548 499 552 369 582 433 662 591 412 442 393 653 555 668 696 697
644 398 641 424 556 507 586 467 639 482 386 455 553 502 663 676 613 486 509 588 454 465 637 488 567 469 552 631 612 433 640 657 525 476 646 500 623 534 617 654 543 547 364 394 607 645 696 697
482 380 651 414 393 472 580 556 432 366 347 615 575 411 356 553 379 676 623 448 416 397 427 378 660 346 455 653 470 547 525 659 449 593 383 394 358 652 599 641 654 522 643 647 454 687 688
547 646 366 580 569 505 356 420 435 643 577 429 493 363 527 344 636 378 412 491 572 614 561 550 406 357 500 609 666 558 358 604 373 341 665 416 612 431 510 603 459 413 402 417 496 691 692
646 577 526 343 639 595 653 435 659 459 538 340 553 468 652 566 645 530 609 481 643 509 622 454 484 354 552 369 612 397 491 461 536 559 455 540 623 534 415 697 698
633 649 409 622 354 437 642 448 580 397 378 574 346 559 641 643 572 553 487 419 449 383 364 417 447 477 640 422 403 371 603 488 668 527 359 442 555 604 347 613 696 697
649 595 397 599 361 574 663 642 440 470 572 487 468 449 671 383 604 634 566 651 624 475 426 666 558 588 622 637 493 363 344 408 580 561 423 555 357 391 617 632 577 607 379 409 526 343 507 531 697 698
531 468 502 413 364 481 511 582 637 641 382 617 674 350 429 634 676 527 408 491 393 500 432 485 347 543 400 666 464 534 615 379 538 424 661 507 595 650 363 599 397 588 440 470 596 690 691
371 420 464 477 598 666 668 538 580 582 595 397 652 454 643 469 346 632 645 634 583 640 561 574 358 433 556 448 490 382 679 352 361 432 555 678 491 658 429 550 366 680 681
420 662 609 350 613 655 468 536 538 359 527 412 650 597 639 652 465 586 641 645 400 528 572 587 510 523 416 556 357 615 628 351 551 674 566 364 394 678 417 427 429 431 552 594 683 684
415 362 641 403 645 341 566 352 382 623 504 410 561 359 389 631 431 622 391 437 366 507 628 400 500 409 663 665 678 369 603 363 671 484 378 486 406 521 655 340 470 525 659 637 683 684
480 414 526 459 594 389 423 387 391 421 432 510 525 366 582 558 626 354 674 555 416 546 461 493 495 550 351 486 434 679 492 383 534 447 604 659 362 593 343 422 540 426 654 435 588 380 645 687 688
657 417 447 477 530 654 526 373 352 599 469 548 350 429 361 433 408 412 655 636 551 421 372 585 566 645 396 400 613 624 494 345 356 650 640 523 434 674 468 596 577 697 698
530 352 604 465 361 542 414 597 423 594 402 496 583 640 505 534 454 569 637 369 626 586 363 575 378 555 500 636 440 612 559 548 561 449 671 413 394 552 607 609 467 486 690 691
383 659 580 465 586 599 467 522 577 526 447 583 396 440 574 362 442 391 567 490 637 679 426 615 386 421 678 546 347 658 484 486 475 596 609 653 424 413 655 369 681 682
659 596 394 428 358 481 362 575 605 426 639 588 603 365 380 410 679 552 597 414 491 655 423 636 476 663 676 504 485 347 507 586 595 580 378 599 431 455 470 523 553 434 521 697 698
495 577 526 647 640 653 574 587 406 391 510 485 396 567 582 637 558 505 364 379 628 492 511 448 674 623 678 504 461 561 671 459 389 340 434 398 591 661 599 654 522 688 689
577 582 370 534 419 449 643 394 417 428 343 556 490 341 380 410 574 609 622 414 538 624 523 553 604 387 391 500 432 566 595 665 599 345 356 596 651 527 555 692 693
398 470 525 417 352 527 540 582 408 650 654 632 403 340 634 647 585 521 510 631 499 341 622 437 613 505 626 380 363 553 393 542 555 493 669 366 660 543 666 534 373 468 682 683
595 502 653 428 362 343 509 490 454 435 365 499 429 380 512 414 632 389 561 442 472 559 391 500 504 400 622 356 526 437 427 652 599 593 361 357 434 694 695
417 538 461 597 652 454 658 526 583 408 651 585 521 442 387 510 499 637 437 505 626 507 496 358 674 487 623 423 559 397 614 427 550 552 607 370 543 389 340 668 683 684
470 641 654 447 575 428 358 343 422 645 426 386 521 414 567 622 423 679 613 626 509 345 623 612 546 467 448 596 416 431 653 534 440 351 449 476 586 686 687
596 386 465 639 652 350 380 361 572 634 636 387 502 421 640 411 505 345 509 569 626 416 674 431 510 525 678 599 455 459 370 583 485 603 671 660 419 543 598 655 526 586 694 695
662 614 408 491 472 587 634 432 396 400 613 643 558 588 409 652 424 668 650 631 546 344 640 663 461 678 455 459 370 534 351 598 626 394 428 641 362 475 426 486 697 698
387 485 419 423 599 669 658 550 418 411 402 591 538 362 393 373 406 476 410 382 412 588 632 403 449 583 585 442 512 433 567 377 556 448 490 505 356 496 681 682
485 494 641 575 617 509 447 477 632 481 553 674 502 623 614 454 561 448 556 397 412 679 613 538 370 542 597 419 665 403 594 653 386 521 380 361 510 389 468 687 688
428 523 536 527 661 411 586 369 397 427 572 440 521 642 346 406 357 351 622 613 426 434 623 341 599 386 614 669 550 486 408 609 651 423 653 666 587 534 668 421 481 402 684 685
523 586 599 343 643 645 660 416 594 435 583 574 414 655 393 487 580 366 377 575 411 632 345 499 512 491 472 543 679 500 370 504 617 538 540 542 597 689 690
359 423 665 678 546 658 484 486 409 585 411 534 468 593 661 408 410 386 507 454 632 403 634 647 623 559 378 499 391 380 569 492 613 668 373 628 604 364 377 540 432 663 680 681
423 678 614 429 550 484 605 347 543 345 356 534 468 525 418 369 459 540 461 397 654 454 588 509 522 632 447 561 574 455 510 567 448 569 352 558 566 487 683 684
419 454 588 345 526 528 464 561 344 408 512 580 393 622 435 558 505 626 426 615 507 566 421 555 623 409 491 603 671 660 651 422 477 350 604 661 683 684
455 469 369 528 583 622 434 569 637 394 377 422 487 426 542 356 665 678 559 669 603 484 433 660 594 378 653 587 661 465 586 379 654 685 686
422 668 341 481 350 380 410 661 461 389 393 509 643 372 347 400 521 642 512 622 569 613 426 494 416 397 542 663 599 340 559 429 550 364 484 660 609 651 683 684
380 603 671 528 365 477 344 413 481 378 402 536 525 459 593 652 632 343 574 391 512 433 350 622 435 424 426 604 496 676 412 681 682
440 418 467 643 634 526 447 636 346 464 421 587 370 642 442 567 580 622 569 358 492 343 373 437 426 502 612 361 559 414 669 671 484 594 475 477 372 666 591 409 684 685
366 373 615 507 347 623 412 493 603 429 605 365 431 486 475 488 344 464 666 534 402 536 357 459 580 593 661 652 364 403 343 396 442 631 448 558 492 680 681
426 598 396 613 536 418 369 586 654 575 643 412 634 647 346 421 351 572 585 574 631 413 499 409 567 459 358 558 492 617 416 551 361 555 502 665 548 372 684 685
598 550 569 465 469 350 512 493 678 527 393 587 476 536 421 566 622 494 409 567 507 418 665 416 555 357 370 504 468 642 496 358 362 575 556 373 694 695
641 504 534 617 449 522 643 350 593 410 493 538 553 412 521 551 502 634 372 496 377 594 411 475 464 494 490 424 461 476 357 696 697
654 623 653 542 434 468 449 661 502 413 496 594 505 639 509 490 386 499 612 408 378 412 491 679 617 647 607 676 586 418 669 658 671 382 431 510 461 346 697 698
396 615 628 553 674 665 678 599 594 475 488 409 651 543 585 477 666 587 668 356 580 540 350 410 344 389 588 393 643 632 634 447 583 572 561 642 442 345 354 435 569 369 437 682 683
382 528 583 345 464 585 411 653 400 402 378 628 588 566 502 572 364 561 358 510 499 622 341 613 604 496 538 551 421 555 599 491 467 548 658 671 526 647 594 681 682
528 416 410 639 459 617 434 566 636 678 372 559 347 669 671 605 552 607 622 454 666 679 448 493 344 408 538 472 674 346 643 492 467 418 591 690 691
623 561 472 555 645 634 647 500 636 464 364 631 607 379 575 418 461 678 542 468 671 413 585 447 477 347 377 666 505 567 612 433 546 695 696
447 431 472 346 652 454 588 643 469 647 362 343 373 587 499 459 410 624 505 615 393 566 487 500 372 555 612 400 548 669 345 550 409 660 424 490 534 685 686
414 614 427 550 671 389 605 660 475 477 377 481 400 345 582 379 586 454 588 526 647 378 449 406 357 510 499 556 364 437 615 496 566 352 676 546 683 684
663 645 609 411 558 356 622 652 488 567 429 650 612 493 363 472 421 653 534 617 464 494 626 607 409 614 599 431 361 459 340 434 698 699
651 341 652 461 350 429 593 410 361 574 542 636 587 521 609 613 594 624 486 345 622 637 488 499 546 527 427 665 442 421 370 504 628 400 449 364 522 403 437 697 698
597 658 413 481 511 486 655 454 354 410 652 546 580 561 591 491 472 632 645 476 559 500 432 534 543 494 379 409 586 624 467 613 416 346 459 542 553 694 695
361 658 475 464 400 591 637 650 505 465 386 354 377 344 449 504 559 493 378 433 424 481 362 604 343 540 432 542 410 665 370 546 680 681
435 594 607 356 534 655 344 459 582 476 406 357 454 575 588 449 583 572 464 642 622 556 637 505 509 551 340 632 393 553 674 555 676 372 546 669 684 685
603 574 607 493 553 666 472 551 661 674 676 612 379 548 467 369 448 512 344 561 378 357 650 626 468 643 394 358 511 556 586 475 631 694 695
484 660 607 410 679 613 540 432 542 347 377 665 586 400 599 643 356 409 594 365 585 344 642 631 431 624 434 507 509 413 394 555 669 341 687 688
660 469 429 410 538 551 502 391 585 566 377 400 624 475 345 509 567 548 365 437 650 467 448 546 527 427 525 536 674 500 370 394 526 373 486 668 697 698
536 566 676 343 373 678 612 341 548 454 552 433 493 472 655 476 551 534 665 356 645 522 594 448 653 642 567 624 434 626 487 413 690 691
665 572 615 679 490 409 622 454 548 631 582 612 546 363 561 491 476 642 653 534 362 605 586 437 639 416 538 698 699
433 614 550 671 486 475 543 556 477 490 492 357 421 540 351 400 586 522 643 469 645 526 647 403 449 572 585 352 510 340 393 626 615 507 372 634 555 684 685
614 512 344 561 442 540 372 432 613 639 345 424 363 378 574 406 538 370 340 679 487 615 521 477 475 505 486 509 341 386 671 567 350 695 696
653 486 352 599 487 402 496 377 668 624 490 652 424 354 488 548 552 612 512 363 640 491 476 504 534 617 434 468 403 697 698
668 486 509 341 454 488 469 548 499 552 363 561 491 442 432 617 628 632 345 379 358 522 343 507 403 467 427 431 510 553 434 585 698 699
350 671 352 594 358 413 402 591 538 459 593 637 650 386 469 632 502 636 640 512 567 369 490 377 487 421 370 680 699
593 511 575 505 486 341 488 410 637 650 476 632 432 634 504 347 558 588 379 492 522 609 622 467 369 582 666 580 559 661 674 652 487 468 693 694
372 617 553 487 500 612 357 669 488 424 413 655 481 406 661 461 650 410 652 412 588 643 370 645 394 449 583 378 499 512 567 341 556 437 679 615 386 507 680 681
496 402 643 424 354 645 363 572 640 406 357 628 511 362 343 634 676 341 666 558 534 688 689
477 604 527 386 650 599 521 558 505 615 617 551 632 397 427 566 461 493 370 434 468 552 413 666 613 343 655 687 688
394 459 472 346 410 465 586 467 588 632 634 504 343 437 626 628 617 487 500 391 377 550 605 418 356 543 411 413 591 682 683
356 341 352 666 358 613 551 476 678 612 403 671 363 594 345 464 642 655 525 461 408 586 628 500 636 442 631 486 680 699
509 609 622 370 624 666 494 538 661 492 542 507 341 647 587 487 449 502 637 475 628 575 454 676 365 429 418 448 493 550 442 472 688 689
609 490 569 469 365 674 580 412 476 391 604 500 504 534 351 411 640 409 424 437 369 599 461 346 634 340 587 487 364 594 505 679 694 695
553 652 543 494 574 522 354 437 363 582 416 351 632 487 449 636 612 362 526 475 486 352 666 527 442 691 692
652 617 521 551 626 403 674 569 454 488 499 512 527 389 491 636 476 604 402 432 400 437 418 378 642 697 698
421 674 402 502 678 669 429 550 543 655 538 527 406 476 586 454 364 343 572 352 512 556 624 679 626 494 683 684
572 612 344 416 397 427 378 459 434 640 580 511 373 490 575 469 493 527 542 491 476 631 432 613 464 379 488 567 369 692 693
512 354 418 607 543 397 679 406 661 340 643 377 475 352 574 386 521 488 429 344 491 442 626 575 402 634 555 678 494 689 690
429 658 475 488 389 655 391 525 540 476 586 379 469 354 352 504 640 442 631 580 413 628 347 341 559 684 685
511 655 591 434 588 492 343 352 587 642 410 567 580 340 472 487 566 400 505 546 548 424 354 488 467 607 622 556 427 442 431 689 690
655 676 362 526 605 507 465 671 574 393 636 487 377 464 494 569 637 548 365 369 363 416 397 591 504 534 647 468 543 697 698
490 486 448 406 658 594 400 587 343 580 569 341 416 566 389 434 678 468 546 493 432 671 605 481 607 499 687 688
345 622 556 448 569 626 494 615 551 674 599 412 418 352 409 543 464 585 521 402 408 344 403 642 431 680 699
622 588 569 354 363 416 661 510 678 449 637 643 408 632 412 587 634 521 604 481 411 475 695 696
370 386 344 636 583 347 431 567 354 569 492 373 494 628 500 676 427 548 669 658 488 464 343 400 468 341 637 408 680 681
386 464 364 468 591 604 408 650 352 397 410 465 647 340 442 499 624 674 434 555 676 599 612 493 427 548 357 671 681 682
344 363 431 552 365 499 488 343 626 538 542 546 548 469 475 587 642 347 393 465 586 507 645 379 434 502 680 699
574 467 448 594 378 406 521 481 362 403 475 634 636 454 465 488 548 499 669 493 546 527 347 674 522 424 692 693
678 561 591 491 476 402 400 464 522 526 507 437 640 510 674 346 538 468 502 481 505 569 341 365 612 698 699
486 454 465 582 393 542 639 586 432 347 585 369 448 567 558 431 413 548 561 550 362 594 352 687 688
542 546 502 432 605 647 347 481 411 585 409 493 639 491 476 406 645 671 343 507 341 613 431 604 551 459 538 690 691
617 566 377 645 494 558 569 379 522 354 365 427 591 510 461 679 540 357 626 538 583 351 487 575 605 556 403 341 469 340 412 521 695 696
607 454 465 488 548 499 582 639 546 527 408 591 632 555 402 400 411 494 631 492 369 448 580 397 427 538 351 551 364 566 362 575 605 373 352 694 695
389 548 669 469 550 605 526 594 346 587 521 582 364 637 639 358 465 588 632 341 636 504 640 561 431 488 437 613 626 494 347 674 681 682
558 464 626 615 548 365 674 546 427 599 431 461 525 357 658 594 434 492 522 403 580 475 586 499 643 566 634 442 472 521 377 691 692
494 347 411 639 464 409 551 674 676 416 397 548 459 434 364 358 588 465 645 658 636 442 393 487 391 402 688 689
402 551 566 341 548 550 671 552 340 409 464 587 534 468 481 525 538 377 580 527 408 586 588 354 526 647 567 615 507 682 683
676 472 636 604 594 671 354 567 365 650 631 448 546 363 561 378 510 406 538 351 481 575 605 505 698 699
377 351 540 432 487 612 412 546 354 416 605 418 583 521 591 448 628 645 343 566 379 504 561 365 488 679 681 682
418 561 442 510 408 340 556 393 679 626 507 487 555 379 409 669 552 604 472 461 476 465 643 469 373 634 683 684
363 504 559 640 499 567 488 437 492 505 626 373 604 491 354 427 409 543 411 642 591 391 580 397 522 645 500 502 680 681
504 643 632 461 636 550 671 364 358 543 362 373 666 341 551 465 650 588 522 642 534 510 365 493 688 689
569 379 666 492 424 556 437 467 588 406 357 487 583 521 413 587 373 403 637 626 488 567 548 527 412 491 692 693
588 459 612 671 552 408 491 585 650 543 632 522 424 634 507 580 427 693 694
472 413 491 362 552 341 540 661 347 643 400 647 594 636 583 424 585 365 437 369 416 679 626 468 686 687
546 408 561 393 631 391 347 411 464 424 354 437 427 431 525 346 357 459 534 351 640 434 591 626 639 505 691 692
548 671 340 556 525 613 540 500 432 534 604 411 543 354 448 406 357 631 351 582 343 465 469 499 691 692
671 679 527 555 391 585 400 379 409 556 467 448 416 357 502 364 352 698 699
631 567 612 378 591 346 351 661 674 434 626 475 352 666 469 642 410 408 340 587 639 500 585 566 643 613 411 634 636 696 697
561 552 448 636 427 525 559 400 413 661 492 674 526 343 556 507 599 431 459 340 432 582 650 575 454 566 499 692 693
552 488 469 567 556 624 525 540 599 492 507 437 583 585 416 642 591 340 487 449 413 481 555 636 341 691 692
499 605 469 365 416 378 461 604 346 522 373 642 510 567 487 575 632 391 559 688 689
362 400 347 661 476 639 410 634 526 449 640 357 393 358 502 599 605 411 680 681
400 507 487 612 340 669 594 488 666 591 459 527 408 476 586 412 469 378 357 351 682 683
674 502 411 658 424 488 612 427 640 559 534 632 413 626 454 661 408 412 442 587 487 698 699
636 461 525 555 346 583 626 364 373 475 341 637 643 493 412 442 521 432 347 666 354 507 369 448 582 696 697
566 559 500 351 543 409 522 526 583 448 640 352 468 413 454 624 615 692 693
409 352 340 487 391 550 488 424 365 525 459 661 410 406 357 522 647 640 343 373 403 683 684
448 521 567 613 378 406 500 491 364 594 373 666 540 442 393 645 647 685 686
467 510 580 364 639 628 403 632 465 491 410 559 391 613 468 591 411 650 476 369 522 645 658 378 346 585 686 687
351 628 643 341 510 437 679 492 626 551 434 555 410 599 612 550 605 594 475 413 468 525 393 406 340 680 699
628 613 632 526 507 437 369 397 461 679 434 615 358 373 475 647 488 640 591 412 393 432 695 696
411 679 352 487 500 491 559 594 475 585 521 525 580 369 650 397 522 632 406 502 510 343 683 684
679 379 424 354 488 437 416 378 461 525 555 642 358 522 343 586 465 599 493 412 502 432 698 699
540 521 413 555 550 354 666 412 491 406 586 424 373 403 585 642 591 431 538 626 340 487 690 691
580 522 343 624 613 604 661 487 468 505 605 647 594 465 354 488 369 493 591 582 534 543 693 694
416 410 510 556 505 507 632 500 605 431 346 406 538 527 403 341 645 683 684
413 459 403 582 650 639 575 522 469 393 585 642 391 347 432 434 406 658 431 666 683 684
459 358 647 437 640 521 431 669 550 369 543 412 492 661 449 465 586 686 687
510 647 354 437 369 642 525 346 357 637 639 449 612 475 454 493 408 393 551 661 464 689 690
406 632 645 449 583 640 352 642 437 613 500 347 491 427 379 605 475 369 397 591 525 527 461 639 454 682 683
469 434 556 449 525 527 341 599 465 658 526 647 378 521 642 432 626 343 373 403 500 555 491 686 687
585 352 612 669 658 487 551 587 454 637 639 582 643 527 645 378 393 525 534 543 358 343 615 437 693 694
534 575 475 634 559 442 393 613 347 615 522 365 658 525 346 487 449 690 691
432 555 605 666 397 591 527 461 637 465 645 352 442 410 567 408 505 393 684 685
431 634 637 505 487 500 434 493 427 346 475 468 661 684 685
634 461 525 357 468 632 669 464 575 341 352 599 661 393 551 502 645 391 481 475 640 427 696 697
647 461 594 475 505 582 527 476 555 500 666 522 354 605 369 697 698
626 650 354 526 632 397 505 410 493 591 412 666 391 695 696
526 461 591 521 555 341 567 556 393 615 500 551 522 689 690
378 661 410 491 464 642 538 461 582 637 681 682
464 505 461 502 493 454 354 397 412 393 645 640 379 437 686 687
461 583 343 454 637 505 408 551 487 502 493 666 613 527 357 639 465 586 522 686 687
507 521 624 492 352 397 612 346 613 505 365 408 393 594 391 688 689
521 437 352 669 346 527 639 575 643 493 550 364 604 424 689 690
397 624 341 613 599 491 559 475 424 666 587 476 643 357 403 682 683
449 476 522 364 640 403 556 624 613 551 500 612 543 354 591 604 437 685 686
468 403 645 594 640 642 567 391 624 505 379 666 481 686 687
645 346 559 487 481 373 599 567 612 493 408 340 643 492 424 637 556 437 666 696 697
352 583 587 525 527 575 643 559 624 613 615 538 551 364 434 555 658 594 680 699
583 538 364 481 341 661 582 493 408 491 442 476 555 605 559 391 500 556 550 693 694
550 393 582 543 555 492 522 346 358 481 343 658 605 341 454 691 692
575 591 543 522 586 373 502 624 661 454 605 491 692 693
639 661 586 643 587 502 481 505 567 582 493 527 442 555 559 696 697
582 666 410 538 669 658 391 567 637 650 527 525 559 500 693 694
424 637 492 613 551 502 357 427 488 379 591 340 683 684
586 556 475 612 493 442 476 555 500 624 354 437 427 525 346 357 693 694
454 488 556 666 650 522 643 408 412 442 640 587 437 555 685 686
373 632 358 613 505 341 661 434 410 612 427 605 680 681
605 410 476 643 594 522 354 567 365 613 559 357 487 364 505 694 695
412 340 347 543 556 604 354 369 465 658 379 343 403 437 410 632 683 684
658 340 661 481 643 475 379 567 612 427 491 525 555 391 343 697 698
410 666 365 408 391 354 369 500 555 493 683 684
391 551 487 491 612 559 493 427 475 666 481 364 661 408 650 587 682 683
551 661 505 669 365 527 587 642 525 500 632 341 624 408 604 691 692
403 525 340 650 465 347 559 365 442 556 613 505 612 493 682 683
594 487 347 481 475 527 476 543 492 693 694
442 502 559 481 591 661 599 624 637 505 615 685 686
427 408 640 347 615 379 500 369 357 475 543 587 591 650 684 685
556 591 354 488 476 555 346 357 500 358 624 666 604 465 340 487 691 692
661 347 567 408 500 358 522 346 538 434 697 698
599 502 475 365 543 364 615 341 612 694 695
615 347 613 437 369 612 476 357 434 492 632 538 393 604 695 696
604 347 481 491 666 555 543 538 340 624 487 613 502 694 695
347 538 612 666 591 527 640 365 369 437 680 699
612 587 500 354 365 642 487 358 643 632 695 696
379 357 637 613 500 559 543 587 481 591 527 650 643 354 681 682
465 434 364 341 522 340 393 624 491 669 346 686 687
502 650 476 343 624 559 365 538 688 689
354 488 364 555 475 543 666 527 637 522 632 680 699
487 591 567 637 434 358 493 393 687 688
613 505 500 543 492 538 695 696
346 642 369 491 543 587 680 699
525 358 522 624 408 505 640 642 491 476 567 689 690
559 491 393 476 500 567 669 434 481 637 365 691 692
365 488 666 357 408 491 669 358 587 642 393 505 680 681
669 340 393 587 476 624 637 650 632 481 505 698 699
567 369 624 364 343 591 692 693
437 369 488 481 340 393 684 685
434 369 492 340 555 408 650 684 685
637 666 643 408 591 393 696 697
591 493 538 587 500 369 642 650 693 694
358 527 408 650 357 488 505 555 493 543 666 680 681
632 343 587 666 642 696 697
341 522 640 369 500 491 680 699
476 491 475 543 481 527 522 642 687 688
481 538 522 643 642 555 666 492 687 688
538 493 527 555 340 690 691
643 666 493 408 369 696 697
340 522 493 624 492 680 699
408 493 543 666 650 393 624 683 684
488 543 357 343 491 687 688
364 522 492 493 587 680 681
493 393 624 688 689
505 357 587 393 500 688 689
491 393 343 624 687 688
393 587 527 492 682 683
624 492 555 343 650 527 695 696
369 492 357 543 642 680 681
640 587 696 697
343 357 475 680 699
522 543 689 690
475 642 357 686 687
650 500 555 697 698
666 500 698 699
500 357 688 689
357 543 680 681
555 691 692
587 642 543 492 693 694
642 527 696 697
527 690 691
543 690 691
492 687 688
680
681
682
683
684
685
686
687
688
689
690
691
692
693
694
695
696
697
698
699
