#/usr/local/lib/python3.10/dist-packages/colab_kernel_launcher.py -f /root/.local/share/jupyter/runtime/kernel-2119b688-3f38-4b5a-b3d6-e140ef2e0719.json
# GMT Fri May 24 09:38:52 2024
# 
206 217 134 230 232 53 132 113 147 210 136 166 47 28 81 214 56 190 37 218 120 124 105 99 152 103 182 167 142 87 110 140 155 55 130 30 64 234 79 203 162 188 77 18 171 101 186 33 31 224 237 46 129 159 10 40 123 74 153 492 493
217 4 68 49 34 13 194 96 205 26 90 41 124 5 69 50 216 97 59 161 142 76 106 110 121 2 193 21 239 202 183 64 15 232 98 181 211 162 9 236 24 77 141 37 52 82 33 67 199 150 61 65 159 40 70 226 74 134 493 494
32 101 29 143 211 79 92 226 147 81 94 85 11 89 210 131 78 67 80 201 5 69 137 71 60 207 141 64 198 53 12 134 55 176 57 178 125 235 169 118 175 122 164 177 98 13 45 34 181 7 22 157 104 161 108 218 44 10 33 481 482
101 92 128 7 37 130 71 187 35 121 202 39 50 125 14 44 114 116 184 107 8 188 230 2 111 21 6 36 168 102 115 117 161 54 77 88 18 233 22 52 33 156 67 215 162 10 219 89 153 208 74 155 144 157 190 203 150 485 486
21 208 142 144 190 137 71 126 9 181 238 51 121 68 112 233 114 169 237 50 118 39 52 173 4 164 177 98 153 100 234 168 6 49 170 225 93 27 82 29 150 97 86 220 22 143 198 211 24 145 134 28 1 191 140 74 87 480 481
208 225 157 138 68 0 72 136 166 47 28 200 81 160 13 205 211 60 120 154 5 16 39 69 163 167 112 4 176 57 110 91 204 66 179 130 238 94 45 77 156 107 141 3 63 165 199 180 80 31 12 42 230 159 221 10 89 492 493
81 222 235 53 224 213 105 226 160 62 13 83 56 164 41 71 87 197 14 148 48 192 126 194 141 57 8 132 2 200 134 36 51 189 138 193 127 182 195 129 107 188 177 52 33 232 124 67 234 170 238 65 174 74 218 165 484 485
222 160 229 175 41 233 120 203 235 188 69 20 99 50 152 182 133 163 14 127 108 161 76 106 8 189 91 225 174 155 6 219 227 17 202 64 128 73 156 107 18 220 22 82 33 86 146 178 89 93 74 153 157 138 19 83 117 28 493 494
29 166 155 168 5 16 102 115 170 20 212 51 25 218 231 152 143 156 90 37 213 136 83 30 72 140 153 87 142 144 188 80 135 58 71 192 126 194 55 176 68 70 59 48 169 61 182 116 50 184 9 239 109 7 56 98 219 480 481
180 201 119 11 75 209 43 156 58 137 88 22 33 63 116 146 204 150 61 182 65 144 46 239 89 40 74 153 104 188 190 49 151 53 83 147 236 160 111 13 26 60 218 90 231 235 50 211 178 215 59 76 27 210 223 155 85 115 491 492
201 42 144 46 211 10 104 202 157 187 0 47 181 28 111 13 92 164 26 56 190 41 143 124 184 39 225 182 163 97 127 161 87 38 189 91 170 224 55 115 168 119 130 228 75 158 109 162 192 54 210 88 141 3 216 116 150 492 493
139 163 22 52 233 31 95 147 129 25 160 10 40 93 123 151 219 19 155 113 199 159 111 62 148 216 7 41 124 196 39 69 145 122 200 48 127 78 59 131 140 8 87 237 110 91 186 6 115 175 188 230 166 179 64 94 181 43 107 488 489
163 90 183 143 238 16 172 99 233 131 235 23 169 57 171 140 228 155 164 119 75 128 79 212 162 214 54 216 207 116 209 150 198 80 31 42 200 114 65 144 125 189 40 74 104 157 19 72 132 136 28 230 177 26 37 489 490
97 166 60 126 168 238 39 227 119 44 48 167 4 169 38 160 11 98 219 140 94 100 142 79 197 144 199 133 146 77 135 22 3 33 63 192 209 65 145 123 178 191 125 193 49 0 72 53 34 237 184 239 47 186 26 124 485 486
166 171 226 215 4 76 230 151 121 36 160 30 164 212 15 205 218 43 194 58 137 88 82 86 202 12 114 144 159 182 195 10 70 184 74 186 0 117 9 51 111 236 183 225 56 141 37 227 60 71 105 5 169 25 490 491
50 91 225 106 148 108 229 152 15 45 207 167 209 156 224 92 160 22 96 153 195 144 146 40 67 69 71 194 128 9 185 198 119 132 174 189 110 112 233 127 5 182 103 116 184 14 120 162 164 111 23 8 38 482 483
91 107 25 109 100 223 236 83 159 36 174 95 30 60 90 169 211 224 145 39 147 96 63 48 98 153 61 155 197 133 93 214 85 137 150 192 205 207 198 9 43 13 58 136 37 191 22 82 71 86 114 235 184 20 485 486
74 219 142 197 131 144 135 150 205 37 196 41 185 198 119 35 39 178 116 57 8 38 107 111 124 6 51 100 168 223 115 236 15 238 93 95 43 24 218 152 99 167 209 211 94 215 46 151 10 85 483 484
219 153 151 102 83 47 111 30 96 175 75 209 225 203 154 229 69 99 133 63 48 127 142 76 106 170 174 204 119 149 179 64 128 158 192 43 88 7 141 37 236 52 82 238 135 86 218 169 80 144 231 197 14 493 494
160 2 224 171 213 111 228 145 164 41 124 39 118 20 199 122 18 103 44 3 33 205 42 76 209 187 202 149 0 64 193 147 98 109 28 239 186 135 183 225 46 125 40 176 231 157 4 167 8 38 72 489 490
41 42 218 231 165 99 167 103 15 136 149 204 96 72 24 155 22 3 33 188 148 82 124 12 205 194 141 196 117 185 77 19 123 57 193 9 61 182 237 171 63 175 122 43 177 111 20 236 25 225 23 95 481 482
42 16 137 20 25 62 55 8 38 123 191 59 103 237 171 30 105 226 118 162 56 45 221 234 155 223 236 49 104 225 159 106 1 12 205 218 86 207 99 154 77 158 79 134 19 204 193 28 127 87 63 76 37 199 481 482
192 211 146 161 150 176 110 40 70 68 83 232 47 234 111 92 96 175 225 26 238 90 105 39 20 99 133 44 127 213 23 228 230 136 55 6 36 223 149 100 179 64 94 98 79 203 218 43 73 24 152 182 196 491 492
211 51 111 62 90 135 184 169 197 14 78 112 142 4 76 57 8 236 151 136 164 194 11 94 128 109 203 237 207 137 122 182 52 131 221 61 12 114 95 189 140 40 70 198 218 19 49 220 177 181 493 494
90 176 62 13 233 56 7 37 60 92 213 105 226 215 96 78 155 144 76 57 38 190 150 55 66 126 141 130 132 134 202 73 123 58 88 18 127 3 173 80 175 46 230 181 102 223 19 238 172 161 95 28 485 486
134 195 155 43 24 197 33 148 203 67 16 80 114 125 196 89 70 187 104 38 102 34 193 169 2 47 111 62 239 13 186 26 175 188 60 179 5 168 118 69 133 227 174 108 218 233 154 224 6 149 94 45 487 488
153 138 19 210 151 53 132 47 28 13 194 120 5 187 118 99 189 202 133 14 108 182 112 239 27 57 110 36 179 223 225 98 159 227 54 229 231 7 141 82 33 154 135 156 150 114 65 144 215 40 489 490
20 104 238 51 106 216 229 150 231 86 99 220 209 156 145 158 79 200 202 151 85 195 89 17 210 78 11 148 124 60 73 141 62 183 130 53 121 70 125 193 184 6 239 52 173 19 109 177 98 221 34 115 480 481
104 14 210 131 78 59 199 148 190 27 87 128 85 183 196 100 185 198 187 15 121 98 191 112 43 54 182 18 237 171 118 228 122 80 164 65 10 236 170 172 106 68 174 216 53 110 231 165 209 62 169 151 485 486
4 96 230 0 111 232 221 155 157 25 214 40 84 33 1 75 24 79 215 136 17 193 85 195 8 142 65 133 190 16 60 181 115 236 7 128 183 238 9 185 187 189 231 165 178 112 125 48 237 158 171 94 480 495
96 99 112 233 154 167 103 213 215 164 221 157 199 133 148 203 63 78 126 194 196 200 36 66 202 138 49 94 114 127 184 28 118 43 13 230 7 111 115 236 1 170 225 117 95 172 227 10 89 216 176 485 486
55 61 116 237 171 184 186 109 232 33 234 168 181 115 170 238 108 110 49 103 92 47 9 13 26 98 5 35 144 199 212 133 214 135 190 137 23 27 77 198 66 200 6 123 136 57 178 30 125 11 59 72 482 483
61 6 135 11 45 181 73 183 24 66 121 68 3 112 125 193 31 184 105 107 122 177 111 232 19 100 221 115 157 47 13 174 229 150 56 231 167 209 5 16 156 224 39 145 44 25 136 48 197 65 78 212 483 484
99 106 174 108 35 218 69 167 25 169 103 224 158 23 57 2 36 17 131 30 212 146 214 75 98 126 77 183 3 33 136 191 46 114 195 70 116 107 228 0 175 164 9 221 234 181 51 102 485 486
230 106 38 185 2 200 179 30 164 11 224 175 45 109 143 107 122 18 182 22 52 116 146 210 176 65 170 129 198 19 49 213 132 34 147 13 92 126 26 220 37 154 105 218 199 148 78 233 172 494 495
145 220 235 62 92 169 213 71 228 151 39 69 221 223 48 159 214 148 150 152 117 85 51 11 187 94 45 79 109 122 103 184 239 22 52 63 127 86 76 125 181 236 10 70 172 185 0 229 53 113 128 165 488 489
220 205 209 60 120 71 143 69 122 152 197 48 112 191 76 27 38 140 174 6 36 66 168 179 234 30 75 24 156 88 18 141 63 135 165 116 150 214 226 114 65 129 89 70 232 19 49 223 34 47 28 51 111 493 494
117 158 226 147 18 103 3 108 67 221 12 46 144 157 110 133 146 10 40 214 148 49 64 196 209 130 73 62 88 121 189 202 138 193 237 171 44 120 188 122 87 236 170 183 47 36 30 176 45 75 60 233 235 486 487
158 92 193 26 195 237 239 35 69 175 188 84 177 190 44 179 127 108 181 225 106 8 87 38 155 85 115 17 218 165 235 73 54 215 162 126 156 58 137 116 80 31 46 203 148 10 89 196 53 132 83 200 489 490
136 171 34 107 88 52 223 146 35 16 1 216 137 125 205 14 129 207 68 187 8 102 132 113 47 36 111 62 30 195 197 45 60 186 54 177 179 168 3 33 236 127 12 174 121 233 130 488 489
171 6 66 130 198 187 45 202 109 154 191 73 54 197 22 239 112 175 1 80 190 110 40 168 119 149 227 174 53 176 28 9 111 62 77 26 7 37 135 165 69 144 44 127 59 142 216 8 490 491
235 205 94 75 173 184 207 54 188 88 122 152 103 133 52 216 33 146 191 80 195 76 125 70 232 49 0 83 113 147 98 47 111 226 156 56 35 169 199 229 114 44 129 159 157 187 87 132 215 115 494 495
122 236 128 170 238 106 229 85 165 167 94 156 226 43 73 149 22 67 1 159 65 214 25 216 40 70 137 59 23 8 2 111 191 11 193 182 129 199 54 39 118 69 18 135 177 168 181 487 488
236 152 182 14 167 231 48 78 108 112 142 23 110 223 174 204 234 6 149 179 183 147 98 128 73 54 107 146 1 65 197 159 10 123 19 47 13 224 7 124 154 105 239 494 495
6 182 116 129 107 54 175 43 45 115 36 49 51 161 218 231 31 86 209 35 224 226 94 28 83 17 85 8 76 12 133 188 80 135 148 190 124 71 84 7 9 53 66 176 114 127 480 495
37 165 88 213 70 83 151 63 210 144 78 133 135 190 137 126 17 183 238 130 185 53 66 15 121 68 112 182 103 3 105 228 120 109 12 164 45 100 113 47 10 102 170 159 93 148 481 482
165 205 105 16 118 59 191 204 112 142 76 87 121 239 115 66 130 64 75 179 79 181 170 183 24 238 58 227 141 229 22 3 63 86 167 150 125 148 129 159 89 70 228 93 68 212 111 26 490 491
92 103 224 7 149 14 48 78 148 203 87 38 2 198 132 36 66 187 121 189 123 191 125 79 114 237 129 54 184 226 186 107 3 82 113 1 168 40 214 227 161 95 108 150 68 49 0 53 83 485 486
16 227 229 150 84 156 200 213 0 215 70 138 72 193 127 142 63 197 131 23 65 199 56 71 126 60 14 183 75 119 187 176 8 57 59 114 169 173 107 175 109 43 98 232 113 234 34 47 212 38 480 481
227 118 69 152 182 84 197 14 48 212 161 112 191 23 140 174 17 119 15 177 107 58 82 63 135 86 146 199 80 144 46 125 148 40 70 172 138 68 233 151 102 196 9 226 164 56 143 124 154 494 495
176 143 173 177 43 39 118 69 18 152 103 22 3 33 167 185 131 229 1 178 170 115 119 149 226 68 215 228 162 221 7 150 114 78 108 59 23 27 57 8 102 132 204 193 11 175 186 490 491
128 202 3 82 31 129 114 40 175 190 19 49 72 83 223 225 28 161 229 26 231 71 167 5 118 213 147 14 228 162 87 142 110 2 85 36 214 119 216 137 64 75 141 130 198 107 58 88 487 488
194 233 116 67 150 31 12 228 46 125 189 129 193 174 172 123 19 49 34 47 28 9 51 120 71 124 154 188 152 84 167 127 78 23 197 106 199 87 38 121 155 149 130 30 15 45 98 177 73 137 491 492
233 15 120 143 124 24 54 78 142 195 12 170 121 174 85 115 119 198 202 183 0 213 34 113 177 47 43 77 107 58 238 7 135 35 129 231 212 108 23 68 27 53 36 17 111 494 495
87 107 162 175 98 232 100 113 83 181 115 229 110 207 143 39 224 226 25 215 23 76 155 89 210 2 36 135 11 203 124 126 79 196 132 187 63 178 112 127 46 105 239 40 484 485
107 143 132 187 17 123 15 182 195 184 239 18 103 109 3 190 12 183 65 225 108 152 112 98 169 224 28 215 56 7 164 140 197 146 25 148 216 78 137 141 486 487
182 85 168 100 15 94 45 98 43 224 63 135 150 1 80 223 123 212 68 216 218 181 51 196 198 7 71 189 124 69 195 14 25 239 199 131 23 8 140 491 492
133 223 95 125 159 19 0 72 113 28 226 51 62 126 149 56 7 120 140 5 155 39 14 148 127 205 76 38 121 2 115 66 202 178 193 79 195 43 54 197 58 175 86 116 234 487 488
223 197 178 25 78 59 38 121 200 164 175 205 43 207 54 188 118 77 88 18 186 82 228 131 195 95 110 140 193 70 155 138 213 102 132 83 28 162 9 111 62 35 169 199 114 493 494
152 238 135 5 144 178 59 224 138 106 215 162 2 66 11 15 75 143 214 216 24 58 207 82 63 86 146 1 80 65 125 204 70 149 197 49 239 186 98 190 51 62 168 56 7 489 490
45 110 123 46 116 239 186 162 54 30 56 177 232 58 47 102 170 43 225 159 93 216 22 3 84 218 167 200 40 94 151 72 34 197 144 135 26 71 60 75 196 238 39 77 482 483
110 131 60 173 186 120 177 181 115 3 48 108 172 161 27 57 231 156 100 224 19 228 28 144 71 199 212 159 148 203 150 44 25 93 143 23 123 204 193 51 127 116 11 486 487
225 197 44 48 157 238 106 57 170 215 119 100 30 164 11 64 79 203 207 24 188 186 67 210 214 31 195 125 189 198 187 19 0 213 83 34 113 56 71 218 35 199 494 495
17 48 103 224 0 105 226 173 120 109 98 111 47 157 25 5 93 40 229 150 84 205 207 88 209 35 198 200 213 215 28 70 204 19 129 15 135 82 75 238 130 132 68 231 44 10 125 167 59 480 481
48 113 115 238 93 95 229 24 218 86 167 103 224 1 31 162 46 140 142 155 76 214 69 190 13 126 141 7 196 119 79 189 70 191 125 184 23 239 65 54 109 2 56 482 483
143 187 13 88 178 156 65 95 173 25 151 164 23 138 68 214 120 196 124 105 198 118 202 18 191 204 52 82 67 131 140 121 70 85 177 130 179 64 34 98 79 238 172 185 73 488 489
187 77 137 88 22 82 86 146 214 203 1 80 89 40 174 209 123 138 151 34 113 204 9 120 105 5 169 103 167 127 59 131 23 2 85 66 130 30 11 213 75 79 491 492
112 124 64 75 113 126 181 109 18 161 174 52 218 67 154 167 31 12 46 226 10 89 149 221 53 210 62 13 148 105 130 95 84 121 202 123 125 23 114 27 195 131 486 487
228 231 72 151 102 2 196 100 30 164 205 15 209 203 154 54 52 216 12 189 170 10 40 49 183 0 34 162 9 62 226 126 26 135 116 5 199 114 65 14 44 78 108 59 93 494 495
231 120 173 69 63 78 76 27 189 121 174 204 155 198 149 100 30 49 75 34 177 109 28 73 24 126 58 82 80 31 238 95 10 172 157 239 196 51 111 62 164 26 494 495
66 169 237 129 54 239 3 221 113 115 159 174 108 150 49 9 79 200 213 147 202 94 149 26 151 72 5 197 89 146 25 135 84 27 75 196 185 198 119 132 68 189 191 15 114 483 484
169 203 164 60 120 154 105 54 69 18 202 3 167 191 142 31 12 188 168 119 49 83 113 147 170 238 174 62 13 58 146 150 144 173 215 14 129 108 157 53 490 491
85 195 184 19 0 173 120 175 177 168 7 71 35 229 218 14 44 88 103 224 105 27 147 57 38 204 138 151 157 75 135 203 73 24 54 58 141 67 132 1 189 65 40 484 485
57 120 109 177 98 111 232 234 181 115 170 52 172 33 93 106 229 218 12 167 40 103 213 215 49 149 162 204 155 78 80 69 82 124 126 62 183 130 121 70 191 127 30 482 483
120 224 119 147 202 162 151 43 24 140 52 199 116 214 135 190 1 46 141 196 121 189 83 34 123 191 47 127 51 239 186 175 188 232 118 69 103 181 216 229 487 488
15 123 70 191 125 237 184 175 43 177 232 58 100 113 234 34 157 170 38 93 27 216 108 229 84 86 154 103 11 26 204 151 140 142 76 197 144 212 3 67 190 1 132 480 481
123 155 144 54 203 33 150 185 46 198 89 40 189 93 191 125 19 0 193 51 188 56 7 71 234 126 181 35 39 159 229 78 59 218 76 27 106 224 115 149 30 487 488
238 84 186 63 161 27 140 121 70 119 130 147 79 28 9 73 13 141 86 67 146 31 178 59 138 72 132 185 196 200 71 173 203 24 54 494 495
205 150 80 31 95 148 178 129 159 49 8 210 132 83 34 2 196 51 164 26 71 35 118 44 3 33 167 63 161 12 27 140 170 193 232 0 177 9 43 77 88 7 22 492 493
119 118 237 197 173 186 116 179 126 46 168 181 70 185 161 68 53 213 226 56 147 162 151 5 221 155 84 210 14 212 93 8 38 72 2 209 115 130 198 100 486 487
131 232 234 68 19 172 83 113 161 98 229 26 71 173 35 65 14 78 142 108 155 159 27 8 102 216 51 207 141 196 94 60 200 79 109 202 73 54 191 204 18 22 1 188 487 488
11 125 9 116 39 52 175 100 34 155 47 36 49 212 25 146 159 27 216 84 86 141 154 22 35 77 198 13 191 83 127 76 144 12 188 203 8 2 196 172 0 108 480 495
125 148 79 137 150 54 77 191 46 193 89 184 83 34 164 9 234 13 7 172 161 35 118 44 25 156 147 202 149 76 204 221 142 487 488
52 126 207 2 62 36 64 198 68 178 59 24 116 63 184 33 111 232 100 181 102 157 40 95 49 86 209 156 213 215 151 35 39 155 89 25 78 146 67 82 71 482 483
126 33 200 80 95 191 138 10 127 140 68 49 186 199 188 98 47 28 181 26 105 14 25 78 93 173 72 2 151 164 115 51 142 146 124 203 118 141 487 488
24 64 198 68 178 70 59 127 63 105 226 118 173 186 162 232 113 47 168 115 157 106 161 229 84 31 86 88 213 215 22 204 142 25 146 67 58 0 181 75 480 481
64 54 70 188 109 46 40 113 157 170 19 53 161 174 95 229 9 51 13 154 88 7 149 39 151 14 59 89 210 23 199 212 80 38 214 69 2 150 207 196 132 79 189 483 484
1 80 82 3 84 18 73 62 183 9 130 178 70 193 127 129 239 65 43 111 58 234 47 115 36 159 214 27 86 88 156 26 215 149 204 138 19 140 197 144 12 480 495
80 203 46 10 86 141 130 198 51 62 129 184 60 118 239 173 109 179 44 25 100 234 168 59 102 183 76 108 229 2 167 54 18 3 33 210 212 484 485
22 73 207 200 189 127 173 8 43 177 179 100 234 34 168 157 159 51 108 150 31 44 18 167 35 224 226 26 39 83 151 98 140 89 135 203 124 480 481
108 179 5 69 157 103 159 172 174 27 154 8 209 224 213 204 151 94 75 140 9 43 144 212 63 137 86 196 65 83 28 13 175 164 60 232 486 487
179 193 197 76 186 140 170 121 174 36 232 168 149 100 234 181 162 86 224 213 46 178 129 204 93 172 138 210 38 102 212 203 51 13 56 71 209 5 200 33 167 63 490 491
195 100 49 0 83 177 79 47 9 229 7 116 5 224 144 95 178 78 59 93 232 157 151 102 185 36 30 164 175 75 60 105 184 73 54 118 200 213 127 142 197 492 493
79 121 114 26 116 239 65 177 111 221 113 181 159 106 161 95 216 218 36 167 30 88 156 147 162 69 18 140 89 210 137 84 196 0 198 34 484 485
121 239 18 232 124 63 170 31 46 10 89 40 167 147 9 149 162 62 155 71 157 212 69 190 203 103 84 150 185 198 76 106 132 200 36 487 488
54 185 30 127 237 63 184 43 162 175 100 102 172 148 216 10 218 207 53 200 147 94 149 13 138 210 186 35 135 137 482 483
12 67 82 124 137 58 73 44 178 167 7 103 116 237 226 109 177 98 100 89 102 170 172 93 106 27 40 84 18 35 77 198 200 83 151 23 144 199 146 480 495
67 84 46 141 40 185 198 200 19 0 68 53 34 28 9 114 62 237 56 173 186 162 111 113 14 115 59 172 106 174 150 8 38 213 226 202 39 76 89 199 148 483 484
135 137 114 209 40 200 202 132 9 62 239 186 26 7 190 234 44 25 172 185 174 218 8 154 167 213 226 98 142 77 210 86 488 489
137 200 95 46 129 68 132 34 9 190 7 168 71 118 103 84 14 44 25 127 23 106 149 162 140 30 94 75 210 98 146 73 58 18 3 207 141 488 489
239 185 204 198 100 30 147 186 216 214 114 65 46 129 68 232 151 102 34 47 9 56 173 203 105 39 84 14 161 23 106 8 494 495
33 7 183 51 132 68 191 25 59 116 226 8 162 175 177 30 155 47 157 93 40 161 154 35 94 149 10 142 76 89 65 78 28 71 481 482
68 83 204 98 142 197 144 78 69 203 191 193 127 116 51 237 26 186 60 109 111 221 113 44 159 95 23 154 2 147 215 162 483 484
83 53 204 138 197 89 144 56 148 84 39 141 196 200 76 237 129 105 30 175 43 73 100 58 102 115 174 229 31 65 46 88 484 485
185 88 215 18 3 82 232 116 161 221 212 140 214 10 155 203 216 168 19 183 0 113 209 147 162 189 141 193 154 184 5 197 69 186 199 84 190 234 151 491 492
114 199 212 146 148 216 77 130 3 82 200 86 31 46 184 173 177 102 234 115 13 218 105 178 154 103 25 226 147 93 106 38 210 36 486 487
199 144 95 46 193 218 207 19 196 51 5 14 234 76 170 229 36 115 94 237 173 73 188 156 58 88 232 141 86 146 150 31 492 493
26 86 209 147 149 138 140 142 155 197 78 212 148 124 141 183 130 198 191 59 237 129 18 118 186 162 164 98 36 172 93 31 44 480 481
86 7 71 132 14 44 237 72 2 188 177 60 43 73 106 174 95 63 167 105 147 10 94 204 210 47 28 212 146 93 190 484 485
198 63 146 150 70 93 157 102 132 28 62 224 60 124 5 118 44 212 142 214 189 193 155 36 30 0 202 492 493
204 202 49 102 147 62 14 129 93 237 27 106 8 215 36 115 100 30 94 212 173 203 154 214 186 3 116 191 65 140 40 155 492 493
202 28 162 13 77 69 95 84 178 25 172 138 27 38 200 224 130 164 175 154 232 43 212 167 214 203 31 209 193 174 70 183 0 492 493
100 193 237 175 164 177 111 232 181 102 94 106 218 88 224 105 46 149 162 89 140 221 155 144 203 62 56 130 200 69 189 84 485 486
193 130 19 181 77 156 58 82 31 148 44 25 93 8 38 151 132 47 111 56 214 216 39 118 218 186 127 142 174 491 492
53 18 3 31 214 46 71 10 207 141 75 130 19 28 43 13 72 127 237 63 184 65 109 25 221 181 102 170 159 174 95 229 218 36 88 103 147 482 483
72 94 140 210 58 212 7 148 82 71 150 35 65 130 25 200 59 178 191 127 237 129 197 36 173 186 30 190 232 113 115 69 183 18 159 172 106 229 218 154 10 483 484
94 34 178 47 28 51 116 237 129 60 5 111 168 115 14 156 30 213 226 147 0 75 149 151 43 77 58 214 148 183 196 93 485 486
144 212 10 203 216 150 138 102 60 5 237 173 186 103 14 44 232 142 23 181 43 77 63 221 95 157 488 489
77 209 130 13 58 200 138 237 44 173 23 190 111 124 8 38 102 170 56 95 5 88 39 149 27 140 155 210 78 212 146 214 216 75 9 484 485
209 7 226 39 84 14 159 232 78 172 221 210 151 214 2 196 130 30 203 184 207 167 116 146 76 95 46 140 40 174 183 98 47 162 492 493
9 132 147 191 19 186 78 56 177 69 124 130 51 229 7 103 105 39 30 8 23 36 212 82 95 75 88 480 495
51 156 103 213 105 226 14 221 146 93 148 30 49 73 75 43 46 25 173 109 232 8 234 2 170 172 161 174 482 483
156 56 189 124 154 35 39 118 184 59 190 106 38 140 2 155 183 149 130 30 75 229 109 43 224 141 82 10 93 159 19 0 151 102 132 489 490
197 210 168 218 98 47 5 35 150 84 127 78 138 36 30 164 229 173 154 43 73 58 82 161 46 221 189 492 493
210 89 40 70 172 19 49 102 132 34 47 62 56 173 5 35 215 39 84 14 186 142 106 189 2 155 98 109 213 43 88 190 493 494
95 5 35 150 84 44 78 196 8 38 200 189 75 73 109 164 58 88 232 82 63 181 172 154 226 13 7 221 142 485 486
212 14 178 25 89 214 218 196 60 71 173 207 118 69 18 63 78 27 106 189 149 19 34 28 162 73 146 232 493 494
7 207 35 147 215 19 23 186 69 62 183 196 237 175 98 34 155 102 49 170 25 38 172 93 480 495
70 142 28 13 71 130 31 132 10 40 49 38 105 186 2 162 175 109 113 102 170 172 69 218 44 167 138 151 483 484
142 232 234 19 49 0 34 229 224 147 69 84 164 157 8 38 146 214 196 109 88 31 173 186 46 129 488 489
130 18 3 82 184 63 177 65 46 234 93 28 62 56 60 147 44 155 59 23 150 141 132 98 178 487 488
190 207 31 65 170 89 155 168 49 183 34 113 181 111 62 39 84 129 159 78 172 138 106 224 226 30 75 184 73 203 127 491 492
207 116 35 65 14 178 113 2 234 36 60 173 203 154 105 3 82 167 78 191 27 106 46 189 10 40 49 183 147 177 181 28 162 13 492 493
132 58 18 155 148 129 10 141 196 0 102 189 62 60 186 175 177 14 44 170 159 172 76 154 167 487 488
88 196 35 178 191 69 84 44 25 164 113 168 159 174 229 58 103 3 226 162 65 46 140 19 0 28 141 484 485
196 82 146 150 65 148 178 159 10 157 113 200 124 105 5 188 103 127 161 27 2 115 183 492 493
60 3 154 167 31 10 151 140 76 69 203 44 189 25 59 116 38 63 118 173 65 186 36 188 113 181 115 170 216 483 484
46 30 148 73 189 27 129 226 118 109 34 177 98 111 43 168 13 157 172 218 138 482 483
5 161 174 229 150 44 213 151 19 10 65 82 124 116 129 118 173 175 164 111 221 234 168 36 157 49 38 214 480 495
161 232 118 69 168 84 127 78 23 76 106 38 140 115 237 213 215 164 221 58 141 116 216 218 65 93 151 113 13 184 175 489 490
49 151 76 89 8 38 58 181 0 43 3 116 118 164 56 234 115 19 170 148 216 141 200 482 483
39 159 93 30 154 215 76 27 69 82 150 141 34 200 191 116 31 118 173 65 188 25 164 58 113 23 8 481 482
159 118 103 44 214 203 23 151 36 237 186 18 234 31 181 172 149 0 178 147 226 215 71 489 490
14 102 36 106 224 147 149 138 30 140 89 188 124 18 178 63 186 162 43 3 221 155 480 495
102 162 59 164 155 38 150 200 178 138 184 118 173 89 188 124 113 168 183 106 62 218 35 224 485 486
13 224 200 213 215 151 23 65 82 71 18 62 2 174 167 103 118 3 56 98 172 214 44 0 480 495
118 174 109 18 149 82 116 140 214 203 216 93 47 129 184 173 44 25 78 23 8 486 487
30 164 221 113 36 157 38 93 40 216 84 44 149 138 140 146 203 124 174 481 482
174 69 188 183 140 170 36 168 162 226 232 65 148 129 10 203 59 218 157 8 189 490 491
151 138 164 221 155 62 191 27 8 38 36 149 186 98 109 183 178 224 489 490
2 105 177 111 234 47 89 25 172 106 27 148 216 141 147 28 138 129 146 82 3 44 178 59 127 237 480 495
105 154 167 224 147 43 103 148 150 40 183 19 28 178 56 237 129 184 35 186 175 177 44 232 93 170 27 486 487
170 173 44 177 232 38 183 172 75 178 162 224 226 63 146 221 129 40 0 47 154 490 491
34 23 78 146 188 69 203 18 189 3 116 237 162 177 113 234 155 172 148 40 84 44 141 213 481 482
138 164 19 28 146 65 44 25 200 78 93 191 23 184 186 175 232 181 183 73 172 18 103 31 76 10 147 488 489
154 229 218 71 35 69 224 103 215 127 106 155 203 73 18 200 65 129 173 93 234 147 183 47 489 490
116 115 75 109 73 189 58 175 188 10 234 113 28 224 215 103 84 44 78 157 486 487
218 103 25 59 76 106 38 149 188 58 82 229 214 224 237 0 56 493 494
178 75 73 63 31 168 149 19 184 98 28 56 71 229 25 59 23 157 27 215 164 175 490 491
229 173 84 78 76 168 177 109 43 73 58 18 141 63 146 93 172 157 232 62 494 495
113 78 149 140 155 188 141 43 3 191 31 25 89 93 232 221 181 157 56 35 167 486 487
173 164 224 237 226 109 43 73 58 221 63 168 200 147 124 84 172 106 490 491
237 36 149 167 63 31 189 168 19 213 47 28 184 44 78 59 157 76 106 8 494 495
27 175 56 58 168 181 23 172 93 150 31 103 224 213 147 215 18 188 148 69 19 191 59 127 65 480 481
175 38 213 226 98 221 162 3 82 89 172 189 0 28 62 188 71 232 167 490 491
44 115 172 214 106 23 213 147 82 203 18 73 481 482
115 124 36 172 75 109 43 215 162 25 146 38 150 183 200 189 35 127 486 487
232 23 221 215 149 177 109 63 31 129 93 47 35 69 148 127 494 495
162 186 188 84 168 181 78 140 109 215 73 164 129 89 157 489 490
226 75 184 188 84 216 127 234 10 0 147 109 82 146 65 148 89 23 221 38 494 495
78 93 214 216 167 224 213 140 82 191 186 109 164 31 484 485
164 8 224 43 3 65 140 191 0 28 186 234 150 489 490
103 106 56 35 18 63 221 148 150 73 189 191 127 129 109 38 181 47 485 486
167 183 215 221 75 43 65 40 59 93 157 8 38 186 188 490 491
25 36 216 8 141 75 147 215 127 140 129 76 172 59 480 481
76 188 10 234 181 35 213 59 98 140 23 221 157 82 18 191 63 127 184 484 485
188 106 40 183 109 43 62 58 65 216 148 59 8 36 124 184 186 63 491 492
129 216 109 191 10 89 184 93 186 177 8 38 183 172 75 106 487 488
224 124 35 69 186 63 23 214 106 140 168 147 65 493 494
36 109 98 8 111 58 168 38 150 10 203 84 73 62 35 481 482
186 181 148 157 216 56 124 18 491 492
3 183 189 127 43 56 98 155 47 157 38 84 31 35 213 146 58 71 480 495
73 31 127 40 184 0 221 47 214 71 216 35 149 8 98 89 148 203 18 483 484
106 109 234 168 183 216 63 31 214 203 62 56 71 486 487
38 23 172 84 141 213 18 31 181 189 35 481 482
124 213 215 28 58 56 146 214 203 141 89 59 200 23 191 140 184 234 69 181 487 488
10 89 71 18 62 75 189 184 98 111 8 234 40 213 215 149 480 495
191 75 234 98 146 215 93 19 221 28 214 216 35 189 149 491 492
59 234 155 93 148 58 84 200 215 65 28 82 203 71 189 109 482 483
234 23 189 155 147 177 109 58 82 146 148 89 0 215 47 71 494 495
75 184 109 98 221 84 56 71 200 213 69 149 140 89 141 183 189 484 485
0 8 58 62 183 172 189 43 98 155 47 89 157 93 40 18 35 480 495
183 82 63 149 19 141 35 215 69 84 221 172 491 492
19 89 65 58 71 62 63 177 111 47 214 40 150 213 480 481
89 40 203 141 62 23 177 111 168 172 58 18 65 484 485
146 93 47 71 84 23 216 98 109 149 43 157 203 488 489
203 157 200 35 23 58 18 82 63 492 493
40 69 71 23 127 184 111 221 31 28 147 481 482
93 221 109 111 28 213 147 149 98 485 486
28 200 149 69 127 63 47 168 214 480 481
200 58 215 141 65 216 172 213 111 62 18 168 492 493
35 213 215 140 181 62 31 184 43 155 47 481 482
84 31 216 147 215 47 98 184 177 111 181 484 485
221 172 23 109 184 82 216 31 189 213 177 56 150 65 493 494
62 31 140 155 56 189 127 63 181 216 43 483 484
172 127 149 43 141 157 490 491
111 8 149 140 98 58 63 31 177 168 69 486 487
147 47 141 177 168 82 63 31 488 489
168 127 8 149 181 98 63 213 157 214 189 69 490 491
149 184 177 213 18 148 488 489
155 23 56 215 157 150 148 489 490
109 127 43 31 213 47 71 486 487
69 47 82 141 8 177 483 484
127 214 150 487 488
18 157 214 148 150 213 71 480 481
23 216 141 140 82 181 480 481
184 215 58 141 63 31 148 56 491 492
82 141 47 56 157 214 215 58 484 485
31 71 181 189 214 216 140 481 482
177 8 181 148 213 56 216 490 491
58 189 181 140 56 141 482 483
47 215 8 71 482 483
150 215 98 56 141 489 490
141 189 71 488 489
98 157 216 485 486
215 71 8 214 65 493 494
71 56 157 216 63 483 484
148 214 189 56 181 488 489
56 213 181 189 157 216 482 483
8 213 140 480 495
43 65 157 214 481 482
63 214 65 483 484
213 216 157 493 494
157 214 489 490
216 214 181 493 494
181 491 492
65 189 483 484
214 140 493 494
140 488 489
189 491 492
405 456 296 447 364 245 275 256 436 279 392 367 299 431 401 382 263 248 278 422 477 361 242 295 389 472 285 387 421 476 264 317 347 298 258 414 273 416 458 241 282 384 286 411 388 468 333 314 393 470 461 323 274 450 452 291 321 272 351 490 491
456 275 476 354 324 418 399 348 363 446 427 378 316 391 464 376 455 325 404 251 415 457 472 413 463 294 428 467 262 341 273 407 303 337 371 450 320 416 305 335 429 410 433 329 280 314 344 438 389 423 453 387 451 302 332 430 381 411 493 494
446 457 438 423 461 312 372 323 450 376 357 351 415 430 281 447 403 254 388 269 371 352 448 380 331 425 242 325 306 304 474 417 368 398 478 313 264 317 396 362 258 381 411 262 341 375 307 301 464 477 286 399 433 280 414 444 333 412 492 493
457 397 244 259 342 455 440 291 272 404 251 296 379 330 360 279 339 403 284 288 318 348 431 435 282 346 433 395 306 359 438 340 270 453 338 417 398 451 264 294 366 317 347 298 277 292 243 303 439 301 462 335 286 388 265 344 468 493 494
272 341 275 396 343 385 319 248 442 336 325 393 329 373 320 377 379 447 368 315 438 293 427 374 308 429 363 310 431 420 367 409 301 356 479 349 404 296 338 351 285 298 274 247 342 476 397 410 399 412 271 403 337 350 326 339 250 481 482
341 253 366 447 296 277 449 370 330 440 429 442 260 339 365 254 367 316 278 428 364 246 419 408 340 270 476 285 401 348 264 294 458 407 243 303 396 409 451 326 466 256 387 271 389 305 286 333 437 384 259 452 454 430 377 445 485 486
302 449 396 451 321 323 301 325 280 437 452 441 259 322 293 274 377 311 366 379 287 313 381 291 304 425 438 266 372 440 281 416 376 275 431 352 279 290 354 475 367 356 265 303 479 299 417 248 338 351 419 353 246 467 414 392 326 394 483 484
449 253 460 473 247 462 475 330 311 375 245 275 466 455 468 384 470 437 388 459 472 461 427 378 297 465 454 306 321 445 334 451 383 364 453 362 258 403 371 435 416 286 365 350 429 380 410 395 314 408 308 423 478 353 338 421 268 492 493
420 441 389 340 255 315 432 338 447 383 313 264 377 362 262 322 407 356 431 301 384 335 286 365 424 479 329 344 374 430 308 289 240 417 357 268 402 478 291 415 266 469 300 475 358 451 453 265 455 468 299 459 297 248 361 325 276 355 491 492
441 320 271 447 384 335 363 344 378 240 353 287 249 291 266 277 345 279 260 465 478 422 437 254 284 407 288 318 348 299 401 458 244 410 361 425 242 414 246 306 453 370 270 251 459 349 283 463 317 396 452 262 322 273 356 386 439 492 493
279 465 412 242 414 469 416 350 392 270 462 396 409 464 332 334 402 395 450 252 454 443 377 324 379 259 368 383 304 425 372 295 429 376 297 418 277 262 299 312 367 356 411 413 426 347 254 265 296 285 298 263 342 476 289 481 482
465 358 339 373 284 367 474 371 382 397 416 478 242 455 246 325 459 359 389 404 304 334 368 383 413 294 428 362 426 243 386 450 241 271 354 280 414 333 314 374 442 289 423 342 357 268 402 291 253 332 385 445 266 296 281 311 494 495
296 383 396 451 464 261 387 442 334 316 450 439 452 373 386 428 364 377 366 256 381 241 423 436 286 317 438 306 265 416 429 365 433 477 411 345 287 358 268 426 360 338 298 410 333 467 348 469 403 288 337 458 471 482 483
378 444 459 323 461 384 366 317 347 377 443 360 345 447 320 260 339 290 438 324 385 369 442 244 297 248 312 435 426 351 336 300 474 349 408 313 358 399 467 258 373 262 292 322 273 337 473 394 282 462 335 451 361 398 455 359 488 489
444 442 259 289 293 417 287 249 291 351 366 396 330 281 311 275 309 469 373 403 418 369 399 473 288 299 412 352 391 470 246 276 440 472 340 404 385 255 315 450 294 392 422 445 458 262 401 431 435 380 410 280 414 395 363 344 408 492 493
337 406 419 300 311 463 256 423 344 412 346 284 318 350 392 394 263 462 451 343 331 453 242 466 295 246 276 306 391 270 255 334 384 298 328 262 447 381 252 385 374 310 363 376 431 433 308 435 274 356 369 424 360 336 364 485 486
406 367 269 466 352 413 263 397 316 331 376 246 276 306 257 359 340 285 443 368 283 264 347 436 303 386 401 320 301 305 286 365 369 399 435 250 329 280 261 437 259 428 312 430 387 432 402 332 381 412 469 394 345 256 418 407 388 477 490 491
397 324 254 369 288 269 363 450 463 263 244 297 278 312 342 454 372 443 357 445 246 257 321 270 304 379 330 442 433 435 367 424 437 479 301 365 361 250 310 261 325 314 421 293 377 460 473 462 475 360 356 345 400 390 413 489 490
290 331 412 246 467 388 270 251 471 447 339 460 407 328 383 451 464 440 258 400 389 312 314 435 382 316 305 250 428 320 375 430 322 364 315 357 253 293 429 247 277 475 245 275 409 301 343 424 358 479 413 360 415 269 459 244 353 482 483
331 371 254 349 470 417 314 364 353 408 421 248 355 410 242 399 287 359 414 335 458 392 339 462 464 294 398 334 389 336 318 461 382 282 327 450 384 286 386 246 259 436 283 313 429 247 277 418 292 281 433 326 256 477 424 485 486
309 344 399 412 467 348 305 286 471 460 409 464 308 385 453 466 402 287 268 249 266 277 382 437 384 318 275 430 443 254 379 269 315 370 425 427 297 440 278 376 418 310 295 433 354 475 367 477 369 424 358 413 349 470 351 273 355 410 483 484
344 380 448 254 437 299 439 443 316 248 366 381 276 306 423 370 438 359 255 338 283 313 328 422 477 369 411 424 262 292 322 303 345 360 362 419 421 476 467 240 401 342 390 268 394 407 332 336 266 385 400 442 485 486
314 459 382 395 318 452 375 287 268 366 436 281 438 359 245 275 427 319 440 376 352 354 356 424 263 244 426 267 278 347 417 472 364 246 257 291 474 270 251 304 285 399 264 471 460 464 241 282 387 334 305 391 483 484
459 263 427 308 466 248 312 425 357 321 245 447 469 362 392 422 324 288 367 318 352 382 435 267 350 414 359 389 340 370 259 417 368 432 366 328 381 277 356 386 458 256 320 354 384 437 448 399 473 250 452 299 493 494
353 387 442 269 299 389 267 248 327 439 246 251 443 364 377 319 349 434 249 423 438 347 298 328 374 262 307 367 422 470 244 308 289 419 312 293 323 478 321 332 454 467 390 330 392 460 345 407 396 260 464 324 254 284 486 487
387 429 357 431 291 277 379 330 479 364 256 260 472 373 419 367 348 476 352 263 412 414 418 246 276 473 359 462 370 409 466 319 349 455 468 402 313 395 463 326 386 371 452 271 252 401 350 280 374 308 427 323 488 489
253 462 275 396 249 277 319 440 334 389 247 257 312 435 327 329 450 305 439 307 428 430 377 244 379 423 315 478 295 431 352 365 286 407 422 343 347 402 294 349 417 252 463 452 454 246 269 403 324 458 240 326 339 460 273 480 495
265 274 329 342 463 276 399 333 467 335 269 248 315 328 275 396 330 453 308 376 325 318 254 428 364 298 311 366 300 368 423 436 261 372 350 240 418 352 409 343 356 477 400 334 347 468 247 281 270 472 285 256 340 241 480 481
274 400 321 376 269 336 263 244 369 382 437 450 371 242 373 386 307 251 255 445 421 315 357 264 427 258 374 262 350 471 297 418 475 252 343 303 292 413 250 468 281 349 461 342 276 289 268 346 335 266 339 328 383 317 481 482
291 475 260 345 284 455 402 391 338 252 282 267 382 384 318 452 289 390 285 432 324 381 436 370 425 317 429 442 376 241 354 367 424 292 426 349 417 419 474 408 355 476 359 401 403 458 281 392 473 462 482 483
475 404 434 385 464 304 478 334 468 285 315 319 462 313 298 262 407 356 371 320 454 301 350 433 310 408 359 259 423 323 338 417 402 332 466 381 460 411 330 245 458 473 467 452 327 461 361 455 357 246 257 494 495
432 451 371 390 320 416 433 414 310 261 435 363 439 259 293 323 417 472 287 321 476 375 245 471 260 339 284 477 288 367 376 461 276 355 359 340 419 370 270 404 304 334 349 383 264 294 447 328 258 392 292 322 273 407 303 491 492
451 453 351 396 336 379 360 311 364 439 256 324 388 448 412 427 244 327 278 391 361 478 246 306 251 304 315 473 338 294 422 273 386 450 461 416 335 350 410 452 250 310 333 438 259 240 421 402 493 494
358 350 478 257 469 255 264 466 455 468 389 322 303 326 393 241 320 252 450 286 439 375 443 377 390 392 289 434 312 383 268 372 427 440 361 429 336 376 247 300 330 311 437 426 360 343 324 362 472 352 346 278 410 486 487
311 390 458 392 460 394 241 271 252 305 385 398 319 400 389 435 382 316 371 452 373 379 256 381 425 438 359 254 299 350 363 352 365 267 354 369 424 413 306 257 402 349 270 362 404 304 285 395 408 399 262 483 484
390 454 326 275 256 365 284 288 318 348 327 312 342 372 306 424 270 285 315 300 472 283 264 343 292 467 307 469 403 458 473 350 361 394 407 462 250 261 409 355 389 370 466 240 468 334 404 332 377 463 381 452 489 490
256 454 467 388 401 403 392 381 462 330 332 240 376 268 391 367 259 380 327 316 437 373 320 300 434 476 254 423 372 427 361 429 471 363 284 242 409 356 411 479 251 349 283 393 340 342 243 480 481
454 354 418 348 427 267 248 342 293 372 376 357 436 276 257 434 464 477 255 300 472 474 426 243 322 288 371 271 252 346 286 380 410 414 325 374 359 389 340 338 319 349 287 402 332 377 411 281 326 245 493 494
244 336 349 240 351 393 340 461 287 408 410 278 267 269 445 258 271 447 381 241 438 372 332 442 455 380 303 424 316 375 430 300 421 313 247 304 359 469 361 295 429 352 286 354 277 398 411 347 294 480 495
336 312 323 343 464 453 466 402 251 380 330 281 448 461 382 275 384 260 375 430 269 445 379 447 316 327 438 440 276 306 365 255 422 356 369 347 360 470 472 342 305 399 401 250 329 310 348 416 333 392 485 486
383 414 427 298 416 471 407 326 396 245 466 305 400 468 404 333 393 263 308 395 463 278 399 357 388 276 401 257 443 434 345 438 440 431 273 288 307 252 437 479 380 415 280 310 340 421 304 478 425 467 488 489
414 294 426 362 258 415 348 419 352 350 467 280 310 395 325 389 370 460 473 304 334 462 268 402 249 283 466 468 411 322 472 326 356 448 241 335 388 250 329 443 269 363 342 242 332 422 490 491
276 288 356 254 303 269 402 294 415 283 267 285 474 242 408 278 270 251 403 284 328 258 319 332 273 321 455 241 271 380 393 327 329 384 388 259 443 313 368 315 304 438 266 306 429 297 299 481 482
288 257 421 463 357 467 348 283 392 339 273 409 385 332 453 400 389 391 250 380 316 437 371 320 388 430 377 324 379 247 423 370 304 317 359 306 319 295 308 310 352 269 303 479 413 415 428 364 482 483
367 419 359 421 463 423 319 313 328 473 394 398 252 455 468 310 380 333 461 450 289 373 386 375 388 443 266 436 281 370 360 372 427 440 433 318 269 348 369 411 479 415 361 261 487 488
242 411 466 413 468 360 415 470 472 393 340 395 329 463 278 241 282 324 260 381 394 317 438 277 398 332 442 323 270 433 380 250 263 305 243 364 298 245 315 357 251 306 295 284 473 365 409 464 480 495
411 434 404 429 394 431 433 298 377 422 362 373 424 243 273 326 241 430 305 365 380 474 261 395 412 259 469 372 338 398 418 321 247 453 281 375 345 245 448 388 333 263 316 267 248 458 490 491
400 409 257 321 455 402 379 360 448 362 343 299 371 316 297 436 350 427 440 295 325 355 389 304 435 268 424 317 347 377 262 322 472 375 301 476 410 286 478 369 280 333 363 403 416 374 471 259 460 312 391 489 490
419 348 299 371 401 382 435 263 282 248 327 479 426 380 410 408 389 370 285 315 478 313 469 471 381 277 375 409 320 271 301 335 286 418 310 448 461 289 278 293 376 357 321 266 300 394 260 284 303 490 491
350 330 281 428 417 324 412 252 282 297 416 418 295 246 396 340 259 289 304 455 317 298 328 461 382 247 277 292 326 307 388 286 379 381 263 427 323 363 431 306 257 332 380 266 486 487
267 360 470 362 417 474 421 476 410 357 278 401 348 269 271 328 275 464 385 255 398 453 442 334 455 268 380 448 371 452 320 241 388 430 443 434 368 315 370 374 416 308 431 365 409 422 266 477 262 292 480 481
360 458 471 295 396 464 359 270 334 455 338 391 313 393 298 395 437 292 439 307 388 241 320 445 286 425 440 259 376 431 365 287 332 435 477 479 362 245 404 364 260 399 467 352 401 487 488
462 415 445 247 277 300 379 394 245 447 477 339 466 343 299 263 474 435 297 463 429 380 361 306 442 453 304 334 285 402 377 381 262 292 439 241 271 384 388 369 280 461 372 436 287 493 494
339 266 247 399 300 471 392 260 473 394 407 254 398 453 466 297 393 448 450 386 375 430 443 338 294 434 317 322 303 359 307 374 282 418 335 286 422 435 310 477 413 426 362 404 417 332 476 485 486
478 260 258 422 403 243 282 395 295 355 423 304 255 334 421 283 366 317 347 277 469 320 271 473 305 284 412 363 393 374 476 323 287 321 351 434 464 415 468 315 281 364 443 345 275 477 494 495
270 365 433 424 426 281 294 283 266 472 342 278 346 271 326 460 394 275 396 277 442 376 391 240 435 327 382 316 437 450 371 452 264 364 377 366 434 423 241 425 308 297 310 431 481 482
365 439 386 255 319 283 366 379 434 347 298 322 307 374 271 354 329 333 289 342 293 323 472 287 474 351 410 247 399 281 245 275 260 407 343 324 464 318 348 248 295 246 257 450 487 488
467 373 403 284 371 248 429 246 359 340 251 453 315 319 447 396 430 426 243 303 271 252 286 418 369 433 329 261 333 363 393 374 427 442 473 240 342 372 468 300 474 364 424 494 495
297 468 349 417 294 408 463 357 346 469 241 460 286 280 442 334 455 325 395 316 371 439 386 320 388 322 443 445 260 434 368 315 370 304 269 372 440 429 418 310 431 299 301 246 345 251 482 483
468 471 327 357 436 246 321 370 434 385 445 304 334 470 319 349 424 283 313 474 426 401 435 252 416 380 410 329 280 438 389 368 398 402 332 330 345 458 409 254 318 333 494 495
269 474 408 463 346 324 458 271 273 328 396 323 325 369 382 316 437 371 307 375 262 443 364 445 366 300 241 423 357 359 431 407 299 422 477 303 345 347 415 349 470 266 480 481
373 463 305 286 261 460 473 394 407 338 409 464 268 249 321 332 389 402 266 247 391 330 345 260 384 324 386 375 318 333 363 445 263 327 325 374 429 255 319 349 313 437 426 292 417 430 408 487 488
463 437 388 448 348 333 382 427 248 391 306 257 340 385 315 368 471 398 413 428 317 377 362 258 477 292 322 307 386 371 470 271 416 250 310 261 408 308 423 372 247 300 384 493 494
349 429 346 363 431 433 354 422 356 255 404 351 283 317 298 421 292 243 303 326 307 401 403 335 261 464 289 442 455 312 342 249 300 388 377 445 260 366 343 423 486 487
427 294 461 377 381 243 322 273 303 452 326 307 241 445 305 310 261 333 412 408 429 342 293 421 415 275 409 430 403 476 401 327 425 395 355 306 359 466 455 338 319 491 492
257 343 240 466 413 402 294 283 338 285 340 287 408 289 410 452 278 412 333 346 335 469 258 260 328 262 438 398 332 455 310 323 448 369 437 318 362 434 425 241 348 361 471 473 407 480 481
471 281 413 443 245 447 422 403 254 243 318 450 252 282 325 408 240 285 338 417 319 268 366 317 396 347 247 292 322 356 320 354 250 329 280 333 473 248 477 479 470 385 445 266 494 495
251 473 249 301 422 243 292 347 402 283 404 241 338 285 250 289 399 346 280 335 282 447 260 273 394 275 385 268 245 259 261 252 362 254 364 300 313 434 315 357 304 425 293 361 308 480 495
473 255 315 330 394 401 431 346 433 295 325 355 340 240 453 334 287 268 366 317 298 247 460 281 386 458 275 439 388 448 452 299 393 308 278 372 246 306 351 494 495
325 422 477 259 312 428 249 364 277 342 410 412 333 346 401 348 469 254 460 328 409 464 263 334 391 327 395 319 375 388 430 377 298 434 262 381 303 425 241 440 282 250 261 484 485
422 476 408 359 425 417 283 258 243 455 271 301 282 354 305 335 461 388 418 261 259 312 391 293 372 376 415 379 429 260 324 284 382 263 428 346 472 410 361 474 491 492
283 425 372 374 295 246 299 312 433 354 424 305 428 404 264 461 287 421 262 243 289 410 412 241 401 284 326 250 328 396 385 332 453 466 321 442 247 277 450 384 439 245 481 482
425 294 322 273 472 386 320 282 416 250 329 261 395 445 458 312 342 357 421 402 249 351 442 247 300 379 375 424 437 260 354 403 428 418 476 278 376 246 355 404 285 477 491 492
366 436 303 385 301 376 305 280 380 435 369 479 240 293 323 428 338 417 268 321 332 474 277 410 412 318 316 346 342 389 391 393 334 364 443 264 445 258 343 434 447 381 487 488
241 428 388 430 364 324 445 258 379 313 260 436 440 361 374 409 301 477 470 362 461 410 401 335 282 460 273 328 262 464 385 398 321 380 395 480 495
428 416 316 346 469 280 295 355 460 359 340 423 464 338 417 368 398 268 452 245 254 388 418 299 436 263 440 431 351 433 415 285 437 413 394 345 343 324 403 292 426 307 491 492
327 470 404 340 287 268 277 460 328 396 330 343 332 442 299 263 380 435 437 371 439 295 306 386 430 377 285 445 379 313 264 359 372 317 440 361 273 363 431 320 305 424 426 261 484 485
260 412 348 282 392 328 275 440 442 323 248 435 448 382 316 437 384 386 307 375 430 322 364 313 368 304 317 374 433 345 466 426 294 240 362 249 287 480 481
258 368 423 357 363 418 431 299 354 356 303 413 347 402 415 351 472 342 476 278 245 324 445 394 275 317 330 264 277 398 453 321 376 268 389 310 393 329 255 426 249 377 313 480 481
368 374 262 431 307 320 271 477 369 305 424 280 417 308 474 342 323 476 423 287 249 458 300 460 394 396 464 453 324 254 318 391 393 361 386 295 355 306 334 319 436 385 298 328 487 488
295 435 371 413 426 347 362 404 243 273 355 412 348 469 259 330 464 385 345 466 287 268 249 321 334 389 323 395 439 452 320 388 324 379 434 436 370 372 374 310 312 482 483
435 355 359 304 334 476 319 268 249 332 317 347 375 384 329 318 333 412 393 372 306 321 351 404 385 460 313 453 343 442 292 426 322 316 410 395 492 493
243 245 300 434 355 357 361 308 418 407 299 354 356 303 402 338 285 461 408 452 278 412 348 282 445 271 392 326 394 317 385 277 319 332 266 321 323 393 263 384 426 362 322 480 495
245 469 403 271 284 394 396 264 321 442 268 391 380 393 261 305 386 320 364 421 247 315 372 306 416 352 299 301 356 477 369 424 292 415 351 472 408 342 333 480 495
476 324 426 348 371 401 316 346 410 474 472 453 255 338 402 294 262 375 356 307 386 409 469 320 271 301 305 384 286 333 363 393 308 391 268 440 404 445 424 494 495
380 479 259 289 417 312 342 323 268 421 410 354 409 318 348 466 470 395 355 370 255 334 388 379 362 292 385 326 356 271 282 305 286 477 250 437 488 489
479 306 440 389 370 304 285 417 319 294 317 262 426 273 326 450 271 252 282 354 335 369 399 310 442 259 342 323 357 332 466 385 445 430 247 460 330 443 458 409 452 431 382 263 494 495
348 345 474 458 407 385 398 261 453 306 255 338 264 439 452 347 298 262 322 447 320 329 333 363 293 354 477 369 424 332 426 470 417 300 330 486 487
262 379 423 315 247 317 438 372 374 376 431 254 356 426 415 362 461 355 278 346 293 335 282 284 273 385 332 266 338 393 448 395 437 249 480 481
379 273 326 307 271 252 396 409 354 286 398 453 466 369 329 391 450 268 452 266 247 445 300 330 275 362 440 284 433 248 246 415 472 334 408 249 488 489
389 293 372 424 437 351 415 385 430 472 421 412 343 254 469 318 403 416 263 394 346 396 409 359 340 304 334 313 328 282 436 384 286 369 280 488 489
408 433 299 401 439 430 395 474 359 340 423 315 469 317 292 464 375 326 320 301 335 399 461 363 450 289 240 372 357 268 458 447 436 300 394 275 429 490 491
433 289 255 249 313 328 469 354 305 335 286 418 369 299 308 248 312 376 472 351 332 450 266 452 281 364 458 460 318 438 401 440 252 416 346 410 306 491 492
301 307 322 377 315 370 359 372 298 429 310 431 354 252 424 347 280 415 362 417 472 289 340 461 293 342 249 412 300 281 275 299 323 312 278 316 437 371 384 439 483 484
307 252 364 445 261 436 317 289 374 308 369 247 362 340 421 355 410 401 335 458 447 394 407 306 255 442 334 312 264 448 298 316 437 450 384 439 452 375 443 483 484
436 298 430 381 470 326 409 305 369 452 250 261 412 312 391 372 447 287 438 321 434 385 281 345 343 254 426 407 401 416 278 359 458 255 315 417 264 294 464 492 493
407 474 421 266 330 469 273 371 464 252 282 316 346 455 470 261 395 246 355 304 396 458 328 322 438 442 354 305 284 310 299 333 363 374 424 372 332 490 491
474 401 431 410 359 453 285 315 319 317 298 292 303 326 356 409 320 271 354 286 418 329 280 412 363 374 259 472 455 287 440 321 332 404 330 458 403 254 494 495
324 410 333 320 401 469 403 263 330 248 278 442 393 382 395 255 329 386 434 370 282 440 429 261 246 354 289 240 424 319 404 364 340 461 277 292 484 485
382 417 280 261 333 308 259 240 342 372 412 357 268 247 330 396 409 345 398 404 318 461 278 306 445 304 255 285 315 319 438 440 317 377 322 477 354 305 369 488 489
417 278 355 306 340 334 313 294 421 317 347 298 423 273 386 409 320 335 310 261 477 363 393 453 466 308 391 351 300 345 362 490 491
401 430 423 371 263 403 460 246 355 359 340 413 338 398 404 450 303 271 252 354 369 250 363 393 442 293 268 385 247 330 281 489 490
430 252 416 261 421 268 402 377 247 300 330 409 284 399 469 333 363 248 372 376 321 340 370 415 334 319 450 264 294 403 443 292 386 491 492
313 317 273 361 252 352 286 354 369 426 461 249 342 355 410 412 403 326 284 343 398 319 453 466 321 402 246 452 255 285 443 264 434 447 298 483 484
317 440 247 321 363 369 424 371 280 310 426 351 364 312 355 346 403 300 391 316 448 340 461 384 439 452 386 315 484 485
299 395 285 410 399 335 392 447 398 319 286 369 240 316 437 371 384 318 268 362 445 247 434 374 429 363 418 343 424 347 404 338 482 483
340 263 424 371 248 470 404 321 357 416 328 392 326 464 252 345 282 466 316 391 240 338 386 375 377 423 330 374 418 431 485 486
252 322 443 300 434 357 293 361 284 464 424 466 347 402 278 412 248 333 282 392 326 460 330 453 374 321 455 376 391 448 263 384 318 480 495
271 320 375 388 322 300 423 359 372 306 308 429 363 431 303 424 426 294 362 404 333 346 469 392 261 398 332 453 329 318 439 481 482
320 282 443 250 434 359 361 374 442 287 249 356 371 362 423 346 403 392 394 330 285 453 466 323 294 338 448 329 450 484 485
298 423 315 304 308 376 310 246 477 369 259 240 255 305 347 351 461 421 277 335 396 398 453 402 391 338 371 384 439 275 388 264 434 482 483
423 322 329 261 293 249 332 247 277 330 375 326 345 470 418 472 333 412 393 278 342 443 306 458 370 447 404 285 315 491 492
371 355 421 469 268 460 396 464 413 455 354 305 254 369 393 384 388 246 255 334 372 440 345 362 292 352 282 346 487 488
334 376 323 431 287 321 356 413 364 461 342 318 248 392 343 398 304 402 384 439 386 282 445 310 438 308 289 485 486
376 466 413 338 249 470 328 281 443 458 434 438 248 312 293 323 429 321 351 437 426 439 415 343 412 250 310 460 355 359 370 488 489
355 254 284 477 369 413 415 362 261 410 399 412 315 403 416 392 294 292 322 466 335 393 395 329 280 452 323 287 434 281 361 275 431 486 487
294 374 416 363 246 352 354 303 413 402 338 472 282 403 392 326 447 289 464 398 440 453 249 393 277 281 316 384 305 275 386 434 482 483
374 448 249 437 347 292 273 434 447 369 310 363 418 342 287 424 321 330 275 343 399 254 469 460 261 385 306 370 455 304 487 488
266 326 460 273 464 385 277 398 247 321 442 391 448 437 329 450 452 322 443 246 359 372 361 416 431 409 477 466 305 415 362 472 410 346 280 282 240 480 481
326 438 440 318 263 278 470 351 315 300 357 469 403 273 352 394 385 286 345 455 391 338 308 240 304 448 329 439 268 484 485
364 416 316 280 310 466 359 323 391 249 461 395 384 439 386 399 281 284 370 429 312 369 306 255 285 315 300 328 362 487 488
315 418 303 347 402 415 261 472 312 346 335 460 394 332 254 284 391 316 329 452 322 246 240 304 372 484 485
264 438 429 431 354 409 303 345 466 292 413 281 472 287 289 452 333 346 246 388 447 328 275 330 319 448 316 439 375 443 445 259 240 300 357 370 480 481
438 396 292 303 369 250 393 308 342 460 287 268 404 453 330 413 424 470 275 461 343 403 426 352 416 429 410 261 395 398 249 492 493
303 308 363 431 409 464 247 466 404 286 452 399 259 335 381 398 321 275 310 312 448 254 284 305 426 386 263 362 375 322 483 484
442 293 421 347 281 345 439 354 263 306 321 370 385 255 413 472 362 343 452 426 273 352 445 460 361 250 261 455 492 493
280 275 316 437 450 305 388 377 263 381 357 306 416 308 356 292 402 470 338 285 287 342 399 412 392 240 398 319 332 455 312 393 448 481 482
416 394 362 460 361 250 261 477 308 289 338 398 470 448 450 277 356 443 305 434 447 318 440 429 248 278 321 351 255 490 491
249 455 268 431 259 448 437 250 384 426 362 240 289 286 343 464 356 477 277 345 338 472 329 450 342 263 399 333 388 322 381 480 495
273 300 421 359 293 308 429 352 286 409 263 248 292 281 461 410 399 282 458 392 385 398 319 391 261 312 393 318 362 375 481 482
259 391 369 261 316 384 318 386 375 322 370 293 254 363 418 409 477 413 285 412 388 335 284 447 385 398 319 453 250 455 480 481
286 318 255 443 377 445 381 370 293 310 352 261 356 415 289 247 281 275 460 394 254 396 343 385 384 482 483
318 250 261 333 308 289 240 335 469 293 392 396 343 277 300 455 391 278 246 370 363 352 356 426 347 282 351 484 485
335 439 443 377 381 372 278 429 418 356 426 347 415 421 357 469 403 392 352 289 464 453 323 466 268 321 448 277 281 485 486
439 250 447 289 240 293 372 323 453 332 415 300 281 424 403 418 412 431 316 278 359 434 338 466 470 377 362 381 492 493
293 338 393 448 292 395 384 452 250 261 306 319 429 268 352 277 356 424 345 305 426 347 404 254 284 333 346 458 246 328 255 482 483
312 455 347 240 395 450 384 247 372 385 319 321 308 356 424 413 415 470 255 351 342 399 346 409 343 464 261 453 483 484
455 440 434 247 330 443 424 275 403 284 458 450 346 429 410 359 453 304 377 381 399 310 393 289 240 493 494
434 305 429 418 399 329 461 450 321 247 413 394 275 362 392 254 437 346 246 404 402 469 396 377 328 491 492
282 375 370 306 263 361 308 248 278 352 343 477 424 255 461 395 346 388 458 328 385 440 453 448 369 481 482
240 323 246 448 369 362 254 247 357 370 429 284 418 352 466 415 470 404 351 395 287 452 278 458 381 396 330 480 495
323 391 393 437 277 281 275 254 284 359 440 361 418 354 345 304 285 415 470 319 351 421 322 346 403 392 310 332 484 485
300 394 402 384 333 388 443 445 275 359 306 319 440 429 431 354 263 356 477 413 347 404 346 469 483 484
275 460 277 321 254 263 248 452 445 381 306 361 363 477 347 261 415 338 395 278 399 481 482
289 254 448 369 316 450 246 255 357 359 429 310 356 477 345 292 470 351 461 452 388 460 247 330 385 398 440 482 483
261 305 443 357 412 354 254 477 466 404 287 450 403 392 381 396 319 480 481
460 247 413 394 263 316 248 278 429 370 338 396 377 381 292 356 305 388 418 399 342 357 351 493 494
381 447 292 375 440 333 437 308 415 472 321 281 418 470 391 404 306 359 304 285 452 268 445 458 377 392 488 489
447 277 281 375 354 305 418 399 248 287 440 445 330 413 443 394 424 362 343 352 316 429 448 310 395 338 421 492 493
321 330 287 338 393 377 316 440 361 363 413 362 342 346 392 352 328 484 485
347 246 306 429 363 304 285 354 328 343 415 421 410 357 359 250 277 404 393 452 386 254 284 388 486 487
396 332 330 281 345 392 284 352 346 248 361 370 304 469 418 328 292 402 354 448 329 445 287 489 490
437 329 395 452 342 372 338 351 330 281 345 354 448 399 246 415 377 343 292 426 461 492 493
388 452 329 445 263 248 453 429 330 352 410 361 306 418 409 413 404 292 322 488 489
247 330 277 319 453 316 322 357 308 363 464 356 477 424 351 342 278 445 458 480 495
277 330 391 448 305 263 248 372 255 308 363 352 477 424 413 402 470 285 395 287 399 481 482
399 343 452 369 316 346 248 319 377 415 470 356 410 412 250 329 310 308 418 466 375 448 489 490
329 250 308 372 363 418 477 284 413 426 415 316 248 461 421 333 304 285 469 458 330 464 385 402 448 484 485
385 394 332 466 330 402 345 470 284 357 246 440 304 319 292 426 359 308 458 488 489
394 418 345 254 402 448 391 395 450 361 443 338 319 429 292 356 305 470 308 357 410 287 268 412 489 490
330 458 392 248 285 361 418 328 322 369 413 250 485 486
458 345 346 285 398 413 377 362 392 375 386 354 310 363 466 308 470 372 472 351 493 494
448 450 333 412 393 391 421 443 345 424 343 403 278 472 255 386 409 461 250 492 493
450 250 363 393 440 351 404 415 281 477 413 343 403 461 346 304 322 356 354 305 384 493 494
412 352 246 306 440 255 398 431 377 322 386 384 250 333 342 418 287 351 464 470 490 491
254 392 319 440 391 393 316 445 421 370 361 429 310 477 424 345 281 404 351 480 495
409 440 453 328 403 322 426 395 370 304 287 332 377 418 386 464 466 369 472 263 278 452 490 491
466 357 404 415 285 443 250 370 319 402 328 470 375 369 308 391 494 495
332 464 398 393 377 263 278 357 306 361 304 255 319 292 472 461 342 410 485 486
281 391 316 386 421 306 429 477 345 292 305 426 470 351 472 285 461 410 263 481 482
342 263 395 316 443 304 319 372 328 424 415 351 472 346 469 392 345 485 486
284 333 403 328 263 398 319 391 393 369 384 386 304 359 372 306 363 431 343 477 404 351 461 481 482
343 357 346 403 352 345 393 255 285 268 370 328 361 354 333 362 308 351 472 287 485 486
356 304 361 363 328 322 369 413 354 410 357 469 351 402 352 316 346 375 486 487
477 306 464 304 443 362 384 363 351 375 418 452 410 361 494 495
357 391 404 316 384 375 370 372 431 415 470 333 308 421 255 285 486 487
316 287 346 359 453 402 278 384 306 377 418 431 426 484 485
345 469 403 285 464 328 292 393 395 386 375 443 250 310 413 410 278 486 487
248 415 470 338 278 333 445 392 328 464 398 319 440 393 377 370 359 361 363 292 413 480 495
415 278 464 370 322 443 310 440 333 393 268 362 469 352 263 490 491
352 472 410 469 403 322 464 250 391 404 461 395 338 287 268 386 443 305 278 413 362 486 487
472 431 461 359 404 464 338 319 328 375 386 268 469 362 392 403 494 495
410 426 346 278 285 470 375 310 333 443 391 268 490 491
372 393 292 452 354 305 250 287 268 421 263 469 319 453 487 488
346 263 469 392 306 464 404 393 461 384 305 308 363 418 486 487
429 319 421 402 469 354 384 424 443 361 431 246 491 492
359 413 421 250 310 402 445 351 285 486 487
469 403 361 395 453 398 421 375 384 418 250 452 461 404 445 494 495
431 255 285 402 377 328 322 375 305 464 369 308 391 445 392 263 491 492
306 369 470 395 333 287 421 246 363 483 484
278 404 246 445 392 319 453 391 362 443 370 418 354 481 482
369 386 377 338 370 426 470 362 398 404 487 488
255 354 292 470 338 351 285 395 333 403 246 398 305 452 386 375 304 308 480 481
375 445 305 440 308 424 413 361 398 470 461 328 362 384 322 488 489
418 319 413 443 292 421 363 464 391 490 491
421 440 361 424 310 426 338 398 402 464 393 308 351 285 413 403 491 492
305 333 443 370 268 440 413 426 392 464 483 484
426 246 285 398 461 310 287 351 362 392 403 491 492
285 354 292 287 328 268 452 377 445 370 482 483
440 268 328 470 322 354 443 310 395 492 493
319 246 464 386 322 377 250 484 485
250 384 443 370 304 310 461 395 287 403 392 453 268 393 480 495
354 386 338 292 361 363 424 310 486 487
386 445 310 287 351 470 404 392 246 453 338 395 452 488 489
445 453 263 452 287 362 395 398 402 328 492 493
328 370 361 363 424 413 263 404 461 308 377 484 485
370 322 424 413 363 403 391 393 443 377 361 487 488
333 461 246 361 351 310 287 404 338 485 486
268 377 246 424 413 351 461 287 403 480 481
391 402 393 361 246 292 322 310 453 363 489 490
395 393 453 402 404 361 377 292 322 384 489 490
461 413 308 304 287 402 377 493 494
402 424 464 398 470 292 384 263 489 490
453 413 392 263 304 338 470 310 493 494
392 384 363 263 470 304 362 322 351 489 490
393 452 443 361 403 398 384 489 490
351 263 404 443 292 322 470 486 487
246 338 377 361 310 480 495
263 287 398 310 322 480 481
470 404 384 308 287 403 494 495
404 361 424 489 490
413 304 338 398 310 490 491
362 398 292 487 488
464 443 361 292 452 493 494
403 304 398 363 287 489 490
304 384 322 443 361 483 484
338 398 377 485 486
322 308 398 384 484 485
443 363 398 492 493
292 424 398 482 483
384 363 377 488 489
363 398 487 488
452 310 308 424 493 494
308 361 287 483 484
398 489 490
361 287 487 488
287 310 482 483
377 424 488 489
310 483 484
424 491 492
480
481
482
483
484
485
486
487
488
489
490
491
492
493
494
495
