#/usr/local/lib/python3.10/dist-packages/colab_kernel_launcher.py -f /root/.local/share/jupyter/runtime/kernel-4e96f4f6-3ff9-4b57-9774-52bcdd39bbb8.json
# GMT Mon May 27 21:53:29 2024
# 
17 58 71 48 25 61 2 38 5 28 16 0 83 3 73 50 27 6 40 72 39 75 42 19 11 74 51 14 64 41 18 54 31 21 9 1 12 15 76 66 43 20 56 33 23 65 78 55 32 68 45 22 35 4 77 7 67 44 80 57 10 34 47 24 37 8 79 69 46 82 59 36 49 26 81 168 171 172 175 176 179 180 183 184 187
58 62 51 75 65 46 74 64 77 11 14 44 25 26 56 28 9 10 76 40 12 66 42 43 79 27 57 29 41 13 78 68 67 80 23 4 5 70 35 7 37 21 22 52 24 54 55 69 36 82 59 8 38 72 39 20 81 71 61 18 30 2 83 16 60 47 73 19 49 63 0 1 33 15 169 170 173 174 177 178 181 182 185 186
36 71 48 61 38 51 30 11 83 14 60 73 25 50 63 40 28 9 31 12 15 62 75 29 52 65 42 13 74 64 41 77 54 44 23 4 26 7 76 53 10 66 21 56 24 78 55 68 45 18 80 57 70 47 5 35 37 16 19 0 79 22 3 69 33 46 82 59 49 39 20 34 81 168 169 172 173 176 177 180 181 184 185
71 39 69 20 50 53 34 74 67 77 30 11 76 14 44 25 47 28 9 1 31 61 12 42 64 45 78 48 29 59 51 32 62 65 46 80 23 4 26 79 56 7 37 10 40 70 43 24 54 27 57 38 81 60 41 83 73 2 5 35 16 68 19 49 0 72 22 52 33 63 55 6 170 171 174 175 178 179 182 183 186 187
28 67 22 80 3 57 34 47 6 37 20 79 69 46 59 49 81 11 14 48 61 25 38 9 1 12 70 83 60 73 50 63 40 30 13 72 62 75 52 29 42 23 4 74 51 64 41 10 54 31 21 24 27 8 76 53 66 43 56 65 18 78 55 32 68 2 5 16 77 19 0 168 169 172 173 176 177 180 181 184 185
67 9 1 31 61 12 42 15 45 81 48 29 59 32 13 46 83 23 4 26 56 7 37 72 10 40 21 43 24 54 55 27 57 8 38 39 41 74 77 18 76 2 5 35 19 49 0 22 52 3 33 63 6 66 68 20 50 51 53 34 80 70 30 11 14 79 44 25 69 47 82 170 171 174 175 178 179 182 183 186 187
29 32 68 45 35 77 18 80 57 34 70 2 37 5 16 19 79 0 69 22 46 82 3 59 49 20 48 61 38 51 83 60 73 14 50 63 25 40 30 9 72 15 62 39 75 52 42 13 74 64 41 54 31 44 23 4 26 76 7 53 43 10 56 33 21 27 8 65 78 55 168 169 172 173 176 177 180 181 184 185
32 78 55 68 13 45 35 80 57 70 47 23 4 5 7 79 69 21 22 82 59 24 72 49 6 39 8 20 81 61 51 18 30 83 2 60 73 50 14 63 40 16 19 0 1 31 3 15 62 75 65 42 74 64 41 77 54 44 11 25 76 26 53 66 43 10 56 33 12 27 168 169 172 173 176 177 180 181 184 185
47 80 44 57 25 70 9 1 31 12 42 15 79 45 59 72 13 46 81 48 61 51 4 26 7 83 37 60 73 10 50 40 63 21 43 27 8 38 41 62 75 52 65 74 18 64 77 2 54 5 35 19 0 22 76 3 53 33 6 56 39 20 78 55 68 30 11 14 169 170 173 174 177 178 181 182 185 186
80 1 31 61 12 42 64 15 45 75 48 78 59 62 13 82 65 46 81 23 4 26 56 7 37 10 40 70 43 83 73 24 54 76 27 57 8 60 41 74 77 18 2 5 35 16 68 0 22 3 33 63 6 66 39 69 20 50 72 53 34 30 11 14 44 25 170 171 174 175 178 179 182 183 186 187
8 9 74 51 64 41 54 44 11 76 53 66 43 20 56 33 10 23 78 5 55 45 22 35 12 3 77 6 57 34 24 37 14 79 69 46 82 59 13 49 26 81 48 1 25 61 38 15 18 70 83 60 73 50 27 63 40 30 72 62 39 75 52 42 4 19 7 168 171 172 175 176 179 180 183 184 187
9 44 57 34 11 24 14 79 56 69 46 23 59 13 2 26 5 16 0 48 3 25 61 38 15 6 70 83 60 37 73 27 40 82 72 49 62 39 52 19 1 51 64 41 18 54 21 63 53 30 66 43 20 33 10 75 4 65 42 78 7 55 22 35 12 77 168 171 172 175 176 179 180 183 184 187
0 5 70 83 37 73 50 27 4 82 72 49 62 39 52 6 42 19 74 64 41 18 54 31 21 76 30 66 43 20 33 10 23 75 65 78 55 68 45 35 12 2 77 44 57 34 11 24 1 14 79 56 69 46 59 13 26 16 81 48 25 61 38 15 168 171 172 175 176 179 180 183 184 187
5 83 60 73 3 50 63 40 30 7 62 75 52 42 19 74 64 41 77 54 31 44 21 1 11 76 53 66 43 33 23 65 78 55 68 45 22 35 12 25 4 57 34 70 24 37 14 69 46 82 59 49 26 16 6 81 48 61 38 2 51 18 168 171 172 175 176 179 180 183 184 187
83 35 16 68 19 49 22 52 3 33 55 6 39 69 20 50 72 53 30 11 14 44 25 1 31 61 12 64 15 45 75 48 78 59 51 81 62 13 65 46 79 4 26 56 7 37 10 70 21 43 24 76 27 57 38 60 41 74 77 18 2 170 171 174 175 178 179 182 183 186 187
6 48 61 38 15 51 18 73 50 27 63 40 2 7 20 72 1 62 75 3 52 65 19 74 64 41 77 54 31 44 21 11 76 53 66 43 56 33 10 46 23 78 68 45 22 35 12 25 57 34 70 24 37 14 79 4 69 82 59 49 26 39 81 168 171 172 175 176 179 180 183 184 187
48 57 70 30 11 69 14 82 44 59 25 49 1 31 12 81 45 61 51 13 46 60 73 50 63 53 23 4 7 37 62 75 10 52 40 65 21 43 24 27 38 74 41 64 77 54 18 76 66 79 2 56 35 16 19 22 78 3 55 33 68 169 170 173 174 177 178 181 182 185 186
68 59 51 62 13 65 73 46 23 75 25 26 56 7 37 10 40 21 43 24 74 54 27 57 77 38 41 76 79 18 2 4 35 16 49 52 3 33 55 39 50 70 53 34 69 82 30 72 11 14 44 81 1 31 61 12 42 64 15 45 170 171 174 175 178 179 182 183 186 187
21 64 7 54 10 63 76 53 66 43 33 23 65 78 55 18 45 22 35 2 16 77 19 44 57 34 3 24 20 79 69 59 26 81 25 61 14 38 1 70 12 60 15 37 73 50 27 40 30 13 82 72 62 39 75 52 42 74 4 51 168 169 172 173 176 177 180 181 184 185
64 43 24 54 27 57 38 60 70 41 69 82 18 72 2 35 16 81 19 49 22 52 33 63 55 39 20 73 34 30 11 75 65 14 44 25 1 61 12 74 15 45 77 59 62 13 46 66 79 23 4 78 26 56 7 10 40 170 171 174 175 178 179 182 183 186 187
40 77 54 2 44 35 16 19 76 53 22 66 3 43 33 56 20 78 34 55 45 11 57 14 70 1 31 12 79 15 69 46 82 59 49 13 61 51 23 4 26 60 7 73 37 50 63 10 24 27 72 62 75 52 42 74 18 168 169 172 173 176 177 180 181 184 185
77 70 12 42 73 76 57 59 60 41 13 74 4 35 79 7 37 22 24 54 55 78 66 38 39 81 20 50 72 53 18 30 16 82 19 49 1 31 61 3 63 15 45 75 51 62 34 65 46 11 25 26 56 10 170 171 174 175 178 179 182 183 186 187
41 42 24 27 74 38 39 54 76 53 66 43 56 35 16 19 78 55 22 3 45 33 20 34 57 70 79 30 11 69 46 82 14 49 25 1 31 12 15 61 13 60 73 50 63 23 72 4 26 62 7 37 52 10 65 168 169 172 173 176 177 180 181 184 185
42 44 57 18 79 2 4 46 35 59 16 49 19 22 3 33 81 39 61 20 34 70 60 73 50 30 11 14 82 25 72 62 1 52 31 12 15 51 13 63 76 53 66 43 56 23 26 7 37 10 65 55 24 45 27 38 169 170 173 174 177 178 181 182 185 186
73 74 35 16 19 22 3 33 63 55 76 66 39 69 20 50 72 53 34 78 30 14 44 25 1 31 12 15 45 79 59 51 62 82 13 46 81 23 4 26 7 37 10 70 43 24 54 27 38 60 75 18 2 170 171 174 175 178 179 182 183 186 187
74 75 24 54 57 38 60 72 18 2 35 79 16 19 49 22 52 3 33 63 78 39 69 50 51 53 34 30 11 14 44 25 82 1 31 61 12 15 45 81 59 62 13 65 23 4 56 7 37 10 70 43 170 171 174 175 178 179 182 183 186 187
33 38 70 23 60 4 26 50 7 63 24 72 27 62 39 75 51 18 54 44 2 16 76 19 66 43 22 3 20 65 78 55 45 35 30 11 57 14 25 1 79 12 69 46 82 15 59 49 13 81 61 168 169 172 173 176 177 180 181 184 185
38 51 54 34 76 53 66 43 30 56 11 14 25 65 1 31 55 12 45 15 13 44 57 79 46 82 23 4 26 49 7 10 81 24 27 61 70 60 50 63 18 2 72 35 16 62 39 75 52 22 3 168 169 172 173 176 177 180 181 184 185
25 34 15 79 56 69 46 59 26 11 81 61 10 12 70 24 60 37 50 82 72 49 39 52 23 7 51 19 54 31 22 3 63 20 53 30 66 43 75 18 78 55 35 14 16 1 44 57 168 169 172 173 176 177 180 181 184 185
34 1 31 81 12 15 61 51 13 60 50 63 72 23 4 62 39 75 26 52 7 10 24 27 54 76 53 66 43 18 2 16 65 78 19 55 22 45 3 35 20 57 70 37 79 69 30 46 82 11 59 49 168 169 172 173 176 177 180 181 184 185
39 81 51 18 2 35 50 16 63 19 53 1 31 15 62 75 20 52 65 54 30 44 11 14 26 76 66 10 79 12 56 46 27 78 55 13 45 57 23 60 4 7 37 22 69 82 24 72 49 168 169 172 173 176 177 180 181 184 185
81 69 20 50 51 53 30 11 14 44 1 82 31 61 12 15 45 75 78 59 62 13 46 79 23 4 56 7 37 10 70 43 24 76 27 57 60 72 18 2 19 49 22 52 3 63 55 66 170 171 174 175 178 179 182 183 186 187
44 10 12 43 24 79 27 69 46 82 59 61 18 51 4 35 7 37 60 19 50 63 22 3 72 62 75 52 30 2 14 16 1 31 76 53 66 15 56 13 78 45 11 23 57 26 70 169 170 173 174 177 178 181 182 185 186
10 54 11 76 4 53 66 43 20 56 23 13 65 78 55 45 35 12 57 70 37 14 2 79 46 82 59 49 3 26 16 61 15 51 60 50 27 63 30 1 72 75 52 19 168 171 172 175 176 179 180 183 184 187
54 43 24 27 76 66 56 18 65 2 78 55 35 16 19 49 22 52 3 57 70 20 50 53 79 69 82 59 30 61 1 31 12 60 51 13 63 72 62 75 23 4 26 7 37 169 170 173 174 177 178 181 182 185 186
3 15 70 60 50 27 63 30 7 72 1 62 75 52 19 51 31 11 53 66 43 20 56 23 65 45 22 35 12 57 24 37 14 2 4 79 69 46 82 59 13 49 26 16 61 168 171 172 175 176 179 180 183 184 187
15 57 70 24 37 79 69 46 82 59 49 11 14 16 1 12 61 18 13 60 50 27 63 30 62 75 52 4 19 7 31 76 53 66 20 56 23 2 65 78 55 45 22 35 168 171 172 175 176 179 180 183 184 187
22 13 60 50 53 30 4 75 65 7 31 66 43 18 46 23 2 16 78 55 19 45 35 20 57 70 24 27 79 69 82 59 11 72 49 26 14 1 12 61 51 168 169 172 173 176 177 180 181 184 185
14 24 37 79 1 46 12 59 26 16 13 61 51 18 60 50 4 27 63 7 30 72 62 75 52 19 31 2 76 53 20 56 23 65 78 55 45 35 57 70 168 171 172 175 176 179 180 183 184 187
24 31 1 12 76 53 66 43 56 13 65 78 45 23 7 57 70 37 79 69 46 82 59 49 26 18 2 51 16 60 50 27 63 20 30 72 75 52 11 168 169 172 173 176 177 180 181 184 185
75 18 2 4 35 79 19 82 52 63 55 66 69 20 50 72 53 31 61 12 45 59 51 62 13 65 46 23 76 26 56 7 37 70 43 27 57 78 60 170 171 174 175 178 179 182 183 186 187
13 65 78 55 45 35 11 57 37 12 79 69 46 59 49 26 16 61 4 7 70 60 50 27 30 72 62 52 19 51 2 31 1 76 66 43 20 56 23 168 171 172 175 176 179 180 183 184 187
65 78 23 4 70 7 37 52 55 69 82 72 53 18 2 35 16 19 49 1 31 63 20 50 51 62 46 30 26 56 61 12 76 43 66 45 27 57 59 60 170 171 174 175 178 179 182 183 186 187
78 62 46 23 4 26 56 7 37 79 70 43 76 27 57 60 18 2 35 16 19 49 52 63 55 66 20 50 53 30 1 31 61 12 45 59 51 170 171 174 175 178 179 182 183 186 187
35 60 63 62 52 23 4 26 7 76 53 66 43 56 18 55 2 45 16 19 57 70 20 79 69 46 82 59 49 30 11 51 1 12 168 169 172 173 176 177 180 181 184 185
55 61 46 63 23 26 7 37 62 43 27 18 76 2 66 79 56 16 19 49 52 20 51 53 57 70 60 30 11 69 82 72 1 31 12 45 169 170 173 174 177 178 181 182 185 186
61 20 50 70 53 79 69 82 30 11 1 31 45 59 51 63 46 72 62 4 26 7 37 43 27 57 76 66 18 2 16 19 52 169 170 173 174 177 178 181 182 185 186
57 1 31 45 51 76 66 26 56 7 37 43 27 79 69 82 59 18 2 16 49 52 20 60 50 53 63 62 30 169 170 173 174 177 178 181 182 185 186
7 11 2 63 76 53 66 20 56 23 45 12 37 69 82 1 49 26 16 60 50 4 30 72 62 52 19 51 18 31 168 171 172 175 176 179 180 183 184 187
18 30 72 62 19 51 31 16 76 53 66 1 43 20 56 23 45 11 37 79 69 46 82 49 26 2 60 4 50 27 63 168 171 172 175 176 179 180 183 184 187
30 79 2 46 4 82 59 16 49 19 20 60 50 63 11 72 62 52 1 31 76 53 66 43 56 45 27 70 37 168 169 172 173 176 177 180 181 184 185
59 11 70 1 31 45 79 69 82 46 23 4 26 56 37 60 63 43 27 72 62 16 19 49 52 76 66 20 50 53 169 170 173 174 177 178 181 182 185 186
60 16 49 52 20 50 51 76 66 79 11 1 31 12 45 70 46 69 82 72 23 4 26 56 37 27 63 62 2 169 170 173 174 177 178 181 182 185 186
70 1 31 63 45 76 51 62 46 11 26 43 27 79 82 23 37 19 49 52 66 69 20 50 53 72 2 170 171 174 175 178 179 182 183 186 187
45 79 23 69 4 46 82 26 49 37 43 27 51 50 63 2 72 16 62 52 76 53 66 11 56 31 169 170 173 174 177 178 181 182 185 186
69 11 1 31 12 51 46 23 4 26 56 37 43 76 27 79 2 16 19 49 52 63 66 20 50 82 72 53 170 171 174 175 178 179 182 183 186 187
2 27 72 62 52 19 51 31 11 63 76 53 66 20 56 23 12 37 4 79 46 82 49 26 16 168 171 172 175 176 179 180 183 184 187
27 31 19 76 66 20 43 56 46 11 1 12 37 79 82 72 49 23 4 51 26 50 63 53 52 168 169 172 173 176 177 180 181 184 185
62 16 49 52 79 82 20 50 53 11 1 31 63 12 72 51 46 23 4 26 56 37 76 43 66 169 170 173 174 177 178 181 182 185 186
20 51 4 50 72 52 16 31 19 1 76 53 66 43 56 23 11 12 37 79 82 49 26 168 171 172 175 176 179 180 183 184 187
12 37 79 46 82 49 26 16 4 50 72 52 19 31 63 76 53 66 43 56 23 11 1 168 171 172 175 176 179 180 183 184 187
51 50 82 72 16 49 1 31 46 63 53 11 26 52 43 66 79 56 23 4 37 19 169 170 173 174 177 178 181 182 185 186
43 23 4 26 76 66 79 56 46 16 19 82 72 49 11 50 63 1 31 53 52 169 170 173 174 177 178 181 182 185 186
37 16 63 1 76 31 53 66 56 11 23 79 46 49 50 19 82 72 52 168 169 172 173 176 177 180 181 184 185
1 4 26 50 63 72 52 19 31 11 76 53 66 56 46 23 168 171 172 175 176 179 180 183 184 187
16 50 82 11 72 52 19 31 63 76 53 66 23 4 79 56 46 49 26 168 171 172 175 176 179 180 183 184 187
50 19 49 52 11 31 76 53 46 56 23 4 26 79 82 169 170 173 174 177 178 181 182 185 186
31 79 46 82 49 19 63 72 52 11 76 53 66 56 23 26 168 169 172 173 176 177 180 181 184 185
11 79 56 46 49 26 4 82 72 52 19 63 76 53 66 23 168 171 172 175 176 179 180 183 184 187
79 76 46 82 56 72 19 49 52 63 66 170 171 174 175 178 179 182 183 186 187
4 63 53 66 56 46 23 26 82 72 49 52 19 168 171 172 175 176 179 180 183 184 187
63 19 49 52 72 53 76 46 23 26 56 82 170 171 174 175 178 179 182 183 186 187
23 76 53 66 82 49 26 19 72 52 168 169 172 173 176 177 180 181 184 185
76 26 56 19 49 52 66 72 53 46 170 171 174 175 178 179 182 183 186 187
19 72 52 53 66 56 82 49 26 168 171 172 175 176 179 180 183 184 187
53 26 49 66 56 46 82 72 169 170 173 174 177 178 181 182 185 186
46 26 82 49 72 52 66 56 169 170 173 174 177 178 181 182 185 186
49 72 52 66 56 26 82 169 170 173 174 177 178 181 182 185 186
56 66 26 82 52 72 169 170 173 174 177 178 181 182 185 186
66 26 72 52 82 170 171 174 175 178 179 182 183 186 187
26 82 52 168 169 172 173 176 177 180 181 184 185
72 52 82 170 171 174 175 178 179 182 183 186 187
82 52 170 171 174 175 178 179 182 183 186 187
52 169 170 173 174 177 178 181 182 185 186
101 142 155 109 145 86 122 89 112 100 154 84 167 144 87 157 134 111 90 124 114 156 146 123 159 136 126 103 95 158 135 98 148 125 102 138 115 105 93 96 99 147 160 137 150 127 104 140 117 97 149 162 139 116 129 106 119 88 161 151 128 164 141 94 118 108 121 163 153 130 143 120 133 110 165 168 171 172 175 176 179 180 183 184 187
142 132 146 134 135 116 149 118 130 148 161 95 98 128 109 110 140 112 93 160 124 96 150 126 127 163 111 141 113 125 97 162 152 151 164 107 88 89 154 119 91 121 106 136 108 138 90 120 166 143 92 122 156 123 104 137 165 155 145 102 114 86 167 144 157 133 147 84 85 115 87 117 99 129 169 170 173 174 177 178 181 182 185 186
112 151 164 87 141 118 131 90 104 163 153 130 166 143 120 133 95 98 132 109 122 93 85 96 99 167 144 157 134 147 124 114 97 156 123 159 136 113 126 107 88 110 158 135 91 148 138 115 105 128 108 111 92 160 137 150 127 140 117 149 102 162 139 116 152 129 86 119 89 100 161 103 84 168 169 172 173 176 177 180 181 184 185
151 93 85 115 96 126 148 99 129 165 132 155 143 144 116 146 97 130 167 157 107 88 110 140 91 121 156 94 124 105 159 127 108 138 139 111 122 123 125 158 102 89 119 100 103 133 84 106 136 87 117 147 162 90 120 150 152 134 135 137 118 149 164 154 114 95 98 163 128 109 131 166 170 171 174 175 178 179 182 183 186 187
113 116 129 119 161 102 164 141 118 154 131 86 121 89 100 103 163 153 106 130 166 87 143 120 90 133 104 165 155 132 122 135 95 144 98 134 147 109 124 114 93 85 96 156 99 146 123 159 136 126 97 158 148 125 138 115 128 107 88 110 160 91 137 150 94 140 105 108 111 92 149 162 139 168 169 172 173 176 177 180 181 184 185
116 162 139 152 129 119 164 141 118 154 131 107 121 88 89 91 163 153 106 166 143 120 108 156 133 90 123 92 104 165 155 132 145 122 102 114 167 144 157 134 98 147 124 100 103 84 85 115 87 146 159 149 148 125 161 138 128 95 109 160 110 150 127 93 94 140 117 96 130 111 168 169 172 173 176 177 180 181 184 185
131 164 128 141 109 154 115 96 126 163 129 153 166 143 156 133 97 130 165 155 132 145 135 107 88 91 167 121 144 157 94 134 124 147 105 127 108 111 122 125 146 159 136 158 102 161 86 138 89 119 100 103 84 106 160 87 137 117 150 90 120 140 123 104 118 162 139 152 114 95 98 169 170 173 174 177 178 181 182 185 186
164 93 85 115 145 96 126 148 99 159 132 162 143 135 97 166 149 130 163 165 88 110 140 91 121 94 124 154 105 127 157 108 138 160 111 141 92 122 125 155 158 102 86 89 119 100 152 103 133 84 106 136 87 117 147 139 90 120 150 123 153 104 134 156 118 95 98 109 170 171 174 175 178 179 182 183 186 187
92 93 158 135 148 125 138 115 128 105 95 160 137 127 104 140 94 107 86 149 162 89 139 129 106 119 96 84 87 161 90 141 118 108 121 98 163 153 130 166 120 97 133 110 165 155 132 85 109 145 122 99 102 167 144 157 134 111 147 124 114 156 146 123 159 136 126 88 103 91 168 171 172 175 176 179 180 183 184 187
93 128 141 118 95 108 98 140 153 130 107 143 120 97 86 110 100 152 165 84 155 87 109 145 99 90 154 167 144 121 157 134 111 124 166 156 133 146 123 136 103 85 135 148 125 102 138 115 105 147 137 114 127 104 117 94 159 88 149 126 162 91 139 106 119 96 161 168 171 172 175 176 179 180 183 184 187
84 89 154 167 144 121 157 134 88 124 91 166 156 133 123 136 90 126 103 158 135 148 102 138 115 105 147 137 150 127 104 117 94 107 159 149 162 139 152 129 106 119 96 86 161 128 141 118 95 108 85 98 163 140 153 130 143 110 87 100 165 155 132 145 122 99 168 171 172 175 176 179 180 183 184 187
89 167 144 157 87 134 111 147 124 91 156 159 136 126 103 158 148 125 161 138 115 128 105 85 95 160 137 150 127 104 117 94 107 97 149 162 139 152 129 119 96 109 141 118 108 121 98 163 153 130 166 143 120 133 110 123 100 90 165 155 132 145 122 135 102 168 171 172 175 176 179 180 183 184 187
124 125 138 86 128 119 100 103 106 127 117 140 90 120 104 149 162 139 152 114 95 141 98 154 109 85 115 96 163 99 153 130 166 143 133 97 165 155 132 145 135 107 167 110 144 91 157 121 134 147 94 105 108 111 156 122 146 159 136 126 158 102 148 168 169 172 173 176 177 180 181 184 185
125 126 105 108 111 158 122 148 161 138 128 160 137 102 150 127 140 86 119 100 103 162 139 106 152 87 129 117 90 120 118 141 154 163 114 95 153 98 133 109 85 115 96 165 99 155 132 145 135 97 167 157 134 147 107 156 88 110 146 91 159 136 94 149 168 169 172 173 176 177 180 181 184 185
167 119 152 103 133 106 136 87 166 117 147 139 90 120 123 153 104 134 156 137 118 114 95 98 128 109 85 115 145 96 126 148 99 129 159 132 162 165 146 97 149 130 163 107 88 110 140 91 121 94 154 127 157 108 138 160 111 141 144 155 158 161 102 170 171 174 175 178 179 182 183 186 187
95 98 91 163 140 153 143 120 97 133 110 100 165 155 132 109 145 122 99 154 144 121 157 134 88 111 114 166 87 156 123 126 103 158 135 148 102 138 115 105 147 160 137 150 127 85 117 107 149 162 139 152 129 106 119 96 161 141 118 108 168 171 172 175 176 179 180 183 184 187
98 108 163 85 130 166 143 120 133 110 100 165 97 155 132 145 122 99 135 144 157 134 88 111 147 91 114 94 156 146 123 159 136 103 158 148 161 138 115 128 105 86 160 137 150 104 140 117 87 107 149 162 152 129 106 119 141 118 154 168 171 172 175 176 179 180 183 184 187
90 132 122 99 135 102 144 157 134 111 147 86 114 91 104 156 85 146 159 87 136 126 103 158 138 115 128 105 160 150 127 140 117 94 130 107 97 162 139 152 129 106 119 96 109 118 154 108 121 163 153 166 143 120 133 110 123 100 165 155 168 171 172 175 176 179 180 183 184 187
132 120 123 104 118 141 154 114 153 166 128 143 156 85 115 96 126 99 165 129 155 135 144 157 134 147 137 107 88 110 91 121 146 159 136 149 105 127 108 111 122 158 148 161 138 102 160 150 163 86 140 119 103 106 162 87 139 117 152 169 170 173 174 177 178 181 182 185 186
105 148 91 138 115 94 147 160 137 150 127 117 107 149 162 139 152 129 106 119 86 100 161 103 128 141 118 108 163 140 153 130 143 120 133 165 155 109 145 122 85 154 96 144 121 157 134 111 114 97 166 156 146 123 159 136 158 88 135 168 169 172 173 176 177 180 181 184 185
148 127 108 138 111 141 144 154 153 166 102 156 86 119 100 165 103 155 133 106 136 87 117 147 120 123 104 137 157 114 159 149 128 109 85 115 145 96 158 126 99 129 161 143 135 146 97 130 163 107 88 162 110 152 140 121 94 170 171 174 175 178 179 182 183 186 187
126 161 128 141 102 86 153 88 119 100 133 103 106 87 117 165 120 155 123 145 104 118 154 144 157 134 114 166 109 156 146 159 85 136 115 96 158 135 97 138 147 160 137 150 127 140 107 110 121 94 149 162 139 108 152 129 111 169 170 173 174 177 178 181 182 185 186
117 122 154 107 144 88 157 110 134 91 94 108 111 146 123 136 158 135 102 128 86 100 160 103 137 150 106 140 87 104 162 139 152 129 119 161 114 141 118 121 109 85 115 163 96 153 130 166 99 143 120 133 97 165 155 168 169 172 173 176 177 180 181 184 185
122 158 135 104 138 118 160 137 150 127 114 140 109 85 162 115 139 96 152 129 97 128 141 163 153 130 166 107 88 110 133 91 121 94 165 108 155 111 145 154 144 157 134 147 102 86 156 119 100 146 123 159 136 103 106 87 168 169 172 173 176 177 180 181 184 185
157 158 119 161 100 152 103 106 136 147 139 120 160 150 153 104 134 156 137 118 162 114 109 145 96 99 129 163 143 146 166 97 149 130 165 107 88 110 140 91 121 94 127 108 138 111 141 144 155 159 102 86 170 171 174 175 178 179 182 183 186 187
158 159 108 111 141 144 155 156 161 102 86 160 119 163 100 152 103 133 106 136 147 120 162 150 123 153 104 134 135 137 118 114 128 109 166 85 115 145 96 99 146 97 149 130 107 88 110 140 91 121 94 154 127 170 171 174 175 178 179 182 183 186 187
109 118 99 163 140 153 130 143 120 110 152 155 145 96 154 108 144 121 134 111 97 166 156 133 146 123 107 88 91 135 103 138 115 106 87 147 104 137 114 150 127 149 102 162 139 86 129 119 161 85 128 141 168 169 172 173 176 177 180 181 184 185
118 85 115 165 96 155 99 145 97 144 134 147 156 107 88 146 123 159 110 136 91 94 108 111 138 128 160 137 150 127 140 86 149 162 103 139 152 106 129 119 161 104 154 121 163 153 114 130 166 143 168 169 172 173 176 177 180 181 184 185
123 165 155 145 135 102 86 119 134 100 103 137 85 87 99 146 159 104 136 149 161 138 114 128 110 160 150 94 127 163 96 111 162 139 97 152 129 141 154 107 144 88 91 121 106 153 143 156 120 133 168 169 172 173 176 177 180 181 184 185
165 153 104 134 135 137 128 85 166 115 145 96 99 129 159 162 143 146 97 130 161 163 107 88 110 121 94 154 127 108 138 160 111 141 144 155 156 102 119 100 152 133 106 136 87 147 139 120 150 170 171 174 175 178 179 182 183 186 187
128 94 96 127 163 111 153 130 166 143 133 155 145 102 135 88 119 91 121 103 134 147 106 87 120 104 146 159 136 114 86 138 100 160 137 150 99 140 97 149 162 139 152 161 107 141 110 154 169 170 173 174 177 178 181 182 185 186
86 134 111 114 91 156 146 159 136 103 135 138 115 147 160 137 150 127 140 94 107 149 162 139 152 129 106 119 96 161 108 121 88 163 153 130 143 120 97 133 110 87 100 155 145 99 102 154 85 144 168 171 172 175 176 179 180 183 184 187
134 119 155 100 145 133 135 87 120 144 104 147 156 146 159 114 85 161 96 138 99 160 97 137 150 130 140 149 162 139 152 88 121 94 127 108 141 111 154 163 153 166 143 102 169 170 173 174 177 178 181 182 185 186
87 99 144 111 147 114 91 156 85 146 159 136 103 135 138 115 160 137 150 127 140 94 107 149 162 139 152 129 106 119 96 161 141 121 88 163 153 130 166 143 120 97 133 110 100 155 145 168 171 172 175 176 179 180 183 184 187
99 141 154 108 163 153 130 166 143 120 110 100 85 155 96 145 135 102 97 144 111 147 114 156 146 159 136 88 103 91 94 161 138 115 160 137 150 127 104 140 107 149 139 152 129 106 119 168 171 172 175 176 179 180 183 184 187
108 138 115 85 96 160 137 150 127 97 162 139 152 129 119 107 88 161 91 94 141 154 121 163 153 166 143 133 110 102 155 145 135 106 144 111 147 104 114 156 146 159 136 168 169 172 173 176 177 180 181 184 185
159 119 100 163 152 133 166 106 136 147 139 120 150 153 104 156 137 114 85 96 129 143 135 146 97 149 130 161 107 160 110 140 91 121 94 154 127 138 111 141 162 144 155 170 171 174 175 178 179 182 183 186 187
150 155 107 88 110 140 91 121 94 127 138 111 141 144 102 161 119 100 103 133 136 147 160 139 120 104 137 162 152 154 115 145 96 129 163 153 143 135 166 146 97 149 130 170 171 174 175 178 179 182 183 186 187
155 153 104 137 161 114 160 85 115 145 96 129 143 146 97 149 130 107 88 163 140 91 166 94 154 127 138 141 144 102 100 152 103 133 156 106 136 139 170 171 174 175 178 179 182 183 186 187
97 149 162 139 129 106 119 161 141 94 121 163 153 130 166 143 120 133 110 100 145 88 102 91 154 144 111 147 114 156 146 103 115 160 137 127 104 140 107 168 171 172 175 176 179 180 183 184 187
149 162 152 88 154 91 121 94 106 136 138 120 153 166 156 137 102 119 100 103 133 85 115 147 104 135 146 130 114 161 140 145 96 160 127 129 163 111 141 143 144 170 171 174 175 178 179 182 183 186 187
162 146 130 107 88 110 140 121 94 166 154 127 138 160 111 161 102 119 100 103 133 106 139 120 153 104 156 137 114 85 115 145 96 129 143 135 170 171 174 175 178 179 182 183 186 187
100 154 144 121 111 114 166 156 146 136 103 85 96 135 102 138 115 147 160 137 104 107 88 91 139 94 152 129 106 119 161 141 163 140 130 143 120 133 110 145 168 171 172 175 176 179 180 183 184 187
154 161 85 145 147 129 160 143 135 130 140 94 96 127 138 111 141 163 144 107 88 119 91 121 152 103 133 106 136 139 120 153 104 137 156 102 114 170 171 174 175 178 179 182 183 186 187
119 144 147 136 107 88 110 91 94 161 138 160 137 127 140 102 152 129 103 106 141 121 104 163 153 166 143 133 114 145 135 96 168 169 172 173 176 177 180 181 184 185
120 145 114 144 147 85 115 96 156 146 136 161 138 107 88 110 160 137 94 127 140 111 139 152 129 102 141 121 163 106 153 130 166 143 133 104 168 169 172 173 176 177 180 181 184 185
139 145 130 147 107 88 110 91 121 94 146 127 138 111 161 102 160 140 103 133 136 152 104 135 141 144 114 153 166 143 156 85 115 96 129 169 170 173 174 177 178 181 182 185 186
145 104 137 163 153 166 85 115 96 129 143 135 147 130 156 146 107 88 110 140 91 121 94 138 161 111 141 144 160 102 152 103 133 106 136 169 170 173 174 177 178 181 182 185 186
141 85 96 161 129 135 160 130 107 88 152 110 140 91 121 94 127 138 111 163 153 166 143 156 133 106 136 144 137 147 146 114 169 170 173 174 177 178 181 182 185 186
91 147 160 127 104 140 94 107 152 129 106 96 161 121 153 130 166 85 143 133 110 144 111 88 114 156 146 136 103 135 102 138 115 168 171 172 175 176 179 180 183 184 187
143 152 114 161 85 115 96 129 163 153 166 135 130 107 88 110 140 121 144 94 147 127 111 156 146 102 103 133 106 136 137 169 170 173 174 177 178 181 182 185 186
152 135 146 130 107 110 140 94 127 138 111 161 144 102 88 103 133 106 136 147 137 153 166 114 156 85 115 96 129 170 171 174 175 178 179 182 183 186 187
102 114 156 146 103 135 138 115 160 137 127 104 140 107 129 106 161 121 94 163 96 153 130 166 133 110 144 88 147 168 171 172 175 176 179 180 183 184 187
114 153 130 166 88 103 106 104 135 144 147 156 136 85 96 161 138 115 160 137 127 140 107 110 94 129 111 121 168 169 172 173 176 177 180 181 184 185
144 103 133 106 136 104 135 137 160 163 85 115 96 129 130 153 166 107 110 140 94 127 138 111 146 169 170 173 174 177 178 181 182 185 186
161 127 160 111 88 163 121 136 138 153 104 156 137 166 103 133 85 115 147 129 135 146 130 110 140 94 170 171 174 175 178 179 182 183 186 187
129 163 107 153 88 130 110 133 121 94 135 147 156 146 103 136 106 104 138 160 137 140 85 115 96 169 170 173 174 177 178 181 182 185 186
153 85 115 135 130 107 110 140 121 94 127 160 138 163 103 133 106 136 147 104 156 137 170 171 174 175 178 179 182 183 186 187
138 127 160 140 103 133 106 104 137 163 166 115 96 135 147 130 156 146 88 110 121 169 170 173 174 177 178 181 182 185 186
94 115 160 88 137 127 104 140 107 106 96 121 163 130 166 133 110 111 147 85 156 146 168 171 172 175 176 179 180 183 184 187
115 111 121 163 130 166 133 135 103 106 104 156 146 136 85 96 160 137 127 140 107 88 110 168 169 172 173 176 177 180 181 184 185
111 103 160 104 127 140 130 85 96 121 163 166 156 133 107 88 135 110 147 146 136 168 169 172 173 176 177 180 181 184 185
146 103 133 106 136 163 166 104 137 85 147 96 156 135 130 107 88 110 140 121 160 127 169 170 173 174 177 178 181 182 185 186
104 135 88 147 156 136 103 85 160 137 127 140 107 106 96 121 163 130 166 133 110 168 171 172 175 176 179 180 183 184 187
135 166 156 133 85 130 147 137 110 136 127 160 163 140 107 88 121 103 106 169 170 173 174 177 178 181 182 185 186
127 110 121 160 163 140 130 103 166 156 133 147 85 137 96 136 169 170 173 174 177 178 181 182 185 186
85 121 88 163 166 133 110 147 156 136 103 160 137 140 130 107 106 96 168 171 172 175 176 179 180 183 184 187
96 121 163 130 166 133 110 156 136 103 160 137 106 168 171 172 175 176 179 180 183 184 187
88 147 160 137 106 163 140 130 107 110 121 166 133 136 103 168 171 172 175 176 179 180 183 184 187
147 121 103 133 106 136 156 130 107 110 140 163 166 170 171 174 175 178 179 182 183 186 187
107 160 137 140 121 163 130 166 110 103 106 156 136 168 169 172 173 176 177 180 181 184 185
160 110 140 121 163 103 133 106 136 156 166 137 130 170 171 174 175 178 179 182 183 186 187
121 137 110 163 130 133 103 106 156 136 168 169 172 173 176 177 180 181 184 185
103 156 136 137 140 106 163 166 133 110 168 171 172 175 176 179 180 183 184 187
163 130 166 140 137 133 106 136 170 171 174 175 178 179 182 183 186 187
137 110 106 136 140 130 166 156 169 170 173 174 177 178 181 182 185 186
130 110 166 133 156 136 140 169 170 173 174 177 178 181 182 185 186
133 156 136 166 106 169 170 173 174 177 178 181 182 185 186
140 110 106 136 169 170 173 174 177 178 181 182 185 186
106 136 166 156 110 168 169 172 173 176 177 180 181 184 185
110 166 136 168 169 172 173 176 177 180 181 184 185
156 136 166 170 171 174 175 178 179 182 183 186 187
166 136 170 171 174 175 178 179 182 183 186 187
136 169 170 173 174 177 178 181 182 185 186
168
169
170
171
172
173
174
175
176
177
178
179
180
181
182
183
184
185
186
187
