#/usr/local/lib/python3.10/dist-packages/colab_kernel_launcher.py -f /root/.local/share/jupyter/runtime/kernel-2b515d16-c871-48c9-ad2b-cd6ecd503099.json
# GMT Thu May 23 09:54:33 2024
# 
15 21 39 3 14 16 6 12 34 20 29 38 24 19 28 37 32 18 36 8 22 31 40 11 17 26 35 85 86
21 37 18 41 27 36 22 31 40 10 26 2 5 13 16 8 39 25 14 29 38 28 23 17 20 12 86 87
26 30 7 18 10 2 13 34 29 38 19 8 33 11 22 32 3 14 25 17 20 23 12 27 4 86 87
30 9 29 2 24 13 36 16 40 27 35 19 22 3 6 28 39 34 0 1 38 33 23 12 37 32 87 88
7 35 12 11 2 25 34 20 24 33 10 19 37 0 23 3 1 32 41 18 27 36 22 40 4 8 84 85
18 35 8 16 6 39 11 0 1 25 34 29 24 33 28 9 2 12 4 13 41 36 31 85 86
39 28 10 20 12 32 5 34 27 29 13 35 24 16 36 40 8 38 11 31 3 14 25 88 89
35 2 41 32 13 24 16 27 8 11 22 14 3 25 6 28 9 37 20 23 12 4 88 89
29 32 41 36 25 31 6 17 9 1 4 10 38 2 33 37 13 24 19 8 0 87 88
32 22 41 14 40 6 8 0 11 31 25 17 28 34 9 38 33 23 37 4 87 88
8 9 5 41 31 40 11 6 1 25 20 38 24 33 4 10 37 23 84 85
9 25 11 20 38 24 33 6 19 28 14 4 37 23 27 13 22 40 17 12 16 84 85
41 5 13 27 19 38 11 0 22 33 25 6 17 1 31 20 23 4 34 37 88 89
0 5 14 23 27 36 22 40 17 3 12 16 25 34 11 6 24 1 10 19 28 84 89
5 3 31 40 17 16 25 1 11 4 34 38 2 24 33 10 19 28 37 14 23 13 84 89
37 22 33 16 36 11 1 20 31 12 25 38 34 10 2 27 88 89
14 11 24 33 19 28 3 23 1 12 36 17 10 2 13 34 20 38 85 86
11 23 10 36 13 22 31 17 3 1 24 19 28 84 85
23 22 3 25 34 24 1 20 28 4 40 13 16 19 86 87
10 27 36 22 31 40 12 6 16 1 4 20 38 24 2 13 84 85
27 2 22 13 16 36 31 19 25 6 1 20 34 38 33 28 86 87
36 2 13 24 19 33 25 6 40 28 17 12 4 34 88 89
33 38 6 28 17 31 12 4 40 24 13 16 19 87 88
38 25 6 17 20 12 4 40 34 16 19 88 89
25 34 28 4 2 31 16 6 1 86 87
34 17 1 31 12 4 2 24 40 3 87 88
3 6 24 19 2 4 13 22 31 40 17 12 16 1 20 84 89
6 24 28 13 31 2 12 16 20 1 84 89
22 28 2 16 19 31 40 17 1 12 24 86 87
28 17 20 12 2 31 40 19 87 88
24 1 20 12 4 19 86 87
16 2 31 40 20 19 12 4 85 86
12 20 1 17 84 85
31 2 17 1 40 4 87 88
2 13 40 20 4 1 84 89
40 13 17 20 4 88 89
19 17 1 4 13 20 85 86
13 17 1 20 4 84 85
17 20 1 4 85 86
20 85 86
4 84 89
1 84 89
60 68 72 58 48 81 53 43 67 71 75 61 70 79 65 59 52 44 54 46 55 74 83 49 69 73 82 85 86
68 49 52 44 63 47 66 55 58 76 71 80 50 53 70 79 64 45 67 43 83 69 46 73 82 77 86 87
49 77 54 63 58 53 81 67 76 71 80 57 66 75 52 61 70 65 51 45 48 74 69 46 50 84 85
77 71 44 78 74 66 58 72 50 42 53 64 56 75 67 81 80 70 59 43 73 62 54 46 57 88 89
50 51 47 74 83 78 55 64 82 42 63 58 48 43 67 71 80 57 75 46 52 61 56 65 84 85
51 42 72 45 67 76 53 62 71 48 52 61 56 79 74 83 69 78 64 44 59 54 63 47 58 84 85
42 47 65 79 69 78 55 73 59 45 54 63 44 72 81 76 48 57 66 75 43 52 61 70 84 89
47 45 69 73 81 58 67 43 48 46 76 62 71 44 57 66 52 61 70 79 56 65 74 84 89
82 83 52 71 44 63 66 55 58 61 72 64 45 56 67 78 59 81 73 62 54 57 76 79 88 89
83 74 55 58 69 61 80 81 64 56 45 75 78 59 70 43 62 73 54 46 76 52 88 89
53 56 44 79 69 78 64 73 59 54 63 58 45 48 81 76 62 71 80 57 61 70 84 85
56 57 66 75 61 79 74 48 54 69 78 73 59 63 72 58 67 44 81 76 85 86
65 45 76 59 71 66 75 43 62 70 79 54 57 52 44 63 74 46 73 55 58 72 86 87
52 78 64 59 54 63 58 76 62 57 66 75 61 70 79 44 74 84 85
78 44 80 74 55 66 79 58 64 45 67 48 70 81 73 62 46 57 88 89
75 80 45 79 67 70 59 73 54 46 57 71 44 63 55 66 72 76 87 88
80 67 48 43 62 73 54 46 57 76 79 71 44 55 66 58 81 61 72 88 89
67 76 57 71 79 61 74 69 64 55 48 43 62 72 81 86 87
76 70 43 62 73 54 46 81 71 44 63 66 45 87 88
45 57 66 70 46 74 69 64 73 59 63 72 58 43 71 84 89
57 48 43 54 46 71 61 70 79 55 64 73 85 86
66 74 69 59 43 72 54 44 81 63 55 61 64 86 87
64 79 74 44 69 63 58 61 72 81 48 59 43 62 86 87
79 59 43 73 54 81 44 46 55 69 72 88 89
54 44 61 48 69 55 73 59 63 72 84 85
63 73 72 55 58 61 81 48 70 43 46 86 87
72 71 44 46 58 48 59 81 43 62 74 87 88
44 69 55 59 62 48 61 84 89
69 55 58 81 48 59 43 62 71 46 74 86 87
71 48 70 59 43 62 46 81 58 87 88
61 74 73 81 55 58 62 70 85 86
74 55 48 43 62 73 70 59 46 87 88
70 81 48 59 43 62 73 55 87 88
81 62 46 48 73 88 89
58 55 48 62 43 85 86
48 55 62 43 84 89
59 62 55 73 46 85 86
55 62 46 84 85
73 43 46 87 88
62 46 85 86
46 43 84 89
43 84 89
84
85
86
87
88
89
