#/usr/local/lib/python3.10/dist-packages/colab_kernel_launcher.py -f /root/.local/share/jupyter/runtime/kernel-2b515d16-c871-48c9-ad2b-cd6ecd503099.json
# GMT Thu May 23 11:28:21 2024
# 
15 21 1 14 3 16 18 10 12 2 6 4 8 20 22 0 11 17 5 19 7 9 13 47 48 50 51 53 54
21 17 5 18 7 9 13 1 14 3 16 20 22 10 12 2 6 4 8 19 0 11 48 49 51 52 54 55
6 18 11 20 3 13 22 2 4 8 17 5 10 19 0 12 1 14 7 16 9 46 49 50 52 53 55
18 8 19 12 4 5 0 11 13 17 1 3 14 7 9 20 10 22 16 2 47 48 50 51 54 55
16 20 22 0 11 17 5 19 7 9 13 1 3 14 10 12 2 4 8 47 48 50 51 53 54
20 22 10 12 2 4 19 8 0 11 17 1 5 7 9 13 3 14 47 48 51 52 54 55
7 17 10 19 0 12 14 5 9 1 11 3 13 22 2 4 8 46 47 49 50 52 53 55
17 9 13 1 3 14 10 12 19 2 4 8 22 11 0 5 47 48 50 51 54 55
4 9 2 11 13 22 8 0 10 19 1 3 12 5 14 46 48 49 52 53 55
9 8 10 19 12 0 14 5 1 3 11 13 22 2 46 47 49 50 52 53
3 13 22 8 10 19 1 12 5 14 11 2 0 46 48 49 52 53 55
13 19 12 14 2 8 5 0 11 1 22 10 46 47 50 51 53 54
5 10 0 19 12 14 1 11 22 2 8 46 49 50 52 53 55
10 1 22 19 12 14 2 8 11 0 46 47 49 50 53 54
8 11 1 22 2 19 12 0 14 46 47 49 50 52 53
0 14 2 11 22 1 19 12 46 48 49 51 52 54 55
19 1 14 22 12 2 11 47 48 51 52 54 55
11 14 2 1 22 12 46 47 49 50 53 54
14 22 1 12 2 47 48 50 51 53 54
2 22 1 12 46 48 49 51 52 55
22 12 1 48 49 51 52 54 55
1 12 46 48 49 51 52 55
12 46 47 50 51 53 54
38 44 24 37 26 39 41 33 35 25 29 27 31 43 45 23 34 40 28 42 30 32 36 47 48 50 51 53 54
44 40 28 30 41 32 36 24 26 37 39 43 45 33 35 25 29 27 31 42 23 34 48 49 51 52 54 55
29 41 34 43 26 36 45 25 27 31 40 28 33 42 23 35 24 37 30 39 32 46 49 50 52 53 55
41 31 42 35 27 28 36 34 23 40 24 37 26 30 32 43 33 45 39 25 47 48 50 51 54 55
39 43 45 23 34 40 28 42 30 32 36 24 26 37 33 35 25 27 31 47 48 50 51 53 54
43 45 33 35 25 27 31 42 23 34 40 24 28 30 32 36 26 37 47 48 51 52 54 55
30 40 33 42 23 35 37 28 32 24 34 26 36 45 25 27 31 46 47 49 50 52 53 55
40 32 36 24 37 26 33 35 25 27 31 45 23 34 28 42 47 48 50 51 54 55
27 32 25 34 36 45 31 23 33 42 24 26 35 28 37 46 48 49 52 53 55
32 31 33 42 35 23 37 28 24 26 34 36 45 25 46 47 49 50 52 53
26 36 45 31 33 42 24 35 28 37 34 25 23 46 48 49 52 53 55
36 42 35 37 25 31 28 23 34 24 45 33 46 47 50 51 53 54
28 33 23 42 35 37 24 34 45 25 31 46 49 50 52 53 55
33 24 45 42 35 37 25 31 34 23 46 47 49 50 53 54
31 34 24 45 25 42 35 23 37 46 47 49 50 52 53
23 37 25 34 45 24 42 35 46 48 49 51 52 54 55
45 37 35 25 42 34 24 48 49 51 52 54 55
42 24 37 35 25 34 47 48 51 52 54 55
37 34 24 35 25 47 48 50 51 53 54
25 34 24 35 46 48 49 51 52 55
34 24 35 46 47 49 50 53 54
24 35 46 48 49 51 52 55
35 46 47 50 51 53 54
46
47
48
49
50
51
52
53
54
55
