#/usr/local/lib/python3.10/dist-packages/colab_kernel_launcher.py -f /root/.local/share/jupyter/runtime/kernel-2b515d16-c871-48c9-ad2b-cd6ecd503099.json
# GMT Thu May 23 11:27:09 2024
# 
15 21 30 3 16 25 6 9 1 34 4 20 24 19 7 28 23 32 2 5 13 27 22 0 26 71 72 76 77
21 18 7 32 22 31 10 26 2 30 13 8 0 11 25 34 14 3 24 33 6 17 9 1 72 73 77 78
7 17 26 12 16 11 2 5 34 20 29 33 19 0 23 9 3 32 18 27 13 31 4 70 71 75 76
17 10 25 2 29 24 33 19 5 28 13 23 11 3 14 32 18 27 22 26 30 1 12 71 72 76 77
30 26 18 9 10 29 2 13 16 31 27 8 22 14 28 0 1 20 23 12 32 25 73 74 78 79
26 5 24 16 34 29 8 19 0 11 28 22 32 14 3 1 20 12 27 4 72 73 77 78
29 32 25 6 31 28 23 12 4 34 2 33 5 24 16 19 8 11 0 22 3 73 74 78 79
32 14 24 16 6 8 11 0 3 25 28 34 9 10 12 23 4 27 73 74 78 79
8 18 2 5 27 22 31 12 0 16 3 6 1 25 20 4 19 28 14 23 70 71 75 76
18 14 3 16 0 11 1 25 34 20 23 10 2 12 4 5 13 27 22 31 71 72 76 77
0 14 23 9 4 13 31 12 16 25 34 11 6 24 1 28 70 74 75 79
14 11 33 19 28 3 6 9 1 12 4 27 25 10 2 5 34 71 72 76 77
11 23 10 2 4 5 27 13 3 6 34 20 24 33 19 28 70 71 75 76
23 22 6 24 20 12 9 10 27 4 5 31 13 16 19 72 73 77 78
10 27 22 31 3 12 6 16 9 1 34 20 24 33 19 28 5 70 71 75 76
27 22 5 13 24 16 31 25 6 20 34 12 28 72 73 77 78
25 34 33 9 4 5 19 2 31 22 16 6 1 20 72 73 77 78
34 28 9 31 12 4 2 5 13 19 3 33 73 74 78 79
3 6 24 33 5 9 4 13 22 31 16 20 70 74 75 79
6 24 33 19 28 9 5 31 12 16 20 1 70 74 75 79
22 28 2 13 16 31 9 20 12 4 24 33 72 73 77 78
28 33 1 12 4 2 31 24 13 19 73 74 78 79
24 31 9 1 20 2 13 33 16 19 72 73 77 78
33 9 1 20 31 12 4 5 13 16 19 73 74 78 79
16 2 5 13 20 9 1 71 72 76 77
12 2 20 19 9 13 1 70 71 75 76
9 20 19 1 4 2 5 70 71 75 76
31 2 5 19 1 20 4 73 74 78 79
19 1 4 2 5 13 71 72 76 77
2 13 20 5 1 70 74 75 79
13 1 20 4 5 70 71 75 76
5 4 70 74 75 79
4 20 1 70 74 75 79
20 1 71 72 76 77
1 70 74 75 79
50 56 65 38 49 51 60 41 47 69 39 55 64 59 68 63 58 37 62 43 57 35 46 52 61 71 72 76 77
56 53 67 62 66 61 65 40 51 54 43 46 35 60 69 38 64 59 41 63 52 44 47 39 72 73 77 78
42 52 61 47 65 51 46 37 40 60 55 64 59 68 54 63 35 58 41 67 53 62 66 39 43 70 71 75 76
52 45 60 69 37 55 59 40 54 48 58 43 46 35 38 67 53 62 57 61 47 39 71 72 76 77
65 61 53 45 64 37 40 51 66 62 54 43 46 57 38 49 41 63 35 36 58 67 73 74 78 79
61 53 37 59 48 51 69 64 54 68 35 57 67 38 49 36 55 58 62 66 72 73 77 78
53 49 38 51 41 46 60 55 64 59 68 54 63 45 37 40 48 67 57 66 71 72 76 77
43 44 37 40 62 48 57 66 47 46 38 36 60 69 59 68 39 45 54 49 70 71 75 76
44 35 38 60 69 46 55 64 59 68 41 45 63 49 36 39 58 67 57 66 47 40 51 70 71 75 76
35 40 49 58 67 62 39 48 57 66 38 47 37 69 46 64 68 63 70 74 75 79
40 38 62 66 47 51 60 41 39 55 64 37 45 54 63 67 48 70 74 75 79
49 46 59 54 63 38 58 67 36 47 62 66 51 60 37 48 55 64 71 72 76 77
46 58 45 37 67 48 57 47 51 41 60 69 36 68 54 70 71 75 76
58 38 64 59 68 36 63 47 45 37 67 62 66 48 51 54 72 73 77 78
45 62 57 38 41 51 60 39 69 55 64 59 68 54 63 37 67 70 71 75 76
62 57 48 59 66 60 36 55 69 64 39 63 67 72 73 77 78
37 67 66 47 69 55 41 59 68 54 39 36 70 74 75 79
67 48 51 41 54 55 38 60 68 47 73 74 78 79
38 68 63 48 57 47 51 60 36 69 64 70 74 75 79
57 63 48 51 54 66 41 36 55 69 64 59 68 72 73 77 78
63 69 60 41 68 36 55 47 39 48 59 73 74 78 79
59 41 66 36 47 60 39 69 48 54 72 73 77 78
68 41 36 66 55 47 39 64 54 69 73 74 78 79
51 66 48 60 69 41 64 54 36 39 71 72 76 77
47 60 69 55 41 48 36 39 70 71 75 76
60 39 54 66 41 36 55 72 73 77 78
41 69 64 54 48 39 55 70 74 75 79
69 36 66 64 48 54 73 74 78 79
54 36 39 55 71 72 76 77
64 66 36 55 39 48 73 74 78 79
66 48 36 55 39 73 74 78 79
48 36 55 39 70 71 75 76
55 39 36 71 72 76 77
36 39 70 74 75 79
39 70 74 75 79
70
71
72
73
74
75
76
77
78
79
