#/usr/local/lib/python3.10/dist-packages/colab_kernel_launcher.py -f /root/.local/share/jupyter/runtime/kernel-2b515d16-c871-48c9-ad2b-cd6ecd503099.json
# GMT Thu May 23 10:00:34 2024
# 
15 21 30 39 14 3 6 9 1 48 34 52 4 20 38 24 33 42 51 7 28 37 23 2 13 41 50 27 36 45 40 49 26 35 44 108 109
21 46 18 7 41 27 45 31 40 49 10 26 2 30 13 16 8 19 0 53 25 43 3 14 29 38 47 24 23 9 1 20 12 4 109 110
47 53 33 25 6 36 51 17 9 39 1 31 12 23 26 34 7 50 29 2 49 32 43 5 24 16 27 46 19 8 11 22 14 3 112 113
53 28 17 31 51 42 4 43 26 18 7 10 29 40 2 32 5 35 13 24 16 46 30 19 8 38 49 52 41 14 44 33 6 112 113
30 26 29 2 46 41 50 13 24 36 45 49 35 44 19 11 22 14 6 28 17 39 48 52 1 38 20 51 12 23 37 32 110 111
26 18 10 2 5 24 13 16 48 43 52 29 19 33 42 51 0 11 37 32 3 17 1 20 50 23 45 31 40 49 109 110
18 35 44 3 14 16 6 0 1 25 34 43 52 24 33 19 28 37 17 10 2 12 51 5 32 41 7 27 36 45 22 31 109 110
39 17 28 10 43 20 52 12 23 32 46 34 7 37 27 29 2 13 24 16 6 45 36 49 8 38 0 1 31 3 14 25 111 112
7 35 11 2 5 44 25 43 52 20 24 42 10 19 28 0 14 23 51 1 41 36 45 13 22 40 49 4 8 108 113
35 10 46 29 41 50 45 32 40 13 44 8 11 22 14 3 6 43 38 17 28 42 51 9 1 37 31 12 4 34 110 111
29 32 50 36 6 49 44 17 28 9 1 20 23 4 48 43 52 10 38 2 42 16 27 19 11 22 46 14 110 111
32 41 50 36 13 24 45 40 49 16 6 19 0 31 3 25 48 17 43 9 10 33 42 23 12 5 27 110 111
44 17 51 9 10 40 12 42 43 5 24 37 8 19 2 22 3 33 6 36 38 11 31 20 48 25 52 34 111 112
8 9 51 5 27 36 22 40 49 17 12 16 3 6 1 25 43 52 20 38 24 42 4 19 28 37 14 23 108 113
9 49 0 48 3 20 38 33 6 10 19 14 4 42 51 37 46 23 41 50 27 45 13 31 40 2 16 108 109
0 5 23 37 46 41 50 45 4 13 31 40 3 12 16 2 49 48 34 43 11 20 6 24 33 42 10 28 108 113
5 3 41 27 45 22 31 40 49 17 12 25 11 4 43 20 38 2 33 42 51 10 19 28 37 23 108 113
40 41 45 24 13 19 38 11 48 3 14 52 25 17 28 1 20 31 23 4 34 46 37 111 112
41 42 2 13 24 16 27 19 38 11 22 50 14 33 6 28 20 23 12 4 34 37 10 111 112
11 14 23 10 46 50 4 27 36 13 31 49 12 3 6 48 25 43 52 38 1 24 33 19 108 109
14 24 33 42 51 19 46 12 36 45 31 49 16 25 2 48 43 52 20 38 108 109
50 2 43 13 24 16 52 46 19 49 22 3 33 25 6 36 28 1 31 20 12 4 45 48 112 113
46 22 13 16 19 38 1 49 3 33 28 31 23 12 4 43 48 34 45 37 51 27 112 113
23 22 3 6 48 25 34 43 17 38 28 37 12 10 49 13 16 19 109 110
10 27 45 31 49 3 17 12 6 16 4 43 38 24 33 51 28 37 2 108 109
27 2 22 24 16 36 45 31 19 3 25 6 17 1 48 34 52 33 42 28 37 110 111
42 3 25 36 17 48 1 43 52 31 20 12 34 2 51 4 24 16 49 22 111 112
33 38 3 25 17 1 20 31 51 4 45 49 2 16 19 48 52 22 110 111
38 25 6 17 1 31 20 4 49 34 37 16 48 43 52 22 111 112
25 34 43 17 28 24 51 37 19 2 36 45 22 13 6 20 48 109 110
34 6 28 17 1 20 31 12 4 48 43 52 51 13 24 19 22 36 3 49 110 111
45 43 13 16 48 52 51 3 36 17 20 31 12 4 37 112 113
43 6 36 28 1 20 37 24 13 19 111 112
3 6 37 2 36 13 31 49 12 1 52 108 113
6 52 24 19 28 13 22 49 2 12 20 108 113
2 13 31 48 20 24 28 37 4 1 51 108 113
24 31 1 48 52 13 51 28 22 109 110
22 37 13 16 19 36 49 17 1 20 12 4 52 51 109 110
37 16 36 28 17 20 12 48 4 13 51 111 112
51 16 36 49 1 28 48 52 12 4 19 112 113
36 48 52 13 19 17 28 49 1 31 12 4 111 112
48 28 20 12 4 52 13 16 19 112 113
17 20 19 28 13 16 31 1 12 4 108 109
28 52 1 20 31 16 110 111
49 4 13 1 12 52 112 113
52 1 12 4 13 16 112 113
31 13 16 1 4 110 111
19 12 16 20 109 110
13 16 108 109
16 20 4 108 109
12 1 4 108 109
20 4 1 109 110
4 108 113
1 108 113
69 75 93 57 68 60 88 106 74 83 101 78 87 96 105 73 61 82 91 86 72 64 100 95 104 81 99 62 76 85 103 65 71 89 98 108 109
75 91 100 61 72 104 90 85 103 64 80 56 59 67 70 62 73 98 107 93 79 88 97 106 92 101 87 77 63 55 74 66 58 105 109 110
101 107 87 60 90 105 71 93 55 85 77 66 58 80 72 91 83 56 86 97 89 78 67 70 81 73 62 84 92 65 54 76 57 112 113
107 90 71 63 102 85 66 96 58 80 99 88 81 64 94 83 56 59 78 67 89 70 100 73 62 103 92 93 95 57 68 87 79 112 113
61 71 89 66 84 70 65 59 98 93 97 106 74 78 87 96 73 82 91 54 68 63 57 60 105 55 86 95 104 72 67 76 103 108 113
71 98 93 88 97 83 78 96 73 67 77 54 65 105 57 68 100 86 95 104 72 90 60 85 94 80 63 84 55 66 58 108 109
80 84 93 59 78 67 70 102 83 92 73 87 96 105 65 91 100 76 86 68 60 74 95 66 81 90 99 58 94 89 98 109 110
84 72 56 100 58 59 104 90 99 70 94 89 73 65 76 57 68 60 82 93 102 54 97 106 55 87 96 105 77 91 86 110 111
90 56 97 106 92 59 105 89 67 91 70 81 65 54 76 68 57 87 79 104 60 94 82 103 66 77 58 88 72 111 112
93 82 64 97 106 58 86 59 95 88 81 83 56 76 78 67 89 70 99 94 73 98 65 55 85 87 79 111 112
89 64 83 56 104 99 94 59 67 78 98 70 73 54 68 60 106 92 82 105 63 55 85 74 77 58 88 110 111
83 86 99 85 94 103 82 63 55 74 66 102 88 97 106 56 87 96 105 59 78 67 70 62 54 76 100 68 110 111
86 56 95 68 67 78 99 94 70 98 73 65 54 55 74 57 82 106 63 64 96 77 66 100 58 59 81 110 111
62 63 72 56 105 59 100 95 104 81 99 76 94 103 98 66 54 70 60 55 79 88 74 78 87 96 58 91 68 77 108 113
63 98 102 57 79 88 97 65 74 92 87 64 82 68 58 96 105 91 77 72 81 76 85 94 56 66 70 108 109
94 95 99 64 103 56 98 59 67 81 92 54 65 76 102 57 97 96 55 85 74 77 88 72 111 112
95 59 67 70 81 73 54 100 104 68 57 87 79 60 98 82 55 85 66 77 58 88 72 91 97 106 111 112
72 68 102 65 54 79 97 74 92 78 96 73 82 91 77 64 66 58 100 81 99 76 85 103 109 110
91 76 68 57 70 60 82 54 65 74 85 77 102 106 79 92 64 56 59 67 105 100 104 103 111 112
65 68 77 64 56 100 104 59 85 103 57 60 102 79 97 54 74 92 55 78 96 73 108 109
68 96 105 73 82 66 104 58 99 76 103 98 79 64 56 67 102 97 106 108 109
60 102 88 97 92 78 96 64 73 82 100 67 58 104 99 85 103 56 98 66 79 74 55 108 113
102 103 82 55 85 66 77 96 88 99 64 106 56 105 59 78 67 81 100 92 54 98 104 79 112 113
100 76 59 78 67 70 73 54 55 103 98 87 82 74 66 58 88 81 64 56 112 113
77 76 57 97 106 92 87 74 82 66 64 105 56 104 58 59 85 103 70 73 109 110
64 81 99 76 85 103 57 55 58 106 92 96 105 73 82 67 59 54 104 108 109
81 76 59 70 104 99 73 103 98 54 57 79 74 88 106 66 92 96 105 82 110 111
56 104 85 57 98 79 88 97 106 54 74 78 87 96 59 55 108 113
79 88 97 92 96 82 66 59 78 105 73 104 85 76 67 70 54 74 103 98 109 110
88 55 85 66 58 106 92 96 59 78 73 54 99 57 103 87 98 110 111
87 57 82 55 85 74 105 58 104 99 103 98 67 78 70 54 97 106 110 111
99 97 67 78 70 73 92 54 106 76 98 82 55 85 74 96 104 112 113
97 104 82 103 55 74 98 66 96 106 67 70 92 54 57 111 112
104 67 70 106 92 103 105 54 76 57 82 74 96 112 113
57 78 73 82 59 58 105 76 85 103 98 66 74 92 108 113
76 82 70 73 85 98 74 66 58 106 92 78 96 109 110
82 106 92 105 103 59 67 78 54 110 111
78 103 55 98 74 106 92 59 96 73 54 109 110
96 98 55 66 105 58 73 92 54 111 112
105 98 67 70 103 54 55 85 106 58 59 112 113
66 106 59 74 73 54 67 55 70 58 108 109
98 59 67 70 54 55 85 111 112
103 58 67 70 55 74 85 106 112 113
85 59 106 92 70 74 58 110 111
92 55 58 59 67 70 106 73 111 112
73 55 58 67 70 74 109 110
67 70 54 55 108 109
106 55 74 58 59 112 113
70 74 58 108 109
59 58 74 108 113
55 74 54 108 113
58 54 108 113
74 109 110
54 108 113
108
109
110
111
112
113
