#/usr/local/lib/python3.10/dist-packages/colab_kernel_launcher.py -f /root/.local/share/jupyter/runtime/kernel-6c0fbf18-c276-4b2d-9452-8819c27dba4d.json
# GMT Sat May 25 01:33:23 2024
# 
55 84 61 83 73 63 95 7 98 75 43 65 8 97 67 2 66 5 35 16 19 3 33 91 17 58 50 53 80 57 93 70 11 92 44 47 1 31 81 94 71 202 203 211 212
84 6 36 66 8 92 72 53 18 35 16 19 0 80 33 48 20 50 85 98 46 79 11 87 14 25 28 12 42 86 43 73 15 89 27 60 58 37 70 22 204 205 213 214
47 80 44 57 28 12 69 82 49 32 13 46 93 83 60 8 95 62 75 74 18 2 54 5 19 86 0 76 3 53 33 6 56 17 39 20 88 34 68 58 201 202 210 211
80 1 93 12 15 45 48 29 32 65 46 79 94 4 7 37 10 70 24 96 76 27 57 38 60 95 18 35 87 68 49 3 63 6 69 89 53 30 204 205 213 214
8 9 31 44 11 76 66 43 10 98 2 65 78 32 45 6 67 37 14 79 13 49 26 91 81 58 94 71 48 38 93 50 27 95 72 29 42 19 198 206 207 215
9 90 44 57 11 69 36 13 2 81 58 71 61 38 73 50 27 17 72 49 39 19 97 74 64 54 21 63 53 30 33 4 65 42 78 7 32 45 22 87 198 206 207 215
40 41 54 2 44 5 16 76 66 3 43 56 6 36 98 20 88 68 45 58 90 11 14 25 1 31 79 91 81 71 48 83 96 50 10 24 27 38 97 18 64 200 201 209 210
41 42 21 27 97 87 77 44 86 18 2 5 98 19 78 22 3 45 6 67 34 57 79 46 82 59 49 25 71 29 96 73 50 23 95 85 26 62 10 65 200 201 209 210
5 83 96 73 27 63 17 72 62 52 42 19 74 64 21 86 76 66 56 33 65 45 58 34 70 79 92 59 6 91 81 71 48 61 38 28 93 198 206 207 215
83 49 52 3 33 63 36 17 69 20 50 34 95 98 44 25 31 61 42 64 45 48 78 51 62 13 86 89 88 56 10 43 24 54 90 74 18 204 205 213 214
17 94 71 25 93 3 30 72 85 39 75 19 87 14 31 15 63 53 33 32 68 35 4 90 44 57 34 24 37 89 92 69 46 82 59 36 198 199 207 208
94 39 69 11 28 78 59 51 62 13 65 46 79 25 56 7 98 21 43 73 24 27 90 93 74 77 58 88 91 18 2 35 22 52 82 33 85 205 206 214 215
90 31 61 12 15 97 75 78 51 62 23 4 26 56 7 10 91 70 54 27 18 2 68 0 66 39 69 20 72 34 86 96 30 95 98 28 205 206 214 215
29 68 67 57 34 70 37 19 79 92 69 22 3 6 49 81 71 48 61 51 93 11 60 96 50 63 30 12 95 39 97 23 86 76 53 43 10 56 199 200 208 209
68 59 51 32 73 25 26 7 37 21 43 97 74 54 60 76 18 88 78 33 6 66 20 34 67 92 28 81 1 31 71 61 12 15 45 203 204 212 213
42 77 67 57 89 92 46 35 59 22 33 36 71 39 61 20 60 30 82 95 72 85 1 31 87 32 64 13 54 76 53 66 23 26 88 200 201 209 210
73 74 35 16 49 22 3 33 6 36 66 20 72 34 30 44 25 28 64 15 62 82 26 7 70 21 96 24 57 38 85 75 58 97 203 204 212 213
74 75 24 57 38 71 97 18 2 79 16 19 49 0 22 52 36 66 91 20 50 67 14 31 12 45 62 13 4 7 37 10 85 98 203 204 212 213
6 38 15 18 93 60 50 27 63 7 20 95 62 52 87 86 53 43 33 10 23 88 78 22 35 70 14 4 92 82 39 198 206 207 215
25 34 15 89 79 59 36 11 61 28 12 93 70 27 13 82 95 49 85 23 7 51 64 21 96 20 66 98 65 18 45 1 57 199 200 208 209
34 91 1 81 15 38 51 32 13 63 95 72 23 4 62 26 10 21 97 64 22 33 35 77 20 57 70 37 79 82 11 200 201 209 210
44 24 79 59 81 71 18 51 93 7 37 60 50 21 36 95 75 52 97 54 28 1 89 15 56 13 88 65 77 67 26 70 201 202 210 211
2 50 27 39 19 97 64 54 11 86 63 76 23 88 78 45 35 12 57 0 4 89 26 16 91 81 58 48 28 93 70 1 198 206 207 215
50 58 71 16 49 3 39 20 62 75 14 1 64 45 76 89 46 78 4 26 10 43 67 24 27 70 79 92 18 201 202 210 211
75 19 3 63 36 66 91 81 72 67 30 96 28 0 31 61 12 15 51 32 62 13 87 77 23 37 21 54 27 88 78 60 71 203 204 212 213
66 71 4 37 10 96 27 38 85 19 0 22 52 3 33 76 88 30 67 28 70 1 12 45 79 69 59 62 81 203 204 212 213
71 20 87 67 77 14 89 1 31 61 88 62 13 4 92 82 10 24 57 38 93 49 0 22 52 33 203 204 212 213
13 65 78 77 37 14 92 69 26 16 91 48 61 18 93 70 62 19 51 64 21 96 1 76 53 43 20 23 98 198 199 207 208
65 78 91 37 10 52 54 36 69 39 18 16 49 33 63 95 20 85 32 62 97 30 14 28 61 12 76 43 79 57 59 202 203 211 212
32 78 91 70 23 4 7 92 81 61 38 51 96 19 0 31 15 52 97 87 64 77 54 26 53 89 28 10 46 98 88 199 200 208 209
78 62 23 7 10 82 21 77 58 16 19 49 22 52 39 97 67 30 89 31 61 12 64 45 88 59 91 204 205 213 214
24 54 1 86 89 43 56 33 88 45 23 4 7 10 21 92 59 36 91 18 81 61 38 51 28 19 0 60 72 85 52 199 200 208 209
16 70 27 82 95 72 85 14 39 52 1 87 64 18 31 21 96 86 33 22 77 67 56 46 36 49 91 0 81 3 48 198 199 207 208
70 77 61 3 33 63 86 76 46 10 43 27 81 19 49 22 96 38 39 20 85 67 18 30 203 204 212 213
36 48 38 51 63 28 31 85 52 97 7 10 43 56 27 98 45 18 67 35 0 79 92 69 39 20 81 200 201 209 210
48 58 67 30 11 69 31 12 15 45 61 51 93 60 96 4 95 98 10 43 97 54 18 76 89 35 19 88 0 3 201 202 210 211
15 67 57 92 69 82 59 49 11 39 81 12 61 38 95 72 62 97 87 64 21 86 89 43 20 56 23 35 198 199 207 208
61 69 30 14 81 28 31 45 93 46 26 56 7 64 86 76 58 18 98 88 0 3 202 203 211 212
88 95 46 23 4 56 21 54 76 27 89 38 18 19 49 85 69 92 86 14 28 1 93 64 205 206 214 215
95 18 35 19 22 3 85 72 53 30 14 1 31 81 46 98 79 26 7 10 43 54 93 205 206 214 215
57 28 87 12 45 51 86 46 23 91 4 56 7 10 38 92 59 81 0 3 93 39 96 53 14 202 203 211 212
59 30 11 28 1 31 82 51 4 26 56 7 37 60 63 54 27 72 85 62 58 87 86 76 89 20 98 202 203 211 212
77 85 98 27 58 23 89 35 7 37 21 52 38 39 81 72 67 14 92 82 1 31 3 33 64 96 26 56 10 204 205 213 214
85 58 86 0 52 63 39 20 97 67 87 11 14 89 51 91 62 23 4 7 37 10 38 204 205 213 214
58 62 98 51 87 26 86 89 12 91 23 35 37 21 52 92 69 72 39 53 81 30 49 31 202 203 211 212
21 54 31 96 53 43 23 45 22 19 0 3 20 46 49 26 81 11 38 93 72 39 87 198 199 207 208
54 64 96 76 98 19 49 22 33 82 30 11 91 45 93 51 63 46 62 4 26 7 37 201 202 210 211
96 35 37 52 82 20 72 86 30 14 49 1 33 51 79 11 56 10 12 43 76 23 205 206 214 215
27 97 31 86 89 46 45 1 37 79 92 82 72 49 4 7 22 63 53 98 199 200 208 209
62 52 79 11 14 93 1 12 51 46 56 7 10 86 76 89 38 60 98 202 203 211 212
39 51 18 19 53 0 20 52 97 87 11 26 43 79 56 60 7 72 49 38 200 201 209 210
31 37 79 46 49 81 93 60 63 72 64 86 76 56 98 45 23 4 199 200 208 209
51 20 82 3 33 45 46 53 26 98 43 87 76 79 4 7 37 19 22 201 202 210 211
23 86 56 10 35 92 82 49 26 91 22 28 60 63 30 11 14 12 87 199 200 208 209
86 4 26 43 98 0 52 63 87 67 91 28 1 45 60 46 92 204 205 213 214
35 60 63 52 4 26 97 7 76 53 56 98 45 19 0 22 3 46 82 49 30 11 93 200 201 209 210
60 97 49 0 87 22 64 52 3 20 53 89 91 14 45 92 69 72 7 37 43 18 98 202 203 211 212
14 37 92 12 81 38 28 93 63 52 19 87 64 53 89 56 0 33 98 45 198 199 207 208
37 28 0 53 56 45 89 69 46 49 91 18 3 82 20 52 97 200 201 209 210
1 67 79 82 3 18 63 72 64 11 76 53 89 56 33 10 98 91 198 206 207 215
67 12 64 81 93 26 72 43 97 19 0 52 33 30 11 79 92 69 82 203 204 212 213
91 79 30 11 89 12 43 45 46 52 82 72 18 19 0 20 205 206 214 215
28 69 82 11 93 63 72 52 4 10 76 53 89 43 33 98 45 199 200 208 209
38 97 30 12 79 92 69 46 82 26 7 10 81 18 72 19 3 200 201 209 210
98 26 7 22 87 0 52 3 81 79 30 205 206 214 215
69 30 11 45 46 97 87 4 26 56 7 18 0 22 3 33 63 92 82 203 204 212 213
97 87 19 0 22 63 20 64 81 46 79 26 7 89 205 206 214 215
12 89 79 26 93 30 72 52 3 87 64 76 53 43 20 45 22 198 199 207 208
4 63 76 53 43 20 33 22 87 56 92 46 52 64 18 198 206 207 215
7 11 76 0 22 46 49 30 19 198 206 207 215
11 56 10 49 81 30 82 3 87 64 43 20 45 22 198 199 207 208
46 92 49 22 72 64 19 3 33 76 89 201 202 210 211
49 93 63 72 0 45 76 56 22 201 202 210 211
93 3 82 33 81 53 30 64 79 56 89 87 205 206 214 215
64 92 82 18 72 63 45 89 79 26 56 202 203 211 212
20 30 52 87 0 3 53 56 82 198 199 207 208
63 19 33 53 45 26 10 43 89 79 92 202 203 211 212
92 30 81 56 43 87 22 3 82 53 205 206 214 215
87 89 52 72 53 81 79 56 10 204 205 213 214
26 43 33 79 10 81 18 72 0 199 200 208 209
30 82 19 0 52 76 53 89 43 199 200 208 209
53 81 22 18 3 33 89 45 82 201 202 210 211
81 79 10 19 0 204 205 213 214
76 56 43 18 0 52 3 33 72 203 204 212 213
18 72 52 19 10 198 199 207 208
56 10 43 82 22 202 203 211 212
10 33 0 52 198 206 207 215
3 72 22 79 0 198 206 207 215
72 19 43 79 203 204 212 213
82 45 19 52 33 204 205 213 214
0 52 43 22 198 206 207 215
33 43 22 79 200 201 209 210
89 19 22 45 205 206 214 215
52 79 201 202 210 211
79 204 205 213 214
43 22 200 201 209 210
22 199 200 208 209
45 201 202 210 211
19 198 199 207 208
128 131 167 144 156 133 104 118 99 191 121 181 102 148 116 119 190 180 193 160 192 110 159 195 113 149 162 124 139 127 108 100 111 194 138 163 143 106 155 132 107 199 200 208 209
131 154 167 189 166 179 133 106 178 168 120 158 135 105 138 107 119 193 147 183 160 150 129 182 172 113 130 161 116 164 196 186 140 176 153 143 152 165 197 187 199 200 208 209
99 104 192 182 172 126 103 194 148 161 141 108 150 163 140 117 153 130 195 162 129 165 119 132 197 164 144 121 134 111 189 143 156 110 113 188 145 102 147 124 198 206 207 215
104 126 139 116 184 161 174 141 118 108 196 140 176 110 152 188 165 119 109 122 112 197 124 189 179 123 136 178 168 158 138 190 193 147 183 150 127 117 192 198 206 207 215
139 140 153 143 115 118 175 188 102 155 135 197 187 177 154 167 144 157 189 113 127 100 178 168 190 170 122 182 195 106 172 162 109 123 194 107 174 151 173 200 201 209 210
140 120 107 173 186 143 188 117 142 101 134 177 167 102 144 132 157 135 119 166 133 156 146 178 191 168 158 148 100 193 114 112 159 195 194 125 161 200 201 209 210
116 193 124 160 101 182 172 126 105 194 171 184 174 151 183 110 150 120 100 111 185 114 162 165 155 122 167 176 106 179 156 146 107 178 181 135 125 180 198 199 207 208
193 168 119 149 171 185 143 130 141 114 144 174 158 164 178 122 124 136 120 142 172 107 196 159 189 192 173 157 187 190 134 118 151 102 105 165 205 206 214 215
167 150 195 164 194 184 136 108 109 120 142 126 107 137 159 185 175 117 134 177 118 151 132 162 154 105 135 189 179 129 171 110 113 160 183 163 203 204 212 213
120 163 106 130 109 185 162 142 122 187 177 154 121 101 115 189 156 102 146 188 119 155 145 135 148 125 190 147 160 113 137 136 151 196 150 186 198 199 207 208
163 153 189 126 107 137 168 181 117 134 118 148 183 135 149 182 152 172 185 194 184 174 143 146 108 130 141 144 147 158 112 145 188 165 177 190 109 202 203 211 212
172 173 186 176 102 162 185 154 135 175 188 138 171 166 129 127 179 108 100 130 160 158 191 161 181 180 122 125 136 192 182 123 159 197 117 203 204 212 213
173 123 153 156 196 186 176 157 185 175 118 148 121 162 190 119 149 166 179 129 110 113 143 127 181 108 100 130 144 158 164 145 125 155 136 169 197 203 204 212 213
132 137 159 103 123 194 161 138 174 151 141 196 186 153 143 195 185 188 121 197 164 189 166 179 146 113 124 100 130 178 111 181 158 148 190 112 147 200 201 209 210
137 153 195 185 175 165 142 110 113 124 187 164 108 100 130 154 176 189 112 179 156 146 103 190 180 123 170 107 182 162 194 171 134 184 138 118 141 200 201 209 210
138 180 170 183 150 195 134 185 115 100 130 174 141 133 129 143 125 109 177 190 112 157 179 156 169 159 136 191 121 168 181 123 105 171 135 200 201 209 210
180 168 150 152 133 192 143 146 191 108 181 130 160 111 144 161 164 182 195 103 125 106 109 153 126 170 157 134 188 115 118 151 154 135 187 165 204 205 213 214
109 153 175 152 119 122 112 197 187 154 156 169 123 113 101 191 168 158 148 102 190 170 114 150 127 192 159 194 184 161 174 151 118 196 198 206 207 215
153 195 155 117 187 177 154 115 148 105 166 135 179 169 149 168 181 158 124 170 130 114 192 159 150 112 194 174 122 103 106 183 201 202 210 211
101 149 106 194 171 174 105 118 108 150 186 130 152 165 142 177 134 111 166 133 136 113 188 191 181 158 112 148 102 190 170 147 160 127 192 169 182 198 206 207 215
149 170 160 118 182 119 162 171 184 161 174 151 124 146 127 186 111 114 175 112 152 145 155 164 154 122 106 136 189 179 126 169 107 178 191 201 202 210 211
102 114 117 169 126 162 129 100 151 141 130 143 175 152 142 119 155 111 176 189 166 179 133 146 123 191 181 135 157 170 147 160 198 206 207 215
114 124 169 146 168 181 158 135 110 190 108 100 170 111 127 192 159 162 129 194 184 161 103 183 143 175 188 165 119 187 164 177 154 144 198 199 207 208
165 170 103 155 192 136 123 126 184 174 196 176 115 118 121 154 188 152 177 189 124 166 127 169 108 111 178 191 168 181 161 203 204 212 213
170 168 119 133 176 110 175 188 143 146 108 160 197 141 189 125 191 123 126 107 183 157 117 134 148 194 121 184 151 162 203 204 212 213
123 186 130 100 143 185 175 155 177 154 144 134 122 124 176 166 133 146 136 178 125 190 160 115 192 121 105 129 110 183 199 200 208 209
134 182 171 184 174 151 122 103 183 125 196 107 175 155 197 117 177 144 157 118 189 156 146 191 129 147 127 150 108 192 200 201 209 210
182 115 121 151 181 183 162 154 105 119 152 133 194 184 197 113 143 130 160 144 186 147 177 150 185 125 142 126 191 117 204 205 213 214
124 191 168 125 190 110 157 147 127 108 181 161 141 183 106 118 195 185 162 119 129 174 117 154 144 113 176 189 156 199 200 208 209
100 189 166 169 136 178 135 148 115 183 160 150 192 159 195 184 174 141 108 196 176 143 152 155 112 187 154 121 157 198 206 207 215
189 111 144 147 150 161 176 157 187 115 148 121 181 184 119 152 185 195 183 129 113 143 197 146 205 206 214 215
187 194 164 145 178 122 103 106 169 107 159 176 157 115 118 148 105 135 168 119 171 185 166 143 179 160 174 147 177 161 205 206 214 215
194 115 148 181 154 133 183 129 110 113 146 179 111 141 177 158 150 112 191 196 103 125 188 169 175 205 206 214 215
106 175 152 142 122 197 177 111 176 166 156 146 136 168 145 181 135 125 115 190 160 127 126 171 161 174 141 118 186 130 198 206 207 215
146 156 108 130 111 141 178 144 181 148 112 160 136 159 107 174 151 196 185 152 197 133 177 157 110 201 202 210 211
156 130 111 147 185 112 175 122 125 155 157 142 166 126 169 168 181 115 183 160 148 154 105 192 195 162 133 184 202 203 211 212
145 197 177 110 113 143 127 108 130 111 179 169 144 126 191 168 190 103 147 183 160 150 121 192 195 161 151 164 196 186 118 185 119 133 201 202 210 211
197 176 157 121 184 107 186 183 115 148 181 105 147 166 178 195 113 108 160 144 174 126 158 159 112 191 205 206 214 215
169 176 130 160 162 144 158 161 110 127 141 142 126 178 159 191 122 103 121 195 105 119 171 184 174 117 113 203 204 212 213
176 141 112 186 157 103 151 105 177 171 179 192 129 113 115 118 148 160 147 183 161 164 143 108 204 205 213 214
127 179 133 105 136 119 191 168 181 135 190 157 113 159 161 122 103 196 150 143 195 107 175 152 142 144 199 200 208 209
179 192 111 141 147 112 181 178 183 155 136 195 185 159 157 196 186 151 162 154 168 133 190 143 204 205 213 214
144 112 191 122 158 125 148 136 147 160 192 162 117 151 121 135 186 175 155 143 130 157 201 202 210 211
168 129 113 111 185 141 147 164 196 186 178 107 159 157 118 151 135 191 171 133 166 203 204 212 213
147 157 119 166 191 158 148 108 159 152 103 125 164 126 196 185 188 155 177 154 190 201 202 210 211
157 184 174 133 196 110 125 155 188 141 142 178 126 112 166 136 191 129 162 202 203 211 212
105 160 150 117 192 159 195 126 162 119 184 161 174 141 196 186 185 155 122 154 190 111 136 113 178 158 198 206 207 215
160 191 129 111 141 192 162 171 174 103 142 186 107 159 185 115 151 202 203 211 212
186 175 126 159 117 103 115 190 121 181 162 154 184 135 171 152 110 143 158 195 155 108 204 205 213 214
154 136 161 142 164 126 107 196 117 175 178 115 118 151 159 110 113 171 111 202 203 211 212
150 119 192 159 171 148 162 152 110 184 161 108 151 164 111 141 142 155 122 103 136 177 201 202 210 211
166 130 111 141 158 183 195 103 155 184 142 107 196 117 175 118 151 177 135 129 143 191 181 203 204 212 213
112 177 121 110 108 178 191 148 115 190 103 117 159 107 171 184 151 183 196 143 175 188 198 199 207 208
177 103 125 136 181 175 126 107 192 148 184 162 129 110 113 108 111 141 204 205 213 214
164 122 103 192 121 151 191 181 171 152 115 195 118 119 133 129 113 111 175 141 142 188 178 158 202 203 211 212
115 159 136 126 129 110 161 174 118 108 183 196 117 185 119 122 133 188 155 190 198 199 207 208
184 117 195 118 148 121 152 133 113 143 188 108 130 141 174 125 191 204 205 213 214
141 143 117 188 178 103 148 118 190 192 171 196 142 155 125 200 201 209 210
118 192 159 195 126 117 174 185 175 152 142 111 133 181 107 198 199 207 208
192 121 196 135 129 108 130 111 191 190 103 188 107 185 117 205 206 214 215
130 133 107 135 183 121 162 171 174 151 196 108 143 142 122 103 199 200 208 209
161 190 151 178 135 119 152 133 110 113 162 111 158 171 196 125 155 188 202 203 211 212
190 133 125 188 111 174 159 122 103 155 181 185 117 135 205 206 214 215
119 103 195 107 174 183 175 152 188 142 122 110 113 136 158 198 199 207 208
111 178 191 148 159 126 171 174 175 142 110 108 198 199 207 208
159 121 152 133 181 122 155 136 183 142 126 195 202 203 211 212
133 171 103 151 183 126 175 188 142 117 155 121 181 135 113 200 201 209 210
143 191 126 107 162 171 175 152 188 122 125 201 202 210 211
129 178 135 148 121 195 162 110 183 185 152 188 142 155 122 125 108 107 136 199 200 208 209
178 142 175 158 103 125 136 183 126 171 152 148 162 135 185 204 205 213 214
107 196 110 175 152 188 155 181 158 135 125 117 151 198 206 207 215
196 151 162 135 171 183 110 108 174 195 122 125 188 205 206 214 215
183 191 148 195 110 113 174 188 158 121 204 205 213 214
122 175 142 155 108 136 158 103 125 126 110 113 195 199 200 208 209
175 103 136 121 135 152 110 195 174 158 203 204 212 213
191 110 155 142 195 117 121 151 171 205 206 214 215
117 174 195 113 185 188 142 108 181 158 125 126 162 198 199 207 208
136 195 142 110 125 188 103 121 181 135 171 151 200 201 209 210
126 188 155 108 158 135 171 148 103 125 199 200 208 209
195 121 162 174 125 155 205 206 214 215
174 171 152 125 155 142 203 204 212 213
152 103 125 121 148 135 155 113 108 158 171 201 202 210 211
103 121 110 188 171 148 151 198 206 207 215
171 162 135 142 158 155 151 203 204 212 213
121 162 185 188 142 158 110 148 108 199 200 208 209
108 158 185 142 198 206 207 215
110 155 148 151 185 162 198 199 207 208
155 181 158 135 202 203 211 212
142 185 188 181 113 151 200 201 209 210
125 188 113 181 158 162 199 200 208 209
188 185 113 205 206 214 215
151 148 135 185 113 201 202 210 211
135 162 185 158 200 201 209 210
162 148 181 202 203 211 212
181 185 148 204 205 213 214
113 158 148 185 198 199 207 208
185 158 204 205 213 214
148 158 201 202 210 211
158 202 203 211 212
198
199
200
201
202
203
204
205
206
207
208
209
210
211
212
213
214
215
