#/usr/local/lib/python3.10/dist-packages/colab_kernel_launcher.py -f /root/.local/share/jupyter/runtime/kernel-dea7114a-48f2-47cd-9840-9590734c419b.json
# GMT Thu May 23 22:04:53 2024
# 
6 18 11 20 3 13 2 15 4 8 17 5 10 19 0 12 1 14 7 16 9 42 44 45 47 48 49 50 52 53 54 55 57
18 8 19 12 15 4 5 0 11 13 17 1 14 3 7 9 20 10 16 2 43 44 45 46 48 49 51 52 53 54 56 57
16 20 0 11 15 17 5 19 7 9 13 1 3 14 10 12 2 4 8 43 44 45 46 48 49 50 51 53 54 56 57
20 10 12 2 4 19 8 0 11 15 17 1 5 7 9 13 14 3 43 44 46 47 48 49 51 52 54 55 56 57
7 17 10 19 0 12 14 5 9 1 11 3 13 2 15 4 8 42 44 45 47 48 49 50 52 53 55 56 57
17 9 13 1 3 14 10 12 2 4 8 11 0 15 5 19 43 44 45 46 48 49 51 52 53 54 56 57
4 9 2 11 13 15 8 0 10 19 1 3 12 5 14 42 44 45 46 47 49 50 52 53 54 55 57
9 8 10 19 12 0 14 5 1 3 11 13 2 15 42 43 44 45 47 48 50 51 52 53 55 56 57
3 13 15 8 10 19 1 12 5 14 11 2 0 42 44 45 46 47 49 50 51 52 54 55 57
13 19 12 14 2 8 5 0 11 1 10 15 42 43 45 46 47 48 50 51 53 54 55 56
5 10 0 19 12 14 1 11 2 15 8 42 44 45 46 47 49 50 52 53 54 55 57
10 1 15 19 12 14 2 8 11 0 42 43 44 45 47 48 50 51 52 53 55 56
8 11 1 15 2 19 12 0 14 42 43 44 45 47 48 49 50 52 53 55 56 57
0 14 2 11 15 1 19 12 42 43 44 46 47 48 49 51 52 54 55 56 57
19 1 14 12 2 11 15 43 44 46 47 48 49 51 52 53 54 56 57
14 11 15 1 12 2 42 43 45 46 48 49 50 51 53 54 55 56
2 11 15 1 12 42 43 44 46 47 49 50 51 52 54 55 57
11 1 15 12 42 43 45 46 47 48 50 51 52 53 55 56
1 15 12 42 43 44 46 47 49 50 51 52 54 55 56 57
15 12 42 43 45 46 48 49 50 51 53 54 56 57
12 42 43 45 46 47 48 50 51 53 54 55 56
27 39 32 41 24 34 23 36 25 29 38 26 31 40 21 33 22 35 28 37 30 42 44 45 47 48 49 50 52 53 54 55 57
39 29 40 33 36 25 26 34 21 32 38 22 24 35 28 30 41 31 37 23 43 44 45 46 48 49 51 52 53 54 56 57
37 41 21 32 36 38 26 40 28 30 34 22 35 24 31 33 23 25 29 43 44 45 46 48 49 50 51 53 54 56 57
41 31 33 23 25 29 40 32 21 36 38 22 26 28 30 34 35 24 43 44 46 47 48 49 51 52 54 55 56 57
28 38 31 40 21 33 35 26 30 22 32 24 34 23 36 25 29 42 44 45 47 48 49 50 52 53 55 56 57
38 30 34 22 35 24 31 33 23 25 29 32 21 36 40 26 43 44 45 46 48 49 51 52 53 54 56 57
25 30 23 32 34 36 29 21 31 40 22 24 33 26 35 42 44 45 46 47 49 50 52 53 54 55 57
30 29 31 40 33 21 35 26 22 24 32 34 36 23 42 43 44 45 47 48 50 51 52 53 55 56 57
24 34 36 29 31 40 22 33 26 35 32 23 21 42 44 45 46 47 49 50 51 52 54 55 57
34 40 33 35 23 29 26 32 21 22 31 36 42 43 45 46 47 48 50 51 53 54 55 56
26 31 21 40 33 35 22 32 23 36 29 42 44 45 46 47 49 50 52 53 54 55 57
31 22 36 40 33 35 23 29 32 21 42 43 44 45 47 48 50 51 52 53 55 56
29 32 22 36 23 40 33 21 35 42 43 44 45 47 48 49 50 52 53 55 56 57
21 35 23 32 36 22 40 33 42 43 44 46 47 48 49 51 52 54 55 56 57
40 22 35 33 23 32 36 43 44 46 47 48 49 51 52 53 54 56 57
32 35 23 22 36 33 42 43 45 46 47 48 50 51 52 53 55 56
35 36 22 33 23 42 43 45 46 48 49 50 51 53 54 55 56
23 36 22 33 42 43 44 46 47 49 50 51 52 54 55 57
22 36 33 42 43 44 46 47 49 50 51 52 54 55 56 57
36 33 42 43 45 46 48 49 50 51 53 54 56 57
33 42 43 45 46 47 48 50 51 53 54 55 56
42
43
44
45
46
47
48
49
50
51
52
53
54
55
56
57
