#/usr/local/lib/python3.10/dist-packages/colab_kernel_launcher.py -f /root/.local/share/jupyter/runtime/kernel-2119b688-3f38-4b5a-b3d6-e140ef2e0719.json
# GMT Fri May 24 11:35:45 2024
# 
13 88 101 143 77 90 145 37 79 26 81 94 15 136 70 19 74 87 21 89 23 78 133 67 122 82 16 137 71 126 4 139 115 75 117 51 2 64 132 134 110 123 57 59 114 48 5 116 50 118 39 107 120 41 54 109 56 111 100 104 25 38 106 27 148 40 6 95 108 29 31 0 99 304 311 312 319
88 56 119 41 71 121 5 35 125 20 127 44 129 78 29 59 105 120 76 8 87 111 100 55 6 85 36 66 17 93 106 64 45 108 79 97 99 18 103 22 3 33 145 63 92 86 94 149 1 61 12 42 96 140 70 21 89 74 144 91 146 19 49 0 135 53 83 124 137 9 51 62 307 308 315 316
16 93 106 82 95 84 97 18 86 141 10 22 77 90 145 79 92 94 149 70 30 151 85 127 19 9 140 74 129 21 63 23 65 78 135 124 137 71 14 75 117 51 119 132 66 108 55 110 8 44 57 112 2 114 61 6 103 39 52 107 15 109 43 111 32 45 47 36 49 3 25 38 304 311 312 319
93 140 39 69 20 142 84 144 25 146 48 78 59 23 4 137 27 139 72 128 130 143 85 66 145 30 11 121 45 123 136 79 125 18 22 33 120 109 67 122 124 1 61 42 76 126 46 102 115 104 117 74 119 95 68 110 34 99 112 47 114 9 103 62 147 26 56 7 37 107 98 307 308 315 316
29 32 113 34 5 49 91 104 38 51 106 14 148 95 108 84 97 86 99 8 101 145 92 6 147 17 81 94 149 11 138 72 74 87 129 142 76 131 24 144 18 80 135 69 3 124 137 58 71 73 130 132 66 10 68 57 70 125 0 114 48 61 116 63 28 9 118 52 120 26 98 304 305 312 313
32 143 90 103 23 37 4 39 81 94 149 83 96 151 85 17 140 91 133 146 67 80 5 148 137 20 84 18 14 141 130 64 77 53 134 55 68 123 136 70 112 125 72 114 127 48 61 116 129 19 118 54 109 122 43 56 111 100 34 47 115 49 117 40 31 108 97 110 25 33 46 304 305 312 313
34 147 136 96 138 4 74 87 89 131 2 65 6 146 17 80 135 69 30 124 15 139 60 73 128 75 117 24 64 132 121 68 33 110 123 57 70 46 114 1 12 48 103 105 118 10 107 120 111 19 0 100 47 102 28 91 9 104 51 148 108 26 7 84 141 143 77 20 79 92 304 305 312 313
147 113 117 47 51 111 92 126 145 96 7 37 90 135 39 118 103 133 44 127 108 59 112 142 23 4 8 87 38 91 2 136 85 66 17 119 100 130 94 128 109 143 77 107 58 137 122 18 101 33 63 131 61 12 148 114 65 144 125 10 89 70 21 123 134 138 68 49 72 102 310 311 318 319
50 91 104 51 106 148 95 108 84 97 45 101 90 24 145 92 18 81 94 149 22 3 33 83 96 151 31 12 76 46 144 65 78 133 146 10 40 67 80 69 82 58 71 73 128 141 117 130 9 119 132 53 66 121 7 57 41 112 35 103 116 20 63 118 14 44 25 120 54 109 56 113 305 306 313 314
91 14 44 25 124 4 68 102 115 72 104 117 119 51 95 97 110 26 99 112 145 24 54 69 105 94 33 140 31 61 42 27 57 87 144 46 146 10 70 21 55 135 148 139 19 0 64 128 141 79 143 132 43 134 77 58 123 56 138 71 67 114 127 5 116 80 20 307 308 315 316
113 59 112 138 151 76 27 8 87 38 131 144 85 36 66 133 135 148 137 64 94 45 75 126 98 141 73 24 54 130 77 107 132 18 121 22 52 3 136 67 114 65 95 116 129 10 70 68 19 49 72 53 83 117 51 81 92 96 56 7 37 60 71 105 5 69 20 145 84 14 308 309 316 317
44 47 41 5 148 95 20 150 84 14 86 99 101 143 77 79 27 8 136 83 21 6 85 74 129 142 76 133 146 67 9 135 43 24 58 71 139 7 60 22 3 128 62 130 64 132 66 121 55 68 40 112 125 46 59 48 103 4 38 107 2 54 28 109 56 45 11 26 305 306 313 314
47 92 96 138 151 85 2 142 76 89 36 17 131 144 78 146 30 69 82 137 71 126 139 60 43 62 75 77 119 132 22 53 33 134 123 136 57 70 42 72 46 129 10 40 63 21 118 65 109 19 122 56 98 28 102 115 106 7 108 150 110 35 39 20 101 90 14 305 306 313 314
106 107 39 69 109 97 115 23 4 57 8 119 108 110 85 36 66 112 100 11 94 98 9 149 43 24 54 151 77 18 140 52 3 82 142 67 144 133 31 61 148 65 46 150 10 89 70 74 141 143 68 0 132 102 83 121 28 123 114 96 56 116 129 90 71 131 105 308 309 316 317
107 8 87 72 2 145 55 100 136 30 11 138 94 45 75 114 127 79 116 129 43 73 131 103 122 22 101 33 63 124 86 126 80 31 61 12 65 95 46 21 74 19 112 49 53 83 28 81 62 149 96 7 60 41 142 35 144 99 84 97 59 139 23 128 141 308 309 316 317
39 117 51 53 17 97 110 26 112 46 101 145 5 92 24 81 94 149 96 151 33 98 87 142 89 144 146 148 6 36 150 86 19 0 128 15 62 75 143 64 119 66 121 55 68 125 59 72 127 48 63 118 131 52 65 120 14 109 122 56 100 60 4 102 115 8 305 306 313 314
117 63 48 78 67 112 140 1 31 42 76 133 10 55 135 148 150 126 79 109 143 28 9 43 73 145 92 77 58 121 134 7 123 136 22 101 52 41 71 125 138 116 127 20 114 118 131 14 104 4 68 72 53 83 2 66 17 51 81 11 45 75 90 309 310 317 318
96 99 112 38 83 145 105 51 11 26 56 41 5 144 69 133 146 84 135 148 63 137 78 150 126 128 141 12 27 57 132 55 85 36 136 30 125 0 64 45 75 114 127 9 118 131 43 73 120 58 109 111 86 100 102 1 31 61 65 119 25 108 74 308 309 316 317
99 104 56 7 37 60 41 71 108 5 69 101 84 14 103 97 78 59 105 4 27 87 38 138 140 142 6 85 30 15 45 148 79 137 139 43 73 54 77 52 3 119 86 67 121 134 136 1 61 42 65 95 46 10 21 74 118 19 49 109 72 111 28 100 62 308 309 316 317
55 61 116 43 24 54 120 124 3 33 58 100 115 31 12 42 104 46 10 97 110 49 53 90 103 145 92 81 149 151 26 85 98 140 142 5 35 144 78 20 135 69 82 48 126 4 62 143 77 119 66 134 6 36 17 51 136 57 70 30 11 59 114 127 305 306 313 314
61 67 82 30 15 139 73 75 130 43 64 77 119 66 18 134 22 110 52 112 1 31 12 116 46 105 10 40 21 109 122 98 111 49 100 53 102 28 9 95 108 26 60 41 86 101 90 20 145 149 151 23 74 87 27 57 8 38 89 144 78 306 307 314 315
101 139 11 26 56 37 130 60 90 71 35 121 134 20 123 125 138 127 97 48 59 116 129 23 109 2 111 124 85 66 100 115 0 15 104 98 79 108 43 24 77 18 22 3 67 105 1 31 46 151 25 140 142 144 68 49 83 135 148 28 137 150 308 309 316 317
104 142 25 131 144 78 59 133 146 148 8 87 38 128 6 85 66 17 30 119 94 45 75 134 98 79 123 136 125 24 54 127 77 116 52 3 82 63 105 118 122 31 12 95 46 89 40 70 115 19 108 72 102 83 28 51 62 92 56 7 37 5 35 308 309 316 317
48 58 17 30 102 11 115 15 45 95 108 150 24 110 86 18 33 103 1 149 46 83 40 140 142 131 19 78 80 82 60 128 141 26 7 37 75 143 41 64 77 132 66 134 20 123 136 57 112 72 114 127 116 129 63 23 4 52 27 8 109 2 111 305 306 313 314
58 64 119 66 121 68 123 136 70 6 36 72 127 30 116 129 19 15 45 120 109 122 124 7 37 22 102 115 1 31 95 46 110 86 10 40 90 103 4 92 38 149 151 98 74 11 142 26 76 41 146 80 5 35 148 24 54 82 20 137 84 33 128 141 306 307 314 315
15 110 123 46 114 9 116 105 118 52 120 109 122 43 98 5 100 36 49 14 40 4 150 42 97 86 20 103 24 37 79 26 81 94 136 83 17 138 30 85 140 87 76 23 144 78 3 146 67 80 69 82 124 12 126 139 60 73 128 141 10 130 121 0 304 311 312 319
110 45 90 41 54 126 84 115 33 63 97 78 108 12 42 76 27 121 112 10 114 100 0 64 98 151 73 77 7 146 5 35 148 1 80 31 20 137 150 14 25 89 128 141 59 74 143 134 102 53 2 66 17 51 81 62 127 140 11 308 309 316 317
18 115 128 62 75 130 1 121 134 123 125 10 116 4 118 56 111 45 11 102 36 49 25 84 97 31 14 86 141 33 22 35 24 145 79 92 8 81 94 28 70 2 83 138 140 74 21 142 76 23 65 78 67 135 82 137 71 126 139 73 7 304 311 312 319
115 14 116 129 3 33 97 78 118 108 59 131 122 42 124 64 45 75 79 109 28 43 7 37 82 86 1 31 65 46 140 70 74 133 146 23 4 19 49 135 38 102 53 150 2 139 17 128 141 62 26 56 132 41 121 123 136 5 127 309 310 317 318
8 54 109 43 111 45 0 100 102 36 49 25 38 95 108 84 31 86 22 143 35 77 90 24 145 79 94 28 83 17 30 72 85 19 140 87 129 21 142 89 23 144 2 133 6 80 137 71 73 128 9 130 119 121 134 3 57 112 46 114 304 311 312 319
11 112 125 59 103 37 105 118 41 54 89 10 49 25 146 27 40 82 95 150 84 97 31 141 33 35 90 24 145 7 92 134 28 149 70 5 72 85 127 142 63 144 65 78 133 80 56 124 126 2 73 128 6 75 51 64 53 0 121 68 304 311 312 319
112 64 94 45 60 126 79 43 24 22 82 63 97 31 46 89 40 70 100 151 19 53 144 146 62 135 56 7 37 150 71 139 86 105 141 130 69 20 65 95 132 25 121 123 4 114 38 72 116 129 131 6 120 111 122 308 309 316 317
122 128 42 76 57 87 6 85 36 100 0 75 79 109 28 9 43 73 151 37 82 67 144 80 146 114 14 25 10 40 70 137 150 23 141 68 143 38 53 145 134 81 62 136 92 125 138 26 127 60 90 120 71 5 131 118 133 20 103 63 309 310 317 318
128 52 82 33 63 138 31 129 95 46 21 74 19 49 0 72 53 83 28 62 92 26 7 60 35 118 103 84 149 97 78 59 23 27 57 142 2 133 6 85 36 66 135 100 45 75 98 79 141 130 143 54 145 77 309 310 317 318
87 120 68 19 0 72 53 102 51 37 150 60 41 5 35 143 84 59 138 151 140 57 38 142 89 131 85 36 66 17 148 124 137 64 126 139 9 130 24 132 77 134 22 52 3 82 63 125 114 80 12 42 129 46 118 10 70 21 307 308 315 316
45 123 70 125 59 38 105 118 36 120 109 30 111 49 24 22 3 33 1 143 90 103 145 79 21 94 138 151 72 85 19 129 76 131 65 133 135 148 69 82 7 124 126 73 62 75 64 119 132 53 66 121 134 68 305 306 313 314
64 123 24 70 127 22 52 3 63 118 131 120 12 42 21 100 102 0 53 95 28 9 51 62 7 37 145 105 81 149 20 138 151 98 140 59 142 76 89 146 67 80 38 148 82 137 84 126 139 73 30 130 143 77 132 306 307 314 315
123 98 109 142 54 22 52 3 82 63 137 86 141 80 31 12 89 40 70 136 125 138 19 0 72 53 28 51 81 133 62 92 26 56 37 124 60 126 5 118 20 84 25 108 59 27 57 38 6 36 66 17 119 30 309 310 317 318
17 103 116 0 105 118 120 54 9 43 56 98 111 100 7 36 49 25 38 27 148 150 42 97 14 141 33 4 77 24 145 37 81 2 70 83 138 30 85 129 21 131 65 146 82 124 126 51 1 12 53 108 68 10 125 46 304 311 312 319
57 120 109 98 100 24 102 52 3 108 97 143 10 40 21 81 19 83 53 151 85 140 142 76 89 131 37 146 80 135 69 82 124 35 126 20 62 130 77 132 121 134 23 4 68 136 27 38 70 125 72 2 6 105 118 65 306 307 314 315
120 38 21 36 66 100 145 30 94 75 149 109 151 73 24 140 144 82 63 146 1 80 31 12 42 126 25 141 74 4 68 49 121 72 53 125 28 51 62 92 26 56 7 37 90 105 5 124 118 103 14 97 78 59 23 309 310 317 318
98 121 23 68 38 72 83 2 116 129 36 66 81 118 131 30 109 75 111 124 126 24 102 84 3 82 33 119 97 78 12 10 21 149 79 28 142 62 92 146 26 56 22 148 86 137 150 35 80 141 65 95 130 14 74 308 309 316 317
121 79 131 24 54 52 3 82 86 116 95 89 40 70 74 68 19 0 145 72 28 9 51 62 56 142 60 71 146 118 135 148 103 137 150 139 78 59 141 4 130 143 76 38 132 134 2 6 100 30 309 310 317 318
125 146 75 135 148 137 73 24 54 130 22 52 3 82 33 132 67 136 114 95 10 89 70 74 131 19 49 0 102 83 81 62 92 26 7 60 90 41 71 124 105 35 69 14 25 97 78 145 149 6 85 142 119 309 310 317 318
24 119 132 53 66 46 59 114 127 116 52 14 41 109 43 111 23 36 49 40 150 84 97 31 86 90 37 94 136 149 151 85 89 131 78 80 135 69 124 126 0 60 73 141 75 130 304 305 312 313
43 77 119 79 27 38 68 136 2 6 72 127 116 129 105 56 111 124 100 3 33 49 31 12 42 95 150 86 10 40 46 145 0 92 81 94 28 85 37 89 144 133 67 80 135 137 84 126 139 14 25 73 75 305 306 313 314
77 130 145 52 138 1 65 116 129 25 118 131 10 59 74 23 4 38 72 53 2 102 108 35 54 90 103 14 3 63 94 83 12 27 140 89 66 133 146 30 135 19 49 0 150 141 28 9 307 308 315 316
22 139 73 62 75 143 119 68 114 118 4 52 65 41 109 56 2 111 6 100 36 38 53 95 108 97 31 86 35 145 26 12 28 149 83 138 30 151 21 76 89 23 78 19 25 135 27 69 124 137 71 84 304 305 312 313
139 33 135 86 80 42 114 129 25 10 40 70 134 151 4 138 68 19 49 72 142 132 83 136 144 28 51 81 62 26 56 150 37 60 41 105 5 35 143 20 133 14 97 78 131 76 27 2 6 100 130 30 79 109 310 311 318 319
67 12 124 42 84 73 75 119 19 0 134 68 53 136 9 114 127 62 116 26 56 118 37 41 109 111 20 100 65 14 25 23 108 27 38 97 86 6 51 103 30 138 85 140 76 144 52 3 63 78 146 80 148 69 82 306 307 314 315
38 20 14 102 4 49 27 148 150 36 84 143 81 149 151 72 85 3 33 74 76 144 65 1 31 12 146 69 82 21 126 60 73 62 66 28 9 68 46 59 127 103 116 63 105 305 306 313 314
79 9 136 62 114 127 41 71 118 35 20 109 65 14 25 100 78 23 68 27 72 2 97 6 36 86 30 90 103 60 145 54 149 83 151 140 3 142 89 144 1 31 12 76 135 150 130 0 143 307 308 315 316
40 129 131 144 80 14 135 148 82 124 137 71 126 4 60 27 62 75 130 2 132 66 36 30 46 59 114 116 105 52 54 109 56 100 31 102 10 95 150 84 97 143 90 103 145 9 92 81 136 149 7 37 151 140 305 306 313 314
129 21 66 119 146 49 135 94 137 150 109 28 9 130 143 7 132 145 82 136 35 1 31 20 114 14 133 102 2 51 92 30 56 60 90 41 71 105 5 103 33 127 78 149 42 151 76 140 142 309 310 317 318
12 135 69 10 71 126 60 73 62 130 53 9 59 7 103 116 118 5 41 54 111 89 102 36 4 25 27 148 95 42 97 20 143 37 81 136 28 70 138 151 72 85 140 74 21 76 65 1 133 146 304 311 312 319
140 74 134 138 19 102 83 28 111 62 126 7 37 60 90 135 105 35 118 103 133 84 25 97 127 108 59 149 151 136 142 85 130 146 148 124 73 54 145 82 33 86 131 1 65 89 21 310 311 318 319
5 27 97 1 86 20 143 35 90 103 26 136 28 151 72 74 21 76 10 131 23 144 133 146 80 69 82 137 141 75 119 66 134 68 4 46 6 2 116 63 118 52 54 111 100 102 36 49 51 304 311 312 319
27 111 100 25 102 36 49 51 53 150 97 31 6 33 46 143 35 92 81 94 149 83 138 151 76 89 144 133 146 1 148 69 82 71 84 10 60 62 19 0 136 9 59 114 26 7 116 52 304 305 312 313
65 78 133 80 135 21 69 84 19 73 75 130 143 119 28 132 68 136 37 52 114 127 116 1 131 46 59 111 23 4 102 2 95 108 51 97 41 90 103 145 54 92 81 63 151 76 42 306 307 314 315
78 46 102 10 19 49 108 86 28 9 51 62 103 145 26 92 60 41 81 71 94 138 85 144 133 80 23 135 137 6 36 143 30 134 54 114 127 105 33 63 109 31 111 307 308 315 316
124 1 42 76 46 10 21 85 100 0 149 94 28 9 142 62 92 56 37 146 41 135 148 86 150 35 80 14 132 108 59 145 68 136 102 66 51 131 75 60 90 105 54 118 3 33 309 310 317 318
26 86 9 143 35 90 37 92 81 94 30 151 72 85 20 142 76 89 14 133 80 135 69 82 137 71 126 60 141 75 6 53 68 70 114 63 118 54 1 100 36 49 51 19 0 97 304 305 312 313
86 56 7 37 80 134 14 59 4 114 127 118 6 66 81 109 111 75 60 102 119 95 108 82 1 31 42 90 103 145 46 94 70 21 85 74 68 19 142 83 28 146 148 307 308 315 316
89 142 25 131 144 74 4 135 49 137 72 83 126 2 81 130 143 119 132 136 69 84 116 63 59 23 42 76 111 102 36 66 30 0 75 108 97 9 54 90 103 105 149 138 46 307 308 315 316
142 70 74 134 138 19 0 72 53 83 9 51 81 56 37 41 71 69 133 84 14 151 127 108 59 23 4 146 2 85 66 30 94 145 73 52 3 82 33 80 310 311 318 319
42 135 35 137 20 126 60 25 62 51 119 53 66 23 108 59 114 6 116 30 118 52 9 100 3 33 148 95 1 31 84 21 4 134 19 81 94 136 138 151 72 85 28 127 74 131 144 37 146 305 306 313 314
131 70 21 74 100 130 68 83 28 62 92 37 41 71 35 95 151 84 25 144 23 146 72 135 2 150 81 111 30 75 60 134 105 136 54 69 63 97 127 133 309 310 317 318
21 76 133 19 0 137 9 73 75 51 119 53 59 103 116 105 52 4 41 54 111 2 100 6 49 146 150 31 141 35 90 3 145 92 94 136 149 1 83 30 151 74 304 305 312 313
72 94 19 83 100 144 133 146 80 7 37 52 135 148 82 71 137 73 134 23 127 2 6 36 30 109 102 69 119 3 31 46 90 103 70 92 306 307 314 315
94 53 83 114 51 81 92 37 60 41 35 69 102 59 23 95 76 97 2 6 36 66 145 105 149 138 73 52 3 82 63 133 146 135 137 126 46 70 132 4 68 307 308 315 316
56 23 90 145 2 36 81 136 149 30 0 85 9 54 133 146 135 148 71 141 1 62 75 130 66 4 19 59 53 63 105 118 28 51 7 111 102 35 14 108 305 306 313 314
135 150 114 95 143 19 49 136 132 83 28 9 92 7 37 90 71 35 20 133 84 4 76 2 6 149 73 54 52 3 82 146 116 310 311 318 319
150 116 35 80 20 114 144 95 14 108 23 138 102 132 36 66 51 111 30 145 75 90 109 143 105 54 103 52 3 33 97 85 134 119 130 0 83 151 28 9 7 37 310 311 318 319
33 60 73 7 75 130 119 53 66 134 14 59 114 103 116 118 41 54 109 6 111 102 36 108 143 1 31 92 81 136 70 83 10 151 0 133 28 69 82 71 304 305 312 313
74 76 68 0 133 80 28 137 62 84 7 141 60 71 119 132 35 134 20 136 25 127 59 116 109 2 6 66 100 102 97 3 90 103 1 46 149 83 138 10 85 306 307 314 315
46 30 133 146 80 84 60 62 134 68 59 114 127 118 0 109 111 102 37 95 108 97 20 143 14 25 90 81 23 136 83 151 2 36 76 305 306 313 314
143 62 92 137 37 95 14 59 138 68 144 53 83 51 111 30 75 60 145 54 103 133 84 3 82 63 97 1 76 10 49 0 109 9 73 310 311 318 319
49 83 14 85 23 144 133 80 2 82 6 36 71 73 30 62 130 51 119 132 66 134 68 3 103 63 31 25 10 100 19 84 97 37 41 81 20 136 305 306 313 314
83 0 138 28 9 81 60 41 148 137 84 20 141 119 23 4 76 136 2 114 36 105 109 111 100 3 108 1 97 90 103 145 92 307 308 315 316
109 134 76 85 36 116 75 111 3 82 63 1 80 95 70 145 68 19 151 7 37 90 41 105 35 137 69 20 25 59 119 308 309 316 317
134 54 144 126 146 7 37 52 3 82 137 1 31 95 102 132 2 51 60 105 118 69 133 14 59 76 145 6 36 66 119 130 30 0 138 151 310 311 318 319
7 141 3 145 37 1 28 138 19 76 23 133 146 80 71 75 9 51 119 132 53 66 108 68 114 127 103 116 105 52 111 102 148 95 97 304 311 312 319
70 76 144 80 137 71 126 52 141 75 132 25 114 23 103 19 53 51 111 100 41 35 148 20 84 14 3 59 90 81 149 6 36 138 85 30 306 307 314 315
9 132 3 136 149 138 85 19 63 76 10 133 80 69 0 71 126 60 73 62 66 108 114 118 54 23 36 25 146 82 97 31 20 35 304 311 312 319
132 126 151 82 63 116 80 133 146 114 137 10 141 68 19 0 102 53 51 81 111 62 138 37 105 118 69 20 103 84 108 59 23 2 6 36 119 309 310 317 318
0 4 6 10 133 80 71 126 60 62 51 119 66 108 2 105 41 30 102 25 148 95 97 20 141 35 145 81 136 28 149 304 311 312 319
60 97 52 145 81 10 149 151 85 144 133 146 80 126 41 73 141 62 75 130 20 114 23 127 116 63 118 6 111 30 102 306 307 314 315
97 20 25 103 2 6 66 75 100 144 133 146 148 52 63 1 31 10 68 118 51 81 62 111 308 309 316 317
62 103 149 1 31 138 10 76 144 133 80 137 71 126 28 130 37 35 20 127 14 25 100 36 95 108 54 306 307 314 315
53 138 151 3 144 146 80 148 71 84 10 126 141 130 19 68 59 114 37 41 63 105 54 20 111 100 108 6 51 30 90 103 92 305 306 313 314
37 28 35 151 20 63 144 23 69 137 71 126 2 130 66 68 114 116 105 118 41 1 31 102 148 304 305 312 313
116 85 126 100 30 141 130 73 54 136 63 80 31 102 81 111 41 71 105 69 20 103 84 14 25 4 144 148 2 309 310 317 318
28 92 138 30 151 76 146 80 82 137 14 75 119 127 63 52 54 102 36 1 148 95 31 141 35 19 304 305 312 313
30 19 41 100 14 95 84 23 35 103 2 81 6 138 85 144 146 80 148 82 137 71 141 10 68 304 305 312 313
20 51 95 84 14 81 149 138 151 2 133 25 69 82 71 126 141 130 3 63 6 105 118 54 111 304 305 312 313
51 90 105 14 3 149 85 6 148 71 84 75 81 138 1 31 114 10 54 111 19 126 2 95 108 35 305 306 313 314
92 145 136 90 138 41 144 14 133 146 148 59 137 4 126 76 130 2 119 66 127 54 105 118 52 82 111 100 1 80 31 10 95 108 307 308 315 316
25 102 36 10 148 82 95 23 141 75 35 90 68 81 136 151 85 144 14 80 69 137 119 108 59 103 118 52 54 111 100 304 305 312 313
2 105 118 41 54 1 148 95 31 141 90 145 6 76 10 80 69 71 73 75 108 103 304 311 312 319
105 108 36 66 81 145 54 138 151 84 3 63 31 133 137 10 126 100 141 19 136 41 118 35 111 4 102 308 309 316 317
14 1 95 108 31 90 145 136 149 85 19 69 126 73 130 119 66 68 59 127 63 118 41 3 304 311 312 319
90 81 71 145 69 138 151 84 59 133 76 146 6 126 119 73 127 52 3 82 63 1 31 100 102 95 307 308 315 316
23 4 36 148 84 141 35 145 81 136 151 144 80 82 71 6 126 73 130 119 68 127 3 63 52 1 41 304 305 312 313
41 36 81 136 149 138 151 85 76 3 133 146 80 31 71 126 141 75 119 66 59 52 54 35 102 4 108 305 306 313 314
102 149 4 76 66 148 73 82 138 114 80 31 95 118 10 68 19 126 119 69 308 309 316 317
85 68 19 100 35 95 108 69 59 145 4 149 133 146 73 137 126 141 3 63 31 136 127 307 308 315 316
118 119 36 73 149 52 1 31 144 95 146 148 68 136 138 71 127 69 108 309 310 317 318
119 54 103 82 1 80 31 126 68 19 149 151 35 114 148 137 141 6 36 66 111 138 309 310 317 318
103 108 35 54 69 84 76 146 100 148 19 137 141 130 145 82 136 1 127 126 308 309 316 317
54 114 63 111 3 95 108 84 10 141 145 149 138 76 144 146 80 69 71 75 4 305 306 313 314
59 95 52 10 138 76 144 69 82 137 71 126 73 75 130 35 66 68 63 6 306 307 314 315
52 73 141 75 6 36 130 68 127 63 31 100 95 108 145 81 149 138 35 144 133 146 80 4 69 137 84 305 306 313 314
1 148 69 3 71 84 126 73 66 114 6 127 100 108 31 35 145 81 149 151 10 146 304 311 312 319
108 69 145 66 149 138 133 148 63 137 31 141 130 136 81 71 308 309 316 317
73 63 136 31 114 10 68 111 69 145 81 4 138 151 6 36 76 66 144 133 80 82 137 126 141 306 307 314 315
75 114 127 111 100 4 19 148 95 71 145 69 149 151 144 133 146 36 66 137 141 130 306 307 314 315
130 3 82 63 80 114 95 10 68 19 81 149 35 151 69 84 127 144 4 148 36 141 136 309 310 317 318
66 3 19 145 149 138 133 137 71 4 126 141 36 114 127 306 307 314 315
4 111 146 148 82 95 3 84 31 35 81 136 138 151 6 10 144 71 126 114 304 311 312 319
133 81 149 71 69 144 127 137 145 100 3 82 80 31 310 311 318 319
148 80 114 144 95 68 35 3 127 76 149 151 82 310 311 318 319
80 82 68 114 127 69 100 36 151 63 144 146 307 308 315 316
19 138 144 69 137 114 127 111 3 84 31 35 10 149 304 305 312 313
138 144 126 71 35 141 81 100 3 31 76 149 310 311 318 319
76 111 71 35 69 81 151 146 6 36 137 84 126 141 145 136 3 31 307 308 315 316
63 6 36 127 31 111 100 10 95 84 141 81 136 149 151 82 137 306 307 314 315
141 95 68 136 35 84 149 151 6 36 100 126 137 310 311 318 319
81 71 100 35 144 82 6 36 127 68 307 308 315 316
149 145 35 69 84 127 6 36 100 151 126 144 95 10 310 311 318 319
137 114 10 68 69 84 127 6 151 100 310 311 318 319
82 127 111 100 69 145 3 307 308 315 316
95 146 84 136 6 127 111 3 31 68 71 308 309 316 317
146 68 111 71 35 127 310 311 318 319
84 31 68 151 69 126 6 36 127 111 307 308 315 316
136 144 71 36 111 69 100 310 311 318 319
69 31 10 68 144 126 114 127 111 3 306 307 314 315
36 6 151 10 71 126 114 127 304 305 312 313
6 35 151 10 71 126 3 304 311 312 319
111 145 100 3 31 10 127 68 35 308 309 316 317
3 127 35 145 10 304 311 312 319
31 68 100 10 304 305 312 313
126 127 71 114 151 144 309 310 317 318
10 144 68 114 35 145 304 311 312 319
144 127 100 114 310 311 318 319
68 71 114 100 306 307 314 315
35 71 114 127 100 304 305 312 313
145 114 310 311 318 319
71 151 114 306 307 314 315
100 151 308 309 316 317
114 127 309 310 317 318
151 127 310 311 318 319
127 309 310 317 318
165 240 174 187 161 189 231 178 299 246 167 301 159 235 169 290 224 171 292 239 153 241 217 230 232 162 166 287 276 170 291 212 160 214 227 269 154 216 271 218 286 207 262 163 209 264 277 266 279 255 268 215 257 191 204 208 263 252 265 186 254 188 201 177 190 258 179 260 194 249 251 172 293 304 311 312 319
240 282 295 178 208 189 284 212 193 286 187 288 168 221 172 266 177 268 200 230 257 270 272 274 228 179 160 190 252 265 237 267 256 163 245 216 247 231 302 249 262 206 251 229 255 174 204 238 246 153 194 248 250 222 294 173 241 226 243 285 298 287 224 205 289 199 278 291 203 280 293 214 307 308 315 316
187 258 192 194 196 253 242 255 297 172 244 299 233 166 246 177 235 248 181 224 237 292 175 160 228 241 283 296 169 287 234 276 216 176 271 284 205 273 170 262 155 209 264 277 211 266 200 213 153 164 202 270 204 259 193 206 261 208 250 197 210 171 152 199 267 243 256 180 203 161 245 304 305 312 313
258 168 191 221 251 274 255 236 196 249 200 181 269 156 179 209 160 271 158 169 182 163 216 246 227 297 250 299 161 195 303 170 155 185 215 238 285 183 213 164 194 247 289 302 241 173 278 245 280 293 282 295 220 171 201 205 186 273 286 199 233 184 159 189 268 281 212 193 270 283 157 308 309 316 317
181 184 186 199 168 267 172 243 203 166 247 260 194 249 196 238 156 251 179 160 295 154 297 189 299 288 224 167 237 226 239 281 241 176 230 285 298 219 170 232 287 174 155 223 225 153 293 164 214 227 271 207 220 275 209 211 266 200 202 215 161 191 259 272 193 261 178 195 208 250 263 304 305 312 313
184 295 297 175 189 156 231 244 233 246 301 235 169 292 294 163 241 283 230 243 285 298 157 172 223 170 212 280 293 155 282 164 273 286 179 275 222 173 266 200 213 281 215 257 217 272 193 206 261 274 208 250 263 265 186 199 159 254 256 203 245 168 153 183 260 194 249 196 238 251 185 304 305 312 313
186 299 246 288 301 248 175 237 292 179 239 160 281 294 228 283 154 217 230 298 169 182 163 289 210 223 167 278 225 280 282 216 271 170 286 220 174 275 211 183 255 268 257 204 162 173 206 195 152 252 267 180 243 203 300 192 302 194 249 238 157 168 253 172 242 189 231 244 166 304 305 312 313
299 180 161 203 233 263 244 297 248 208 293 189 212 193 272 223 276 168 191 270 172 255 236 196 177 249 230 260 294 156 179 209 239 207 267 271 163 216 227 250 231 225 176 210 274 170 155 185 238 268 153 232 183 247 277 281 162 241 192 222 173 245 226 290 220 224 254 284 310 311 318 319
158 200 268 202 270 152 272 193 250 210 252 265 254 267 201 190 203 192 247 260 153 194 249 183 196 238 295 242 176 297 189 178 248 154 290 182 303 224 171 239 160 173 294 228 162 283 243 285 177 298 219 287 276 289 223 236 170 291 159 280 214 227 269 161 216 229 284 205 273 286 266 279 304 311 312 319
200 169 252 182 163 201 256 167 269 197 262 238 251 253 174 155 255 297 164 303 237 192 173 226 228 241 283 171 285 232 287 300 180 289 223 236 278 291 212 280 159 216 271 284 157 168 273 286 172 275 277 166 211 224 266 215 257 175 270 156 217 179 259 206 274 208 263 305 306 313 314
161 242 297 286 178 220 167 288 235 169 224 292 153 226 294 228 162 296 217 230 272 164 285 166 208 221 276 289 210 152 223 265 225 267 280 271 194 159 207 262 275 209 211 253 213 189 270 191 259 248 303 250 263 156 239 160 199 241 254 256 179 234 302 249 251 172 229 304 311 312 319
242 249 262 233 264 159 189 253 212 244 257 168 246 191 221 301 290 236 196 250 177 230 294 296 175 156 285 228 179 287 289 207 188 218 291 280 293 295 197 284 273 225 206 275 288 266 174 204 155 215 268 238 183 164 259 272 261 263 276 162 241 222 173 201 152 256 269 224 247 307 308 315 316
202 243 256 203 245 169 300 247 260 163 236 167 238 195 176 297 233 301 185 248 303 224 237 226 239 153 164 281 241 198 296 217 230 285 298 162 192 219 234 210 171 201 152 291 225 280 227 180 229 271 218 220 178 209 264 277 266 168 255 191 215 257 270 204 196 177 263 175 252 254 305 306 313 314
243 166 261 274 211 226 252 265 220 190 267 224 205 154 199 271 260 182 163 178 227 212 253 255 191 221 257 236 155 248 185 292 194 209 239 285 298 192 237 300 278 171 216 280 293 282 195 225 273 229 210 275 288 208 189 174 204 290 193 223 219 279 157 168 153 232 307 308 315 316
221 256 153 164 194 260 217 198 249 262 162 173 171 297 244 257 233 246 235 248 290 303 214 237 226 239 208 159 189 193 296 285 298 157 168 287 234 289 302 236 278 196 291 238 280 211 227 295 175 284 209 160 273 275 288 222 264 266 182 197 270 283 261 274 195 170 185 267 306 307 314 315
256 172 292 255 236 294 166 196 283 249 211 285 287 228 179 160 239 190 289 291 280 207 237 188 218 169 282 295 182 163 284 216 246 231 275 225 206 266 281 204 234 215 257 219 261 153 232 194 263 217 265 192 222 173 269 171 201 152 224 205 180 203 214 297 157 308 309 316 317
193 194 249 160 196 238 154 253 295 169 255 182 163 167 288 301 235 290 303 237 226 241 283 296 230 174 155 285 287 300 183 223 291 212 162 173 282 284 205 207 275 264 277 198 211 266 213 281 189 261 274 195 168 263 197 210 199 201 177 203 175 156 260 302 305 306 313 314
194 219 232 157 191 172 291 212 225 267 177 227 203 216 175 207 160 262 275 196 264 198 266 169 268 270 167 272 195 252 174 300 247 302 236 238 251 162 295 297 244 286 152 233 246 288 301 222 235 290 303 180 279 226 239 281 228 178 159 298 305 306 313 314
196 199 267 203 157 245 191 247 172 260 302 253 297 164 160 233 246 301 248 173 188 226 239 281 241 283 296 217 285 219 232 274 287 176 278 159 155 214 227 269 216 271 153 218 286 207 275 222 279 213 268 171 215 257 190 272 206 208 263 197 252 305 306 313 314
199 177 297 244 246 301 235 303 179 190 226 154 294 241 188 283 230 285 298 182 163 300 276 289 236 212 195 176 293 214 282 170 174 155 205 218 273 220 275 288 209 183 211 224 198 281 259 152 250 263 210 252 265 180 254 269 203 159 247 260 157 168 251 253 305 306 313 314
172 179 260 302 236 249 183 253 176 288 180 156 301 248 290 303 292 239 173 294 228 241 283 175 217 230 163 234 225 280 293 227 269 282 216 284 155 218 273 286 220 262 164 264 277 198 266 213 162 215 191 259 206 261 263 197 210 252 254 267 201 304 305 312 313
191 269 192 205 182 163 178 253 255 297 176 246 170 235 248 303 155 292 226 228 296 285 298 300 173 188 302 278 225 238 152 167 214 295 216 271 284 180 218 286 209 222 189 277 174 266 279 268 168 153 183 270 283 217 195 208 197 210 252 265 254 267 305 306 313 314
269 251 170 155 185 215 260 303 219 213 294 228 179 162 192 222 173 207 267 300 302 171 201 152 278 293 250 282 295 180 225 297 214 229 208 159 189 223 290 238 268 232 281 266 217 247 270 166 177 272 245 276 175 160 254 205 182 248 167 227 212 257 176 309 310 317 318
156 248 182 152 250 241 254 188 190 300 192 234 236 170 251 185 284 176 231 233 167 288 222 303 224 279 171 226 160 281 294 228 283 296 217 164 285 232 166 287 208 276 210 265 225 159 280 214 282 216 271 205 218 260 207 275 209 264 277 211 266 154 257 246 304 311 312 319
248 264 171 160 224 205 255 154 257 214 244 163 250 285 298 166 185 215 278 291 280 293 164 179 209 173 273 207 237 188 288 182 277 290 201 152 197 227 231 225 176 272 229 274 219 252 168 254 153 232 183 213 247 177 192 222 211 226 175 308 309 316 317
175 261 162 201 177 190 245 179 192 302 183 251 297 189 231 244 178 168 246 222 235 290 226 239 281 294 241 296 298 219 287 276 289 210 278 212 163 227 282 216 271 205 273 286 207 220 262 275 264 170 198 279 174 155 213 255 268 215 270 153 272 304 305 312 313
261 273 286 228 160 190 275 264 279 237 188 169 281 252 182 163 270 216 197 227 272 231 263 276 259 210 170 253 204 219 153 232 183 247 241 222 171 201 152 301 254 303 180 233 214 244 294 283 178 208 189 298 287 300 289 291 255 236 280 230 260 211 271 308 309 316 317
207 213 281 283 195 272 263 204 254 183 198 247 260 162 192 249 262 201 253 205 297 244 180 233 246 237 250 292 241 157 285 298 300 289 302 223 236 225 293 227 282 160 295 216 271 284 154 273 286 188 169 275 288 222 277 163 211 266 167 279 305 306 313 314
213 169 300 234 276 289 291 280 214 227 282 195 206 229 170 273 185 222 264 277 164 215 198 257 162 192 250 171 201 205 254 267 203 247 208 159 189 249 251 253 157 255 231 244 166 177 246 288 211 235 303 224 292 179 160 294 228 283 296 154 285 298 306 307 314 315
168 179 300 192 170 183 238 174 295 176 231 244 233 288 180 169 237 279 292 239 281 173 294 283 296 159 274 208 157 276 210 291 225 166 214 227 282 271 260 160 209 277 198 211 154 253 266 268 270 259 206 197 252 265 177 298 190 304 311 312 319
209 259 197 274 210 252 195 176 254 267 174 155 185 245 260 262 183 238 198 192 173 255 244 246 201 301 235 303 292 180 226 239 203 228 296 178 159 189 219 232 287 223 278 212 280 214 227 177 271 218 286 190 277 224 154 266 268 215 217 306 307 314 315
259 190 224 154 284 297 237 169 273 286 275 277 167 266 279 231 268 281 195 176 206 283 272 255 174 253 204 263 276 238 219 265 278 183 267 217 198 271 162 241 260 226 171 264 152 254 205 180 244 229 301 178 159 212 292 257 251 298 166 300 249 211 293 308 309 316 317
167 262 222 277 198 266 257 270 204 272 206 208 250 263 157 197 210 265 254 267 190 203 245 179 247 249 160 183 251 255 189 246 288 301 235 182 292 226 239 281 173 283 177 219 232 287 300 234 276 223 225 280 293 227 162 216 229 271 218 152 304 311 312 319
262 270 197 283 227 212 272 285 176 206 263 251 278 236 215 249 260 228 188 152 246 301 180 210 174 234 296 238 219 153 232 289 302 217 247 198 291 166 177 241 280 293 211 245 282 295 297 220 160 224 205 235 288 154 290 169 203 244 182 178 308 309 316 317
170 267 227 282 273 275 264 198 211 279 257 270 208 169 263 197 163 177 190 245 157 179 192 236 293 253 295 176 231 164 178 160 233 180 301 222 154 235 290 182 303 239 281 173 294 152 283 217 285 274 234 289 210 223 278 159 304 311 312 319
267 255 236 166 281 215 249 272 228 237 252 182 216 246 197 180 195 225 229 174 219 301 153 183 303 266 217 198 292 177 294 192 296 245 300 160 254 265 154 278 291 169 280 203 233 263 214 208 286 257 288 157 251 279 309 310 317 318
244 253 233 214 178 208 159 288 189 212 292 157 294 283 296 236 298 177 289 278 291 228 160 239 282 284 237 188 169 286 182 275 216 264 231 225 257 229 174 185 219 250 265 153 222 173 245 260 249 220 171 152 251 224 205 235 307 308 315 316
253 293 178 189 223 157 273 236 277 160 190 272 274 154 173 237 188 218 265 216 197 227 250 231 271 260 195 206 229 264 174 204 234 215 255 153 232 164 301 303 177 162 241 192 222 245 294 296 201 285 224 287 300 289 302 308 309 316 317
270 218 169 252 182 163 216 246 197 250 231 195 176 206 215 268 292 294 153 217 247 198 192 173 287 300 289 291 220 152 224 254 282 295 297 203 233 273 263 214 286 178 159 189 290 212 257 281 166 177 274 260 276 264 278 309 310 317 318
177 254 188 298 190 245 300 192 302 236 249 171 291 183 238 251 185 227 154 231 286 220 163 233 301 222 235 303 279 157 239 294 228 296 166 272 276 289 210 164 212 214 173 205 273 211 255 176 155 182 304 305 312 313
163 264 277 211 266 255 268 204 206 153 265 241 188 190 300 302 236 249 183 251 293 185 176 297 231 233 180 301 222 290 237 292 239 228 296 217 285 219 274 287 208 276 278 291 154 214 282 284 218 152 260 220 304 311 312 319
264 246 227 195 225 255 174 155 234 215 219 153 164 241 192 222 173 237 226 303 220 171 201 152 235 180 285 298 214 287 300 208 223 238 293 157 251 247 236 273 286 230 211 275 266 179 190 224 281 188 272 203 233 263 308 309 316 317
182 277 266 268 215 257 180 204 272 206 274 195 208 159 250 197 210 201 166 302 238 251 185 295 179 160 255 297 169 301 303 237 152 292 239 228 296 176 287 276 289 155 223 225 280 293 214 164 218 162 173 220 304 305 312 313
277 285 216 227 300 231 289 210 282 295 174 204 155 234 185 238 268 153 164 288 279 241 222 173 245 275 220 201 152 254 205 235 203 214 212 272 223 276 257 274 236 166 249 230 260 179 160 273 237 218 169 294 271 252 309 310 317 318
236 254 245 153 232 247 260 162 238 297 205 235 154 290 169 203 214 178 294 197 227 223 298 206 289 302 278 185 215 230 293 282 284 228 288 192 218 268 281 171 231 195 274 229 210 252 265 174 204 307 308 315 316
254 166 249 230 211 292 239 190 154 285 237 188 218 300 289 216 246 280 293 250 282 225 297 229 210 273 275 204 234 185 215 290 238 281 217 198 283 272 162 173 226 263 220 278 180 233 178 159 189 257 308 309 316 317
195 216 229 231 179 190 273 220 275 222 188 279 281 215 257 204 206 176 276 210 252 265 174 155 201 245 153 183 302 238 251 162 297 171 152 233 246 301 180 303 239 178 228 283 157 289 223 278 166 225 227 282 295 305 306 313 314
216 288 222 224 174 155 185 215 268 153 183 164 263 276 265 171 201 245 247 214 178 159 189 255 246 235 292 239 230 285 179 160 190 287 300 234 154 289 302 278 169 227 282 197 229 271 273 306 307 314 315
255 203 178 223 176 206 185 230 228 237 188 298 300 171 201 246 289 180 280 225 229 210 284 297 159 234 273 286 219 275 290 153 232 183 247 198 268 162 241 192 226 274 263 190 276 224 265 308 309 316 317
274 280 164 228 173 218 271 152 246 227 180 225 229 303 204 234 268 219 296 153 183 298 266 300 166 241 192 302 245 291 293 295 224 205 235 284 169 275 214 290 178 208 279 292 212 272 157 176 285 251 287 276 155 309 310 317 318
280 286 174 155 234 290 219 281 266 217 247 192 245 275 201 205 235 265 233 214 278 178 159 212 223 257 157 301 249 228 179 190 294 296 154 285 237 188 287 300 271 302 250 293 206 284 297 210 309 310 317 318
153 219 232 234 276 157 278 212 159 293 229 273 275 288 211 215 217 208 263 265 188 201 245 179 247 260 185 198 295 189 231 178 233 246 180 301 235 169 303 224 226 239 296 304 311 312 319
219 183 164 289 225 293 162 192 173 282 171 201 152 220 222 279 214 159 272 265 166 247 260 302 179 238 188 218 295 203 297 231 235 303 224 237 176 292 226 239 294 228 174 204 155 215 230 298 287 300 306 307 314 315
197 275 198 211 190 215 154 257 204 206 263 252 176 247 302 155 185 249 238 251 183 164 295 231 162 173 246 301 290 303 224 237 152 239 228 241 296 217 285 298 287 159 189 276 157 214 229 271 218 166 273 286 305 306 313 314
169 257 272 241 201 190 157 245 192 247 166 251 293 229 176 189 286 246 180 290 237 171 292 215 283 217 298 287 234 289 210 223 278 212 225 227 282 271 164 284 205 218 260 220 198 211 304 311 312 319
251 223 166 211 257 301 228 179 239 292 154 294 237 218 296 227 300 250 302 278 291 293 229 210 282 295 174 155 234 284 238 273 232 247 279 162 192 222 281 245 226 220 201 152 263 276 214 308 309 316 317
190 208 166 250 252 265 160 154 247 260 188 238 293 297 231 286 288 235 290 303 224 237 174 292 155 294 228 183 164 285 298 287 223 278 291 212 171 282 203 271 284 205 220 159 266 268 215 305 306 313 314
183 300 234 289 223 157 225 293 271 273 220 160 211 279 204 217 206 263 210 265 188 203 155 192 260 249 164 238 185 297 288 171 152 290 303 224 237 292 226 239 180 296 285 178 159 304 305 312 313
283 273 162 241 192 222 226 282 171 152 235 250 229 178 189 157 232 166 281 230 211 245 296 298 224 300 154 188 291 218 203 233 263 293 246 284 272 231 206 290 210 174 204 215 249 279 228 309 310 317 318
155 157 203 271 205 218 220 275 211 152 266 268 257 250 252 188 201 245 192 249 293 185 295 229 297 189 154 178 233 288 235 290 237 171 239 281 173 241 162 164 298 232 166 234 304 311 312 319
157 192 302 249 174 295 176 297 231 178 246 288 152 290 224 237 292 239 160 241 217 230 232 166 276 223 212 225 159 229 284 205 218 273 220 279 281 272 208 252 265 188 203 245 304 311 312 319
227 210 174 215 257 164 272 198 162 222 173 263 252 265 220 171 224 245 247 260 214 208 189 288 235 303 237 281 294 160 285 234 276 289 291 152 293 282 229 225 286 306 307 314 315
204 278 212 225 154 293 188 271 205 273 220 275 288 224 266 279 268 281 217 272 208 250 210 173 245 247 260 171 201 302 249 238 295 231 189 233 246 301 290 237 239 228 296 230 285 300 234 160 223 305 306 313 314
278 234 185 215 249 282 295 238 268 284 232 286 217 198 290 222 173 226 220 171 201 152 205 235 265 180 233 263 229 159 230 260 228 154 303 203 294 252 276 225 176 206 210 293 309 310 317 318
229 225 282 210 297 231 189 233 275 290 279 217 162 192 222 272 226 220 160 205 154 203 178 247 260 223 249 176 206 166 185 301 235 303 164 239 252 188 218 232 152 302 238 293 180 307 308 315 316
239 272 226 250 220 201 152 252 265 224 235 180 214 178 208 159 249 212 211 290 179 154 296 285 218 300 293 176 284 210 273 286 234 185 266 232 268 198 222 307 308 315 316
272 173 271 252 290 303 176 292 210 294 296 234 215 298 300 232 302 266 247 293 162 241 245 284 286 275 288 180 279 203 263 281 178 208 189 212 276 166 249 260 309 310 317 318
232 245 164 234 198 302 291 162 192 293 226 220 201 271 273 286 288 180 203 279 178 159 268 281 212 223 263 276 252 211 218 297 257 231 233 301 235 176 303 210 185 215 241 296 285 298 307 308 315 316
275 176 206 298 300 174 215 289 238 268 291 282 295 217 247 284 297 241 192 245 171 152 279 205 281 203 233 178 208 189 212 257 249 230 260 228 179 273 252 303 309 310 317 318
288 246 250 301 180 303 208 189 174 223 287 298 300 266 217 289 291 211 226 286 220 235 265 188 203 233 263 214 292 212 257 215 249 230 260 164 179 273 282 171 201 310 311 318 319
174 291 293 214 282 271 284 286 222 224 166 266 268 281 257 217 160 208 210 252 265 203 247 260 249 238 297 246 164 180 301 237 250 294 228 230 171 287 234 276 304 305 312 313
291 185 238 268 266 247 162 241 192 173 301 245 286 290 201 205 284 265 296 298 203 263 178 208 212 223 257 166 260 292 228 179 160 273 188 218 271 252 152 250 231 225 176 206 310 311 318 319
231 273 286 210 279 208 268 223 217 276 166 230 211 226 220 160 247 188 218 203 238 212 257 225 176 301 290 237 185 215 294 296 298 287 234 289 192 173 282 201 271 307 308 315 316
273 206 276 234 215 238 268 164 247 241 222 171 152 205 235 301 214 212 223 296 257 300 289 302 166 293 282 295 228 179 286 188 279 246 309 310 317 318
250 286 220 160 290 266 279 281 188 233 285 263 276 265 176 206 234 185 271 230 260 192 222 173 292 252 225 214 210 208 159 189 300 217 247 282 295 166 241 284 297 245 308 309 316 317
286 292 176 298 159 189 185 287 268 266 247 198 241 192 226 220 201 205 235 154 180 203 249 302 164 179 160 173 297 237 188 271 252 282 152 310 311 318 319
234 164 282 198 284 162 192 171 224 268 180 233 214 178 159 263 265 260 302 238 228 179 295 173 188 218 235 290 303 237 292 294 210 298 300 185 215 276 289 307 308 315 316
225 266 279 162 222 220 171 201 152 224 263 159 245 223 247 260 302 249 233 246 301 235 160 290 303 292 188 218 241 296 230 276 206 293 210 282 295 306 307 314 315
192 281 241 296 217 230 276 289 223 179 214 282 188 222 266 268 252 265 164 201 203 162 173 302 171 152 301 159 303 224 226 305 306 313 314
281 222 173 237 271 171 152 287 300 246 302 180 293 210 159 217 198 166 241 211 226 220 265 233 178 212 176 206 185 215 249 301 164 228 309 310 317 318
164 287 276 210 212 271 284 218 260 198 211 266 159 268 257 208 241 160 179 300 154 249 293 178 246 222 235 303 224 237 173 294 296 217 298 304 311 312 319
246 224 205 279 203 233 268 212 166 247 260 160 249 154 237 152 301 303 292 176 210 296 285 298 238 289 302 293 162 173 284 220 201 307 308 315 316
287 289 247 198 295 173 245 297 201 152 224 205 235 290 292 263 214 178 208 159 212 223 279 230 260 211 179 154 237 252 301 176 206 294 296 298 185 215 238 310 311 318 319
289 268 295 297 266 198 222 173 245 152 224 284 235 180 263 214 178 189 212 276 257 285 166 230 260 228 303 271 252 296 206 210 185 293 310 311 318 319
185 212 159 214 282 203 205 218 220 166 198 211 279 268 215 257 179 160 154 252 265 245 300 176 302 189 301 222 162 224 226 228 152 285 298 180 210 304 305 312 313
245 292 252 294 298 224 282 237 218 203 284 297 212 206 285 228 265 198 241 222 271 247 260 220 249 205 235 180 214 178 208 189 223 307 308 315 316
292 226 290 284 265 263 214 178 212 257 166 249 279 230 260 211 301 228 179 160 303 154 237 218 252 282 298 276 206 295 215 238 268 217 310 311 318 319
217 230 298 173 300 188 223 201 282 271 218 220 224 266 279 211 263 276 265 154 247 203 214 208 212 297 206 233 301 235 215 237 241 296 306 307 314 315
230 198 252 226 171 201 247 224 249 180 203 297 178 208 159 189 233 223 301 235 303 237 294 166 296 211 285 300 188 218 282 271 284 176 206 266 279 210 307 308 315 316
220 235 226 294 228 241 298 223 198 293 162 295 173 271 171 205 224 279 214 257 208 159 212 263 276 265 166 160 238 218 306 307 314 315
235 152 224 290 303 237 180 233 214 294 178 159 212 223 300 293 166 211 284 154 188 218 176 252 249 162 173 226 307 308 315 316
222 152 294 296 285 206 276 282 271 198 279 201 160 257 203 265 212 300 260 302 249 215 238 211 295 179 233 218 290 237 306 307 314 315
210 282 179 211 279 171 263 260 249 166 297 205 233 301 154 290 237 203 226 228 241 296 285 212 306 307 314 315
241 294 162 226 285 171 302 205 233 295 271 178 208 212 279 166 215 211 228 179 263 237 260 159 303 198 307 308 315 316
294 173 290 171 201 224 205 284 265 180 178 208 223 276 301 285 303 279 160 298 237 188 302 271 252 282 295 238 266 247 198 310 311 318 319
297 180 263 214 208 159 293 223 266 296 166 211 298 302 224 284 218 233 252 295 176 206 285 215 173 226 171 265 310 311 318 319
152 290 303 237 171 226 173 228 162 166 208 276 212 159 282 203 218 260 263 238 293 176 301 304 311 312 319
215 188 271 218 159 268 263 198 162 171 247 205 302 249 154 203 295 233 301 237 211 296 285 276 223 306 307 314 315
173 228 208 276 223 214 284 205 218 198 211 206 263 252 188 298 295 180 301 226 304 305 312 313
205 233 301 176 237 228 296 285 298 300 198 223 162 214 284 178 159 189 206 208 276 252 160 247 302 154 249 188 238 305 306 313 314
233 257 214 159 223 296 298 166 211 238 293 228 179 282 188 218 203 290 266 279 268 263 198 162 260 249 201 307 308 315 316
224 252 228 214 159 300 293 282 295 166 211 266 154 218 276 265 176 247 249 179 198 306 307 314 315
268 237 188 293 295 271 206 238 198 171 201 265 180 203 263 214 178 159 189 212 223 303 166 296 228 160 285 298 154 309 310 317 318
226 171 296 300 180 214 208 189 293 212 282 295 223 166 279 179 154 276 188 218 252 265 206 257 198 290 162 306 307 314 315
198 178 300 276 293 284 218 179 279 257 171 208 252 201 189 203 247 302 249 238 295 301 160 290 237 228 296 305 306 313 314
295 214 178 189 266 247 301 303 260 160 298 154 300 188 203 263 302 257 176 249 279 271 252 171 201 310 311 318 319
180 189 290 178 285 212 282 284 179 218 211 257 206 208 263 252 265 300 247 260 302 162 238 171 304 305 312 313
171 290 303 228 293 271 266 279 160 257 154 265 203 179 260 238 176 189 178 301 304 305 312 313
179 252 265 201 247 302 154 249 238 189 290 276 223 162 212 284 218 211 266 279 178 159 257 304 305 312 313
214 285 300 276 203 282 159 284 212 266 166 211 252 247 260 302 249 238 306 307 314 315
189 301 303 237 279 228 296 285 298 160 276 154 212 271 284 266 257 206 263 265 162 247 249 304 305 312 313
166 188 203 162 260 238 237 223 293 160 282 271 284 257 206 263 252 265 304 311 312 319
300 296 162 211 290 284 265 154 203 208 223 276 176 206 279 260 228 218 201 310 311 318 319
249 271 260 228 154 237 188 218 296 176 238 282 178 263 308 309 316 317
252 211 266 279 160 154 263 265 176 260 238 301 201 285 208 159 284 308 309 316 317
298 302 162 290 284 263 178 212 223 257 285 279 154 218 271 282 301 303 206 310 311 318 319
302 247 211 290 284 154 218 203 263 212 257 176 206 285 279 162 237 301 201 265 303 293 310 311 318 319
212 162 201 296 285 178 208 159 293 290 266 154 265 176 247 306 307 314 315
154 257 206 188 238 293 176 301 237 160 228 162 296 276 159 211 304 311 312 319
257 203 206 301 290 296 201 282 271 208 159 279 223 263 211 265 160 308 309 316 317
160 208 201 176 178 290 303 228 162 285 276 203 271 211 266 304 311 312 319
237 178 159 211 290 218 296 285 176 206 266 307 308 315 316
211 176 206 293 301 201 296 285 178 208 284 279 188 306 307 314 315
203 303 188 223 238 293 176 284 218 266 279 206 208 305 306 313 314
188 208 263 265 201 247 260 238 176 290 303 162 296 276 293 271 284 178 266 304 305 312 313
282 238 263 159 223 276 303 279 296 228 218 206 309 310 317 318
176 271 208 263 265 201 178 301 290 276 223 293 304 305 312 313
271 279 228 247 162 201 159 223 238 303 266 293 284 309 310 317 318
266 206 284 238 290 162 201 265 263 301 303 218 296 309 310 317 318
279 206 238 303 201 285 263 178 208 159 223 290 228 218 309 310 317 318
162 228 296 285 276 223 284 218 208 265 201 238 178 303 304 311 312 319
228 263 201 208 223 301 303 293 206 307 308 315 316
290 201 265 178 223 284 218 276 206 285 247 310 311 318 319
206 284 265 247 238 293 201 301 303 178 296 223 305 306 313 314
284 301 303 296 265 263 178 159 223 276 218 309 310 317 318
201 303 296 265 247 260 301 305 306 313 314
285 265 303 223 296 260 293 218 238 310 311 318 319
303 265 263 159 276 247 310 311 318 319
159 301 296 276 218 260 247 304 311 312 319
178 296 218 208 265 260 304 305 312 313
301 265 208 223 218 238 247 310 311 318 319
265 296 208 308 309 316 317
238 247 260 296 307 308 315 316
293 208 223 260 310 311 318 319
296 276 310 311 318 319
208 218 263 260 305 306 313 314
263 247 276 308 309 316 317
223 276 218 247 260 306 307 314 315
276 247 218 309 310 317 318
218 247 306 307 314 315
247 260 308 309 316 317
260 308 309 316 317
304
305
306
307
308
309
310
311
312
313
314
315
316
317
318
319
