#/usr/local/lib/python3.10/dist-packages/colab_kernel_launcher.py -f /root/.local/share/jupyter/runtime/kernel-2119b688-3f38-4b5a-b3d6-e140ef2e0719.json
# GMT Fri May 24 08:56:16 2024
# 
32 101 68 13 45 35 90 67 103 57 34 37 5 7 21 82 36 72 94 71 84 61 38 18 93 83 73 63 40 0 31 15 62 75 17 52 65 42 64 77 86 25 26 89 28 9 56 33 88 209 210 217 218
101 13 46 98 23 25 56 7 73 27 57 8 90 93 74 77 88 91 18 2 68 49 52 3 33 63 55 6 36 17 39 69 20 50 72 53 83 86 100 102 14 1 80 61 12 64 75 48 214 215 222 223
24 97 14 74 87 41 31 1 44 15 99 66 43 33 88 78 25 100 7 90 10 37 8 79 46 82 49 91 18 58 2 61 38 5 51 16 103 19 0 93 22 3 83 50 63 17 72 75 52 208 209 216 217
97 54 76 57 87 60 90 74 77 58 88 2 5 35 16 19 49 0 52 82 55 6 66 39 69 50 72 84 25 98 47 28 9 42 64 45 48 78 29 100 81 92 95 79 23 4 56 37 214 215 222 223
16 93 60 37 17 95 62 39 52 42 19 9 12 15 74 51 87 64 18 31 13 96 66 23 4 65 10 68 45 35 8 90 80 57 89 56 92 36 49 5 91 0 25 6 38 28 103 208 209 216 217
93 68 49 0 80 33 6 85 66 100 69 83 65 67 99 84 11 44 25 47 28 1 31 15 76 48 29 59 92 79 102 26 7 37 89 43 54 55 8 87 90 72 86 2 98 214 215 222 223
17 58 94 71 2 0 83 3 73 50 27 6 30 62 39 75 29 84 74 14 1 86 76 53 66 20 56 23 98 88 78 55 35 100 77 90 7 67 44 34 47 37 8 59 91 208 209 216 217
58 62 50 65 34 87 64 11 14 28 86 99 10 76 89 12 43 41 88 68 67 80 23 4 5 70 7 22 52 6 82 38 72 20 81 94 18 2 96 73 19 49 63 31 15 45 211 212 219 220
55 84 61 13 83 86 26 7 85 62 98 21 65 27 38 87 64 67 99 89 66 5 49 22 88 3 78 91 6 68 20 50 53 80 30 11 102 92 69 25 82 59 72 42 45 211 212 219 220
84 36 66 39 69 53 67 94 80 31 61 33 64 78 20 51 81 95 85 98 65 46 79 30 11 87 14 25 28 10 12 76 27 59 41 71 13 88 91 90 40 21 52 54 213 214 221 222
8 9 74 51 41 31 44 20 10 2 65 78 0 90 47 14 102 79 92 82 13 91 94 71 1 61 38 15 28 18 70 83 60 73 27 63 95 72 62 39 75 29 4 7 208 215 216 223
9 67 44 47 14 102 56 69 46 36 13 26 91 68 81 0 38 103 60 37 50 40 82 62 52 19 94 1 64 54 21 96 99 76 66 33 98 75 4 65 42 78 7 22 77 208 215 216 223
40 41 77 44 86 99 76 0 89 22 66 43 33 6 36 39 98 20 78 34 90 67 25 102 15 82 59 13 48 23 4 83 26 60 96 73 10 21 27 85 62 75 42 74 18 64 210 211 218 219
41 42 74 38 39 77 44 99 76 66 2 5 35 19 0 78 68 6 36 20 103 34 57 92 11 69 25 28 1 31 81 15 71 48 29 83 60 73 63 23 72 4 62 65 210 211 218 219
11 14 89 79 10 92 69 46 59 26 91 71 48 61 38 15 103 60 2 37 30 3 85 39 75 42 64 54 96 86 63 99 76 0 20 1 23 98 12 100 77 90 80 34 208 215 216 223
14 37 102 92 69 46 59 49 81 13 94 71 15 51 28 18 103 83 60 73 7 10 62 19 54 21 2 5 76 53 66 43 20 23 65 78 45 100 80 57 34 208 209 216 217
94 39 83 103 34 44 47 28 0 80 12 64 45 75 48 78 51 81 13 65 79 95 25 26 56 21 54 76 87 38 60 74 77 88 2 4 5 49 3 63 85 36 214 215 222 223
61 100 67 103 70 34 79 69 82 44 25 47 71 31 42 59 51 96 13 73 63 46 95 85 75 23 4 56 10 43 87 77 27 89 66 18 98 88 5 35 19 3 211 212 219 220
100 12 42 64 15 48 29 59 92 65 95 46 77 23 4 26 10 73 57 60 88 91 18 68 49 22 52 3 33 85 36 39 99 81 53 86 103 47 28 102 31 214 215 222 223
77 12 42 43 73 76 27 57 29 71 74 87 99 89 37 21 36 66 38 39 69 67 90 30 49 31 3 33 45 75 48 62 46 44 25 26 56 28 212 213 220 221
42 67 80 2 69 46 19 0 33 6 81 36 48 34 103 70 83 73 50 82 85 62 31 12 74 51 87 54 96 86 99 53 56 7 10 88 21 45 210 211 218 219
25 34 89 102 56 46 91 68 103 12 83 60 37 82 72 85 52 29 87 3 6 63 99 20 76 53 30 66 43 33 98 18 78 45 67 44 208 209 216 217
34 91 31 81 12 48 103 13 63 95 23 85 4 62 75 52 10 21 27 64 54 44 56 2 88 0 68 45 33 35 20 67 47 37 92 46 82 49 209 210 217 218
39 81 48 18 83 96 53 0 33 85 62 52 65 74 87 54 67 30 44 99 56 29 45 70 47 23 60 7 21 92 22 69 82 59 6 36 38 210 211 218 219
81 20 50 103 102 1 80 82 12 15 45 48 59 13 65 96 86 4 26 37 10 70 21 95 73 98 54 60 72 87 18 35 89 19 0 22 36 88 213 214 221 222
44 47 79 92 69 82 91 71 48 18 103 4 5 35 83 96 19 50 22 3 6 36 62 52 74 54 86 99 53 89 15 45 90 23 57 70 210 211 218 219
47 57 28 102 79 45 92 69 72 49 71 51 4 96 73 10 50 21 43 38 62 75 52 65 64 5 35 86 0 3 53 89 33 56 88 78 91 30 210 211 218 219
10 54 99 89 43 20 33 13 98 88 68 90 103 57 37 102 46 0 59 3 26 91 48 38 51 28 60 96 50 27 63 72 75 29 64 208 215 216 223
54 74 87 64 27 86 66 18 35 22 52 3 6 67 57 70 20 50 53 102 79 69 30 71 28 1 31 15 45 83 63 72 23 4 26 37 211 212 219 220
2 50 7 95 72 75 6 74 51 21 96 63 99 53 66 33 78 45 22 35 67 80 57 79 69 82 59 49 3 71 38 28 70 1 83 73 208 215 216 223
50 5 35 71 51 22 103 6 73 72 85 30 28 64 31 15 45 29 86 99 76 7 37 21 43 67 80 27 38 102 79 92 69 82 59 210 211 218 219
3 15 5 70 83 27 7 72 1 29 19 74 87 64 86 66 20 56 78 22 35 90 67 80 37 4 102 92 69 59 36 0 13 26 208 215 216 223
15 6 90 67 103 80 57 70 92 46 36 91 1 13 60 96 27 30 95 62 4 19 87 64 86 99 53 20 33 65 68 45 22 208 209 216 217
22 28 13 60 96 63 53 30 85 62 4 52 29 65 7 87 64 86 99 76 89 66 43 33 46 5 88 35 90 37 27 69 59 49 51 208 209 216 217
28 20 102 92 36 48 38 73 63 72 85 62 75 23 26 51 31 21 96 27 99 76 53 89 66 88 65 78 68 19 0 209 210 217 218
12 57 37 102 79 92 69 82 59 36 13 49 26 91 71 70 73 27 30 85 62 75 5 74 87 21 96 86 63 76 66 33 23 98 88 45 1 208 215 216 223
74 27 38 71 72 99 89 5 79 68 19 0 52 63 6 66 91 69 51 67 80 30 102 1 31 29 65 23 7 37 95 85 212 213 220 221
43 87 23 4 26 7 37 86 21 56 46 88 78 68 90 80 57 5 19 102 6 82 59 72 49 20 71 30 83 60 73 95 29 62 75 52 13 210 211 218 219
87 76 38 71 99 89 35 68 91 63 36 53 30 31 64 45 75 48 51 62 13 65 46 96 95 23 56 7 70 213 214 221 222
1 90 67 57 4 102 79 92 69 82 59 36 48 38 18 96 7 95 72 85 62 75 52 65 21 99 89 56 23 98 88 78 45 35 208 215 216 223
90 31 64 78 29 59 51 13 46 99 23 4 37 21 73 27 71 18 92 5 68 49 0 52 33 63 6 36 96 30 213 214 221 222
88 95 46 98 79 26 7 73 76 99 27 57 89 71 5 35 68 49 36 66 69 20 30 80 45 75 59 51 213 214 221 222
95 5 35 68 49 33 63 85 66 20 72 53 86 67 30 80 45 78 29 59 65 98 23 26 56 7 37 89 76 27 38 60 71 214 215 222 223
57 31 64 45 48 86 98 78 4 68 56 37 21 102 92 69 82 59 35 71 0 52 20 60 96 73 53 85 62 75 30 211 212 219 220
7 21 86 53 66 20 23 98 6 68 67 79 92 82 36 26 91 103 73 30 72 62 29 51 64 18 31 208 215 216 223
21 31 86 76 53 33 65 78 18 68 0 6 20 102 92 46 36 49 26 38 103 37 73 82 62 52 51 208 209 216 217
13 35 80 92 46 59 36 26 91 48 38 70 83 60 6 72 85 62 19 31 96 86 99 53 89 56 23 98 208 209 216 217
18 30 6 19 51 99 53 89 66 20 56 33 23 98 65 78 67 80 37 92 46 49 91 48 103 70 83 60 27 63 208 209 216 217
30 69 46 5 19 91 38 51 83 60 96 62 75 0 52 29 86 99 26 78 45 27 35 67 103 80 70 209 210 217 218
5 60 96 73 27 63 72 85 75 52 64 33 98 65 68 4 80 70 102 69 82 36 6 91 71 38 51 208 215 216 223
60 35 19 33 6 36 51 99 76 91 68 31 45 80 70 29 72 23 26 56 71 37 27 96 86 65 211 212 219 220
71 69 53 76 45 78 59 51 62 46 103 80 102 26 79 56 92 82 83 96 35 49 85 75 63 212 213 220 221
36 51 73 75 52 23 4 76 66 56 27 68 45 67 103 35 19 79 92 69 33 82 209 210 217 218
67 31 64 48 59 73 23 56 27 38 86 19 49 98 78 6 66 20 51 103 80 70 102 212 213 220 221
96 35 37 68 19 82 66 83 80 63 64 45 75 48 62 92 79 89 70 98 59 91 23 214 215 222 223
62 78 103 80 35 19 6 79 92 82 20 45 48 51 4 99 89 66 27 211 212 219 220
78 56 79 73 76 27 38 19 49 0 52 33 63 69 72 86 64 48 29 59 91 51 213 214 221 222
0 103 83 27 4 82 72 49 85 31 86 99 76 53 75 80 89 79 56 69 59 26 91 208 215 216 223
103 63 64 45 48 92 65 98 79 56 89 75 91 4 68 52 6 85 38 20 99 102 214 215 222 223
20 48 38 51 83 63 85 52 29 64 19 86 99 33 68 35 80 70 92 26 91 208 209 216 217
31 80 70 37 102 79 92 59 49 48 51 19 83 73 85 99 76 53 66 33 68 45 26 209 210 217 218
35 29 72 75 4 86 76 53 89 65 45 33 80 70 79 92 69 46 49 48 51 209 210 217 218
37 63 53 66 98 65 68 45 23 79 92 46 27 59 91 48 70 19 52 51 209 210 217 218
66 23 4 83 72 85 19 52 86 33 99 63 6 80 70 64 29 82 212 213 220 221
76 23 70 73 27 89 80 68 19 49 52 33 63 69 53 86 75 29 51 85 98 212 213 220 221
68 83 85 75 56 27 38 89 4 49 52 6 80 70 53 92 72 212 213 220 221
73 63 6 99 89 80 45 102 59 46 4 26 56 70 83 27 38 85 75 212 213 220 221
89 26 56 70 19 102 52 92 6 72 80 98 29 59 51 65 46 79 213 214 221 222
4 86 33 45 79 56 69 46 48 38 70 83 82 49 85 6 51 64 208 215 216 223
86 56 85 27 19 52 53 83 91 48 29 79 102 92 213 214 221 222
23 99 53 33 98 65 59 6 48 38 83 27 63 52 51 64 208 209 216 217
99 70 27 38 83 80 64 45 75 48 29 59 214 215 222 223
64 80 70 92 82 72 52 33 85 45 48 29 51 46 91 211 212 219 220
6 83 27 72 85 52 65 19 53 91 79 92 49 26 208 215 216 223
46 80 70 27 29 79 69 82 59 49 48 51 83 63 72 85 75 65 53 210 211 218 219
49 72 45 29 51 56 26 98 65 70 102 79 92 69 82 59 210 211 218 219
69 83 45 29 85 26 56 79 38 91 33 72 53 212 213 220 221
29 70 102 19 79 82 59 91 48 38 51 83 75 26 53 98 27 209 210 217 218
27 56 102 79 92 82 59 38 52 209 210 217 218
48 70 102 82 72 45 53 26 98 52 19 33 210 211 218 219
80 45 82 79 56 70 98 19 63 213 214 221 222
45 102 91 19 75 56 210 211 218 219
91 65 98 26 75 59 52 102 92 53 19 33 214 215 222 223
51 92 59 63 26 65 79 56 210 211 218 219
83 82 33 53 85 98 75 59 65 56 70 213 214 221 222
98 26 70 85 38 102 72 53 19 63 65 79 59 92 214 215 222 223
63 70 19 52 33 72 75 65 56 102 79 38 211 212 219 220
79 75 92 26 70 38 53 85 213 214 221 222
53 26 38 75 65 70 102 72 211 212 219 220
56 102 82 52 33 72 65 211 212 219 220
65 102 82 38 72 19 85 59 212 213 220 221
38 102 82 26 70 72 75 209 210 217 218
19 85 75 52 102 92 82 26 208 209 216 217
92 26 85 214 215 222 223
70 33 59 26 102 75 212 213 220 221
102 75 82 33 72 214 215 222 223
33 72 85 52 82 59 209 210 217 218
26 82 59 72 85 52 209 210 217 218
59 52 211 212 219 220
82 85 52 213 214 221 222
72 85 212 213 220 221
85 75 213 214 221 222
52 75 211 212 219 220
75 212 213 220 221
117 192 169 205 159 172 149 115 171 138 151 113 183 196 163 140 153 130 162 198 175 129 142 207 111 174 177 167 144 134 199 176 189 166 179 133 146 201 155 106 168 125 200 190 107 180 193 170 202 208 209 216 217
192 150 202 183 127 108 130 160 111 141 114 128 180 203 131 112 193 164 175 178 205 109 194 126 156 107 186 167 159 206 173 124 154 176 198 118 148 151 132 113 197 184 165 200 168 149 179 185 213 214 221 222
136 205 195 172 149 162 139 204 194 171 207 184 151 127 183 196 173 125 126 163 128 153 143 185 198 165 155 122 106 200 144 120 107 199 189 166 121 156 146 178 168 130 157 193 170 132 114 137 202 209 210 217 218
205 166 196 199 183 115 160 114 174 158 161 112 175 178 181 195 122 109 172 123 153 125 126 107 186 137 167 159 173 124 203 187 190 171 204 188 134 118 148 120 151 105 165 116 182 185 214 215 222 223
121 162 198 175 129 106 207 174 187 177 154 176 166 143 179 133 146 188 178 191 118 168 135 125 105 116 119 167 203 180 157 147 137 202 169 149 194 111 138 151 183 196 150 163 140 153 130 195 208 209 216 217
162 152 166 154 155 169 138 150 191 181 148 132 203 114 180 116 146 161 145 182 204 171 184 127 109 141 125 126 206 128 158 173 110 157 185 188 165 122 106 197 187 123 167 104 105 107 211 212 219 220
140 175 152 142 134 197 164 200 177 132 135 116 119 176 189 169 201 168 127 108 190 203 180 157 170 125 128 131 202 159 122 171 207 106 174 123 206 104 183 196 107 173 137 163 124 138 185 209 210 217 218
175 170 173 154 157 191 181 134 190 203 129 151 132 113 105 168 119 149 133 169 207 206 183 160 196 114 144 158 131 161 112 142 185 164 197 122 139 199 176 189 107 179 167 110 212 213 220 221
159 188 200 177 127 199 111 166 144 179 125 147 128 158 112 142 145 181 171 203 106 183 160 109 123 153 126 137 182 110 157 204 194 207 184 197 206 118 196 129 186 151 146 119 149 211 212 219 220
188 110 170 143 196 176 157 198 122 120 151 197 104 135 165 107 137 168 124 154 166 202 169 150 183 115 118 148 116 190 147 177 203 149 161 163 145 127 204 109 194 207 144 186 128 213 214 221 222
144 145 181 139 120 190 180 104 157 193 170 143 169 138 172 204 134 151 132 113 105 135 116 196 119 173 150 186 163 153 195 185 198 152 165 197 108 177 128 112 142 179 146 178 210 211 218 219
145 146 125 128 178 143 181 190 180 157 170 160 202 126 149 137 171 138 206 183 134 196 173 150 118 132 105 116 185 198 165 133 187 164 200 177 127 199 176 108 189 130 166 141 156 210 211 218 219
109 187 107 154 111 199 176 166 156 133 123 113 178 191 168 181 158 148 115 180 193 124 114 169 126 139 129 194 174 151 141 118 163 130 143 110 195 185 152 165 119 155 132 122 208 215 216 223
187 186 137 167 143 154 197 157 138 171 115 189 202 148 129 132 135 146 201 168 149 191 179 152 163 150 183 127 108 130 160 141 114 125 177 131 204 142 207 181 206 196 122 106 213 214 221 222
115 118 193 111 183 113 160 114 196 173 163 153 130 120 195 165 207 197 106 177 154 108 131 134 176 123 178 155 191 135 190 203 147 104 124 202 182 126 204 181 194 161 138 128 208 215 216 223
118 128 141 206 105 150 116 163 153 120 185 198 152 165 119 155 132 164 200 131 134 199 176 156 112 123 201 168 158 148 203 180 170 137 127 110 182 139 194 171 161 208 209 216 217
198 143 173 204 206 151 105 165 116 149 152 182 185 166 169 183 130 141 113 193 174 125 191 142 164 197 178 195 203 122 106 108 139 172 123 153 156 107 186 110 170 214 215 222 223
154 195 106 120 123 153 155 126 207 137 197 143 124 167 199 176 189 166 148 191 105 135 146 149 190 157 170 169 182 127 130 204 125 128 184 161 112 142 183 173 163 210 211 218 219
195 155 166 138 169 202 134 130 132 193 116 146 147 177 149 179 180 131 161 178 150 172 126 156 186 189 112 206 143 173 196 176 157 171 106 105 167 170 152 182 124 214 215 222 223
133 172 149 139 204 181 184 138 174 141 206 123 104 126 150 186 107 110 165 142 207 197 164 167 132 116 119 143 146 191 148 190 108 130 180 157 193 170 137 125 202 131 112 169 209 210 217 218
172 163 155 169 189 202 130 113 114 125 201 178 158 191 131 181 180 193 122 106 108 139 104 167 194 143 207 124 174 157 186 134 148 151 132 185 135 165 146 168 119 152 212 213 220 221
165 204 171 124 138 206 196 186 132 135 116 119 163 200 177 167 150 199 166 127 111 114 125 201 168 131 161 164 190 203 193 106 139 123 104 107 211 212 219 220
204 146 168 119 179 152 163 197 169 183 130 158 112 176 178 122 139 120 123 126 107 186 137 110 189 170 201 143 173 203 155 185 129 206 113 105 184 214 215 222 223
181 174 189 202 146 147 161 163 201 178 108 183 111 141 125 128 110 112 142 124 176 157 171 194 184 197 106 151 123 119 149 150 200 190 148 160 132 114 212 213 220 221
146 171 161 151 122 193 206 183 139 123 104 126 110 152 143 124 207 177 129 176 132 166 105 156 201 155 168 158 180 160 130 141 114 112 142 210 211 218 219
110 142 155 132 197 200 167 106 134 199 176 189 179 107 123 113 178 168 158 135 203 180 193 137 150 127 129 194 171 184 138 128 206 183 196 173 163 120 208 215 216 223
129 138 206 183 160 196 150 163 185 142 132 174 128 141 186 176 189 143 127 108 111 155 168 123 135 126 200 112 190 167 170 147 137 202 122 149 120 104 184 161 208 209 216 217
138 113 105 135 185 152 119 142 207 164 177 166 143 179 130 111 114 201 178 158 148 190 193 170 202 120 169 104 139 194 184 206 196 186 163 153 209 210 217 218
148 151 114 147 128 122 207 139 141 200 123 125 167 126 107 137 142 143 124 176 166 179 191 106 132 104 105 180 157 170 119 160 149 194 127 161 174 210 211 218 219
151 161 132 113 135 116 206 119 149 196 173 186 163 185 152 155 108 114 125 147 128 131 112 169 178 168 158 123 190 104 107 160 124 207 210 211 218 219
114 158 125 190 203 157 147 111 124 137 127 194 128 141 206 183 196 186 120 152 142 155 132 122 197 164 200 167 134 113 189 166 156 201 208 215 216 223
158 125 128 131 142 203 170 182 123 153 126 137 194 171 143 174 124 157 206 183 186 163 134 185 132 113 105 207 197 152 177 189 127 108 111 141 211 212 219 220
106 199 166 143 179 156 201 191 135 112 167 180 160 182 139 116 194 171 184 161 108 183 196 150 186 120 185 152 119 132 207 197 164 208 215 216 223
166 122 194 139 123 104 143 185 134 132 200 113 177 135 149 176 189 169 201 191 127 108 130 111 125 180 193 170 161 112 142 211 212 219 220
126 132 197 164 177 167 134 199 108 156 111 135 203 170 147 160 122 127 120 139 194 207 161 128 141 206 183 163 143 113 116 142 155 208 209 216 217
132 107 141 207 174 164 177 167 134 179 156 108 201 178 111 191 190 112 193 170 147 137 122 139 209 210 217 218
128 191 168 135 113 105 116 119 190 180 202 169 182 149 194 171 184 174 112 206 183 153 142 104 177 124 134 199 176 179 208 209 216 217
178 179 161 112 201 191 122 193 183 123 153 107 137 167 143 173 124 157 194 184 134 196 113 105 149 185 163 197 108 160 141 174 212 213 220 221
179 122 120 123 196 153 156 107 137 173 124 185 176 171 197 134 200 105 135 199 116 152 169 201 127 111 141 174 202 131 161 142 164 212 213 220 221
170 108 130 112 199 189 201 191 120 107 137 203 180 193 157 182 134 194 171 207 184 174 105 135 206 183 152 155 186 212 213 220 221
169 194 127 207 108 174 125 206 196 112 142 157 120 123 177 190 107 168 199 124 155 189 150 130 203 180 147 193 149 163 212 213 220 221
155 124 207 184 174 164 122 206 186 176 120 153 105 135 107 149 200 167 157 199 189 202 113 131 168 183 139 111 141 123 182 210 211 218 219
147 191 168 108 130 111 203 180 125 160 150 182 149 194 207 174 123 104 107 173 186 163 176 134 197 164 177 113 105 135 116 119 199 189 202 156 210 211 218 219
191 201 131 112 142 164 203 193 122 108 123 104 156 167 143 173 194 207 157 171 206 134 184 135 119 149 182 185 183 113 125 213 214 221 222
152 124 194 171 207 184 161 174 134 206 163 176 119 185 127 130 189 141 112 142 201 190 203 122 139 120 123 104 182 107 137 210 211 218 219
200 203 111 141 123 186 112 143 173 124 122 134 153 104 105 184 167 168 149 182 185 196 113 193 174 116 177 180 131 161 164 197 127 214 215 222 223
203 108 160 141 193 177 180 142 164 194 156 167 143 124 190 134 113 207 168 119 201 182 163 196 202 183 214 215 222 223
105 194 171 207 184 141 196 173 163 130 185 142 119 197 111 124 199 176 156 135 112 125 104 150 127 182 116 208 215 216 223
194 135 116 149 163 127 160 180 131 112 207 206 196 156 186 137 189 143 173 124 157 202 213 214 221 222
161 113 168 180 193 202 127 130 160 171 184 131 142 174 173 186 176 139 153 104 137 197 124 164 157 167 199 134 211 212 219 220
111 125 190 124 160 107 202 149 139 116 171 196 173 150 186 153 130 120 142 119 197 174 164 176 156 123 113 168 122 208 215 216 223
125 135 167 180 157 137 127 139 120 184 206 160 150 163 153 130 185 113 164 119 199 189 143 201 208 209 216 217
163 171 184 135 149 173 150 185 108 197 160 167 112 189 123 153 190 156 193 143 211 212 219 220
150 202 134 171 116 184 119 174 149 183 196 186 127 108 141 197 177 112 142 199 139 120 168 104 124 180 193 160 210 211 218 219
202 127 108 130 160 207 174 189 190 120 184 156 186 137 201 182 124 185 171 183 193 180 131 164 196 214 215 222 223
174 104 135 168 190 119 149 193 182 116 131 164 186 108 141 123 156 112 142 173 124 157 201 212 213 220 221
189 197 190 139 120 123 104 156 107 137 199 167 143 173 176 157 201 116 119 185 127 141 177 112 213 214 221 222
153 207 167 134 199 176 104 135 156 119 168 180 157 127 130 141 184 122 108 196 139 173 120 123 107 137 185 143 210 211 218 219
207 104 184 167 168 149 185 199 113 193 177 180 131 164 112 124 206 120 214 215 222 223
149 184 206 183 186 130 141 131 142 197 177 139 176 124 168 193 113 116 210 211 218 219
173 185 134 135 177 190 168 199 127 108 160 180 142 164 182 120 184 156 107 176 171 212 213 220 221
185 134 206 184 186 135 168 130 160 177 180 131 112 120 104 107 137 213 214 221 222
196 134 184 116 182 108 141 164 199 201 139 104 156 186 137 124 190 171 214 215 222 223
104 197 164 141 131 108 186 199 143 201 122 135 190 180 157 137 182 184 107 142 119 208 215 216 223
143 122 197 139 120 123 135 156 201 130 113 183 160 116 131 182 184 127 210 211 218 219
135 171 131 141 183 186 142 123 164 177 199 156 116 119 160 182 108 209 210 217 218
107 122 197 164 177 131 199 156 201 112 180 160 127 139 116 171 184 108 206 208 215 216 223
168 171 112 184 164 186 122 176 139 123 156 124 134 116 119 180 182 211 212 219 220
141 120 190 180 157 116 160 182 171 184 206 183 112 142 177 137 186 201 209 210 217 218
171 119 164 197 127 160 199 131 180 193 139 120 167 182 124 183 212 213 220 221
142 190 160 193 186 108 130 131 197 177 167 199 139 156 209 210 217 218
113 184 160 127 119 164 177 186 176 156 201 122 190 167 180 157 124 137 108 116 208 215 216 223
184 119 127 130 160 177 131 201 139 123 137 176 213 214 221 222
131 201 190 180 193 124 137 116 119 183 176 127 197 164 177 112 157 134 156 209 210 217 218
201 164 122 206 120 123 156 167 124 176 116 119 199 108 130 193 177 214 215 222 223
193 160 177 112 164 122 108 139 123 156 157 190 134 119 199 182 213 214 221 222
116 206 186 130 120 108 197 164 177 122 190 167 137 182 208 215 216 223
120 164 134 199 176 156 122 190 157 137 127 182 112 206 183 130 208 209 216 217
164 137 124 180 182 119 206 127 108 160 112 211 212 219 220
139 167 156 108 130 112 190 180 157 160 182 123 124 134 119 209 210 217 218
119 206 122 176 156 108 123 190 180 157 208 209 216 217
134 183 123 124 197 167 199 176 180 160 127 130 182 209 210 217 218
183 182 186 127 108 197 122 199 137 190 213 214 221 222
197 156 137 157 180 182 206 177 122 199 214 215 222 223
122 176 156 123 190 180 157 127 182 130 167 208 209 216 217
199 156 186 167 182 127 108 160 177 112 214 215 222 223
108 157 206 130 177 123 208 215 216 223
112 190 157 124 160 186 130 167 208 215 216 223
124 156 123 190 127 182 208 209 216 217
160 190 206 186 156 137 157 167 176 211 212 219 220
190 177 186 137 182 206 213 214 221 222
167 123 156 176 157 127 130 206 211 212 219 220
123 177 130 208 209 216 217
156 182 130 186 176 211 212 219 220
157 130 182 206 186 176 211 212 219 220
206 182 180 186 214 215 222 223
176 177 182 127 130 212 213 220 221
177 137 180 127 130 212 213 220 221
137 127 130 180 182 186 209 210 217 218
130 182 209 210 217 218
180 212 213 220 221
186 182 213 214 221 222
127 208 209 216 217
182 213 214 221 222
208
209
210
211
212
213
214
215
216
217
218
219
220
221
222
223
