#/usr/local/lib/python3.10/dist-packages/colab_kernel_launcher.py -f /root/.local/share/jupyter/runtime/kernel-6c0fbf18-c276-4b2d-9452-8819c27dba4d.json
# GMT Sat May 25 00:35:24 2024
# 
15 21 14 3 16 25 1 20 24 19 7 23 18 2 5 13 27 8 22 0 11 17 26 56 57 60 61 63 64 67 68 70 71
21 18 7 27 26 5 13 16 8 19 0 11 25 3 14 6 23 17 9 1 12 4 57 58 61 62 64 65 68 69 71 72
7 17 12 16 2 5 25 20 24 19 0 14 23 9 3 6 1 18 13 4 8 56 59 60 62 63 66 67 69 70 73
17 10 2 20 19 5 13 23 8 11 0 14 3 27 6 22 26 9 1 4 57 58 60 61 64 65 67 68 71 72
18 26 8 16 6 0 11 1 25 20 24 19 23 9 10 12 5 13 27 22 57 58 60 61 64 65 67 68 71 72
26 10 24 16 19 8 11 0 22 3 25 6 9 1 20 12 23 27 4 58 59 61 62 65 66 68 69 72 73
8 9 2 27 13 12 0 16 11 3 6 1 20 4 10 19 14 56 57 59 60 63 64 66 67 70 71 73
9 3 25 11 20 24 10 19 14 1 4 23 13 22 2 12 5 56 57 59 60 63 64 66 67 70 71 73
11 14 10 4 5 13 22 12 16 3 6 25 0 1 24 19 56 57 59 60 63 64 66 67 70 71 73
14 0 24 23 6 1 12 4 27 22 16 10 2 5 13 20 56 57 60 61 63 64 67 68 70 71
0 23 27 4 22 3 12 16 25 6 24 1 10 19 56 58 59 62 63 65 66 69 70 72 73
23 22 6 25 24 20 12 10 2 27 5 13 16 19 57 58 61 62 64 65 68 69 71 72
3 24 10 5 2 4 27 13 22 12 16 25 1 20 56 58 59 62 63 65 66 69 70 72 73
24 6 27 1 20 12 4 10 2 5 13 19 22 58 59 61 62 65 66 68 69 72 73
16 10 2 27 22 13 25 6 20 19 12 4 57 58 60 61 64 65 67 68 71 72
12 10 2 25 5 20 19 6 27 22 56 57 60 61 63 64 67 68 70 71
25 10 4 5 19 2 22 13 6 1 20 58 59 61 62 65 66 68 69 72 73
10 22 6 1 20 19 2 13 5 56 57 59 60 63 64 66 67 70 71 73
22 2 27 5 13 6 20 4 57 58 61 62 64 65 68 69 71 72
2 27 13 20 6 19 5 4 1 56 58 59 62 63 65 66 69 70 72 73
27 5 13 19 6 1 20 4 58 59 61 62 65 66 68 69 72 73
13 1 19 4 5 56 57 60 61 63 64 67 68 70 71
5 1 4 20 19 56 59 60 62 63 66 67 69 70 73
6 19 4 20 1 56 59 60 62 63 66 67 69 70 73
20 4 1 57 58 61 62 64 65 68 69 71 72
19 4 57 58 60 61 64 65 67 68 71 72
4 1 56 59 60 62 63 66 67 69 70 73
1 56 58 59 62 63 65 66 69 70 72 73
43 49 42 31 44 34 37 29 32 48 52 47 35 51 46 38 30 41 55 28 39 45 54 56 57 60 61 63 64 67 68 70 71
49 55 50 38 54 30 41 44 47 36 39 53 31 52 34 51 45 37 29 48 40 32 57 58 61 62 64 65 68 69 71 72
35 45 54 40 44 30 33 53 48 52 38 47 28 42 37 31 34 55 41 50 32 36 56 59 60 62 63 66 67 69 70 73
45 38 30 48 33 47 51 44 36 39 28 42 55 34 50 54 37 29 40 32 57 58 60 61 64 65 67 68 71 72
54 38 30 33 41 36 39 28 50 42 31 34 37 29 48 40 51 55 32 58 59 61 62 65 66 68 69 72 73
36 37 46 33 55 41 50 40 28 39 31 34 53 48 52 38 47 42 51 56 57 59 60 63 64 66 67 70 71 73
37 28 31 53 39 48 52 34 47 42 29 32 51 46 55 41 40 56 57 59 60 63 64 66 67 70 71 73
28 33 42 51 46 55 32 41 50 31 40 44 53 52 29 38 47 56 58 59 62 63 65 66 69 70 72 73
33 31 55 50 40 44 53 29 39 48 30 52 38 47 42 51 46 41 56 59 60 62 63 66 67 69 70 73
46 42 31 44 34 39 29 53 48 52 47 51 38 30 40 32 41 50 57 58 60 61 64 65 67 68 71 72
39 42 51 30 32 55 41 40 31 34 53 48 29 52 47 56 57 59 60 63 64 66 67 70 71 73
42 52 51 34 29 40 32 55 50 44 53 38 30 56 57 60 61 63 64 67 68 70 71
51 50 34 53 52 48 40 38 30 55 32 44 57 58 61 62 64 65 68 69 71 72
38 55 31 40 34 44 53 29 32 48 52 30 56 57 59 60 63 64 66 67 70 71 73
55 50 52 44 47 31 34 29 48 32 58 59 61 62 65 66 68 69 72 73
31 34 52 47 32 41 50 40 53 29 48 56 58 59 62 63 65 66 69 70 72 73
34 52 47 41 50 30 40 44 53 56 59 60 62 63 66 67 69 70 73
52 29 48 53 30 41 44 47 58 59 61 62 65 66 68 69 72 73
44 30 50 41 53 48 47 29 40 32 57 58 60 61 64 65 67 68 71 72
40 30 53 41 50 29 32 56 57 60 61 63 64 67 68 70 71
50 30 41 47 53 29 48 32 57 58 61 62 64 65 68 69 71 72
47 29 32 53 30 41 48 57 58 60 61 64 65 67 68 71 72
30 41 53 48 32 29 56 58 59 62 63 65 66 69 70 72 73
41 29 53 48 32 56 57 60 61 63 64 67 68 70 71
48 53 29 57 58 61 62 64 65 68 69 71 72
53 32 58 59 61 62 65 66 68 69 72 73
32 29 56 59 60 62 63 66 67 69 70 73
29 56 58 59 62 63 65 66 69 70 72 73
56
57
58
59
60
61
62
63
64
65
66
67
68
69
70
71
72
73
