#/usr/local/lib/python3.10/dist-packages/colab_kernel_launcher.py -f /root/.local/share/jupyter/runtime/kernel-ccf9b1d1-ce2b-4d6c-8d13-48aff858ef78.json
# GMT Mon May 27 09:40:35 2024
# 
15 21 30 39 3 6 12 34 4 20 29 7 28 23 18 5 36 31 11 81 82 88 89 94 95
21 37 7 27 36 22 31 26 30 13 8 0 34 3 33 28 9 20 82 83 89 90 95 96
30 18 29 2 31 35 11 22 14 28 39 0 1 12 23 32 25 84 85 90 91 97 98
7 26 35 12 2 39 29 38 33 10 28 14 9 3 1 4 8 80 81 86 87 93 94
26 10 2 34 19 11 28 22 3 14 25 6 17 12 27 36 31 83 84 90 91 96 97
39 10 23 12 32 5 37 2 35 16 8 11 1 31 3 14 85 86 92 93 98 99
35 18 2 32 27 8 19 0 22 6 38 28 9 37 31 4 84 85 91 92 98 99
18 8 3 16 11 1 38 33 28 23 17 9 2 4 32 36 82 83 88 89 95 96
0 5 27 4 22 8 17 3 16 25 29 6 33 1 19 28 80 85 86 92 93 99
5 3 27 22 8 12 11 6 20 29 24 33 10 37 32 13 80 86 87 93 94 99
8 36 13 22 12 16 6 34 20 29 38 24 80 81 87 88 93 94
37 33 16 6 36 17 31 23 25 34 10 2 32 24 19 85 86 91 92 98 99
10 27 36 6 25 11 9 1 34 20 24 14 2 32 80 81 87 88 94 95
27 13 36 14 25 6 17 9 1 29 38 33 28 83 84 90 91 96 97
36 11 22 25 17 9 1 31 23 12 4 85 86 91 92 98 99
2 32 13 3 12 34 33 14 23 4 1 80 86 87 92 93 99
32 22 14 24 16 6 11 20 3 9 33 84 85 91 92 97 98
25 34 33 17 9 31 14 3 13 16 11 20 83 84 89 90 96 97
34 9 1 23 4 38 29 24 16 11 22 84 85 91 92 98 99
3 24 19 23 17 11 20 29 80 86 87 92 93 99
24 6 17 9 23 4 29 38 13 33 28 19 83 84 89 90 96 97
14 33 19 28 6 12 22 17 16 13 81 82 88 89 94 95
33 28 9 31 23 19 22 84 85 91 92 97 98
12 29 38 6 9 13 31 1 16 81 82 87 88 94 95
22 23 13 16 19 1 20 82 83 89 90 96 97
23 17 29 38 4 13 19 82 83 89 90 96 97
19 9 1 4 13 16 20 29 38 82 83 88 89 95 96
28 9 1 20 31 16 11 83 84 90 91 97 98
6 29 9 17 16 20 80 81 86 87 93 94
29 31 1 4 13 83 84 90 91 97 98
31 38 17 9 1 4 84 85 90 91 97 98
13 16 11 20 38 4 81 82 87 88 94 95
17 20 38 11 1 4 81 82 88 89 95 96
16 11 20 38 81 82 88 89 95 96
20 9 38 4 82 83 89 90 95 96
9 80 81 87 88 93 94
38 1 4 11 85 86 92 93 98 99
1 80 85 86 92 93 99
11 4 80 81 87 88 94 95
4 80 86 87 93 94 99
47 57 70 56 51 79 65 78 55 73 50 77 54 63 43 46 53 62 44 80 81 86 87 93 94
57 65 60 78 73 68 53 56 40 54 72 76 46 71 61 49 70 55 81 82 88 89 95 96
55 70 79 65 41 44 60 69 68 72 42 45 53 62 51 40 66 81 82 88 89 94 95
70 49 50 69 42 44 45 64 67 51 46 79 74 40 63 77 84 85 90 91 97 98
58 66 54 43 56 46 51 40 74 60 64 73 59 63 42 52 53 72 62 82 83 88 89 95 96
66 79 50 61 74 69 78 59 73 68 77 62 72 46 49 63 67 83 84 90 91 96 97
79 68 52 44 77 69 53 75 64 76 48 78 43 54 73 85 86 92 93 98 99
69 72 76 41 52 74 50 78 42 73 53 64 59 40 43 83 84 90 91 97 98
72 42 61 56 48 41 60 65 74 49 50 73 52 44 84 85 91 92 97 98
40 45 67 53 62 75 61 42 65 51 78 46 64 73 80 85 86 92 93 99
45 62 71 75 61 56 65 41 46 44 60 42 50 77 63 53 80 86 87 93 94 99
51 63 49 42 53 71 52 61 48 65 60 41 73 59 80 81 87 88 94 95
63 54 43 68 77 49 61 67 76 71 53 56 48 82 83 89 90 96 97
65 74 52 44 77 59 42 67 62 75 54 60 83 84 89 90 96 97
74 41 71 52 42 64 53 67 59 48 62 54 75 84 85 91 92 98 99
42 67 71 48 75 43 60 59 49 80 86 87 92 93 99
62 68 56 48 71 54 43 75 52 78 64 82 83 89 90 96 97
68 43 54 78 49 41 60 52 44 50 76 75 53 83 84 90 91 97 98
43 73 54 49 44 67 71 52 56 41 78 80 86 87 92 93 99
73 41 71 52 44 76 75 50 53 84 85 91 92 97 98
76 61 53 64 75 77 67 59 54 41 60 52 44 85 86 91 92 98 99
61 67 50 75 56 59 78 46 49 60 44 82 83 89 90 95 96
67 53 64 71 75 46 41 78 44 83 84 90 91 96 97
54 59 77 46 49 41 48 78 81 82 88 89 94 95
59 46 71 75 50 56 60 78 77 82 83 88 89 95 96
77 56 41 60 52 49 44 75 48 85 86 91 92 98 99
56 50 48 46 64 49 41 52 81 82 88 89 95 96
46 78 64 49 71 48 60 80 81 86 87 93 94
78 49 52 50 53 85 86 92 93 98 99
50 49 41 44 60 64 48 80 81 87 88 94 95
71 53 64 48 60 75 52 84 85 90 91 97 98
49 64 41 80 81 87 88 93 94
64 41 75 44 53 83 84 89 90 96 97
48 75 52 41 60 44 80 81 87 88 93 94
75 44 84 85 91 92 98 99
60 52 82 83 89 90 95 96
53 81 82 87 88 94 95
44 80 86 87 93 94 99
41 80 85 86 92 93 99
52 81 82 87 88 94 95
80
81
82
83
84
85
86
87
88
89
90
91
92
93
94
95
96
97
98
99
