#/usr/local/lib/python3.10/dist-packages/colab_kernel_launcher.py -f /root/.local/share/jupyter/runtime/kernel-2b515d16-c871-48c9-ad2b-cd6ecd503099.json
# GMT Thu May 23 10:36:34 2024
# 
13 88 65 78 55 68 11 77 90 67 80 34 47 9 10 24 79 92 69 46 59 36 49 26 16 91 71 48 25 28 4 18 93 70 60 73 50 27 63 40 17 8 62 52 42 19 74 51 87 2 64 41 31 44 21 1 86 76 53 66 43 20 23 192 197
88 95 65 46 79 23 7 37 40 70 21 24 54 76 8 87 38 60 41 71 77 58 91 18 5 16 90 68 19 49 82 63 55 6 85 36 66 17 69 20 92 72 86 67 30 14 44 25 47 1 93 42 64 15 45 75 78 29 59 51 81 62 196 197
55 84 61 46 83 73 63 23 4 95 7 37 65 24 27 38 41 87 64 77 18 89 66 79 56 35 19 49 0 22 52 3 33 91 36 17 58 39 20 50 51 53 80 57 93 60 11 14 92 59 9 1 31 12 42 15 81 94 48 71 29 194 195
84 6 36 8 39 92 72 53 67 18 2 16 47 93 49 0 61 3 33 63 64 17 48 20 50 51 32 62 34 65 46 79 30 11 14 44 25 28 10 73 15 45 89 76 27 57 29 41 71 58 91 23 4 68 40 70 21 22 52 82 24 54 196 197
29 32 45 77 90 67 18 80 34 70 47 37 5 16 79 0 69 22 3 6 49 17 91 81 58 71 61 83 73 50 63 25 40 28 30 9 1 95 72 15 62 39 75 52 87 54 31 44 23 4 76 66 43 10 56 33 21 27 8 65 192 193
32 78 45 58 80 70 47 23 37 7 79 92 21 22 82 24 72 8 20 94 48 38 51 18 93 30 83 2 60 73 50 14 40 16 19 1 31 3 95 85 15 17 52 65 87 64 41 77 54 44 86 25 76 26 53 89 66 28 10 33 46 193 194
47 80 25 70 28 1 42 92 69 82 59 49 46 48 61 51 93 7 83 60 73 10 50 63 21 43 24 27 8 95 85 75 65 87 77 2 5 35 16 19 86 22 3 33 66 36 56 17 39 20 34 91 68 58 30 90 67 14 193 194
80 28 9 31 93 12 42 64 59 51 62 79 81 94 4 26 56 37 10 40 70 21 83 73 24 54 76 86 57 60 41 74 95 77 85 2 5 35 16 68 19 0 22 52 33 63 6 36 66 39 69 89 72 53 91 30 11 25 196 197
8 9 74 51 87 21 11 76 20 56 10 23 2 65 78 5 68 45 35 12 77 67 57 34 37 79 69 46 49 26 91 81 58 94 71 48 1 25 28 70 83 60 50 27 63 40 17 30 85 62 39 75 52 42 4 19 7 192 197
9 90 67 44 11 14 79 56 92 46 23 36 2 26 91 68 81 48 3 25 61 38 15 6 28 93 37 40 17 82 95 72 49 62 52 1 74 51 64 41 54 31 86 76 53 66 43 10 4 65 42 78 7 45 35 12 87 77 192 197
40 41 54 44 5 16 86 19 89 22 3 43 33 56 36 20 78 34 45 58 30 67 57 25 1 31 12 79 15 69 46 82 59 49 91 71 48 61 93 26 60 7 63 10 21 24 27 95 72 62 52 74 87 18 64 193 194
41 42 21 27 74 38 87 54 76 53 89 18 66 56 2 5 35 16 19 0 22 3 58 6 36 17 20 90 57 70 79 30 92 46 59 14 49 25 12 81 94 61 60 50 63 23 95 72 4 85 62 7 37 10 65 193 194
0 5 93 70 83 60 73 50 4 82 49 39 6 42 19 94 74 51 87 64 31 21 86 63 76 30 33 10 23 75 68 22 35 12 77 67 44 57 34 11 1 14 79 56 69 46 59 26 3 16 91 81 58 71 48 61 38 28 192 197
5 60 73 3 63 17 30 95 52 42 87 64 54 31 44 1 11 86 76 53 89 43 20 56 33 65 78 68 45 58 35 12 25 67 57 34 24 14 79 92 46 82 36 49 26 6 81 94 61 38 2 15 28 18 93 192 197
6 48 61 28 18 93 73 63 30 20 95 72 85 1 62 75 52 19 74 87 64 77 54 31 44 21 76 53 89 43 56 33 46 23 78 91 58 35 12 25 90 57 34 24 14 79 92 69 59 36 49 16 81 94 71 192 197
48 36 58 17 39 20 34 67 57 70 92 69 44 59 25 72 49 28 31 12 42 15 81 45 71 61 46 93 83 73 50 53 26 7 37 62 10 65 24 27 54 86 18 89 79 2 56 35 19 22 78 3 91 194 195
58 95 85 62 51 75 74 64 11 25 26 56 86 10 76 12 42 79 27 57 68 90 67 4 70 35 7 37 52 92 54 82 59 38 39 53 94 71 18 30 2 83 60 73 19 49 1 3 33 45 194 195
95 91 18 16 19 49 52 82 63 85 36 66 17 20 72 53 83 34 30 11 14 1 31 61 12 64 45 78 81 92 65 79 23 4 26 56 37 70 21 43 73 24 54 76 27 87 38 60 90 74 77 196 197
90 31 12 42 64 78 59 51 62 65 23 26 7 37 10 91 70 21 43 24 54 76 27 87 38 60 71 74 77 18 92 2 35 16 68 19 22 52 3 94 85 36 17 39 20 72 93 83 34 67 30 11 25 28 196 197
21 64 7 10 86 63 53 66 43 33 65 78 22 35 16 19 44 57 3 89 20 79 56 92 69 46 59 49 26 91 81 11 61 14 28 93 70 83 60 73 27 72 39 75 52 42 74 4 51 192 193
64 24 54 27 57 60 70 92 69 82 18 72 2 81 94 19 71 22 52 63 36 17 39 93 20 50 53 34 86 11 75 14 25 1 31 87 45 77 51 62 46 89 66 23 4 91 56 7 195 196
42 77 44 57 18 89 69 4 46 35 16 49 19 22 3 91 81 94 71 39 61 20 34 93 70 83 60 73 50 14 82 72 85 75 1 52 12 15 74 54 53 66 43 78 24 68 45 27 38 193 194
33 38 70 23 83 4 73 50 7 24 72 85 62 39 52 74 51 87 44 2 86 16 76 53 89 66 43 22 56 20 78 68 45 77 30 11 57 34 14 37 25 28 31 79 12 69 82 49 91 94 71 193 194
38 36 74 51 20 34 86 76 66 43 30 56 11 14 25 28 65 1 78 68 15 77 67 44 57 89 79 92 69 59 4 26 7 37 10 81 94 71 27 61 70 60 50 18 72 35 85 16 62 39 3 193 194
25 34 15 89 56 69 59 36 68 81 71 61 28 10 93 83 37 50 82 49 85 39 94 23 4 7 51 87 19 54 22 3 86 63 66 43 65 18 78 45 35 77 67 44 192 193
34 28 1 12 94 71 15 61 93 83 60 50 72 85 4 62 75 26 52 7 10 24 74 87 54 44 86 76 53 2 65 19 68 35 17 20 67 70 37 79 92 69 30 82 59 14 193 194
2 50 30 7 72 85 62 39 75 51 87 54 31 11 63 53 66 20 65 78 68 45 22 35 12 77 67 44 57 24 37 14 4 92 69 46 82 49 16 94 71 61 15 18 70 83 60 73 192 197
50 81 94 35 71 16 61 49 3 93 36 83 60 20 63 85 62 75 52 14 44 28 1 31 77 12 15 45 53 89 46 56 78 68 23 26 37 67 57 27 70 79 92 69 82 18 194 195
3 15 18 70 60 73 63 17 7 72 1 85 62 39 75 74 87 54 31 44 11 53 66 56 23 65 78 22 35 12 77 57 24 37 14 4 92 46 82 36 26 91 81 94 61 192 197
15 67 70 24 92 69 82 59 36 49 11 39 16 81 94 1 12 51 28 83 60 63 72 85 62 75 52 7 10 87 77 54 44 86 76 53 66 43 20 56 23 65 78 68 45 22 35 192 197
22 28 93 83 60 73 63 53 30 85 62 75 52 7 10 54 86 43 56 18 23 16 78 19 68 45 57 70 24 37 27 82 59 11 36 72 49 26 14 1 94 12 71 61 192 193
28 57 17 79 92 46 82 36 49 91 81 11 94 71 61 1 70 83 73 63 30 85 62 39 52 23 4 26 51 87 10 44 24 86 76 89 56 65 68 45 35 19 192 193
74 75 27 57 71 77 18 86 76 89 35 16 68 52 63 36 78 17 39 20 51 53 30 11 14 82 1 31 61 12 45 81 59 94 65 46 93 83 23 4 26 56 37 10 85 43 195 196
75 4 35 16 79 68 92 49 82 52 66 17 39 69 91 20 81 72 94 93 30 11 14 1 31 61 12 85 45 62 65 46 77 23 76 26 89 7 10 43 73 54 27 57 60 71 195 196
66 71 26 56 7 37 10 83 73 43 24 54 27 60 85 18 87 77 16 19 49 86 63 89 36 39 53 11 14 44 67 70 1 31 12 45 79 92 69 51 62 65 46 195 196
71 17 39 20 53 67 77 86 11 76 14 89 44 31 61 45 59 51 65 46 4 26 79 7 37 82 10 43 27 91 81 18 83 73 16 19 72 85 195 196
65 23 93 70 7 37 10 54 36 69 82 39 72 81 35 16 83 19 73 31 17 20 46 30 11 77 14 26 56 61 76 89 45 27 57 59 60 195 196
78 62 23 4 26 7 37 10 82 70 73 24 27 81 93 83 35 16 68 19 49 52 85 36 17 39 69 20 72 67 30 86 14 44 89 1 31 12 45 59 91 195 196
51 91 81 36 39 20 93 70 60 18 30 69 82 14 59 16 49 1 31 45 94 61 83 53 11 26 62 10 12 43 24 77 67 76 89 56 23 4 35 19 194 195
91 81 62 79 30 11 14 31 61 12 73 76 57 87 59 46 77 23 56 7 37 10 93 52 54 85 39 69 92 72 18 94 35 16 19 49 63 36 196 197
43 87 77 54 44 4 26 7 86 10 76 89 24 56 46 27 68 45 67 57 35 16 19 82 36 59 72 39 49 81 94 61 11 93 83 60 1 53 12 85 62 52 193 194
87 73 24 54 76 27 60 77 89 4 16 68 19 49 82 63 39 20 83 86 67 92 30 11 14 44 61 12 94 45 59 81 93 79 56 37 10 196 197
16 70 37 17 82 11 85 14 52 19 1 18 54 31 86 76 53 23 4 68 45 77 67 44 57 89 79 46 36 26 94 61 192 193
70 1 61 86 89 59 46 11 56 10 12 24 54 57 79 60 82 94 23 35 37 49 83 73 36 69 53 72 67 18 30 44 195 196
35 83 60 73 63 72 85 62 26 7 77 27 86 53 89 56 18 68 67 57 17 79 92 69 82 36 49 30 94 1 31 12 93 193 194
83 68 19 49 94 52 63 36 17 39 69 72 67 85 31 12 46 79 89 4 26 56 10 73 24 54 76 27 57 60 92 18 196 197
36 30 93 11 14 73 1 31 52 77 26 86 7 76 10 24 68 45 18 67 57 79 46 82 59 17 49 39 20 94 193 194
61 17 67 39 20 53 92 82 30 14 44 94 1 31 12 45 63 46 23 56 24 54 77 27 57 60 86 89 18 19 49 194 195
7 86 76 53 20 56 10 23 68 45 67 44 57 14 89 79 92 69 46 1 59 49 26 81 94 60 73 27 17 72 62 19 31 192 197
59 68 30 11 14 1 31 12 92 46 81 94 23 4 26 93 56 37 60 10 73 63 54 27 57 72 85 62 18 49 52 76 89 39 194 195
68 93 62 85 26 56 37 24 54 27 57 77 89 79 18 4 19 49 52 63 17 92 69 72 14 81 1 94 31 12 45 195 196
18 30 72 62 39 52 19 54 44 86 53 89 1 23 17 45 57 24 37 10 12 46 82 81 94 60 73 63 192 193
30 69 46 19 17 93 60 73 63 72 85 62 39 1 12 77 54 44 86 76 89 56 23 26 10 45 67 57 37 192 193
60 49 52 77 53 76 89 79 11 14 1 31 69 82 23 4 94 37 10 27 39 86 63 85 62 194 195
17 93 73 62 39 11 14 31 86 63 76 53 20 56 45 4 77 67 44 57 10 24 37 89 79 92 46 82 49 26 81 192 193
67 31 45 81 94 46 73 23 4 26 37 10 85 54 27 77 86 89 19 49 52 53 11 14 79 44 92 69 82 195 196
77 85 4 24 39 72 53 93 14 92 82 19 49 1 63 45 46 86 11 44 26 56 10 195 196
85 86 19 49 52 63 39 20 72 14 44 1 31 81 62 23 26 56 37 10 73 24 54 76 27 57 196 197
45 92 23 69 46 82 26 49 10 81 94 27 63 62 52 39 20 54 86 11 14 44 1 31 193 194
69 81 94 11 14 44 93 1 31 73 12 86 62 4 26 56 37 24 76 54 89 27 79 52 63 39 82 72 195 196
81 20 53 93 44 92 1 82 12 46 79 86 4 56 37 10 73 24 54 76 27 89 19 63 196 197
54 24 27 76 19 49 57 39 20 53 92 82 11 14 44 94 31 73 72 23 4 37 194 195
62 19 49 52 79 92 39 53 94 14 44 1 31 12 72 23 56 37 86 76 89 24 27 194 195
73 19 49 63 86 76 89 39 20 72 53 11 14 31 12 79 23 26 37 10 24 57 195 196
20 94 4 93 27 63 72 52 31 44 1 53 89 56 23 14 24 12 79 92 46 82 49 26 192 193
39 94 93 86 31 52 44 11 14 26 76 79 27 57 4 92 82 24 193 194
94 72 11 14 44 12 92 46 10 89 76 27 57 93 4 52 82 196 197
31 57 24 27 37 79 46 19 63 72 52 11 12 86 76 53 89 56 192 193
23 86 76 53 89 10 24 37 79 92 82 4 19 93 27 63 11 72 14 52 12 192 193
86 26 56 37 24 27 72 63 53 89 1 76 93 46 79 92 196 197
14 37 92 1 46 72 52 44 76 53 89 56 57 192 197
37 76 53 12 56 11 44 57 26 10 89 24 92 27 93 19 82 193 194
24 1 44 53 56 4 57 79 92 46 26 19 93 72 52 11 192 193
44 79 92 27 82 49 4 93 19 63 76 89 56 11 57 193 194
57 12 76 89 4 56 10 27 92 82 19 49 52 53 63 194 195
93 49 52 82 63 53 11 1 12 76 92 46 79 4 56 10 72 196 197
11 89 79 56 92 46 49 26 4 27 82 52 19 1 192 197
89 26 27 4 52 72 53 1 63 79 196 197
12 79 92 46 82 49 26 4 10 27 72 52 19 76 56 192 197
46 26 27 79 82 4 10 63 72 52 1 76 193 194
49 63 72 76 56 10 4 92 194 195
27 19 76 92 82 4 10 63 53 52 192 193
10 56 92 82 26 63 72 19 192 197
4 63 76 53 79 56 92 26 72 52 192 197
63 19 72 53 1 76 26 79 194 195
76 19 52 53 1 195 196
92 1 26 19 82 53 196 197
26 56 1 79 82 72 52 19 192 193
19 52 53 1 82 192 193
79 1 82 72 53 52 195 196
53 52 56 1 82 194 195
1 52 192 197
72 56 52 82 195 196
56 194 195
52 194 195
82 196 197
151 180 157 128 142 179 169 182 159 119 100 103 133 181 106 136 171 117 139 161 120 123 134 137 170 183 160 173 163 114 185 98 152 131 115 118 148 99 187 102 164 135 147 149 189 166 126 107 110 140 165 121 178 168 105 127 108 138 111 141 177 190 144 194 195
180 102 132 104 135 188 149 190 114 112 143 189 115 97 176 157 99 129 159 160 144 174 116 146 147 177 158 181 175 126 183 110 121 152 106 138 182 111 171 185 172 123 153 155 137 167 109 170 173 154 187 119 100 101 186 103 164 136 166 117 148 150 196 197
124 163 118 176 153 113 133 116 175 188 165 155 132 187 107 154 167 110 144 157 121 105 97 189 166 111 179 156 169 146 159 136 168 181 158 171 148 100 122 170 183 137 106 127 140 104 149 185 139 129 184 114 174 128 164 98 131 101 112 173 115 186 96 192 193
163 105 97 127 157 138 177 190 167 155 156 128 158 169 100 122 152 103 133 191 168 106 136 120 150 123 153 137 183 173 154 182 172 98 185 131 115 145 96 118 148 184 129 159 174 102 132 162 164 116 146 147 149 186 176 107 110 140 188 121 178 195 196
104 105 170 183 160 127 107 172 149 185 152 129 161 174 101 164 141 118 131 108 96 99 153 130 110 175 165 142 132 109 145 122 112 187 177 154 190 167 144 97 121 134 111 114 189 166 179 156 169 146 123 159 136 191 168 181 158 135 171 125 100 192 197
105 186 140 153 130 107 143 120 110 185 152 142 119 98 112 177 154 144 99 111 189 166 179 156 133 146 113 178 191 145 181 158 135 125 115 97 170 147 114 150 182 172 149 126 162 139 116 129 171 100 161 174 103 128 141 118 131 108 173 192 197
136 137 173 98 140 101 112 182 115 149 118 162 99 139 129 102 132 113 135 161 164 126 186 107 176 153 110 121 127 188 165 142 178 155 145 177 190 144 157 147 122 103 169 146 159 117 120 123 191 168 134 181 158 171 170 183 114 160 193 194
137 138 120 170 134 135 140 182 172 149 185 114 152 101 131 184 115 96 118 99 141 154 132 113 116 130 166 143 175 126 188 165 155 110 121 127 187 177 190 111 167 125 147 128 109 179 169 146 119 168 181 122 158 103 171 133 148 161 193 194
96 101 166 179 169 100 113 178 191 168 145 158 135 125 102 138 190 170 147 114 150 182 159 149 126 162 139 116 129 106 119 161 164 131 108 98 173 186 153 130 107 143 120 97 110 185 188 165 142 155 109 112 187 167 144 121 157 134 111 192 197
101 156 99 123 159 113 103 191 181 158 171 148 138 115 128 160 173 150 127 140 117 107 182 149 139 116 152 129 106 109 184 161 174 164 118 154 108 121 100 186 130 166 110 175 188 165 142 178 155 122 135 190 144 157 98 147 189 192 197
107 110 185 103 175 106 188 109 112 187 177 154 190 167 121 134 111 189 166 179 156 98 133 169 146 100 113 178 99 168 181 102 158 135 171 138 115 170 160 114 150 159 162 116 97 129 184 161 174 141 173 176 153 143 120 192 197
110 133 175 97 165 142 108 132 145 122 112 190 144 157 134 147 114 189 179 156 146 123 103 126 106 191 181 125 115 128 160 173 150 127 117 172 149 139 152 129 119 184 161 174 141 118 131 186 176 153 130 166 192 197
113 190 167 144 134 189 169 146 123 102 126 191 168 181 135 171 148 125 138 170 160 114 150 127 117 97 108 182 159 172 162 116 129 109 119 184 161 174 128 164 141 118 173 186 140 176 153 130 120 175 188 142 178 132 122 187 192 193
190 135 168 149 182 143 127 108 160 141 144 155 128 158 109 161 175 191 121 122 103 133 166 169 150 172 123 153 183 134 156 167 189 170 173 154 184 187 114 98 131 112 164 115 118 148 99 178 129 102 181 162 196 197
154 191 144 158 146 147 171 161 130 142 160 152 182 106 172 185 123 125 109 187 164 176 100 166 131 103 133 117 118 148 120 188 150 165 102 178 134 135 149 167 126 98 189 179 156 169 145 159 97 127 99 129 111 141 194 195
191 184 187 98 131 164 115 145 118 148 99 178 129 159 102 181 162 135 165 116 140 121 143 97 108 160 111 141 171 144 174 125 155 147 128 175 119 100 152 103 185 166 117 139 120 172 153 183 156 186 167 189 173 196 197
186 97 127 157 138 141 174 125 147 128 109 161 119 100 122 152 133 106 185 187 166 139 120 150 123 153 183 134 156 167 170 188 131 112 164 145 118 148 178 129 159 181 132 162 116 168 149 189 179 130 182 121 143 196 197
117 160 103 150 127 106 182 159 172 149 162 129 119 184 161 114 128 141 112 173 115 140 176 130 99 143 120 185 116 188 165 142 132 145 122 177 121 157 134 97 189 108 156 111 133 169 126 109 158 135 171 148 100 147 183 192 193
160 139 120 150 123 153 176 134 156 165 114 98 131 112 115 167 145 118 148 129 159 102 132 146 169 130 126 171 161 140 143 157 108 138 111 141 144 155 147 158 109 142 185 162 184 119 100 174 187 133 106 195 196
173 166 181 108 139 169 172 123 153 125 155 170 183 119 185 175 133 118 120 150 132 174 187 134 135 177 168 176 189 126 98 188 143 115 145 97 157 159 141 171 144 147 128 158 130 142 179 122 106 195 196
138 140 176 143 114 175 98 165 131 155 145 115 99 187 129 102 177 132 144 157 116 130 166 179 156 146 178 168 158 97 127 108 125 170 147 183 109 150 182 172 149 162 119 122 103 133 106 184 161 174 164 123 134 193 194
129 134 189 166 119 179 146 103 120 123 171 148 170 183 114 150 182 112 172 115 149 139 118 152 99 102 116 126 176 130 143 121 97 108 188 165 142 178 145 125 128 187 109 177 144 193 194
134 102 147 183 130 172 149 162 126 152 121 161 174 108 164 141 125 128 109 176 153 143 185 175 188 142 178 119 155 100 122 145 106 187 167 144 123 157 179 156 159 98 168 112 158 118 99 193 194
102 157 147 114 189 156 169 123 159 98 103 116 181 171 148 125 115 128 170 183 150 127 140 182 172 149 162 139 152 106 119 109 187 141 131 176 130 120 175 188 165 178 155 132 145 122 135 177 167 192 197
169 170 131 115 118 148 99 159 132 172 185 116 146 168 187 126 140 121 176 127 157 108 111 141 144 125 155 147 158 178 161 142 177 119 100 152 103 133 189 166 139 150 123 153 156 167 181 171 195 196
170 171 120 153 156 167 168 183 114 185 164 145 118 148 159 184 174 165 146 147 130 126 121 188 143 97 157 108 111 141 144 125 177 155 128 158 161 189 179 119 100 122 103 133 181 139 195 196
140 143 106 108 139 120 175 165 142 178 155 145 187 177 167 157 100 189 179 133 156 115 146 159 99 135 116 168 148 130 183 126 98 150 112 182 97 127 172 185 162 152 125 174 164 119 176 153 166 193 194
143 97 127 108 111 141 165 178 155 125 145 128 109 142 177 144 157 147 119 100 189 122 103 179 133 156 106 123 181 171 148 161 98 150 112 115 182 118 99 149 185 132 152 116 184 130 164 193 194
135 177 167 147 114 98 131 112 159 115 149 97 127 99 111 171 128 130 183 150 126 121 122 172 185 106 108 152 123 125 184 174 187 141 176 153 166 156 100 133 188 118 165 120 155 132 193 194
177 187 116 146 149 130 189 126 121 188 97 108 111 171 144 174 125 155 128 109 142 175 182 100 122 152 133 106 181 150 172 153 156 167 98 131 112 164 115 145 118 148 99 132 162 196 197
106 150 127 172 149 162 103 152 119 109 184 161 174 164 141 118 121 153 166 98 175 165 142 155 132 145 99 122 187 144 157 111 114 189 179 156 146 159 168 158 148 125 128 192 197
150 139 123 182 172 185 162 152 114 184 161 98 164 118 99 132 176 153 166 116 146 149 175 165 126 97 127 108 111 141 189 144 147 128 142 168 181 171 122 103 194 195
98 146 123 126 103 181 148 147 183 182 159 162 139 152 184 174 164 141 118 131 108 130 120 133 185 175 165 178 155 132 145 122 99 167 157 111 114 189 97 179 156 192 197
146 112 115 145 147 118 99 189 132 179 116 130 181 158 148 126 183 97 108 111 141 144 125 149 185 142 152 184 174 164 119 122 103 133 139 120 176 153 123 166 165 114 194 195
99 111 166 123 126 97 158 125 115 147 183 127 172 149 162 116 152 184 174 128 118 131 176 153 130 120 133 100 142 178 155 132 109 145 122 112 167 144 157 192 197
111 121 153 130 166 133 175 165 142 178 155 132 122 97 167 108 157 114 189 179 109 156 123 159 126 158 171 148 100 125 127 182 172 139 119 184 161 174 164 118 131 192 197
118 109 159 149 126 181 100 171 125 128 183 182 172 162 139 142 119 184 141 116 153 130 166 120 175 188 165 168 145 97 108 167 157 147 192 193
171 114 100 131 164 115 148 159 132 162 165 116 168 189 179 127 157 108 181 141 125 155 147 128 158 109 142 182 122 185 152 133 166 123 184 153 174 167 195 196
162 167 119 122 152 189 139 156 181 114 183 131 112 115 145 148 159 172 132 116 149 130 184 164 121 176 97 157 108 141 175 144 188 165 147 178 128 158 109 142 187 195 196
167 116 149 130 183 182 172 97 108 184 174 144 125 155 147 128 161 176 122 152 103 188 133 178 123 153 187 189 179 131 112 164 115 168 181 148 159 195 196
109 161 164 153 120 133 108 175 188 165 155 145 122 144 121 157 100 114 189 166 179 123 159 126 168 181 125 115 147 183 127 97 182 172 149 185 139 116 152 192 197
161 184 174 187 189 103 133 120 188 132 165 178 149 131 112 115 145 97 182 127 159 147 181 128 158 130 183 121 122 152 108 172 139 141 175 123 153 156 195 196
120 183 127 97 108 182 149 185 139 152 184 164 131 119 121 100 176 130 166 133 165 142 178 155 132 145 187 114 144 157 179 156 123 159 126 181 148 125 192 193
131 179 156 125 159 128 168 181 158 119 122 183 182 185 152 184 114 141 112 115 176 153 166 130 175 188 165 178 155 132 145 126 187 144 147 108 189 193 194
179 112 164 148 178 159 165 168 149 130 126 181 97 176 127 157 141 183 144 125 155 147 128 158 142 182 185 119 100 122 103 133 187 166 172 153 114 196 197
121 185 175 152 188 155 132 122 187 164 144 157 108 189 166 156 123 178 145 181 148 119 100 103 183 115 182 159 172 149 139 184 174 128 141 112 176 192 193
157 132 176 116 166 175 178 187 97 108 141 144 125 155 147 128 159 142 168 152 103 133 139 153 156 182 172 185 114 174 112 115 145 194 195
97 176 153 130 166 133 100 175 188 165 155 132 145 122 144 147 114 103 116 125 115 183 182 149 152 184 174 164 108 192 197
184 175 119 100 152 103 166 139 123 153 183 185 187 114 112 145 148 159 181 132 165 116 188 168 126 189 176 127 141 174 125 128 158 196 197
103 182 159 149 139 116 152 119 128 164 176 130 133 185 188 142 155 145 112 187 144 166 156 100 126 168 158 148 125 147 183 114 127 192 197
114 126 168 158 148 125 115 183 112 172 185 139 119 174 128 176 130 175 108 142 155 132 187 144 166 156 100 123 159 192 193
126 175 188 165 142 100 155 112 145 115 187 116 189 159 168 181 108 127 182 172 149 139 119 122 174 141 176 153 130 166 133 192 193
155 164 176 127 141 175 165 178 125 128 142 100 189 152 133 156 159 168 181 115 182 148 172 132 116 130 174 194 195
164 147 189 158 181 119 152 139 183 123 153 156 172 112 174 115 145 148 159 116 149 130 188 165 178 168 108 141 144 195 196
156 112 115 145 148 132 149 172 130 175 174 187 141 189 144 125 128 142 165 119 152 133 139 123 153 159 181 158 194 195
166 127 141 172 185 147 128 142 174 122 176 188 178 187 100 133 115 189 145 148 132 116 149 181 183 195 196
132 189 159 108 168 181 158 148 183 119 100 182 149 185 139 123 174 141 176 153 133 175 188 142 116 187 193 194
181 112 145 116 130 183 185 176 127 144 147 187 128 158 142 175 119 100 122 152 133 172 123 196 197
176 127 108 141 144 125 128 188 158 178 142 175 100 133 139 172 182 153 183 115 159 185 116 168 130 187 196 197
125 141 133 112 115 175 188 165 178 145 116 144 147 189 108 168 148 127 119 182 172 149 185 139 192 193
141 128 153 188 165 178 145 139 187 123 168 158 115 116 183 130 149 185 152 127 108 174 193 194
144 116 130 153 188 178 145 108 128 100 122 158 148 139 183 182 175 152 112 115 187 194 195
127 153 123 133 188 165 142 178 145 112 147 115 159 116 168 158 148 183 108 182 149 185 139 119 100 122 192 193
123 183 112 182 116 139 152 142 174 187 153 130 108 175 188 165 178 168 145 119 100 147 189 159 192 193
158 174 112 145 175 188 165 178 116 149 130 189 159 168 147 142 183 119 122 133 182 172 139 185 194 195
174 142 119 100 122 133 175 188 172 189 112 115 148 165 116 168 149 183 182 185 108 187 195 196
187 128 175 122 185 108 139 172 142 119 100 148 188 149 182 112 145 159 116 196 197
116 100 189 168 183 112 182 149 152 119 153 130 108 175 188 165 178 192 193
108 130 133 165 122 112 189 115 159 172 139 152 119 128 192 197
128 133 175 188 168 145 147 189 159 115 148 183 172 122 149 185 139 152 142 193 194
147 188 178 168 112 182 159 149 148 183 172 185 175 152 119 100 133 115 194 195
119 182 172 139 152 153 133 188 165 142 178 122 112 115 159 168 148 192 193
182 122 152 139 153 165 168 112 145 148 149 185 172 175 188 196 197
139 122 133 172 185 175 142 153 112 115 178 168 145 130 189 159 149 193 194
133 112 149 153 122 185 188 142 145 100 178 168 148 183 193 194
183 100 112 145 148 159 165 149 130 188 189 142 175 122 196 197
112 178 148 115 149 100 153 130 185 175 152 188 165 142 192 193
189 115 148 178 159 165 130 188 175 100 152 153 168 196 197
153 142 100 122 175 165 178 168 145 149 130 194 195
115 159 148 172 130 175 165 142 122 100 192 193
185 122 172 100 145 148 188 178 168 130 159 142 175 196 197
175 172 142 188 178 100 122 152 165 168 195 196
172 100 122 152 148 188 168 178 130 142 195 196
188 142 122 152 145 148 165 168 130 196 197
130 168 122 149 165 142 178 193 194
122 152 178 100 145 168 148 192 193
159 142 152 165 178 194 195
149 100 152 165 178 168 194 195
100 152 178 168 145 148 192 197
168 145 142 148 165 178 195 196
152 165 178 145 142 194 195
142 178 145 148 193 194
165 148 178 195 196
148 145 178 194 195
145 178 194 195
178 196 197
192
193
194
195
196
197
