#/usr/local/lib/python3.10/dist-packages/colab_kernel_launcher.py -f /root/.local/share/jupyter/runtime/kernel-dea7114a-48f2-47cd-9840-9590734c419b.json
# GMT Thu May 23 16:43:51 2024
# 
6 18 11 3 13 2 15 4 8 17 5 10 0 12 1 14 7 16 9 38 40 41 43 44 46 47 48 49 51
18 8 12 15 4 5 11 0 13 17 1 3 14 7 9 10 16 2 39 40 42 43 45 46 47 48 50 51
7 17 10 0 12 14 5 16 9 1 11 3 13 2 15 4 8 38 39 40 41 43 44 46 47 48 49 51
17 9 13 1 14 3 16 10 12 2 4 8 11 0 15 5 39 40 42 43 44 45 47 48 50 51
4 9 2 11 13 15 8 0 10 1 3 12 5 14 16 38 40 41 43 44 45 46 48 49 51
9 8 10 12 0 14 5 16 1 3 11 13 15 2 38 39 41 42 43 44 46 47 49 50 51
3 13 15 8 10 1 12 5 14 16 11 2 0 38 40 41 42 43 45 46 48 49 51
13 12 14 16 2 8 5 0 11 1 10 15 38 39 41 42 44 45 47 48 49 50
5 10 0 12 14 16 1 11 2 15 8 38 40 41 43 44 45 46 48 49 51
10 1 15 12 14 2 8 16 11 0 38 39 41 42 43 44 46 47 49 50
8 11 1 15 2 12 0 14 16 38 39 40 41 43 44 46 47 49 50 51
0 14 16 2 11 15 1 12 38 39 40 42 43 45 46 47 48 50 51
11 14 2 16 1 15 12 38 39 41 42 44 45 46 47 49 50
14 15 1 16 12 2 39 40 41 42 44 45 47 48 49 50
2 15 1 12 16 38 40 41 42 43 45 46 48 49 50 51
1 15 12 16 38 39 40 42 43 45 46 48 49 50 51
15 16 12 39 40 41 42 44 45 47 48 50 51
12 16 38 39 41 42 44 45 46 47 49 50
16 39 40 42 43 44 45 47 48 50 51
25 37 30 22 32 21 34 23 27 36 24 29 19 31 20 33 26 35 28 38 40 41 43 44 46 47 48 49 51
37 27 31 34 23 24 19 32 30 36 20 33 22 26 28 29 35 21 39 40 42 43 45 46 47 48 50 51
26 36 29 19 31 33 24 35 28 20 30 22 32 21 34 23 27 38 39 40 41 43 44 46 47 48 49 51
36 28 32 20 33 22 35 29 31 21 23 27 30 19 34 24 39 40 42 43 44 45 47 48 50 51
23 28 21 30 32 34 27 19 29 20 22 31 24 33 35 38 40 41 43 44 45 46 48 49 51
28 27 29 31 19 33 24 35 20 22 30 32 34 21 38 39 41 42 43 44 46 47 49 50 51
22 32 34 27 29 20 31 24 33 35 30 21 19 38 40 41 42 43 45 46 48 49 51
32 31 33 35 21 27 24 30 19 20 29 34 38 39 41 42 44 45 47 48 49 50
24 29 19 31 33 35 20 30 21 34 27 38 40 41 43 44 45 46 48 49 51
29 20 34 31 33 21 27 35 30 19 38 39 41 42 43 44 46 47 49 50
27 30 20 34 21 31 19 33 35 38 39 40 41 43 44 46 47 49 50 51
19 33 35 21 30 34 20 31 38 39 40 42 43 45 46 47 48 50 51
30 33 21 35 20 34 31 38 39 41 42 44 45 46 47 49 50
33 34 20 35 31 21 39 40 41 42 44 45 47 48 49 50
21 34 20 31 35 38 40 41 42 43 45 46 48 49 50 51
20 34 31 35 38 39 40 42 43 45 46 48 49 50 51
34 35 31 39 40 41 42 44 45 47 48 50 51
31 35 38 39 41 42 44 45 46 47 49 50
35 39 40 42 43 44 45 47 48 50 51
38
39
40
41
42
43
44
45
46
47
48
49
50
51
