#/usr/local/lib/python3.10/dist-packages/colab_kernel_launcher.py -f /root/.local/share/jupyter/runtime/kernel-6c0fbf18-c276-4b2d-9452-8819c27dba4d.json
# GMT Sat May 25 01:29:09 2024
# 
135 193 170 14 150 47 12 64 172 75 185 48 59 194 46 128 151 96 26 37 153 166 106 175 165 41 178 71 74 88 177 154 190 144 147 49 192 101 82 146 191 67 30 407 408
193 149 152 18 84 163 197 2 117 16 61 33 167 15 94 160 32 92 34 65 144 95 112 142 164 145 129 56 10 73 87 77 107 170 173 154 35 37 155 52 118 113 412 413
29 32 189 133 110 113 90 37 5 167 157 137 71 169 182 38 93 106 50 171 138 30 151 1 12 108 75 196 42 140 87 64 162 54 44 142 23 99 56 33 24 134 176 397 398
32 13 166 67 34 70 191 37 158 148 79 21 59 180 36 72 170 81 172 149 126 162 30 60 161 31 75 173 153 120 64 41 77 11 132 99 26 66 56 33 98 397 398
127 189 102 169 116 136 103 191 14 1 31 64 183 94 45 111 46 125 149 98 112 194 23 151 7 24 186 163 38 120 93 58 188 91 165 145 177 101 157 85 115 66 118 406 407
189 147 98 145 175 56 37 40 21 73 27 38 139 90 41 93 172 74 134 140 192 154 2 157 138 101 3 66 69 99 151 132 116 149 179 30 183 1 61 186 15 412 413
34 147 25 28 136 96 73 171 128 108 23 26 196 52 130 107 185 44 129 142 119 86 43 18 56 141 121 186 176 22 166 110 123 77 20 47 145 158 79 11 14 398 399
147 11 156 14 28 9 80 94 48 78 81 92 114 95 46 126 142 145 182 4 195 37 89 76 27 60 154 104 77 107 196 91 121 16 49 155 3 39 69 50 408 409
40 41 54 175 5 35 16 122 99 66 33 36 39 134 65 55 123 80 178 155 47 145 9 12 59 49 71 169 136 126 7 194 171 10 151 118 95 38 196 186 84 185 398 399
41 153 120 74 110 38 87 64 162 142 122 99 2 5 35 0 55 22 176 68 178 70 191 168 30 170 124 1 84 159 136 13 116 50 171 23 26 173 10 398 399
65 134 124 166 146 136 181 22 102 54 55 115 36 38 183 114 150 104 81 117 172 126 139 5 129 47 19 31 51 85 98 62 75 186 176 185 67 152 61 76 27 400 401
134 109 26 175 73 24 197 27 106 8 187 60 90 177 120 167 88 179 156 37 19 191 145 33 85 115 102 157 133 159 61 184 161 97 59 51 141 62 13 407 408
38 117 36 74 195 99 76 187 111 88 9 186 31 156 133 57 178 23 170 37 81 192 48 27 61 172 126 116 70 181 194 151 105 95 108 35 140 398 399
117 69 86 116 170 137 150 182 126 162 139 3 17 171 174 114 196 173 186 30 140 44 120 31 73 45 145 197 13 187 77 107 167 88 124 166 133 70 101 54 405 406
97 166 54 57 169 87 136 90 77 58 138 105 183 68 49 0 52 82 192 182 39 159 162 53 116 25 28 9 163 12 153 107 132 109 197 4 144 56 101 70 21 43 403 404
166 171 92 144 180 158 140 70 73 106 87 90 71 153 121 152 124 2 49 0 22 3 82 63 17 50 187 83 116 67 146 119 164 179 148 28 1 410 411
76 143 120 99 112 8 187 144 78 179 156 2 146 35 113 90 3 158 6 17 102 39 92 50 72 192 44 126 119 86 15 171 48 174 151 59 118 13 173 176 401 402
143 174 164 60 13 46 196 126 163 110 37 68 10 178 155 85 8 177 71 103 156 2 5 181 33 63 6 161 17 78 20 51 81 183 95 112 182 149 47 28 31 73 408 409
3 159 15 5 60 148 105 75 150 6 9 107 74 87 185 175 142 96 86 131 23 144 88 186 55 176 22 123 67 188 37 112 82 167 59 157 26 137 396 413
159 82 85 36 115 118 132 113 116 100 131 103 14 47 80 81 62 125 79 110 140 96 182 141 24 54 194 27 60 74 153 104 107 88 18 176 35 68 188 409 410
59 107 133 11 113 25 155 158 125 69 48 190 180 94 61 23 4 181 10 171 148 184 27 8 84 18 132 19 109 174 66 36 141 131 20 144 121 400 401
107 90 72 163 110 105 142 16 49 187 154 190 167 121 67 179 98 146 123 136 11 44 1 170 160 92 93 95 195 26 184 10 151 73 54 404 405
129 155 21 177 190 118 157 102 113 86 116 100 122 146 84 16 168 49 78 108 81 125 98 192 139 14 184 12 161 75 27 106 90 71 93 163 140 88 91 178 406 407
155 56 42 15 197 106 174 164 120 126 137 91 4 188 165 22 101 54 55 36 167 132 130 133 0 33 63 158 94 114 95 125 160 112 142 148 172 409 410
121 151 173 176 4 56 37 73 188 165 132 93 197 91 157 105 35 156 0 52 33 69 99 145 181 102 125 138 116 67 183 160 11 150 111 171 161 174 406 407
151 5 141 68 22 36 115 39 102 83 100 196 130 186 11 175 188 178 111 114 95 148 192 169 56 89 191 27 158 8 90 93 74 58 408 409
19 103 139 83 181 194 27 128 105 141 85 183 52 150 130 152 44 119 89 174 78 176 68 110 146 57 70 122 125 69 190 82 180 49 170 26 160 114 94 192 396 397
103 49 115 1 61 180 17 104 182 195 149 184 9 128 12 118 131 186 71 153 58 178 122 187 22 154 24 167 144 55 157 66 111 20 179 123 100 158 148 404 405
25 15 125 180 36 114 68 136 116 70 24 106 37 118 183 52 94 130 5 195 185 22 152 96 132 109 184 174 30 33 154 75 111 35 120 110 100 77 67 57 397 398
44 47 168 145 122 158 43 24 27 190 49 124 91 71 48 136 139 96 73 138 36 39 72 195 185 16 119 0 31 89 177 154 68 45 133 110 90 399 400
47 57 181 102 69 49 170 160 104 71 84 182 162 23 83 63 161 174 95 108 150 153 74 152 122 197 89 187 6 164 36 111 78 58 133 100 399 400
17 179 61 2 70 181 73 6 115 62 173 140 84 120 51 87 185 119 132 109 99 66 187 164 141 108 78 68 35 188 178 191 24 112 102 190 46 91 396 397
179 48 78 81 62 92 183 95 125 177 128 109 131 9 73 57 87 60 90 172 77 156 154 185 174 21 22 101 6 190 86 119 100 122 28 94 411 412
42 123 100 77 90 188 178 191 168 145 79 92 69 46 180 157 114 39 169 20 93 83 161 11 14 82 118 183 75 160 196 12 150 140 74 195 87 86 56 141 9 398 399
123 196 186 114 98 178 190 37 167 157 21 43 124 73 87 60 58 88 181 148 138 49 170 22 82 33 36 115 39 20 99 102 184 161 164 1 61 406 407
82 139 93 106 83 194 161 138 80 64 108 48 196 81 13 79 175 119 109 122 99 10 131 27 111 60 74 133 90 112 21 55 160 69 72 402 403
15 113 178 168 92 46 11 170 26 94 71 192 126 18 139 13 73 63 30 128 141 72 85 196 52 185 162 109 66 33 131 167 144 111 55 45 22 396 397
54 152 99 174 187 154 144 18 88 78 156 22 6 67 57 70 191 145 79 92 124 58 182 136 45 93 48 194 138 108 85 196 173 163 153 399 400
0 126 93 70 191 37 171 148 161 6 84 74 64 18 31 152 21 63 99 53 174 43 10 131 23 108 68 153 45 188 80 14 112 46 170 91 81 396 413
126 85 176 69 51 53 188 165 132 167 9 61 75 108 81 95 125 109 168 181 96 56 89 150 118 182 149 185 18 105 174 164 406 407
74 75 186 57 77 175 89 167 55 101 91 53 113 178 30 125 28 1 94 84 195 46 149 139 93 171 184 56 128 7 37 43 401 402
75 58 178 4 5 190 52 180 157 170 55 39 169 139 116 83 14 138 118 108 64 183 173 163 140 130 185 23 187 177 73 111 88 401 402
139 49 55 85 66 20 72 122 30 11 1 156 51 81 111 13 46 158 128 148 109 180 26 37 195 27 87 90 120 152 93 164 141 407 408
60 140 35 120 49 77 33 50 109 53 112 164 154 88 124 68 156 28 113 178 158 92 105 183 160 26 37 182 149 8 106 194 86 95 400 401
140 120 104 77 173 88 91 105 175 68 101 63 55 190 72 144 116 30 31 168 12 94 62 13 170 98 79 192 124 23 26 57 407 408
30 148 79 4 157 49 137 22 192 48 172 116 184 11 186 84 185 175 122 89 66 131 101 78 24 110 146 100 90 80 178 145 397 398
148 2 16 49 1 33 114 144 98 109 112 142 181 89 170 160 87 172 77 88 23 184 4 70 21 55 196 85 86 67 119 130 408 409
31 113 188 70 191 112 102 92 137 84 169 181 50 20 138 174 105 183 196 52 163 11 110 195 87 77 152 132 122 197 53 111 55 133 397 398
113 61 12 64 192 51 92 194 96 138 141 56 21 57 87 195 77 119 91 122 197 177 144 101 6 85 146 67 181 158 84 190 157 405 406
196 137 154 105 157 187 5 174 52 85 69 50 83 67 149 182 136 180 160 125 128 131 191 96 178 7 37 89 70 412 413
174 124 4 187 52 55 115 118 69 102 130 163 63 94 114 95 158 131 112 56 162 106 90 156 137 110 195 185 410 411
35 83 96 73 13 118 108 52 173 186 23 84 142 99 187 43 164 177 18 55 2 146 22 80 158 20 124 160 114 91 48 9 12 398 399
83 114 104 94 22 84 169 39 50 116 72 138 141 14 150 9 64 45 87 48 175 188 81 119 132 46 154 144 21 136 181 112 115 2 402 403
21 185 162 109 86 197 164 141 144 98 111 55 45 100 80 57 20 69 81 192 169 146 12 106 37 194 50 161 105 150 195 87 396 397
185 73 106 90 93 58 119 91 5 33 115 39 118 100 133 178 61 94 108 95 112 173 96 23 26 7 37 10 411 412
170 168 149 169 175 62 13 144 95 177 128 109 131 164 145 23 162 10 27 171 58 180 2 5 16 52 55 69 410 411
1 90 70 69 36 49 124 16 6 94 182 18 93 50 184 161 20 105 85 150 153 110 64 197 53 89 23 13 98 88 101 12 396 413
90 80 61 130 187 4 91 168 77 181 88 137 114 104 33 192 85 172 149 20 116 93 106 128 98 403 404
57 73 110 195 87 12 64 142 109 13 164 88 176 4 7 27 2 114 5 104 192 61 182 162 36 184 161 138 128 108 11 163 400 401
52 172 116 184 2 105 85 183 150 163 120 195 87 152 165 142 122 14 164 131 9 78 45 136 145 79 69 10 8 182 399 400
172 33 176 39 69 149 163 136 14 150 80 167 64 94 108 144 46 131 56 162 9 10 106 8 120 182 77 156 137 105 4 68 410 411
168 80 173 64 78 182 144 109 131 112 96 4 10 70 43 106 87 120 175 91 18 190 16 141 22 63 6 36 192 50 165 119 84 11 410 411
10 175 142 11 132 99 197 4 33 144 88 101 176 45 133 24 2 5 79 160 114 149 63 118 72 183 150 153 130 64 396 413
175 187 93 181 101 33 63 115 180 118 99 102 132 100 122 84 61 64 45 62 13 114 176 98 79 4 178 56 37 410 411
157 194 128 130 142 11 14 9 12 64 165 46 77 91 26 56 43 169 55 118 71 58 146 2 6 115 69 8 144 409 410
194 169 101 55 6 66 118 99 53 132 67 146 152 163 180 61 12 160 195 177 79 158 23 197 190 162 24 8 87 120 154 412 413
120 163 93 58 88 165 154 144 50 156 53 146 119 178 191 145 84 14 61 137 45 81 195 171 7 73 24 405 406
49 93 184 161 128 28 108 13 87 162 119 89 164 56 154 43 24 78 146 80 2 102 79 33 114 192 399 400
28 80 6 37 124 114 104 81 14 48 61 70 106 73 138 62 39 173 150 26 7 162 152 96 27 89 66 187 88 101 78 110 100 77 397 398
80 9 102 138 92 46 192 23 56 162 106 43 27 128 95 131 163 176 130 5 110 6 99 39 197 50 164 53 88 156 402 403
69 81 182 11 195 149 162 96 86 171 161 130 4 119 177 111 58 91 18 2 145 112 39 180 72 401 402
81 169 125 138 115 61 183 137 13 149 79 106 119 96 161 26 128 108 71 72 152 188 142 122 187 6 402 403
68 116 73 184 161 141 98 23 56 37 43 110 165 109 58 164 154 131 66 39 20 70 53 181 137 94 192 12 64 162 401 402
116 22 55 115 39 192 84 184 161 11 141 163 94 176 130 51 79 177 154 56 70 43 24 104 77 405 406
128 167 5 101 33 6 36 178 99 158 171 86 67 119 11 12 45 152 13 46 125 79 109 186 153 77 88 406 407
167 79 142 191 14 43 87 13 137 88 91 105 4 66 20 186 99 102 86 165 130 84 2 136 187 62 92 46 125 410 411
109 154 43 156 133 112 18 105 115 2 137 101 85 149 100 161 141 9 110 46 119 98 79 122 96 404 405
154 4 27 8 71 165 137 122 18 66 72 119 11 14 9 192 48 78 108 51 92 144 95 98 409 410
163 153 104 58 18 33 63 115 50 132 67 149 84 64 48 111 62 114 190 98 131 145 43 73 181 87 409 410
98 144 58 4 7 8 125 53 86 2 5 162 106 63 6 36 48 78 197 95 108 67 79 133 100 89 403 404
144 156 169 146 70 171 71 104 110 5 149 115 184 39 53 153 188 165 92 125 408 409
50 104 71 16 169 61 182 136 149 33 161 138 72 85 84 132 131 111 88 55 26 133 37 178 158 115 92 124 399 400
104 173 102 186 84 188 142 122 197 61 177 51 146 96 7 158 112 115 43 24 190 180 8 87 71 137 149 22 6 404 405
110 118 13 77 58 188 4 145 70 36 8 39 99 124 102 169 136 18 191 16 125 94 137 164 405 406
118 192 195 5 152 161 36 164 39 20 153 130 178 9 12 45 177 78 108 13 191 24 93 137 405 406
36 169 182 106 181 171 184 141 108 183 150 77 165 8 111 88 45 70 5 145 112 33 46 39 398 399
169 48 51 111 158 183 112 142 9 61 12 184 62 187 156 137 176 70 102 53 86 88 130 84 150 410 411
61 20 102 190 160 14 9 12 136 106 72 85 62 4 26 87 165 66 176 156 33 400 401
101 149 162 106 171 184 56 37 89 173 73 71 58 132 18 124 133 84 125 102 138 190 16 94 195 404 405
149 55 150 99 84 11 64 173 176 62 125 131 26 7 37 89 70 124 181 138 171 408 409
100 94 180 160 92 93 95 46 182 162 184 161 73 27 8 71 72 153 165 119 16 164 177 63 55 53 181 125 404 405
79 111 124 91 9 133 12 78 158 125 102 114 150 73 72 171 138 95 85 153 132 67 187 177 402 403
39 94 51 18 93 2 73 184 153 87 89 66 177 45 156 146 181 5 125 115 72 160 398 399
94 146 136 145 181 158 115 105 192 51 184 7 37 93 152 188 91 177 4 176 63 403 404
11 112 102 9 91 191 2 171 62 183 160 84 162 18 187 20 177 111 88 55 153 24 396 397
112 96 177 124 64 48 92 138 180 70 8 119 161 131 176 63 130 142 67 145 84 405 406
5 181 105 72 173 9 162 152 8 89 13 12 191 24 92 124 160 6 91 182 93 106 396 413
181 63 190 66 20 62 114 158 14 162 9 43 183 195 187 72 132 165 146 411 412
131 177 192 89 86 58 180 122 137 182 63 51 53 184 141 96 14 12 188 78 145 77 406 407
177 142 96 70 27 87 93 156 173 195 22 85 115 102 119 122 45 78 92 114 411 412
115 162 161 64 141 51 111 62 183 114 173 46 186 43 13 93 7 180 86 67 405 406
146 48 160 78 150 51 96 23 171 89 43 73 24 176 153 197 22 6 85 99 102 132 14 408 409
95 111 136 178 33 191 63 6 145 102 86 180 195 64 45 173 186 176 130 23 142 119 132 403 404
111 133 23 24 190 71 183 93 137 150 182 22 63 66 20 67 152 132 48 108 62 405 406
162 102 190 130 122 18 191 6 20 160 142 96 45 27 46 88 105 23 409 410
73 16 22 86 66 156 136 9 12 62 192 56 37 24 58 130 401 402
48 70 125 92 180 160 12 84 171 53 4 7 85 173 150 27 8 132 197 89 164 56 78 399 400
12 145 158 46 93 70 138 105 85 62 6 96 99 197 66 43 164 176 396 397
13 78 45 156 133 188 191 92 91 18 7 63 138 6 105 64 53 66 43 20 396 397
78 92 8 18 2 171 16 85 183 67 119 122 99 197 187 164 64 88 91 176 402 403
171 16 197 22 63 85 20 53 114 86 14 153 46 77 191 138 37 58 133 410 411
145 187 45 108 125 124 138 26 7 27 106 87 72 2 16 55 173 84 408 409
124 67 141 93 46 58 23 4 156 70 27 8 87 191 99 158 71 16 64 152 66 20 406 407
56 119 86 197 43 88 133 102 92 55 91 20 16 108 85 45 150 46 77 400 401
119 37 8 182 86 16 22 173 99 122 84 9 45 106 156 62 77 405 406
2 161 7 85 62 183 9 84 165 132 99 43 176 14 190 137 114 18 93 396 413
96 8 53 156 133 67 136 84 158 64 45 183 160 92 182 26 186 130 152 132 403 404
33 70 4 150 87 142 132 86 43 22 178 122 9 190 137 91 58 71 398 399
188 195 77 184 23 4 138 7 22 24 55 85 87 71 102 132 130 136 180 183 51 114 161 14 412 413
195 55 8 88 122 182 150 66 114 191 106 93 197 46 156 137 91 190 7 412 413
37 142 132 187 133 7 102 24 92 71 192 160 173 398 399
142 77 178 18 180 55 6 72 53 122 84 136 161 9 176 51 62 152 165 407 408
58 85 62 183 51 153 26 9 197 66 88 91 133 191 22 55 6 72 160 105 400 401
85 63 108 72 130 165 187 62 156 23 4 70 190 402 403
9 89 192 136 105 160 173 51 64 53 186 45 133 396 413
77 43 130 132 122 8 156 53 102 180 51 62 182 152 402 403
182 53 183 122 184 45 186 4 89 70 24 153 138 16 141 411 412
55 46 86 4 141 186 27 99 66 22 70 160 400 401
102 4 26 89 165 8 71 88 133 22 63 6 404 405
62 91 176 16 158 22 92 137 106 105 141 153 64 7 86 122 89 400 401
91 130 26 89 197 133 23 92 71 105 72 53 160 20 403 404
114 64 51 137 23 89 197 106 71 186 176 178 22 190 20 405 406
173 187 137 18 105 136 176 53 165 67 190 180 161 45 108 92 8 410 411
187 7 176 27 106 8 16 186 63 192 53 165 84 45 125 412 413
122 26 150 27 105 24 176 6 133 86 67 16 136 406 407
24 64 152 53 133 67 178 8 160 18 71 136 6 138 20 108 153 84 397 398
64 190 180 16 192 106 184 108 14 153 165 46 400 401
186 184 23 22 20 86 165 197 136 14 150 45 108 51 164 26 89 87 411 412
43 26 86 66 176 92 190 72 160 137 84 93 161 138 108 150 130 398 399
164 138 26 7 89 27 132 152 136 183 6 99 45 108 93 165 178 156 409 410
176 141 192 72 132 66 20 51 160 158 411 412
153 137 105 165 4 138 7 141 63 66 67 14 150 92 27 8 408 409
158 150 108 46 7 27 8 87 18 66 20 99 165 67 130 152 409 410
161 138 99 53 191 130 133 150 183 46 125 184 89 70 409 410
93 165 84 14 136 191 180 160 192 71 403 404
14 125 27 63 108 183 165 99 197 53 66 45 22 156 70 396 397
192 108 125 141 89 27 8 71 137 88 18 105 412 413
130 71 18 184 6 138 141 72 86 197 51 26 89 27 406 407
7 132 53 6 22 178 89 125 92 190 46 137 71 136 4 160 51 18 396 413
132 70 88 63 152 99 165 86 197 51 407 408
180 133 178 108 51 197 26 89 156 105 138 16 141 6 66 86 411 412
183 152 51 160 67 184 108 125 156 23 87 71 411 412
51 156 191 72 160 150 84 53 26 27 152 99 4 88 399 400
136 152 197 87 46 105 70 8 86 18 191 407 408
87 99 66 72 125 160 106 105 402 403
4 99 53 23 137 70 106 27 6 152 396 413
99 106 63 53 156 191 404 405
16 184 138 72 150 18 165 20 141 108 45 178 190 137 71 6 396 397
22 63 108 150 8 156 178 27 397 398
67 137 45 71 23 141 72 152 18 89 6 66 133 92 401 402
26 86 89 178 71 84 106 63 18 72 108 152 397 398
86 141 63 6 20 152 84 133 45 138 402 403
6 138 20 125 71 396 413
23 197 141 45 191 190 46 20 138 105 165 397 398
197 89 8 72 165 88 105 66 125 156 412 413
71 178 125 190 160 141 108 401 402
150 84 63 53 106 178 92 138 408 409
70 160 137 184 105 401 402
133 92 46 152 88 63 66 190 20 191 407 408
160 184 137 8 72 409 410
45 8 63 141 20 152 53 66 399 400
141 66 178 108 191 27 106 88 407 408
8 46 18 106 184 72 396 413
191 125 27 18 184 190 63 66 20 72 412 413
137 190 46 156 178 138 407 408
156 89 190 105 72 184 409 410
138 178 152 407 408
125 46 190 89 18 152 72 406 407
20 106 63 184 105 53 396 397
92 106 105 108 88 18 72 403 404
53 106 18 46 190 72 399 400
72 27 401 402
46 63 152 165 66 399 400
106 190 89 404 405
152 63 178 190 408 409
184 63 165 88 18 411 412
18 89 66 396 397
178 165 88 411 412
89 84 403 404
66 165 401 402
27 165 88 105 397 398
84 402 403
88 403 404
105 63 165 404 405
165 63 190 410 411
190 412 413
63 400 401
108 404 405
204 390 367 236 327 281 248 225 261 205 306 199 250 384 338 230 305 275 229 353 307 284 385 241 375 352 319 276 220 354 321 311 265 245 222 277 313 203 290 267 388 322 335 396 413
390 218 297 314 344 317 301 331 362 346 242 246 279 309 244 277 308 387 341 294 373 221 385 224 219 304 288 318 392 291 272 305 256 366 352 382 203 367 233 250 384 201 412 413
383 392 268 271 258 351 333 305 256 289 320 350 352 303 200 334 364 231 253 283 215 284 328 331 361 362 212 346 207 278 273 257 230 290 370 324 277 308 341 322 224 205 339 411 412
392 203 266 220 201 280 231 386 283 267 248 232 333 315 223 278 229 259 262 243 295 279 293 296 326 277 376 208 238 271 274 225 206 236 239 318 321 332 256 335 352 412 413
242 353 389 245 207 208 277 206 365 289 302 259 357 334 314 203 291 271 248 219 261 382 231 336 394 338 282 272 228 373 363 330 307 213 227 342 286 263 384 276 253 387 399 400
353 327 254 287 243 273 257 362 337 239 211 351 332 371 319 202 373 235 363 268 219 280 222 252 375 388 251 320 216 377 315 278 215 276 279 260 312 323 307 340 346 409 410
214 291 304 248 313 303 316 260 381 361 217 282 272 370 373 229 350 340 317 294 330 375 342 309 263 253 208 387 233 287 323 277 200 355 332 224 345 312 279 292 377 380 226 396 397
291 394 266 217 220 328 318 215 237 248 249 251 307 282 388 342 223 299 226 387 354 357 276 227 311 257 258 333 378 221 202 345 252 236 347 350 317 293 329 203 403 404
273 377 321 386 356 310 266 217 388 220 322 335 289 367 357 334 370 337 209 346 336 198 303 391 394 348 315 230 393 340 317 307 284 297 207 208 238 219 342 299 269 401 402
377 325 227 306 249 358 309 244 323 296 310 221 376 224 268 382 255 258 288 269 302 324 352 233 339 369 372 253 234 236 388 237 218 330 363 361 315 212 348 379 411 412
314 378 266 368 358 201 280 234 313 380 270 311 284 298 372 326 329 226 278 213 243 249 230 309 263 373 350 296 317 330 320 362 235 319 304 354 331 367 288 239 389 405 406
378 379 301 228 334 348 226 229 259 213 295 276 249 358 309 211 323 327 224 254 205 208 372 304 302 324 289 320 303 200 388 233 339 217 247 387 234 316 297 270 300 411 412
234 269 282 367 281 294 261 226 372 326 293 240 318 360 340 205 251 219 362 319 309 276 374 387 364 341 344 298 376 200 268 389 203 233 310 237 322 335 312 292 398 399
269 348 295 393 320 385 329 199 259 296 332 309 243 387 354 308 321 301 278 389 310 202 300 313 252 206 236 279 292 334 370 382 359 233 349 303 266 217 306 253 401 402
274 305 202 298 373 363 268 330 343 225 287 277 319 309 289 200 334 247 389 366 379 231 356 261 336 218 292 282 380 370 226 281 210 213 227 257 249 230 260 371 374 351 401 402
305 306 236 394 270 216 301 303 310 247 198 299 261 319 332 297 248 322 354 331 321 324 228 207 229 336 313 391 381 335 260 348 293 244 275 380 393 268 241 404 405
253 282 259 230 324 359 283 241 252 351 341 295 239 272 385 375 247 332 322 201 299 248 331 367 321 334 232 311 301 389 323 313 267 391 368 381 358 210 400 401
282 206 281 265 233 198 199 231 261 262 382 336 339 283 296 381 394 384 361 350 320 395 227 375 319 272 309 322 256 364 367 321 334 266 238 366 219 402 403
233 304 379 230 240 221 328 318 393 262 360 352 319 276 374 311 220 301 231 255 235 310 346 323 277 388 368 322 228 289 279 292 380 236 347 337 398 399
304 280 231 340 267 248 310 251 281 284 355 212 354 245 331 367 389 366 279 290 263 293 313 244 368 312 205 235 380 347 271 255 369 349 286 303 374 203 404 405
199 311 288 265 278 389 222 379 391 368 224 302 292 357 249 226 359 218 293 283 250 263 361 338 239 363 395 287 385 362 375 231 352 221 211 289 243 220 256 334 396 413
311 259 210 312 262 325 380 309 370 263 337 310 359 294 254 235 208 219 371 348 225 328 373 275 286 317 303 329 365 342 198 231 264 331 232 343 391 405 406
286 316 293 277 371 384 224 205 238 340 287 236 239 329 309 256 387 200 321 203 376 250 280 366 379 264 310 248 284 368 345 335 302 228 209 212 207 246 227 249 403 404
316 360 266 198 250 359 372 264 362 339 218 329 270 251 232 371 384 265 361 228 212 223 376 278 375 246 279 263 293 277 344 202 287 323 255 285 368 345 381 335 405 406
206 207 393 239 360 363 317 284 339 329 342 266 243 331 344 321 275 386 232 366 235 300 325 223 236 213 370 226 347 216 301 258 379 261 336 326 250 240 361 396 413
207 376 222 323 277 254 388 257 223 380 236 226 235 359 215 313 293 270 247 283 260 371 348 325 315 272 373 327 264 329 309 202 263 374 351 298 275 396 413
345 365 355 284 344 298 301 387 357 223 229 210 240 366 213 292 243 325 306 323 358 307 341 221 327 370 224 347 254 222 288 352 321 216 200 201 237 248 300 408 409
365 340 362 212 360 210 241 227 371 337 302 324 380 338 355 336 203 205 220 250 280 252 297 248 284 344 350 301 228 376 259 201 261 213 306 249 232 293 244 367 410 411
227 230 354 288 265 386 232 389 310 217 290 335 302 279 256 236 301 209 212 223 238 339 260 381 328 285 350 330 284 208 219 352 342 296 332 225 397 398
230 374 211 364 298 288 255 366 356 346 313 219 247 322 357 249 347 281 248 212 369 359 229 201 295 285 350 209 297 241 375 352 244 319 225 397 398
394 275 354 308 319 322 382 266 217 372 198 215 218 251 330 333 395 328 350 364 315 278 259 295 279 358 290 342 375 356 254 391 208 287 241 252 236 239 412 413
337 361 247 351 220 341 264 218 373 300 293 281 265 298 301 388 209 342 245 278 210 262 344 249 260 366 263 254 222 225 239 321 272 335 308 319 216 203 407 408
361 324 341 200 393 217 220 299 250 261 313 251 362 344 331 334 245 226 373 213 246 358 211 385 263 375 293 326 277 356 307 343 287 225 285 409 410
389 259 384 358 309 342 293 296 329 359 310 340 223 357 224 379 287 271 222 252 255 239 370 275 338 319 341 266 217 283 313 264 237 301 412 413
198 203 258 248 346 313 205 270 391 260 381 250 295 239 252 229 297 372 228 362 339 231 208 263 374 354 308 265 320 254 244 201 259 380 357 213 226 396 413
203 225 382 238 336 326 339 250 240 338 285 275 350 219 264 208 329 332 364 202 301 386 278 232 245 343 312 259 236 200 213 216 396 413
326 352 388 342 216 332 217 247 220 280 366 356 284 368 245 259 210 295 327 276 306 279 312 382 372 296 339 371 205 235 238 219 373 386 288 239 272 406 407
352 359 310 327 235 238 271 318 338 319 375 388 266 217 387 250 280 357 237 270 300 330 265 317 331 228 209 223 210 292 246 309 409 410
236 315 351 215 363 294 385 319 223 344 386 320 356 333 323 300 247 335 256 367 380 347 301 379 271 346 216 293 237 371 398 399
315 297 346 284 391 381 247 347 280 231 261 264 295 276 218 306 232 362 339 265 329 296 307 228 210 350 363 343 320 395 289 221 202 224 321 283 405 406
255 328 226 318 308 285 363 340 284 244 299 276 289 374 202 254 205 238 344 268 366 239 356 355 200 279 259 250 370 201 360 369 232 303 260 209 263 400 401
328 258 368 335 275 308 322 393 217 250 267 270 281 371 265 317 298 209 212 223 330 262 292 211 332 323 277 372 307 310 367 221 202 376 268 271 406 407
295 364 367 334 288 324 275 366 217 325 370 228 209 371 278 384 210 240 213 341 318 276 308 263 244 320 297 395 375 221 205 322 287 387 403 404
364 325 244 323 294 355 380 254 208 271 258 382 288 395 272 302 275 289 319 374 200 247 250 201 231 261 283 248 385 330 388 223 245 360 229 262 410 411
201 357 379 261 293 391 260 381 393 239 360 229 363 209 294 307 395 385 254 329 342 296 299 288 278 356 212 310 244 280 257 211 325 396 413
357 283 313 215 300 251 375 330 281 342 343 212 346 240 213 279 323 354 355 202 208 285 239 272 332 256 317 350 303 200 336 348 299 409 410
241 393 285 386 363 202 307 235 208 219 254 225 319 256 331 321 288 376 245 343 290 267 358 279 370 209 223 258 248 382 359 213 293 283 260 263 384 398 399
393 222 283 225 267 284 298 331 220 325 342 293 323 329 359 340 362 209 223 245 229 243 318 290 321 272 244 324 202 336 235 372 268 299 412 413
388 329 340 212 327 223 240 262 292 370 351 323 387 371 221 219 222 386 318 270 302 320 350 220 280 231 249 279 312 284 265 412 413
327 330 343 238 299 385 252 270 265 387 354 298 320 216 217 369 346 336 261 262 260 232 312 293 208 395 213 339 239 318 321 338 351 256 322 406 407
318 384 374 285 258 341 219 313 264 387 300 251 344 232 298 301 323 391 262 213 325 257 279 309 260 310 369 359 372 235 268 381 405 406
384 272 335 303 202 339 217 372 252 283 267 297 349 216 301 395 385 278 261 249 358 232 296 356 359 373 224 254 208 374 222 387 225 411 412
238 275 307 320 251 264 231 375 296 218 266 256 341 344 321 386 245 229 247 358 380 370 347 224 379 205 261 222 260 371 338 216 262 398 399
275 268 283 210 240 341 330 221 342 220 309 279 228 356 346 300 313 280 259 358 335 292 360 350 359 395 372 224 254 329 208 402 403
284 391 254 348 325 219 225 370 360 237 372 339 216 293 306 351 350 279 251 232 330 263 320 287 367 246 260 336 402 403
391 265 320 216 367 381 231 292 290 307 359 310 343 346 376 379 226 257 321 272 335 308 387 289 221 355 205 339 299 280 222 252 412 413
330 358 335 348 254 235 287 268 239 324 382 362 374 266 247 373 340 300 343 265 355 223 246 325 276 279 260 346 277 407 408
358 334 212 369 257 309 290 342 296 343 294 223 224 268 240 252 225 285 272 351 332 324 338 289 341 322 280 264 218 297 409 410
216 336 303 270 283 260 217 340 307 218 375 329 213 221 276 266 220 344 288 366 343 300 208 277 259 324 268 200 225 261 396 397
336 200 334 217 247 313 267 297 248 281 232 312 363 294 292 211 290 321 324 335 308 376 219 271 252 285 288 347 350 317 407 408
351 371 272 335 308 373 385 280 261 283 344 298 366 348 245 278 229 259 246 276 381 309 323 380 370 360 294 224 395 372 268 362 408 409
245 226 229 210 300 267 257 355 335 279 359 222 349 303 348 363 297 287 385 254 375 329 296 232 374 256 331 344 334 265 301 399 400
268 307 215 246 372 260 329 387 209 344 254 278 356 333 300 290 312 279 347 324 217 250 379 271 346 349 371 212 401 402
348 256 334 368 217 247 250 380 262 215 350 382 340 212 287 210 240 213 246 276 258 335 289 375 224 339 235 299 367 252 237 408 409
208 252 395 251 385 332 309 299 220 210 223 301 366 333 244 368 289 226 271 248 359 228 371 217 338 272 396 413
252 272 262 222 317 294 339 296 354 331 247 308 278 323 313 228 212 223 226 210 347 301 271 211 346 382 293 306 399 400
271 308 386 217 363 250 261 264 215 218 248 270 329 309 387 321 298 226 278 379 356 333 323 290 260 211 325 279 324 235 401 402
308 319 257 211 302 376 219 385 375 332 237 267 322 298 321 324 200 333 323 229 292 264 215 290 325 244 360 349 210 405 406
371 395 385 302 338 320 247 280 376 248 281 333 265 329 359 331 212 223 262 213 379 257 290 342 354 296 355 410 411
395 385 235 372 258 349 332 335 320 380 303 367 266 217 247 237 267 300 342 344 212 379 229 262 292 306 293 277 338 368 412 413
218 302 249 202 248 225 349 339 306 338 200 373 340 317 372 362 231 266 220 256 341 354 212 298 376 356 333 346 280 355 224 396 397
302 270 350 386 340 240 213 342 246 319 249 211 354 277 331 202 224 379 235 219 313 222 288 256 347 360 369 250 280 231 215 404 405
367 232 342 346 380 240 243 385 321 272 324 335 202 299 222 376 283 285 267 297 300 251 350 334 247 220 280 410 411
285 225 373 317 256 319 217 250 261 215 267 301 251 310 228 209 322 312 325 229 240 292 213 260 369 382 349 303 339 381 205 402 403
259 278 237 376 346 355 223 226 240 347 243 246 257 249 359 363 258 239 307 320 287 329 296 309 276 387 341 400 401
288 240 341 262 213 243 263 307 297 355 332 289 222 301 303 368 266 247 325 231 347 360 270 251 294 293 329 306 403 404
325 300 331 344 301 366 228 356 335 249 347 360 277 359 254 287 341 289 363 319 303 343 217 247 342 299 355 406 407
293 289 344 321 247 300 312 347 226 213 246 257 249 290 306 202 350 340 297 375 342 403 404
306 341 386 376 205 343 379 250 264 270 300 228 347 212 278 229 349 213 292 381 263 294 221 363 223 340 224 240 222 404 405
232 322 229 210 213 380 258 294 248 369 237 239 307 362 200 309 263 299 217 374 220 231 265 333 228 280 398 399
322 312 372 263 339 209 210 376 258 342 289 355 319 387 219 334 324 237 297 239 356 333 381 370 292 215 406 407
211 299 266 220 331 386 278 343 235 212 333 257 355 368 256 246 213 347 225 261 346 382 359 283 240 219 294 339 342 296 332 396 397
299 359 372 294 254 205 374 239 256 307 320 385 355 219 220 354 301 376 379 212 226 368 312 262 257 380 404 405
243 331 298 265 386 278 366 323 300 280 224 355 289 292 225 258 294 369 382 303 260 231 262 307 297 264 375 223 296 276 266 256 399 400
331 368 244 347 221 360 359 362 258 272 319 341 320 301 373 340 231 283 264 375 248 265 376 333 407 408
262 344 334 376 258 343 379 280 368 279 217 347 251 369 349 381 212 229 240 246 320 287 264 289 224 400 401
344 381 249 309 223 254 205 359 372 321 332 338 350 375 250 280 261 215 237 270 376 334 278 408 409
283 294 369 359 296 265 212 287 226 278 342 332 276 387 244 321 356 224 300 219 368 258 272 292 402 403
266 281 244 349 338 222 340 307 320 329 319 309 202 276 387 220 354 321 334 251 343 226 279 360 401 402
224 317 362 223 213 376 300 267 221 247 205 279 222 380 281 379 225 382 372 339 220 397 398
317 254 287 381 335 370 347 272 382 362 250 280 374 264 237 249 279 298 320 212 342 319 355 332 246 290 289 369 405 406
244 332 276 228 387 354 298 386 376 346 323 277 313 355 368 312 222 281 237 263 338 272 350 363 231 385 399 400
332 338 329 209 374 319 202 235 366 248 251 335 228 347 360 226 369 292 215 349 249 290 407 408
335 228 334 350 246 375 323 387 205 235 219 380 370 217 220 280 382 349 362 407 408
222 360 287 264 276 341 354 223 343 333 323 277 267 257 247 200 380 324 359 349 270 381 397 398
296 342 354 221 324 301 237 313 303 312 347 278 280 292 372 362 338 209 226 287 240 225 297 403 404
342 221 258 200 380 231 264 237 251 320 374 301 226 240 249 260 408 409
247 369 209 272 373 372 385 362 375 329 235 319 219 387 310 200 217 289 237 399 400
340 385 205 287 258 387 272 256 289 346 250 381 215 370 369 212 223 229 210 309 373 350 221 407 408
385 343 294 202 254 205 374 324 354 386 303 281 298 350 228 334 379 213 246 276 249 412 413
205 209 294 200 210 320 212 290 312 256 380 324 281 225 359 215 349 303 381 249 239 350 396 413
265 292 370 369 338 237 272 360 350 363 297 287 362 375 220 374 264 248 263 386 209 323 300 401 402
272 239 256 320 329 231 321 228 333 346 212 290 226 370 221 254 235 219 401 402
359 200 220 333 381 226 229 213 246 257 260 290 310 363 376 338 409 410
257 387 209 212 278 356 229 310 323 246 368 281 258 261 270 239 338 200 360 350 363 297 362 215 375 400 401
387 249 290 310 373 346 374 239 368 280 386 215 333 363 223 292 412 413
210 386 277 290 312 292 246 370 324 349 381 250 240 249 360 373 229 307 261 264 231 309 276 396 397
289 339 226 363 213 297 258 375 355 309 221 343 300 239 303 251 368 360 382 372 403 404
339 319 372 217 313 267 248 376 228 200 278 355 261 354 290 263 209 380 321 360 407 408
341 349 260 386 220 343 270 251 298 301 334 278 250 379 231 369 346 263 307 380 223 350 382 408 409
349 370 360 250 261 313 382 297 281 333 209 386 246 276 260 290 323 329 294 221 202 219 366 379 239 408 409
312 251 298 212 333 346 213 292 279 277 380 370 347 294 235 382 219 372 256 373 343 320 220 215 405 406
251 347 219 261 260 217 373 231 350 386 320 264 375 228 223 213 343 300 290 267 270 399 400
202 307 382 231 319 276 374 386 366 323 277 254 290 267 225 280 260 237 370 239 373 396 413
307 254 219 354 321 256 303 200 355 220 215 380 297 324 281 298 369 228 260 404 405
372 221 369 237 366 386 334 375 292 276 309 346 254 360 324 256 410 411
254 287 329 386 278 376 366 323 277 280 250 292 380 334 347 360 400 401
368 298 209 374 278 376 246 276 277 343 294 258 324 354 338 381 355 220 313 248 382 410 411
226 376 366 310 355 279 223 379 260 229 264 231 276 374 298 397 398
355 228 223 386 363 235 287 300 379 347 350 261 267 360 249 309 263 409 410
212 320 267 280 380 213 281 294 240 219 297 354 376 396 397
320 350 221 235 219 374 313 281 217 229 261 310 369 209 406 407
297 221 324 369 338 215 309 209 301 240 376 366 343 356 333 300 263 303 404 405
374 290 354 235 225 237 267 239 366 347 200 264 249 309 323 310 346 246 411 412
263 334 366 356 250 267 380 347 369 329 338 228 373 310 277 375 258 319 400 401
249 354 248 356 313 280 229 292 246 294 240 386 310 277 375 235 399 400
379 264 215 375 356 380 362 287 225 258 256 319 369 382 280 300 281 411 412
240 343 356 333 323 300 200 267 256 215 237 346 228 303 270 363 261 329 398 399
343 375 292 338 346 225 370 319 362 220 250 261 313 215 279 373 363 408 409
319 277 235 354 231 346 301 209 223 278 213 309 406 407
217 281 303 270 200 287 220 354 278 313 267 324 396 397
209 287 246 301 258 369 346 215 280 270 239 373 350 363 261 264 396 397
287 386 221 225 309 239 354 300 219 324 228 213 276 381 279 403 404
386 354 303 369 220 363 366 301 381 248 309 362 294 373 412 413
376 229 290 370 356 310 200 382 280 237 375 298 411 412
300 347 213 246 382 294 363 239 261 215 346 270 381 404 405
258 248 277 309 228 223 298 278 366 333 313 270 235 237 294 260 200 400 401
229 301 333 310 313 347 248 381 250 338 363 362 375 276 221 397 398
301 215 248 362 219 220 250 281 334 333 369 404 405
270 292 380 200 370 294 362 363 375 276 221 235 333 369 346 323 280 239 401 402
329 303 219 237 256 298 338 360 264 279 292 246 321 406 407
221 354 321 298 290 223 215 370 281 225 382 313 260 250 360 397 398
278 366 356 323 347 239 250 261 237 248 298 402 403
231 347 281 369 346 225 250 276 298 366 277 290 246 398 399
347 237 360 279 260 310 375 321 354 408 409
334 276 309 381 310 294 360 382 362 373 363 235 239 281 298 366 407 408
200 228 260 250 239 360 264 220 366 277 267 281 396 413
346 215 380 382 362 313 267 333 408 409
248 256 228 264 321 219 356 310 323 277 313 399 400
256 381 373 363 277 276 298 220 290 370 324 213 303 400 401
220 373 264 375 276 223 333 213 397 398
294 250 237 298 356 333 215 276 290 380 324 360 363 403 404
303 381 215 373 350 362 375 309 213 246 356 333 370 267 404 405
276 354 366 279 292 370 246 402 403
354 310 235 338 261 313 381 223 382 409 410
277 356 313 235 225 281 369 338 261 246 402 403
237 246 380 215 250 350 223 225 366 333 219 290 398 399
246 356 310 280 369 250 225 239 373 362 399 400
280 324 382 338 360 313 264 402 403
324 313 373 363 298 213 292 309 290 338 380 406 407
290 366 313 370 225 369 381 373 264 403 404
310 213 366 369 225 370 264 281 350 363 405 406
381 267 279 309 382 373 292 338 369 225 411 412
313 362 239 235 333 298 405 406
321 219 225 356 369 215 380 281 370 360 228 406 407
225 239 350 362 223 281 338 397 398
298 369 235 261 264 267 366 356 404 405
215 370 281 228 260 261 366 267 396 397
281 292 264 370 279 375 235 219 366 333 402 403
235 375 356 333 279 260 239 398 399
382 369 267 363 380 309 260 356 360 411 412
360 369 323 370 260 373 409 410
228 267 279 239 350 264 219 356 397 398
366 370 267 350 410 411
292 356 279 369 363 261 264 403 404
223 333 267 260 397 398
333 338 370 260 219 373 264 407 408
380 267 323 338 411 412
213 267 362 396 397
267 373 363 250 356 323 401 402
309 363 279 405 406
370 338 410 411
260 323 261 373 400 401
375 338 411 412
239 369 398 399
363 338 350 410 411
338 261 264 219 407 408
362 350 250 264 373 323 409 410
369 356 410 411
373 356 410 411
264 356 401 402
219 323 396 397
356 279 250 409 410
350 323 408 409
250 279 399 400
323 261 406 407
261 279 400 401
279 402 403
396
397
398
399
400
401
402
403
404
405
406
407
408
409
410
411
412
413
