#/usr/local/lib/python3.10/dist-packages/colab_kernel_launcher.py -f /root/.local/share/jupyter/runtime/kernel-2119b688-3f38-4b5a-b3d6-e140ef2e0719.json
# GMT Fri May 24 09:11:57 2024
# 
123 219 64 208 98 107 18 135 203 52 3 82 63 205 80 12 143 134 189 136 68 19 180 49 0 127 53 34 117 47 28 131 81 32 175 188 177 124 105 16 174 14 44 163 112 154 167 76 27 169 171 66 149 119 151 455 456
219 23 187 113 2 215 166 47 17 160 30 194 11 175 209 139 124 154 188 18 152 163 63 191 189 40 70 204 55 115 149 100 179 130 183 64 147 128 109 190 141 37 22 52 135 86 61 65 46 197 44 25 159 89 462 463
21 208 142 197 144 199 19 135 203 179 13 196 51 7 119 174 187 108 176 68 16 167 103 105 39 41 109 98 111 100 17 38 159 27 148 40 161 95 42 97 33 35 156 90 24 158 200 92 213 147 215 28 204 30 85 448 449
208 138 202 151 185 196 218 47 81 160 13 194 145 96 175 205 26 56 37 203 105 184 16 182 163 14 25 167 97 29 108 195 76 27 8 170 174 168 43 220 126 107 58 137 22 101 3 215 199 31 12 217 193 461 462
37 152 165 86 13 77 198 7 145 213 202 35 138 193 85 206 127 140 87 76 210 131 146 124 137 139 2 60 36 183 75 196 51 0 121 110 57 180 103 50 3 173 107 120 31 43 25 47 102 214 19 42 84 449 450
152 60 120 135 16 176 144 127 78 108 112 213 106 173 72 151 215 121 164 55 66 166 100 145 210 45 75 143 124 73 54 107 207 22 52 82 67 200 80 202 46 110 204 70 197 19 34 47 62 13 179 96 7 457 458
138 204 151 164 68 19 0 98 128 155 28 9 13 92 107 201 214 148 26 90 99 143 65 185 145 108 4 182 195 136 173 111 130 96 75 109 124 183 73 58 63 163 127 165 131 112 1 61 95 121 89 147 149 456 457
204 68 0 72 102 147 177 47 181 126 7 141 60 41 165 169 118 20 44 78 93 112 23 87 91 217 36 100 164 194 15 45 75 173 203 154 24 58 122 18 22 186 211 1 31 65 140 153 134 168 198 461 462
160 222 34 113 117 47 51 81 215 162 11 143 105 39 118 69 20 99 103 84 78 59 142 12 27 87 196 110 140 191 15 45 182 186 126 156 107 58 141 82 177 168 172 25 159 70 165 4 68 19 49 167 38 458 459
222 32 111 26 56 173 184 20 99 50 122 103 84 44 216 59 161 76 106 57 8 223 91 121 155 36 66 168 198 202 75 98 158 181 126 107 18 101 52 86 67 150 1 31 95 125 148 93 153 134 72 53 132 34 462 463
13 209 22 77 90 9 202 15 217 17 151 72 85 210 23 133 201 190 82 18 8 128 117 2 198 187 57 59 48 61 182 171 52 175 111 166 179 100 155 168 102 223 91 172 106 148 216 42 31 165 448 463
209 156 137 7 101 90 120 135 86 150 39 69 25 59 23 4 210 136 85 81 111 130 96 45 79 54 58 18 133 186 82 131 112 31 195 176 91 10 70 155 168 179 68 183 0 83 34 113 177 128 47 162 192 461 462
32 35 211 158 8 202 215 149 96 195 76 26 197 144 91 133 67 201 135 148 82 124 137 139 194 77 119 66 55 68 193 6 169 184 0 105 118 107 109 28 117 38 159 40 161 1 108 97 44 99 220 25 10 449 450
192 211 116 191 150 176 65 189 159 10 40 74 104 19 183 72 147 117 156 56 190 105 16 118 50 133 163 14 78 213 112 4 106 38 91 2 136 166 221 6 36 223 100 11 15 158 143 173 218 207 77 58 122 52 460 461
211 51 213 175 190 60 120 5 35 169 69 84 197 97 108 4 76 8 91 121 55 6 115 119 149 194 64 94 109 143 43 54 88 122 215 82 131 31 176 114 129 193 93 216 134 102 132 34 113 147 177 28 462 463
16 214 40 150 42 163 1 86 33 10 156 213 26 94 136 127 74 195 23 144 7 80 190 203 5 137 179 126 14 62 75 185 176 68 180 6 103 116 171 52 41 164 177 45 168 102 223 36 170 25 448 449
214 150 197 159 172 206 23 8 38 2 166 66 111 30 164 194 11 45 105 73 54 99 122 18 103 22 186 127 131 42 176 216 46 170 174 134 168 100 34 181 28 9 43 62 156 137 7 171 41 71 135 146 462 463
150 116 50 114 65 196 198 48 4 38 72 191 102 180 193 117 6 15 188 109 177 24 103 170 183 3 82 33 172 67 174 142 176 46 55 85 115 119 49 0 215 162 34 217 147 98 153 9 7 159 457 458
7 165 33 88 156 90 200 94 151 206 140 87 197 10 0 131 65 69 124 179 126 60 117 132 5 174 110 180 127 48 169 103 39 173 120 41 162 43 164 177 221 47 102 106 29 97 31 448 463
165 120 194 143 124 20 198 191 112 57 87 121 173 85 175 100 130 30 177 190 79 168 181 162 170 54 156 137 88 18 33 63 178 61 65 171 213 89 70 4 206 221 113 117 199 51 81 164 26 458 459
48 166 113 102 49 104 15 51 106 174 216 108 97 167 90 158 12 142 19 78 91 203 137 126 60 128 141 183 130 41 198 66 187 35 121 55 68 189 39 70 191 112 125 180 127 182 184 186 109 122 111 124 450 451
166 23 4 57 87 38 206 223 199 203 98 218 194 107 22 101 52 187 200 161 1 180 193 140 195 197 153 104 134 0 175 188 102 190 147 47 162 168 51 126 156 183 141 41 174 124 154 105 169 458 459
39 117 159 40 95 216 108 110 26 154 101 169 92 213 24 147 149 18 83 206 98 140 155 197 212 69 6 73 0 128 130 119 132 66 200 134 55 191 59 182 195 171 63 1 52 186 109 23 168 49 449 450
117 215 149 108 221 210 46 144 91 212 133 10 40 100 126 207 98 130 9 198 134 56 191 80 50 114 44 120 175 177 168 38 53 223 113 170 51 81 161 216 30 45 75 90 154 105 455 456
111 156 76 57 151 85 210 15 94 144 199 98 79 43 54 203 205 126 194 33 86 67 130 198 1 80 31 42 191 10 40 193 104 0 102 173 83 186 9 51 81 56 41 119 161 20 220 108 454 455
4 96 217 153 221 155 47 91 159 93 148 82 220 154 75 88 156 198 11 79 70 17 63 76 10 131 144 67 188 14 56 177 58 179 60 194 183 9 130 53 108 42 112 125 101 105 107 448 463
96 112 19 53 34 215 206 90 41 35 197 54 50 44 78 205 126 139 76 196 132 187 200 6 36 202 30 0 182 9 118 43 77 22 52 179 86 100 181 223 170 65 95 119 89 70 163 74 97 453 454
41 163 27 97 110 38 86 99 167 36 11 94 206 153 89 199 33 67 69 190 12 73 194 62 40 66 121 0 176 57 70 191 9 129 105 118 120 54 175 5 98 102 157 159 106 23 449 450
163 223 69 20 133 218 127 112 8 140 55 36 66 164 206 100 221 15 45 197 210 128 109 212 73 54 18 205 3 82 194 135 86 185 61 12 187 114 46 125 191 104 195 184 83 47 190 458 459
187 217 221 107 210 141 171 186 116 67 180 1 218 46 207 159 157 151 102 53 83 136 193 92 199 5 99 133 167 78 59 131 142 76 27 57 140 170 121 220 85 17 130 30 94 98 128 79 460 461
217 19 83 34 113 221 185 215 196 51 81 62 11 205 139 90 99 182 216 97 29 59 161 23 195 57 8 87 189 140 100 179 75 98 128 79 109 181 73 126 156 88 141 33 116 146 144 10 134 462 463
44 168 102 223 157 212 172 161 84 14 29 143 77 27 94 215 140 129 89 210 186 78 199 188 43 82 71 18 60 181 73 185 198 174 189 70 125 180 114 127 169 103 52 120 2 28 109 45 450 451
168 25 29 131 199 76 57 175 91 115 11 183 98 158 43 176 126 220 141 135 146 1 61 129 10 93 153 210 212 53 113 51 81 92 207 26 198 154 5 118 50 133 459 460
57 107 122 164 24 159 3 97 12 207 46 88 143 10 40 147 81 215 0 162 83 140 155 144 78 91 133 146 203 124 205 20 185 77 119 132 189 70 191 193 2 127 55 36 63 451 452
107 8 87 185 200 36 66 121 100 125 15 180 79 129 54 131 88 188 33 170 159 172 10 89 176 104 218 110 220 98 147 77 26 164 206 144 20 133 25 29 139 194 128 454 455
29 45 100 155 36 91 104 38 25 218 31 33 101 158 17 140 195 129 89 144 65 78 199 80 190 203 126 60 73 141 130 64 119 53 174 110 0 59 114 169 61 171 184 9 105 118 173 162 177 449 450
45 110 23 46 127 169 52 186 120 54 175 11 177 221 113 115 104 159 51 95 33 84 218 207 220 31 74 195 142 197 144 80 201 135 203 26 71 128 62 20 185 66 121 55 176 450 451
34 149 151 72 23 140 142 199 80 122 11 58 71 15 139 64 119 132 18 121 68 178 112 114 127 1 12 169 61 63 105 173 113 102 157 212 106 26 84 218 141 5 79 92 213 449 450
6 61 116 50 173 186 162 109 43 56 98 221 113 47 115 161 95 31 33 167 88 145 79 92 202 149 2 74 131 23 212 12 25 146 14 148 69 71 139 60 73 128 130 11 53 68 189 191 448 463
61 80 201 30 205 73 128 62 43 77 198 176 68 70 114 12 116 186 162 19 155 223 157 170 104 9 95 97 60 86 145 14 94 149 59 151 85 206 153 74 27 38 210 2 65 133 451 452
92 101 47 103 145 202 94 56 136 140 197 84 14 148 137 23 139 27 141 198 66 176 30 189 180 129 73 171 118 88 173 164 177 223 115 170 104 159 174 74 95 110 49 99 220 53 154 167 453 454
101 139 207 141 121 134 189 69 99 50 178 127 78 195 116 171 38 188 109 17 179 30 223 115 106 119 24 110 58 18 154 145 213 147 42 149 65 151 89 93 142 68 19 212 83 148 28 454 455
55 182 129 63 184 173 175 109 164 177 22 3 181 31 42 106 161 174 112 0 156 169 90 103 145 28 81 215 149 221 35 144 135 71 194 75 196 143 64 178 70 125 59 114 127 450 451
182 115 183 149 130 30 79 158 162 73 24 126 58 88 141 52 213 12 46 125 210 104 212 0 72 102 113 9 207 62 26 139 71 173 154 50 103 133 14 167 197 127 186 87 38 174 460 461
8 177 100 113 36 170 212 159 93 161 216 84 141 5 90 200 81 215 15 17 85 206 19 140 142 89 188 14 203 58 139 194 62 183 9 130 68 3 178 112 125 59 50 105 52 173 448 463
113 202 97 149 76 153 38 155 36 17 188 11 203 15 94 79 194 73 130 88 200 134 22 52 189 86 1 116 129 171 74 175 0 83 157 170 26 60 69 50 145 455 456
27 120 122 177 179 181 223 49 170 172 93 161 53 174 88 35 28 162 85 140 153 87 142 131 199 133 1 135 82 71 84 205 73 207 128 19 132 134 178 125 114 127 169 26 105 173 448 449
120 38 91 220 119 158 30 64 15 73 54 77 58 18 210 63 86 203 80 31 42 194 70 185 198 134 53 83 191 125 47 193 51 81 129 175 5 20 99 84 14 223 59 161 455 456
30 125 46 59 116 118 28 162 54 175 56 47 223 115 5 91 104 106 95 218 86 167 90 145 147 215 199 201 135 148 82 181 194 128 62 183 75 12 119 174 66 25 10 449 450
125 11 64 148 79 203 43 24 58 88 183 130 33 198 86 134 12 42 136 95 46 180 193 10 89 93 104 173 186 68 19 49 0 188 170 174 216 108 106 151 110 140 144 455 456
43 64 66 112 36 59 72 127 50 118 122 24 18 221 22 3 106 1 42 95 216 218 99 10 154 88 158 81 215 149 151 98 153 74 195 155 197 199 5 69 190 130 143 450 451
64 136 58 114 127 52 118 12 124 179 40 100 181 104 159 172 53 161 47 51 56 103 60 213 202 162 50 14 153 87 59 197 210 23 78 80 201 137 126 11 143 15 185 121 134 68 451 452
87 74 179 115 47 104 172 81 174 108 207 156 20 84 213 202 94 78 151 153 76 195 89 210 131 133 66 17 188 11 15 205 139 128 54 198 132 114 80 12 65 105 40 70 453 454
110 131 60 90 24 54 69 99 84 181 33 97 170 185 42 218 167 85 156 171 49 213 9 77 58 223 71 199 146 5 137 46 196 72 102 202 136 47 180 81 127 184 197 454 455
112 90 79 181 54 172 18 161 3 63 167 31 169 46 213 10 70 74 19 153 53 83 146 201 77 148 56 205 141 50 200 25 134 136 191 23 38 102 131 173 455 456
22 126 60 194 128 130 185 119 134 189 14 169 116 50 171 52 54 188 122 164 56 177 15 216 108 97 86 46 167 88 213 28 83 10 195 155 131 23 144 0 133 67 201 190 448 449
126 52 196 130 147 65 89 193 40 74 129 119 0 199 53 175 181 26 185 176 178 220 14 78 169 93 38 121 2 115 17 142 157 135 24 205 218 141 456 457
25 89 223 212 146 161 203 23 84 218 19 207 33 75 88 143 77 198 17 134 202 215 151 85 127 129 63 76 65 18 60 73 130 53 121 178 169 50 162 3 153 100 448 449
98 121 189 180 193 2 66 188 75 122 90 24 183 172 3 82 33 174 108 31 12 76 46 169 213 147 162 94 164 9 88 86 139 50 198 89 59 93 74 454 455
121 175 52 82 223 183 172 42 114 218 10 89 40 104 167 156 19 83 162 26 157 199 20 203 103 78 59 141 23 143 198 200 134 178 191 193 15 94 455 456
31 67 188 80 201 82 203 137 84 5 139 20 128 75 70 184 105 52 11 15 164 179 36 38 172 93 35 156 145 94 136 19 0 83 85 140 210 78 26 449 450
67 12 124 205 139 128 10 196 185 132 49 176 178 114 62 118 122 164 100 65 14 157 161 216 86 207 220 154 36 17 143 11 15 94 60 85 24 74 195 58 142 197 52 78 135 451 452
91 118 188 89 124 38 223 170 183 104 172 36 95 216 108 75 220 154 145 24 69 213 94 84 149 63 151 221 142 210 144 46 49 128 130 134 189 136 180 193 453 454
118 2 85 100 178 220 15 75 109 171 77 215 33 157 65 46 199 212 201 89 40 203 216 93 74 104 205 0 207 185 132 200 62 5 184 197 131 186 59 23 106 455 456
223 197 212 142 23 185 136 85 164 205 94 128 184 207 77 167 116 210 176 70 119 179 72 132 177 47 181 162 190 171 201 135 5 169 69 114 462 463
131 190 179 89 40 100 53 220 167 156 158 86 116 164 221 108 144 159 135 203 2 137 205 139 66 81 194 134 189 136 54 193 1 12 76 106 46 456 457
3 5 181 1 62 75 51 119 11 132 66 59 103 50 173 177 155 36 157 49 170 172 42 84 205 86 220 141 156 147 202 94 193 153 195 129 142 197 89 199 133 69 58 448 463
5 108 20 167 156 24 158 202 15 136 28 0 151 85 206 142 76 89 210 23 14 148 203 124 137 84 60 196 176 191 193 129 50 109 58 47 157 49 51 448 463
11 9 180 184 105 52 175 164 89 36 49 146 93 40 42 143 35 24 81 94 83 193 140 74 195 63 197 12 201 122 135 69 190 137 179 51 178 448 463
52 128 198 53 200 68 178 191 24 169 116 171 63 184 56 221 115 157 40 93 9 88 143 90 103 26 202 140 197 80 201 82 137 450 451
190 142 80 176 95 140 213 10 155 202 119 149 193 49 183 47 28 135 180 69 148 153 23 151 115 66 51 100 15 75 109 154 184 212 58 88 82 97 127 116 460 461
115 14 97 59 179 36 157 100 172 94 75 216 109 218 9 154 88 158 82 86 215 80 114 95 46 153 221 197 74 53 83 137 47 128 185 198 90 71 178 191 99 455 456
136 79 206 58 221 26 82 210 135 86 159 20 203 216 114 154 68 102 147 47 62 140 15 199 188 99 122 84 33 63 78 185 176 178 10 85 167 119 0 456 457
188 12 42 176 170 220 100 49 94 147 181 62 156 210 144 203 218 207 172 104 157 132 83 185 51 206 145 195 90 143 24 54 122 103 186 127 78 142 460 461
149 180 53 47 81 62 175 139 99 174 127 218 156 2 66 119 162 151 94 153 79 221 155 199 212 58 33 216 63 146 80 12 144 95 46 10 19 0 457 458
180 94 205 54 156 58 141 189 193 1 144 129 159 40 104 72 53 147 162 9 81 62 26 56 60 71 124 133 213 14 215 108 142 176 38 2 155 459 460
85 195 129 68 72 122 164 179 26 102 170 104 161 174 95 108 220 167 88 156 94 151 153 210 201 135 77 18 207 141 185 198 119 134 202 70 453 454
195 104 19 53 77 146 35 50 114 144 14 89 23 72 51 194 145 218 60 139 90 207 196 105 54 69 88 18 186 167 161 206 12 189 170 460 461
196 213 171 82 63 86 116 1 144 148 178 199 212 40 201 93 134 72 207 185 51 81 200 26 56 60 139 71 173 184 103 14 191 142 189 66 147 79 109 181 162 73 461 462
38 175 49 170 104 159 40 95 86 143 77 90 158 79 134 74 129 1 78 80 135 82 58 60 73 75 51 119 132 176 191 116 105 35 173 449 450
139 116 220 154 46 10 89 74 104 134 153 72 53 212 51 201 71 207 141 124 145 14 127 108 106 197 94 75 9 24 54 77 88 161 18 456 457
12 201 14 82 58 194 128 75 119 174 66 178 46 184 105 89 212 148 95 216 84 33 154 88 77 158 79 26 202 28 72 65 186 448 463
80 82 137 40 128 198 49 200 53 189 28 191 51 127 56 116 129 71 173 186 100 176 97 66 99 154 15 158 105 24 18 155 63 197 157 199 212 452 453
65 78 40 69 82 49 194 128 75 185 77 198 9 66 70 191 193 114 173 59 183 53 106 17 97 99 220 154 167 90 103 145 94 140 142 76 42 144 451 452
78 74 172 68 95 108 218 62 90 158 79 213 147 142 82 203 207 141 66 119 134 176 178 193 54 169 58 129 171 105 173 186 175 109 452 453
10 142 89 199 201 203 124 205 18 60 194 130 134 189 164 155 36 157 104 51 216 108 97 88 143 103 202 215 15 1 19 140 448 463
142 134 181 68 0 53 159 216 62 218 56 167 35 20 50 122 103 84 14 155 140 201 17 119 194 79 73 24 193 135 184 114 457 458
68 83 140 24 18 144 212 133 73 183 40 200 189 53 72 193 114 47 173 26 186 56 122 35 100 20 161 95 86 154 90 103 202 215 451 452
83 0 202 94 72 28 62 210 146 60 203 50 194 130 143 198 200 76 193 114 127 169 116 79 179 24 100 170 82 161 216 218 220 70 90 103 74 452 453
73 198 119 63 178 46 116 70 105 19 221 102 62 159 26 106 218 99 50 81 202 215 151 74 66 199 201 148 203 124 54 128 75 130 452 453
198 206 63 146 197 129 153 157 185 17 81 56 215 173 154 20 133 14 127 108 161 140 36 15 94 147 177 162 461 462
124 218 178 154 158 171 215 164 109 62 210 199 212 159 71 203 137 130 143 93 104 23 189 53 2 129 17 51 184 173 175 60 105 54 84 185 455 456
86 137 26 205 207 141 143 193 184 2 66 17 51 15 60 79 54 69 106 174 216 33 99 154 145 19 47 9 93 135 203 453 454
137 116 42 200 46 178 40 93 193 134 132 71 105 172 161 174 69 99 50 122 103 84 108 167 158 147 2 119 197 157 54 88 205 63 141 456 457
26 99 220 9 143 213 20 197 212 133 194 128 141 2 183 130 77 193 129 63 18 164 56 177 102 49 51 172 19 448 449
201 193 89 172 104 134 72 151 47 9 51 194 145 60 71 184 99 167 161 23 76 106 170 174 213 100 215 206 177 221 24 18 171 186 461 462
0 70 191 17 74 129 23 122 135 69 183 119 114 116 221 104 42 218 20 33 75 143 35 156 90 158 134 448 463
70 212 146 82 58 71 205 194 75 77 119 176 189 184 105 2 122 17 179 155 157 20 18 84 220 88 143 200 94 36 66 206 452 453
72 94 162 49 28 210 199 56 93 148 71 216 35 128 141 130 200 134 129 17 173 122 15 179 102 159 33 161 176 97 46 156 103 158 171 452 453
94 28 127 71 164 35 221 170 104 172 218 154 162 79 18 82 148 42 46 194 207 128 40 143 74 453 454
42 69 58 128 75 172 185 132 53 178 2 59 17 184 173 56 177 9 89 212 159 161 95 216 1 205 97 156 77 134 193 74 129 186 450 451
116 66 205 207 130 132 200 63 1 186 114 175 164 177 183 47 176 220 56 60 213 35 69 99 103 14 97 210 144 157 76 106 455 456
176 109 173 105 69 127 1 76 218 40 119 53 147 9 221 156 171 203 20 50 84 200 23 189 151 191 184 459 460
9 145 79 127 135 177 181 128 62 183 185 178 167 59 169 105 109 155 47 102 23 157 104 146 93 95 99 220 35 448 463
191 15 58 63 218 220 114 148 178 153 134 19 212 51 81 62 164 145 203 71 205 184 207 69 84 127 202 161 174 36 460 461
179 193 186 155 119 183 147 158 24 88 218 1 213 46 89 93 210 102 53 2 17 216 205 145 56 71 173 189 103 133 33 63 459 460
193 197 19 199 135 144 148 59 93 153 102 17 145 56 212 18 84 220 200 213 215 189 66 460 461
93 153 100 14 212 146 159 135 148 203 207 143 17 185 75 24 58 18 82 76 46 172 178 47 114 158 171 213 215 71 164 206 453 454
153 74 104 221 49 102 47 28 194 56 185 20 84 59 76 106 140 66 109 24 54 220 146 169 171 114 144 95 162 129 457 458
206 202 49 210 181 28 216 154 105 69 20 213 84 197 14 167 97 108 161 140 170 155 143 162 88 18 141 186 135 146 1 129 159 172 74 461 462
156 202 154 35 50 103 133 184 108 186 106 155 172 185 174 128 109 167 54 58 215 146 164 134 159 194 47 458 459
109 134 2 114 36 66 129 186 15 170 33 159 161 216 95 167 169 158 19 102 162 81 56 199 60 148 205 183 97 132 454 455
134 207 141 114 129 40 200 19 102 132 71 35 20 157 122 133 174 158 151 456 457
95 199 148 14 194 141 183 130 76 200 2 66 173 54 58 88 181 104 1 145 53 213 105 147 47 51 140 56 155 144 453 454
199 159 89 218 207 19 183 151 102 181 162 81 69 20 84 14 178 97 157 170 155 119 130 215 146 461 462
99 56 161 174 108 14 169 103 97 147 215 162 155 17 144 133 135 203 141 77 58 143 200 1 173 186 181 62 102 157 454 455
171 194 17 100 200 75 143 24 58 88 122 133 197 33 146 177 170 155 183 172 47 220 62 56 60 90 35 20 221 148 59 459 460
194 186 82 63 1 129 174 49 203 205 145 143 173 35 169 103 59 76 155 100 77 460 461
47 158 202 155 76 197 135 148 69 71 141 33 114 40 104 174 108 97 220 103 450 451
158 28 90 154 175 122 108 170 76 106 140 174 218 100 220 147 54 215 77 58 88 164 63 212 148 104 19 49 102 458 459
19 197 133 146 135 128 174 189 167 59 127 63 105 186 54 175 49 172 108 97 20 35 145 202 448 449
35 161 97 220 154 167 88 90 14 151 140 129 197 89 212 133 17 15 185 77 53 66 33 59 50 63 162 175 100 102 159 449 450
220 203 50 167 212 59 23 140 2 155 200 15 147 24 54 1 114 40 172 221 102 181 51 462 463
141 207 147 23 51 62 56 183 90 50 122 103 133 127 108 164 144 212 148 203 216 205 77 58 457 458
207 146 114 178 89 74 23 132 2 221 36 210 17 212 24 54 122 133 63 213 106 155 202 49 147 28 461 462
159 114 76 36 200 189 75 79 184 58 18 82 1 181 74 104 169 28 62 213 162 135 221 458 459
56 167 213 17 81 210 212 203 33 128 62 46 200 114 169 129 164 221 157 50 172 161 174 218 451 452
202 162 62 169 20 84 108 59 172 151 2 130 164 79 58 103 82 33 216 1 106 170 155 119 215 461 462
14 102 157 51 33 145 17 74 146 69 58 18 181 75 130 132 167 169 103 184 105 175 177 448 449
102 164 221 197 210 157 146 205 79 132 33 127 184 177 49 104 108 69 213 105 147 454 455
74 76 53 135 148 28 84 205 183 60 59 173 175 122 66 157 54 97 218 63 145 213 147 81 151 452 453
46 146 205 24 66 178 127 169 63 184 173 186 161 174 216 88 145 79 200 213 81 23 140 155 210 450 451
197 174 155 49 216 205 53 81 200 50 114 164 75 79 154 122 82 146 170 461 462
161 181 103 59 106 178 167 155 66 119 164 54 146 114 144 104 49 28 51 90 71 458 459
145 154 62 169 215 135 105 164 20 157 59 216 205 2 51 189 58 88 82 186 97 1 76 40 104 185 457 458
28 79 200 81 186 146 71 60 75 51 132 66 178 17 167 59 114 169 103 50 162 54 24 221 1 108 205 97 218 449 450
129 210 144 157 212 135 130 1 20 114 89 133 23 2 172 60 105 167 18 33 63 213 151 456 457
210 104 53 81 175 90 105 103 186 167 108 23 212 170 216 130 128 181 88 18 33 169 462 463
97 183 104 20 172 119 108 218 151 140 144 212 77 135 203 216 1 132 89 49 184 175 122 453 454
60 33 154 169 140 221 155 82 84 205 62 130 185 50 114 2 17 122 104 24 106 108 451 452
132 215 24 151 18 33 155 146 148 40 49 143 200 178 50 177 84 59 181 170 183 23 172 106 174 36 119 15 128 79 456 457
215 205 90 154 105 184 69 122 133 108 170 2 100 183 15 177 181 77 178 462 463
89 205 2 143 189 50 84 184 59 186 76 100 181 170 104 172 216 79 90 147 151 453 454
104 84 144 148 203 76 17 33 175 164 177 51 162 454 455
154 218 90 169 108 162 155 140 2 36 66 17 119 100 75 77 82 63 177 181 172 458 459
40 144 20 69 82 205 23 128 36 189 169 24 173 33 100 1 51 216 143 103 147 81 151 449 450
151 162 49 155 157 143 105 205 59 200 23 106 2 36 184 175 75 79 181 172 135 167 457 458
157 164 148 108 23 2 218 17 15 24 103 133 184 1 106 181 49 147 62 77 167 114 144 458 459
164 36 130 143 54 58 122 18 162 62 90 183 172 20 114 148 108 458 459
59 24 216 218 33 143 147 140 144 186 146 135 185 114 105 173 177 451 452
90 103 69 20 140 221 144 212 133 76 203 128 15 75 200 54 175 100 170 216 453 454
76 175 177 170 106 218 167 162 133 66 203 143 185 77 24 79 189 18 178 63 127 452 453
175 106 2 155 66 128 54 88 18 216 135 146 205 189 49 81 62 71 133 84 167 459 460
100 184 186 66 172 106 82 140 144 128 183 71 130 143 185 119 50 84 454 455
213 81 105 69 50 133 84 148 127 170 36 77 18 33 146 1 189 172 462 463
2 177 221 24 79 81 17 144 133 122 69 62 130 51 119 174 189 127 169 448 463
106 181 119 216 36 17 75 162 24 54 88 18 148 205 143 178 114 127 71 105 186 454 455
50 51 36 218 167 24 200 146 69 58 62 185 66 169 20 162 177 450 451
51 18 36 148 49 71 62 79 200 178 54 122 183 53 450 451
140 173 186 181 71 69 20 103 36 77 88 200 147 189 184 457 458
173 155 178 119 15 88 167 216 205 53 189 184 169 20 183 459 460
119 103 186 33 181 185 218 71 144 128 36 143 15 455 456
66 162 177 88 200 20 133 146 148 75 36 17 451 452
130 77 63 177 181 174 218 81 62 169 221 133 23 148 203 17 24 456 457
84 170 88 147 62 155 15 148 203 183 200 189 178 49 184 77 453 454
170 177 174 15 178 128 18 33 63 169 144 148 189 20 184 459 460
103 183 172 71 69 105 155 36 203 205 79 184 181 454 455
183 184 49 53 177 162 71 69 148 178 221 212 203 75 200 460 461
1 135 82 71 205 62 77 200 189 63 36 218 143 79 23 133 146 448 463
135 62 181 133 172 127 178 36 75 79 155 144 63 148 456 457
181 167 127 49 77 58 71 146 20 172 221 212 75 18 459 460
77 79 127 122 23 62 174 69 105 33 63 162 221 216 15 452 453
186 174 75 147 177 128 114 212 203 216 17 62 71 69 460 461
33 53 20 189 178 127 54 177 15 24 58 71 449 450
189 177 79 24 54 63 144 148 49 81 143 184 108 36 460 461
15 169 54 122 58 172 143 23 144 133 146 71 185 448 449
177 147 24 54 82 185 146 148 53 221 122 459 460
167 143 20 147 128 79 88 200 23 53 458 459
24 53 174 49 17 79 81 69 82 128 448 449
79 20 174 36 75 105 81 69 18 146 49 185 452 453
82 49 169 62 122 221 69 23 88 143 17 54 133 452 453
174 54 49 147 88 221 212 144 172 218 23 53 459 460
17 54 155 20 200 81 63 23 146 122 203 53 448 449
63 75 184 212 148 216 108 53 147 20 144 23 451 452
205 148 178 49 62 216 71 69 127 108 461 462
144 146 49 81 127 18 155 114 457 458
146 185 200 178 122 133 108 23 218 75 128 162 457 458
200 88 221 20 212 148 54 18 133 461 462
114 54 58 143 133 122 169 108 221 36 455 456
155 53 81 75 69 169 162 71 458 459
53 162 18 133 75 49 127 36 450 451
162 133 178 49 58 71 148 218 23 458 459
148 216 105 69 36 147 221 457 458
108 69 218 54 212 169 184 71 454 455
49 128 185 169 105 212 20 450 451
172 221 212 23 203 216 36 147 128 185 459 460
221 185 81 203 184 58 122 62 71 169 462 463
23 212 122 71 448 449
36 88 212 69 128 75 185 449 450
184 75 147 128 212 178 62 143 20 122 460 461
122 75 58 88 81 71 105 133 20 455 456
128 178 133 185 456 457
127 216 58 18 133 203 71 185 456 457
54 147 81 450 451
105 218 81 69 18 212 143 454 455
58 178 88 69 71 18 451 452
185 88 18 216 81 169 143 460 461
203 62 71 218 147 461 462
69 216 81 451 452
88 71 169 216 147 453 454
62 133 178 169 216 218 451 452
212 218 71 20 75 462 463
20 216 143 178 448 449
18 178 81 133 448 449
218 178 75 147 462 463
169 75 459 460
178 143 147 71 459 460
75 147 452 453
147 81 457 458
143 81 457 458
81 71 133 452 453
216 462 463
71 452 453
133 456 457
389 440 280 429 363 314 431 259 420 433 244 357 238 268 426 351 355 385 315 408 421 279 309 339 399 412 239 299 403 352 392 394 233 407 325 442 359 304 338 289 270 437 372 249 234 377 243 356 307 447 341 305 286 425 438 458 459
440 259 374 293 244 421 238 353 383 272 283 317 362 330 311 375 439 390 420 230 309 424 418 235 288 239 269 445 348 378 282 312 410 321 442 434 415 444 304 319 394 417 264 358 343 403 224 258 322 405 335 250 425 295 462 463
256 325 259 380 314 247 382 228 316 263 428 226 443 377 366 235 434 315 291 359 414 348 295 284 365 288 356 411 360 402 294 349 283 404 351 272 395 243 239 397 331 333 267 401 269 282 337 326 339 396 264 376 310 323 433 449 450
325 286 235 261 420 354 284 358 263 360 415 308 272 253 397 262 399 315 335 230 390 392 405 407 328 269 383 322 332 297 278 391 246 446 393 435 329 240 371 225 384 373 386 270 441 443 264 317 298 292 359 271 275 454 455
240 317 253 266 310 365 257 433 246 422 248 369 303 424 437 250 371 428 362 309 430 423 293 427 403 416 350 339 299 288 290 232 281 272 393 327 261 329 276 344 386 278 401 443 269 324 445 337 258 271 447 436 328 370 448 449
317 263 445 274 447 381 249 427 429 232 376 420 433 354 409 275 369 411 426 299 360 415 404 297 248 353 312 355 399 346 414 348 350 392 326 313 328 245 341 343 385 292 321 442 258 323 393 371 439 295 430 229 453 454
259 330 264 310 303 371 426 318 249 360 441 362 375 430 432 353 313 368 370 359 372 414 235 301 345 400 334 347 246 283 393 255 340 329 342 263 397 265 386 245 401 443 335 269 390 282 271 273 394 262 252 396 449 450
330 331 344 293 346 268 390 249 403 253 405 228 396 251 281 226 387 442 380 288 384 439 297 278 428 430 443 434 310 291 225 438 359 289 319 270 414 427 361 429 234 313 224 358 413 415 237 316 417 338 231 355 329 454 455
245 432 421 247 368 302 291 412 224 304 359 414 416 350 297 352 420 343 411 400 292 281 349 244 270 238 331 320 333 232 324 337 313 326 260 381 394 328 239 251 374 387 429 321 255 376 248 303 371 236 254 417 298 448 449
432 396 381 411 273 224 438 326 409 271 405 424 384 250 435 367 229 412 293 421 238 253 336 430 228 419 251 232 345 428 392 343 373 354 254 288 371 352 297 350 301 246 227 437 359 310 374 255 266 441 234 313 294 461 462
319 381 359 372 427 361 350 363 352 365 228 232 226 402 415 230 419 299 408 342 331 399 301 312 390 324 337 276 447 394 328 341 396 400 334 380 243 435 329 439 373 252 428 275 362 286 322 377 280 379 314 295 368 453 454
381 443 353 445 377 247 383 281 262 296 260 335 420 433 318 363 303 348 378 297 282 346 242 257 321 399 315 313 379 309 392 343 373 324 292 224 307 258 271 252 233 301 280 393 359 370 437 397 263 338 289 458 459
280 323 444 378 433 251 305 307 320 441 296 364 377 298 419 434 355 368 267 278 357 372 293 420 301 343 356 249 424 358 336 417 338 393 277 285 406 340 342 331 399 250 231 337 326 394 315 328 385 268 332 321 451 452
321 390 284 337 392 447 343 385 308 238 442 302 283 376 391 311 435 327 315 279 439 260 290 441 364 299 423 248 282 418 352 420 225 285 266 367 409 422 356 294 298 415 224 406 419 408 410 331 316 414 453 454
390 302 395 332 366 345 226 445 279 290 384 343 388 235 369 288 382 442 431 331 361 242 376 435 246 227 411 340 291 370 385 285 338 364 353 419 298 243 224 399 277 307 275 305 237 329 244 444 308 458 459
293 328 383 385 334 435 224 437 329 277 384 305 426 320 443 250 261 313 284 368 315 357 244 295 268 272 367 247 301 343 411 281 262 358 347 360 294 410 344 412 333 267 248 278 401 335 337 326 447 339 451 452
328 323 327 308 238 379 421 283 425 247 232 262 361 226 431 352 365 267 404 338 246 397 310 266 392 313 394 341 396 243 224 398 326 258 334 271 444 305 433 286 435 369 231 261 426 373 229 375 454 455
353 379 294 447 309 290 368 436 383 438 224 372 427 361 322 333 252 418 431 267 297 282 422 356 246 306 291 289 270 406 408 347 298 247 326 403 241 385 314 442 402 323 308 227 287 302 384 375 345 366 456 457
379 283 347 397 228 401 226 275 305 335 286 369 320 396 269 363 314 387 329 446 376 308 382 437 384 441 251 311 364 315 345 234 324 354 288 371 429 252 297 350 231 246 291 426 304 255 274 417 289 349 238 458 459
356 384 267 248 278 428 312 242 364 377 306 445 225 304 370 338 372 361 429 347 367 422 277 258 250 231 265 395 410 263 412 274 414 308 332 355 336 396 339 376 378 391 235 446 393 239 382 322 352 303 456 457
384 337 226 241 386 443 344 295 348 263 423 242 376 272 351 429 236 266 281 413 324 224 288 352 382 267 278 410 380 282 276 414 310 374 255 338 270 349 409 234 400 358 292 273 391 232 296 458 459
314 387 275 323 336 446 265 382 316 439 244 386 430 272 302 283 421 247 357 359 361 309 260 290 431 407 420 367 288 299 303 345 267 360 282 242 276 395 236 289 335 348 339 292 243 396 296 277 398 332 453 454
387 265 348 329 229 396 238 249 302 444 355 228 435 300 232 311 334 226 279 309 430 324 235 299 423 267 438 380 331 418 431 359 270 234 415 417 362 406 243 273 224 408 375 341 252 399 305 286 414 320 284 458 459
286 307 255 236 377 366 264 421 423 412 243 224 414 277 295 416 363 252 297 237 420 341 422 231 343 424 284 345 400 349 263 244 404 338 351 393 340 395 272 342 397 344 386 346 447 254 385 398 378 451 452
331 232 296 369 309 360 235 362 299 408 267 297 278 312 412 346 276 306 392 339 270 343 264 298 376 378 326 271 233 371 305 441 430 265 421 263 244 308 238 359 427 302 361 247 228 418 352 454 455
316 433 380 271 435 237 426 261 295 375 430 364 268 359 302 247 405 251 281 232 311 365 341 260 290 254 347 269 299 404 351 297 278 395 408 282 410 242 306 401 291 337 236 392 234 398 332 374 334 243 444 453 454
433 350 250 414 231 395 423 441 238 372 383 347 232 375 241 369 320 429 239 299 435 367 297 431 412 282 376 357 227 391 385 415 366 289 364 398 294 298 273 258 337 371 401 382 271 386 233 461 462
367 398 361 261 402 404 446 229 304 395 439 373 283 358 247 392 251 296 277 307 436 226 425 260 305 429 235 320 376 344 369 248 342 413 308 276 351 302 336 345 412 264 309 416 288 337 407 303 267 457 458
398 397 348 329 229 278 342 327 412 401 391 414 405 251 407 394 264 444 318 303 382 386 297 380 282 359 310 393 225 304 285 338 289 349 358 429 442 362 326 307 335 413 426 254 388 320 363 344 406 459 460
279 285 408 355 291 388 227 324 392 447 225 255 407 341 234 273 277 258 252 371 439 373 265 311 313 434 368 357 359 372 238 306 374 416 308 363 297 247 365 232 409 424 292 241 360 281 294 254 235 296 269 450 451
285 260 241 412 304 295 416 350 365 409 301 343 292 246 336 338 351 225 255 266 340 395 408 342 234 344 386 399 388 401 243 273 224 445 392 315 233 237 442 284 444 380 303 373 283 320 419 311 251 368 451 452
265 334 431 323 378 327 254 318 239 320 441 362 296 377 421 313 368 436 227 412 372 361 405 297 407 234 409 422 411 345 292 349 270 417 351 237 340 395 408 231 278 267 388 335 445 271 249 228 374 449 450
323 250 263 380 272 302 382 283 437 439 251 428 281 311 262 362 315 226 366 355 368 423 436 357 438 269 359 372 427 361 267 297 413 415 349 289 417 406 395 408 342 307 335 252 275 237 326 339 454 455
369 444 335 380 382 250 371 344 295 373 386 329 274 368 249 272 302 436 283 347 370 383 438 374 416 226 341 339 290 241 422 235 269 342 421 257 340 414 255 403 334 313 294 292 224 258 322 457 458
444 429 250 231 344 295 378 346 376 421 253 283 366 247 228 300 262 334 309 260 354 288 239 318 269 371 352 333 248 301 282 395 425 410 306 289 270 372 402 298 377 292 243 341 435 275 462 463
300 344 294 335 292 326 447 394 396 271 252 233 385 332 250 231 336 295 393 229 435 268 441 283 324 445 262 423 436 425 372 290 361 416 235 429 418 299 301 267 297 278 415 227 349 417 291 351 419 266 395 342 270 452 453
344 281 232 262 442 376 391 339 343 254 318 375 443 301 436 310 425 438 427 266 374 416 338 365 294 409 422 345 358 413 277 307 258 252 417 237 320 397 329 274 447 383 396 247 455 456
242 339 227 299 341 422 292 349 391 338 386 401 443 403 445 271 392 383 251 332 266 429 255 238 431 257 446 246 248 250 232 305 439 252 307 296 243 364 298 423 412 304 425 346 282 405 297 418 231 448 449
339 308 406 395 287 272 397 410 399 412 403 224 269 303 376 237 301 282 312 435 276 386 441 225 362 443 377 249 366 313 423 425 438 273 226 241 335 320 411 424 329 415 349 244 455 456
302 405 447 298 438 224 376 310 231 371 439 320 375 244 366 268 434 355 357 425 247 228 372 361 429 226 407 420 241 345 239 360 415 248 301 395 329 246 397 399 333 388 236 266 452 453
232 386 399 224 445 392 260 431 371 239 360 373 309 228 364 377 298 419 311 313 289 357 370 291 412 414 427 416 420 409 343 290 358 227 281 402 351 272 406 340 274 448 463
337 272 253 373 362 247 364 377 366 368 425 324 235 414 361 288 239 318 303 352 267 301 424 358 415 266 338 342 234 264 399 346 228 401 277 445 258 405 438 385 320 329 327 268 455 456
378 385 320 231 400 402 348 446 357 268 249 272 441 375 434 436 230 260 288 239 429 278 361 312 411 346 376 365 426 257 291 355 374 225 266 349 421 397 313 412 347 358 273 326 233 275 237 458 459
385 403 416 263 274 392 357 268 253 247 402 446 230 290 373 395 354 235 397 386 322 352 303 388 297 380 346 246 425 291 427 255 429 431 411 292 296 277 307 237 231 261 410 458 459
397 345 400 290 241 373 354 446 269 437 382 376 227 447 340 370 368 270 427 383 234 418 298 435 307 258 371 341 413 271 386 428 335 231 295 348 410 238 396 407 336 247 459 460
249 271 313 447 438 251 308 442 243 255 257 446 435 241 437 371 235 439 415 375 430 355 357 412 425 282 236 405 297 418 341 275 396 411 391 283 338 261 237 276 318 231 320 441 269 448 449
271 439 307 441 362 375 226 313 254 239 427 348 308 297 301 411 345 281 402 294 336 349 283 338 351 393 340 329 342 278 333 243 282 405 233 326 231 261 442 391 435 450 451
235 336 233 283 272 327 340 342 320 324 392 315 436 438 251 429 442 312 248 382 424 358 426 241 362 430 351 421 289 425 348 350 226 352 288 409 224 332 413 268 448 463
336 414 299 403 297 396 343 257 400 376 391 437 234 313 373 298 443 322 233 423 357 250 416 363 310 352 365 304 422 289 308 238 268 272 347 349 362 228 417 251 406 340 408 241 346 455 456
308 326 383 244 442 238 376 391 298 312 228 262 428 362 375 275 239 269 434 295 438 374 227 420 409 358 402 415 264 294 260 224 288 342 410 233 346 388 237 445 261 453 454
326 439 373 428 253 443 247 366 251 425 230 260 241 254 416 420 422 278 301 282 358 426 347 360 287 349 404 225 408 289 355 399 307 394 341 343 376 380 435 274 454 455
358 443 419 366 248 434 350 425 276 304 255 365 338 313 413 243 415 296 307 417 252 335 237 410 412 284 403 348 244 274 383 355 266 391 446 324 254 288 269 375 456 457
443 362 296 439 420 424 388 418 399 329 412 263 227 257 391 351 446 415 366 394 417 264 290 392 373 407 288 258 322 401 405 386 231 365 340 225 255 421 372 383 396 462 463
272 403 324 254 383 396 332 442 310 312 246 257 393 371 234 243 224 436 357 414 427 363 284 365 354 290 411 263 244 415 238 268 404 417 351 253 329 251 335 450 451
403 332 355 419 400 281 334 260 224 239 407 371 322 303 382 301 282 312 395 276 340 435 289 349 441 234 264 294 445 228 243 262 296 307 226 241 429 431 295 409 229 376 257 459 460
230 406 287 329 224 276 278 267 388 445 392 447 396 264 332 376 257 380 303 371 318 439 239 252 296 243 419 234 355 315 370 238 306 427 418 407 299 420 341 422 343 345 237 400 292 413 360 294 404 448 463
406 290 407 343 269 299 267 248 446 282 361 312 395 227 437 359 374 404 225 304 289 264 294 347 362 224 307 429 360 431 335 237 422 261 413 428 274 238 268 391 253 332 410 400 311 460 461
395 241 318 333 404 361 419 357 408 421 276 227 257 304 266 394 313 396 400 402 233 305 446 350 250 261 238 372 283 423 347 427 251 281 311 296 315 459 460
269 334 262 287 226 241 401 282 324 267 315 248 275 332 310 312 255 446 327 307 362 311 258 421 233 289 436 306 250 416 350 284 229 263 422 343 268 345 450 451
334 410 278 416 257 287 407 332 311 400 294 391 260 243 318 258 441 267 297 282 312 366 306 423 291 372 274 374 289 270 431 298 435 262 277 415 349 362 404 290 417 305 254 340 454 455
348 255 402 270 315 380 435 324 273 224 373 318 441 377 267 282 261 370 295 374 416 429 418 289 420 238 332 413 296 351 341 275 421 410 239 412 401 278 392 405 394 246 455 456
260 274 329 276 289 278 251 324 226 273 394 315 396 391 380 261 263 296 430 364 419 234 436 370 412 425 372 306 258 350 418 352 407 354 288 231 424 347 294 415 351 449 450
332 445 263 244 394 383 283 442 435 386 441 375 239 299 364 267 301 282 312 359 372 276 427 429 304 352 420 409 264 228 292 296 307 393 241 342 333 401 335 454 455
281 346 388 335 324 248 405 438 236 266 270 380 435 426 375 377 233 419 311 275 421 231 261 370 291 412 229 295 350 263 418 365 253 411 247 400 228 347 340 241 289 451 452
343 404 417 312 246 276 287 394 313 298 292 224 400 233 295 441 229 244 447 370 372 427 262 296 418 431 341 420 241 305 320 411 288 426 360 415 455 456
404 373 324 388 303 418 248 346 424 365 246 306 310 428 304 419 270 264 294 347 298 392 273 233 305 284 274 327 372 396 355 366 430 400 262 364 315 434 436 309 290 241 459 460
429 423 304 396 347 377 247 307 436 241 305 320 408 327 268 251 311 394 290 324 254 426 407 318 299 322 382 297 248 278 350 282 442 425 461 462
227 229 363 284 352 341 413 270 224 327 287 276 278 333 322 335 445 447 273 436 262 438 266 376 310 257 446 246 380 318 428 241 254 417 243 377 311 313 304 359 416 448 463
229 251 255 268 244 305 426 318 239 373 224 307 428 320 254 309 434 234 355 423 370 304 306 284 405 299 420 233 354 288 422 290 411 413 338 340 346 401 322 335 262 383 275 448 463
329 435 373 375 257 368 423 357 372 414 427 374 264 416 350 352 365 407 422 277 303 252 360 349 408 342 355 410 274 401 238 313 253 247 251 454 455
241 224 408 263 386 333 394 396 372 264 374 442 376 365 301 382 303 371 226 252 294 309 311 287 289 306 363 407 288 409 236 292 338 448 449
246 363 352 365 299 420 354 288 345 347 294 415 296 342 410 333 335 405 275 253 255 376 268 310 270 382 386 322 421 434 368 423 224 291 251 306 361 416 448 449
363 402 340 291 446 304 236 338 382 437 234 313 347 298 441 273 445 434 447 368 436 320 231 376 431 244 274 411 327 268 251 311 345 290 412 254 224 288 392 352 303 396 312 456 457
373 417 258 421 237 231 414 284 295 392 407 342 351 442 228 251 311 446 393 290 354 375 430 297 427 257 310 255 338 289 409 426 428 273 224 457 458
392 417 283 366 247 364 254 318 303 382 248 278 350 402 312 446 359 255 338 368 349 294 447 296 258 261 420 422 426 342 274 415 357 459 460
417 421 273 371 322 425 401 418 231 310 370 255 338 402 298 247 277 409 275 320 399 295 427 412 263 342 431 422 236 266 400 251 311 413 394 290 460 461
290 248 408 282 276 346 322 236 270 315 264 277 382 437 318 439 231 307 375 309 377 419 311 244 423 359 253 306 416 350 411 345 347 294 451 452
262 278 333 267 388 253 447 228 396 372 226 310 365 312 239 303 426 248 434 355 414 306 416 405 420 275 288 422 277 233 400 347 402 391 338 274 408 263 449 450
303 345 400 267 360 402 415 351 399 274 333 238 247 228 376 435 284 318 439 278 307 362 375 377 421 434 357 438 361 234 294 418 352 243 411 452 453
345 410 267 248 401 306 257 287 405 291 396 266 442 391 258 341 386 237 377 284 295 434 368 370 263 359 414 350 253 418 315 413 349 362 324 408 455 456
248 409 277 294 338 351 393 327 399 322 335 239 424 437 371 439 252 307 309 430 364 421 434 289 357 304 425 414 306 427 295 352 365 420 448 449
409 361 312 276 445 225 304 236 434 368 394 264 427 377 362 224 258 371 401 422 386 424 335 350 428 430 359 374 421 244 425 247 315 324 254 299 352 382 460 461
366 401 414 405 362 447 258 396 335 320 446 437 263 342 357 441 351 283 377 355 247 423 436 364 315 425 309 374 254 424 278 282 257 287 408 289 349 399 412 457 458
401 426 315 226 309 386 233 297 405 301 380 312 310 393 402 289 270 347 377 439 292 243 224 441 277 252 284 427 244 431 346 238 391 283 459 460
297 301 257 402 393 388 277 258 324 376 310 274 312 380 327 253 283 305 318 375 377 311 355 368 254 427 416 431 354 452 453
301 420 237 411 424 291 402 351 270 342 355 234 283 412 247 277 350 400 295 442 446 393 435 437 266 377 315 436 357 372 427 273 288 374 233 452 453
324 253 283 340 228 408 342 355 251 333 346 239 318 312 376 287 382 386 441 430 298 445 423 425 359 372 233 418 407 284 422 424 360 454 455
236 291 304 414 306 361 234 295 284 405 418 420 275 411 400 292 413 391 283 340 386 267 445 258 253 442 257 424 250 371 360 307 428 441 362 254 430 243 434 423 357 370 448 463
291 295 416 270 234 264 420 354 422 347 258 338 237 340 408 410 399 388 274 238 268 247 374 310 275 327 437 278 263 419 421 276 423 436 304 414 451 452
282 407 420 288 400 415 349 351 273 239 258 346 396 225 255 374 268 446 327 371 318 430 364 298 368 315 304 431 257 451 452
407 430 276 306 355 255 423 270 394 294 416 273 224 307 233 295 359 340 289 368 372 283 445 228 438 341 442 275 354 388 318 284 333 426 460 461
420 414 287 340 393 436 313 294 258 341 435 388 418 399 231 284 428 408 357 355 419 413 394 226 382 233 267 461 462
299 347 338 351 327 408 225 255 342 270 333 346 322 243 275 237 310 250 261 391 295 424 305 360 441 253 434 355 251 436 412 425 361 405 418 452 453
347 423 312 306 361 374 354 289 264 413 360 362 296 277 258 341 252 355 335 399 320 414 261 394 327 268 446 251 315 371 309 455 456
412 364 264 318 439 441 380 261 295 359 370 425 274 349 402 383 442 418 377 422 426 275 430 388 399 278 391 351 460 461
414 225 266 289 435 413 298 428 307 322 382 350 380 284 416 295 393 263 362 446 251 375 275 447 427 410 340 370 460 461
251 238 445 310 270 380 435 239 382 252 428 375 430 423 315 436 372 427 361 352 365 400 292 233 408 289 448 449
338 423 438 416 267 276 306 257 424 413 304 289 342 346 273 296 307 350 237 396 442 402 393 437 283 439 311 315 455 456
423 349 413 431 362 243 371 341 405 237 430 261 408 327 421 372 351 396 315 388 322 382 333 365 410 257 310 304 419 461 462
250 310 312 233 327 437 231 307 428 320 441 309 430 298 419 311 421 313 355 368 315 361 295 284 393 274 287 342 289 410 346 322 335 225 264 253 266 268 448 449
310 231 422 411 238 360 253 228 340 296 355 399 278 263 400 287 312 382 437 386 375 388 364 311 277 258 436 370 359 453 454
294 368 370 252 425 278 361 350 261 418 341 349 351 393 228 327 292 277 258 410 386 275 394 438 376 253 283 424 375 452 453
304 359 264 418 365 243 296 277 252 349 275 419 410 333 346 238 268 253 394 341 393 327 239 305 318 375 322 287 315 452 453
350 354 435 426 289 270 313 264 273 357 399 322 305 261 263 274 402 391 446 382 386 309 377 254 447 368 436 425 278 312 327 456 457
233 424 371 307 430 298 408 289 410 284 354 288 411 266 413 402 283 340 274 276 318 445 247 436 438 306 244 257 312 422 448 463
359 374 255 365 411 426 224 277 335 408 416 244 274 394 283 355 311 226 354 254 386 322 352 375 430 434 368 456 457
374 274 283 298 411 424 228 426 311 335 278 346 306 266 402 437 273 224 288 386 277 441 371 322 375 252 377 445 237 434 436 383 457 458
422 430 380 231 306 287 255 368 349 402 383 264 396 296 360 341 252 275 320 399 437 439 376 447 415 419 224 239 318 405 461 462
430 292 426 224 371 447 341 438 442 393 263 437 402 364 226 388 322 382 386 267 278 257 287 340 266 368 313 298 461 462
275 380 386 320 441 322 266 421 372 416 352 354 237 231 261 413 298 419 287 342 276 333 346 277 442 376 312 446 450 451
380 305 237 424 284 426 419 346 327 238 421 351 399 247 226 288 239 371 322 352 361 437 225 266 372 313 447 436 438 273 224 458 459
292 320 441 362 375 364 419 287 425 438 427 418 234 354 411 402 277 296 237 333 244 394 383 396 283 376 312 446 393 254 318 386 451 452
320 446 258 226 364 377 368 274 436 370 425 238 268 287 418 352 424 413 360 254 224 288 340 312 405 394 298 453 454
231 365 446 305 239 375 243 311 434 234 410 357 306 352 411 413 402 342 263 377 445 313 447 396 264 442 448 463
277 426 362 377 313 368 315 370 416 418 352 354 273 267 237 283 351 261 287 342 278 399 244 268 445 327 371 450 451
426 361 263 289 283 396 296 305 354 418 399 288 284 441 408 278 434 447 410 391 351 427 225 442 270 413 437 273 461 462
296 439 428 224 258 311 445 436 370 425 438 361 418 352 365 424 413 305 247 349 419 239 225 312 270 393 382 452 453
439 341 335 388 399 261 447 427 408 346 391 351 355 434 415 315 226 437 288 318 352 382 416 276 340 438 255 270 349 313 377 462 463
284 393 437 371 441 364 273 445 258 313 315 252 370 438 237 427 361 413 351 355 289 226 333 346 388 239 405 341 396 451 452
441 258 445 341 252 418 427 274 357 410 253 419 311 226 254 371 322 352 382 425 276 298 377 462 463
264 421 313 434 361 352 365 288 411 283 351 408 346 257 388 445 225 447 273 376 268 431 327 252 437 371 364 449 450
305 393 327 375 388 309 322 295 311 313 263 370 268 306 253 247 431 352 226 424 351 419 342 276 335 447 225 396 298 273 391 452 453
365 431 261 306 371 415 428 298 247 360 295 402 357 391 287 446 393 355 382 437 311 273 352 425 372 427 237 376 457 458
431 276 370 393 446 421 372 383 283 377 226 434 335 436 418 438 376 435 355 400 364 234 309 243 273 224 318 258 333 416 312 461 462
349 361 416 312 354 340 424 413 255 360 402 224 399 341 237 383 400 244 346 391 435 253 228 377 445 434 455 456
263 383 226 266 376 254 268 327 437 386 307 298 445 315 372 352 261 419 287 289 399 234 267 447 273 449 450
383 342 244 434 327 436 372 268 438 375 309 413 254 428 322 419 346 276 306 370 225 255 289 394 234 402 391 252 435 237 261 295 458 459
266 425 418 341 288 413 402 283 327 274 408 342 276 239 322 445 447 438 442 435 360 307 309 252 419 311 357 370 450 451
425 234 273 375 341 252 388 261 408 244 274 346 391 415 394 226 239 322 352 306 427 393 461 462
252 261 254 375 313 434 244 427 361 354 402 415 283 408 386 399 267 335 445 394 315 442 268 312 446 449 450
261 437 371 318 428 298 419 287 434 247 405 352 288 239 413 283 393 408 399 255 445 447 306 258 442 449 450
224 428 234 295 405 411 276 447 306 244 360 448 463
428 341 405 416 295 393 244 357 283 411 311 315 360 309 424 254 399 445 322 333 267 361 346 442 306 415 419 437 270 461 462
342 254 402 288 318 391 333 278 257 225 447 368 243 424 362 351 274 399 346 247 228 405 394 455 456
313 234 368 357 228 372 237 295 400 402 244 274 408 287 388 391 312 327 364 270 453 454
393 254 442 239 413 419 234 399 416 243 273 394 333 411 400 283 377 445 434 436 360 459 460
346 394 402 391 243 446 258 333 386 276 368 225 268 361 442 435 226 341 351 357 244 455 456
394 376 247 405 442 288 382 333 276 434 368 270 436 273 360 341 237 424 415 408 421 459 460
244 396 438 442 225 257 391 238 382 437 364 298 311 421 357 306 361 295 411 270 274 333 322 448 449
237 424 239 225 421 410 357 226 411 413 351 340 287 386 278 399 447 438 372 253 268 448 463
434 228 273 424 418 274 283 355 415 400 438 413 315 318 435 352 333 361 312 255 289 270 462 463
402 447 288 333 267 312 442 376 276 435 298 410 371 416 274 372 228 437 459 460
447 396 311 445 424 254 239 352 408 267 410 257 255 419 243 307 274 462 463
253 273 396 255 228 257 446 318 360 375 419 421 355 289 405 418 225 341 288 411 415 270 391 283 351 287 388 449 450
442 408 446 327 436 228 311 309 388 267 276 287 298 243 371 386 416 462 463
376 274 400 247 362 360 309 333 438 267 312 225 273 410 399 405 457 458
228 267 388 306 427 435 360 375 309 364 298 421 234 238 295 413 268 446 327 382 226 386 399 448 463
267 400 226 415 351 254 410 333 255 243 362 421 436 438 372 306 361 352 450 451
386 413 415 335 357 287 351 255 364 243 371 352 312 368 372 418 247 458 459
388 226 360 335 239 333 436 438 312 327 427 340 370 315 413 419 307 382 421 410 361 238 268 400 283 458 459
396 351 309 424 333 421 276 306 370 255 405 298 362 341 335 295 459 460
283 239 255 424 360 309 410 357 416 341 354 451 452
288 351 419 257 287 289 435 327 382 362 364 315 436 438 372 239 451 452
445 254 333 327 410 306 351 364 309 273 437 307 322 370 274 368 462 463
225 238 306 427 354 424 413 360 415 274 276 410 335 258 405 268 391 435 327 371 307 362 254 309 311 357 448 463
238 436 438 234 268 257 435 382 437 318 307 309 364 355 247 427 411 270 391 340 276 410 448 449
410 309 354 446 370 268 234 298 427 307 399 413 295 419 391 287 400 460 461
399 311 226 309 354 318 278 370 416 415 307 258 295 327 459 460
309 307 405 400 268 435 382 368 239 370 438 427 352 287 354 270 360 234 351 453 454
354 312 355 340 270 405 298 243 273 258 400 382 437 362 274 327 268 368 361 416 226 254 411 424 322 456 457
278 340 276 257 315 436 255 372 446 273 435 258 360 355 370 306 427 405 450 451
311 243 307 405 312 446 437 362 375 357 372 418 341 400 276 306 453 454
400 312 405 357 287 270 364 234 446 243 322 382 370 368 435 419 421 254 239 459 460
421 438 243 427 307 405 424 437 268 247 375 360 327 391 419 461 462
255 416 405 418 352 341 287 289 322 273 315 435 437 318 298 355 436 449 450
257 405 418 411 415 270 391 327 274 335 254 273 438 372 371 360 375 289 357 370 427 416 449 450
405 287 437 234 243 382 276 411 306 226 435 459 460
413 333 276 370 234 411 375 436 427 268 391 351 364 415 460 461
362 307 352 370 438 416 340 289 415 247 419 226 341 312 327 270 382 371 456 457
234 355 357 372 341 411 287 335 258 226 446 435 382 318 360 419 448 463
287 391 340 276 322 335 436 273 437 274 377 298 355 368 370 247 361 295 451 452
295 375 273 364 377 306 427 268 415 247 226 408 322 452 453
418 340 375 360 427 408 424 437 274 327 351 371 382 361 312 460 461
312 408 333 438 318 315 243 372 307 453 454
276 352 424 239 351 270 437 371 375 274 419 368 315 450 451
270 357 239 427 352 411 243 333 435 382 437 318 419 450 451
357 341 382 437 377 436 438 361 226 360 352 419 327 340 456 457
289 370 416 243 268 247 446 327 375 298 368 451 452
370 273 258 360 247 364 226 382 239 371 322 333 340 457 458
333 315 408 239 322 335 306 437 307 364 377 355 368 438 427 454 455
375 243 341 335 268 435 247 364 318 322 437 457 458
416 424 415 419 298 243 371 335 268 254 436 391 460 461
437 335 327 226 254 318 340 462 463
243 364 355 306 352 351 340 408 382 360 448 449
361 411 415 273 360 351 315 377 254 372 427 306 456 457
368 372 258 335 415 419 351 364 322 435 340 377 457 458
424 340 436 438 298 411 435 254 391 351 355 415 258 461 462
226 315 239 360 298 341 268 391 448 463
327 371 364 436 254 411 415 274 335 454 455
419 352 298 411 360 438 364 460 461
247 322 335 372 254 364 377 298 415 448 449
322 351 355 315 382 371 273 318 268 454 455
258 307 377 254 411 274 315 438 446 435 382 449 450
438 377 411 360 351 415 273 462 463
274 254 446 435 318 360 364 377 273 450 451
435 446 415 462 463
335 364 306 411 351 408 307 341 454 455
341 306 436 352 268 307 254 239 455 456
408 446 318 371 273 411 391 364 315 460 461
446 427 391 355 415 318 306 436 273 462 463
355 298 273 391 372 239 364 306 456 457
352 371 377 456 457
306 298 360 239 372 452 453
427 239 318 382 461 462
415 340 377 315 460 461
360 372 298 364 456 457
273 254 382 450 451
340 254 318 351 307 371 364 436 315 372 455 456
436 377 411 315 318 462 463
307 364 372 268 411 254 452 453
382 377 458 459
254 268 318 449 450
371 268 318 457 458
239 268 364 377 298 448 449
364 391 377 411 457 458
372 377 457 458
411 391 318 460 461
268 391 450 451
391 315 318 458 459
315 377 453 454
351 456 457
298 318 452 453
377 318 457 458
318 453 454
448
449
450
451
452
453
454
455
456
457
458
459
460
461
462
463
