#/usr/local/lib/python3.10/dist-packages/colab_kernel_launcher.py -f /root/.local/share/jupyter/runtime/kernel-6c0fbf18-c276-4b2d-9452-8819c27dba4d.json
# GMT Sat May 25 05:25:19 2024
# 
17 58 71 48 61 2 38 5 28 16 70 0 60 50 27 6 40 30 72 75 52 29 42 19 11 74 51 14 64 41 18 54 31 21 1 12 63 76 53 66 43 20 56 33 23 78 32 68 45 35 4 7 67 44 80 57 10 34 47 37 79 59 36 49 26 162 166 167 170 171 175 176 179
58 48 62 32 65 34 46 64 77 11 14 25 26 28 9 10 76 40 12 66 42 79 27 57 29 13 68 67 80 23 4 5 70 35 7 37 21 22 52 54 55 69 6 36 59 8 38 72 71 61 30 2 16 60 47 73 19 63 0 1 31 3 33 45 164 165 168 169 173 174 177 178
36 71 48 61 38 30 60 25 50 63 40 28 9 1 72 62 75 29 52 65 32 13 74 64 41 77 54 44 4 7 76 53 10 66 43 21 56 24 27 78 55 68 18 67 80 70 5 35 37 16 19 0 79 22 3 69 33 46 6 49 39 20 34 163 164 167 168 172 173 176 177
71 66 39 69 20 50 53 34 74 67 77 30 76 14 44 47 9 1 31 61 42 64 15 45 48 29 59 51 32 62 13 65 46 80 23 4 26 79 56 37 40 21 43 24 54 57 8 38 41 18 73 2 5 16 68 19 49 72 52 3 75 6 164 165 169 170 173 174 178 179
28 67 22 80 3 57 34 47 6 37 20 79 46 59 11 14 48 61 25 38 9 1 12 70 15 60 73 50 63 40 30 72 62 75 29 42 4 26 74 7 64 41 54 21 24 27 8 76 53 66 43 33 65 18 55 32 45 2 35 5 77 19 162 163 167 168 171 172 176 177
67 9 1 31 61 12 42 64 15 48 29 59 60 32 62 13 46 73 26 7 37 72 10 40 75 43 24 27 57 8 38 41 74 77 18 76 2 35 16 19 49 22 52 3 33 63 78 6 66 20 50 51 34 70 30 11 14 44 25 69 164 165 169 170 173 174 178 179
29 32 68 45 35 77 18 80 57 47 2 37 5 16 0 69 22 46 3 59 6 49 20 48 38 51 11 60 73 14 50 25 40 1 12 72 15 39 75 42 13 74 64 54 31 44 23 4 7 53 66 10 56 33 27 8 65 78 55 162 163 167 168 171 172 176 177
32 78 55 68 13 35 57 34 70 47 23 37 4 7 79 69 21 22 59 24 72 6 39 8 20 48 61 38 51 18 30 2 73 50 63 40 16 19 0 15 75 52 42 74 41 77 54 44 11 76 26 53 66 43 9 10 56 33 162 163 167 168 171 172 176 177
47 80 44 57 25 70 9 1 31 42 15 79 45 59 72 49 13 48 51 23 4 26 37 60 73 10 50 40 63 21 43 24 8 38 41 75 52 65 64 77 2 5 35 19 0 22 76 3 53 66 6 56 39 20 34 55 68 30 14 163 164 168 169 172 173 177 178
80 9 1 31 61 12 42 64 15 45 48 78 59 62 13 65 46 79 23 4 7 37 40 43 73 24 54 27 57 8 38 74 77 18 2 5 16 68 19 49 0 22 52 3 33 63 55 6 39 69 20 72 53 34 30 11 14 44 165 166 169 170 174 175 178 179
8 9 74 51 41 54 31 44 11 76 53 66 20 56 33 2 65 5 55 68 45 22 35 12 0 3 77 6 57 24 37 69 46 59 13 49 26 16 48 1 25 61 15 18 70 60 73 27 63 30 72 62 39 75 4 19 7 162 165 166 170 171 174 175 179
9 57 34 24 14 79 56 69 23 13 26 16 68 0 48 3 61 15 6 70 60 37 73 50 27 72 49 62 39 52 19 1 74 51 64 18 54 31 21 63 76 30 66 43 20 33 75 4 42 78 7 45 22 35 12 77 162 166 167 170 171 175 176 179
40 41 77 54 2 5 16 19 0 76 53 22 43 56 6 20 65 78 34 55 45 30 11 14 25 1 31 12 79 15 69 46 49 48 61 51 23 26 60 7 73 37 50 63 21 24 27 38 62 75 52 42 74 18 64 163 164 167 168 172 173 176 177
41 42 21 24 74 38 39 64 77 54 44 76 53 66 43 2 5 16 19 0 78 55 68 3 45 6 34 57 70 79 30 11 69 46 59 14 49 25 1 31 12 48 13 73 50 63 23 72 4 62 7 75 37 52 10 65 163 164 167 168 172 173 176 177
11 14 7 79 56 10 69 46 13 49 26 16 48 25 61 38 15 70 60 2 73 50 4 5 27 30 3 72 6 62 39 75 52 74 51 64 18 54 31 76 53 66 43 0 1 33 78 68 45 35 12 77 44 57 34 162 166 167 170 171 175 176 179
14 24 37 79 46 12 59 49 26 16 48 61 38 15 51 18 60 73 50 4 27 7 10 72 62 39 75 52 42 77 54 31 2 5 76 53 66 43 20 0 33 3 65 78 55 68 45 22 35 25 57 34 70 162 166 167 170 171 175 176 179
6 48 38 15 51 18 60 73 50 27 63 2 30 7 20 72 0 62 75 3 52 65 42 19 74 77 54 31 44 21 66 43 56 33 10 46 23 13 78 55 45 35 12 24 37 79 4 69 49 26 162 165 166 170 171 174 175 179
48 39 20 34 57 70 44 59 49 1 31 12 15 61 13 46 60 50 63 53 23 4 26 7 62 75 10 52 65 21 43 24 27 38 64 77 54 18 79 35 16 19 0 22 78 3 55 68 163 164 168 169 172 173 177 178
68 59 62 13 73 46 23 75 25 26 56 7 37 10 21 43 24 74 54 27 57 77 38 60 76 79 18 35 16 78 19 49 0 22 52 3 33 55 66 39 20 70 53 69 30 72 31 61 12 42 64 164 165 169 170 173 174 178 179
21 64 7 54 31 10 63 76 53 66 43 33 23 65 78 55 45 22 35 2 5 16 77 19 44 0 34 3 24 56 69 46 59 26 25 61 12 60 15 37 50 30 13 72 62 39 75 52 42 74 4 51 162 163 166 167 171 172 175 176
64 43 24 27 57 38 60 70 69 72 2 5 35 16 49 22 52 3 33 63 39 50 53 73 34 30 75 44 25 1 31 61 74 42 15 45 77 51 13 46 66 79 23 4 78 26 56 37 10 164 165 169 170 173 174 178 179
77 42 27 59 60 13 74 23 5 35 79 7 37 22 52 24 55 78 66 38 69 20 50 53 18 30 2 16 19 49 0 1 31 33 15 45 75 51 34 65 46 44 25 26 56 165 166 169 170 174 175 178 179
42 57 18 79 2 4 5 46 35 59 16 49 19 0 3 33 39 61 34 70 60 50 30 72 62 75 1 52 31 12 74 13 63 76 53 66 43 56 23 26 7 65 78 55 45 27 38 163 164 167 168 172 173 176 177
33 38 70 23 60 4 73 50 7 10 24 27 62 39 52 74 51 18 54 44 2 5 16 76 19 0 66 43 22 56 3 20 65 78 55 45 30 57 37 1 31 79 12 46 59 49 13 162 163 167 168 171 172 176 177
38 74 51 54 34 76 53 66 56 25 65 1 31 55 12 45 44 57 79 46 59 4 26 49 7 10 24 27 61 70 60 73 50 63 18 5 72 16 62 39 75 19 0 22 163 164 167 168 172 173 176 177
73 74 35 16 49 22 52 3 63 55 66 69 20 50 72 53 34 78 30 44 25 61 12 15 45 79 59 51 62 13 46 23 4 26 56 37 10 70 43 24 54 27 57 60 18 2 165 166 169 170 174 175 178 179
74 54 27 57 72 18 2 76 5 35 79 16 19 0 22 52 3 63 55 78 66 39 69 50 53 34 44 25 1 15 45 59 62 13 65 46 23 4 26 37 10 70 43 165 166 169 170 174 175 178 179
25 34 79 56 69 46 59 26 61 10 12 70 24 60 37 50 27 13 72 49 62 39 52 23 4 7 51 19 54 31 22 3 63 20 76 53 66 65 18 78 2 45 16 0 1 44 57 162 163 166 167 171 172 175 176
34 1 31 15 61 51 63 72 23 4 62 39 75 26 52 7 10 24 27 54 44 76 53 66 43 18 56 5 65 78 19 55 0 45 3 20 57 37 69 30 59 49 162 163 167 168 171 172 176 177
44 12 43 24 79 27 69 46 59 49 61 18 51 5 35 7 37 60 19 63 22 3 39 20 72 62 75 30 2 54 0 76 66 15 56 13 65 78 55 45 23 57 70 163 164 167 168 172 173 176 177
10 54 31 4 53 43 7 20 56 23 13 65 78 55 45 22 35 12 70 24 2 79 69 0 59 49 3 26 39 16 61 51 18 60 50 27 63 30 1 72 62 75 52 19 162 166 167 170 171 175 176 179
54 24 76 56 18 65 2 78 55 5 35 16 19 49 22 52 3 57 70 20 53 69 59 30 1 31 12 15 60 51 13 46 72 62 75 23 26 7 37 164 165 168 169 173 174 177 178
2 50 27 30 7 72 39 75 52 19 51 76 53 43 20 56 65 78 45 22 57 0 24 37 4 79 69 46 59 13 49 16 61 15 5 18 70 1 60 162 165 166 170 171 174 175 179
50 35 16 19 51 0 22 3 60 39 20 63 72 62 31 12 15 45 76 13 53 66 46 56 65 78 55 23 4 26 7 43 24 57 70 79 69 59 18 163 164 168 169 172 173 177 178
3 15 5 18 70 27 63 30 7 72 1 62 39 75 52 19 51 31 76 66 43 56 23 65 78 55 45 22 35 12 37 4 79 69 46 0 61 162 165 166 170 171 174 175 179
15 70 24 37 79 69 59 49 26 39 16 1 12 61 51 18 13 60 27 63 30 72 62 75 52 4 19 31 76 43 20 56 23 5 65 78 55 22 0 35 162 166 167 170 171 175 176 179
22 13 60 63 53 30 62 4 75 52 65 7 31 43 56 18 46 23 5 16 55 45 35 20 57 37 27 79 69 59 49 26 39 1 12 51 162 163 166 167 171 172 175 176
24 1 12 76 66 43 56 13 65 78 55 45 35 23 4 7 57 70 37 79 69 46 49 26 18 5 51 19 0 63 20 30 62 39 75 52 162 163 166 167 171 172 175 176
66 4 26 7 37 27 57 60 72 75 16 19 49 0 52 63 76 55 39 20 78 30 70 1 31 61 12 45 79 69 59 51 62 13 46 164 165 169 170 173 174 178 179
13 65 78 55 45 35 57 37 12 79 69 26 61 4 18 5 7 70 60 27 30 72 62 39 75 52 19 51 31 0 1 76 43 162 166 167 170 171 175 176 179
65 23 4 70 7 37 52 39 72 53 18 5 35 16 19 49 0 1 31 63 20 51 75 56 61 12 76 43 45 79 27 57 59 60 164 165 169 170 173 174 178 179
78 62 23 4 26 56 7 37 70 43 76 57 60 18 5 35 16 19 49 52 63 55 39 72 53 30 31 61 12 75 59 51 165 166 169 170 174 175 178 179
16 70 60 37 30 72 62 39 75 52 19 12 51 31 63 76 43 20 23 4 7 55 45 35 57 79 69 46 59 49 5 162 166 167 170 171 175 176 179
70 0 1 31 61 76 59 51 62 46 56 12 27 57 79 60 23 4 5 35 7 37 52 55 69 20 53 72 75 18 30 164 165 169 170 173 174 178 179
55 61 46 63 23 4 26 7 37 62 75 43 27 18 76 56 35 19 49 52 39 20 51 53 57 30 69 59 1 45 164 165 168 169 173 174 177 178
61 39 20 53 79 69 30 1 31 12 45 59 63 46 72 75 23 4 26 56 7 37 43 27 57 60 76 18 35 19 49 0 164 165 168 169 173 174 177 178
57 1 45 51 76 46 23 26 56 7 37 43 27 69 72 18 5 35 19 49 0 39 20 60 53 75 30 164 165 168 169 173 174 177 178
7 76 5 53 20 56 0 23 45 35 12 79 69 46 59 49 26 60 27 30 72 62 39 31 162 165 166 170 171 174 175 179
18 30 72 62 39 75 52 19 51 31 76 53 1 56 45 37 12 69 46 59 49 4 5 27 63 162 163 166 167 171 172 175 176
30 79 46 5 59 49 20 51 60 63 72 62 39 52 31 76 53 43 56 23 45 27 35 37 162 163 167 168 171 172 176 177
59 1 31 12 45 79 69 51 46 26 56 37 60 63 43 27 72 62 5 35 49 0 39 20 53 164 165 168 169 173 174 177 178
5 60 27 63 72 75 52 19 31 1 76 53 43 56 23 45 35 12 4 37 79 69 46 49 26 39 51 162 165 166 170 171 174 175 179
60 35 49 0 20 51 53 79 1 31 12 45 46 69 23 26 56 37 43 27 39 63 75 164 165 168 169 173 174 177 178
45 79 23 69 4 46 26 37 43 63 72 19 75 0 52 39 20 56 1 31 12 163 164 168 169 172 173 177 178
31 27 37 79 46 49 39 19 0 20 62 75 52 1 12 53 43 35 23 4 26 162 163 167 168 171 172 176 177
27 19 0 76 20 43 56 46 12 37 79 69 49 39 23 51 26 63 53 62 75 162 163 167 168 171 172 176 177
62 35 19 0 52 79 69 39 20 53 1 63 12 72 51 75 23 4 26 56 37 43 164 165 168 169 173 174 177 178
43 23 4 26 76 79 56 46 19 0 69 72 39 49 63 1 53 75 52 163 164 167 168 172 173 176 177
35 63 72 39 75 52 23 4 26 76 53 56 19 0 37 20 69 46 49 1 12 162 163 167 168 171 172 176 177
37 0 1 76 53 56 26 69 49 4 19 72 39 51 163 164 167 168 172 173 176 177
1 4 69 49 26 39 51 63 20 72 75 52 19 76 56 46 23 12 162 165 166 170 171 174 175 179
39 51 63 53 0 75 52 26 76 79 56 12 23 69 163 164 167 168 172 173 176 177
69 12 46 23 4 26 56 76 79 0 52 63 20 72 53 164 165 169 170 173 174 178 179
51 20 72 49 0 46 63 53 26 75 52 12 76 79 56 23 4 19 163 164 168 169 172 173 177 178
79 12 75 76 46 23 4 26 53 19 49 0 63 20 165 166 169 170 174 175 178 179
20 4 63 72 75 52 19 0 76 53 56 23 12 46 49 26 162 163 166 167 171 172 175 176
12 46 49 4 72 75 52 19 0 63 76 53 23 162 166 167 170 171 175 176 179
4 63 76 53 0 75 56 46 23 26 49 162 165 166 170 171 174 175 179
63 19 52 72 53 75 0 76 46 23 26 56 164 165 169 170 173 174 178 179
0 72 52 19 76 53 23 56 46 26 162 165 166 170 171 174 175 179
76 26 56 19 49 52 72 75 46 165 166 169 170 174 175 178 179
56 23 26 49 52 53 72 75 164 165 168 169 173 174 177 178
53 26 75 19 49 52 46 72 163 164 168 169 172 173 177 178
46 26 23 72 52 19 163 164 168 169 172 173 177 178
49 72 75 52 23 26 19 163 164 168 169 172 173 177 178
26 23 52 19 162 163 166 167 171 172 175 176
72 75 23 165 166 169 170 174 175 178 179
23 19 52 162 163 166 167 171 172 175 176
19 75 52 162 163 166 167 171 172 175 176
75 52 165 166 169 170 174 175 178 179
52 163 164 168 169 172 173 177 178
98 139 152 129 106 142 119 86 109 97 151 81 84 154 131 108 87 121 111 153 120 156 133 123 100 92 132 122 99 112 102 90 82 93 144 134 147 114 104 146 159 136 149 126 103 116 85 158 88 148 125 161 138 91 115 128 105 118 160 150 127 140 117 130 107 162 166 167 170 171 175 176 179
139 143 131 132 156 113 115 127 155 92 95 107 137 109 90 91 157 121 147 123 124 108 138 110 122 94 149 148 161 104 86 151 88 118 105 136 150 87 117 140 89 119 153 120 101 134 152 142 99 111 83 97 141 128 154 100 130 144 81 82 112 84 114 126 164 165 168 169 173 174 177 178
117 152 129 142 132 111 92 95 154 106 131 121 109 82 112 93 143 156 110 133 146 113 123 94 155 158 135 125 104 85 107 88 134 91 147 124 102 105 108 89 159 136 126 99 148 83 151 128 116 118 97 81 160 103 84 150 114 127 140 87 130 120 115 163 164 167 168 172 173 176 177
152 120 101 131 134 115 155 148 158 111 92 157 125 106 128 109 90 112 142 93 123 145 126 159 129 140 132 113 143 94 146 127 161 104 85 160 137 118 91 121 102 124 105 135 89 141 122 154 83 116 97 149 100 130 153 133 84 114 156 144 136 87 164 165 169 170 173 174 178 179
109 148 161 84 115 128 118 101 150 127 140 130 95 129 142 106 119 90 93 151 96 131 144 111 94 153 143 156 133 123 104 85 107 155 132 88 145 122 91 135 112 102 105 108 89 157 134 147 137 114 146 99 159 136 149 126 83 97 158 100 81 162 163 167 168 171 172 176 177
148 90 82 112 142 93 123 145 96 126 110 140 141 113 143 94 127 154 104 107 153 91 121 102 156 124 105 135 136 108 138 89 119 122 155 99 157 83 86 116 97 100 130 81 103 133 84 114 87 101 134 115 146 161 151 111 95 125 106 150 164 165 169 170 173 174 178 179
110 113 126 116 158 99 161 138 115 151 128 118 86 97 81 150 103 127 84 140 87 130 101 129 119 92 141 154 95 131 144 106 121 111 90 82 153 96 120 156 133 123 94 155 145 122 135 112 125 85 107 157 88 134 147 124 91 137 114 105 108 89 162 163 167 168 171 172 176 177
113 159 149 94 126 161 138 115 151 128 104 118 85 86 88 160 102 103 105 153 87 120 89 129 142 132 99 111 83 141 154 131 95 144 121 97 100 82 96 143 156 133 146 123 155 145 158 135 125 92 106 157 107 134 147 124 90 91 114 108 162 163 167 168 171 172 176 177
128 161 125 138 151 90 82 112 93 96 160 126 150 140 130 127 129 142 132 104 85 107 88 118 141 154 91 131 102 124 105 108 89 119 122 146 155 158 83 86 116 97 81 103 157 84 134 147 87 137 120 101 115 159 149 111 92 95 163 164 168 169 172 173 177 178
161 90 82 112 142 93 123 96 126 156 129 159 140 132 143 94 146 127 104 85 107 137 88 118 91 121 151 102 124 105 135 108 138 89 119 155 158 99 86 116 97 149 100 130 81 103 114 144 87 147 150 101 115 92 95 125 106 165 166 169 170 174 175 178 179
81 86 151 141 118 154 131 108 85 121 88 130 120 133 87 123 100 90 155 145 122 99 135 112 89 102 144 157 111 124 101 114 104 156 146 159 136 149 126 93 83 158 125 138 92 105 82 160 137 127 140 94 84 129 106 142 119 162 165 166 170 171 174 175 179
86 141 154 84 131 144 111 88 143 133 123 100 90 155 145 122 158 135 112 89 125 102 147 124 101 137 114 91 104 94 146 136 149 126 103 106 138 115 151 105 118 95 160 150 127 140 130 107 120 87 129 142 119 83 96 132 99 162 165 166 170 171 174 175 179
121 122 158 135 83 125 116 100 157 134 103 147 84 114 137 87 120 146 159 136 149 126 111 92 95 151 106 90 82 112 160 150 127 140 130 94 129 142 85 107 141 88 118 131 144 91 102 105 108 89 153 119 133 123 155 145 163 164 167 168 172 173 176 177
122 123 102 108 89 155 119 145 158 135 125 157 134 99 147 116 159 136 149 84 126 114 87 101 115 138 160 111 92 127 140 130 106 90 82 112 93 96 129 142 132 94 141 154 131 104 153 85 107 143 156 118 133 91 146 163 164 167 168 172 173 176 177
92 95 90 150 140 94 130 107 89 97 129 142 96 151 141 83 118 154 131 111 84 153 87 143 120 156 133 123 100 155 132 145 99 135 102 144 157 134 147 124 101 114 104 146 159 149 126 103 116 93 158 138 115 105 162 166 167 170 171 175 176 179
95 118 160 90 82 150 127 107 97 94 119 96 132 99 141 154 108 144 88 111 91 153 143 120 156 133 100 155 145 135 112 125 102 83 157 134 147 124 101 137 114 84 104 87 146 159 136 149 126 103 116 138 115 151 162 166 167 170 171 175 176 179
102 145 88 112 91 144 89 157 134 147 124 114 146 159 99 126 103 116 83 158 100 125 138 115 105 101 137 150 127 130 107 106 142 119 90 93 141 96 118 131 108 111 94 143 120 156 133 123 155 85 132 162 163 166 167 171 172 175 176
145 135 108 138 89 141 151 150 99 153 83 116 97 100 130 103 133 84 114 144 87 101 131 134 154 115 111 156 146 125 90 82 112 142 93 155 123 96 126 129 132 143 94 157 147 160 104 85 159 107 137 88 91 164 165 169 170 173 174 178 179
158 93 123 124 154 108 140 141 155 104 85 116 160 88 149 103 133 105 135 136 87 159 89 119 120 150 131 153 134 111 83 97 100 130 82 112 142 84 96 156 129 132 143 115 127 125 106 107 137 90 91 165 166 169 170 174 175 178 179
123 138 99 160 83 127 116 140 130 100 103 114 87 129 120 142 101 151 141 154 131 111 106 153 143 156 82 133 93 96 155 132 94 144 157 147 137 104 118 90 91 146 159 136 126 108 89 119 163 164 167 168 172 173 176 177
154 155 116 97 149 100 130 103 133 84 114 144 136 157 120 150 101 131 153 134 115 159 111 125 106 82 142 93 96 126 129 140 132 94 146 127 85 107 137 88 151 124 135 108 138 141 156 99 83 165 166 169 170 174 175 178 179
155 156 105 108 138 89 119 153 99 83 116 97 149 133 114 136 87 159 147 150 101 131 132 134 115 111 125 106 82 112 142 93 96 126 129 140 94 146 104 107 137 88 91 151 124 165 166 169 170 174 175 178 179
114 119 141 85 107 88 144 105 153 89 143 120 156 133 135 125 97 157 100 134 147 124 137 84 87 101 146 159 136 149 126 116 138 115 118 106 90 82 160 93 150 127 130 94 142 162 163 167 168 171 172 176 177
119 101 115 157 134 147 124 137 106 146 90 82 159 112 136 93 126 96 94 125 138 160 150 104 140 85 130 88 118 105 129 108 142 89 151 141 131 144 99 83 153 116 97 143 120 156 100 84 163 164 167 168 172 173 176 177
106 115 96 137 150 127 107 149 129 142 90 93 151 105 141 118 131 108 94 153 130 143 120 104 88 132 135 112 103 84 89 144 101 147 124 156 146 99 159 136 83 126 116 97 125 138 162 163 166 167 171 172 175 176
115 90 93 129 132 94 141 131 144 104 85 156 107 133 88 91 135 125 134 124 99 137 83 97 146 159 100 136 103 126 84 116 87 101 138 151 118 160 150 111 127 140 130 162 163 167 168 171 172 176 177
125 90 91 93 124 105 160 108 150 127 140 129 142 99 132 85 116 118 141 100 131 103 84 87 120 101 143 156 133 83 97 112 157 96 137 94 159 136 149 126 104 138 151 163 164 167 168 172 173 176 177
91 135 112 157 85 134 147 124 88 137 94 159 89 136 149 126 103 116 93 138 151 105 118 83 127 130 84 107 120 87 97 129 142 132 99 108 144 111 90 82 153 156 133 100 162 166 167 170 171 175 176 179
135 124 89 157 147 137 99 146 83 159 149 116 97 100 130 103 133 84 87 120 151 101 131 134 160 140 111 90 142 82 112 93 96 126 129 132 94 144 127 153 143 156 104 85 88 164 165 168 169 173 174 177 178
83 131 111 88 153 143 156 87 100 90 132 112 89 144 134 147 124 101 146 159 136 149 126 103 93 105 118 160 150 127 140 94 107 97 129 142 96 99 151 82 141 162 165 166 170 171 174 175 179
131 116 97 100 130 132 103 84 87 120 101 153 143 156 133 111 90 82 96 126 157 94 147 137 146 159 136 149 104 85 88 118 124 105 108 151 160 150 140 99 163 164 168 169 172 173 177 178
84 96 99 151 108 144 111 88 153 82 143 120 156 133 87 90 112 89 157 147 124 101 137 104 146 159 136 149 126 103 116 93 105 118 85 160 150 140 94 129 162 165 166 170 171 174 175 179
96 87 138 151 105 118 160 127 140 107 120 97 129 93 142 132 99 94 141 108 144 153 143 156 133 85 100 88 89 112 157 134 147 124 101 104 159 136 149 126 103 116 162 166 167 170 171 175 176 179
156 85 160 149 100 103 133 144 136 150 101 153 134 111 82 142 93 126 129 140 132 94 146 127 104 107 137 118 90 151 124 138 89 159 141 165 166 169 170 174 175 178 179
159 94 146 127 104 85 160 151 124 105 157 108 138 89 141 116 97 130 103 144 136 87 120 101 153 134 111 90 82 112 93 126 129 140 132 165 166 169 170 174 175 178 179
105 112 90 82 157 134 147 124 137 94 149 126 116 104 85 88 138 151 118 89 160 150 127 130 107 99 142 132 97 100 103 141 87 144 101 153 143 120 162 163 166 167 171 172 175 176
129 120 138 111 150 140 130 82 112 126 142 132 94 127 141 144 134 104 85 107 88 118 143 133 146 124 108 89 99 147 160 137 97 100 103 136 163 164 168 169 172 173 177 178
88 144 157 124 101 137 104 87 146 136 149 126 103 116 93 138 118 160 150 82 140 94 130 107 97 151 141 108 85 111 120 133 100 90 99 112 162 165 166 170 171 174 175 179
138 90 82 112 93 132 94 157 127 147 104 107 137 118 124 108 89 151 160 150 140 99 116 97 100 142 130 136 87 120 101 141 134 144 143 111 164 165 168 169 173 174 177 178
99 111 153 87 143 120 133 100 132 112 157 134 82 124 101 137 146 136 149 126 103 116 118 90 93 127 140 130 89 142 151 85 108 162 163 166 167 171 172 175 176
111 160 150 127 85 140 97 130 100 87 101 141 144 143 120 133 82 112 157 134 147 124 137 104 107 90 146 136 149 108 116 89 162 163 167 168 171 172 176 177
141 116 130 103 133 87 132 134 157 160 90 82 112 93 126 151 140 94 127 150 153 104 85 107 137 118 142 124 136 108 89 144 143 146 164 165 168 169 173 174 177 178
90 160 137 150 104 140 107 97 149 87 151 118 108 153 143 120 133 132 144 157 134 147 101 85 146 103 116 93 162 166 167 170 171 175 176 179
126 94 160 104 150 85 127 140 107 130 118 142 132 116 97 143 100 103 120 101 134 147 82 112 136 149 163 164 168 169 172 173 177 178
87 142 132 108 144 153 133 112 89 157 134 147 124 137 127 104 136 149 103 116 93 151 118 160 85 150 130 120 97 162 165 166 170 171 174 175 179
142 151 160 150 82 112 140 132 94 144 127 153 143 104 107 137 118 124 108 157 147 146 116 97 149 100 130 103 133 164 165 168 169 173 174 177 178
112 151 108 89 150 140 130 120 97 132 100 144 101 153 143 133 146 82 93 157 134 147 94 137 149 116 85 107 162 163 167 168 171 172 176 177
93 118 160 150 127 140 94 130 85 89 108 153 143 120 133 100 132 144 157 134 147 124 101 137 104 146 136 103 82 116 162 166 167 170 171 175 176 179
132 149 89 120 101 151 150 140 97 82 127 144 134 107 143 133 146 136 124 108 94 157 147 160 137 103 163 164 168 169 172 173 177 178
149 143 146 127 104 107 137 118 124 108 89 157 160 85 116 97 100 130 103 133 144 136 147 101 151 134 150 153 82 164 165 169 170 173 174 178 179
116 144 94 153 120 133 85 107 108 89 157 134 147 124 137 146 136 97 100 151 118 160 127 130 162 163 167 168 171 172 176 177
118 97 144 82 157 94 146 136 104 107 160 127 108 140 130 85 151 100 103 153 101 143 120 133 163 164 167 168 172 173 176 177
82 151 85 160 150 140 130 107 97 108 144 101 153 143 146 100 89 157 134 147 124 137 127 104 94 162 165 166 170 171 174 175 179
94 136 103 150 130 107 97 151 144 153 143 120 133 100 134 147 124 101 137 104 162 166 167 170 171 175 176 179
151 144 157 140 143 146 137 108 160 85 100 103 133 136 147 89 120 150 134 153 164 165 169 170 173 174 178 179
120 144 100 134 101 133 107 157 147 124 160 137 127 108 136 104 85 103 150 140 153 130 89 163 164 167 168 172 173 176 177
136 127 144 104 85 107 143 124 146 108 89 157 160 137 97 100 130 103 133 101 140 153 164 165 168 169 173 174 177 178
124 85 107 157 147 160 127 89 97 100 103 150 140 153 130 101 134 143 133 163 164 167 168 172 173 176 177
143 97 100 130 103 160 150 101 134 144 140 153 146 127 104 85 107 137 157 147 108 89 164 165 168 169 173 174 177 178
108 97 100 147 101 127 150 140 153 104 85 107 103 144 89 134 133 146 162 163 167 168 171 172 176 177
160 157 140 127 104 85 107 137 89 150 153 97 100 130 103 133 144 147 101 146 165 166 169 170 174 175 178 179
101 85 144 89 153 133 100 157 134 147 137 146 150 127 130 107 162 163 166 167 171 172 175 176
85 144 157 134 147 146 103 137 150 127 104 107 97 153 100 89 162 165 166 170 171 174 175 179
144 130 133 153 134 97 140 127 104 107 137 89 150 164 165 169 170 173 174 178 179
104 157 134 147 137 146 150 127 140 130 97 100 103 153 133 162 163 166 167 171 172 175 176
157 107 137 89 97 100 130 103 147 150 153 134 140 146 127 165 166 169 170 174 175 178 179
97 153 100 134 147 146 103 137 150 127 140 130 107 162 166 167 170 171 175 176 179
146 103 133 150 89 153 134 100 130 107 137 140 164 165 169 170 173 174 178 179
89 134 147 137 103 150 127 140 107 153 100 162 165 166 170 171 174 175 179
134 107 103 130 133 147 137 150 140 163 164 168 169 172 173 177 178
127 107 140 130 153 133 100 147 137 163 164 168 169 172 173 177 178
150 140 107 100 103 133 147 153 164 165 169 170 173 174 178 179
103 133 147 137 100 140 153 130 107 162 163 166 167 171 172 175 176
147 107 137 153 100 130 133 140 164 165 169 170 173 174 178 179
130 153 133 137 140 100 163 164 168 169 172 173 177 178
107 137 153 133 100 162 163 166 167 171 172 175 176
153 100 140 133 165 166 169 170 174 175 178 179
100 133 162 163 166 167 171 172 175 176
137 140 133 164 165 168 169 173 174 177 178
140 133 164 165 168 169 173 174 177 178
133 163 164 168 169 172 173 177 178
162
163
164
165
166
167
168
169
170
171
172
173
174
175
176
177
178
179
