#/usr/local/lib/python3.10/dist-packages/colab_kernel_launcher.py -f /root/.local/share/jupyter/runtime/kernel-ccf9b1d1-ce2b-4d6c-8d13-48aff858ef78.json
# GMT Mon May 27 10:17:00 2024
# 
15 21 30 3 14 16 9 12 4 29 24 19 7 28 23 18 10 13 27 22 31 0 26 64 65 68 69 72 73 76 77 80 81
21 7 27 22 10 2 5 13 16 19 8 0 11 25 3 29 6 23 17 9 1 20 65 66 69 70 73 74 77 78 81 82
7 17 26 12 30 2 5 25 20 29 24 0 23 3 6 1 18 27 13 31 4 64 67 68 71 72 75 76 79 80 83
17 10 25 2 20 29 24 19 28 13 23 16 8 0 3 14 6 22 9 1 12 65 66 69 70 73 74 77 78 81 82
30 18 2 4 5 24 13 31 27 19 11 22 3 14 6 28 0 20 23 12 25 66 67 70 71 74 75 78 79 82 83
26 10 5 16 29 8 11 0 28 22 14 25 6 9 1 20 23 12 27 4 31 66 67 70 71 74 75 78 79 82 83
8 9 18 2 5 27 13 22 12 11 3 6 1 20 29 24 19 28 14 23 64 65 68 69 72 73 76 77 80 81
9 3 11 20 24 6 10 19 28 14 1 4 18 22 31 2 12 5 64 65 68 69 72 73 76 77 80 81
0 5 18 4 13 22 31 3 16 25 11 29 6 24 1 10 19 64 67 68 71 72 75 76 79 80 83
5 3 27 31 12 16 1 11 6 4 20 24 10 19 28 14 64 67 68 71 72 75 76 79 80 83
18 3 14 16 6 1 25 29 19 23 10 2 12 13 27 22 31 65 66 69 70 73 74 77 78 81 82
11 14 23 10 2 27 31 12 16 3 6 20 29 1 19 28 64 65 68 69 72 73 76 77 80 81
14 24 19 28 3 23 1 12 27 22 16 10 20 29 64 65 68 69 72 73 76 77 80 81
23 22 25 29 20 28 12 10 2 4 31 13 19 65 66 69 70 73 74 77 78 81 82
3 24 10 19 28 2 4 13 31 1 29 64 67 68 71 72 75 76 79 80 83
22 28 10 2 27 16 25 6 1 4 29 24 65 66 69 70 73 74 77 78 81 82
28 25 29 6 12 4 2 31 13 16 27 66 67 70 71 74 75 78 79 82 83
24 6 27 31 1 12 25 4 10 2 29 16 66 67 70 71 74 75 78 79 82 83
16 10 27 13 25 20 29 19 1 12 4 65 66 69 70 73 74 77 78 81 82
12 2 25 20 19 6 27 13 64 65 68 69 72 73 76 77 80 81
10 31 6 25 1 29 2 13 64 65 68 69 72 73 76 77 80 81
31 2 13 27 19 25 1 20 4 66 67 70 71 74 75 78 79 82 83
19 6 4 25 2 13 20 65 66 69 70 73 74 77 78 81 82
27 13 25 6 1 20 4 66 67 70 71 74 75 78 79 82 83
2 13 20 29 6 4 64 67 68 71 72 75 76 79 80 83
13 25 20 29 4 64 65 68 69 72 73 76 77 80 81
25 4 6 1 20 66 67 70 71 74 75 78 79 82 83
6 20 1 64 67 68 71 72 75 76 79 80 83
20 29 4 65 66 69 70 73 74 77 78 81 82
29 1 4 66 67 70 71 74 75 78 79 82 83
4 1 64 67 68 71 72 75 76 79 80 83
1 64 67 68 71 72 75 76 79 80 83
39 49 58 53 62 48 34 37 57 52 47 56 42 51 60 55 38 50 59 45 63 36 40 64 67 68 71 72 75 76 79 80 83
49 57 34 52 56 37 51 60 55 43 32 35 59 38 54 63 58 53 41 62 44 47 65 66 69 70 73 74 77 78 81 82
47 62 35 46 48 57 38 33 44 61 56 51 55 42 37 45 59 54 63 32 58 64 65 68 69 72 73 76 77 80 81
62 50 42 34 53 36 37 45 48 63 40 51 43 35 38 60 32 33 44 55 66 67 70 71 74 75 78 79 82 83
50 58 40 46 35 32 43 33 57 52 56 51 55 41 42 44 37 45 59 54 63 65 66 69 70 73 74 77 78 81 82
58 42 53 37 56 45 48 61 51 32 54 46 35 57 52 44 59 36 63 66 67 70 71 74 75 78 79 82 83
40 41 34 37 59 45 54 63 44 53 43 38 61 56 36 42 51 60 46 55 64 65 68 69 72 73 76 77 80 81
41 32 35 57 52 61 56 38 42 46 33 36 55 59 54 63 44 53 37 48 64 65 68 69 72 73 76 77 80 81
32 37 46 35 44 53 48 34 57 43 52 61 38 56 33 51 60 64 67 68 71 72 75 76 79 80 83
37 35 59 54 48 57 33 43 36 52 34 56 51 45 64 67 68 71 72 75 76 79 80 83
46 56 60 55 38 33 44 36 59 54 53 48 42 34 45 52 61 64 65 68 69 72 73 76 77 80 81
43 55 42 34 45 54 44 53 48 35 38 52 61 33 56 51 60 64 65 68 69 72 73 76 77 80 81
55 54 35 38 57 61 52 44 42 34 59 36 63 48 65 66 69 70 73 74 77 78 81 82
42 59 54 63 44 53 48 57 36 61 56 34 45 64 65 68 69 72 73 76 77 80 81
59 53 56 63 51 35 57 38 33 52 61 60 66 67 70 71 74 75 78 79 82 83
35 51 60 34 36 45 54 63 44 53 57 33 64 67 68 71 72 75 76 79 80 83
54 60 45 48 51 57 38 33 44 36 56 65 66 69 70 73 74 77 78 81 82
60 57 61 38 33 52 44 36 34 63 53 48 51 66 67 70 71 74 75 78 79 82 83
56 38 63 33 36 34 53 45 51 66 67 70 71 74 75 78 79 82 83
48 63 45 53 57 38 52 61 51 33 65 66 69 70 73 74 77 78 81 82
57 61 36 51 53 63 45 33 66 67 70 71 74 75 78 79 82 83
53 34 45 33 52 44 36 65 66 69 70 73 74 77 78 81 82
63 61 34 51 33 44 36 66 67 70 71 74 75 78 79 82 83
61 38 33 52 44 36 34 45 51 66 67 70 71 74 75 78 79 82 83
51 33 34 52 65 66 69 70 73 74 77 78 81 82
38 45 36 34 44 52 33 64 67 68 71 72 75 76 79 80 83
34 45 44 52 36 64 67 68 71 72 75 76 79 80 83
45 52 44 36 64 65 68 69 72 73 76 77 80 81
44 52 64 65 68 69 72 73 76 77 80 81
52 36 33 65 66 69 70 73 74 77 78 81 82
36 33 64 67 68 71 72 75 76 79 80 83
33 64 67 68 71 72 75 76 79 80 83
64
65
66
67
68
69
70
71
72
73
74
75
76
77
78
79
80
81
82
83
