#/usr/local/lib/python3.10/dist-packages/colab_kernel_launcher.py -f /root/.local/share/jupyter/runtime/kernel-6c0fbf18-c276-4b2d-9452-8819c27dba4d.json
# GMT Sat May 25 02:03:16 2024
# 
36 71 61 38 30 11 14 60 25 50 9 1 31 12 15 29 65 54 44 23 26 7 53 10 66 43 56 27 55 68 18 47 35 37 0 3 33 46 59 6 49 39 34 146 147 152 153 158 159
71 66 17 39 69 53 34 30 11 14 25 47 28 9 1 31 42 64 48 51 32 62 65 4 26 56 10 70 43 24 27 57 8 38 60 16 0 22 52 3 63 55 148 149 154 155 160 161
29 32 68 35 67 18 57 34 70 47 5 16 19 0 69 6 49 58 48 61 38 51 11 14 50 63 40 30 9 15 39 13 54 53 66 43 10 21 24 27 65 55 145 146 151 152 157 158
32 68 45 35 67 57 70 47 23 4 5 7 69 24 6 8 20 48 51 30 2 60 14 40 16 0 1 15 17 52 65 54 11 25 26 53 66 28 43 56 12 145 146 151 152 157 158
8 9 54 31 44 11 53 43 20 33 23 2 5 55 45 35 12 0 6 57 34 37 69 59 13 16 58 1 38 28 18 70 50 40 17 30 39 42 4 19 7 144 149 150 155 156 161
9 34 11 46 26 16 68 58 0 3 25 61 15 6 60 37 50 40 17 49 62 39 52 19 1 64 18 54 53 66 43 20 33 10 42 7 22 35 12 144 149 150 155 156 161
11 14 56 10 59 13 49 48 61 38 70 60 2 50 27 40 17 30 6 42 41 54 63 53 66 43 20 1 23 65 55 45 12 67 44 57 47 144 149 150 155 156 161
14 24 37 1 46 59 49 26 16 13 58 48 61 38 15 51 18 60 50 4 27 30 62 19 64 54 21 2 53 20 0 3 23 6 55 68 35 34 144 145 150 151 156 157
68 59 46 37 10 40 21 43 54 57 41 18 2 5 35 16 19 0 22 52 3 33 63 39 20 50 70 53 34 67 69 30 44 47 28 61 12 64 148 149 154 155 160 161
21 64 54 31 63 53 66 43 33 55 18 45 35 2 16 19 67 44 57 34 24 6 20 56 46 59 49 58 28 70 12 15 37 27 40 30 62 39 52 42 144 145 150 151 156 157
64 43 24 54 27 67 57 38 70 41 58 69 2 16 19 22 52 3 55 17 20 50 30 25 47 1 61 12 42 15 48 51 66 23 4 56 37 10 148 149 154 155 160 161
25 34 15 56 69 26 61 28 24 50 27 40 13 62 39 42 23 5 7 19 41 31 22 3 63 20 53 66 33 65 18 55 2 45 1 67 44 57 145 146 151 152 157 158
34 31 12 15 61 51 13 50 63 23 4 62 26 42 41 54 44 66 43 18 56 2 5 16 65 19 55 45 3 35 20 57 47 30 145 146 151 152 157 158
44 47 10 12 24 69 59 41 49 58 48 61 4 5 35 37 60 19 50 63 22 33 39 52 2 54 0 1 53 66 15 17 45 67 23 26 146 147 152 153 158 159
47 57 70 31 42 15 69 49 13 46 48 61 23 4 37 60 43 24 27 38 62 18 2 54 16 19 0 53 56 17 20 55 58 67 146 147 152 153 158 159
22 28 13 60 50 40 62 4 52 65 10 41 31 56 2 5 55 19 45 58 35 6 20 67 57 70 24 27 69 59 49 26 39 12 48 61 15 144 145 150 151 156 157
28 3 6 17 37 20 69 46 59 58 61 60 50 63 30 13 62 39 52 42 23 51 7 41 10 54 31 27 66 43 18 45 35 5 16 0 145 146 151 152 157 158
24 41 54 31 1 12 15 53 66 43 56 33 35 23 7 67 10 57 70 69 48 61 38 0 3 60 6 50 20 62 39 52 42 145 146 151 152 157 158
66 26 56 7 10 40 54 27 57 38 60 58 5 35 16 19 52 33 55 17 50 30 67 70 1 42 48 69 59 46 148 149 154 155 160 161
13 65 45 35 67 57 37 12 69 46 59 49 26 16 58 48 15 4 18 60 50 63 40 62 39 42 19 2 41 54 31 1 53 56 144 145 150 151 156 157
65 58 70 7 37 40 54 55 69 38 18 16 49 0 1 3 33 17 20 50 51 62 30 67 26 56 61 12 42 15 27 59 60 41 148 149 154 155 160 161
15 6 57 37 69 46 26 39 16 18 60 50 27 63 17 30 4 10 54 53 43 56 33 23 55 45 58 0 144 145 150 151 156 157
55 61 46 63 4 26 37 10 62 40 54 27 41 18 35 16 19 0 3 58 39 50 30 69 31 12 45 48 147 148 153 154 159 160
61 6 17 67 20 70 30 1 12 45 59 46 23 4 7 37 40 43 54 27 57 38 41 58 0 52 33 148 149 154 155 160 161
57 1 31 45 48 51 46 4 7 37 54 27 38 70 41 59 2 35 0 52 33 17 20 60 53 30 147 148 153 154 159 160
18 30 6 62 52 51 54 31 0 1 43 33 23 17 67 37 69 46 59 26 58 38 70 60 4 5 50 63 144 145 150 151 156 157
30 69 46 4 5 3 6 17 48 51 62 39 1 42 12 41 54 26 7 10 58 35 67 37 145 146 151 152 157 158
59 70 1 31 12 69 48 51 46 4 56 7 60 10 40 43 54 27 38 2 5 16 19 49 0 52 3 33 147 148 153 154 159 160
5 60 50 63 40 7 52 42 19 41 54 31 53 56 33 10 23 45 58 12 4 67 70 46 49 26 48 38 2 51 144 149 150 155 156 161
60 35 0 3 33 6 67 20 51 1 42 48 46 69 23 26 56 37 10 40 39 41 62 2 148 149 154 155 160 161
17 48 38 16 70 3 27 6 40 62 39 52 42 19 51 41 31 1 63 53 33 23 7 67 10 37 69 144 145 150 151 156 157
40 54 2 16 19 3 43 6 45 58 70 1 31 69 48 51 23 26 7 37 50 63 62 52 42 146 147 152 153 158 159
54 27 56 35 49 6 70 20 31 12 45 48 51 4 7 37 147 148 153 154 159 160
6 38 50 27 2 7 20 3 52 42 41 31 53 43 56 33 10 23 12 67 70 4 26 39 144 149 150 155 156 161
10 31 53 20 56 23 45 35 12 67 46 0 49 3 26 51 50 27 63 62 52 19 41 144 149 150 155 156 161
31 67 70 27 37 49 39 2 48 38 51 19 0 50 62 52 41 1 12 45 58 4 145 146 151 152 157 158
2 27 7 39 52 42 63 43 20 33 23 45 35 12 0 37 69 46 49 3 16 48 70 144 149 150 155 156 161
27 16 41 0 3 20 43 56 33 46 45 35 70 12 37 49 39 23 63 145 146 151 152 157 158
3 63 7 1 62 39 42 41 53 43 56 33 23 12 37 4 46 49 26 16 48 38 144 149 150 155 156 161
43 7 38 67 70 35 16 19 0 69 39 49 48 51 1 53 12 42 62 52 146 147 152 153 158 159
35 62 52 42 4 26 7 53 56 45 16 19 67 70 69 48 38 51 12 145 146 151 152 157 158
37 63 0 12 67 69 46 49 58 38 4 70 19 33 39 52 51 146 147 152 153 158 159
48 20 70 49 1 46 53 23 26 7 62 52 38 41 56 0 33 147 148 153 154 159 160
70 0 33 63 51 62 56 12 42 41 58 39 20 53 148 149 154 155 160 161
38 51 20 41 53 1 12 69 46 4 58 63 16 62 39 52 19 0 42 146 147 152 153 158 159
39 41 50 16 63 33 62 52 67 26 12 45 58 7 69 49 146 147 152 153 158 159
67 42 45 62 46 4 26 56 7 41 58 19 49 63 20 69 148 149 154 155 160 161
50 58 16 19 49 51 0 33 62 52 1 12 42 46 23 4 69 147 148 153 154 159 160
58 62 51 46 42 41 4 69 20 53 16 19 49 1 33 45 147 148 153 154 159 160
62 19 33 69 20 63 12 42 45 51 4 7 41 148 149 154 155 160 161
69 42 46 23 4 7 19 49 63 53 148 149 154 155 160 161
45 23 4 46 26 7 49 41 51 63 16 52 33 20 53 56 1 146 147 152 153 158 159
4 63 33 0 42 46 26 16 7 49 52 19 144 149 150 155 156 161
63 49 52 20 53 16 0 1 51 46 23 26 56 42 148 149 154 155 160 161
51 20 16 49 0 1 53 26 42 41 56 23 7 19 147 148 153 154 159 160
41 53 56 16 19 33 20 1 26 7 52 146 147 152 153 158 159
1 26 16 7 52 0 53 33 46 23 144 149 150 155 156 161
42 46 49 19 0 56 23 26 7 146 147 152 153 158 159
0 49 53 20 56 46 26 16 144 149 150 155 156 161
20 7 52 56 33 23 46 49 26 144 145 150 151 156 157
12 49 26 16 7 52 56 33 23 144 145 150 151 156 157
23 53 56 33 46 49 26 16 52 144 145 150 151 156 157
53 26 7 16 19 49 33 147 148 153 154 159 160
16 19 33 49 144 145 150 151 156 157
56 26 7 19 49 52 33 147 148 153 154 159 160
7 33 46 49 52 19 144 149 150 155 156 161
46 26 52 19 33 146 147 152 153 158 159
26 49 19 145 146 151 152 157 158
19 52 49 144 145 150 151 156 157
33 52 145 146 151 152 157 158
49 147 148 153 154 159 160
52 147 148 153 154 159 160
108 143 120 133 110 102 83 86 122 81 73 134 124 137 104 85 113 116 95 76 98 79 125 138 128 96 99 140 90 139 119 77 107 109 72 94 75 141 105 118 78 121 92 146 147 152 153 158 159
143 141 92 122 125 139 102 86 100 84 114 117 120 101 131 123 104 134 85 137 95 76 98 128 109 112 142 93 96 126 129 110 74 107 91 121 72 94 124 75 105 127 148 149 154 155 160 161
100 139 94 75 129 119 78 89 109 141 118 83 130 120 97 110 81 73 142 132 122 135 102 85 95 136 126 103 93 116 80 125 138 115 128 105 127 104 140 74 107 72 145 146 151 152 157 158
139 73 103 84 114 117 101 131 134 118 95 76 79 109 93 115 127 99 129 80 110 111 130 90 74 88 94 124 75 105 135 78 140 89 123 106 137 102 116 119 148 149 154 155 160 161
101 104 140 117 90 129 106 74 77 88 141 75 131 121 89 120 133 123 83 132 86 122 135 102 81 73 84 134 114 85 136 113 95 98 79 125 115 128 105 80 127 145 146 151 152 157 158
104 127 85 107 129 119 109 77 79 141 93 94 96 78 111 120 74 132 122 86 135 112 88 91 72 124 137 114 136 116 83 97 98 125 81 128 105 84 99 145 146 151 152 157 158
72 77 109 99 79 121 134 111 124 78 91 81 123 136 113 126 135 138 82 137 127 140 117 107 129 106 83 96 73 128 141 118 98 88 130 120 97 133 87 144 149 150 155 156 161
77 122 99 112 89 102 134 124 136 126 116 93 73 83 125 115 92 82 85 127 117 94 130 76 129 106 142 119 96 109 141 131 121 98 88 78 120 110 123 144 149 150 155 156 161
112 113 126 74 116 107 125 94 75 115 105 128 78 89 111 106 127 140 130 129 142 119 97 81 73 103 87 141 118 121 76 98 132 79 135 96 80 110 134 90 146 147 152 153 158 159
113 114 93 96 80 110 111 90 74 107 91 127 94 140 105 78 89 92 106 119 102 83 141 118 86 97 81 73 103 84 120 123 85 122 135 76 98 79 82 146 147 152 153 158 159
140 131 123 137 118 95 97 98 81 82 93 96 126 129 80 110 130 90 121 94 105 135 127 89 111 92 141 102 83 86 103 133 84 136 117 120 148 149 154 155 160 161
93 136 103 82 138 115 95 137 127 90 117 107 74 88 91 106 75 119 96 78 141 118 121 83 120 97 133 110 142 84 109 122 102 134 111 114 144 145 150 151 156 157
136 96 99 132 142 130 91 121 94 124 75 105 135 127 89 92 122 106 83 137 86 97 81 133 84 114 87 117 120 131 134 85 118 95 98 128 148 149 154 155 160 161
114 116 119 90 76 118 107 131 88 121 94 105 130 89 111 133 92 106 83 86 134 73 124 103 84 87 123 85 126 128 98 79 109 81 137 96 146 147 152 153 158 159
97 106 128 141 131 83 133 110 82 142 96 132 109 122 85 134 111 123 103 94 78 80 135 92 125 102 115 137 90 127 74 117 88 73 116 145 146 151 152 157 158
106 73 84 120 87 133 110 85 132 76 79 82 96 99 80 125 138 128 74 137 91 127 117 75 92 129 142 141 118 83 131 86 121 145 146 151 152 157 158
116 119 84 96 99 141 118 121 130 120 133 90 76 107 109 132 122 135 75 78 110 111 92 126 86 88 125 138 85 137 83 95 129 98 142 146 147 152 153 158 159
119 129 142 117 141 131 85 118 133 95 98 132 122 135 115 96 99 80 134 90 107 88 91 94 75 105 138 78 128 89 92 83 86 146 147 152 153 158 159
74 122 102 79 91 81 103 125 92 128 105 82 137 127 117 96 109 86 141 118 131 85 121 98 88 130 120 133 110 87 142 73 132 144 149 150 155 156 161
122 130 107 133 123 94 75 89 132 111 92 135 102 83 86 81 73 126 87 117 120 85 125 137 95 76 82 96 142 90 147 148 153 154 159 160
94 135 125 102 76 137 79 82 80 126 115 95 91 75 89 92 129 142 96 131 83 121 98 86 81 84 120 87 110 144 145 150 151 156 157
120 130 111 102 83 141 87 117 85 118 132 125 76 98 124 137 115 96 99 80 126 128 107 88 91 75 105 147 148 153 154 159 160
127 133 118 135 79 109 82 115 80 90 138 88 121 89 130 92 123 125 129 132 102 83 86 131 73 103 87 117 147 148 153 154 159 160
133 78 89 111 92 142 125 83 86 81 84 117 131 123 118 98 79 115 96 126 80 130 138 137 88 91 121 124 105 148 149 154 155 160 161
129 73 103 87 117 123 85 95 76 79 109 82 115 99 80 110 141 131 90 88 91 121 124 105 89 111 92 125 86 147 148 153 154 159 160
131 102 83 86 103 84 87 95 76 98 128 79 109 82 135 115 99 80 134 130 90 121 75 105 138 78 92 125 147 148 153 154 159 160
90 102 78 111 124 91 123 103 88 138 92 128 105 87 95 85 107 83 96 109 81 82 80 130 110 76 99 135 144 145 150 151 156 157
102 141 88 121 91 78 89 92 123 132 135 86 134 73 84 87 126 103 138 115 128 95 81 137 117 80 145 146 151 152 157 158
117 85 76 109 115 80 110 123 132 135 107 134 91 124 105 78 89 111 126 125 128 73 103 84 87 146 147 152 153 158 159
130 134 137 86 98 128 84 138 99 85 95 76 79 124 126 141 78 80 110 111 125 132 121 135 103 75 87 147 148 153 154 159 160
126 115 96 99 110 138 128 137 88 121 124 75 105 78 111 142 92 125 83 103 87 85 135 118 134 95 98 109 147 148 153 154 159 160
78 87 123 132 99 89 79 92 134 75 124 103 125 138 115 128 105 118 84 142 86 121 111 88 144 149 150 155 156 161
82 103 83 76 125 115 92 128 95 85 137 80 84 96 109 141 118 121 75 111 88 110 99 135 89 81 73 124 91 144 149 150 155 156 161
103 99 109 80 118 121 88 123 91 75 135 92 124 137 73 87 125 138 128 105 95 76 98 79 145 146 151 152 157 158
123 110 111 92 142 132 86 88 105 87 89 125 98 81 124 137 84 96 85 138 95 76 107 79 91 147 148 153 154 159 160
75 142 132 89 73 134 124 91 81 80 83 138 115 92 105 107 84 96 86 76 141 85 121 144 149 150 155 156 161
107 132 135 85 134 124 95 79 99 80 125 138 115 128 88 91 109 118 121 83 86 110 81 73 84 87 145 146 151 152 157 158
132 88 91 121 105 138 86 81 73 87 142 85 118 141 95 76 128 109 115 80 111 134 137 148 149 154 155 160 161
73 142 86 76 141 121 98 111 88 110 135 79 134 124 91 125 138 115 128 105 85 144 149 150 155 156 161
142 89 137 118 83 98 128 81 115 96 99 85 95 76 79 109 91 124 138 110 111 141 92 148 149 154 155 160 161
96 81 84 87 138 105 137 76 79 109 80 141 98 110 99 89 124 145 146 151 152 157 158
88 99 83 134 111 124 91 81 84 85 135 138 92 105 79 80 121 110 144 145 150 151 156 157
110 89 138 83 137 81 84 141 118 76 121 109 99 80 135 134 124 146 147 152 153 158 159
87 109 118 121 83 98 86 81 99 89 134 124 76 91 125 115 92 105 95 137 144 145 150 151 156 157
89 99 134 111 91 83 86 81 135 115 92 128 85 95 137 79 80 98 144 145 150 151 156 157
134 121 105 141 92 125 81 135 84 85 118 95 76 79 115 99 80 148 149 154 155 160 161
141 83 86 85 95 76 98 128 79 99 91 124 135 111 92 148 149 154 155 160 161
111 91 125 105 92 124 137 83 86 98 138 128 84 76 79 80 146 147 152 153 158 159
92 76 80 124 138 128 137 118 121 98 144 145 150 151 156 157
84 109 118 98 79 99 124 91 135 125 138 115 128 95 137 81 144 145 150 151 156 157
85 81 109 118 79 99 135 125 138 128 105 144 145 150 151 156 157
115 76 79 138 118 99 105 121 83 86 135 81 125 124 137 146 147 152 153 158 159
99 91 128 105 83 86 81 109 95 76 98 125 124 145 146 151 152 157 158
135 79 109 105 86 138 118 95 81 80 148 149 154 155 160 161
91 125 128 95 86 137 109 118 98 76 79 80 144 145 150 151 156 157
83 118 80 109 124 138 95 137 144 149 150 155 156 161
79 138 128 95 109 86 121 76 124 81 144 149 150 155 156 161
118 86 98 121 95 80 124 105 128 146 147 152 153 158 159
137 95 124 125 105 98 128 138 148 149 154 155 160 161
121 125 138 98 109 80 76 147 148 153 154 159 160
81 86 98 109 124 125 138 105 76 144 149 150 155 156 161
109 125 138 128 95 98 76 124 146 147 152 153 158 159
125 80 124 138 147 148 153 154 159 160
80 138 128 95 98 124 144 149 150 155 156 161
76 105 86 95 98 144 149 150 155 156 161
95 128 98 86 144 145 150 151 156 157
128 138 147 148 153 154 159 160
86 124 138 105 144 145 150 151 156 157
138 105 148 149 154 155 160 161
105 98 145 146 151 152 157 158
124 147 148 153 154 159 160
98 145 146 151 152 157 158
144
145
146
147
148
149
150
151
152
153
154
155
156
157
158
159
160
161
