#/usr/local/lib/python3.10/dist-packages/colab_kernel_launcher.py -f /root/.local/share/jupyter/runtime/kernel-ccf9b1d1-ce2b-4d6c-8d13-48aff858ef78.json
# GMT Mon May 27 12:13:05 2024
# 
15 21 30 39 3 14 16 25 6 9 1 12 34 4 29 38 24 33 19 7 28 37 23 32 18 10 2 5 13 36 8 22 31 11 0 26 35 80 81 83 84 86 87 90 91 93 94 96 97
21 37 7 18 32 27 36 22 31 10 26 35 2 30 5 16 8 19 0 11 25 34 3 14 29 38 24 33 6 28 23 17 9 1 20 12 80 81 84 85 87 88 90 91 94 95 97 98
7 17 26 35 12 30 16 2 5 39 25 34 29 38 24 33 10 19 28 37 0 14 23 9 3 6 1 32 27 36 13 22 31 4 8 80 82 83 86 87 89 90 92 93 96 97 99
17 39 10 25 34 2 20 29 38 24 33 5 19 28 37 13 23 8 11 0 14 3 32 18 27 36 6 22 31 26 9 30 1 12 4 80 81 83 84 87 88 90 91 93 94 97 98
26 30 18 39 10 2 5 13 24 16 38 8 33 0 11 28 37 22 32 3 14 25 6 9 1 20 12 23 27 36 4 31 35 81 82 84 85 87 88 91 92 94 95 97 98
30 18 9 10 29 2 4 5 13 24 36 31 27 35 8 19 11 22 3 6 28 39 34 0 1 20 33 23 12 37 32 25 81 82 84 85 88 89 91 92 94 95 98 99
18 35 8 3 16 6 39 0 11 1 25 34 20 29 38 24 33 19 28 37 23 9 10 2 12 4 5 13 32 27 36 31 80 81 83 84 87 88 90 91 93 94 97 98
39 28 9 10 20 12 23 4 32 5 34 37 27 29 2 22 35 13 24 16 6 36 19 38 11 0 1 31 14 3 33 82 83 85 86 88 89 92 93 95 96 98 99
35 10 29 2 36 32 5 24 13 16 27 19 8 11 0 22 3 14 33 25 6 38 28 9 37 1 20 12 4 34 81 82 85 86 88 89 91 92 95 96 98 99
29 32 36 25 6 28 9 1 20 12 23 4 34 10 2 33 37 5 24 13 16 27 19 8 11 0 22 14 3 81 82 84 85 88 89 91 92 94 95 98 99
32 2 22 14 36 24 13 16 6 19 8 0 11 1 31 20 3 28 34 9 10 38 33 23 12 37 27 81 82 85 86 88 89 91 92 95 96 98 99
8 9 2 5 27 36 13 22 31 12 0 16 3 6 1 25 34 20 24 33 4 10 19 28 37 14 23 80 83 84 86 87 89 90 93 94 96 97 99
9 0 3 25 34 11 38 24 6 10 19 14 1 4 37 23 27 36 13 22 31 2 12 5 16 80 83 84 86 87 89 90 93 94 96 97 99
0 5 14 23 37 27 4 13 22 31 3 2 25 34 11 20 38 6 24 33 1 10 19 28 80 82 83 85 86 89 90 92 93 95 96 99
5 3 27 36 31 12 16 25 1 11 6 4 34 20 38 2 24 33 10 19 28 37 14 23 80 82 83 86 87 89 90 92 93 96 97 99
37 22 3 14 33 16 6 36 28 20 31 12 25 38 34 10 2 4 24 13 27 19 82 83 85 86 88 89 92 93 95 96 98 99
14 11 24 33 19 28 3 23 1 12 4 27 36 22 31 16 25 10 2 13 34 20 38 80 81 83 84 86 87 90 91 93 94 96 97
11 23 10 2 4 27 36 13 22 31 12 16 3 6 25 34 20 38 1 24 33 19 28 80 83 84 86 87 89 90 93 94 96 97 99
23 22 3 6 25 34 38 24 33 1 20 28 12 2 27 4 36 31 13 16 19 80 81 84 85 87 88 90 91 94 95 97 98
10 27 36 22 31 3 12 6 16 25 1 4 34 20 38 24 19 2 13 80 83 84 86 87 89 90 93 94 96 97 99
27 2 22 13 24 16 36 31 19 6 1 20 34 12 38 4 33 28 81 82 84 85 87 88 91 92 94 95 97 98
33 38 3 25 6 28 1 20 31 12 36 2 13 24 16 19 34 22 81 82 85 86 88 89 91 92 95 96 98 99
38 25 6 36 28 1 20 31 12 4 34 2 24 13 16 19 22 3 82 83 85 86 88 89 92 93 95 96 98 99
36 2 13 24 16 22 3 25 6 28 31 20 12 4 34 82 83 85 86 88 89 92 93 95 96 98 99
25 34 28 12 4 24 19 2 31 22 3 13 16 6 1 20 81 82 84 85 87 88 91 92 94 95 97 98
34 28 1 31 20 12 4 2 13 24 16 19 22 81 82 85 86 88 89 91 92 95 96 98 99
2 13 31 3 12 16 20 6 19 28 4 80 82 83 85 86 89 90 92 93 95 96 99
3 6 19 28 4 13 22 31 12 16 1 20 80 82 83 85 86 89 90 92 93 95 96 99
6 19 28 13 4 22 31 12 16 20 1 80 82 83 86 87 89 90 92 93 96 97 99
22 28 13 16 19 31 1 20 12 4 24 80 81 84 85 87 88 90 91 94 95 97 98
28 1 20 4 31 13 24 16 19 81 82 84 85 88 89 91 92 94 95 98 99
24 31 1 20 12 4 13 16 19 81 82 84 85 87 88 91 92 94 95 97 98
16 31 13 20 19 1 12 4 80 81 83 84 87 88 90 91 93 94 97 98
12 20 19 13 1 4 80 81 83 84 86 87 90 91 93 94 96 97
31 13 19 1 20 4 81 82 84 85 88 89 91 92 94 95 98 99
19 1 4 20 80 81 83 84 87 88 90 91 93 94 97 98
13 1 20 4 80 81 83 84 86 87 90 91 93 94 96 97
20 4 1 80 81 84 85 87 88 90 91 94 95 97 98
4 1 80 82 83 86 87 89 90 92 93 96 97 99
1 80 82 83 85 86 89 90 92 93 95 96 99
55 61 70 79 43 54 56 65 46 49 41 52 74 44 60 69 78 73 47 68 77 63 72 58 50 42 53 67 76 48 62 71 51 40 57 66 75 80 81 83 84 86 87 90 91 93 94 96 97
61 77 58 72 67 76 71 50 66 75 42 70 45 53 56 59 48 51 40 79 65 74 54 43 69 78 64 46 68 63 57 49 41 60 52 44 80 81 84 85 87 88 90 91 94 95 97 98
47 57 66 75 52 70 56 51 45 79 65 74 60 69 78 64 73 50 59 68 77 40 54 63 43 46 41 72 58 67 76 53 62 71 44 48 80 82 83 86 87 89 90 92 93 96 97 99
57 79 50 65 74 42 60 78 64 73 59 68 77 53 63 56 48 51 54 43 72 58 67 76 46 62 71 66 75 49 70 41 52 44 80 81 83 84 87 88 90 91 93 94 97 98
70 66 58 49 50 69 42 44 45 53 64 76 56 71 67 48 59 51 62 43 54 46 68 79 40 41 78 60 73 52 77 72 65 81 82 84 85 88 89 91 92 94 95 98 99
66 58 79 50 42 45 64 53 56 74 69 78 59 73 40 51 68 77 72 43 54 65 46 49 41 60 63 52 67 76 71 75 81 82 84 85 87 88 91 92 94 95 97 98
58 75 48 43 56 46 79 51 41 65 74 60 69 78 64 73 59 68 77 49 50 42 52 44 45 53 72 67 76 62 71 80 81 83 84 87 88 90 91 93 94 97 98
79 68 49 50 60 63 44 72 45 74 67 69 42 62 53 75 64 56 46 76 48 59 78 51 40 41 71 54 43 65 82 83 85 86 88 89 92 93 95 96 98 99
75 50 69 42 76 45 64 53 56 67 59 51 40 62 43 54 73 65 46 78 68 49 77 41 71 60 63 52 44 74 81 82 85 86 88 89 91 92 95 96 98 99
69 72 65 46 71 68 49 41 60 52 63 44 74 50 78 42 73 77 45 64 53 56 67 48 51 40 62 54 43 81 82 84 85 88 89 91 92 94 95 98 99
72 42 62 54 76 64 53 56 46 59 48 40 51 41 71 60 43 68 74 49 50 78 73 52 77 44 45 67 81 82 85 86 88 89 91 92 95 96 98 99
48 49 42 45 76 53 62 71 52 40 56 51 43 46 41 65 74 60 78 64 73 44 50 59 68 77 54 63 80 83 84 86 87 89 90 93 94 96 97 99
49 40 43 65 74 51 60 78 64 46 50 59 68 54 44 77 63 67 76 53 62 71 42 52 45 56 80 83 84 86 87 89 90 93 94 96 97 99
40 45 54 63 77 67 76 44 53 62 71 43 52 56 42 65 74 51 60 78 64 73 41 50 59 68 80 82 83 85 86 89 90 92 93 95 96 99
45 43 67 62 71 52 56 65 41 51 46 44 74 60 78 42 64 73 50 59 68 77 54 63 53 80 82 83 86 87 89 90 92 93 96 97 99
77 62 43 54 73 46 76 68 51 41 71 60 63 52 65 78 74 50 42 44 64 67 59 82 83 85 86 88 89 92 93 95 96 98 99
51 54 63 50 42 44 67 76 53 62 71 52 56 43 46 65 74 41 64 73 68 80 83 84 86 87 89 90 93 94 96 97 99
54 64 73 59 68 63 46 41 44 67 76 62 71 56 65 50 42 53 74 60 78 80 81 83 84 86 87 90 91 93 94 96 97
63 62 43 46 65 74 78 64 73 41 60 68 52 50 42 67 44 76 71 53 56 59 80 81 84 85 87 88 90 91 94 95 97 98
73 78 43 65 46 68 41 71 60 52 44 76 50 42 53 64 56 67 59 74 62 81 82 85 86 88 89 91 92 95 96 98 99
78 65 46 76 68 41 60 52 74 50 42 64 53 56 67 59 62 43 82 83 85 86 88 89 92 93 95 96 98 99
50 76 62 71 43 46 65 41 44 74 60 64 59 68 42 53 80 83 84 86 87 89 90 93 94 96 97 99
76 42 64 53 56 67 59 62 43 65 46 41 60 71 52 44 74 82 83 85 86 88 89 92 93 95 96 98 99
42 62 71 43 52 56 65 74 60 46 64 59 68 44 41 80 82 83 85 86 89 90 92 93 95 96 99
43 46 64 59 68 44 67 53 71 52 56 65 41 74 80 82 83 85 86 89 90 92 93 95 96 99
46 74 64 59 68 44 67 62 71 52 56 65 60 80 82 83 86 87 89 90 92 93 96 97 99
62 68 67 53 56 59 71 65 41 60 52 44 74 64 80 81 84 85 87 88 90 91 94 95 97 98
68 65 41 60 52 44 53 64 56 67 59 81 82 84 85 88 89 91 92 94 95 98 99
64 67 41 60 52 44 74 53 56 59 81 82 84 85 87 88 91 92 94 95 97 98
56 67 71 53 65 74 60 59 52 44 80 81 83 84 87 88 90 91 93 94 97 98
52 65 74 60 59 67 53 71 41 44 80 81 83 84 86 87 90 91 93 94 96 97
65 44 59 67 71 53 41 60 81 82 84 85 87 88 91 92 94 95 97 98
74 41 71 60 44 53 67 59 81 82 85 86 88 89 91 92 95 96 98 99
71 53 67 59 41 60 44 81 82 84 85 88 89 91 92 94 95 98 99
59 41 67 44 53 60 80 81 83 84 87 88 90 91 93 94 97 98
67 53 41 60 44 81 82 84 85 87 88 91 92 94 95 97 98
53 41 60 44 80 81 83 84 86 87 90 91 93 94 96 97
60 41 80 81 84 85 87 88 90 91 94 95 97 98
44 41 80 82 83 86 87 89 90 92 93 96 97 99
41 80 82 83 85 86 89 90 92 93 95 96 99
80
81
82
83
84
85
86
87
88
89
90
91
92
93
94
95
96
97
98
99
