#/usr/local/lib/python3.10/dist-packages/colab_kernel_launcher.py -f /root/.local/share/jupyter/runtime/kernel-6c0fbf18-c276-4b2d-9452-8819c27dba4d.json
# GMT Fri May 24 23:53:36 2024
# 
1 86 72 76 53 48 57 56 65 19 37 28 18 74 83 22 17 26 11 180 197
86 31 50 81 56 67 40 21 30 38 11 69 33 44 25 74 87 36 196 197
59 64 40 68 63 32 5 19 0 11 76 80 17 42 4 53 69 48 10 190 191
64 62 89 66 84 60 3 44 63 9 74 87 82 26 45 77 10 29 191 192
67 77 20 50 12 42 56 37 29 89 57 30 11 39 41 44 25 78 192 193
77 40 23 89 5 76 57 30 2 13 78 39 20 3 15 17 10 194 195
47 71 57 84 36 56 28 51 39 15 26 55 82 68 54 58 43 0 41 188 189
71 36 28 69 26 34 7 83 48 82 2 51 62 13 81 33 63 55 193 194
7 35 5 39 48 75 20 42 28 14 89 60 46 82 32 31 49 4 180 181
35 18 82 45 44 27 0 81 14 43 52 70 17 51 9 31 12 34 186 187
36 80 66 29 32 42 5 79 3 25 68 54 44 9 72 76 186 187
18 57 11 33 42 19 9 74 51 60 46 73 13 32 68 27 45 182 183
80 69 23 4 53 34 48 88 32 54 27 68 57 46 0 79 6 195 196
40 41 16 30 85 66 56 25 28 9 20 23 4 74 87 55 187 188
41 32 13 88 30 74 60 87 33 58 6 72 76 48 52 65 187 188
5 83 78 87 73 45 22 8 44 25 4 52 70 56 79 180 181
83 62 54 76 38 22 55 6 17 9 39 69 4 88 45 21 195 196
9 81 58 85 53 34 15 28 79 50 27 54 68 180 181
81 69 82 53 10 21 85 73 84 65 46 30 52 88 28 195 196
48 72 31 20 42 85 52 61 27 60 78 55 68 188 189
72 20 31 50 51 15 89 56 34 37 70 22 30 38 66 193 194
21 55 50 27 31 10 82 85 57 33 17 20 79 65 74 51 183 184
55 60 0 52 3 74 87 63 50 23 42 10 2 190 191
2 32 54 8 17 3 63 76 62 39 24 33 74 78 87 46 180 197
32 69 22 82 50 11 20 62 42 23 37 46 185 186
25 34 43 17 23 79 88 50 45 22 3 63 20 66 184 185
34 4 53 75 26 61 70 42 51 60 19 73 3 185 186
62 69 10 85 13 66 75 84 57 49 52 3 14 79 191 192
43 87 68 17 28 39 58 31 44 53 12 10 85 79 0 14 187 188
33 56 70 12 51 45 63 58 89 11 0 57 52 185 186
56 57 15 45 37 29 69 82 49 58 22 190 191
31 29 52 24 22 3 88 28 17 20 49 12 185 186
3 15 19 14 23 26 16 58 39 38 180 197
15 16 76 66 52 42 79 74 13 45 58 26 44 182 183
54 88 78 24 63 16 19 30 8 49 11 85 12 189 190
88 84 46 8 89 49 11 22 14 63 26 45 196 197
14 24 60 69 87 73 82 4 27 44 89 20 38 181 182
24 65 78 82 45 30 76 89 66 38 13 51 37 0 84 183 184
69 65 70 8 0 63 82 12 37 192 193
65 16 38 49 0 58 61 50 76 4 45 79 27 192 193
87 16 19 49 44 50 61 53 75 29 196 197
16 51 78 73 45 26 13 8 58 39 75 52 4 182 183
57 17 50 12 4 68 63 30 70 190 191
66 75 12 42 53 26 45 68 8 38 22 192 193
68 78 19 11 22 12 75 70 37 192 193
58 50 51 42 61 46 29 6 38 190 191
28 75 52 6 42 37 12 79 46 13 184 185
29 6 23 26 61 70 10 84 8 19 60 82 184 185
84 19 49 11 26 17 78 23 4 89 37 82 195 196
78 27 8 49 22 52 63 17 75 194 195
6 52 61 38 46 23 74 73 27 22 49 0 53 180 181
52 39 51 0 89 189 190
85 39 61 50 23 75 37 8 0 63 89 196 197
50 27 0 60 20 37 189 190
61 76 12 42 4 51 82 27 11 22 44 191 192
82 22 44 20 195 196
39 76 75 23 27 74 19 53 186 187
76 23 42 70 13 27 8 194 195
20 38 79 46 26 44 183 184
23 74 51 63 19 8 183 184
19 73 49 12 10 51 11 182 183
22 73 49 12 183 184
13 51 60 75 38 10 12 4 70 181 182
51 53 26 189 190
74 79 30 11 0 44 193 194
79 8 49 12 75 70 194 195
60 46 8 38 73 63 45 37 191 192
75 17 45 10 73 11 194 195
63 4 27 0 191 192
17 10 11 73 30 182 183
53 45 70 46 30 8 73 189 190
27 8 44 26 184 185
73 46 30 0 44 89 193 194
89 0 70 42 46 30 196 197
38 70 45 26 37 44 186 187
10 30 4 70 37 8 181 182
0 180 197
46 30 12 42 188 189
49 4 11 12 70 188 189
8 30 180 181
11 26 181 182
30 185 186
12 181 182
4 26 180 197
42 37 187 188
70 37 193 194
45 188 189
44 37 187 188
37 186 187
26 184 185
105 111 120 115 99 143 142 122 100 174 169 154 172 117 126 112 139 107 116 182 183
111 97 144 121 172 167 162 157 175 152 138 147 104 132 96 118 174 177 183 184
103 178 155 173 150 159 168 154 131 149 117 162 170 156 137 146 123 102 113 181 182
178 125 144 147 98 128 112 169 153 129 121 94 173 135 97 92 160 133 196 197
91 176 161 132 100 136 99 94 164 159 168 163 131 167 98 134 97 106 92 180 197
176 151 116 97 165 155 122 106 145 117 136 128 104 93 123 96 156 118 196 197
125 159 177 100 136 130 101 90 171 93 175 143 152 129 138 133 142 102 186 187
157 158 107 99 113 102 108 171 122 106 129 112 142 123 115 159 168 96 192 193
158 92 114 164 173 172 167 150 123 137 107 166 148 110 170 132 127 100 192 193
120 100 155 92 177 145 163 167 134 98 101 162 152 179 124 146 123 141 185 186
108 116 134 93 106 162 143 161 147 124 110 114 155 173 163 172 153 121 182 183
116 143 106 156 165 128 146 155 109 141 169 173 150 102 113 135 184 185
145 165 174 169 106 109 90 173 159 163 137 118 129 121 171 166 161 190 191
165 156 118 159 121 151 179 124 99 122 114 174 169 173 112 131 194 195
137 161 151 96 118 94 124 159 154 163 172 167 119 101 166 93 188 189
161 99 154 173 168 160 95 152 147 98 101 162 112 170 134 193 194
174 126 129 170 177 151 115 173 138 100 168 133 97 149 112 195 196
95 155 131 149 117 153 112 121 106 96 162 171 166 124 110 114 113 99 180 181
155 177 139 140 151 102 141 132 179 135 160 147 130 192 193
107 124 133 127 113 98 168 177 93 104 163 131 140 149 130 102 182 183
134 119 127 168 136 172 92 149 131 126 118 101 129 162 160 187 188
119 131 135 139 99 110 100 146 92 141 164 173 159 168 112 172 93 184 185
131 117 109 173 101 150 168 99 113 94 138 156 187 188
126 179 138 142 132 123 136 163 149 96 135 153 121 97 171 175 186 187
179 128 167 115 143 154 99 102 141 171 133 136 177 104 93 196 197
99 162 139 156 115 160 146 132 117 172 180 181
162 94 122 166 146 147 142 152 144 177 143 193 194
101 104 160 141 150 122 112 121 102 138 156 133 90 181 182
104 109 93 113 164 159 168 167 135 144 100 143 170 146 181 182
130 140 149 153 92 106 138 93 133 146 132 141 121 169 159 168 187 188
140 92 133 143 156 136 109 128 90 96 129 172 167 102 153 94 189 190
90 113 169 146 154 117 135 97 106 153 152 138 151 110 96 180 197
113 148 166 175 124 132 160 136 122 94 135 183 184
149 122 114 117 128 175 123 110 102 94 159 177 190 191
144 169 164 150 109 139 142 123 170 151 146 110 135 97 127 189 190
169 147 153 138 110 132 94 124 127 171 152 194 195
93 96 114 109 159 172 166 129 156 151 180 197
96 128 100 148 98 102 129 97 106 110 180 181
92 139 97 171 115 124 142 114 164 141 177 180 197
100 153 112 102 115 171 152 156 164 136 181 182
153 141 147 150 112 154 163 171 175 135 191 192
112 118 136 106 98 152 170 146 183 184
118 129 124 133 123 110 94 160 164 163 114 171 184 185
114 164 150 168 121 139 102 94 148 160 98 183 184
122 150 135 148 98 138 133 123 102 127 117 185 186
150 109 173 129 167 115 141 166 124 146 191 192
94 177 172 175 128 109 164 97 180 197
177 166 175 102 132 143 124 160 196 197
136 106 154 129 148 123 115 132 127 188 189
141 172 139 166 124 152 170 133 168 189 190
172 152 117 123 106 129 170 195 196
164 147 98 142 167 148 132 135 166 193 194
173 147 139 142 151 154 138 195 196
138 166 170 151 117 168 123 115 188 189
115 123 127 154 109 139 143 129 147 184 185
97 166 175 152 170 129 128 163 180 181
139 133 148 166 121 142 151 160 146 188 189
135 171 147 128 160 123 163 188 189
151 166 152 156 160 132 127 159 191 192
109 154 117 171 175 143 110 146 123 182 183
133 154 163 148 147 156 98 187 188
154 171 175 170 148 163 127 191 192
163 152 175 159 148 143 193 194
156 121 146 127 117 123 166 192 193
159 175 117 128 129 192 193
168 98 175 148 102 194 195
129 147 124 186 187
142 121 102 127 106 128 143 152 170 189 190
128 160 110 121 170 117 146 186 187
167 117 98 171 148 110 123 143 146 194 195
148 175 170 127 117 121 190 191
175 124 117 147 196 197
152 121 127 171 191 192
123 185 186
110 166 143 170 132 106 183 184
166 102 194 195
124 160 132 98 185 186
147 143 171 106 190 191
121 132 127 185 186
170 127 160 195 196
98 160 106 146 127 180 181
160 143 193 194
102 181 182
143 171 189 190
106 132 182 183
117 184 185
132 127 187 188
171 195 196
146 190 191
127 186 187
180
181
182
183
184
185
186
187
188
189
190
191
192
193
194
195
196
197
