#/usr/local/lib/python3.10/dist-packages/colab_kernel_launcher.py -f /root/.local/share/jupyter/runtime/kernel-6c0fbf18-c276-4b2d-9452-8819c27dba4d.json
# GMT Sat May 25 03:29:34 2024
# 
8 9 51 41 31 44 21 11 53 43 20 10 23 2 5 32 22 35 12 0 3 6 34 47 24 37 14 46 36 13 49 26 16 48 1 38 15 28 18 50 27 40 17 30 39 52 29 42 4 19 7 108 111 112 114 115 118 119 121 122 125
9 44 47 24 14 46 23 36 13 2 26 5 16 0 48 3 25 38 15 6 28 37 50 27 40 17 39 52 29 19 1 51 41 18 31 21 53 30 43 20 33 10 4 42 7 32 45 22 35 12 108 111 112 114 115 118 119 122 123 125
40 41 2 44 5 35 19 0 53 22 3 43 33 6 36 17 39 20 34 45 30 11 14 47 25 28 1 31 12 15 46 29 49 32 13 48 51 23 4 26 7 37 50 21 24 27 38 52 42 109 110 113 114 116 117 120 121 124 125
41 42 21 24 27 38 39 44 53 43 2 5 35 16 19 0 22 3 33 6 36 17 20 34 47 30 11 46 14 49 25 28 1 31 12 15 48 29 51 32 13 50 23 4 26 7 37 10 109 110 113 114 116 117 120 121 124 125
0 5 50 27 17 7 49 39 52 29 42 19 51 18 31 21 53 30 43 20 33 10 23 32 45 22 35 12 2 44 34 11 47 24 1 14 46 36 13 26 3 16 48 25 38 15 28 108 110 111 114 115 117 118 121 122 125
5 3 50 27 17 30 7 52 29 42 19 32 31 44 21 1 11 53 43 20 33 10 23 13 35 12 25 4 34 47 24 37 14 46 36 49 26 39 16 6 48 38 15 51 28 18 108 110 111 114 115 118 119 121 122 125
11 14 7 10 46 36 13 49 26 16 48 25 38 15 28 2 37 50 4 27 3 6 39 52 29 42 19 51 18 31 21 53 43 20 1 33 23 32 45 22 35 12 44 34 47 24 108 111 112 114 115 118 119 122 123 125
14 24 37 1 46 12 36 49 26 16 48 38 15 51 18 50 4 27 17 7 10 39 52 29 42 19 32 31 44 21 2 53 43 20 33 3 23 6 45 22 35 25 34 47 108 111 112 115 116 118 119 122 123 125
6 48 38 15 51 28 18 50 27 2 17 30 7 1 3 52 29 42 19 32 31 44 21 53 43 33 10 46 23 13 45 22 35 12 25 34 47 37 4 36 49 26 39 16 108 111 112 114 115 118 119 121 122 125
48 36 39 20 34 30 44 25 49 28 1 31 12 42 15 45 29 51 32 46 50 53 23 4 26 7 37 10 52 21 43 24 27 38 18 2 35 16 19 22 3 33 110 111 113 114 117 118 121 122 124 125
42 44 47 18 4 46 35 16 49 19 22 3 33 36 17 39 20 34 50 30 25 28 1 52 12 15 29 51 32 13 53 43 23 26 7 10 21 24 45 27 38 109 110 113 114 117 118 120 121 124 125
33 38 23 4 26 50 7 10 21 24 27 39 52 51 18 44 2 19 53 43 22 3 17 20 45 35 30 34 47 37 25 28 1 31 46 15 36 49 29 32 13 109 110 112 113 116 117 120 121 123 124
38 36 17 34 53 43 30 25 28 1 31 12 45 15 29 32 13 44 47 46 23 4 49 7 37 10 21 24 27 50 18 2 35 16 39 52 19 22 3 109 110 113 114 116 117 120 121 123 124
25 34 15 47 17 46 28 10 12 24 37 50 27 13 49 39 52 29 23 4 7 51 19 21 31 22 3 20 53 30 43 18 32 2 45 35 16 1 44 108 109 112 113 115 116 119 120 123 124
34 28 1 31 12 15 51 29 32 13 50 23 4 39 26 52 7 10 21 24 27 43 18 2 16 19 22 45 3 35 17 20 47 37 30 46 36 49 109 110 112 113 116 117 120 121 123 124
44 47 10 12 43 27 46 49 18 51 4 35 7 37 19 50 21 22 3 36 39 20 52 30 2 16 28 1 53 15 17 29 32 13 45 23 26 109 110 113 114 117 118 120 121 124 125
47 28 1 31 12 15 45 29 32 13 46 51 23 4 26 7 37 10 50 21 43 24 27 52 18 2 35 16 19 3 53 36 17 39 20 30 110 111 113 114 117 118 120 121 124 125
2 50 27 17 30 7 39 52 29 19 51 31 21 53 43 20 10 23 32 45 22 12 24 37 4 46 36 13 49 26 3 16 15 28 18 1 108 110 111 114 115 117 118 121 122 125
50 35 16 19 49 51 22 3 36 17 39 20 52 30 28 1 31 12 15 45 29 32 13 53 46 4 26 37 10 21 43 24 18 110 111 113 114 117 118 121 122 124 125
3 15 28 18 27 17 30 7 1 39 29 19 51 31 21 53 43 20 23 32 45 22 35 24 37 4 46 36 13 49 26 16 108 110 111 114 115 118 119 121 122 125
15 24 37 46 36 49 26 39 16 12 28 18 13 27 17 30 52 29 19 7 32 10 31 21 53 43 20 23 45 22 35 108 109 111 112 115 116 118 119 122 123
22 28 13 53 30 4 52 29 7 10 32 21 31 43 18 46 23 16 19 45 35 17 20 24 37 27 36 49 26 39 1 51 108 109 112 113 115 116 119 120 122 123
28 17 37 46 36 49 1 12 30 39 52 29 23 4 26 51 7 10 31 21 24 27 53 43 18 32 45 35 16 19 108 109 112 113 116 117 119 120 123 124
24 31 1 12 53 43 13 32 45 35 23 4 10 21 37 46 36 49 26 18 51 16 19 27 17 20 30 39 52 29 108 109 112 113 115 116 119 120 123 124
36 51 30 1 31 12 29 52 32 13 23 4 26 7 53 10 21 27 45 18 35 37 16 19 46 17 49 20 109 110 113 114 116 117 120 121 123 124
7 21 53 43 20 23 32 45 35 12 37 46 1 13 49 26 16 27 4 17 30 39 52 29 19 51 18 31 108 111 112 114 115 118 119 121 122 125
21 31 10 43 23 18 32 45 35 16 19 17 20 46 49 26 1 12 37 27 30 13 39 52 4 108 109 112 113 115 116 119 120 122 123
18 30 39 52 29 19 51 31 16 53 43 20 23 17 13 32 45 35 37 10 12 46 49 26 4 27 108 109 111 112 115 116 119 120 122 123
30 46 4 16 49 19 17 20 51 39 1 12 32 29 13 31 53 43 23 26 10 45 27 35 37 109 110 112 113 116 117 119 120 123 124
29 45 35 16 19 46 49 17 20 51 1 12 39 52 13 31 23 4 26 53 43 10 27 108 109 112 113 116 117 119 120 123 124
45 32 13 23 4 46 26 49 37 10 43 27 51 35 16 19 52 17 39 20 53 1 31 12 110 111 113 114 117 118 120 121 124 125
10 31 4 53 43 20 23 13 35 12 37 46 49 26 39 16 51 27 17 1 52 19 32 108 111 112 114 115 118 119 122 123 125
31 27 37 46 49 39 16 51 19 17 20 52 32 1 12 53 43 13 35 23 26 109 110 112 113 116 117 119 120 123 124
27 16 17 20 46 35 1 12 37 13 49 39 23 4 51 26 53 52 32 108 109 112 113 116 117 119 120 123 124
37 16 1 53 12 43 32 13 23 26 46 49 4 35 19 17 20 39 52 51 109 110 113 114 116 117 120 121 123 124
17 16 52 19 51 1 12 53 43 20 13 23 32 35 4 46 49 26 108 109 111 112 115 116 118 119 122 123
35 13 39 52 23 4 26 53 16 19 20 46 49 51 1 12 109 110 112 113 116 117 120 121 123 124
51 39 20 16 49 1 32 46 53 26 52 12 43 13 23 4 19 110 111 114 115 117 118 121 122 124 125
39 16 53 1 20 52 32 26 43 12 46 13 23 4 49 109 110 113 114 116 117 120 121 124 125
13 32 12 46 49 26 16 4 52 19 1 53 43 20 23 108 111 112 115 116 118 119 122 123 125
32 4 49 20 16 19 1 52 26 53 43 12 46 109 110 112 113 116 117 119 120 123 124
16 52 19 1 12 53 43 20 4 46 49 26 108 109 111 112 115 116 118 119 122 123
20 4 52 19 1 53 43 23 12 46 49 26 108 109 111 112 115 116 119 120 122 123
12 46 49 26 4 52 19 53 43 23 1 108 111 112 115 116 118 119 122 123 125
23 53 43 46 4 49 26 19 52 1 108 109 112 113 115 116 119 120 122 123
53 4 26 49 52 1 43 46 110 111 114 115 117 118 121 122 124 125
1 4 49 26 52 19 43 108 110 111 114 115 117 118 121 122 125
4 43 46 26 49 52 19 108 110 111 114 115 118 119 121 122 125
43 26 46 19 49 52 109 110 113 114 117 118 120 121 124 125
46 52 19 110 111 113 114 117 118 120 121 124 125
26 49 52 19 108 109 112 113 115 116 119 120 123 124
19 52 49 108 109 111 112 115 116 119 120 122 123
49 52 110 111 113 114 117 118 121 122 124 125
52 110 111 114 115 117 118 121 122 124 125
83 86 99 89 72 88 101 56 91 59 70 73 54 76 100 57 90 60 103 71 74 102 92 105 65 68 79 94 82 63 55 66 69 93 106 96 95 85 98 77 58 80 61 107 97 64 87 75 78 81 62 108 109 112 113 116 117 119 120 123 124
86 67 99 89 88 101 77 91 58 59 61 75 76 90 78 60 93 62 74 105 72 84 56 104 68 94 70 73 54 55 85 57 69 71 106 96 95 98 65 79 80 107 82 97 63 64 87 66 100 81 109 110 112 113 116 117 119 120 123 124
62 63 105 95 85 98 75 65 97 74 87 64 77 56 59 99 76 89 66 54 57 60 101 78 91 68 100 90 67 103 80 70 102 55 79 92 69 82 72 104 81 94 71 84 93 96 58 73 61 108 111 112 114 115 118 119 121 122 125
63 98 88 65 101 78 68 100 77 90 67 56 80 59 70 54 102 57 79 92 69 60 82 91 104 81 94 71 103 93 106 73 55 105 75 107 84 97 74 87 64 58 96 61 99 76 89 66 108 111 112 114 115 118 119 122 123 125
54 59 91 104 58 94 71 61 103 93 106 60 96 73 105 95 72 85 75 107 84 74 87 77 99 76 89 66 56 98 88 65 101 78 55 68 100 90 67 80 57 70 102 79 92 69 82 108 110 111 114 115 117 118 121 122 125
59 57 104 81 94 71 84 96 73 95 85 75 55 65 107 97 74 87 64 77 67 99 76 89 66 79 58 88 101 78 91 68 100 90 103 80 93 70 60 102 92 56 69 105 82 72 108 110 111 114 115 118 119 121 122 125
94 95 56 98 89 70 73 107 76 57 97 87 60 90 93 74 88 99 84 65 68 101 79 82 55 85 66 69 100 103 67 102 105 77 61 91 104 64 75 78 81 92 106 96 72 109 110 113 114 116 117 120 121 124 125
95 96 78 81 92 93 98 107 72 97 56 89 70 73 76 57 99 87 60 90 71 74 88 101 84 65 68 103 79 82 55 85 66 69 102 105 67 104 77 58 80 61 91 106 64 109 110 113 114 116 117 120 121 124 125
65 68 61 64 100 90 67 103 80 70 102 92 69 82 56 91 104 58 81 71 84 57 60 93 106 96 73 105 72 85 75 97 55 87 77 99 76 89 66 98 88 101 78 108 111 112 114 115 118 119 122 123 125
68 78 91 100 66 90 103 80 70 67 102 92 69 105 82 72 104 58 81 71 61 84 64 93 106 96 73 85 98 75 107 97 74 87 57 77 60 76 89 79 88 101 108 111 112 115 116 118 119 122 123 125
60 102 92 69 105 82 72 104 81 56 71 84 61 74 55 57 106 96 73 98 75 107 97 87 100 77 67 99 76 89 79 88 101 78 91 58 90 103 80 93 70 108 111 112 114 115 118 119 121 122 125
102 90 71 93 74 88 84 98 79 101 103 82 55 85 66 69 99 105 67 100 104 107 77 58 80 61 91 64 106 75 97 78 81 92 72 56 89 70 73 76 87 110 111 113 114 117 118 121 122 124 125
96 98 101 72 56 58 100 89 70 103 73 76 57 90 71 93 74 88 104 84 79 82 55 106 85 66 69 105 67 107 97 77 80 91 64 75 78 99 81 92 109 110 113 114 117 118 120 121 124 125
87 92 77 58 80 104 61 64 75 78 81 93 106 105 72 98 56 73 107 97 76 57 71 74 99 89 84 88 101 91 79 82 55 85 66 69 90 103 67 109 110 112 113 116 117 120 121 123 124
92 90 71 105 74 88 107 97 84 79 82 55 85 66 99 69 67 98 101 100 77 58 80 103 61 91 64 75 78 81 72 56 70 93 106 73 76 57 109 110 113 114 116 117 120 121 123 124
79 88 69 101 71 100 90 80 82 64 66 78 91 104 81 67 103 93 106 77 58 61 105 75 85 76 57 74 107 84 97 72 56 89 70 55 98 108 109 112 113 115 116 119 120 123 124
88 55 85 66 69 105 67 104 77 58 93 80 106 61 64 75 78 81 98 107 97 72 56 70 73 76 99 57 89 71 74 101 91 84 100 103 109 110 112 113 116 117 120 121 123 124
98 101 64 66 78 81 100 103 72 105 58 89 61 91 73 104 75 76 57 90 93 74 106 84 70 82 55 85 107 69 71 67 99 77 80 109 110 113 114 117 118 120 121 124 125
101 82 55 85 66 69 99 103 67 100 105 77 58 80 61 64 104 75 97 78 81 106 72 56 89 70 73 57 107 90 71 74 84 110 111 113 114 117 118 120 121 124 125
56 104 81 71 84 61 93 106 73 105 85 107 97 74 64 77 99 76 89 66 78 91 58 100 90 67 103 80 57 70 69 82 72 55 108 110 111 114 115 117 118 121 122 125
104 89 70 73 103 105 76 57 90 71 93 74 106 84 82 55 85 66 69 99 67 107 100 58 80 61 91 64 75 97 78 81 72 110 111 113 114 117 118 121 122 124 125
57 69 82 72 81 71 84 61 55 106 73 105 85 75 107 97 74 64 77 99 76 89 66 78 91 58 100 67 103 80 70 108 110 111 114 115 118 119 121 122 125
69 91 100 90 103 80 93 70 55 66 105 82 72 67 81 84 106 58 73 61 64 85 75 107 74 77 99 76 89 108 109 111 112 115 116 118 119 122 123
76 82 67 107 84 58 106 61 64 75 97 72 100 77 70 73 99 89 71 74 91 81 90 103 80 93 55 66 105 108 109 112 113 115 116 119 120 122 123
82 71 91 74 100 90 103 66 84 67 93 106 77 80 105 61 64 85 75 78 81 107 97 72 99 89 70 73 108 109 112 113 116 117 119 120 123 124
78 85 55 66 107 97 67 99 89 77 58 61 64 75 91 100 90 103 80 72 70 73 81 71 74 84 93 106 108 109 112 113 115 116 119 120 123 124
90 105 84 55 85 66 106 67 58 80 61 107 64 97 75 81 99 72 89 91 70 73 100 71 103 93 74 109 110 113 114 116 117 120 121 123 124
61 75 107 97 74 64 77 99 89 66 91 100 55 103 80 70 81 58 71 84 93 106 73 105 72 85 108 111 112 114 115 118 119 121 122 125
75 85 64 107 97 77 72 99 89 70 73 74 100 103 80 55 66 91 81 84 67 93 106 58 105 108 109 112 113 115 116 119 120 122 123
72 84 93 106 73 105 85 70 107 55 97 74 77 71 67 99 91 64 66 100 103 80 58 108 109 111 112 115 116 119 120 122 123
84 100 58 70 103 73 71 74 105 93 106 55 66 85 107 97 77 80 64 99 81 89 109 110 112 113 116 117 119 120 123 124
99 67 77 58 100 80 103 91 97 81 105 89 70 73 106 71 93 74 107 55 85 66 110 111 113 114 117 118 120 121 124 125
64 85 58 107 97 74 77 67 89 66 91 100 103 80 93 70 105 81 71 55 106 73 108 111 112 114 115 118 119 122 123 125
85 81 91 100 103 93 70 105 73 71 74 106 55 66 107 97 67 89 77 58 80 109 110 112 113 116 117 119 120 123 124
81 70 73 71 74 97 100 89 55 66 91 67 93 77 58 105 80 107 106 108 109 112 113 116 117 119 120 123 124
91 70 55 107 66 97 67 77 80 100 103 89 73 71 74 93 106 105 109 110 113 114 116 117 120 121 123 124
71 70 93 106 73 105 55 66 107 97 74 67 77 89 58 100 103 80 108 109 111 112 115 116 118 119 122 123
89 67 93 106 77 58 107 97 70 73 74 100 103 105 55 66 109 110 112 113 116 117 120 121 123 124
105 93 70 103 55 100 107 106 66 97 67 77 58 73 110 111 114 115 117 118 121 122 124 125
93 70 73 107 55 74 106 80 97 66 100 67 77 58 109 110 113 114 116 117 120 121 124 125
67 66 100 103 80 70 58 106 73 55 107 97 74 77 108 111 112 115 116 118 119 122 123 125
70 106 66 107 97 74 77 58 100 103 80 108 109 111 112 115 116 118 119 122 123
74 58 73 55 107 97 77 66 100 103 80 108 109 111 112 115 116 119 120 122 123
66 100 103 80 58 106 107 97 55 108 111 112 115 116 118 119 122 123 125
77 107 97 100 58 103 80 73 106 55 108 109 112 113 115 116 119 120 122 123
107 58 80 73 103 106 55 97 110 111 114 115 117 118 121 122 124 125
55 58 103 80 106 73 97 100 108 110 111 114 115 117 118 121 122 125
58 97 100 80 103 106 73 108 110 111 114 115 118 119 121 122 125
100 80 97 103 106 73 110 111 113 114 117 118 120 121 124 125
97 80 73 103 106 109 110 113 114 117 118 120 121 124 125
80 103 106 73 108 109 112 113 115 116 119 120 123 124
73 106 103 108 109 111 112 115 116 119 120 122 123
103 106 110 111 113 114 117 118 121 122 124 125
106 110 111 114 115 117 118 121 122 124 125
108
109
110
111
112
113
114
115
116
117
118
119
120
121
122
123
124
125
