#/usr/local/lib/python3.10/dist-packages/colab_kernel_launcher.py -f /root/.local/share/jupyter/runtime/kernel-ccf9b1d1-ce2b-4d6c-8d13-48aff858ef78.json
# GMT Mon May 27 10:44:14 2024
# 
7 17 12 16 2 5 25 20 29 15 24 10 19 28 0 14 23 6 1 18 27 13 22 4 8 60 63 64 66 67 69 70 73 74 76 77 79
17 10 25 2 20 29 24 19 5 28 13 23 16 8 11 3 18 27 6 22 26 9 1 4 60 61 64 65 67 68 70 71 74 75 77 78
18 26 8 21 3 16 6 11 0 1 25 20 29 24 19 28 15 23 10 12 4 5 13 61 62 64 65 67 68 71 72 74 75 77 78
26 10 2 21 5 24 13 16 29 8 11 0 22 14 3 25 6 9 20 23 12 27 15 61 62 65 66 68 69 71 72 75 76 78 79
0 5 23 9 27 4 13 22 3 12 21 16 2 25 20 29 15 24 1 10 19 28 60 62 63 65 66 69 70 72 73 75 76 79
5 3 27 12 21 16 25 1 11 6 4 20 29 24 10 19 28 14 23 9 60 62 63 66 67 69 70 72 73 76 77 79
8 2 27 13 22 12 21 11 3 1 25 20 29 15 24 4 10 19 28 14 23 60 63 64 66 67 69 70 73 74 76 77 79
11 14 9 10 2 4 27 13 22 12 21 16 3 6 29 1 15 24 19 28 60 61 63 64 66 67 70 71 73 74 76 77
14 15 24 19 28 23 6 9 1 12 4 27 22 21 25 10 2 13 20 29 60 61 63 64 67 68 70 71 73 74 77 78
23 22 3 6 25 29 24 1 20 12 9 10 2 27 13 16 19 61 62 64 65 68 69 71 72 74 75 78 79
10 27 22 3 21 6 16 1 4 20 29 15 24 2 13 60 61 63 64 66 67 70 71 73 74 76 77
27 21 22 24 13 19 3 25 6 9 1 20 4 15 28 62 63 65 66 68 69 72 73 75 76 78 79
3 6 15 19 28 9 2 4 22 12 21 16 25 20 29 60 62 63 66 67 69 70 72 73 76 77 79
6 15 24 19 28 9 13 4 22 2 12 21 20 1 60 63 64 66 67 69 70 73 74 76 77 79
15 16 25 9 12 4 20 29 24 19 28 2 13 22 60 61 64 65 67 68 70 71 74 75 77 78
22 28 2 21 13 16 25 9 12 4 29 24 61 62 64 65 68 69 71 72 74 75 78 79
28 25 29 9 1 12 4 2 21 13 16 19 62 63 65 66 68 69 72 73 75 76 78 79
24 9 1 25 4 2 21 13 16 19 61 62 65 66 68 69 71 72 75 76 78 79
16 2 13 21 20 29 19 9 1 12 4 60 61 64 65 67 68 70 71 74 75 77 78
12 2 25 20 29 19 9 13 1 21 60 61 63 64 67 68 70 71 73 74 77 78
25 29 9 19 2 21 13 1 20 61 62 65 66 68 69 71 72 75 76 78 79
21 13 19 29 9 1 20 4 61 62 64 65 68 69 71 72 74 75 78 79
9 20 29 19 1 4 2 60 61 63 64 66 67 70 71 73 74 76 77
29 1 20 2 13 62 63 65 66 68 69 72 73 75 76 78 79
19 1 4 2 20 61 62 64 65 67 68 71 72 74 75 77 78
2 13 20 4 60 62 63 65 66 69 70 72 73 75 76 79
13 1 4 60 61 63 64 67 68 70 71 73 74 77 78
20 4 1 61 62 64 65 67 68 71 72 74 75 77 78
4 1 60 62 63 66 67 69 70 72 73 76 77 79
1 60 62 63 65 66 69 70 72 73 75 76 79
45 51 33 36 39 31 34 50 59 54 49 37 58 53 48 40 32 35 43 57 38 30 41 47 56 60 61 64 65 67 68 70 71 74 75 77 78
51 37 48 57 52 40 56 32 35 43 46 49 38 41 33 59 36 58 47 39 31 50 42 34 61 62 64 65 68 69 71 72 74 75 78 79
37 47 56 42 46 41 32 35 55 50 59 54 40 58 44 53 39 33 31 48 43 34 38 60 63 64 66 67 69 70 73 74 76 77 79
47 55 32 50 59 54 49 35 58 53 46 30 41 33 44 57 36 52 56 31 42 34 60 61 64 65 67 68 70 71 74 75 77 78
56 48 40 35 54 46 59 38 49 30 41 52 33 44 55 36 39 31 50 53 57 61 62 65 66 68 69 71 72 75 76 78 79
48 38 44 33 46 36 30 55 50 59 54 49 58 53 39 40 32 34 35 57 52 61 62 64 65 67 68 71 72 74 75 77 78
38 39 32 57 43 52 30 46 41 33 36 31 55 50 59 40 49 58 44 53 60 63 64 66 67 69 70 73 74 76 77 79
39 30 33 55 41 50 59 54 36 40 49 58 44 34 57 43 32 42 46 60 61 63 64 66 67 70 71 73 74 76 77
30 35 44 53 57 34 43 52 33 42 46 55 50 59 36 54 40 49 58 60 62 63 65 66 69 70 72 73 75 76 79
35 33 57 52 42 46 55 31 41 36 50 59 32 54 49 58 53 43 60 62 63 66 67 69 70 72 73 76 77 79
44 41 54 49 58 33 53 36 31 42 34 57 52 46 55 40 32 43 60 61 63 64 67 68 70 71 73 74 77 78
41 53 40 32 34 43 52 42 46 33 36 50 59 54 49 58 60 61 63 64 66 67 70 71 73 74 76 77
53 52 36 55 31 50 58 42 40 32 57 34 43 46 49 61 62 64 65 68 69 71 72 74 75 78 79
40 57 52 33 42 36 46 55 31 50 59 54 32 43 60 61 63 64 66 67 70 71 73 74 76 77
57 32 43 54 46 49 33 55 31 42 59 34 58 62 63 65 66 68 69 72 73 75 76 78 79
33 36 49 34 43 52 42 46 55 31 50 60 62 63 66 67 69 70 72 73 76 77 79
36 59 54 58 34 52 32 42 55 50 31 60 63 64 66 67 69 70 73 74 76 77 79
52 58 32 43 46 49 55 31 42 34 59 54 61 62 64 65 68 69 71 72 74 75 78 79
58 59 31 50 42 32 43 54 46 49 62 63 65 66 68 69 72 73 75 76 78 79
54 31 50 42 55 34 32 59 46 49 61 62 65 66 68 69 71 72 75 76 78 79
42 32 50 59 49 43 31 46 34 60 61 63 64 67 68 70 71 73 74 77 78
32 43 46 55 59 49 34 60 62 63 65 66 69 70 72 73 75 76 79
55 59 34 49 43 46 31 50 61 62 65 66 68 69 71 72 75 76 78 79
59 31 50 34 43 62 63 65 66 68 69 72 73 75 76 78 79
49 31 34 43 50 61 62 64 65 67 68 71 72 74 75 77 78
46 43 31 34 60 61 64 65 67 68 70 71 74 75 77 78
43 31 50 34 60 61 63 64 67 68 70 71 73 74 77 78
50 34 31 61 62 64 65 67 68 71 72 74 75 77 78
34 31 60 62 63 66 67 69 70 72 73 76 77 79
31 60 62 63 65 66 69 70 72 73 75 76 79
60
61
62
63
64
65
66
67
68
69
70
71
72
73
74
75
76
77
78
79
