#/usr/local/lib/python3.10/dist-packages/colab_kernel_launcher.py -f /root/.local/share/jupyter/runtime/kernel-ccf9b1d1-ce2b-4d6c-8d13-48aff858ef78.json
# GMT Mon May 27 13:14:48 2024
# 
29 32 45 35 18 34 47 16 19 0 46 3 36 6 49 17 20 48 38 51 11 14 50 25 40 28 30 9 1 12 15 39 52 13 41 54 31 44 23 4 26 7 43 33 24 27 55 113 114 117 118 121 122 125 126 129 130
32 55 13 45 35 34 47 23 37 4 5 7 21 22 36 24 49 39 8 20 48 38 51 18 30 2 40 19 0 1 31 3 15 52 42 41 54 44 11 53 28 43 10 33 12 27 113 114 117 118 121 122 125 126 129 130
40 41 54 2 44 5 35 16 19 0 53 22 3 43 33 6 36 17 39 20 55 45 11 14 25 9 1 31 12 15 46 49 13 48 4 26 7 50 21 24 8 38 52 42 18 113 114 117 118 121 122 125 126 129 130
41 42 21 24 8 54 44 53 43 5 16 19 0 22 45 33 6 36 17 20 34 30 11 46 14 49 25 28 9 1 31 12 15 48 51 13 50 23 4 26 7 37 52 10 113 114 117 118 121 122 125 126 129 130
0 5 37 50 27 17 49 39 52 6 19 9 51 18 54 8 21 53 30 43 20 10 23 45 22 35 12 2 44 34 11 47 24 14 46 13 26 3 48 25 38 15 28 112 115 116 119 120 123 124 127 128 131
5 50 27 17 30 7 52 19 9 8 44 21 1 11 53 43 20 33 10 23 13 55 45 22 35 12 25 47 24 37 14 46 36 49 26 39 16 6 38 2 51 28 18 112 115 116 119 120 123 124 127 128 131
6 48 38 15 51 28 2 17 30 7 20 1 3 52 42 19 9 54 31 8 21 11 53 43 33 10 23 55 45 22 35 34 47 24 37 14 4 36 49 26 39 16 112 115 116 119 120 123 124 127 128 131
48 36 17 34 30 11 14 25 47 49 28 9 1 31 12 42 45 51 13 46 50 53 26 7 37 10 52 21 24 27 8 38 54 18 2 35 16 19 22 3 55 114 115 118 119 122 123 126 127 130 131
42 44 47 18 4 46 35 16 49 19 3 36 17 39 20 34 30 11 14 25 28 1 52 31 12 15 51 13 54 53 43 26 7 37 9 10 21 55 45 27 8 38 114 115 118 119 122 123 126 127 130 131
33 38 4 26 50 7 10 21 24 27 8 39 52 54 44 16 19 53 43 22 3 17 20 55 45 35 30 11 34 47 14 37 25 28 9 31 12 15 36 49 13 113 114 117 118 121 122 125 126 129 130
38 36 20 54 34 53 43 30 11 14 28 9 1 31 55 12 45 13 44 46 23 4 26 7 37 10 24 27 8 50 18 2 35 39 52 19 22 3 113 114 117 118 121 122 125 126 129 130
25 34 15 47 17 46 36 26 11 28 9 12 24 37 50 27 13 49 23 4 7 54 21 22 3 8 20 53 30 43 18 55 2 45 35 14 16 1 44 112 113 116 117 120 121 124 125 128 129
34 9 1 31 12 15 51 13 50 23 4 39 26 52 21 27 8 54 44 53 43 18 2 16 55 22 45 3 35 17 20 47 37 46 11 14 49 113 114 117 118 121 122 125 126 129 130
44 47 10 12 43 24 8 46 49 18 51 4 35 7 37 19 50 21 22 3 36 39 20 52 2 28 1 31 53 17 13 55 45 11 23 26 114 115 118 119 122 123 126 127 130 131
47 28 9 1 31 15 45 49 46 51 23 4 26 7 37 10 50 21 24 27 8 52 18 2 54 16 19 3 53 36 17 39 20 55 11 14 114 115 118 119 122 123 126 127 130 131
10 54 31 11 53 43 23 8 55 45 22 35 12 24 37 14 2 46 36 49 3 26 39 16 15 51 28 18 50 27 17 30 9 1 52 19 112 115 116 119 120 123 124 127 128 131
54 21 43 24 8 18 2 55 35 16 19 22 52 3 36 17 39 50 53 30 11 28 9 1 31 12 15 51 46 23 4 7 37 114 115 118 119 122 123 126 127 130 131
2 50 27 17 30 7 39 52 19 9 31 21 11 53 43 20 23 22 35 12 24 37 4 46 36 13 49 26 3 16 15 28 18 1 112 115 116 119 120 123 124 127 128 131
50 35 16 49 51 22 3 36 17 39 20 52 30 14 28 31 12 15 45 13 53 46 55 23 4 26 7 21 43 27 8 18 114 115 118 119 122 123 126 127 130 131
3 15 28 27 17 30 7 1 39 52 19 51 31 8 21 53 43 20 23 55 45 35 12 24 37 14 4 46 13 16 112 115 116 119 120 123 124 127 128 131
15 24 37 46 36 49 26 39 16 1 12 51 28 18 13 27 17 30 52 4 19 7 8 31 21 43 20 23 45 22 35 112 113 116 117 120 121 124 125 128 129
22 28 53 30 4 7 21 8 31 43 18 46 23 16 55 19 45 35 17 20 24 37 27 36 49 39 9 1 12 51 112 113 116 117 120 121 124 125 128 129
28 17 37 20 46 36 49 11 14 9 1 30 13 52 23 4 26 51 7 24 27 43 18 45 35 16 19 113 114 117 118 121 122 125 126 129 130
14 24 9 1 46 12 36 49 26 16 13 51 18 4 27 17 7 30 39 52 8 19 31 21 53 20 23 55 45 35 112 113 116 117 120 121 124 125 128 129
24 31 9 1 12 43 13 55 45 35 23 4 7 21 37 8 46 36 51 16 19 27 30 39 52 11 112 113 116 117 120 121 124 125 128 129
36 51 30 11 1 31 12 52 13 23 4 26 7 43 21 8 45 18 35 16 19 46 17 39 20 113 114 117 118 121 122 125 126 129 130
18 30 39 52 19 51 31 21 16 53 43 20 23 55 45 35 11 37 9 12 46 49 26 8 4 27 112 113 116 117 120 121 124 125 128 129
30 4 16 49 19 17 20 51 39 52 1 12 13 31 53 43 23 26 7 55 45 27 35 37 113 114 117 118 121 122 125 126 129 130
45 13 4 46 26 49 37 21 27 8 51 35 19 39 20 53 11 9 1 12 55 114 115 118 119 122 123 126 127 130 131
21 31 8 53 23 55 35 16 19 17 20 46 49 11 9 1 37 27 13 39 52 4 51 112 113 116 117 120 121 124 125 128 129
31 27 37 46 49 39 16 51 17 20 11 9 1 12 53 43 13 55 23 4 26 7 113 114 117 118 121 122 125 126 129 130
27 16 19 17 20 43 46 55 35 11 9 1 12 37 13 49 39 23 4 51 7 52 112 113 116 117 120 121 124 125 128 129
55 13 23 4 26 7 37 43 8 16 19 52 17 39 20 51 53 11 9 1 12 114 115 118 119 122 123 126 127 130 131
17 16 39 52 11 51 9 1 12 53 43 13 23 4 7 37 8 46 26 112 113 116 117 120 121 124 125 128 129
13 35 11 9 37 12 46 49 26 16 7 8 52 19 51 1 53 43 20 112 115 116 119 120 123 124 127 128 131
7 11 53 43 20 23 35 37 46 49 26 16 4 39 19 9 51 8 112 115 116 119 120 123 124 127 128 131
11 9 49 26 8 16 4 39 19 51 53 43 20 1 23 35 12 112 115 116 119 120 123 124 127 128 131
35 39 52 23 4 8 16 19 37 20 49 51 9 1 12 113 114 117 118 121 122 125 126 129 130
51 8 39 20 16 49 1 46 53 26 9 43 23 19 114 115 118 119 122 123 126 127 130 131
43 23 4 26 37 46 8 16 39 49 20 1 53 52 114 115 118 119 122 123 126 127 130 131
16 37 52 19 9 1 12 53 4 8 46 49 112 113 116 117 120 121 124 125 128 129
37 1 53 12 26 9 46 8 49 4 19 39 52 113 114 117 118 121 122 125 126 129 130
9 46 23 26 49 39 52 19 1 53 20 4 12 112 115 116 119 120 123 124 127 128 131
12 46 26 4 8 39 52 19 53 23 1 112 115 116 119 120 123 124 127 128 131
23 53 8 46 4 49 26 19 20 39 1 112 113 116 117 120 121 124 125 128 129
53 4 26 8 39 49 52 20 46 114 115 118 119 122 123 126 127 130 131
1 4 26 20 52 19 46 112 115 116 119 120 123 124 127 128 131
8 20 46 49 26 39 52 19 112 115 116 119 120 123 124 127 128 131
4 20 46 26 49 52 112 115 116 119 120 123 124 127 128 131
20 52 19 46 49 26 112 113 116 117 120 121 124 125 128 129
39 19 52 26 46 49 113 114 117 118 121 122 125 126 129 130
26 46 49 52 19 112 113 116 117 120 121 124 125 128 129
49 52 46 19 114 115 118 119 122 123 126 127 130 131
19 52 112 113 116 117 120 121 124 125 128 129
46 114 115 118 119 122 123 126 127 130 131
52 114 115 118 119 122 123 126 127 130 131
85 88 101 91 74 90 103 58 93 61 72 56 78 59 92 62 105 73 104 94 107 67 106 81 96 84 86 65 57 68 95 108 69 97 110 100 79 60 82 63 109 99 66 89 77 64 111 113 114 117 118 121 122 125 126 129 130
88 111 69 101 91 90 103 79 60 61 63 77 78 92 80 105 95 64 76 104 94 107 86 58 106 70 72 75 56 87 73 98 97 110 100 67 81 82 109 84 99 65 89 68 102 83 113 114 117 118 121 122 125 126 129 130
64 65 107 97 87 100 77 67 109 99 89 66 79 58 61 111 91 68 56 59 62 90 103 80 93 70 102 92 105 82 72 57 94 71 84 74 106 83 73 86 108 98 60 75 63 112 115 116 119 120 123 124 127 128 131
65 100 90 67 103 80 70 102 79 69 58 61 72 56 104 59 81 71 62 84 93 83 96 73 105 95 108 75 57 97 110 87 77 99 76 89 66 60 63 111 101 78 91 68 112 115 116 119 120 123 124 127 128 131
56 61 106 60 96 73 63 105 62 98 107 97 74 110 77 109 86 99 76 89 66 79 111 101 78 91 68 58 100 90 103 80 70 102 92 69 82 72 104 81 94 71 84 112 115 116 119 120 123 124 127 128 131
61 59 106 83 96 86 108 75 97 110 87 100 77 57 67 109 99 76 66 79 69 111 101 78 91 68 81 60 90 103 80 93 70 102 105 82 95 62 71 107 84 74 112 115 116 119 120 123 124 127 128 131
62 104 94 71 107 84 74 83 96 58 86 63 76 57 59 108 98 97 87 100 109 99 89 66 102 79 69 111 101 78 91 68 90 103 93 70 60 92 105 82 95 72 112 115 116 119 120 123 124 127 128 131
104 92 73 95 76 90 70 81 105 84 57 87 68 98 71 101 107 69 102 106 109 60 82 93 66 108 96 77 99 80 83 94 110 74 58 91 72 75 78 59 111 89 114 115 118 119 122 123 126 127 130 131
67 70 63 66 102 92 69 105 82 81 94 71 84 58 93 60 83 96 73 86 59 95 108 98 75 107 97 74 110 87 77 99 76 57 89 79 111 101 78 68 103 80 112 115 116 119 120 123 124 127 128 131
70 80 93 57 102 68 92 105 82 72 69 94 107 84 74 106 60 83 96 73 63 66 95 108 98 75 97 110 77 58 109 89 59 79 111 101 91 81 90 112 113 116 117 120 121 124 125 128 129
97 98 77 80 83 94 95 100 109 74 99 91 75 111 78 59 101 89 92 76 90 103 86 102 105 81 84 57 87 71 107 69 106 79 60 82 108 66 113 114 117 118 121 122 125 126 129 130
98 100 103 74 58 60 102 91 72 105 75 78 92 73 95 90 106 86 81 84 108 87 68 107 69 110 109 99 82 63 93 66 96 77 111 80 101 83 94 114 115 118 119 122 123 126 127 130 131
89 94 60 82 106 63 96 66 77 80 95 108 107 74 110 58 72 75 109 78 59 73 76 111 101 91 90 103 93 81 57 68 102 71 92 105 69 113 114 117 118 121 122 125 126 129 130
94 92 73 76 110 90 109 86 81 57 87 111 68 101 71 69 100 103 102 79 60 82 105 63 66 77 80 83 106 96 74 58 91 72 95 108 113 114 117 118 121 122 125 126 129 130
81 90 71 73 102 92 82 84 66 80 93 83 96 105 95 108 79 63 107 75 110 77 87 78 76 109 86 74 111 58 101 91 72 57 100 112 113 116 117 120 121 124 125 128 129
90 84 57 87 71 107 69 106 96 79 60 95 82 108 63 80 110 100 109 99 74 58 72 75 101 59 73 76 103 93 86 102 92 113 114 117 118 121 122 125 126 129 130
100 103 66 68 99 80 83 102 105 74 107 60 91 93 75 106 77 78 59 92 95 108 86 58 110 72 84 87 109 71 73 69 111 79 82 114 115 118 119 122 123 126 127 130 131
103 84 57 87 68 71 101 105 69 79 60 82 63 93 66 106 99 80 83 108 74 58 110 91 72 78 59 92 73 95 76 111 86 114 115 118 119 122 123 126 127 130 131
66 110 87 77 60 109 99 76 79 111 78 91 68 80 93 58 102 92 105 59 82 95 72 71 84 106 96 73 86 57 108 112 115 116 119 120 123 124 127 128 131
110 96 77 99 80 83 74 58 72 75 105 78 108 59 92 73 95 76 106 86 57 87 68 101 107 69 102 79 60 82 93 114 115 118 119 122 123 126 127 130 131
59 71 84 74 106 83 96 73 86 63 57 95 108 75 107 87 77 109 99 76 79 111 101 78 91 68 93 58 60 92 69 72 112 115 116 119 120 123 124 127 128 131
71 80 102 92 105 95 72 57 68 107 84 74 69 106 83 96 73 86 108 60 75 63 87 77 109 99 58 111 101 78 91 112 113 116 117 120 121 124 125 128 129
78 84 69 106 96 109 86 60 108 63 87 99 74 102 79 58 72 111 101 73 76 93 83 92 105 82 57 68 107 112 113 116 117 120 121 124 125 128 129
84 73 93 76 102 105 57 68 106 96 86 95 108 60 82 107 63 87 80 83 109 74 111 101 91 72 75 113 114 117 118 121 122 125 126 129 130
80 87 57 109 99 69 101 91 79 60 63 77 102 92 105 82 74 107 72 75 106 83 73 96 76 86 95 112 113 116 117 120 121 124 125 128 129
92 107 86 106 96 87 68 69 79 60 82 63 109 77 83 74 58 91 93 72 75 102 73 95 76 113 114 117 118 121 122 125 126 129 130
63 77 58 109 99 76 79 111 101 91 93 102 57 69 105 82 72 83 96 60 73 86 95 108 107 74 87 112 115 116 119 120 123 124 127 128 131
77 87 109 99 79 111 74 91 58 72 75 76 102 105 82 57 68 93 106 83 96 86 69 108 107 112 113 116 117 120 121 124 125 128 129
74 86 95 108 75 107 87 109 99 76 79 73 111 69 101 91 68 102 105 58 60 106 112 113 116 117 120 121 124 125 128 129
86 58 72 105 75 73 76 107 106 96 108 57 68 69 87 79 82 111 101 83 91 93 113 114 117 118 121 122 125 126 129 130
101 69 79 60 102 82 105 93 96 99 83 107 58 91 72 75 73 95 76 109 57 68 114 115 118 119 122 123 126 127 130 131
96 91 72 75 109 99 73 76 111 57 87 68 102 105 69 79 60 82 93 106 83 108 113 114 117 118 121 122 125 126 129 130
87 83 93 102 95 58 72 75 73 106 76 108 68 109 99 69 111 91 79 82 113 114 117 118 121 122 125 126 129 130
58 83 73 95 108 75 107 109 99 76 111 68 93 60 102 69 105 82 57 112 115 116 119 120 123 124 127 128 131
83 72 75 76 99 102 111 91 57 68 93 69 105 60 107 82 106 109 108 112 113 116 117 120 121 124 125 128 129
111 102 79 82 93 99 91 75 105 108 73 95 106 107 109 57 68 114 115 118 119 122 123 126 127 130 131
93 72 57 68 99 69 79 82 102 60 91 106 75 73 76 95 108 107 113 114 117 118 121 122 125 126 129 130
73 72 106 95 75 107 57 68 76 69 79 91 60 105 82 112 113 116 117 120 121 124 125 128 129
106 91 72 75 105 107 95 76 108 57 68 109 102 60 82 99 114 115 118 119 122 123 126 127 130 131
91 108 79 60 82 109 99 72 75 76 102 107 68 113 114 117 118 121 122 125 126 129 130
107 95 76 72 105 57 102 109 68 99 69 79 75 114 115 118 119 122 123 126 127 130 131
95 72 75 57 76 108 82 99 68 102 69 79 60 105 113 114 117 118 121 122 125 126 129 130
69 68 102 82 60 108 75 57 109 99 76 79 112 115 116 119 120 123 124 127 128 131
72 108 75 57 68 109 76 79 60 105 82 112 113 116 117 120 121 124 125 128 129
99 79 60 82 102 75 105 76 57 109 68 108 114 115 118 119 122 123 126 127 130 131
76 60 108 75 109 79 68 102 105 112 113 116 117 120 121 124 125 128 129
68 102 108 75 79 57 112 115 116 119 120 123 124 127 128 131
79 109 60 105 82 75 108 57 112 113 116 117 120 121 124 125 128 129
109 60 82 75 105 108 57 102 114 115 118 119 122 123 126 127 130 131
57 60 105 82 108 75 102 112 115 116 119 120 123 124 127 128 131
60 105 108 75 112 115 116 119 120 123 124 127 128 131
102 105 108 75 114 115 118 119 122 123 126 127 130 131
82 105 108 75 112 113 116 117 120 121 124 125 128 129
75 105 112 113 116 117 120 121 124 125 128 129
105 114 115 118 119 122 123 126 127 130 131
108 114 115 118 119 122 123 126 127 130 131
112
113
114
115
116
117
118
119
120
121
122
123
124
125
126
127
128
129
130
131
