#/usr/local/lib/python3.10/dist-packages/colab_kernel_launcher.py -f /root/.local/share/jupyter/runtime/kernel-2119b688-3f38-4b5a-b3d6-e140ef2e0719.json
# GMT Fri May 24 08:49:42 2024
# 
29 32 34 5 38 40 150 42 163 97 99 33 143 90 2 158 79 200 17 136 138 15 85 195 76 197 146 135 190 203 58 71 192 139 141 119 134 68 178 112 167 114 127 182 171 9 173 13 41 54 26 417 418
32 37 158 92 8 94 83 138 11 26 78 199 201 69 203 124 71 194 207 3 62 121 55 178 191 6 169 50 184 0 118 65 107 177 98 179 113 181 49 117 159 93 106 16 150 152 165 33 154 167 417 418
53 160 39 98 140 87 52 3 155 48 199 1 67 27 69 128 141 198 119 200 68 189 9 191 59 180 193 114 37 41 65 186 107 120 54 175 56 124 166 104 93 8 174 95 150 163 2 30 169 103 15 419 420
160 169 117 62 164 90 41 35 39 69 20 18 3 97 78 108 205 196 115 189 149 0 64 15 98 28 184 54 13 156 7 37 150 181 61 114 46 172 148 25 93 74 104 134 138 178 49 167 72 102 427 428
138 204 0 140 113 155 62 146 126 77 37 152 105 39 44 200 78 123 191 193 87 182 132 2 197 186 36 115 17 51 100 130 15 94 159 122 18 103 133 33 131 31 76 121 89 40 70 21 425 426
204 202 34 181 28 162 81 111 13 201 71 135 105 184 169 39 84 163 48 157 76 106 38 91 185 55 30 11 175 94 139 79 124 182 101 3 63 146 161 176 189 10 89 174 70 123 153 206 168 119 430 431
14 168 12 49 51 40 10 95 44 86 88 22 143 156 26 147 202 7 72 206 195 78 133 67 80 135 69 192 205 194 77 174 187 134 68 57 70 11 112 169 171 63 186 107 41 164 3 98 179 100 47 416 417
168 148 193 206 127 108 195 131 197 57 177 149 181 30 11 79 187 176 54 126 101 3 82 135 150 80 31 173 61 12 65 93 134 68 0 72 151 166 51 56 60 90 120 5 35 152 133 84 163 427 428
148 61 44 89 150 59 207 23 154 196 8 38 51 202 81 111 62 139 120 143 124 5 20 99 188 122 18 103 33 78 192 142 181 183 70 85 66 176 100 19 64 15 79 77 149 58 137 22 116 426 427
41 42 86 167 6 103 92 81 15 83 155 89 78 188 80 201 190 82 192 73 40 117 119 0 189 191 59 193 61 13 116 129 63 184 118 186 54 122 100 47 157 25 170 91 172 106 95 418 419
42 67 188 80 16 58 71 126 73 128 62 75 119 132 66 108 55 68 189 110 178 191 46 59 182 50 118 175 9 49 106 161 82 95 31 12 205 97 88 92 4 70 151 193 127 144 65 133 146 418 419
30 112 127 61 50 173 107 54 164 26 111 155 5 93 161 163 152 165 207 156 90 79 2 149 83 11 72 140 153 76 144 9 199 133 18 3 181 1 185 119 132 174 25 10 21 55 189 110 417 418
112 11 96 190 15 90 113 126 115 117 54 119 88 103 174 52 97 165 67 167 31 21 85 149 164 83 34 28 77 7 37 101 192 105 5 185 187 202 123 191 125 114 38 182 186 17 51 175 423 424
7 165 207 20 3 101 37 79 200 1 134 147 28 149 83 151 140 74 197 0 146 67 126 73 187 176 44 46 127 169 61 116 184 4 118 39 52 164 177 100 34 47 170 172 95 18 31 152 416 431
165 192 90 71 194 35 196 20 198 133 59 131 180 193 87 195 91 121 36 188 94 128 185 126 58 137 141 22 52 82 135 167 12 169 125 25 89 123 206 19 132 83 117 81 111 13 203 427 428
4 96 164 98 111 166 155 89 102 25 159 93 97 88 156 132 26 147 68 85 206 6 19 195 8 129 142 76 65 199 133 67 177 124 16 5 126 60 64 185 119 174 189 178 125 114 173 107 162 416 431
96 68 154 101 156 169 145 105 92 164 98 155 197 146 84 190 203 78 192 194 141 57 87 130 91 189 202 49 94 75 114 79 184 118 107 120 58 175 82 100 181 31 104 117 119 161 70 74 110 422 423
124 161 176 106 154 91 121 158 147 64 34 113 98 109 206 56 201 203 5 205 114 128 141 196 130 198 108 27 125 2 6 133 188 166 179 73 69 99 103 84 172 22 82 33 63 97 424 425
161 105 192 181 84 185 176 57 8 178 2 85 36 119 171 173 64 45 79 143 206 73 77 58 141 82 63 203 150 144 46 159 89 40 70 198 157 19 189 113 147 136 180 81 111 197 427 428
143 174 187 77 58 163 56 167 80 171 50 125 44 129 89 151 164 74 27 87 102 157 201 66 207 15 139 90 24 200 69 202 82 97 31 184 76 46 70 130 179 181 170 98 79 185 47 426 427
174 5 199 122 188 63 48 127 108 76 6 149 100 178 19 49 0 98 128 79 158 162 77 156 141 37 135 35 65 144 129 203 74 153 205 157 72 17 111 202 11 26 45 182 428 429
57 107 175 122 43 102 172 93 97 152 86 99 88 147 19 0 149 34 206 140 47 9 87 155 51 144 78 201 82 5 71 192 126 139 20 62 119 132 200 134 38 2 114 169 61 36 63 419 420
107 8 130 187 202 125 64 193 182 116 24 131 122 33 63 111 181 31 170 117 119 89 74 104 102 169 147 149 162 56 151 164 60 153 69 99 199 59 150 192 139 23 194 141 423 424
76 120 175 188 122 190 166 179 113 68 0 102 115 170 47 62 13 26 152 154 5 35 92 94 25 162 48 59 27 157 78 93 135 82 150 192 11 54 202 33 193 129 31 173 420 421
120 27 106 85 66 15 94 75 79 206 58 88 18 33 63 146 86 201 203 1 95 126 139 183 187 68 134 189 102 83 113 111 195 37 71 175 35 39 118 179 50 103 181 157 78 59 424 425
18 115 128 62 196 117 16 10 59 61 116 118 39 162 109 13 179 47 49 25 172 31 152 86 99 33 200 12 8 81 74 142 89 23 144 186 146 67 80 135 69 137 58 192 181 416 417
115 44 129 184 48 78 118 131 164 91 181 6 157 159 15 98 79 24 37 149 31 114 65 95 140 25 40 74 104 146 68 135 38 190 203 102 83 34 150 126 51 198 132 71 50 193 423 424
78 166 170 93 108 163 110 101 103 149 16 85 39 87 155 135 82 137 126 128 55 17 119 132 200 121 64 15 134 176 189 123 58 129 171 52 3 33 173 111 421 422
166 27 8 151 206 6 85 36 66 130 164 64 94 98 43 24 77 101 52 63 131 189 202 80 182 89 184 93 68 0 72 132 192 47 162 9 51 81 156 37 90 71 35 20 44 427 428
50 104 95 11 97 15 207 99 43 145 136 22 3 83 72 193 131 10 21 71 181 194 34 128 141 196 132 187 134 55 189 123 70 125 61 182 173 186 25 48 109 111 113 38 170 418 419
104 131 144 201 23 87 137 192 139 141 183 132 200 15 94 176 98 79 136 125 43 24 180 127 129 171 22 52 186 80 164 111 65 95 46 179 181 70 74 163 28 92 169 56 162 423 424
36 169 63 184 162 23 109 8 179 100 113 157 159 172 106 95 167 101 158 3 94 136 1 153 89 199 135 0 203 71 73 28 117 64 77 119 26 66 121 55 189 46 59 180 193 20 417 418
169 205 90 73 24 39 99 84 22 52 63 48 67 197 140 186 175 188 134 130 0 94 83 113 79 9 156 26 135 5 129 25 89 108 23 157 68 132 136 428 429
8 54 164 98 179 91 207 154 88 5 22 35 13 147 136 149 83 17 151 74 197 131 67 80 201 69 82 60 194 196 130 51 11 132 176 125 167 182 171 184 105 39 416 431
27 5 122 164 56 111 113 102 93 150 163 17 101 90 103 92 147 39 149 85 206 140 87 142 197 89 199 91 67 80 203 192 126 10 194 185 119 200 9 178 59 180 114 182 173 417 418
11 59 182 116 37 105 118 162 175 164 111 153 10 91 163 84 205 156 77 13 202 28 70 151 142 63 197 65 186 133 188 122 69 179 71 126 6 130 187 110 44 416 431
90 176 97 56 60 16 94 39 69 149 25 140 142 155 91 133 201 137 150 85 126 139 207 64 185 134 136 77 127 63 182 171 131 10 179 113 102 170 93 83 28 421 422
176 105 177 73 24 192 103 163 22 82 127 185 142 31 106 178 91 21 74 0 113 128 158 206 62 92 26 201 16 205 114 95 194 159 48 108 123 132 191 193 186 428 429
43 64 200 55 189 191 6 59 182 184 105 15 54 188 164 45 113 22 3 33 157 117 110 152 10 88 0 92 94 162 85 98 13 74 195 131 199 91 16 39 137 205 126 73 207 62 130 418 419
64 180 193 22 3 184 31 61 175 188 122 164 10 113 0 95 108 51 156 105 147 35 81 94 20 44 153 155 197 150 192 84 55 139 73 141 183 15 198 187 419 420
1 67 80 190 203 3 139 73 128 196 200 123 127 129 171 118 54 109 122 45 179 113 102 159 40 95 108 97 110 86 207 33 46 88 101 37 158 28 140 21 155 89 131 144 91 146 416 431
67 205 141 21 183 196 130 185 77 200 19 49 178 70 191 180 26 118 37 186 122 164 181 170 59 159 106 95 99 66 15 206 54 58 89 144 199 146 190 203 420 421
106 188 39 69 84 48 59 23 108 91 66 154 167 73 54 142 197 157 133 31 46 40 70 139 194 130 185 132 72 200 134 202 136 81 92 125 26 195 60 71 118 186 423 424
105 108 66 81 152 45 156 75 158 199 31 12 201 135 85 100 141 196 68 94 79 187 200 28 189 123 77 114 182 118 35 20 65 164 25 59 74 181 23 38 102 423 424
187 162 22 52 180 203 61 12 114 144 95 46 125 129 70 123 19 189 102 191 28 9 62 13 37 71 184 133 97 59 131 142 38 110 185 66 149 164 128 158 429 430
101 126 194 26 37 185 35 121 178 191 180 97 116 118 87 38 109 2 21 55 6 113 100 170 45 75 108 73 110 88 33 16 149 65 164 10 199 34 203 137 51 422 423
126 52 196 61 12 65 10 193 40 21 19 199 34 190 28 192 81 16 39 108 171 87 149 91 121 2 6 85 153 142 15 159 203 150 139 424 425
128 3 63 86 80 12 65 125 10 21 93 123 74 177 49 117 47 172 92 37 60 16 156 99 171 157 133 55 6 135 137 15 152 194 109 141 130 132 77 200 424 425
119 180 24 118 88 80 65 46 181 89 40 74 19 113 98 47 28 156 158 37 60 162 164 5 25 108 146 207 141 17 145 200 189 202 136 191 424 425
180 192 205 207 137 22 63 135 86 12 114 46 125 129 186 93 123 74 68 132 177 136 117 183 62 13 56 139 69 20 133 48 59 131 142 140 121 55 66 17 428 429
55 195 129 171 131 173 175 33 58 100 181 10 152 99 167 156 28 147 81 13 37 85 206 140 153 197 5 199 39 20 93 25 203 137 192 84 79 200 189 419 420
195 134 49 183 94 177 79 47 162 62 92 26 56 190 135 146 150 20 48 123 153 87 38 72 151 102 17 145 45 75 196 73 198 99 200 52 127 31 12 189 70 21 430 431
94 123 125 193 51 81 186 60 188 109 35 69 102 117 172 163 38 110 99 154 85 15 149 9 153 24 142 88 3 146 150 205 65 183 134 422 423
123 140 79 157 24 199 22 3 150 86 141 145 89 136 125 49 127 182 83 34 186 133 62 175 177 71 16 118 159 84 163 23 87 38 91 147 162 424 425
52 60 73 17 130 77 200 134 70 24 61 129 171 173 33 65 54 58 157 10 117 93 28 156 103 37 147 5 16 153 44 25 199 48 146 23 69 190 137 192 419 420
80 190 65 46 74 185 132 72 134 47 9 62 182 26 60 5 16 111 179 44 25 172 163 152 66 17 99 167 88 145 75 158 79 83 24 140 89 199 421 422
17 61 116 173 9 164 98 153 102 157 170 91 40 141 154 156 198 145 158 134 2 193 74 197 65 146 137 71 192 60 181 194 130 51 66 121 110 46 167 416 417
61 137 205 181 194 117 54 77 132 66 3 191 31 116 129 122 98 0 100 102 28 93 95 150 56 37 152 99 154 20 158 200 85 23 74 87 142 419 420
22 139 60 73 194 183 185 5 189 136 178 70 127 48 182 118 54 188 177 179 6 100 157 95 31 86 46 156 26 147 151 10 74 155 89 0 82 416 417
139 82 135 86 95 125 25 21 74 151 206 72 117 13 205 5 122 103 84 202 97 48 59 182 87 184 197 91 2 0 75 109 183 24 54 77 425 426
193 0 177 79 109 194 37 171 86 65 144 95 59 172 74 157 68 38 151 164 26 75 71 35 24 54 186 131 200 202 170 206 155 6 66 429 430
196 77 190 3 33 135 114 65 95 199 40 134 68 49 113 207 185 136 198 111 145 26 60 173 35 118 122 84 44 25 131 191 38 110 155 85 100 73 54 430 431
79 121 189 9 178 191 127 56 171 109 164 111 25 2 97 156 75 24 39 151 87 89 131 31 133 146 46 190 10 194 198 421 422
121 131 73 175 188 179 82 159 31 114 65 10 70 167 49 145 117 28 162 51 81 111 140 153 56 142 157 35 69 135 137 192 205 59 194 207 23 178 15 171 424 425
10 21 131 144 199 25 69 137 71 9 62 183 77 198 68 110 118 109 122 98 47 157 49 170 108 207 35 156 24 37 147 151 85 416 431
21 197 133 188 201 69 190 71 9 194 172 68 20 114 182 116 37 153 45 34 155 89 170 25 159 150 84 205 31 207 141 33 158 149 70 83 140 87 416 417
142 177 134 49 183 72 132 9 51 62 152 26 167 16 147 39 99 103 151 206 153 155 23 157 87 6 194 15 24 137 88 191 3 33 63 46 125 425 426
177 189 38 91 6 66 184 162 24 54 77 171 3 82 33 86 31 178 46 125 159 93 74 134 0 151 136 51 81 62 13 173 16 205 103 133 44 97 108 428 429
59 179 172 24 54 163 84 77 145 200 87 129 89 146 137 71 37 62 16 132 25 125 103 116 63 173 2 162 164 111 419 420
179 131 182 23 6 85 147 98 77 58 135 146 16 150 144 125 93 172 68 132 117 47 203 62 13 92 192 173 118 122 152 103 163 63 428 429
77 130 145 134 191 16 114 118 188 109 122 2 102 62 71 97 99 54 171 162 100 155 66 133 82 203 75 205 34 420 421
190 207 46 189 40 202 149 19 49 183 0 206 98 162 201 56 5 35 16 150 84 93 72 91 136 51 145 175 109 24 118 88 152 163 186 97 429 430
5 86 207 99 88 103 145 37 81 28 0 74 144 12 181 194 62 185 66 70 48 182 2 184 56 111 45 157 49 159 93 416 431
114 199 100 137 150 152 58 132 3 82 63 200 134 136 31 65 182 118 131 68 0 72 81 183 92 172 56 71 154 39 20 23 155 423 424
199 95 125 74 134 49 132 147 117 162 9 145 56 71 103 133 84 108 172 191 23 157 91 66 45 54 156 141 63 131 12 430 431
26 86 33 167 35 13 147 81 202 151 72 85 87 197 25 201 60 75 200 134 189 70 127 122 56 111 58 100 93 95 19 152 417 418
86 150 192 205 71 35 198 202 48 178 191 127 38 116 72 175 111 75 102 170 183 117 69 63 99 103 158 151 140 0 34 157 47 9 62 13 421 422
31 201 137 60 62 183 185 200 134 68 23 46 182 65 175 98 159 172 108 150 207 88 158 202 149 131 144 133 417 418
201 95 93 0 151 132 181 62 13 56 60 69 99 103 182 163 48 127 38 110 140 2 155 6 85 149 100 130 45 98 158 24 58 203 205 430 431
206 198 151 34 117 51 111 175 71 118 152 103 178 127 87 110 170 2 15 158 109 192 73 24 188 58 122 3 63 125 129 70 172 430 431
47 145 147 83 151 85 153 2 197 144 133 188 45 71 84 73 66 200 70 127 116 129 40 63 54 122 34 58 13 37 16 154 39 20 88 156 418 419
145 9 13 162 151 39 69 144 155 84 44 25 108 203 205 194 6 85 198 130 15 202 24 3 173 127 116 188 131 140 70 170 183 163 113 178 426 427
131 181 68 83 34 56 171 35 149 99 153 38 72 203 6 194 15 60 132 73 24 69 3 127 184 197 425 426
0 70 72 140 129 186 135 203 73 194 185 66 46 37 118 164 111 34 38 152 20 141 33 198 81 149 416 431
70 45 188 205 130 198 189 191 182 68 49 184 122 170 91 172 35 95 33 207 12 147 6 66 72 140 420 421
19 83 140 74 129 144 82 71 75 185 198 66 68 110 178 46 127 48 182 116 63 98 113 157 49 91 38 172 95 108 3 84 44 207 154 12 156 202 28 416 417
83 49 149 34 151 197 89 20 207 183 130 185 48 198 23 189 136 6 118 164 100 170 33 63 108 163 12 110 65 46 99 74 158 421 422
82 194 141 183 117 130 46 198 134 74 136 13 109 98 39 159 152 99 154 38 147 45 85 75 153 197 89 133 188 3 33 421 422
140 68 49 132 81 111 13 37 35 20 154 167 171 108 144 100 146 15 98 152 24 54 33 202 65 46 125 89 197 425 426
183 191 3 167 184 12 95 110 40 192 149 49 34 156 56 37 99 84 44 159 108 93 2 136 203 85 51 81 100 45 173 202 429 430
191 15 45 75 9 24 171 116 95 172 157 49 151 132 51 111 62 92 203 35 20 182 84 200 97 202 38 110 2 155 429 430
202 162 192 13 137 56 95 153 23 87 51 130 45 109 154 24 188 88 103 167 97 127 12 125 91 89 68 430 431
188 46 91 170 149 49 147 28 162 9 62 56 116 16 144 95 203 25 89 207 157 38 164 15 75 197 97 48 429 430
116 137 85 205 194 45 75 130 73 24 54 136 63 129 118 12 65 40 93 68 113 9 163 62 13 154 35 151 153 108 23 144 157 133 423 424
137 198 65 125 189 129 40 74 72 111 92 172 20 122 103 133 44 48 158 87 91 149 153 144 109 146 24 88 3 425 426
198 58 88 171 63 146 150 144 178 89 40 172 72 102 132 81 56 154 20 103 167 127 12 87 110 91 6 200 147 158 192 430 431
49 153 87 129 197 89 23 144 135 69 58 130 63 40 100 113 108 163 84 152 99 141 200 16 20 136 418 419
68 58 197 91 69 203 65 185 178 28 13 186 35 100 181 117 159 23 110 38 99 88 156 6 420 421
95 44 48 38 200 178 85 125 127 15 173 100 117 12 97 74 167 149 81 151 153 60 422 423
150 205 93 38 102 117 81 111 184 15 75 60 24 39 122 84 63 97 127 91 167 85 134 100 162 28 426 427
56 207 23 156 92 147 81 149 153 87 9 144 24 60 12 75 200 40 189 178 125 65 162 102 91 39 20 419 420
207 144 197 172 153 185 136 51 111 164 194 60 154 184 54 99 122 103 33 97 155 149 109 28 162 13 92 430 431
9 132 13 134 147 81 184 197 133 58 192 194 117 51 66 189 158 118 39 162 111 153 34 25 146 93 205 156 416 431
132 73 54 162 146 205 200 134 178 92 186 16 99 122 23 172 91 85 152 167 156 425 426
125 203 141 33 63 12 136 182 93 171 173 102 28 181 13 170 60 152 20 154 38 2 85 144 424 425
39 159 51 97 152 88 156 158 3 85 98 74 89 144 135 69 6 34 66 16 173 54 175 122 58 60 418 419
159 84 44 48 93 23 205 185 6 85 130 15 98 109 197 58 186 33 181 172 155 74 134 72 113 147 117 28 62 92 16 427 428
97 181 102 84 44 25 48 23 167 158 91 149 164 144 157 73 24 54 146 58 135 192 65 40 13 92 422 423
51 158 147 33 149 155 93 15 192 84 73 141 75 185 66 134 189 136 178 127 129 40 109 60 110 154 88 418 419
37 99 92 81 151 85 127 197 144 186 135 75 189 110 44 24 103 173 162 12 111 38 417 418
99 60 71 108 163 35 20 154 147 87 45 88 130 3 136 12 40 186 175 122 81 102 422 423
154 178 16 20 133 108 23 2 157 100 45 24 54 185 122 141 3 135 146 184 129 173 186 72 102 113 181 81 62 426 427
13 156 81 28 153 87 197 135 192 75 117 2 167 171 63 12 172 108 163 152 141 416 417
156 92 60 69 103 44 184 38 6 149 45 163 109 63 173 129 40 157 93 153 113 205 427 428
175 155 100 130 158 141 135 146 192 12 65 144 40 200 93 172 153 72 102 182 92 186 173 16 118 20 122 25 167 23 178 428 429
92 62 153 35 20 197 48 117 2 6 178 45 127 129 171 184 58 88 109 122 100 102 89 40 152 72 34 422 423
152 170 135 185 127 23 87 136 153 155 45 75 24 58 33 63 200 182 197 113 147 98 426 427
170 133 48 127 23 87 91 185 66 75 147 98 158 109 58 3 65 89 40 93 74 134 151 136 111 71 35 118 197 428 429
23 38 93 40 44 88 16 20 28 153 133 146 69 2 181 134 110 178 171 63 173 416 417
60 88 12 162 87 146 203 71 141 62 75 35 20 66 200 48 127 171 184 65 2 45 172 163 419 420
25 102 146 203 205 33 2 147 85 20 186 135 113 194 62 185 110 44 46 167 103 54 3 416 417
102 162 153 87 197 144 91 100 192 205 54 200 182 12 65 122 113 34 117 163 16 147 422 423
44 81 6 72 85 87 129 89 186 205 194 141 62 66 189 178 40 127 48 103 171 38 2 162 54 28 98 418 419
85 122 181 16 108 20 163 110 158 162 87 146 130 185 189 136 421 422
2 118 54 172 205 134 15 136 28 74 129 65 12 146 69 181 73 75 66 108 189 46 167 416 431
118 178 98 147 88 149 33 144 157 65 46 93 200 111 136 35 129 197 186 122 424 425
84 157 35 110 88 38 72 81 45 75 133 146 69 3 185 178 40 6 66 171 34 173 164 111 421 422
157 129 108 203 81 109 58 122 133 184 46 91 172 62 178 171 20 162 427 428
87 162 74 62 93 108 110 167 35 158 155 133 146 203 45 75 117 421 422
162 200 136 111 182 15 122 178 167 149 109 173 20 194 153 427 428
20 172 35 103 147 151 89 65 15 203 192 66 48 164 98 113 416 417
172 133 167 203 110 155 66 130 75 189 88 184 3 33 65 93 74 178 164 428 429
62 3 147 151 146 28 73 141 130 185 48 111 163 110 54 419 420
164 72 171 6 111 65 200 134 149 34 197 71 135 181 194 69 178 427 428
129 6 144 100 192 141 130 200 189 35 182 184 72 15 71 163 171 3 33 149 424 425
54 182 45 171 111 3 34 147 81 72 35 133 48 73 117 419 420
6 184 111 100 38 93 110 35 28 149 153 74 12 69 16 141 130 200 178 416 431
133 89 34 117 158 147 91 100 130 182 73 88 122 103 63 181 12 425 426
108 35 181 12 167 15 45 75 153 155 58 205 141 200 178 171 186 109 423 424
73 3 33 134 136 127 40 173 111 113 117 35 88 103 38 197 89 203 194 58 130 420 421
24 110 46 127 48 63 184 45 100 155 35 153 12 69 71 141 416 417
100 182 184 173 72 66 181 110 158 12 153 28 192 205 194 141 134 69 422 423
130 58 182 171 65 89 93 72 113 35 127 146 205 66 15 45 136 425 426
194 46 134 72 34 136 81 111 122 182 163 48 127 91 45 75 58 429 430
15 186 109 111 58 113 155 136 153 144 146 135 205 117 416 417
45 46 127 38 182 173 186 109 122 113 88 147 40 81 149 197 65 146 69 71 418 419
189 88 3 63 135 89 35 163 186 167 38 91 66 197 429 430
3 117 185 38 40 88 149 74 146 122 416 431
192 146 40 134 34 113 135 16 69 103 185 173 205 429 430
12 69 16 75 117 103 171 109 98 34 155 88 151 72 63 186 416 431
58 72 34 122 111 163 40 167 98 155 91 135 69 203 33 141 419 420
33 110 178 167 173 109 38 163 141 200 81 136 153 28 203 417 418
40 197 89 65 146 71 75 110 46 48 171 109 155 147 149 153 418 419
197 155 34 113 158 171 35 69 48 127 173 430 431
75 182 103 65 74 91 163 167 16 69 81 149 151 48 146 66 134 420 421
135 205 141 89 74 147 113 111 173 186 16 69 185 91 109 153 425 426
205 72 71 173 203 35 122 167 48 91 66 149 181 430 431
89 91 72 81 63 48 173 93 103 16 421 422
200 141 72 113 81 69 63 430 431
74 141 134 69 184 109 117 163 167 158 46 420 421
146 93 134 185 28 122 103 91 155 426 427
155 93 134 186 163 69 167 103 158 171 110 34 28 88 65 426 427
34 136 144 122 71 181 117 185 66 178 46 48 173 113 28 91 141 417 418
136 173 98 28 151 35 203 72 147 113 117 81 127 425 426
144 72 113 117 111 71 182 181 110 163 98 158 171 151 46 426 427
134 141 185 38 117 173 163 66 425 426
167 185 103 127 171 98 158 109 28 38 186 151 427 428
149 173 48 153 98 109 185 426 427
163 122 110 66 158 88 141 178 153 182 113 173 427 428
35 88 46 182 38 28 93 417 418
117 147 151 46 91 109 185 181 72 424 425
147 28 184 178 66 158 173 63 426 427
69 103 158 28 151 16 109 181 420 421
171 66 109 158 71 48 127 38 72 151 428 429
98 184 81 111 110 46 91 103 158 151 28 88 65 422 423
127 158 46 151 113 203 178 48 186 424 425
122 158 16 93 141 184 424 425
173 109 88 203 153 28 81 16 428 429
181 48 110 184 186 71 16 72 113 81 428 429
71 65 103 151 28 203 16 141 48 110 109 420 421
48 81 151 66 178 63 109 418 419
184 88 141 63 65 46 178 203 113 81 186 103 38 429 430
111 109 185 186 103 423 424
63 178 16 46 91 151 203 419 420
66 91 28 151 38 141 185 420 421
203 46 72 113 185 186 110 430 431
182 158 109 46 72 186 110 429 430
65 93 88 81 420 421
72 151 93 178 38 113 420 421
46 141 28 93 103 38 418 419
141 178 103 425 426
93 113 110 158 422 423
158 178 16 186 103 38 427 428
28 186 185 110 88 417 418
88 16 186 109 110 103 421 422
16 81 151 185 153 38 416 417
113 109 81 423 424
185 110 186 109 429 430
38 103 417 418
178 151 428 429
91 110 422 423
186 153 151 103 429 430
151 153 110 426 427
81 109 421 422
153 109 426 427
110 109 423 424
109 423 424
103 422 423
312 414 307 311 350 405 339 352 407 409 216 345 336 263 293 244 274 408 272 253 329 344 320 251 401 285 392 211 326 381 288 220 372 385 303 374 321 297 323 367 276 227 358 261 373 236 240 304 215 368 247 423 424
414 376 406 208 340 255 259 270 300 353 398 332 313 407 326 237 267 320 384 265 318 299 329 363 323 274 408 308 402 223 306 385 336 366 334 315 296 226 349 379 409 260 241 294 354 220 250 254 367 229 430 431
224 301 235 303 237 220 305 415 355 289 302 236 278 291 412 346 293 335 403 337 231 273 286 334 347 389 270 283 380 393 340 382 395 212 216 265 210 322 256 269 214 311 258 379 260 223 372 319 240 376 246 416 417
301 288 361 258 256 212 246 402 415 336 338 289 395 238 219 331 399 412 346 232 337 296 339 328 341 396 209 239 220 250 284 389 299 378 218 327 369 276 227 373 386 362 309 322 245 302 315 298 249 243 422 423
242 355 231 403 295 284 297 394 286 407 341 354 225 396 277 411 332 270 393 329 384 276 230 331 386 322 335 209 220 377 390 324 271 247 315 251 264 385 319 363 323 246 259 240 303 215 358 305 252 294 228 417 418
355 325 399 300 304 215 343 332 213 341 222 233 305 267 350 265 382 329 386 274 225 388 327 302 253 283 281 372 315 296 260 211 290 324 409 220 322 352 337 278 229 415 342 406 257 395 280 310 340 426 427
347 371 324 362 250 364 377 333 337 297 229 342 257 310 261 344 325 407 240 356 411 245 298 328 360 349 351 247 277 292 222 410 235 314 265 216 246 381 338 238 208 272 302 306 391 217 380 334 382 226 425 426
371 279 332 243 247 277 307 382 330 384 252 256 267 377 284 216 318 210 214 412 372 327 223 302 405 287 409 411 285 364 315 345 296 404 406 220 250 395 322 333 399 346 276 257 392 291 396 289 385 245 427 428
214 256 324 337 258 381 383 385 253 374 255 310 237 358 250 296 351 364 353 245 234 247 304 293 403 284 231 286 354 275 396 290 332 345 279 413 334 281 404 325 217 272 285 327 261 329 342 331 335 416 431
256 257 325 316 358 307 375 309 241 377 298 302 229 403 350 405 339 227 299 288 409 411 255 279 240 334 268 281 336 245 283 276 397 247 228 252 322 335 337 379 392 326 212 381 216 262 383 418 419
245 360 294 307 240 221 364 285 412 293 337 222 271 286 341 354 343 277 279 400 402 229 338 382 329 397 252 265 217 377 390 379 230 211 370 262 383 317 363 233 310 365 367 358 250 413 417 418
360 268 249 279 313 307 222 252 337 267 350 379 368 216 210 344 274 353 272 223 287 332 411 232 326 315 266 309 362 294 397 410 254 229 401 342 390 327 227 291 321 236 289 319 300 387 285 304 389 426 427
359 381 280 372 321 363 289 365 407 353 409 298 249 213 415 222 350 235 265 246 318 403 323 308 238 272 302 385 398 387 217 232 262 266 349 380 393 369 275 354 209 322 273 303 375 377 218 297 229 342 368 426 427
381 378 210 293 244 327 308 317 351 251 281 285 296 230 211 271 343 239 269 322 254 333 297 248 402 331 257 261 340 291 321 399 401 215 390 394 307 341 292 387 305 286 391 320 295 246 428 429
215 373 415 228 309 364 232 366 209 289 223 357 278 225 346 293 295 337 229 350 208 341 354 345 279 389 281 402 393 261 263 276 318 320 333 254 379 328 210 385 319 361 374 321 297 292 226 416 431
373 400 332 404 228 222 397 237 412 350 231 235 314 348 392 383 338 398 387 376 370 391 281 345 296 271 343 324 386 375 358 220 273 303 254 367 248 310 325 255 407 319 270 221 300 409 372 304 427 428
314 315 328 383 292 332 252 305 286 267 378 391 231 367 380 235 299 244 274 362 364 366 287 368 357 370 266 296 348 230 241 288 400 248 334 402 282 336 404 338 208 340 342 388 390 268 392 313 213 423 424
315 216 299 263 308 331 223 283 337 232 394 296 309 241 319 387 334 376 288 273 254 380 282 276 227 257 261 364 306 255 366 289 264 279 313 213 243 352 247 277 258 292 252 356 423 424
247 325 380 384 219 362 377 298 300 368 291 211 241 293 361 282 405 407 299 341 343 358 400 281 402 415 208 336 270 327 274 408 221 344 386 239 260 222 317 330 237 266 231 268 418 419
325 368 226 271 412 239 250 350 352 365 299 263 343 208 287 317 338 393 353 410 234 264 331 230 309 386 279 346 324 401 213 228 398 332 212 376 291 321 327 259 240 369 283 298 375 424 425
231 317 251 319 218 387 310 299 248 250 413 415 349 241 364 232 300 236 357 412 293 361 295 273 396 330 332 334 268 402 323 283 393 406 382 263 384 265 399 320 335 368 260 220 383 416 417
317 212 397 235 265 246 331 399 388 225 272 223 332 374 321 226 323 241 367 380 294 369 358 220 318 303 364 353 276 368 280 291 346 236 403 270 405 298 313 411 258 311 338 237 316 406 423 424
268 384 318 375 309 364 239 353 254 313 248 291 412 304 284 352 407 354 409 398 290 413 334 336 338 258 274 222 252 233 410 386 388 401 335 212 326 225 238 219 374 308 321 367 251 226 419 420
384 396 313 266 389 226 211 305 275 369 350 250 329 218 382 263 338 366 255 217 240 300 334 234 349 309 279 343 358 258 273 352 303 356 267 408 365 246 344 274 390 392 372 383 283 428 429
233 363 297 365 378 218 369 303 413 239 362 283 353 287 408 276 219 280 348 271 284 352 226 286 222 398 387 321 220 402 338 259 393 327 274 397 331 208 333 254 377 311 313 326 383 211 372 253 416 417
363 267 282 396 276 321 389 274 225 378 219 353 304 393 264 223 382 249 386 375 330 364 377 241 350 250 278 229 327 367 409 272 411 251 281 402 415 266 345 260 324 275 397 243 412 403 426 427
307 264 380 279 316 292 311 353 366 267 284 265 246 348 225 405 223 302 356 262 415 266 296 391 406 230 290 241 395 239 269 320 273 229 324 326 276 383 280 319 332 217 389 240 378 422 423
252 376 323 378 259 369 228 358 353 220 368 410 344 357 348 361 282 295 208 297 339 352 341 217 343 226 270 393 406 329 342 333 375 390 227 271 392 313 328 370 236 240 321 418 419
376 335 403 265 348 398 387 357 378 302 253 283 336 366 382 281 296 226 309 260 220 250 297 229 331 342 365 346 257 208 261 409 344 217 413 368 221 415 304 406 362 408 243 410 228 427 428
300 309 351 364 366 346 249 213 350 277 258 354 396 409 398 235 246 299 327 244 238 331 320 388 401 287 377 281 266 260 271 306 319 387 220 273 380 248 278 229 316 276 227 362 422 423
309 264 404 298 258 331 399 388 401 305 237 390 403 284 319 332 293 244 308 310 253 367 380 217 232 262 296 226 362 241 364 275 353 368 357 303 412 227 341 358 413 422 423
305 387 321 310 323 378 382 292 364 377 295 246 311 274 370 253 283 352 365 232 262 296 226 411 358 260 211 413 402 269 353 342 278 410 344 282 388 261 339 255 289 221 234 264 422 423
387 335 284 235 295 396 229 244 398 308 338 238 223 302 253 287 364 296 379 288 254 367 412 248 380 342 291 289 368 400 413 372 353 415 279 406 408 277 311 292 222 428 429
244 377 324 258 273 328 212 330 385 235 266 299 259 238 223 316 366 211 241 368 357 412 239 220 280 293 348 352 356 208 290 411 345 336 349 391 404 221 393 327 408 263 320 333 228 417 418
377 289 219 353 413 328 262 326 296 397 211 335 401 339 320 209 239 284 254 383 342 357 308 400 402 287 366 221 285 364 358 288 303 282 212 216 246 340 210 428 429
263 390 392 326 251 394 262 264 374 308 389 310 323 378 220 380 254 316 208 366 236 368 221 412 306 352 409 343 411 279 292 402 349 406 395 287 342 276 225 344 278 238 322 253 419 420
390 293 323 391 219 336 366 251 281 266 226 379 290 354 209 356 367 380 365 409 257 261 255 415 259 319 304 298 410 277 330 311 392 405 316 394 369 350 295 318 378 210 429 430
216 328 370 319 308 378 380 235 369 237 292 413 230 243 357 278 412 346 280 401 361 282 297 218 210 394 286 354 275 396 290 281 272 406 261 397 399 320 267 379 271 326 260 416 431
235 328 383 385 222 257 378 380 261 239 225 351 219 298 236 370 291 304 306 297 407 341 354 356 277 398 290 334 281 391 285 327 276 265 267 388 335 337 230 313 326 417 418
328 274 308 208 272 302 410 370 281 232 285 296 350 407 354 294 411 288 269 220 358 273 402 297 212 276 342 280 291 344 399 335 270 221 394 330 243 277 311 222 267 382 424 425
279 362 296 351 311 278 289 344 357 282 350 270 221 396 409 249 395 329 397 331 320 333 313 274 225 370 372 319 223 323 251 232 299 367 266 226 316 230 241 420 421
212 238 253 295 297 378 356 248 237 358 294 298 408 342 223 278 399 346 280 335 227 271 284 405 394 286 407 330 385 334 391 404 259 393 382 329 397 318 265 269 302 370 416 431
272 331 278 320 388 280 230 403 241 248 365 227 257 382 303 270 311 249 353 366 368 302 357 228 348 282 350 405 341 288 343 356 398 290 411 334 294 238 338 285 340 342 419 420
331 251 411 260 211 358 400 402 336 288 269 303 254 395 408 218 344 399 388 208 280 337 259 289 234 398 378 326 277 367 311 382 316 375 318 379 293 327 424 425
304 320 375 280 210 313 350 352 407 228 258 341 354 226 222 241 237 415 404 295 406 299 274 410 399 333 223 283 287 251 281 232 396 230 332 209 369 382 218 248 278 422 423
320 332 321 287 389 323 380 230 290 275 362 379 218 278 372 276 350 405 255 236 407 221 411 400 413 213 351 406 408 222 397 344 386 399 265 403 210 319 423 424
335 378 367 281 285 226 364 288 368 370 297 278 348 361 280 261 291 341 321 356 255 236 259 289 351 408 342 228 258 344 330 399 286 316 337 284 398 293 323 424 425
293 392 394 280 217 372 289 321 389 310 249 380 382 303 222 366 313 284 357 370 348 238 405 223 283 287 398 411 400 260 241 271 404 406 209 288 269 397 421 422
327 388 281 262 266 230 290 324 275 209 220 273 303 254 297 248 278 380 362 240 285 366 357 294 277 258 322 407 411 358 295 338 223 397 283 410 287 424 425
388 302 306 415 351 251 232 334 285 226 211 290 375 412 269 352 333 392 248 229 342 227 257 208 261 344 370 259 240 221 383 249 243 311 341 222 356 339 246 329 428 429
283 318 266 386 260 275 311 209 239 326 220 394 383 372 358 270 234 228 302 344 346 401 267 295 350 265 246 409 210 238 219 336 223 253 404 340 251 262 420 421
318 249 341 383 313 330 262 389 211 393 265 295 248 364 379 370 236 251 361 374 350 290 365 243 239 228 415 336 267 282 351 406 395 342 291 344 399 255 289 270 264 423 424
323 324 237 394 396 250 372 385 369 382 253 306 262 375 266 230 288 239 346 278 276 227 343 356 358 400 413 402 259 240 270 351 219 395 249 329 342 313 423 424
211 334 406 219 261 342 333 375 322 269 258 313 260 251 385 306 365 246 356 369 237 415 349 241 362 285 366 210 221 234 357 403 295 284 409 222 332 266 416 431
334 271 294 406 288 239 342 412 297 401 278 337 392 339 276 208 407 341 261 383 398 236 289 285 336 234 322 316 379 246 370 299 210 332 413 296 424 425
269 275 288 277 411 345 400 292 389 336 404 251 276 399 401 209 220 337 392 326 248 229 370 372 319 208 308 255 236 259 221 213 351 353 287 368 289 346 348 246 273 419 420
275 220 250 345 400 292 349 218 391 285 227 276 261 278 399 333 322 221 313 264 326 249 330 374 228 321 382 415 210 298 238 287 223 251 266 230 271 341 343 277 398 420 421
220 343 290 218 389 336 322 311 379 262 240 253 308 299 210 237 292 413 415 241 296 243 232 366 287 289 236 357 401 209 416 431
299 339 222 383 332 321 280 291 382 316 238 219 311 277 370 412 372 250 405 295 352 407 248 356 404 287 338 406 217 340 281 221 329 342 346 324 288 422 423
339 218 248 229 276 380 291 382 236 270 264 249 366 379 243 288 357 258 372 292 374 237 267 365 367 409 295 310 343 411 345 259 319 404 351 302 342 412 260 271 396 254 425 426
343 345 303 349 297 229 353 282 395 276 399 348 236 217 240 394 264 383 332 243 228 393 237 316 362 366 253 357 370 306 361 232 350 285 354 356 411 425 426
345 324 351 209 239 353 395 408 322 303 254 227 257 310 340 291 236 374 298 313 326 330 316 265 368 329 357 308 407 354 281 232 356 285 296 226 260 290 402 349 425 426
273 286 341 354 248 229 356 358 292 227 281 208 294 393 285 217 329 276 386 278 260 209 228 394 319 310 225 316 362 375 249 353 232 368 271 361 405 265 352 420 421
286 308 229 380 227 257 358 236 217 270 298 366 249 289 410 302 291 213 243 348 267 356 290 246 400 292 415 391 338 351 406 329 223 232 326 271 372 385 209 239 421 422
276 291 282 350 407 241 356 281 391 218 351 285 342 257 208 278 333 280 401 264 249 382 362 210 298 410 223 370 420 421
291 302 346 348 403 259 234 341 409 398 243 391 338 408 344 399 210 337 238 385 319 321 389 266 226 230 241 294 248 278 364 298 366 421 422
281 406 260 395 322 218 278 383 208 374 389 310 240 367 264 303 294 228 362 296 353 237 412 350 354 223 253 411 413 226 420 421
406 262 285 379 303 254 367 297 361 342 365 321 344 236 402 249 351 332 292 409 250 378 329 308 408 391 306 287 412 370 217 430 431
234 294 375 243 364 311 221 410 346 280 295 350 222 341 354 396 288 356 398 332 400 349 270 404 340 223 399 337 260 394 230 370 383 251 264 374 321 310 378 367 259 227 417 418
294 249 338 228 342 237 401 322 265 337 326 210 394 383 308 310 378 251 262 367 266 226 260 241 254 313 370 348 257 361 297 352 255 407 217 341 270 421 422
278 337 350 407 341 236 232 262 221 400 336 391 404 338 239 330 259 319 321 365 243 258 292 415 267 375 408 346 282 420 421
337 367 409 208 411 400 413 236 415 349 353 230 395 408 288 346 403 218 398 321 374 378 264 298 313 326 330 226 292 368 284 361 424 425
266 250 395 287 344 399 401 322 227 379 253 326 396 330 321 389 260 365 367 222 311 368 261 210 225 306 295 297 213 262 290 402 349 419 420
250 330 398 332 389 336 222 380 393 395 246 210 322 392 238 326 368 383 372 319 374 321 365 356 369 290 303 209 285 302 344 280 394 407 354 418 419
288 400 229 402 415 282 404 340 342 397 344 386 259 401 394 258 332 222 367 284 265 225 362 296 238 219 364 298 287 370 350 260 421 422
271 208 340 253 397 217 262 322 379 385 306 321 297 257 358 210 259 270 296 351 264 366 249 344 357 280 295 222 237 352 394 407 354 396 330 419 420
391 399 412 401 230 369 239 348 329 382 208 336 255 270 364 349 354 322 352 292 356 386 267 361 246 280 310 340 374 259 338 238 223 253 232 397 429 430
399 379 290 354 322 333 386 248 342 280 374 240 270 372 383 415 213 243 277 258 311 292 375 410 412 348 405 274 225 429 430
308 401 267 265 280 383 372 332 378 367 262 260 290 375 254 357 361 306 236 270 221 413 402 415 404 298 249 393 340 213 243 408 342 292 422 423
401 208 407 409 336 389 400 251 285 230 354 358 237 380 365 280 340 225 259 372 353 362 213 326 311 341 292 241 350 284 329 274 429 430
349 402 230 404 395 209 333 218 403 405 346 261 385 255 240 270 389 264 298 369 277 311 292 222 362 329 372 238 208 302 336 287 356 411 232 285 425 426
402 303 333 382 257 344 389 236 217 289 368 240 398 404 392 408 258 341 375 407 295 210 274 338 302 253 385 366 285 429 430
324 274 225 238 219 338 287 340 395 329 342 251 262 410 285 386 296 333 230 403 209 322 383 396 330 297 374 310 289 362 277 237 350 365 341 409 356 398 423 424
396 348 227 208 336 287 366 370 354 358 228 386 367 237 361 342 346 265 246 280 261 340 408 393 210 238 353 403 223 362 277 400 369 429 430
217 219 340 408 221 342 223 412 403 405 352 394 341 277 400 259 382 395 265 254 322 313 260 249 370 255 378 246 303 237 292 239 243 416 431
219 254 311 313 326 251 209 361 374 255 365 378 354 246 367 248 369 292 415 241 362 230 221 410 236 357 412 213 280 282 284 330 277 332 210 274 416 431
403 409 338 261 385 287 255 400 240 364 264 398 379 322 222 297 267 380 282 265 295 274 289 368 238 383 253 404 277 394 241 375 329 430 431
409 322 367 248 380 282 365 257 389 408 289 221 398 249 277 222 375 316 295 246 274 338 302 262 296 379 411 407 430 431
361 280 261 289 240 319 270 400 264 404 351 243 395 277 397 311 386 267 405 295 394 229 385 208 223 302 336 287 232 260 209 322 356 297 426 427
262 340 395 210 225 375 322 370 372 374 367 218 415 364 227 208 285 287 289 410 344 357 348 282 297 352 407 398 237 270 419 420
350 257 378 261 367 344 255 259 270 362 249 228 357 267 405 365 295 246 306 287 386 241 394 254 425 426
340 232 260 290 341 254 248 229 227 351 261 321 395 255 236 410 386 346 298 394 277 228 258 398 311 374 265 369 364 302 253 425 426
255 366 289 370 412 346 295 210 352 356 398 411 400 415 230 395 397 265 333 267 218 379 392 313 321 365 378 221 362 375 222 418 419
366 240 221 298 277 385 398 374 378 295 246 367 348 369 210 238 253 379 251 372 241 297 229 413 282 261 427 428
296 404 338 264 213 386 258 222 379 313 383 265 274 238 316 362 285 230 260 290 412 306 348 208 411 289 421 422
404 398 290 209 239 333 367 365 346 310 415 393 368 319 270 383 410 313 326 277 316 265 397 329 338 238 385 287 232 430 431
257 412 280 348 284 341 290 225 400 413 208 253 230 241 322 379 209 260 370 372 218 319 374 227 367 369 292 240 353 408 243 302 418 419
412 208 310 270 277 405 222 356 386 380 265 295 338 302 253 336 332 411 362 285 394 333 282 342 430 431
415 260 213 407 322 303 386 267 265 280 274 289 298 392 232 394 316 218 248 357 302 287 270 430 431
264 351 311 353 287 229 344 223 282 260 241 332 400 292 254 274 218 397 386 333 392 236 370 372 321 213 367 380 369 222 419 420
222 310 378 358 230 368 344 225 238 295 213 352 332 270 261 274 375 392 313 249 385 416 417
310 357 267 372 295 352 400 413 302 393 353 285 410 260 333 322 392 394 385 319 227 280 259 369 240 221 243 277 258 313 422 423
208 295 407 341 270 380 386 333 267 322 379 313 251 240 374 228 351 298 232 408 289 416 431
221 351 364 346 280 330 277 398 411 389 336 261 329 397 386 375 213 311 392 368 249 319 356 248 237 362 416 417
351 386 230 249 379 322 368 357 267 342 265 261 365 411 319 238 313 330 226 311 383 229 338 400 389 321 336 236 426 427
240 364 353 368 348 282 352 407 354 213 277 232 332 229 379 392 313 394 385 306 374 389 230 248 369 218 417 418
364 270 408 298 362 258 405 237 385 400 348 274 225 357 338 382 336 251 303 254 333 218 297 229 427 428
238 254 326 236 249 372 385 213 246 228 292 237 311 353 210 368 302 357 356 290 400 261 382 342 417 418
254 253 277 411 389 218 258 326 260 394 383 330 306 236 251 380 249 316 358 213 209 362 311 344 346 348 418 419
342 348 352 290 411 400 322 218 372 385 313 358 284 375 353 370 425 426
348 394 346 261 236 289 270 380 382 326 292 316 284 265 374 338 358 232 285 353 241 408 410 303 392 425 426
251 246 344 225 322 392 223 330 372 385 226 365 378 229 362 353 410 302 236 306 295 297 243 400 338 418 419
302 259 392 326 277 228 389 380 295 246 210 362 375 274 226 354 358 400 248 395 397 422 423
277 367 382 311 261 346 306 405 213 336 393 395 408 397 344 392 232 241 420 421
367 237 413 284 246 210 344 338 285 226 209 303 333 382 282 261 379 289 427 428
354 358 303 218 227 353 379 249 332 313 326 228 378 316 284 265 295 329 375 306 357 232 226 290 426 427
358 243 400 316 267 397 265 210 319 392 405 332 226 292 241 218 248 379 338 227 370 426 427
213 382 241 362 311 232 368 357 225 282 229 218 341 413 389 270 261 397 386 267 210 383 385 306 374 365 378 259 416 431
382 394 330 341 383 241 369 248 229 357 338 386 370 285 258 380 282 413 280 374 225 428 429
297 352 341 398 400 413 236 259 408 386 243 333 322 392 330 284 332 321 230 357 209 346 239 421 422
372 375 246 225 319 353 226 411 260 290 218 261 306 392 378 228 393 322 356 316 427 428
375 389 332 330 292 369 284 338 253 230 395 209 322 333 356 218 237 346 392 405 280 225 319 427 428
270 226 298 353 357 295 405 407 261 397 333 228 267 370 330 225 378 223 419 420
289 236 357 306 352 237 284 280 353 408 329 410 322 326 319 374 321 209 239 369 421 422
330 378 284 265 253 287 379 368 357 370 285 230 411 218 237 344 298 405 313 243 407 341 226 385 424 425
378 292 237 316 265 210 393 274 338 253 370 290 413 280 374 395 353 410 428 429
380 341 369 411 229 395 408 397 410 392 260 209 239 352 248 282 365 259 319 243 428 429
321 316 267 357 346 210 398 336 408 290 241 397 209 326 394 385 365 369 362 258 423 424
284 383 319 227 236 369 249 243 311 368 306 265 210 356 274 292 223 253 336 393 329 397 344 322 420 421
383 225 253 370 226 260 413 239 352 303 356 248 344 392 394 353 313 369 386 428 429
370 295 410 225 253 405 407 232 326 306 336 236 249 303 346 427 428
249 246 225 223 280 232 226 407 209 218 248 338 408 397 313 260 394 253 237 303 418 419
246 365 285 353 408 346 352 209 398 218 229 389 338 333 267 258 313 326 368 417 418
210 326 385 253 374 365 356 413 239 410 236 227 405 394 398 226 416 431
326 225 386 362 287 368 285 226 322 218 229 356 397 346 298 341 389 424 425
292 365 239 258 303 311 346 295 405 407 398 226 338 386 379 385 260 421 422
365 344 259 338 353 298 362 410 232 311 290 392 239 385 389 357 369 243 258 352 427 428
295 385 227 298 237 225 400 393 395 329 397 290 333 218 229 421 422
267 303 285 353 239 287 408 357 346 282 261 394 398 290 411 258 386 379 392 265 419 420
226 209 395 392 374 248 316 239 241 408 410 394 398 400 389 416 417
258 259 316 298 353 408 410 346 282 239 218 290 411 389 338 265 333 228 379 260 306 418 419
259 379 313 237 306 341 400 232 353 274 287 329 265 333 239 282 218 385 319 261 362 418 419
316 228 369 229 410 253 352 285 341 241 413 209 336 393 408 329 397 386 227 280 261 392 319 423 424
274 379 241 385 306 218 229 369 303 362 298 311 236 287 280 405 352 237 411 389 386 420 421
225 313 306 253 374 228 230 285 232 353 408 344 236 346 280 398 290 393 209 395 416 417
394 306 336 379 230 346 374 397 410 298 243 228 237 265 400 429 430
260 285 408 253 397 386 209 227 368 228 352 407 398 419 420
332 239 368 357 306 285 407 400 228 405 223 385 232 311 230 393 290 241 424 425
306 397 253 298 398 389 290 241 369 229 379 357 227 230 400 413 243 228 393 422 423
397 407 398 400 379 386 218 248 236 362 243 237 408 253 429 430
386 336 362 413 333 248 229 346 405 236 393 243 341 356 428 429
241 389 368 374 285 209 239 218 346 280 405 290 400 417 418
389 329 405 229 357 379 352 303 333 282 346 344 411 298 311 428 429
232 311 228 253 248 303 237 408 410 344 236 282 209 229 413 416 417
341 303 333 369 407 356 413 408 344 223 290 385 239 425 426
407 413 261 385 228 311 405 237 393 338 223 230 290 430 431
400 408 352 261 228 395 374 411 413 429 430
303 243 228 336 393 265 395 329 253 392 209 239 282 362 311 298 422 423
228 248 243 311 368 344 357 405 352 223 329 227 319 416 417
239 356 290 413 338 261 265 223 230 369 243 218 298 287 410 344 417 418
356 333 369 411 280 261 298 392 405 393 329 223 230 426 427
236 287 357 393 329 223 392 385 209 227 417 418
287 344 333 379 243 319 369 298 313 368 352 209 336 227 421 422
338 379 322 227 410 405 393 223 408 425 426
336 410 290 344 346 248 385 227 280 369 243 411 413 393 395 424 425
410 285 379 352 405 395 393 298 230 411 218 248 229 227 430 431
333 398 413 230 393 395 392 227 319 369 362 311 237 329 424 425
357 313 329 379 223 209 352 248 426 427
243 298 353 282 405 290 395 329 265 209 319 374 227 417 418
408 290 352 405 411 319 227 430 431
298 313 405 253 393 385 248 229 374 282 421 422
311 379 368 227 395 344 346 282 374 422 423
319 353 223 411 285 413 209 248 322 374 313 369 423 424
265 229 282 398 395 329 280 313 419 420
368 413 223 230 398 209 248 282 227 280 427 428
392 223 285 227 261 374 395 313 398 237 369 429 430
379 398 248 413 329 428 429
218 393 329 313 385 369 362 353 282 416 431
395 411 352 282 261 405 362 313 369 329 385 429 430
313 223 405 248 374 423 424
230 285 374 223 248 237 353 229 411 416 417
290 282 280 261 374 362 405 421 422
248 411 261 385 369 346 418 419
285 329 346 322 223 420 421
280 352 413 237 344 374 209 420 421
344 352 209 282 393 425 426
322 253 411 353 329 398 393 423 424
352 229 282 261 393 329 253 426 427
398 229 393 362 429 430
229 227 374 209 346 416 417
411 413 369 253 430 431
353 282 426 427
237 362 346 282 405 413 393 227 417 418
346 405 209 282 425 426
282 261 393 329 374 420 421
253 223 374 362 209 393 261 418 419
385 329 405 362 413 428 429
209 223 416 431
413 227 393 374 362 329 430 431
405 393 374 369 430 431
362 426 427
227 393 261 329 369 416 417
223 369 329 416 417
369 374 427 428
329 424 425
261 393 419 420
374 427 428
393 429 430
416
417
418
419
420
421
422
423
424
425
426
427
428
429
430
431
