#/usr/local/lib/python3.10/dist-packages/colab_kernel_launcher.py -f /root/.local/share/jupyter/runtime/kernel-2b515d16-c871-48c9-ad2b-cd6ecd503099.json
# GMT Thu May 23 10:30:47 2024
# 
13 88 65 68 45 22 35 11 77 67 80 57 47 9 10 24 37 12 14 79 82 16 81 58 48 61 38 28 18 5 70 73 63 40 17 6 8 85 29 42 19 74 51 2 64 41 54 31 44 21 86 3 76 53 89 66 56 33 23 180 185
88 65 46 23 26 10 40 70 21 43 24 76 27 57 8 87 38 41 71 77 58 18 2 16 68 19 22 82 63 55 6 36 66 17 39 69 20 50 72 53 83 34 86 11 44 9 80 31 12 64 15 45 75 78 29 59 51 81 184 185
17 58 71 48 25 2 5 16 0 60 3 27 6 40 30 62 75 52 29 19 51 87 14 41 31 21 9 1 12 86 15 63 53 43 20 23 78 55 32 45 22 77 7 80 57 10 34 47 24 37 89 8 79 46 36 49 81 180 181
58 48 51 75 32 34 46 74 64 77 11 14 44 25 26 56 28 10 76 89 66 43 79 29 41 78 67 80 23 4 35 7 22 52 24 55 6 36 82 59 8 72 39 53 71 84 61 30 47 73 49 63 3 33 15 45 182 183
36 71 48 38 51 30 11 83 14 60 50 63 9 1 12 72 75 29 52 32 74 87 64 41 23 4 26 86 7 76 53 66 21 56 24 27 55 45 18 67 80 2 47 35 37 19 79 22 3 82 59 6 49 20 34 81 181 182
71 66 39 50 34 87 67 30 86 11 14 25 28 31 61 12 42 64 15 45 48 59 51 62 65 46 4 26 56 37 40 70 21 57 38 81 60 41 18 83 73 35 16 68 19 49 0 22 85 52 3 33 75 55 6 183 184
28 67 80 3 57 47 6 37 20 79 69 46 59 81 11 14 61 25 38 9 12 70 83 60 73 50 40 30 72 39 52 29 84 74 51 7 87 41 54 44 24 27 86 43 56 65 18 78 55 32 68 2 5 16 77 0 180 181
67 31 61 12 42 15 81 48 29 59 60 84 32 62 83 4 26 7 37 72 10 85 40 75 24 54 57 8 38 39 74 77 18 2 89 5 16 49 22 52 63 78 68 20 65 80 70 30 14 79 44 25 47 82 183 184
29 32 35 77 18 80 34 47 37 5 19 79 0 69 22 46 82 6 48 61 11 83 60 73 14 50 63 25 9 12 72 62 39 75 52 74 87 54 31 44 86 4 53 89 66 43 33 21 24 65 78 55 180 181
32 78 68 35 80 57 34 70 47 4 7 79 69 21 22 82 59 24 49 6 20 81 48 84 38 18 30 2 50 40 16 19 1 31 3 85 15 62 52 42 74 64 11 86 25 76 26 66 43 10 33 12 27 181 182
47 80 57 70 31 12 42 15 79 45 69 82 49 46 84 61 51 4 83 37 73 10 40 63 21 43 38 85 41 52 65 87 77 2 54 35 16 19 86 0 22 76 53 89 33 56 20 78 68 30 14 182 183
80 1 12 42 64 78 59 51 62 65 46 79 81 23 4 26 56 37 10 40 70 43 83 54 86 27 57 8 41 74 77 5 68 19 49 0 52 3 6 69 89 20 50 72 34 11 14 44 25 184 185
0 5 83 60 73 27 4 40 7 72 49 85 52 6 84 74 51 87 64 41 18 54 8 21 86 76 53 30 66 43 33 10 23 75 65 78 68 45 22 35 12 44 34 11 1 89 56 69 46 59 3 16 61 180 185
5 83 60 73 3 27 63 40 30 7 72 85 62 75 52 42 19 9 74 87 64 41 8 44 21 86 89 43 56 10 23 65 78 55 68 22 57 70 37 69 46 82 26 39 16 81 84 61 38 2 51 18 180 185
83 35 19 52 63 55 66 20 50 72 53 34 11 85 14 44 25 9 1 61 12 42 45 87 75 48 78 51 81 65 46 86 79 89 26 56 37 40 21 73 24 54 27 57 38 60 74 77 2 184 185
41 42 21 24 27 8 38 87 77 44 86 76 53 89 66 43 35 55 22 68 45 33 6 20 34 70 79 30 11 69 46 82 14 9 1 31 81 15 84 61 60 73 50 85 26 7 37 52 181 182
42 77 44 57 2 69 4 35 49 22 3 81 39 61 20 34 50 30 11 14 25 85 62 75 1 31 15 74 51 64 54 86 76 53 66 43 23 7 37 9 10 40 65 21 78 55 24 45 8 38 181 182
73 74 35 68 49 22 52 3 33 63 86 55 66 39 69 72 53 78 44 25 1 64 15 45 48 59 62 82 65 46 81 84 23 4 26 7 37 10 40 70 43 27 57 8 38 60 85 75 18 183 184
74 24 54 57 8 60 87 18 86 2 35 79 16 22 52 3 33 6 66 39 20 50 51 53 30 82 9 1 31 12 64 15 45 48 59 65 46 23 4 26 56 7 37 70 21 43 183 184
33 38 70 23 60 4 26 50 7 63 40 10 21 24 85 8 62 75 52 64 54 44 2 16 19 53 89 66 43 56 3 6 20 78 55 68 45 77 11 57 34 14 25 9 1 46 59 49 48 181 182
38 51 87 20 34 86 76 66 43 30 14 25 9 1 78 55 12 44 57 89 79 69 46 23 59 26 49 37 10 81 24 27 61 70 60 63 18 72 35 85 16 62 39 19 22 181 182
2 50 27 40 7 72 85 62 39 75 9 84 87 54 11 63 76 53 66 20 56 10 23 78 45 35 12 77 57 24 37 14 4 89 79 69 82 49 81 25 61 15 18 70 1 60 180 185
50 81 16 61 19 51 6 39 20 34 85 62 52 30 11 14 25 84 9 87 1 64 31 12 45 76 53 66 46 65 68 23 4 26 7 37 21 43 24 70 8 79 69 82 59 18 182 183
3 15 18 70 60 63 40 7 1 62 39 19 9 84 51 54 44 21 11 86 53 89 66 43 56 10 23 65 78 55 45 22 35 77 57 34 14 4 79 46 82 49 26 16 81 180 185
15 25 6 57 34 37 79 69 46 82 59 49 39 14 16 81 9 1 48 12 61 18 60 27 30 72 85 62 52 4 19 7 10 84 77 54 31 76 89 43 20 56 23 78 55 22 180 181
14 24 9 1 12 49 26 16 81 51 18 60 4 27 40 7 30 10 62 75 52 19 77 21 86 76 53 89 43 20 56 6 65 78 55 68 45 22 34 70 180 185
24 87 64 54 31 9 1 86 53 66 43 56 65 68 45 25 4 77 10 34 70 37 8 69 82 59 49 26 48 61 19 22 60 6 72 85 62 75 52 11 84 180 181
66 84 23 26 7 37 10 40 21 54 27 8 60 75 87 77 16 19 52 76 55 6 39 20 34 78 68 30 11 25 1 61 64 45 79 48 59 51 82 62 183 184
65 78 68 23 7 37 10 40 21 6 8 39 72 53 84 35 16 19 49 1 86 64 48 20 51 85 62 34 46 87 30 11 44 25 26 89 45 79 57 59 60 183 184
78 23 4 56 79 10 21 76 57 8 60 81 77 18 35 68 19 49 22 52 85 63 55 6 69 53 34 30 11 86 44 1 12 64 75 59 51 184 185
43 87 64 54 26 7 37 86 10 40 89 79 46 27 45 18 57 70 69 6 82 59 72 39 34 81 61 51 30 11 63 1 31 53 12 85 62 52 181 182
87 54 76 27 8 60 77 18 35 16 68 19 22 55 6 39 69 72 53 34 84 30 11 44 25 31 61 12 64 51 81 46 79 23 26 56 7 37 70 21 184 185
16 70 37 27 40 82 72 85 62 39 52 19 9 12 84 51 64 31 21 63 76 53 20 23 4 10 45 22 35 8 34 89 56 46 49 81 48 61 6 180 181
70 77 1 31 63 64 45 48 51 46 11 25 56 9 40 12 54 27 57 79 60 82 23 4 68 22 52 6 8 39 69 34 72 85 75 18 84 183 184
35 60 63 40 72 85 39 75 52 23 4 26 7 10 54 44 27 53 89 56 45 19 22 57 6 37 20 69 59 49 30 11 81 25 48 61 1 31 12 181 182
48 20 30 11 69 44 59 9 1 31 12 81 45 84 61 51 46 60 63 53 23 4 7 85 37 62 75 10 40 21 27 64 77 54 76 56 19 22 55 68 182 183
55 61 86 63 23 26 7 37 85 10 62 40 75 54 8 64 77 76 89 19 49 22 68 51 53 34 60 11 44 69 25 82 59 72 9 1 12 45 182 183
61 39 53 34 79 82 30 11 44 25 81 84 31 12 45 59 51 63 46 72 85 75 23 4 26 7 21 64 60 76 18 19 49 22 52 183 184
25 89 79 69 46 26 68 81 9 10 37 40 82 72 39 52 23 4 84 64 21 22 6 8 20 76 53 30 75 18 45 77 1 44 57 180 181
57 9 1 31 12 64 45 86 76 89 46 68 7 10 40 21 54 27 79 69 59 18 81 19 49 6 39 20 60 63 34 85 75 44 182 183
7 21 86 53 20 10 23 6 45 77 44 34 89 79 69 46 1 59 49 26 81 60 27 40 4 72 62 39 51 64 31 8 180 185
21 10 63 8 23 18 68 22 77 19 34 20 56 69 46 59 49 26 81 1 12 37 27 30 82 72 85 62 39 75 4 180 181
59 68 77 44 9 31 12 45 79 69 82 46 4 26 56 10 40 63 54 8 72 85 62 75 84 18 49 86 22 76 89 6 182 183
68 51 62 85 23 75 26 56 37 40 54 27 77 8 86 89 79 18 4 19 49 52 63 20 53 69 82 30 44 1 12 45 183 184
60 19 22 52 77 20 51 53 30 11 9 1 31 45 69 82 72 81 26 56 84 54 27 39 63 85 18 62 75 183 184
77 85 12 76 27 23 89 4 37 52 54 6 39 81 69 20 18 30 19 1 31 63 64 51 84 11 26 56 9 184 185
85 18 86 49 52 82 6 69 20 72 11 44 89 9 1 31 64 75 51 46 79 26 56 37 10 76 8 184 185
10 31 86 76 4 53 89 20 23 8 12 34 37 79 46 49 26 81 40 9 1 72 62 75 52 19 180 185
31 27 37 69 46 82 81 84 51 19 22 6 63 40 62 52 30 64 9 54 1 12 44 86 53 89 56 45 23 4 26 181 182
27 54 44 6 76 89 20 56 9 1 34 12 37 79 69 82 39 81 84 23 51 22 63 8 40 53 30 62 75 52 180 181
54 64 8 86 76 89 56 18 19 49 52 6 39 20 79 69 11 44 81 9 12 45 63 46 72 62 75 26 37 84 182 183
12 34 37 89 79 69 82 49 4 81 40 30 72 39 52 84 51 6 64 63 9 22 180 185
23 86 76 89 45 8 34 37 18 79 69 46 4 26 81 63 30 62 39 75 52 1 64 44 180 181
86 4 26 56 37 40 8 39 18 19 49 82 63 6 20 34 89 30 11 9 1 45 75 76 79 184 185
51 6 8 39 20 69 82 44 72 1 45 84 46 53 11 75 9 52 76 89 4 37 19 182 183
64 8 69 82 18 72 81 19 49 84 22 52 63 20 53 34 30 75 9 45 62 76 89 79 40 183 184
84 8 39 69 53 19 49 1 63 20 81 34 46 79 30 11 44 26 56 9 75 89 76 4 37 40 22 82 184 185
9 44 89 79 56 46 26 81 40 82 72 49 62 39 19 18 63 76 75 4 45 180 185
44 40 79 69 8 46 82 49 81 18 4 37 19 6 39 52 34 30 1 89 56 11 26 181 182
81 53 34 30 45 62 46 4 56 37 40 76 19 49 22 63 184 185
8 11 76 53 56 45 22 34 79 82 49 26 1 18 40 30 72 62 39 75 4 19 180 185
39 18 40 53 62 20 52 34 11 76 79 56 46 4 22 69 82 6 72 49 181 182
11 89 79 56 69 46 37 4 30 82 72 6 62 75 19 63 20 1 45 22 34 180 185
89 26 56 76 49 22 52 6 69 72 53 34 63 45 75 62 46 184 185
40 19 76 22 56 6 20 34 45 49 37 63 72 62 52 18 181 182
4 76 53 30 20 1 75 56 46 82 72 49 62 52 6 180 185
1 79 82 49 26 6 18 63 20 72 62 75 76 56 180 185
46 69 82 49 37 22 6 72 62 75 52 18 20 34 182 183
6 18 63 30 20 72 52 19 76 56 45 69 82 180 185
30 79 69 82 49 22 20 63 72 62 52 76 56 26 45 34 181 182
79 76 62 82 56 37 69 53 19 49 22 63 20 184 185
62 18 49 22 52 82 20 53 72 75 56 37 76 183 184
76 56 37 18 19 49 63 20 72 82 53 45 75 184 185
18 72 75 52 19 53 20 56 45 22 34 37 69 82 180 181
37 63 56 49 22 82 20 34 181 182
26 53 56 45 34 69 82 49 63 72 75 19 22 20 180 181
63 19 49 52 72 34 75 56 69 82 183 184
75 82 22 69 72 53 34 45 56 184 185
69 19 49 22 72 53 34 183 184
19 72 52 53 20 22 49 180 181
20 72 52 56 34 82 180 181
45 82 49 72 22 34 53 182 183
53 22 49 52 34 82 72 182 183
56 22 52 34 182 183
22 49 180 181
34 72 181 182
72 52 183 184
82 52 184 185
49 182 183
52 182 183
118 157 112 170 93 147 124 137 107 127 110 136 126 139 101 148 161 104 138 151 99 91 102 173 150 163 140 153 130 120 175 142 119 174 116 100 144 111 134 176 166 143 179 133 146 123 155 108 168 145 122 158 135 92 125 95 106 109 90 180 181
157 91 121 102 132 154 171 119 161 149 150 122 103 136 173 163 113 94 97 127 100 175 111 165 133 114 128 129 131 164 177 167 148 108 176 92 95 125 106 139 90 112 142 123 153 96 126 158 107 110 141 124 155 170 120 104 169 137 183 184
119 122 158 125 167 147 124 137 92 127 95 106 109 169 159 136 172 149 96 139 171 161 151 128 141 101 163 140 153 130 120 99 162 105 175 152 129 142 103 164 131 121 134 113 176 94 166 97 179 156 133 100 146 123 114 155 145 180 181
122 158 125 170 147 124 137 113 127 94 95 97 169 159 111 126 114 162 139 129 98 110 174 151 128 108 120 173 92 163 106 90 91 121 93 175 165 142 155 132 164 177 131 167 134 101 115 143 179 156 133 99 146 123 102 136 181 182
137 170 134 147 160 91 132 169 159 172 149 162 103 136 171 161 138 174 151 113 94 116 97 173 127 150 100 140 133 117 98 128 131 152 165 142 164 177 154 167 92 95 125 106 109 90 112 166 156 96 107 129 158 148 104 182 183
170 91 151 102 135 149 152 172 155 174 113 94 116 97 127 100 130 111 133 173 144 176 117 98 128 150 161 167 175 148 108 92 95 125 177 158 109 90 112 142 93 123 153 145 96 156 129 162 143 124 178 120 101 104 134 184 185
98 99 164 141 177 154 144 121 134 111 143 133 146 123 100 113 92 155 168 145 158 135 125 90 93 124 114 104 169 159 136 126 103 139 106 148 138 91 115 151 108 160 173 163 117 153 130 120 175 152 129 165 132 94 109 97 180 185
99 147 124 101 114 104 179 146 113 126 103 92 116 95 106 171 90 161 138 93 115 96 160 150 127 163 117 130 107 162 139 152 91 174 164 141 131 108 144 111 153 143 120 156 133 110 100 178 94 132 97 145 135 112 167 180 185
130 131 167 144 92 134 95 106 109 179 112 156 93 133 123 146 96 126 129 110 178 155 168 124 145 158 148 104 115 121 102 136 172 103 161 138 113 94 173 116 97 163 140 153 111 114 117 128 152 142 174 164 108 154 181 182
131 111 114 117 164 128 129 177 154 167 134 166 146 92 95 106 178 168 112 93 123 148 96 107 124 147 160 169 120 101 159 136 149 104 115 121 102 105 161 138 174 151 141 173 150 140 113 162 94 152 97 142 100 181 182
90 95 173 150 127 140 172 139 175 152 129 142 96 132 109 174 164 177 154 108 121 176 166 143 120 100 165 178 155 168 145 158 112 125 134 147 124 101 91 104 179 146 159 149 126 103 116 106 148 161 138 128 180 185
95 173 163 93 140 117 153 107 120 97 175 165 142 164 154 121 134 91 101 166 179 133 110 123 113 145 158 112 148 125 102 115 147 124 160 114 169 159 136 172 149 126 139 106 96 174 105 141 108 180 185
173 125 106 158 109 142 172 123 153 126 107 129 110 140 124 120 175 104 115 91 121 151 102 132 154 105 135 165 141 103 169 179 113 94 178 146 127 100 160 133 114 144 117 128 150 164 167 108 92 184 185
96 138 174 105 141 150 163 140 117 107 110 91 152 93 142 155 132 109 177 154 167 144 121 134 101 176 156 133 123 136 113 103 178 158 135 112 125 102 115 147 160 114 104 94 159 172 126 139 116 106 180 185
138 126 148 107 110 124 120 101 104 134 149 162 139 91 121 102 132 105 171 135 174 141 136 150 163 153 143 116 97 165 155 111 114 117 164 154 167 144 176 166 179 156 169 92 146 106 109 178 112 168 123 182 183
101 104 97 169 100 159 136 126 116 106 148 151 105 160 92 127 163 94 117 107 120 172 93 162 152 129 165 142 132 174 164 177 108 144 121 111 176 153 166 156 91 155 168 145 158 135 112 125 147 180 185
104 127 169 136 102 139 116 171 103 148 105 141 150 163 140 94 117 153 97 100 162 152 129 165 132 109 177 154 144 121 111 92 166 179 156 146 93 168 145 158 135 112 125 147 124 160 180 185
158 149 152 103 163 136 165 115 146 100 111 133 164 117 167 128 176 166 148 179 169 108 92 168 109 139 93 123 145 126 156 129 110 140 159 172 120 171 121 151 174 132 154 105 135 183 184
167 160 132 133 163 117 150 161 103 164 177 148 113 179 94 125 169 97 127 111 178 144 126 168 128 129 171 159 140 162 108 109 139 151 93 123 153 154 135 107 141 174 152 124 136 134 115 184 185
123 128 150 94 163 97 153 111 114 162 175 129 142 174 164 141 177 154 108 144 134 176 109 179 156 133 112 146 93 178 155 168 145 135 124 127 115 102 159 136 105 149 126 139 151 181 182
128 174 107 177 110 154 144 124 166 120 146 115 91 168 121 102 105 103 134 179 169 159 136 172 149 94 116 139 97 171 114 148 117 151 160 150 163 153 92 162 125 175 106 129 165 132 93 181 182
163 164 125 106 109 112 142 93 153 176 145 166 107 179 110 143 178 168 120 134 115 151 102 132 154 105 135 149 141 152 103 171 113 116 127 100 160 111 144 147 161 148 108 183 184
164 114 144 117 147 150 162 108 92 125 169 106 112 142 178 145 126 168 156 107 129 140 141 134 115 91 121 151 102 132 154 135 149 103 155 113 94 116 127 100 160 111 183 184
174 126 129 159 162 108 92 125 109 121 93 153 168 110 140 171 152 124 155 136 169 120 134 116 146 102 132 105 135 165 149 150 161 178 148 94 127 160 111 142 172 114 144 184 185
115 124 105 107 179 136 149 116 148 161 151 160 150 140 117 103 172 139 175 152 129 142 132 94 97 141 177 109 144 111 121 112 93 176 166 156 165 178 155 108 135 125 91 134 147 180 181
124 121 171 148 161 105 151 141 103 150 162 113 175 94 152 165 116 111 177 144 176 166 143 179 108 146 178 155 109 145 112 135 125 107 110 127 169 136 172 149 181 182
134 100 102 132 133 114 159 136 172 139 171 148 161 151 94 97 150 109 111 153 112 126 162 175 152 92 144 91 121 179 156 105 107 103 155 168 145 135 113 147 181 182
100 144 121 111 176 166 94 143 179 156 133 97 146 113 178 155 145 112 125 102 160 114 92 169 159 172 116 129 106 171 151 141 108 140 117 107 120 91 175 165 142 132 154 180 185
144 111 177 133 114 176 166 146 108 178 155 168 145 125 106 139 112 142 147 160 110 140 159 172 171 148 161 151 91 121 135 150 153 136 175 165 94 97 127 182 183
93 105 108 160 150 140 117 153 107 97 162 91 152 129 165 142 109 141 177 154 121 111 176 166 143 133 178 168 145 112 102 114 127 94 159 136 172 149 126 161 151 180 185
105 147 160 127 169 159 172 149 126 116 129 106 161 102 151 141 108 103 117 153 107 175 152 94 132 109 97 177 121 166 143 179 110 146 92 178 155 168 145 135 112 148 180 181
112 150 153 143 175 152 94 142 155 97 111 177 121 176 133 108 113 178 106 145 109 135 148 107 110 160 114 127 169 159 172 139 116 171 161 141 180 181
156 161 113 116 146 97 127 111 133 114 117 150 162 175 165 148 108 92 177 125 106 109 142 176 153 145 107 140 143 178 168 120 91 151 102 132 154 169 159 149 155 136 171 183 184
161 107 159 110 140 143 177 176 166 91 102 154 135 168 149 152 103 155 113 116 169 146 127 160 133 114 117 147 171 148 108 92 125 106 109 162 175 165 153 183 184
103 155 145 147 102 169 159 172 149 139 116 106 171 151 94 108 160 150 140 117 107 120 162 175 152 165 132 177 92 154 121 111 91 166 143 179 110 146 113 180 185
155 178 113 94 160 97 111 142 114 126 159 172 129 162 108 92 125 106 139 91 176 121 153 107 110 152 136 177 120 102 166 179 117 147 150 183 184
114 154 121 91 102 176 166 143 179 146 168 145 135 113 97 111 169 159 136 126 139 116 108 171 141 106 109 117 153 107 110 120 162 129 142 132 180 181
133 177 154 94 116 97 127 176 166 111 146 136 117 168 145 135 148 108 147 125 109 159 172 126 149 107 162 139 171 141 120 150 140 143 102 175 142 181 182
177 166 117 147 148 108 92 94 125 139 153 175 126 129 159 110 140 162 143 120 91 121 151 102 132 154 135 165 171 136 113 116 146 97 111 184 185
125 140 153 162 175 152 132 113 94 116 97 154 111 117 176 166 143 108 168 145 92 135 109 160 127 159 149 139 151 141 91 121 181 182
126 151 141 150 140 153 91 102 162 132 154 113 94 97 166 179 111 146 178 168 145 135 148 108 147 92 160 127 159 136 172 149 139 110 171 181 182
145 151 136 176 153 116 127 152 111 117 154 179 92 169 109 139 178 168 110 140 141 143 147 160 150 159 172 162 121 132 135 171 182 183
151 107 140 160 143 169 172 120 91 102 132 135 149 141 136 162 175 152 113 94 146 97 127 117 150 176 148 92 178 168 142 183 184
147 121 102 154 132 135 176 166 179 178 168 113 116 146 148 97 111 117 169 159 172 149 162 108 92 171 109 107 129 110 150 140 143 165 120 182 183
149 120 160 102 132 169 159 172 141 136 171 113 94 116 146 97 127 150 111 153 117 162 175 165 148 154 92 176 166 107 129 110 143 182 183
160 153 176 135 166 179 152 178 168 116 146 132 169 148 113 94 127 109 139 111 142 129 110 140 143 162 175 165 108 120 92 183 184
107 106 140 120 162 152 129 165 142 109 141 154 121 91 102 176 166 143 110 113 178 97 179 159 136 172 139 116 171 180 181
159 171 91 176 132 135 152 175 165 94 146 97 127 166 179 117 169 150 92 106 109 139 142 110 172 162 183 184
171 110 140 141 143 120 91 121 102 154 135 168 152 169 176 146 97 127 111 175 166 162 148 108 92 179 109 139 142 153 178 184 185
148 175 152 140 141 165 136 154 116 176 179 102 178 168 113 97 127 111 142 162 129 110 143 120 139 153 182 183
111 121 176 153 166 143 113 168 108 106 169 139 116 102 150 117 162 175 165 132 141 180 181
121 117 172 139 129 92 106 141 140 110 152 165 142 132 120 91 102 176 143 179 178 113 94 97 181 182
92 117 120 97 175 129 165 142 154 153 166 110 146 113 178 168 135 102 94 172 116 106 91 180 185
117 176 166 179 110 146 136 178 168 91 127 169 162 129 113 141 116 97 120 175 152 165 142 180 181
152 168 106 109 139 169 129 172 140 143 153 102 132 141 175 165 136 154 116 146 176 166 179 150 178 183 184
168 136 94 116 146 127 169 172 166 150 108 139 129 110 140 176 179 91 102 132 154 135 165 178 184 185
110 141 150 140 153 120 129 165 142 132 154 106 109 91 176 166 143 146 135 102 169 136 172 116 180 181
154 108 162 139 142 140 143 176 175 120 165 102 132 135 141 166 136 169 178 94 116 97 183 184
127 106 91 166 143 102 146 178 135 113 97 179 169 139 108 94 150 109 162 175 129 165 142 132 181 182
91 169 139 116 129 141 150 153 120 97 162 175 165 132 109 176 143 179 146 113 102 180 185
178 136 113 146 166 150 108 106 109 139 142 172 153 175 129 162 143 176 120 132 135 141 184 185
106 150 140 120 172 175 129 142 132 109 141 176 153 166 113 97 135 179 169 146 136 139 116 180 181
175 108 176 109 139 142 172 129 140 162 143 179 102 165 136 113 94 116 146 97 184 185
140 139 141 150 129 153 162 165 142 120 176 143 179 136 113 94 116 97 169 108 182 183
132 179 94 129 150 120 172 162 165 102 141 176 153 166 97 135 181 182
94 176 166 143 102 179 146 136 150 97 172 129 142 109 108 180 185
176 146 162 109 139 142 172 153 143 179 120 165 150 184 185
141 129 150 108 172 162 135 136 153 143 116 165 142 102 166 169 146 109 182 183
150 109 139 142 143 166 179 169 113 97 129 153 108 165 183 184
97 143 146 169 136 172 120 142 109 108 180 185
136 120 116 102 135 169 172 129 165 109 143 179 146 182 183
120 169 139 109 153 162 129 165 142 166 179 146 113 116 135 181 182
169 102 135 165 172 113 146 129 108 109 139 142 153 184 185
129 165 116 166 179 146 102 135 113 162 181 182
102 172 116 162 165 142 143 113 135 180 185
113 166 143 179 135 172 116 109 153 162 165 180 181
166 116 146 108 139 153 162 172 143 135 184 185
108 165 109 143 179 146 135 172 139 153 180 181
153 143 165 135 116 146 179 172 183 184
165 139 142 162 143 116 179 184 185
109 162 142 143 179 146 135 172 139 180 181
143 116 139 142 179 135 172 162 182 183
179 116 146 139 142 162 184 185
146 172 139 142 182 183
139 142 135 116 172 182 183
116 135 172 162 180 181
162 135 172 183 184
142 135 172 182 183
135 172 182 183
172 184 185
180
181
182
183
184
185
