#/usr/local/lib/python3.10/dist-packages/colab_kernel_launcher.py -f /root/.local/share/jupyter/runtime/kernel-2119b688-3f38-4b5a-b3d6-e140ef2e0719.json
# GMT Fri May 24 10:21:42 2024
# 
36 71 84 61 38 51 30 11 83 73 63 40 28 9 72 62 75 29 52 65 32 42 13 64 54 44 23 26 7 53 10 66 43 21 24 27 8 55 68 58 18 67 80 2 70 35 37 16 19 79 22 3 69 33 46 17 49 20 81 171 172 176 177 181 182
71 66 17 39 69 50 53 34 67 44 47 28 9 1 31 61 12 64 15 78 48 62 13 65 46 23 4 26 79 56 7 37 82 10 70 21 43 24 27 57 8 38 41 58 83 5 35 68 19 0 72 22 3 33 75 63 55 6 173 174 178 179 184 185
55 84 61 32 13 46 73 63 23 4 26 7 37 10 62 40 75 21 43 24 27 8 38 64 77 67 2 66 79 56 5 19 22 3 68 17 39 20 51 53 80 70 60 30 11 14 25 82 59 47 72 9 1 12 45 81 48 172 173 177 178 183 184
84 6 38 39 69 72 53 67 18 2 19 0 1 31 33 63 64 48 20 50 51 81 32 62 34 65 46 79 30 14 44 25 28 9 10 42 45 75 76 27 29 59 60 41 13 77 58 23 5 7 37 68 40 70 22 52 54 174 175 179 180 184 185
29 32 68 45 35 67 18 80 57 34 47 2 37 5 19 0 22 46 3 17 81 48 61 38 51 11 73 14 50 25 40 28 30 9 1 15 39 75 52 42 13 64 41 54 44 23 4 26 76 7 43 33 21 24 27 65 78 170 171 176 177 181 182
32 78 68 13 58 80 57 34 47 23 37 4 5 69 21 59 6 39 8 81 48 38 51 18 30 83 60 73 50 14 63 16 19 0 1 31 3 15 62 75 17 65 42 77 54 44 25 26 53 66 9 10 33 12 27 171 172 176 177 181 182
47 80 57 25 9 1 42 79 69 82 59 13 46 81 51 7 83 37 60 73 10 40 63 21 43 24 8 38 41 75 52 65 74 18 64 54 5 16 19 0 76 3 53 33 66 6 17 39 20 34 78 68 58 67 14 171 172 177 178 182 183
80 28 9 31 61 42 64 15 48 59 51 62 65 46 79 81 23 7 37 10 40 70 21 43 73 24 76 57 8 60 41 77 18 2 35 16 68 19 0 22 52 63 6 66 17 69 20 50 72 34 67 11 44 25 174 175 179 180 184 185
40 41 77 54 2 44 5 35 16 19 76 53 33 56 6 17 20 58 67 57 14 25 28 9 31 79 15 69 46 82 59 49 81 48 51 23 4 83 26 7 37 50 10 21 27 72 62 75 52 42 74 18 64 171 172 176 177 182 183
41 42 21 24 27 74 38 39 64 54 44 76 53 66 56 2 5 19 0 22 68 3 45 33 58 6 17 67 34 70 30 11 69 82 59 14 49 25 1 31 12 81 48 61 51 13 60 4 7 75 52 10 65 171 172 176 177 182 183
5 83 60 3 50 63 17 30 7 72 75 42 19 74 64 77 31 8 44 21 76 53 66 20 56 33 13 65 78 68 22 58 12 4 67 57 34 24 37 14 79 46 59 49 26 16 6 2 51 28 18 170 174 175 179 180 185
83 35 16 19 22 52 3 82 33 6 66 17 39 20 50 72 53 34 67 11 14 44 25 28 1 31 61 64 15 75 78 59 81 62 46 4 56 10 43 73 24 54 76 27 57 8 38 60 74 77 58 18 2 174 175 179 180 184 185
6 48 38 15 51 28 18 73 27 2 17 30 72 1 62 75 65 9 74 64 77 54 31 8 44 21 76 53 66 56 33 46 78 68 45 22 58 25 67 34 70 14 79 4 82 59 49 26 16 81 170 174 175 180 181 185
48 58 17 39 34 57 70 30 11 82 25 49 28 1 15 81 45 61 51 13 46 60 73 50 53 23 4 26 7 37 52 65 21 43 27 8 74 64 77 54 18 76 79 2 16 19 0 22 3 33 172 173 177 178 182 183
68 59 51 62 13 65 46 23 26 56 7 9 10 43 54 57 8 38 18 4 35 16 78 49 22 3 66 17 20 50 70 53 67 69 82 30 72 11 14 44 28 81 31 61 12 42 15 45 173 174 178 179 183 184
77 70 42 43 76 27 57 13 58 23 35 79 37 22 52 24 78 66 8 38 39 81 69 50 53 18 30 16 82 19 49 0 1 31 63 64 15 45 75 51 62 34 65 46 11 44 26 56 9 10 173 174 179 180 184 185
42 67 57 2 69 46 35 59 16 49 19 0 3 33 81 17 39 61 20 60 73 30 11 14 25 72 62 75 1 52 74 64 54 63 76 53 66 43 56 23 26 65 21 78 24 45 27 8 171 172 176 177 182 183
73 74 35 49 22 52 3 33 63 76 66 17 39 69 20 50 72 53 34 67 30 11 14 25 28 31 12 15 45 79 59 51 82 13 46 81 23 4 56 7 10 21 43 24 54 57 8 38 18 173 174 178 179 184 185
74 75 24 54 27 57 8 60 72 58 18 2 76 35 79 16 19 0 52 3 33 66 39 69 20 50 53 34 67 30 11 44 25 28 9 1 31 61 12 64 15 59 13 65 23 56 7 10 70 43 173 174 178 179 184 185
25 34 15 17 79 56 69 46 59 11 81 58 61 28 9 12 70 24 60 37 50 13 72 62 39 52 23 64 19 54 21 22 8 63 20 76 43 75 78 45 35 16 67 44 57 170 171 175 176 181 182
34 28 9 1 58 15 61 13 60 50 72 23 75 7 10 21 24 27 8 44 53 66 43 18 56 2 16 65 78 19 22 45 3 33 35 67 57 37 79 46 82 11 59 14 171 172 176 177 181 182
10 54 31 11 76 4 66 7 23 65 78 8 45 58 35 57 24 37 14 2 79 69 46 82 59 49 3 26 16 38 15 51 28 18 60 50 27 17 30 9 72 62 52 64 170 174 175 180 181 185
54 21 64 24 27 8 38 76 56 18 65 35 16 19 49 0 52 3 33 57 39 70 20 79 82 59 11 14 28 61 1 31 12 15 45 60 51 63 46 72 23 4 26 172 173 177 178 183 184
2 50 27 17 7 72 62 39 9 51 64 31 8 21 11 63 76 53 66 43 56 33 23 78 22 35 12 0 24 37 4 69 46 59 49 26 16 81 61 15 28 18 70 60 170 174 175 179 180 185
50 81 35 16 61 19 0 3 33 60 39 20 63 72 62 52 30 11 14 44 28 9 64 31 12 76 13 66 65 78 23 4 26 7 37 43 57 27 70 69 82 59 172 173 177 178 182 183
3 15 28 18 60 27 63 72 1 62 39 52 9 64 31 8 44 21 11 66 43 56 33 23 78 45 22 35 57 24 37 4 79 69 46 82 59 0 49 16 38 170 174 175 179 180 185
15 24 37 69 46 82 59 11 26 14 16 81 9 1 12 61 38 51 28 13 60 27 63 30 72 75 4 19 64 44 21 76 43 20 56 33 23 78 22 0 35 170 175 176 180 181 185
22 28 60 63 30 4 75 65 21 64 31 44 43 56 18 33 46 23 78 19 0 58 35 17 67 70 37 27 79 69 82 72 26 14 1 81 12 61 38 51 170 171 175 176 181 182
28 57 17 20 79 46 82 38 9 1 12 70 60 63 30 13 72 39 52 4 26 51 7 64 31 8 76 53 66 43 56 33 65 18 45 35 0 170 171 176 177 181 182
14 24 37 79 9 69 46 49 26 81 13 61 51 18 60 4 27 63 7 30 72 62 39 75 52 8 19 64 44 21 66 20 56 0 23 65 45 35 67 57 170 175 176 180 181 185
24 64 9 44 12 53 66 43 56 13 33 78 45 23 7 67 21 70 37 8 79 69 82 59 49 26 18 38 0 60 27 63 17 30 72 39 52 11 170 171 175 176 181 182
75 58 18 35 16 79 49 52 33 63 66 17 39 81 72 67 30 11 44 61 45 59 51 62 13 65 46 23 76 26 56 7 37 70 27 8 38 78 60 173 174 179 180 184 185
66 23 4 26 56 7 21 27 57 8 38 60 58 35 16 19 49 0 52 63 76 20 53 30 11 44 67 9 1 61 12 64 69 51 82 173 174 178 179 183 184
78 62 13 65 4 26 56 7 79 82 70 21 43 76 27 8 60 58 35 16 19 49 0 52 33 63 39 69 67 30 11 9 1 31 61 12 45 59 51 173 174 179 180 184 185
16 70 37 17 30 72 62 39 52 19 1 12 51 31 21 76 43 20 33 23 65 7 45 35 8 67 44 79 56 69 46 59 26 81 61 170 171 175 176 180 181 185
70 0 1 31 33 63 64 45 76 59 51 62 11 56 9 12 43 27 57 60 13 82 58 81 23 4 37 19 49 21 52 8 38 39 69 20 18 30 173 174 178 179 184 185
35 63 72 39 52 23 4 26 7 27 8 76 53 56 33 57 17 37 20 79 46 82 59 49 30 11 81 38 51 9 1 31 12 171 172 176 177 181 182
61 17 67 39 20 69 82 30 11 44 81 1 12 45 59 51 13 63 46 62 4 26 56 7 37 21 64 57 38 60 58 18 65 19 49 33 172 173 178 179 183 184
57 9 12 64 45 13 76 46 23 4 26 56 58 37 21 27 8 38 79 82 72 81 19 49 0 52 33 20 60 53 63 62 30 172 173 177 178 183 184
7 21 63 53 20 56 0 23 65 45 12 67 44 37 79 69 82 1 59 13 49 38 4 30 72 62 52 19 9 51 31 8 170 174 175 180 181 185
21 63 8 53 43 65 18 45 19 67 44 0 17 79 56 59 49 26 81 58 11 38 9 1 12 37 27 30 52 170 171 175 176 180 181
59 44 1 31 45 82 13 81 56 60 63 43 27 62 58 18 64 19 49 0 52 76 33 17 39 20 53 65 172 173 178 179 183 184
60 49 0 64 52 33 67 17 20 51 53 79 11 9 31 12 45 46 69 82 72 23 26 56 43 27 38 39 63 172 173 178 179 183 184
17 0 27 72 62 39 52 19 11 31 9 1 12 63 76 53 43 20 33 13 65 45 67 44 37 8 69 82 49 81 170 171 175 176 180 181
9 67 44 11 69 46 13 26 81 0 38 27 72 49 1 51 64 18 31 63 53 43 20 33 4 65 45 170 174 175 180 181 185
67 1 31 12 64 45 81 13 23 4 26 72 8 39 18 49 0 52 33 51 53 65 30 11 79 44 69 82 173 174 178 179 183 184
45 79 46 4 82 26 37 43 81 27 8 38 63 18 62 19 0 52 33 20 53 30 11 56 44 1 65 58 171 172 177 178 182 183
69 81 30 11 1 31 12 64 62 13 65 46 23 4 37 43 79 58 18 19 49 0 52 63 20 82 53 173 174 178 179 183 184
81 20 51 53 30 11 44 82 31 12 62 13 79 26 76 27 8 38 72 58 18 19 49 33 174 175 179 180 184 185
58 62 51 65 46 64 44 26 56 76 12 43 79 13 23 4 37 52 82 8 72 39 20 18 19 49 63 0 1 31 33 172 173 177 178 183 184
31 27 37 8 46 82 49 18 38 51 0 63 72 62 52 65 30 1 44 53 43 56 33 23 4 26 170 171 176 177 181 182
27 19 0 76 20 43 56 11 1 12 37 82 39 23 4 51 63 53 30 62 65 170 171 176 177 181 182
62 19 49 0 52 79 39 20 53 11 44 1 12 72 51 13 64 23 4 26 56 37 76 43 8 38 172 173 178 179 183 184
20 38 51 4 63 72 52 18 64 44 19 0 1 76 53 65 11 12 37 79 46 13 49 26 170 171 175 176 180 181
51 39 18 30 82 49 0 1 46 63 53 26 52 65 12 43 13 76 56 4 172 173 177 178 182 183
43 64 44 4 26 76 79 56 46 38 18 19 33 82 39 49 30 53 12 52 13 65 171 172 177 178 182 183
64 8 18 19 49 0 39 53 30 65 44 1 12 13 46 79 4 56 37 173 174 178 179 183 184
37 63 76 53 12 56 13 65 11 44 23 26 79 46 49 38 18 33 39 52 171 172 176 177 181 182
1 79 82 49 26 38 18 63 30 72 52 19 11 0 53 33 23 13 12 170 174 175 179 180 185
13 11 12 46 82 26 38 4 18 30 8 72 39 44 53 56 33 23 170 175 176 180 181 185
44 12 8 46 82 49 4 63 33 38 30 0 76 53 56 65 11 171 172 177 178 182 183
38 76 53 30 11 65 12 79 46 82 23 4 26 49 8 63 18 72 19 171 172 176 177 182 183
39 18 63 19 53 0 52 65 30 11 26 76 79 56 12 23 4 82 72 49 171 172 176 177 182 183
12 46 82 49 4 8 30 72 52 19 0 63 76 56 33 11 170 175 176 180 181 185
23 76 56 33 65 8 18 79 49 26 0 30 11 72 52 170 171 175 176 181 182
76 4 79 18 19 49 0 52 63 72 82 53 30 11 65 46 173 174 179 180 184 185
18 53 0 33 65 11 79 46 82 8 4 63 170 171 175 176 180 181
65 4 82 72 53 19 49 0 11 56 79 173 174 178 179 183 184
63 49 52 72 30 0 26 56 79 8 172 173 178 179 183 184
8 11 56 33 0 79 46 49 26 72 4 170 174 175 180 181 185
0 4 72 49 19 53 11 79 26 170 174 175 179 180 184 185
19 30 52 56 33 79 46 49 26 4 170 171 175 176 180 181
53 26 52 79 30 46 82 72 172 173 177 178 182 183
4 30 33 11 79 56 46 82 170 174 175 179 180 185
11 56 26 82 72 52 33 170 175 176 180 181 185
56 26 82 49 46 172 173 177 178 183 184
30 46 82 49 72 33 26 170 171 176 177 181 182
46 26 82 72 33 171 172 177 178 182 183
49 52 26 79 33 172 173 177 178 182 183
82 79 26 52 72 174 175 179 180 184 185
72 33 79 52 173 174 178 179 184 185
79 52 33 173 174 179 180 184 185
26 52 170 171 175 176 181 182
33 52 171 172 176 177 181 182
52 172 173 177 178 182 183
102 143 133 110 146 90 113 85 168 88 158 135 112 91 125 115 157 147 124 137 114 104 169 96 136 99 149 126 103 139 106 86 97 100 148 161 151 128 105 118 98 108 150 163 117 130 120 162 152 129 165 142 119 132 122 131 167 121 166 170 171 175 176 180 181
143 133 147 160 117 150 131 159 149 162 99 111 141 113 94 161 125 97 127 128 164 112 142 114 126 98 163 153 152 108 155 122 106 107 137 109 140 154 91 121 167 93 157 105 138 156 169 87 101 132 158 104 134 148 85 118 100 130 172 173 177 178 183 184
140 169 146 117 131 168 158 148 111 147 125 160 106 128 150 109 112 126 159 149 162 152 103 87 141 90 101 104 134 107 137 118 163 91 121 153 124 105 135 119 165 142 155 115 96 99 129 110 167 157 113 97 127 100 130 166 133 114 172 173 177 178 183 184
169 121 151 93 123 154 157 138 168 152 103 87 132 104 134 86 165 116 146 88 118 149 135 136 166 117 147 119 131 164 115 96 99 129 110 111 94 97 127 128 112 142 114 144 145 126 156 108 92 122 153 155 106 167 109 139 174 175 179 180 184 185
114 117 153 130 120 152 103 165 142 119 155 132 87 90 101 85 154 131 88 91 134 166 156 146 123 136 96 145 158 99 135 148 125 113 115 94 86 157 147 124 160 137 127 98 149 126 139 116 129 89 161 92 138 109 163 170 171 176 177 181 182
117 163 153 130 120 152 155 132 122 92 164 154 106 107 167 144 121 109 157 134 91 93 105 166 156 133 146 123 115 168 87 145 158 148 85 86 116 147 160 159 162 139 96 161 138 113 128 94 95 141 118 97 131 112 171 172 176 177 181 182
132 165 110 113 94 86 116 97 127 100 164 130 154 167 144 157 131 133 146 108 89 111 122 145 158 95 135 125 106 128 109 93 123 126 147 160 137 150 159 103 149 120 101 104 85 88 138 151 141 124 119 163 152 99 171 172 177 178 182 183
165 113 116 97 100 130 144 136 147 98 167 150 166 89 141 92 122 95 125 168 109 139 161 112 142 93 123 126 156 159 103 120 101 153 134 85 107 137 88 148 91 151 124 105 135 157 138 119 152 115 96 99 129 110 174 175 179 180 184 185
93 94 159 139 116 106 96 138 151 128 141 118 95 87 150 90 153 130 107 120 97 162 91 152 142 109 122 99 154 144 121 98 134 101 166 156 133 86 110 146 123 100 145 158 135 148 125 157 147 124 160 137 104 92 170 174 175 180 181 185
94 152 129 142 119 109 99 164 131 108 144 121 98 87 111 101 153 166 156 133 88 110 146 100 113 155 168 145 122 158 112 167 134 137 86 149 126 103 139 116 106 148 161 115 151 128 118 160 89 150 163 97 162 170 174 175 180 181 185
125 126 87 129 101 104 161 138 107 151 88 128 141 121 105 150 163 153 130 115 96 99 155 110 113 86 116 97 154 131 167 144 134 98 166 133 146 136 108 89 145 158 122 135 109 157 123 147 160 137 159 103 171 172 176 177 182 183
126 127 106 109 112 159 123 124 162 139 161 138 103 151 128 90 101 107 153 88 130 118 91 121 105 119 155 164 96 131 167 134 86 116 97 166 100 133 146 136 145 158 135 148 157 89 111 147 95 150 171 172 176 177 182 183
85 90 155 145 158 135 89 92 134 124 137 127 159 149 139 116 106 148 161 115 151 105 118 95 108 160 150 163 153 130 107 97 162 129 119 96 109 86 164 141 154 131 144 121 98 111 88 156 133 110 146 123 113 170 174 175 179 180 184 185
90 158 88 135 112 115 92 157 147 160 104 159 162 139 116 86 96 161 138 151 105 141 118 95 108 150 163 153 107 120 110 89 152 142 119 155 109 122 154 167 144 121 134 124 101 91 166 146 123 87 100 113 103 170 174 175 179 180 185
91 133 123 100 113 103 168 135 148 87 115 92 157 88 137 150 104 159 149 129 106 96 161 138 151 128 141 118 95 98 163 153 130 107 120 110 152 142 119 155 109 122 164 154 167 144 121 124 166 156 170 174 175 180 181 185
133 121 124 105 119 142 115 96 99 129 144 134 113 116 127 100 130 156 146 136 131 168 145 135 148 138 108 89 111 92 122 95 150 106 109 112 123 159 162 161 151 87 141 120 101 104 163 88 172 173 177 178 182 183
96 99 92 164 154 131 144 121 98 134 111 101 156 113 155 168 145 122 158 135 112 115 167 88 157 147 124 137 104 159 136 149 148 138 151 86 108 163 153 107 120 97 162 152 142 119 170 175 176 180 181 185
99 86 154 131 167 97 144 121 111 101 98 156 100 113 168 145 158 135 89 112 148 92 157 147 124 160 127 104 149 162 139 116 106 87 161 151 105 141 118 88 150 163 153 120 110 119 155 170 175 176 180 181 185
153 144 136 98 150 158 108 110 111 141 92 106 109 159 112 145 161 164 103 89 120 101 163 134 137 88 118 148 121 105 135 138 154 167 115 166 116 156 146 97 127 149 100 130 173 174 178 179 183 184
106 149 92 139 95 138 151 118 108 150 103 107 87 101 162 104 142 119 88 105 164 141 154 131 134 111 166 110 146 113 86 155 97 168 100 122 158 135 112 98 167 157 137 127 89 170 171 175 176 180 181
149 109 139 112 152 142 145 155 167 157 120 101 166 104 134 107 137 121 124 105 135 158 119 115 160 150 129 110 113 86 116 146 97 159 130 162 136 161 131 164 89 111 141 92 122 95 173 174 178 179 183 184
127 152 142 103 164 87 154 89 131 120 101 134 88 166 121 124 119 145 158 135 167 110 157 113 147 160 86 137 97 159 136 98 139 148 161 138 151 128 141 108 111 122 150 163 109 130 112 123 171 172 176 177 182 183
118 123 155 168 145 158 111 95 112 147 124 160 137 136 103 129 87 101 161 104 138 151 107 141 105 150 120 162 152 115 142 119 122 110 113 86 164 97 154 167 100 121 134 166 146 171 172 176 177 181 182
123 121 159 136 138 151 128 115 141 150 163 130 162 98 152 129 142 164 154 131 167 108 144 89 111 92 122 156 112 146 155 168 145 158 135 148 103 157 120 101 147 124 160 137 104 171 172 176 177 182 183
158 159 120 162 101 104 134 88 121 161 151 135 157 138 152 163 115 110 113 146 97 130 164 144 136 98 150 166 108 89 111 92 122 155 168 139 112 156 160 173 174 178 179 184 185
159 160 109 139 145 156 162 87 161 120 164 101 134 107 137 121 163 124 154 105 135 136 119 152 129 110 167 97 100 130 166 144 147 150 131 168 108 89 92 95 155 173 174 178 179 184 185
124 166 156 103 87 120 135 148 138 86 116 100 147 160 105 137 150 119 139 152 115 129 110 111 161 113 151 95 128 97 141 163 98 130 142 155 108 89 92 109 157 171 172 176 177 182 183
166 105 135 136 138 119 115 129 110 113 86 167 116 97 100 130 160 144 168 108 92 122 95 155 128 109 139 161 142 145 157 103 120 101 107 137 88 121 151 174 175 179 180 184 185
95 139 116 129 161 138 92 141 108 98 150 130 107 120 110 142 155 122 87 164 154 131 144 121 134 88 111 101 156 146 100 136 113 103 168 135 148 115 86 147 160 137 104 162 170 174 175 180 181 185
139 109 151 141 103 87 163 120 101 104 134 107 137 88 162 105 135 138 119 154 144 129 110 156 113 86 116 97 100 168 145 136 98 148 131 157 108 89 111 122 172 173 177 178 183 184
87 135 112 115 157 147 160 104 136 148 138 151 128 105 108 162 152 129 142 119 109 122 89 164 154 131 167 144 121 98 134 111 88 156 110 146 100 113 103 168 170 174 175 179 180 185
135 120 156 101 104 136 88 168 145 105 119 157 115 113 86 162 97 100 98 138 151 131 163 108 89 111 92 128 109 142 164 154 172 173 177 178 182 183
88 100 155 145 112 148 115 157 86 147 160 136 116 129 161 138 128 105 141 108 150 163 130 110 162 152 142 119 122 131 144 121 98 111 101 146 170 174 175 179 180 185
100 110 152 119 109 164 154 131 167 144 121 134 101 113 103 168 98 112 148 147 160 137 89 104 92 116 138 151 128 141 108 150 163 130 107 120 170 175 176 180 181 185
160 103 120 104 167 137 148 151 154 157 138 119 152 115 113 86 116 146 97 144 136 147 98 150 131 162 108 161 110 111 122 155 109 142 163 156 173 174 179 180 184 185
151 156 89 111 141 92 122 128 109 142 145 157 103 120 101 134 107 137 121 138 119 110 152 155 86 130 164 144 136 167 147 150 131 173 174 178 179 183 184
156 105 152 161 129 110 113 86 116 146 97 130 163 144 136 150 131 89 111 164 92 122 167 155 128 112 142 145 103 168 120 101 104 134 107 137 173 174 178 179 184 185
98 150 163 120 162 152 142 109 122 97 164 154 131 167 144 121 111 101 146 113 89 103 92 155 168 145 148 115 104 136 86 161 105 141 108 170 175 176 180 181 185
150 108 89 155 107 121 154 157 138 103 120 168 104 134 86 116 148 147 119 131 115 162 110 111 146 161 128 130 145 173 174 178 179 183 184
163 147 108 122 164 167 155 128 109 161 112 142 162 103 168 120 134 107 137 148 105 157 138 152 129 110 113 86 116 146 130 136 173 174 179 180 184 185
109 116 86 128 141 130 108 89 92 152 142 119 155 122 164 154 167 111 103 136 113 104 168 145 112 148 105 115 147 137 170 171 175 176 181 182
101 155 145 122 115 167 157 147 137 104 86 97 103 116 148 161 138 128 108 130 120 162 129 119 164 141 121 111 146 170 171 175 176 180 181 185
155 162 116 148 130 161 144 131 141 112 142 145 108 120 92 104 107 168 137 121 154 105 138 119 157 103 115 129 173 174 178 179 184 185
120 168 145 148 111 92 162 129 112 161 128 141 104 107 152 142 105 119 164 154 144 121 134 115 146 86 97 171 172 176 177 181 182
168 104 134 107 137 167 148 105 157 138 119 129 113 86 146 97 130 136 147 131 164 111 141 92 122 128 112 142 145 162 103 174 175 179 180 184 185
121 146 115 86 116 147 162 129 111 92 161 138 128 112 103 152 142 122 104 164 107 131 167 144 134 105 171 172 176 177 181 182
146 152 119 164 154 167 110 113 86 116 97 130 144 136 148 131 157 147 111 141 92 122 128 162 142 103 107 137 172 173 178 179 183 184
110 164 141 154 131 144 97 145 112 157 134 147 137 108 89 92 136 116 107 148 105 161 115 162 86 129 142 170 171 175 176 181 182
92 148 161 138 128 105 141 107 97 162 152 129 142 122 131 167 86 144 134 111 113 112 115 147 137 104 136 170 174 175 180 181 185
103 115 147 137 104 136 116 129 161 86 128 141 130 107 162 119 122 164 97 154 167 134 111 145 112 170 171 175 176 180 181
115 164 154 131 89 144 134 105 136 145 148 157 113 137 97 162 116 161 141 108 111 112 119 122 170 171 176 177 181 182
144 162 152 129 113 86 116 97 130 164 154 131 108 141 122 128 112 142 157 147 104 134 107 137 119 172 173 178 179 183 184
162 128 142 145 108 89 164 122 107 137 105 157 138 104 116 148 130 136 147 129 113 173 174 179 180 184 185
152 97 130 145 147 131 108 89 111 122 157 128 112 142 161 104 134 107 137 148 136 138 164 154 167 173 174 178 179 183 184
113 142 122 164 131 167 145 148 157 108 89 136 116 129 112 161 138 128 141 130 104 170 171 176 177 181 182
130 142 108 111 134 128 112 136 145 148 157 147 104 137 107 105 138 141 129 116 97 171 172 177 178 182 183
116 142 112 122 164 154 167 134 136 104 107 145 148 105 147 137 97 129 161 128 141 89 170 171 176 177 181 182
112 129 161 105 128 141 131 86 119 97 154 157 134 108 89 136 111 107 148 138 147 170 171 176 177 181 182
147 134 137 154 167 119 129 86 148 97 157 136 89 141 122 128 142 145 172 173 178 179 183 184
105 89 145 148 157 137 129 86 161 138 128 141 107 119 97 122 164 154 131 167 134 111 170 171 175 176 180 181
136 119 145 154 167 134 86 131 148 138 111 137 97 128 161 164 108 89 107 172 173 177 178 182 183
145 104 134 107 137 138 119 129 86 154 167 108 89 122 128 142 148 172 173 178 179 183 184
129 97 128 164 154 131 167 134 89 122 104 148 107 157 137 119 141 108 142 111 171 172 177 178 182 183
142 97 108 111 128 164 154 167 157 104 134 107 137 138 172 173 177 178 183 184
128 89 122 161 141 131 104 107 154 167 157 119 86 97 137 171 172 177 178 182 183
164 86 161 108 89 111 141 122 154 157 138 104 107 137 148 119 173 174 179 180 184 185
97 119 154 131 134 89 157 148 161 138 108 107 170 175 176 180 181 185
89 148 161 138 86 107 119 141 154 131 108 111 122 167 157 137 104 170 174 175 179 180 185
148 122 104 138 161 131 111 141 167 172 173 178 179 183 184
108 161 138 141 122 154 131 167 111 104 107 157 137 170 171 175 176 181 182
161 111 141 122 104 134 107 154 157 167 119 173 174 179 180 184 185
122 86 154 134 107 167 157 171 172 176 177 181 182
119 86 111 141 104 107 154 131 167 134 171 172 176 177 181 182
154 86 131 141 104 167 157 138 173 174 178 179 183 184
104 157 138 141 86 131 134 111 170 171 175 176 180 181
138 111 107 134 137 86 157 172 173 177 178 182 183
86 167 111 137 141 131 107 170 174 175 179 180 185
134 157 131 111 167 107 172 173 177 178 182 183
131 111 107 137 141 171 172 177 178 182 183
111 141 157 107 170 171 175 176 181 182
157 173 174 178 179 184 185
141 167 107 137 172 173 177 178 183 184
107 137 167 170 171 175 176 181 182
137 167 172 173 177 178 182 183
167 174 175 179 180 184 185
170
171
172
173
174
175
176
177
178
179
180
181
182
183
184
185
