#/usr/local/lib/python3.10/dist-packages/colab_kernel_launcher.py -f /root/.local/share/jupyter/runtime/kernel-dea7114a-48f2-47cd-9840-9590734c419b.json
# GMT Thu May 23 18:29:45 2024
# 
53 160 98 87 3 142 155 48 89 1 31 12 137 40 21 126 143 49 119 121 134 189 28 9 136 43 178 70 59 114 37 63 16 120 188 20 177 179 29 181 157 172 93 8 161 95 150 165 36 17 88 101 30 145 92 394 395
160 113 169 2 117 17 145 26 56 139 166 99 50 152 133 14 63 48 78 142 194 12 121 187 36 115 189 149 130 30 0 64 79 182 184 24 77 175 188 7 22 116 179 16 1 80 170 114 148 159 10 134 157 4 402 403
139 163 101 3 63 165 154 80 12 46 125 171 129 162 34 136 144 117 28 51 81 32 62 26 37 192 90 16 143 185 39 69 50 133 14 29 112 180 182 186 6 100 190 11 0 179 64 98 79 170 43 126 58 174 400 401
163 16 172 50 174 152 44 127 167 23 76 27 106 38 121 115 17 100 15 75 162 58 88 192 101 63 135 86 116 1 42 65 144 189 148 159 89 104 193 157 68 151 132 47 28 9 51 32 177 145 166 56 168 181 402 403
56 165 167 88 79 21 55 81 85 153 76 78 133 67 188 135 69 22 33 84 1 12 75 185 119 66 134 123 191 4 114 127 169 61 47 51 107 13 162 11 7 177 37 111 41 113 35 157 170 91 150 48 29 395 396
165 7 192 60 90 41 143 124 154 5 16 39 152 48 191 180 106 184 2 85 175 149 30 75 128 79 181 185 156 22 33 176 67 80 61 12 42 114 129 25 159 70 19 49 72 102 34 47 51 13 92 26 402 403
97 166 179 113 71 181 102 16 170 183 119 161 25 176 78 112 154 4 156 87 103 171 91 2 85 162 98 153 15 157 73 24 146 77 18 82 86 141 12 46 145 180 193 0 114 182 83 34 184 118 131 47 32 13 111 397 398
166 78 29 173 23 76 57 87 151 121 2 136 66 100 11 158 143 24 77 122 152 22 52 3 63 161 191 65 193 140 10 70 188 83 190 147 28 162 156 26 7 141 37 90 176 16 178 69 99 50 103 148 402 403
129 155 70 55 36 115 157 159 0 135 34 137 150 28 13 77 88 143 7 145 101 116 67 1 31 193 195 25 93 23 177 190 72 102 83 113 51 30 75 105 154 122 18 84 33 108 149 162 42 76 57 140 142 400 401
155 93 123 134 173 23 138 175 188 68 72 83 113 179 2 168 66 170 30 11 69 167 133 3 63 61 76 110 91 6 100 19 49 34 147 98 128 109 194 77 37 135 146 16 80 50 193 65 144 95 125 182 14 402 403
2 50 171 184 118 107 41 162 177 113 34 91 104 148 40 95 29 31 20 90 79 134 26 28 70 83 151 6 76 10 23 186 78 146 67 188 14 71 73 62 117 185 11 108 176 44 125 46 182 103 392 405
50 159 51 172 106 161 150 84 152 15 92 18 94 96 151 193 1 31 142 65 78 133 40 135 69 0 181 128 75 121 134 55 68 189 26 178 125 59 180 35 182 171 63 118 52 54 98 23 102 394 395
7 86 3 156 90 145 1 26 147 81 15 17 138 151 72 87 142 0 65 146 67 80 14 69 137 115 75 117 64 132 108 55 176 191 46 167 180 114 169 182 103 162 96 98 32 34 157 91 40 150 392 405
6 169 182 116 63 105 52 65 162 175 43 111 179 34 168 181 115 36 170 106 161 29 86 101 143 24 145 158 92 147 39 140 87 142 10 91 12 133 25 14 82 128 20 141 130 187 123 178 180 193 114 127 392 405
169 66 51 30 60 90 143 124 105 54 39 103 189 22 3 82 161 31 61 12 184 110 91 70 85 177 190 194 83 158 28 9 32 174 77 107 137 178 116 5 16 171 20 14 29 93 104 138 38 136 117 403 404
4 96 0 111 34 36 25 159 40 82 95 150 31 152 33 22 35 92 134 28 72 19 76 131 65 120 133 14 16 58 113 126 60 181 115 49 183 174 66 187 42 189 46 59 103 116 171 39 41 162 54 175 392 405
96 99 72 103 17 32 62 11 60 90 41 153 142 35 39 69 133 148 190 137 76 57 130 185 121 85 189 178 30 125 138 94 45 75 171 9 73 58 88 100 168 181 16 31 117 106 25 174 108 59 93 23 397 398
124 161 67 112 176 31 46 167 110 91 121 55 171 100 83 164 79 43 32 107 71 86 192 194 65 95 128 141 14 44 130 25 78 145 104 23 57 125 66 51 186 15 188 75 60 105 179 39 181 122 170 103 63 399 400
161 177 5 192 20 148 170 183 29 106 38 140 55 85 100 11 94 164 43 73 24 88 122 152 135 86 114 46 194 40 21 93 104 19 49 0 189 132 191 147 117 195 51 32 13 92 26 120 402 403
99 37 41 174 108 35 110 69 20 154 14 158 29 23 38 91 55 11 146 45 75 190 137 192 73 128 88 130 143 63 119 121 134 176 65 46 180 182 89 21 93 120 34 177 28 9 168 181 51 62 92 170 398 399
16 106 40 95 1 152 154 77 90 24 134 0 72 87 13 21 76 58 179 60 115 75 117 130 172 64 185 119 132 108 59 105 39 173 41 54 177 153 45 113 47 168 25 38 392 393
106 175 39 20 103 179 170 172 27 57 174 91 112 30 156 64 145 79 54 88 18 153 101 157 61 12 135 95 137 40 126 194 93 128 130 68 72 102 121 178 191 13 127 90 41 184 186 5 398 399
171 194 115 51 30 64 94 75 189 109 154 54 118 58 52 186 86 190 10 89 185 19 0 174 34 176 178 47 111 77 107 26 120 135 39 25 159 48 127 78 59 93 27 8 72 151 91 403 404
48 58 179 17 100 15 51 174 95 154 101 92 12 81 162 138 151 40 76 131 0 91 34 135 69 190 82 47 9 137 126 73 194 128 62 183 41 132 66 5 68 20 136 57 112 29 116 118 38 164 394 395
58 75 130 185 119 132 79 134 68 123 136 112 125 55 180 61 182 184 45 118 173 34 120 188 164 177 13 22 108 110 29 90 158 94 149 142 131 41 146 80 5 35 135 54 20 192 126 3 395 396
18 115 3 117 174 66 121 176 110 57 46 59 61 162 54 109 98 32 45 100 36 157 49 91 38 172 150 42 84 141 101 24 145 37 26 8 30 72 85 74 142 146 188 122 135 9 69 82 137 73 194 392 393
115 84 182 195 3 33 108 112 120 122 164 110 85 66 172 64 94 45 176 109 54 13 88 37 145 101 147 67 1 31 114 46 140 10 74 72 137 150 62 60 41 189 123 105 191 125 399 400
78 113 168 70 21 49 110 47 28 9 167 51 156 90 147 41 94 5 35 138 85 69 153 142 14 25 146 23 135 82 27 8 128 141 36 66 119 121 136 125 54 127 182 77 188 1 42 396 397
179 127 29 112 12 57 140 170 188 36 168 119 128 158 162 43 156 137 52 3 135 86 116 150 95 46 125 10 89 93 123 38 102 83 113 17 32 26 41 71 143 173 39 103 33 403 404
69 117 172 93 1 61 42 46 21 154 101 90 103 105 147 151 74 37 142 76 60 144 146 82 44 25 143 185 132 123 178 70 36 66 127 30 195 45 173 109 100 181 3 102 395 396
117 147 84 82 108 151 164 31 61 12 142 46 157 91 133 100 137 192 19 109 130 9 132 62 13 77 121 123 136 52 20 184 175 188 59 93 74 190 183 172 36 81 45 60 105 399 400
113 149 76 8 87 38 195 91 144 100 135 11 15 109 9 54 134 22 3 189 136 80 42 65 95 118 89 70 122 164 72 83 168 51 81 111 159 13 92 37 60 90 105 145 44 399 400
90 176 37 156 60 71 103 105 94 84 142 76 146 8 148 141 183 143 15 75 119 187 43 54 136 88 3 63 195 116 1 80 61 120 175 164 89 40 102 170 174 95 397 398
176 120 109 143 105 43 54 122 22 33 67 112 142 31 61 42 21 55 85 130 19 49 147 158 32 150 80 114 194 14 148 44 138 57 132 193 36 66 51 184 11 175 94 75 403 404
131 177 110 190 91 10 89 40 21 55 85 181 104 119 19 0 172 185 34 47 92 126 107 26 41 71 20 95 84 25 29 108 123 23 146 8 87 38 150 66 111 141 143 187 43 136 193 3 82 76 188 400 401
177 38 191 91 121 193 195 36 184 30 11 45 188 79 24 33 80 178 144 95 180 148 159 89 40 70 93 74 68 132 83 34 81 32 62 92 41 173 35 20 122 133 44 167 403 404
43 64 132 8 134 68 136 57 180 127 61 63 105 173 54 122 164 157 49 104 159 172 93 1 21 46 167 103 92 149 9 151 32 74 87 89 91 146 82 137 71 192 25 60 73 62 394 395
64 24 72 184 65 107 61 12 42 10 40 21 100 170 19 159 93 174 108 9 154 26 145 147 149 162 20 44 140 153 74 76 89 146 67 135 137 192 84 194 86 128 185 119 187 121 134 395 396
29 170 20 104 159 44 23 33 88 156 158 92 136 11 83 153 195 87 142 146 80 135 22 194 183 66 68 123 57 70 191 125 19 46 59 127 116 118 39 52 173 41 393 394
1 67 190 192 84 60 141 62 77 132 187 13 189 57 70 193 184 65 162 54 98 168 102 104 95 110 31 152 33 88 101 103 79 26 147 81 28 85 140 142 76 25 392 405
67 192 84 73 141 10 183 187 134 68 136 125 47 180 193 114 32 182 116 26 118 37 162 175 109 111 20 65 172 95 108 8 38 152 167 17 103 11 15 85 39 144 3 63 80 395 396
182 183 149 11 158 109 33 63 146 180 31 46 159 89 70 21 68 19 151 102 132 47 9 111 164 145 26 37 71 143 173 105 35 191 152 14 25 184 108 76 27 57 404 405
17 184 105 39 52 173 109 164 100 34 91 38 42 84 14 152 20 141 33 154 145 158 26 193 11 195 87 142 15 76 23 188 80 122 135 82 71 126 181 128 119 187 121 189 178 191 59 392 393
36 61 184 120 41 162 109 98 45 49 40 95 150 154 88 143 156 79 81 138 31 151 74 144 80 82 34 126 181 141 75 13 26 66 134 189 191 112 125 180 20 114 127 393 394
61 80 15 126 73 128 130 77 132 134 68 22 123 178 180 31 63 184 186 40 21 109 34 104 47 9 95 108 150 152 60 5 143 103 145 79 44 81 138 38 142 395 396
127 170 98 73 54 126 107 152 52 82 86 147 114 149 162 164 153 123 104 83 133 28 137 51 81 111 62 26 130 5 187 20 122 103 44 59 195 42 76 27 186 175 21 55 400 401
66 105 107 52 122 164 111 102 159 93 40 152 86 156 103 9 92 32 83 138 60 74 195 5 39 20 25 80 148 71 23 126 27 183 77 121 134 30 45 193 395 396
57 120 45 98 100 102 172 31 12 156 10 40 145 79 92 81 149 162 85 153 47 87 32 13 80 135 5 35 71 84 60 128 130 134 189 27 70 180 55 116 173 186 395 396
120 38 154 85 156 158 30 0 15 149 79 138 73 24 140 116 135 148 12 137 126 128 74 104 121 72 123 47 81 111 195 60 41 71 122 35 39 20 181 84 44 108 59 172 399 400
184 55 119 183 147 181 24 156 52 33 146 80 31 95 46 125 178 25 89 40 93 19 34 136 187 28 51 37 193 195 154 5 188 133 14 190 59 38 140 404 405
91 118 65 14 44 188 68 168 38 102 51 32 62 45 167 101 94 153 31 46 133 10 40 21 55 135 19 49 79 130 185 13 37 71 195 5 397 398
118 174 11 158 54 147 101 33 116 140 31 42 157 114 10 93 74 192 49 194 128 72 102 143 132 187 32 13 189 136 26 37 41 195 35 20 173 186 103 175 188 126 76 38 170 399 400
110 75 60 186 39 168 181 12 42 121 112 167 100 49 94 34 109 149 162 77 88 142 157 86 135 20 137 150 95 152 89 128 74 104 130 143 132 68 83 189 191 180 193 32 62 398 399
75 22 114 103 116 12 25 40 70 21 74 168 102 104 93 148 28 51 13 101 143 5 92 94 44 138 151 195 89 144 27 128 15 183 77 119 174 187 9 396 397
154 174 71 167 35 133 142 164 76 38 151 140 157 159 119 143 73 54 107 52 33 63 191 86 146 31 114 46 186 93 123 74 138 68 49 0 102 132 170 51 13 402 403
174 5 133 175 188 190 42 183 170 185 40 21 187 85 149 130 94 98 28 73 156 107 141 116 80 95 148 59 172 104 23 138 102 132 83 136 51 32 30 60 403 404
52 126 141 183 77 119 132 15 123 70 180 72 193 114 24 173 54 175 12 46 181 102 170 40 159 172 19 0 150 152 156 103 79 147 94 162 138 35 74 25 133 146 38 394 395
126 130 132 145 80 134 65 95 46 10 193 34 9 32 92 168 181 170 71 185 5 20 84 167 108 158 23 27 149 162 151 164 55 85 100 30 15 94 146 148 400 401
190 112 76 125 89 40 74 68 19 83 158 47 162 9 141 71 105 114 144 14 44 25 108 59 93 172 157 27 8 100 130 145 175 54 88 122 103 133 101 3 82 116 404 405
24 13 121 134 70 112 180 186 41 54 23 34 157 170 51 93 95 150 42 11 86 101 35 156 158 136 3 83 138 72 195 89 144 25 10 21 122 135 19 0 73 128 130 392 393
84 172 152 10 158 8 38 105 147 149 47 151 81 62 98 15 45 71 135 54 39 3 141 130 143 40 21 55 125 195 116 19 34 173 175 13 111 77 37 168 397 398
45 123 70 191 59 114 27 38 107 109 11 98 102 157 49 93 22 150 33 31 103 147 94 151 72 140 87 76 89 146 80 148 37 192 181 194 35 39 44 25 134 394 395
123 153 98 109 142 157 63 116 152 42 145 40 104 136 191 138 49 72 102 9 81 111 133 62 13 60 41 105 5 172 122 44 59 178 23 38 158 55 164 399 400
149 180 102 195 32 13 60 41 20 44 25 112 142 178 76 27 87 140 119 153 128 107 159 141 101 3 63 116 146 152 12 114 46 148 21 189 191 68 19 0 401 402
180 128 158 173 77 107 101 167 146 114 46 159 10 93 74 153 104 188 0 72 151 147 62 92 41 71 39 14 148 25 142 157 87 38 170 55 403 404
168 193 167 186 76 8 188 140 121 130 170 172 185 98 128 158 162 73 178 137 101 82 33 135 116 31 144 159 89 21 104 138 151 47 111 62 26 60 35 133 403 404
193 130 94 34 192 9 77 137 101 86 116 114 65 46 44 93 172 153 23 157 83 111 92 41 173 105 54 39 186 108 112 189 140 170 121 85 404 405
38 109 111 100 89 108 30 88 143 147 94 136 142 186 146 122 137 194 0 34 121 9 189 32 13 191 125 26 114 116 105 393 394
98 134 136 68 72 81 30 188 15 60 111 54 183 159 12 42 27 112 156 21 85 105 107 79 47 28 9 142 92 144 26 37 135 71 152 65 89 132 187 398 399
134 128 107 22 135 192 31 194 185 25 89 40 70 187 74 189 19 34 51 81 105 5 20 157 122 108 12 42 27 87 85 130 94 400 401
10 21 144 14 82 192 62 185 77 132 68 189 178 70 191 112 59 63 41 162 122 111 34 47 157 49 104 159 172 27 33 167 158 79 92 3 39 30 392 405
21 142 23 144 65 186 80 71 192 9 181 130 172 132 108 14 116 39 32 153 47 157 170 15 148 42 33 35 77 3 83 151 392 393
101 11 141 132 189 136 14 27 8 175 109 122 0 15 104 79 3 156 145 158 147 31 46 164 140 153 93 144 68 49 146 83 34 150 51 398 399
31 80 135 137 62 77 119 132 68 125 59 114 41 162 54 164 172 42 167 143 156 103 37 92 136 0 138 153 74 195 142 393 394
80 82 143 121 9 51 32 13 195 173 35 109 20 14 100 181 102 183 104 8 95 156 15 105 81 94 77 142 3 63 89 157 396 397
3 194 183 119 121 55 112 59 103 116 173 175 111 157 104 27 86 20 22 77 145 158 26 28 70 83 72 85 74 195 87 144 392 405
112 79 181 170 183 119 82 156 158 70 55 162 74 100 68 9 62 92 107 148 137 41 71 86 105 5 35 132 125 27 8 195 116 173 186 175 122 399 400
5 27 108 42 33 167 88 158 26 147 39 19 140 32 195 89 133 194 62 183 77 11 121 13 68 191 125 46 63 173 186 175 109 47 157 104 392 405
27 41 109 122 14 47 49 108 152 44 33 88 37 92 39 81 94 138 74 87 142 89 146 12 137 141 62 185 187 55 9 178 191 13 72 392 393
195 183 34 128 158 28 92 141 114 14 178 108 59 153 187 8 72 136 164 109 173 105 54 122 167 63 191 142 140 170 40 404 405
128 82 136 178 86 114 65 95 125 40 70 74 181 83 183 62 92 105 35 20 44 108 151 164 153 8 144 133 192 79 88 400 401
12 188 192 183 108 55 191 46 59 116 173 162 54 175 109 164 111 100 157 25 93 40 22 143 37 92 26 81 83 85 142 76 186 392 405
188 46 55 85 100 79 162 32 13 22 71 135 116 20 65 14 44 159 89 108 172 157 138 185 189 51 11 175 60 143 152 186 404 405
86 137 37 192 71 20 187 59 178 138 8 72 173 175 81 109 122 30 111 60 181 104 108 156 42 46 158 147 40 55 49 87 144 28 146 32 77 397 398
137 42 65 93 19 49 72 34 173 186 28 92 181 60 71 35 122 14 25 108 156 87 151 164 140 130 30 94 73 54 192 400 401
70 9 194 185 77 187 121 189 178 125 23 103 68 116 49 8 164 60 41 157 159 35 20 95 150 44 33 88 158 72 85 30 396 397
47 145 158 147 81 138 85 140 153 142 76 133 11 71 192 130 119 68 59 46 40 186 19 122 0 111 102 157 170 37 152 35 103 394 395
145 28 62 156 77 107 141 144 25 159 23 148 138 150 72 102 194 55 130 15 94 79 109 191 82 175 76 46 89 74 19 178 401 402
183 191 22 63 186 170 19 185 147 156 26 37 35 20 114 178 25 153 23 87 151 102 136 85 111 100 30 15 94 79 173 54 189 404 405
191 192 79 158 181 9 73 54 88 141 82 33 116 146 144 159 172 74 104 102 185 81 164 35 39 122 152 167 140 30 404 405
65 146 148 71 49 141 130 143 37 138 173 107 14 44 164 111 100 23 8 170 159 95 62 30 26 60 88 156 158 153 74 42 89 144 395 396
49 83 140 153 142 89 122 135 194 0 62 185 187 68 167 22 33 63 107 162 109 40 100 170 34 95 32 26 77 158 92 35 394 395
83 0 94 34 85 28 87 51 133 141 25 23 136 8 178 125 30 175 79 100 102 157 170 22 63 159 108 150 88 92 147 396 397
130 88 22 95 46 125 89 40 93 152 62 92 37 162 151 140 14 144 133 135 87 141 132 94 187 136 54 400 401
194 22 116 144 95 148 68 151 28 111 62 13 26 37 35 39 133 25 167 108 59 76 170 55 119 30 11 147 79 109 192 156 107 88 404 405
28 37 158 94 136 151 72 85 153 74 146 192 51 185 55 68 46 103 15 105 39 109 164 100 170 104 93 108 141 143 156 0 393 394
158 13 178 60 71 105 35 175 152 133 59 170 167 15 147 73 162 82 153 138 0 185 187 402 403
0 151 72 19 74 144 186 181 73 62 108 189 44 125 59 105 175 109 30 111 104 148 150 141 33 77 92 26 136 392 405
63 15 121 68 111 46 100 102 159 172 19 95 141 51 32 13 88 11 26 138 85 14 142 76 59 186 135 82 71 192 395 396
104 140 142 76 8 192 85 30 11 119 15 73 114 116 22 175 111 157 72 150 32 13 92 26 37 147 41 39 398 399
140 173 138 19 9 51 81 32 13 172 133 14 25 59 162 76 87 151 100 15 152 73 22 187 147 42 46 125 89 40 401 402
153 157 151 81 111 62 185 143 105 35 152 103 44 23 8 87 186 175 119 15 172 107 88 37 33 156 144 148 164 401 402
142 138 72 9 62 26 167 60 71 164 59 148 15 185 33 135 116 173 186 175 401 402
37 13 11 147 94 87 186 133 122 8 71 172 119 187 108 189 9 46 114 33 25 89 19 148 393 394
116 150 79 33 186 114 40 74 68 102 34 51 81 32 13 35 20 162 151 108 76 8 399 400
150 114 95 148 44 25 108 59 74 187 23 87 136 51 60 133 22 82 42 178 46 121 55 119 100 162 62 92 107 26 141 401 402
14 102 93 42 20 88 22 143 35 156 79 30 32 87 89 23 144 133 122 8 121 178 107 54 175 392 393
102 23 76 87 144 148 11 15 73 187 77 121 33 42 95 175 122 19 181 159 119 81 32 26 41 398 399
41 143 81 151 87 33 82 73 40 119 132 55 189 178 125 59 9 32 26 35 111 100 172 93 393 394
51 33 94 162 42 87 146 71 143 77 132 187 79 136 178 25 40 122 111 170 32 11 167 394 395
30 46 114 105 39 173 107 122 159 93 40 95 35 8 136 15 89 148 192 60 73 185 187 55 68 393 394
46 11 133 26 192 60 73 141 33 121 189 107 109 122 147 23 76 394 395
100 114 173 109 85 111 81 79 172 88 152 156 147 162 74 19 133 146 135 62 141 132 189 398 399
94 125 92 173 107 109 164 39 44 172 23 95 8 87 156 103 138 9 73 144 146 192 89 119 68 19 397 398
60 87 144 148 82 71 62 185 77 187 121 25 136 178 72 186 107 111 181 54 39 108 395 396
40 144 82 71 181 55 11 59 107 162 157 95 108 44 19 88 103 393 394
157 164 59 138 159 8 151 132 136 111 82 42 55 172 9 62 77 107 141 135 146 402 403
164 138 151 132 173 55 11 79 109 88 122 22 82 33 76 125 74 119 32 192 20 185 187 25 59 402 403
13 156 87 76 23 144 133 181 73 121 55 11 167 114 173 25 148 95 152 141 33 392 405
156 92 187 122 152 44 25 59 181 170 119 167 77 82 33 173 42 144 125 93 151 402 403
11 167 59 54 89 93 95 42 141 22 79 136 138 72 19 122 8 192 181 62 121 189 44 392 405
71 42 92 136 138 72 87 144 62 148 26 82 181 185 121 125 105 55 173 175 111 33 396 397
92 103 62 147 151 39 144 133 25 135 192 55 105 107 172 74 152 167 397 398
159 114 144 23 8 185 85 187 15 109 143 73 54 88 173 186 22 125 89 147 9 32 105 35 402 403
172 152 103 76 121 15 109 9 73 54 22 33 175 192 95 89 72 136 62 35 403 404
8 162 54 109 148 108 152 44 20 143 147 81 138 19 89 144 82 119 187 189 178 59 114 103 392 405
162 132 189 81 105 122 103 192 170 34 107 141 22 146 35 68 402 403
167 181 26 105 35 122 133 178 121 119 15 34 79 109 88 189 95 125 25 89 59 74 23 175 81 62 402 403
103 170 81 62 35 105 151 146 135 9 141 73 143 185 82 121 189 133 68 111 398 399
170 186 87 181 55 178 107 135 42 114 144 125 89 192 136 9 403 404
175 87 121 147 73 54 107 22 82 135 146 95 74 132 34 26 185 59 23 178 403 404
138 19 32 77 107 192 35 39 185 187 59 178 23 72 132 85 81 79 73 74 400 401
55 173 54 109 122 108 88 9 76 39 148 44 141 143 119 189 59 15 394 395
54 132 121 107 141 88 34 9 32 72 76 89 146 20 82 25 394 395
173 136 109 107 88 144 74 19 189 81 111 39 20 44 59 76 87 403 404
59 93 152 85 146 192 73 62 185 35 114 109 395 396
186 85 187 34 109 181 82 135 114 148 25 89 23 68 72 151 189 143 105 152 33 108 87 404 405
22 73 62 187 189 20 72 114 105 107 122 111 93 95 42 39 151 85 87 146 135 148 82 392 393
73 132 33 42 105 19 72 111 26 95 108 152 88 44 74 144 135 148 192 141 396 397
132 151 82 42 114 135 125 93 74 141 68 143 44 25 87 85 152 109 400 401
87 74 109 111 19 181 152 39 89 185 77 121 33 136 397 398
147 189 9 32 35 20 133 44 185 178 15 79 33 146 42 148 144 89 401 402
189 109 82 93 187 68 136 32 26 105 39 20 133 119 404 405
114 15 109 192 152 107 88 42 122 105 44 151 76 85 399 400
135 42 152 125 93 9 81 111 181 133 76 144 148 400 401
181 42 121 85 77 107 185 26 82 146 89 93 81 15 143 403 404
109 125 79 77 95 89 32 144 35 192 398 399
192 125 68 34 9 26 141 44 178 151 185 119 15 404 405
33 20 178 125 105 108 42 44 143 35 81 76 32 393 394
19 133 25 146 62 187 68 178 105 39 107 95 44 20 88 77 79 392 393
88 143 185 119 178 125 39 105 93 108 79 144 68 34 81 32 397 398
133 74 119 68 81 62 23 141 121 85 187 136 122 82 42 400 401
146 89 187 178 111 62 122 152 15 9 141 82 42 401 402
42 185 68 89 82 77 34 72 85 76 394 395
74 76 144 34 148 143 77 121 178 125 44 72 15 151 396 397
26 9 136 185 77 119 121 105 107 152 392 393
93 20 144 143 187 15 76 108 34 9 105 107 35 397 398
143 35 20 95 151 23 136 81 39 122 82 9 401 402
108 35 77 141 25 187 121 178 125 34 398 399
81 105 62 151 144 20 44 23 141 187 107 122 119 95 396 397
20 44 79 82 141 77 187 122 111 392 393
39 44 85 148 62 185 77 187 79 68 35 122 23 393 394
144 72 9 111 62 25 15 125 401 402
151 136 35 122 76 85 15 79 77 141 185 401 402
95 148 185 121 85 111 89 72 9 397 398
35 76 148 15 119 178 393 394
62 148 82 141 32 119 395 396
23 111 34 25 148 152 141 77 79 136 85 187 125 107 392 393
111 76 79 82 185 72 34 9 398 399
136 9 125 25 141 68 72 122 400 401
122 121 178 105 399 400
15 125 9 105 34 72 82 119 187 68 392 393
125 82 34 32 152 44 76 85 119 399 400
105 76 68 119 79 398 399
89 148 44 79 152 397 398
82 178 68 34 32 396 397
107 185 85 178 119 152 32 77 25 148 398 399
185 72 44 178 187 85 79 404 405
141 25 76 121 85 401 402
68 85 148 77 119 187 121 44 395 396
85 72 34 79 119 397 398
72 34 44 79 178 396 397
152 121 79 187 119 9 77 401 402
44 148 9 119 178 394 395
34 121 148 79 393 394
9 392 405
76 32 396 397
121 77 32 399 400
178 77 119 25 403 404
119 32 148 79 399 400
77 148 396 397
79 25 187 396 397
148 32 187 401 402
187 25 404 405
32 393 394
25 392 393
291 353 201 342 212 280 322 337 379 326 272 198 332 374 387 310 226 378 241 367 380 275 382 303 316 371 269 214 218 377 313 197 238 302 261 361 308 363 352 299 354 301 343 345 334 228 347 258 288 294 336 222 252 256 340 397 398
353 325 304 319 349 219 200 355 204 198 313 202 277 226 207 211 290 305 339 314 254 284 318 329 248 259 378 323 380 302 371 242 285 351 388 270 330 215 196 279 309 343 258 209 273 363 252 203 365 282 342 301 369 265 402 403
332 354 356 324 275 360 209 288 322 273 222 248 278 340 282 312 263 355 212 216 246 321 210 390 270 200 204 234 198 228 391 292 271 320 314 295 318 280 293 244 327 357 223 302 253 372 287 317 361 374 202 311 315 326 400 401
354 277 288 374 292 378 391 301 201 382 265 295 371 375 244 225 308 223 302 204 283 355 306 317 370 351 361 345 326 241 365 324 275 367 356 239 269 220 358 333 360 218 229 276 257 208 344 206 217 388 319 328 309 402 403
230 343 225 334 347 281 325 202 384 276 207 320 333 254 269 271 220 260 315 328 383 317 372 319 253 266 363 310 365 257 312 367 259 314 235 206 358 294 215 241 309 245 366 289 304 222 280 240 350 339 352 273 286 233 210 393 394
343 313 277 307 209 322 378 222 337 286 237 265 329 388 364 377 244 225 338 204 234 370 359 317 361 251 213 376 315 226 207 290 241 305 250 347 303 349 248 199 238 306 336 325 348 285 236 266 217 270 334 298 401 402
202 244 301 382 303 316 307 296 298 232 302 223 370 359 363 352 286 299 341 233 275 356 211 279 292 226 228 349 204 338 285 340 287 329 265 320 212 333 388 324 216 379 199 313 205 326 273 207 262 330 387 323 392 405
244 375 309 364 207 311 289 302 357 346 220 293 306 361 352 286 341 356 279 347 294 236 272 215 274 224 388 228 322 390 379 271 273 315 383 201 264 216 387 308 255 323 312 325 248 369 316 384 318 373 320 394 395
293 362 309 298 379 300 302 357 370 280 361 295 219 363 352 253 365 251 281 347 349 211 269 329 331 218 248 199 229 282 390 227 208 339 328 341 317 330 385 289 374 215 378 249 279 380 205 247 258 384 292 203 233 397 398
362 323 274 367 308 234 287 198 281 232 262 207 211 324 305 239 220 254 284 278 263 385 257 238 387 310 321 389 306 325 378 285 236 270 384 373 243 377 247 277 307 292 252 381 237 372 201 235 246 363 280 210 344 221 402 403
237 238 359 295 198 350 297 286 299 275 277 290 279 347 270 391 235 285 274 229 386 227 267 256 269 337 326 260 381 196 251 385 319 321 242 310 209 325 246 382 316 305 307 375 216 311 221 366 287 368 302 304 346 393 394
238 265 386 231 333 235 216 322 335 390 311 324 258 379 326 368 381 249 370 372 308 255 365 378 246 314 211 303 358 371 205 307 214 366 199 289 278 337 286 288 200 334 268 389 281 323 391 209 327 203 261 394 395
347 369 358 245 328 360 313 224 258 288 341 222 201 231 212 348 235 265 216 329 383 385 219 200 283 389 306 251 311 315 296 207 269 250 303 333 379 337 368 199 229 312 310 363 206 236 217 367 319 401 402
369 366 317 198 311 213 315 226 360 241 324 275 339 239 220 250 273 284 218 297 229 361 263 208 310 261 321 325 355 266 349 300 245 268 358 307 209 222 252 233 391 301 201 235 265 373 280 375 221 323 272 302 403 404
286 359 228 308 222 233 297 341 235 210 255 338 329 342 204 262 322 390 381 383 239 319 387 284 214 218 278 378 380 197 227 242 305 373 320 236 296 377 298 366 264 215 196 313 355 368 289 370 224 397 398
359 366 379 320 350 368 295 246 318 348 280 240 323 274 225 255 327 308 253 351 345 326 290 322 273 303 337 297 259 261 340 242 321 344 325 387 289 300 389 391 298 313 205 247 228 258 222 233 364 377 256 402 403
198 246 250 294 228 241 296 309 243 364 300 221 355 357 346 227 229 284 297 231 352 222 279 281 338 261 382 274 208 263 384 331 199 320 201 322 324 260 328 249 304 251 385 253 308 321 363 323 257 392 405
246 247 368 207 297 214 290 218 199 391 208 325 272 327 340 274 342 206 217 278 320 388 335 269 324 258 379 271 326 224 205 273 330 264 385 233 374 266 376 365 216 259 314 316 250 225 318 360 311 394 395
235 313 368 236 370 304 226 207 341 288 279 199 281 349 283 338 351 223 329 331 265 386 322 335 390 282 271 326 315 205 251 264 266 203 233 376 367 259 197 216 371 210 318 219 364 298 366 234 393 394
313 199 229 259 304 263 349 208 272 206 266 311 331 346 260 290 324 326 328 254 317 252 374 387 334 231 378 325 310 221 384 225 318 200 364 243 262 315 247 228 292 361 271 352 365 220 250 399 400
279 356 264 215 196 358 268 277 285 340 252 256 267 386 265 324 210 240 381 255 317 200 253 374 321 376 365 378 380 314 207 260 241 275 360 269 296 309 311 366 259 302 197 227 261 236 266 352 396 397
356 309 365 243 367 277 228 252 360 335 320 265 295 318 214 299 329 240 274 225 388 390 208 287 315 260 290 241 389 305 378 205 382 333 248 386 331 312 342 197 310 242 221 285 236 349 300 330 219 374 402 403
320 357 257 374 242 306 215 358 294 205 340 252 282 346 231 212 335 216 330 223 253 204 283 387 268 298 334 376 378 213 247 207 329 211 241 301 220 250 265 377 295 366 379 280 218 248 399 400
357 386 201 314 265 364 299 379 368 338 200 204 361 351 365 213 367 226 207 271 275 339 284 337 218 297 229 259 282 342 257 325 266 289 330 383 196 328 243 205 378 228 307 380 341 292 233 335 371 384 402 403
251 257 378 391 312 380 250 296 364 298 366 242 206 217 348 308 196 284 249 299 243 224 277 228 233 294 351 272 274 287 276 331 278 346 322 219 337 258 271 204 273 315 262 383 330 247 374 268 323 394 395
257 213 263 278 226 280 211 377 337 258 379 273 317 248 199 376 208 312 380 314 303 206 217 371 373 375 196 309 364 249 300 243 247 209 304 348 256 363 201 212 275 345 225 334 268 349 285 340 395 396
323 375 364 377 196 294 275 250 254 199 365 263 227 208 221 360 285 266 349 319 270 351 264 268 298 249 329 342 344 243 228 307 288 292 203 341 231 334 274 225 255 234 306 287 317 262 400 401
221 351 364 366 300 355 289 302 223 346 215 204 229 350 231 213 275 330 264 277 224 266 270 327 340 274 316 329 252 333 208 258 368 260 217 372 306 240 321 363 297 220 367 314 199 305 228 241 392 393
351 225 255 382 309 213 277 307 288 366 379 292 381 211 256 335 339 301 250 314 299 365 259 253 283 317 217 281 345 326 294 324 388 224 273 333 203 337 383 267 312 201 231 376 391 210 344 402 403
272 316 236 266 217 309 264 196 298 243 302 228 252 297 352 231 265 216 288 301 277 290 255 360 219 234 274 329 289 331 213 278 333 226 280 390 282 211 324 337 339 273 269 250 385 376 391 327 261 396 397
316 253 283 234 306 232 311 352 341 196 211 305 334 220 336 303 340 218 199 259 263 331 344 386 197 390 324 326 383 245 385 319 243 209 378 288 391 380 222 252 382 360 265 364 210 355 308 219 399 400
225 241 298 234 247 368 302 210 344 236 304 280 200 350 223 339 273 207 226 268 391 325 285 327 220 342 263 384 318 218 333 390 337 258 326 249 385 374 321 259 380 205 360 252 307 393 394
241 374 308 219 200 242 376 204 301 314 213 358 305 226 373 307 239 287 220 300 247 368 280 350 227 196 336 270 325 205 261 228 276 278 233 322 335 390 216 328 249 383 317 385 394 395
288 297 247 233 256 391 265 327 280 240 384 386 333 388 322 223 204 281 262 213 319 271 321 376 312 220 382 371 318 373 263 307 375 309 276 227 364 311 261 242 366 300 302 264 249 397 398
297 322 207 292 337 222 233 339 201 387 321 376 325 380 314 223 303 283 234 305 281 226 211 300 290 355 275 315 370 361 248 365 263 212 227 360 206 336 289 331 386 333 346 388 277 398 399
274 242 296 377 206 370 245 348 361 282 295 224 205 299 341 203 256 267 290 212 336 283 210 219 331 386 388 379 262 207 383 260 372 319 387 308 239 310 367 371 384 373 208 307 396 397
232 365 259 248 250 371 219 305 318 252 373 294 204 366 226 302 236 346 220 284 339 352 233 275 218 292 334 270 285 217 340 342 331 265 386 377 269 390 205 258 228 209 381 273 315 222 319 253 374 231 308 321 393 394
365 213 277 301 314 265 214 385 229 308 227 380 217 384 311 330 296 326 260 275 379 368 209 383 352 303 222 267 331 282 201 216 310 289 300 334 264 223 253 234 268 403 404
306 314 327 271 220 265 364 311 366 223 253 283 236 352 196 294 360 269 209 284 248 340 282 355 201 231 197 276 261 242 348 240 255 289 300 339 264 234 334 262 228 258 336 378 207 292 398 399
314 315 311 213 296 271 350 275 305 367 254 358 229 312 336 338 276 242 342 206 236 270 300 215 245 326 381 228 317 222 203 201 380 295 382 210 304 219 322 223 234 399 400
378 311 379 364 290 271 294 275 220 254 248 229 361 276 208 321 206 236 334 298 249 243 224 205 209 203 256 339 212 265 389 299 210 240 304 255 234 336 287 404 405
309 219 349 302 234 329 384 344 207 386 260 290 271 335 294 275 205 254 248 229 372 263 312 236 382 270 371 373 215 311 366 228 258 209 370 203 301 350 339 352 295 299 240 399 400
280 298 366 300 289 276 216 261 210 348 282 350 234 301 290 213 247 336 349 287 342 201 344 265 333 322 324 379 339 328 208 262 310 215 371 239 360 254 296 203 218 278 397 398
298 338 283 234 329 344 226 335 271 294 275 326 381 269 250 341 330 374 321 282 376 389 276 325 382 206 285 371 384 289 270 307 375 245 377 379 368 228 209 233 361 201 398 399
375 304 338 253 336 287 311 262 326 226 260 211 379 305 205 239 269 352 303 284 233 248 342 197 340 344 206 289 245 328 224 247 277 258 388 207 371 252 335 267 350 231 295 385 348 387 229 403 404
318 324 302 283 317 281 315 296 226 363 376 260 209 303 284 360 203 282 263 212 310 206 333 300 264 204 249 383 330 247 277 319 321 391 325 380 301 382 295 371 384 299 386 259 399 400
324 278 325 206 266 384 300 386 205 277 307 258 322 370 292 372 233 256 267 350 265 367 360 336 349 223 283 338 340 281 344 315 296 333 346 290 335 269 220 381 400 401
367 360 341 271 269 214 299 218 248 278 229 259 382 263 342 384 227 373 261 321 388 236 315 215 196 372 374 243 273 337 256 267 201 340 210 240 304 255 334 253 204 283 287 403 404
260 319 259 325 327 303 371 242 215 196 368 243 205 247 350 363 203 233 299 341 201 212 345 358 292 270 285 342 223 253 234 344 386 267 388 335 213 379 271 326 381 264 385 395 396
319 290 336 349 294 275 250 254 214 218 248 388 263 197 242 341 206 285 266 289 387 334 264 376 243 258 371 292 373 233 256 267 299 240 255 219 223 302 253 204 287 281 399 400
364 389 363 327 308 219 382 223 302 371 317 262 388 296 226 360 366 358 239 269 374 303 333 214 218 278 282 276 208 321 349 268 247 277 209 301 201 212 299 329 403 404
253 307 254 218 289 370 304 348 361 295 350 363 275 245 358 292 338 228 209 285 327 340 287 342 263 322 216 256 337 240 326 328 262 372 374 234 255 213 261 395 396
239 381 328 223 317 330 385 308 321 389 207 301 248 384 252 214 243 218 245 368 227 208 348 242 215 358 292 224 334 228 349 338 222 203 263 201 212 331 344 386 216 210 337 258 271 326 394 395
381 220 254 284 248 327 208 372 261 321 266 330 268 249 328 307 222 252 233 335 389 376 295 299 329 344 384 240 374 304 390 302 204 287 311 262 326 226 371 211 271 294 275 404 405
322 259 326 328 308 341 276 261 266 391 300 327 215 196 384 294 228 307 209 377 292 301 370 363 255 223 234 360 340 355 220 250 346 335 284 214 337 350 400 401
315 376 336 254 299 382 373 208 302 379 217 270 300 370 245 196 372 294 374 352 228 258 203 345 265 216 240 340 304 333 346 234 268 335 326 296 328 330 305 399 400
376 345 360 207 211 305 269 254 348 218 278 363 259 385 282 361 263 346 276 208 310 242 355 285 217 289 196 377 228 341 222 256 267 301 240 368 338 219 311 403 404
213 380 294 307 228 285 300 355 201 223 344 346 216 350 218 231 273 220 341 204 330 290 391 325 259 261 342 263 265 199 269 390 197 208 249 304 372 385 206 255 392 393
327 287 317 388 266 281 366 264 245 249 243 224 361 228 258 252 312 231 345 349 338 255 355 283 268 348 390 350 211 383 275 330 385 284 214 389 336 229 308 197 384 400 401
391 311 296 264 379 224 258 333 386 203 361 312 212 346 310 261 321 304 270 219 283 390 207 341 292 271 265 254 284 214 348 248 382 363 372 366 206 266 217 404 405
271 248 229 310 263 380 208 371 266 307 270 200 215 300 304 247 228 258 348 350 339 201 212 290 345 210 389 340 223 342 384 276 377 196 326 383 396 397
290 389 247 258 312 325 203 233 303 371 201 366 300 355 302 370 283 287 295 299 345 358 292 294 269 220 284 214 278 259 329 263 386 208 390 206 200 245 397 398
350 370 335 267 231 216 338 219 200 204 283 317 355 226 388 275 339 220 250 273 383 214 218 346 227 206 285 289 270 373 334 264 196 377 366 368 277 258 402 403
370 301 220 295 199 229 363 259 338 287 366 217 262 275 224 273 352 203 361 263 342 231 212 197 216 340 240 285 255 204 243 247 277 307 258 360 207 341 252 403 404
311 240 312 199 255 223 302 377 217 281 262 226 196 294 233 278 345 358 310 242 349 206 219 200 215 331 249 333 307 292 252 317 387 216 389 399 400
283 371 200 196 268 366 247 228 209 289 267 295 363 212 216 299 334 223 285 287 281 262 386 388 220 250 214 372 385 229 374 308 389 310 197 276 312 380 397 398
197 276 265 386 278 212 333 256 390 203 337 326 273 207 264 385 308 255 325 303 358 305 294 377 366 247 289 223 236 341 233 222 211 224 345 215 336 228 217 338 208 342 392 405
276 227 289 242 346 236 217 282 270 326 328 249 205 247 258 380 256 305 265 360 240 296 377 300 219 355 204 234 308 363 352 301 275 277 273 214 229 263 342 396 397
301 361 211 220 295 284 259 263 340 227 331 344 287 217 388 281 379 245 275 383 330 209 308 201 216 384 261 210 285 289 200 366 223 204 355 268 398 399
254 258 379 273 328 262 275 330 374 325 215 261 371 305 224 209 296 377 368 302 227 242 240 284 352 219 200 341 234 277 292 247 270 285 287 329 344 265 388 199 395 396
258 339 299 218 275 334 281 242 206 287 215 267 205 337 222 256 201 231 266 387 261 305 223 377 300 211 346 220 395 396
304 201 295 299 355 368 346 361 223 234 287 345 196 211 336 205 269 250 273 214 233 229 333 335 390 379 326 300 245 321 310 312 247 228 360 373 267 398 399
345 389 328 224 205 382 307 209 341 292 222 373 335 377 216 240 255 372 338 200 234 296 207 211 349 305 220 250 214 248 346 388 263 348 390 340 242 325 236 300 264 401 402
389 326 294 373 305 377 224 388 333 386 337 218 278 282 361 261 344 325 206 349 219 334 264 328 277 207 222 252 256 267 201 231 384 348 299 329 199 223 262 404 405
263 267 390 206 379 383 317 249 224 312 325 373 212 216 210 348 282 284 299 341 277 220 336 285 218 248 199 229 287 386 395 396
234 216 292 373 294 200 245 204 282 337 284 211 275 334 229 270 338 261 217 267 335 269 390 196 262 383 387 222 203 310 299 393 394
220 262 209 387 321 382 250 371 373 294 219 348 361 229 352 273 341 199 270 208 340 261 342 384 206 278 335 377 392 393
386 261 366 266 387 264 379 243 228 352 256 267 231 295 210 344 240 355 255 383 302 328 247 207 211 275 305 269 214 299 218 248 282 404 405
227 201 335 379 210 273 249 383 330 264 374 266 223 204 255 312 259 226 358 250 371 360 296 245 300 355 247 199 284 341 215 292 268 281 336 349 224 205 340 393 394
379 284 387 214 348 329 259 208 384 317 285 228 352 303 333 222 361 201 355 268 247 277 341 256 335 339 269 385 404 405
287 210 371 384 285 255 200 296 249 300 368 277 226 222 348 211 214 259 360 336 340 236 217 339 269 330 387 334 231 212 325 397 398
199 214 335 269 207 328 249 374 308 242 358 250 292 252 243 245 289 302 344 361 282 231 352 233 222 277 334 226 268 349 338 206 331 267 392 405
214 212 262 363 312 259 380 250 292 252 366 368 348 210 295 216 284 339 341 275 204 277 334 281 217 285 342 384 331 205 278 390 392 393
264 334 281 205 250 338 218 329 265 278 333 337 326 217 328 275 330 215 308 268 243 312 303 305 307 201 296 216 302 223 363 341 211 395 396
266 325 224 267 377 337 326 383 242 330 206 310 312 245 380 249 303 243 371 247 373 296 256 300 231 348 259 255 363 208 292 268 349 226 396 397
325 296 342 355 215 331 346 294 388 209 326 328 248 330 385 216 270 300 329 384 377 292 211 372 250 363 265 338 400 401
335 259 374 208 352 321 360 200 249 328 243 277 222 388 348 231 212 295 383 329 385 219 336 302 204 262 384 305 269 303 284 400 401
284 339 252 233 328 383 256 317 385 231 321 219 360 373 281 262 355 211 346 269 295 259 282 358 294 349 206 196 249 333 243 397 398
289 210 255 346 268 390 337 328 383 226 317 256 275 321 250 218 278 371 373 206 285 217 368 270 215 374 209 203 303 358 292 397 398
317 382 269 371 303 248 285 363 352 215 245 196 268 249 205 307 336 252 256 201 212 265 331 210 255 200 326 223 204 387 296 207 399 400
215 334 336 217 219 278 203 267 337 201 212 210 374 387 308 242 204 312 259 380 303 250 300 223 240 282 295 208 273 233 392 393
259 390 262 383 374 308 380 303 307 296 348 295 337 228 339 273 330 210 240 255 382 329 342 223 204 267 395 396
336 249 377 247 277 228 209 366 222 233 295 363 310 299 352 255 308 200 302 360 349 281 262 340 342 275 333 339 218 387 208 242 401 402
387 205 269 303 248 342 310 261 242 344 374 349 330 268 224 247 209 207 371 233 339 390 201 216 348 299 329 382 363 255 308 204 217 404 405
242 222 331 344 388 256 326 328 249 330 385 208 217 248 382 196 250 305 205 245 203 233 348 282 216 219 349 338 340 394 395
222 295 229 339 352 341 334 212 228 340 210 329 200 388 326 372 310 380 261 303 250 360 307 208 247 236 346 392 393
295 203 233 355 368 302 201 219 223 349 207 331 275 346 282 330 372 385 208 308 217 312 270 382 373 243 224 377 398 399
282 346 388 267 212 328 330 385 219 310 312 268 382 262 373 226 207 307 211 366 250 218 229 363 236 358 349 338 342 273 397 398
346 348 310 321 270 200 223 247 382 211 305 373 339 269 377 248 278 229 361 236 330 326 196 243 349 273 303 203 355 401 402
326 273 382 355 196 372 247 277 358 231 240 255 308 342 302 204 281 337 328 374 400 401
196 281 219 252 212 333 377 269 390 203 245 205 308 233 250 307 228 366 342 223 236 218 339 273 341 330 211 392 405
201 240 363 339 275 349 285 384 210 333 256 377 262 383 372 200 308 312 380 371 296 392 405
228 231 278 267 388 262 330 385 308 255 268 226 382 224 377 355 236 229 393 394
231 203 240 363 299 268 281 349 270 285 261 342 331 278 207 273 249 330 218 255 312 206 217 252 373 296 245 247 368 393 394
349 334 243 307 209 388 252 339 265 385 348 255 338 302 226 366 269 250 233 218 278 321 285 401 402
339 273 372 252 203 337 361 374 267 363 331 310 285 268 262 307 292 390 250 385 299 217 245 294 368 205 401 402
268 303 360 338 224 285 218 248 333 212 390 337 210 383 275 277 312 382 226 207 371 384 305 307 366 372 352 236 396 397
303 341 383 269 382 305 248 229 366 261 355 368 372 348 361 308 363 224 247 277 358 360 338 265 216 331 219 398 399
212 344 236 278 361 337 229 206 218 273 334 226 329 331 265 390 368 262 321 310 233 292 360 294 243 366 355 392 393
344 310 261 340 355 206 285 270 300 330 348 390 385 247 256 382 216 371 384 299 329 229 388 308 217 296 374 245 224 333 312 401 402
203 216 218 341 211 334 270 217 206 208 384 210 278 333 256 249 372 308 363 310 380 200 371 292 305 285 300 392 405
216 223 236 299 204 226 217 219 384 390 273 328 374 321 312 206 358 305 373 205 243 366 392 393
360 363 219 226 207 305 208 302 385 270 294 243 384 352 333 252 256 390 366 265 340 210 355 402 403
363 252 366 250 262 296 294 358 333 248 331 383 310 321 210 355 236 249 243 247 307 402 403
236 285 265 388 200 262 330 372 374 211 310 312 380 250 305 373 296 208 300 348 361 352 205 277 233 334 393 394
277 299 205 281 294 285 342 240 328 262 247 211 310 275 312 269 250 382 373 218 300 261 396 397
368 265 348 299 329 302 204 366 390 281 262 383 211 275 269 380 278 229 384 342 300 330 200 245 374 247 307 209 403 404
233 210 338 261 342 384 388 256 269 217 328 372 240 312 380 248 358 305 294 302 393 394
296 312 219 200 380 382 262 307 366 275 308 218 278 299 261 206 217 270 338 340 249 252 330 265 321 398 399
219 373 217 200 300 361 337 229 341 226 285 261 388 377 269 330 205 321 218 380 358 392 393
312 262 207 337 211 269 273 218 261 371 377 243 224 205 292 299 210 255 200 223 331 399 400
355 240 308 338 200 223 226 211 305 218 278 373 377 217 372 245 361 249 243 358 267 331 402 403
265 372 352 341 292 334 285 329 333 388 210 390 262 226 211 371 377 229 395 396
204 358 305 373 307 302 348 218 209 211 224 200 384 210 388 377 249 383 308 321 380 248 392 405
358 243 307 226 341 292 371 373 348 208 223 372 206 245 294 224 209 252 337 331 310 261 340 321 390 270 402 403
240 348 361 352 208 275 223 334 270 211 340 261 382 329 278 267 337 328 206 308 200 380 248 305 373 207 394 395
373 302 262 380 211 250 352 218 248 278 208 340 200 245 243 371 256 267 329 255 403 404
247 299 292 331 333 262 383 385 255 248 382 250 371 243 302 372 394 395
207 255 310 305 243 285 342 361 229 273 275 334 281 338 208 331 267 377 328 392 405
255 361 337 352 341 275 270 245 342 278 328 372 374 308 200 380 223 305 395 396
348 256 331 352 281 226 218 229 342 383 321 285 217 380 249 205 273 377 337 401 402
262 294 366 361 245 352 341 275 334 342 278 388 383 385 374 395 396
328 273 218 208 310 331 333 270 337 200 249 334 256 380 384 366 372 281 226 352 400 401
366 200 250 333 337 229 361 310 261 206 205 209 385 403 404
371 226 294 333 229 331 390 208 270 330 382 341 384 299 329 210 403 404
374 273 333 278 321 270 330 380 249 382 224 307 209 352 252 256 308 338 200 403 404
273 383 248 385 310 206 377 243 372 299 217 226 278 333 388 224 396 397
329 217 270 361 245 249 243 307 338 310 390 302 341 281 383 385 334 382 384 218 278 377 400 401
269 229 372 261 217 377 209 256 352 299 292 281 338 340 342 390 337 396 397
334 243 252 388 337 310 383 223 380 281 292 211 377 218 372 321 206 217 400 401
388 361 372 321 285 245 377 267 331 299 308 200 211 305 250 390 404 405
382 224 209 337 248 278 310 321 300 249 292 252 267 210 372 223 302 404 405
229 383 330 372 299 200 250 292 243 206 281 270 338 224 209 267 393 394
361 267 390 308 217 226 275 250 337 278 321 270 300 200 245 209 341 402 403
206 285 208 384 331 333 256 209 308 305 245 302 352 341 392 405
285 340 245 224 252 321 210 384 217 226 294 261 397 398
278 390 330 200 245 209 305 294 267 352 205 250 342 384 396 397
390 342 385 330 224 205 341 252 267 308 226 275 250 404 405
267 208 299 275 217 245 249 338 243 342 333 377 210 200 380 226 305 307 250 396 397
208 331 383 372 385 321 352 341 211 224 340 261 342 392 405
331 337 341 270 300 330 385 245 307 292 252 256 372 352 281 338 340 342 400 401
217 384 377 383 210 248 292 211 352 275 392 393
340 342 270 249 224 205 385 252 299 210 338 226 305 352 333 337 248 401 402
342 330 383 249 384 299 372 352 305 205 333 401 402
256 308 341 281 294 338 243 205 330 210 310 200 380 384 305 307 211 300 395 396
299 252 338 245 205 341 248 330 385 261 249 398 399
245 261 384 383 372 218 310 380 248 292 252 224 209 352 341 394 395
252 281 270 338 248 385 321 243 261 209 305 307 300 302 395 396
200 294 300 223 337 281 333 249 321 310 392 405
294 321 249 380 305 307 377 223 352 275 243 338 337 261 383 270 398 399
372 338 302 330 249 205 333 383 385 223 292 211 403 404
292 249 341 243 338 223 226 224 209 300 397 398
302 307 210 377 281 308 226 341 333 270 249 224 398 399
380 226 377 250 352 218 310 261 321 300 307 308 338 404 405
305 211 307 300 243 224 209 210 398 399
310 333 275 248 383 270 384 205 209 223 338 399 400
308 248 281 337 261 307 399 400
300 333 383 385 321 307 261 249 224 205 398 399
377 281 384 383 210 226 250 403 404
211 321 209 243 223 224 270 330 385 392 393
321 218 261 249 205 209 210 399 400
275 249 218 338 383 396 397
338 249 243 224 210 223 281 333 401 402
337 261 270 249 223 281 205 209 401 402
281 243 224 210 223 226 250 218 383 330 385 270 397 398
205 209 224 384 385 248 226 392 405
209 224 270 384 210 385 307 392 405
210 341 224 261 307 392 393
223 249 248 392 393
243 270 226 383 385 248 394 395
249 383 218 394 395
341 352 383 250 248 401 402
352 385 333 218 270 402 403
226 224 333 393 394
218 385 224 392 393
330 250 248 261 307 400 401
333 383 261 400 401
248 383 261 250 224 394 395
384 270 385 404 405
250 307 270 261 394 395
261 395 396
307 224 398 399
385 270 224 404 405
383 404 405
270 396 397
224 393 394
392
393
394
395
396
397
398
399
400
401
402
403
404
405
