#/usr/local/lib/python3.10/dist-packages/colab_kernel_launcher.py -f /root/.local/share/jupyter/runtime/kernel-dea7114a-48f2-47cd-9840-9590734c419b.json
# GMT Thu May 23 17:51:02 2024
# 
13 88 78 55 32 68 110 123 90 158 112 102 92 46 59 157 81 71 61 159 18 7 70 40 161 138 30 118 85 75 160 52 29 140 84 51 64 41 54 31 129 0 76 141 33 121 98 336 337
88 98 163 130 120 23 110 26 7 37 152 165 43 109 122 76 87 38 60 71 77 111 58 146 19 22 82 145 36 66 148 39 69 72 34 86 124 160 137 162 28 9 1 96 78 32 342 343
4 119 63 30 66 43 154 10 131 144 121 42 45 143 80 24 145 122 112 89 102 79 69 46 167 23 157 91 104 25 146 159 15 93 83 17 151 128 52 29 6 163 140 107 74 54 139 336 349
119 40 137 150 73 27 57 8 38 118 60 41 102 18 103 117 5 131 3 33 55 85 97 120 111 113 114 165 98 100 132 112 30 25 47 157 134 9 1 80 45 106 78 59 136 23 344 345
32 101 45 143 113 80 57 47 145 7 102 22 24 157 6 147 8 137 81 18 116 16 161 0 105 31 95 15 62 163 107 120 74 110 165 11 53 89 28 56 154 46 131 144 27 337 338
101 126 162 65 139 96 118 56 163 130 27 57 107 143 8 90 110 71 74 152 142 155 109 2 144 121 49 111 36 133 99 123 72 136 113 83 34 84 14 44 47 28 0 137 94 159 343 344
64 133 123 136 54 27 67 80 60 70 82 18 127 81 84 52 36 139 93 73 128 118 95 108 44 143 1 120 31 97 61 12 42 87 48 142 62 122 66 79 164 167 134 124 91 40 340 341
133 45 138 75 48 59 111 123 65 128 109 96 149 162 152 24 76 164 60 107 58 163 140 153 91 121 18 103 165 142 155 49 0 39 144 53 116 30 47 28 9 1 31 158 12 346 347
84 148 8 69 105 157 114 150 94 18 2 149 126 35 80 17 48 20 50 81 108 85 98 46 163 153 107 120 97 44 56 42 15 75 89 76 60 111 146 68 40 70 21 135 342 343
148 30 136 47 49 33 63 97 48 108 81 79 131 142 75 129 25 10 89 76 106 150 57 29 104 134 77 107 137 143 124 105 5 7 70 52 24 115 20 72 53 83 100 130 165 347 348
17 58 94 25 83 27 161 128 118 72 39 160 140 117 11 87 41 54 31 152 129 142 96 12 63 99 76 66 141 23 144 121 111 45 166 100 77 67 155 24 37 135 112 69 81 336 337
58 95 108 98 51 163 140 46 107 120 97 77 165 142 122 89 66 131 29 124 166 90 23 5 35 7 145 135 24 82 38 157 137 53 114 104 94 18 149 162 16 47 19 141 339 340
95 157 111 2 156 146 49 0 20 72 83 67 127 117 11 44 25 47 9 139 80 116 15 94 75 48 161 51 138 151 62 128 141 130 143 23 165 73 54 27 8 99 60 167 342 343
157 161 131 142 31 61 12 42 48 78 90 153 46 126 107 143 154 167 26 7 10 21 27 38 71 102 104 116 146 100 122 5 16 68 19 49 97 69 99 113 348 349
96 122 99 37 22 167 52 54 111 72 86 18 44 16 115 49 105 80 3 94 48 51 81 62 92 159 149 79 126 116 106 26 56 164 89 98 90 153 107 74 77 165 155 343 344
122 44 9 12 27 41 71 93 162 154 37 68 22 82 24 8 38 39 118 50 72 102 83 113 86 132 100 145 103 135 16 147 3 156 81 159 34 65 112 125 161 345 346
128 154 91 105 156 49 3 63 6 115 66 39 158 138 67 103 11 160 117 44 47 80 94 162 152 29 51 81 62 114 46 164 26 40 76 8 142 90 41 132 120 110 345 346
154 112 164 145 7 37 10 43 76 106 90 120 165 123 134 137 138 16 68 118 69 102 53 83 34 158 130 14 25 150 80 42 94 75 97 48 78 111 65 125 126 98 347 348
107 131 87 90 41 163 110 18 165 155 16 145 19 52 63 6 85 167 121 50 98 146 113 126 61 115 15 59 81 114 117 159 129 56 7 10 43 118 343 344
131 79 121 134 156 146 24 55 115 38 39 74 104 138 116 18 117 68 19 52 82 33 152 97 51 114 125 164 112 11 47 143 9 61 75 48 108 59 60 90 345 346
34 147 137 71 15 159 29 106 50 40 161 105 118 72 108 23 75 42 140 117 21 130 27 8 162 152 86 76 164 141 144 98 78 0 113 57 70 145 37 79 30 14 49 337 338
147 113 100 103 117 44 159 25 1 42 158 97 161 78 92 144 46 98 142 129 89 40 70 21 73 54 27 8 38 139 90 164 135 77 91 18 105 2 3 33 55 118 132 83 347 348
56 165 132 86 23 89 66 25 111 24 38 166 103 80 70 79 35 92 69 19 59 21 22 52 3 126 83 30 14 151 105 47 0 72 1 108 12 42 15 120 97 74 339 340
165 37 9 73 76 38 60 139 120 104 77 137 140 91 35 16 21 63 20 99 102 53 113 67 149 100 30 14 44 61 48 59 111 164 145 129 348 349
94 39 69 20 67 112 44 160 137 1 80 114 61 104 117 15 45 29 159 81 106 161 118 23 98 21 153 76 27 57 90 41 2 16 111 49 3 63 6 342 343
77 108 43 76 140 130 155 145 112 5 35 37 52 54 55 36 66 69 156 53 136 113 90 126 30 14 102 82 49 0 33 160 127 117 159 129 83 25 9 10 341 342
108 143 91 146 18 35 7 68 158 33 85 36 66 69 50 53 100 30 129 16 45 141 118 81 150 46 130 11 152 26 155 10 42 43 54 76 27 38 71 344 345
50 91 2 81 35 71 49 136 22 3 83 60 73 138 85 52 163 140 97 28 31 12 42 152 109 86 99 164 46 111 78 55 26 146 123 100 57 155 135 115 92 114 339 340
91 141 118 98 30 97 110 14 25 73 45 112 57 87 59 167 144 46 124 166 156 146 100 10 21 52 138 92 72 150 117 149 162 19 116 129 106 63 36 342 343
105 114 138 103 141 2 19 163 153 130 63 36 51 152 83 109 79 11 14 111 124 31 45 156 123 78 29 90 158 135 23 117 54 159 39 69 41 72 129 343 344
114 124 83 166 146 103 159 30 11 44 28 1 61 12 138 75 51 150 127 79 110 152 129 37 10 43 54 118 87 90 155 16 19 22 85 167 39 134 344 345
121 151 110 112 23 26 7 37 40 21 76 87 132 120 71 93 164 124 5 19 123 136 55 6 85 20 158 44 1 80 159 61 149 126 75 129 78 29 92 161 345 346
151 16 141 68 162 52 3 33 39 20 102 53 132 67 149 100 103 163 30 166 25 1 15 75 127 29 62 125 98 23 37 89 21 76 27 158 38 90 41 71 74 134 137 347 348
113 124 61 137 45 117 159 65 126 98 109 161 141 25 89 70 43 150 54 106 57 87 90 71 74 164 52 82 63 143 39 135 11 115 14 44 28 344 345
132 160 26 37 10 70 57 8 71 123 164 141 18 140 82 33 63 55 66 118 152 72 155 102 53 116 130 167 30 11 80 75 78 29 59 51 46 135 138 109 346 347
160 2 14 16 150 0 80 61 63 45 75 97 29 51 144 158 112 11 159 28 10 40 161 42 164 54 104 137 140 5 37 49 21 52 82 36 115 118 20 99 348 349
19 103 139 83 63 138 72 39 140 120 6 41 76 53 164 11 14 111 78 55 68 1 22 12 143 156 146 24 158 112 125 79 82 124 127 51 126 336 337
103 138 1 31 63 137 127 104 152 106 26 164 12 141 29 93 130 74 143 155 23 145 5 7 112 68 6 36 111 72 83 166 100 125 158 16 47 343 344
38 153 97 41 152 142 76 30 11 144 28 9 31 55 12 45 123 67 158 89 92 49 7 10 21 149 139 106 60 73 40 115 118 150 163 3 338 339
153 90 41 104 134 37 68 49 21 22 82 33 63 6 85 39 99 53 135 86 156 100 2 150 28 80 15 97 127 59 81 62 65 144 112 142 10 89 70 57 347 348
30 112 102 5 49 124 104 6 83 73 63 40 118 39 150 163 120 162 152 44 99 23 25 134 65 8 146 100 90 57 70 135 337 338
112 11 167 25 47 124 166 76 59 123 90 126 93 109 125 115 26 40 70 87 149 104 129 2 141 16 49 22 36 143 142 344 345
110 141 27 57 87 60 90 143 155 40 70 55 36 134 39 69 86 123 18 47 135 49 31 33 63 97 20 51 81 92 140 98 79 162 116 152 14 9 344 345
141 35 164 21 22 82 118 53 83 135 67 142 2 33 45 78 29 46 98 79 11 25 26 9 89 43 150 139 41 123 74 137 152 346 347
83 124 35 68 117 52 33 6 66 126 162 116 85 25 31 12 120 97 48 109 134 40 27 8 60 41 74 145 135 125 341 342
124 98 25 28 1 45 76 78 120 74 144 26 68 10 146 40 73 126 27 39 72 53 125 116 100 150 127 22 162 63 139 129 66 97 345 346
2 40 7 72 62 163 117 9 120 74 87 41 162 152 86 63 99 66 33 10 111 166 22 57 24 14 92 49 26 159 15 136 28 5 70 1 336 349
48 166 20 136 90 80 11 115 69 14 82 31 127 104 117 45 149 139 116 93 60 23 26 7 62 40 21 24 130 143 54 155 79 164 78 33 339 340
166 59 62 92 65 98 109 140 23 129 159 26 7 10 89 54 106 8 60 41 93 104 134 152 138 35 150 3 63 115 66 39 20 161 1 12 42 348 349
40 162 152 142 109 76 53 89 22 66 33 36 111 100 70 155 47 158 28 79 92 127 104 23 73 161 21 24 75 130 338 339
162 21 52 87 102 86 130 117 5 150 49 0 82 127 20 81 79 109 145 61 59 120 62 93 123 46 134 137 140 143 23 26 348 349
74 75 163 130 71 155 18 109 35 49 167 52 3 134 39 69 20 146 123 100 98 44 92 47 28 12 104 81 126 116 93 129 106 70 341 342
75 100 18 158 125 79 115 63 55 66 69 127 53 67 149 93 106 11 161 28 1 29 163 120 86 26 144 73 54 134 8 71 341 342
139 22 6 85 36 69 72 86 167 0 1 80 156 15 127 92 65 46 125 79 109 37 9 21 73 54 27 149 90 104 134 126 161 164 138 5 346 347
60 140 130 97 87 52 6 67 142 109 76 144 111 11 47 31 12 80 93 125 102 138 115 137 23 81 37 126 24 57 106 118 85 340 341
140 120 93 123 135 18 136 68 49 3 145 82 115 99 72 53 86 14 97 127 29 59 51 111 23 10 89 43 161 106 8 346 347
16 70 106 37 62 39 142 109 86 66 144 98 78 68 22 35 57 155 47 24 158 135 102 46 59 36 134 26 61 159 136 28 336 337
70 152 31 86 99 76 59 62 167 144 100 90 28 9 155 125 79 115 41 81 149 7 126 93 8 161 20 118 117 87 340 341
138 52 115 69 99 51 111 67 98 142 145 167 144 31 12 42 15 45 76 78 62 125 79 109 7 54 55 27 118 159 135 346 347
35 39 150 42 10 41 152 24 129 142 8 86 66 144 65 78 45 5 146 100 67 80 158 20 135 92 46 11 81 71 28 159 136 149 126 337 338
99 117 37 43 73 57 87 71 93 18 163 0 33 85 66 69 134 28 1 31 12 15 45 78 158 29 135 125 102 92 115 79 150 343 344
15 25 146 155 47 24 145 135 115 92 69 46 9 12 28 126 116 106 27 63 7 117 120 66 43 164 144 98 134 78 0 143 156 336 337
25 102 79 167 137 9 149 116 106 115 82 118 39 29 42 130 97 87 152 109 98 65 78 45 143 156 123 100 57 337 338
47 57 125 69 72 137 46 104 71 126 106 10 63 161 43 8 85 163 97 89 164 20 134 143 156 146 123 90 67 338 339
57 120 87 42 109 76 144 98 7 143 24 54 115 92 69 137 117 49 0 22 36 93 129 39 73 161 62 150 339 340
33 159 93 106 23 26 161 21 72 8 39 142 0 3 20 55 68 45 143 156 67 155 14 37 9 31 29 137 127 71 337 338
159 85 36 66 20 167 144 86 116 130 11 1 31 42 97 65 126 156 98 79 158 109 89 24 120 152 348 349
7 21 86 164 3 65 22 156 100 67 24 145 46 82 59 134 26 71 28 116 85 62 42 9 130 51 87 8 336 349
21 41 31 152 142 109 43 164 55 89 125 46 167 59 26 104 71 116 106 73 161 115 72 62 42 163 117 336 337
45 145 135 79 115 23 24 27 8 61 93 73 18 161 0 36 130 54 129 142 76 66 14 167 144 111 1 338 339
65 111 78 146 123 90 52 125 24 54 36 82 137 149 126 116 73 0 161 63 118 20 98 120 11 14 152 26 61 12 42 89 79 164 340 341
111 79 26 37 135 115 71 150 127 18 5 0 22 55 164 118 69 53 163 143 120 11 9 42 344 345
106 68 0 66 155 69 109 72 102 144 100 14 28 80 12 42 97 92 79 37 9 73 76 90 71 18 343 344
28 80 6 46 36 137 149 126 1 12 93 73 161 118 39 52 29 31 24 66 164 68 143 156 0 337 338
80 1 93 12 42 78 125 137 150 23 26 37 73 86 161 71 0 22 52 3 155 63 55 36 66 69 341 342
14 145 1 46 167 127 104 61 116 93 118 85 62 52 150 130 87 129 66 43 164 6 55 22 146 100 67 155 336 337
145 167 31 61 78 29 59 156 123 109 43 150 118 72 134 135 152 136 49 0 3 82 6 85 20 81 53 144 347 348
41 130 27 54 142 53 89 18 167 5 3 143 6 36 123 90 67 158 102 49 9 31 12 61 149 129 26 10 338 339
46 134 143 44 100 42 27 135 137 127 81 37 136 93 6 5 120 97 1 54 3 109 89 20 338 339
134 98 143 11 12 54 8 90 167 136 5 52 82 39 118 69 20 53 116 100 117 0 61 161 346 347
6 61 51 149 93 73 27 63 20 85 42 163 117 9 97 54 86 164 55 22 100 67 102 92 59 49 26 39 81 336 349
61 39 53 125 102 71 42 136 93 59 161 85 163 37 10 120 87 27 8 152 109 5 156 52 146 3 123 340 341
37 142 0 1 31 164 29 78 143 9 135 125 24 59 104 81 120 136 93 73 161 62 39 338 339
79 1 31 42 43 136 76 82 127 54 55 149 161 98 163 0 36 142 51 155 67 341 342
10 31 11 109 86 98 78 55 146 90 115 36 49 3 39 127 71 116 27 9 1 62 29 150 163 87 336 349
31 24 158 125 102 69 59 81 5 126 3 129 72 163 54 167 55 23 146 123 100 337 338
69 117 149 93 29 97 87 23 109 76 8 136 5 0 158 3 125 102 115 92 39 340 341
117 71 72 137 49 63 129 78 20 51 130 9 89 43 76 27 29 90 93 26 52 54 344 345
42 100 67 18 92 5 167 59 104 71 136 52 150 43 164 144 98 55 8 146 338 339
100 137 26 8 143 155 52 167 55 39 20 81 53 156 146 135 102 115 343 344
146 97 78 51 125 109 142 76 71 123 152 143 68 22 63 55 20 53 135 67 44 1 347 348
11 102 9 26 5 161 52 127 163 130 120 97 87 152 109 76 98 55 68 12 123 67 24 336 349
39 51 126 53 3 62 152 44 167 29 78 136 5 22 72 137 338 339
23 86 89 43 144 68 156 8 102 82 49 137 0 71 136 149 72 1 12 51 54 142 336 337
86 150 127 104 43 55 149 126 129 71 72 18 130 82 87 36 20 51 53 155 89 1 12 156 125 342 343
102 150 104 78 59 81 164 118 163 152 142 54 109 71 93 52 3 82 85 158 135 343 344
150 104 116 149 136 68 0 3 97 20 67 76 120 92 109 143 156 43 24 115 347 348
87 24 152 164 5 68 22 3 82 156 36 123 20 135 115 137 127 104 149 59 93 129 161 342 343
78 156 90 158 137 127 71 116 18 49 52 55 163 72 143 152 59 341 342
123 97 59 143 62 167 24 93 136 18 68 3 82 36 115 149 116 161 44 164 1 345 346
24 54 9 152 109 76 89 143 156 115 82 71 51 3 73 63 20 85 337 338
76 97 109 73 8 144 5 49 158 135 125 127 44 126 341 342
97 156 136 126 158 63 116 129 164 118 12 29 167 89 43 343 344
136 66 81 62 125 149 89 12 43 73 161 29 90 104 143 68 82 115 167 72 135 0 346 347
1 158 71 51 5 18 116 73 63 52 29 8 53 43 164 55 336 349
137 9 109 73 27 8 126 18 49 0 3 55 85 161 66 20 346 347
120 8 90 167 144 22 52 55 66 118 59 62 149 126 129 89 43 73 345 346
142 43 27 8 90 71 156 158 5 68 0 3 85 36 115 44 163 62 109 152 346 347
156 81 92 73 54 126 18 5 68 49 155 52 3 82 20 53 116 67 161 348 349
81 93 92 9 12 59 126 26 98 54 130 155 52 144 3 55 36 66 341 342
68 129 85 9 43 27 8 155 89 164 167 144 22 36 158 67 82 104 12 149 340 341
129 52 54 55 167 67 49 135 63 51 62 92 44 12 43 29 90 104 5 345 346
126 55 163 36 20 12 62 89 54 127 72 104 18 161 345 346
8 54 89 66 55 22 125 82 49 26 127 116 73 29 336 349
26 89 98 90 67 135 125 82 71 93 27 63 62 22 3 130 337 338
59 67 155 127 71 73 43 27 72 62 18 5 0 3 89 55 164 339 340
90 29 62 89 54 27 49 104 22 3 82 342 343
118 18 63 85 66 116 143 9 12 167 51 92 135 27 127 344 345
9 125 92 5 104 149 93 161 115 72 85 163 51 20 144 22 336 349
82 149 0 62 130 164 43 143 5 125 92 36 72 104 341 342
149 85 66 72 135 44 62 125 98 155 167 73 27 5 0 347 348
29 143 18 158 135 36 104 51 116 72 85 62 163 44 27 337 338
143 22 85 53 5 3 127 125 12 43 346 347
0 116 115 85 54 63 43 144 55 67 44 155 167 336 349
116 22 3 85 36 20 67 130 62 92 155 43 73 158 135 344 345
152 73 27 71 63 36 20 130 44 167 92 347 348
20 71 51 127 73 5 54 167 158 125 36 336 337
130 93 104 18 5 22 63 85 66 53 163 44 164 127 89 43 73 345 346
55 62 98 163 27 5 144 93 127 104 339 340
44 158 135 125 92 27 167 49 51 93 63 22 3 62 52 54 109 53 164 67 338 339
43 54 89 164 5 3 72 71 51 161 53 163 338 339
52 62 22 144 51 158 125 115 127 104 339 340
53 127 93 73 98 163 54 155 51 89 167 158 135 125 72 339 340
127 67 51 92 98 73 163 144 3 63 115 345 346
158 12 92 98 109 71 104 49 22 63 85 36 348 349
85 93 161 49 22 98 109 12 144 51 62 125 73 342 343
49 93 62 109 66 144 155 167 36 339 340
93 22 92 71 72 18 164 5 342 343
22 54 89 66 67 115 36 51 336 337
51 18 72 104 164 98 163 27 155 66 144 339 340
98 135 5 12 27 62 92 343 344
71 89 167 144 63 340 341
36 73 63 12 163 27 67 5 115 338 339
104 109 12 89 125 115 5 66 343 344
54 18 67 125 339 340
27 155 89 164 135 73 337 338
63 115 72 109 67 340 341
3 18 161 12 67 125 336 349
18 72 62 109 144 67 92 167 5 336 337
72 73 163 155 135 341 342
135 92 109 155 167 346 347
161 66 92 144 164 89 348 349
163 5 155 62 125 109 73 348 349
66 164 167 144 155 12 125 92 340 341
67 73 155 89 5 144 125 115 340 341
164 348 349
12 155 125 167 144 336 337
167 115 348 349
89 144 62 342 343
62 115 92 73 340 341
92 115 5 155 109 144 342 343
73 341 342
125 155 345 346
109 155 344 345
155 115 347 348
5 336 349
144 347 348
115 344 345
179 326 182 257 175 178 237 214 269 282 317 307 238 251 208 296 286 174 207 197 318 295 285 298 275 255 330 222 297 287 254 221 234 168 188 299 233 246 200 213 334 301 245 225 215 192 313 336 349
326 285 335 334 232 243 246 197 219 293 299 310 297 224 175 178 257 208 189 241 192 222 195 225 239 261 302 259 186 292 172 173 203 184 236 187 217 171 223 174 204 283 207 281 314 287 348 349
181 256 233 223 213 301 225 202 323 177 182 292 184 226 262 183 307 175 274 218 316 329 174 198 283 296 243 210 331 187 308 321 252 265 297 189 287 169 277 254 221 332 322 289 266 302 279 336 337
256 263 214 266 311 278 194 224 320 333 323 222 290 225 176 228 299 302 268 304 258 187 217 220 171 201 313 231 253 204 280 316 270 237 260 240 251 182 294 215 169 229 180 213 246 319 342 343
172 287 264 244 201 168 322 169 279 246 223 334 180 301 245 212 293 247 224 214 302 315 292 269 272 239 193 327 304 317 271 205 241 329 319 296 240 171 197 331 187 262 298 242 209 330 336 349
287 175 257 315 208 328 189 318 192 225 286 240 242 186 271 170 296 332 187 168 201 331 223 174 321 311 237 219 221 333 290 198 264 312 229 180 210 232 183 197 327 233 191 344 345
232 301 222 281 258 235 225 248 293 283 273 325 328 173 184 285 217 168 190 327 294 188 218 264 202 243 321 275 183 245 197 227 310 323 200 230 244 257 234 269 246 259 194 178 324 340 341
301 262 249 200 279 230 263 264 191 307 320 175 241 332 255 209 288 239 226 308 321 290 273 170 187 231 267 218 240 221 302 251 202 282 235 268 299 314 198 304 285 193 248 346 347
211 278 255 320 333 191 310 194 234 224 214 299 176 289 209 236 226 281 203 280 293 270 201 204 185 325 315 202 295 252 229 284 274 228 264 241 218 231 169 199 210 309 263 266 220 331 288 338 339
278 241 183 243 225 258 331 321 334 275 288 310 323 236 280 189 322 223 253 204 325 282 314 327 186 294 252 173 201 262 234 185 230 277 317 330 307 264 182 212 194 196 229 319 332 344 345
252 316 204 283 206 221 315 235 285 186 170 261 168 201 231 216 296 188 309 321 265 255 194 224 320 177 323 180 241 183 213 257 312 289 245 334 314 291 281 205 236 208 220 192 342 343
316 170 285 184 248 201 213 185 219 200 324 282 266 299 182 329 193 194 178 257 274 197 227 307 261 291 272 302 245 317 305 330 320 273 322 238 190 223 176 270 221 300 268 290 347 348
185 226 229 170 173 238 168 274 171 218 283 240 230 243 197 318 210 331 298 275 242 255 209 169 300 244 332 188 276 289 233 246 223 213 334 248 178 205 290 280 270 247 259 272 336 337
226 218 200 202 298 255 300 224 254 267 257 332 197 269 258 235 248 173 238 175 313 280 189 293 220 222 174 227 240 295 272 249 285 262 186 294 307 297 264 231 168 183 273 339 340
203 274 251 218 306 309 286 207 220 308 321 298 288 242 209 277 267 234 322 312 186 269 223 236 334 324 291 268 235 248 215 293 270 260 237 214 227 204 272 249 182 193 216 206 261 337 338
274 311 184 217 168 190 220 171 250 201 223 300 290 202 254 235 268 289 292 198 212 196 291 304 183 213 265 303 293 233 214 328 264 194 327 317 192 244 228 258 209 272 343 344
264 290 205 187 322 190 289 314 281 198 170 303 215 217 273 199 171 262 315 200 233 263 214 327 330 297 224 319 178 238 210 192 195 321 261 288 259 310 191 343 344
290 212 224 238 180 318 295 244 239 317 320 275 322 205 269 192 223 321 234 284 313 186 271 303 198 285 325 187 217 199 171 231 183 262 246 249 327 279 263 306 345 346
196 235 190 202 323 313 280 270 260 237 250 217 272 262 182 193 261 238 183 251 241 208 273 276 253 230 318 210 331 219 222 212 297 254 244 234 224 309 201 312 289 266 233 334 311 337 338
235 177 169 315 249 197 239 228 317 307 284 296 273 224 240 308 195 176 275 265 333 267 244 170 257 335 312 279 174 236 334 311 218 314 268 238 303 280 270 182 340 341
197 200 236 258 248 225 202 238 215 335 325 174 217 305 188 295 272 249 216 231 208 306 169 240 276 253 220 330 320 212 333 300 175 257 201 302 279 269 337 338
200 246 213 324 314 304 281 258 205 303 173 280 175 237 190 250 227 204 192 295 249 285 229 219 251 241 231 329 171 298 242 245 212 277 267 221 332 180 289 266 337 338
215 248 212 238 169 180 270 183 315 292 328 272 239 216 229 191 284 175 251 228 241 178 286 263 318 186 333 277 187 254 171 201 234 224 322 223 236 334 311 314 291 304 338 339
248 281 177 199 229 261 183 213 270 306 250 214 282 249 191 317 178 192 222 176 206 329 319 239 242 263 253 186 321 168 190 220 171 231 257 221 292 334 268 341 342
296 322 334 168 190 314 269 250 174 253 267 221 202 285 305 318 330 216 297 219 260 282 233 319 299 191 308 194 224 298 192 225 255 206 228 323 258 288 242 245 275 345 346
322 332 311 297 175 205 178 189 244 195 288 323 275 305 186 320 292 335 309 190 250 201 253 204 327 254 315 299 285 182 212 193 328 177 199 229 262 295 347 348
267 295 272 191 224 205 327 178 257 208 294 189 222 225 242 259 186 311 173 184 201 253 204 207 237 221 332 299 312 279 304 199 180 183 303 270 260 283 305 282 318 343 344
295 218 182 180 315 183 262 328 305 318 219 260 263 293 317 191 224 178 238 241 222 244 225 176 308 298 239 333 289 313 205 312 220 171 253 234 207 237 188 345 346
214 289 246 198 182 324 212 183 303 280 293 283 325 217 328 305 259 272 239 216 175 327 317 189 192 228 206 209 286 240 318 331 285 173 255 245 171 254 299 338 339
289 319 311 205 238 320 244 333 206 323 300 288 242 325 273 170 324 217 269 204 207 286 313 221 293 254 284 271 328 193 169 307 213 297 227 249 260 345 346
182 192 283 169 335 227 217 328 282 327 294 307 218 273 286 243 176 298 265 255 320 212 333 189 254 244 224 168 201 299 312 266 269 314 291 202 336 337
233 302 279 236 334 191 271 261 313 208 270 237 273 250 207 315 272 307 251 199 171 329 216 263 188 243 331 308 288 265 245 193 300 177 229 180 210 332 228 340 341
302 247 277 331 308 321 191 194 333 208 222 176 209 245 275 273 173 205 236 217 190 220 174 283 188 270 300 251 254 271 327 330 183 213 329 276 227 309 249 346 347
205 320 297 184 168 169 312 266 236 334 314 268 225 280 293 247 335 325 217 305 262 216 229 271 307 261 173 329 190 283 174 250 188 308 282 255 338 339
320 208 225 209 239 242 272 317 271 170 236 332 168 223 237 188 218 334 251 281 266 298 299 333 198 313 212 199 229 307 249 230 260 293 247 329 347 348
173 251 218 231 175 240 318 331 308 285 265 242 255 333 189 332 188 224 201 312 279 314 281 271 283 260 292 328 305 249 170 304 317 186 307 284 297 336 349
251 305 217 285 262 223 204 317 330 329 273 286 198 266 331 177 169 275 210 310 277 257 335 191 194 269 175 208 189 222 314 206 313 293 186 315 341 342
218 259 229 327 284 228 329 306 319 309 263 230 318 285 275 265 242 177 255 297 310 300 221 257 224 266 279 236 311 194 268 258 283 260 186 339 340
259 332 299 202 247 198 288 265 229 180 323 210 183 244 195 312 292 334 291 304 281 271 178 208 190 220 303 253 176 209 239 318 262 170 317 307 187 329 216 246 342 343
236 261 297 329 306 273 276 331 321 298 208 288 255 206 310 299 312 170 279 187 324 220 231 291 285 258 188 303 250 328 212 282 183 330 340 341
237 272 198 241 210 329 213 216 309 219 243 331 308 298 265 242 191 310 300 244 209 312 269 324 170 304 187 168 313 303 231 280 234 207 188 315 282 340 341
272 240 221 298 333 310 193 199 279 219 292 266 247 314 281 191 194 257 238 189 244 195 209 305 242 327 330 170 184 187 201 223 253 343 344
319 171 250 223 204 207 286 270 317 298 271 169 180 323 262 243 246 282 263 293 325 266 310 191 324 224 177 238 222 195 225 176 255 239 291 245 275 305 328 347 348
209 210 275 265 206 212 254 257 186 234 335 187 223 190 171 201 324 313 270 283 325 217 315 328 177 282 169 183 317 307 228 241 231 273 175 338 339
210 291 212 225 186 270 184 174 239 317 202 284 261 241 329 198 283 286 328 169 220 199 308 288 231 234 177 279 208 269 246 321 334 195 176 314 338 339
281 282 243 246 276 260 330 266 297 247 194 175 208 189 192 222 308 321 176 333 300 273 170 332 184 168 201 174 234 324 188 240 221 254 271 303 344 345
201 206 304 261 238 228 329 286 195 253 230 318 277 184 244 221 309 299 312 324 291 193 247 250 183 204 217 216 229 337 338
206 298 288 242 219 255 330 310 198 224 177 199 180 213 314 268 258 247 292 282 189 262 239 229 176 327 294 307 231 329 273 286 240 184 220 190 308 338 339
186 306 273 171 240 230 288 219 330 310 257 168 309 269 246 334 311 291 260 250 227 204 194 292 305 216 317 261 228 241 195 336 337
306 271 184 309 187 220 171 231 204 283 331 202 266 268 298 313 198 193 229 183 262 243 246 228 324 230 291 263 247 292 178 238 328 195 225 176 239 240 303 317 346 347
207 249 239 229 294 297 184 199 286 299 276 275 311 288 242 245 222 310 300 193 335 312 324 304 258 271 228 313 293 270 189 260 190 273 227 174 305 318 338 339
249 314 291 304 293 273 315 243 328 230 294 330 284 254 329 208 286 238 263 276 253 241 225 239 268 300 170 220 231 174 279 292 234 269 341 342
212 178 192 247 176 325 328 305 282 262 219 175 187 309 286 188 276 253 230 202 288 255 222 297 333 169 334 311 324 314 193 238 338 339
178 222 254 332 266 269 223 190 291 225 323 313 280 293 270 247 260 250 204 217 171 292 239 327 183 219 231 177 263 243 298 275 245 336 349
222 192 330 176 277 184 311 291 204 323 188 221 202 283 335 227 325 229 180 304 317 294 271 219 241 329 286 240 276 331 285 339 340
291 213 331 243 216 298 276 279 266 310 191 194 312 238 241 192 176 239 261 294 303 315 328 283 234 240 284 307 198 329 193 345 346
250 327 198 329 229 180 213 227 318 308 230 285 321 265 333 300 194 257 177 241 192 312 266 269 239 304 313 303 293 189 223 325 305 262 341 342
327 231 174 204 234 300 282 312 284 198 285 169 229 213 265 279 230 266 308 310 257 192 258 288 332 305 317 331 184 168 348 349
190 294 284 198 230 266 220 318 331 308 321 189 311 288 199 300 299 335 246 213 334 324 314 271 202 280 247 227 240 292 169 336 337
216 334 188 304 258 271 225 238 313 303 280 283 227 240 325 315 199 180 285 307 261 329 276 220 308 195 176 242 245 323 224 299 335 269 339 340
334 279 260 282 263 247 280 191 194 224 175 195 228 261 305 170 269 223 174 204 240 299 332 169 262 243 348 349
262 268 221 313 325 315 285 243 219 317 260 307 194 266 189 311 176 265 255 228 261 333 323 335 217 269 220 253 342 343
192 177 169 297 310 183 277 244 257 312 269 223 324 191 245 175 323 260 292 317 271 195 231 198 263 243 285 298 275 337 338
241 168 310 323 220 171 174 234 188 335 268 183 303 213 293 247 283 227 315 305 282 317 194 224 208 273 286 275 265 341 342
168 294 228 208 175 273 217 328 174 187 275 199 300 277 231 332 191 276 312 243 223 213 268 227 204 315 282 193 183 336 349
294 220 171 174 204 265 188 333 310 300 328 313 193 199 213 276 261 263 245 275 247 277 224 257 238 189 244 195 308 240 170 332 184 299 345 346
180 268 258 225 313 280 270 194 239 229 261 238 228 273 286 230 331 308 275 265 330 300 244 221 234 332 299 266 279 169 324 336 337
268 328 227 282 318 285 247 284 297 257 208 309 176 228 240 321 333 277 184 217 171 312 265 188 221 254 324 198 193 283 199 343 344
246 230 271 313 270 283 208 238 325 244 195 228 285 239 245 317 284 297 170 309 276 234 318 308 311 202 193 257 199 279 219 341 342
191 277 244 309 266 175 269 311 323 293 270 335 204 217 315 187 304 188 195 328 318 285 298 183 265 242 255 310 336 337
277 299 257 208 195 176 314 228 258 280 170 325 187 305 269 220 285 253 202 307 254 297 329 198 177 243 311 288 219 230 323 300 247 344 345
332 311 335 194 195 225 258 242 317 304 217 231 253 204 188 279 202 314 299 198 297 229 276 227 261 333 324 348 349
255 298 275 288 265 245 170 279 184 220 324 174 253 303 293 270 283 315 292 282 229 284 261 329 273 309 286 177 189 342 343
271 229 305 219 260 202 263 266 247 284 224 208 286 299 276 244 228 288 245 333 300 238 312 204 270 254 304 293 343 344
183 193 202 238 247 227 282 317 208 273 263 220 285 321 242 330 310 300 188 224 299 223 336 337
193 303 293 247 260 314 284 261 228 195 283 273 263 230 275 175 187 171 310 300 176 188 221 198 234 279 321 170 337 338
298 228 239 242 318 330 231 174 240 254 331 308 321 310 199 243 276 312 282 263 247 314 297 257 208 195 345 346
263 279 269 187 217 240 221 273 328 318 285 330 329 219 260 299 266 311 288 257 238 310 225 280 228 258 342 343
311 276 307 275 308 194 224 175 309 323 269 313 253 283 315 303 170 187 220 171 174 265 188 219 293 169 346 347
275 276 239 242 313 280 253 312 221 198 303 213 243 265 315 219 305 318 285 247 307 284 297 175 343 344
276 324 313 217 303 269 283 204 188 240 315 328 254 170 307 169 229 265 227 331 321 333 310 238 228 239 242 344 345
202 292 328 282 208 253 220 318 331 189 195 176 330 297 244 224 187 245 188 258 303 293 270 198 227 325 337 338
292 309 266 198 331 169 257 313 258 325 175 304 269 303 270 254 315 328 305 318 184 217 220 171 231 174 297 265 345 346
240 318 317 231 174 309 266 177 313 244 280 213 247 325 279 224 208 189 293 260 239 328 341 342
318 270 300 304 217 219 315 280 331 199 213 243 244 258 335 208 238 324 269 253 176 347 348
297 238 189 269 270 254 324 285 217 303 199 171 293 317 307 177 257 195 225 288 242 273 345 346
279 266 304 303 189 244 228 258 239 245 170 284 223 309 234 286 299 270 333 199 280 213 219 344 345
224 310 177 335 258 303 187 325 282 204 229 284 231 309 199 331 285 242 330 339 340
310 244 228 307 245 305 187 217 220 171 231 315 188 300 284 198 169 199 213 280 313 346 347
184 228 283 286 187 288 265 242 219 330 189 231 234 309 223 324 176 323 303 280 247 260 204 171 239 304 284 336 337
285 270 284 171 234 198 308 257 323 195 227 312 324 175 314 208 344 345
245 253 266 195 225 308 227 228 288 242 323 247 312 269 174 258 261 170 270 283 171 231 284 254 309 341 342
253 307 261 254 187 286 299 231 234 266 331 221 198 335 312 243 269 247 304 283 260 244 225 228 342 343
204 304 307 329 273 220 330 333 221 234 189 195 213 225 313 303 280 187 270 305 338 339
171 304 317 195 283 177 288 176 300 254 244 188 299 324 314 335 227 325 336 349
304 328 266 317 213 195 225 227 258 288 323 208 223 174 312 239 325 300 303 254 284 346 347
177 313 280 293 247 227 170 194 315 282 174 284 329 230 328 169 307 199 244 221 198 312 266 321 213 288 336 349
328 303 314 170 199 260 315 299 329 244 195 261 324 273 269 223 283 176 348 349
258 308 227 219 230 323 280 189 244 195 314 176 242 283 273 282 217 174 317 330 221 329 342 343
308 170 313 231 286 335 315 284 199 213 243 227 307 280 330 194 175 257 238 244 176 346 347
230 220 280 293 260 221 305 282 198 307 261 169 199 231 309 219 243 331 321 288 242 175 254 189 244 299 340 341
270 282 229 265 219 260 331 288 257 333 244 280 242 314 234 303 188 343 344
282 324 213 266 280 330 284 194 257 286 321 269 231 223 335 188 325 344 345
194 323 221 257 269 169 213 280 293 260 175 305 317 307 195 187 321 174 288 242 188 199 337 338
323 330 257 213 329 227 242 305 309 208 174 283 300 254 187 217 234 265 219 247 299 347 348
187 284 208 198 243 265 242 199 257 312 314 280 283 260 335 325 175 336 337
284 269 231 174 188 221 254 198 329 229 331 260 335 325 324 261 313 273 344 345
231 175 331 321 333 199 300 234 219 303 195 225 335 340 341
305 199 229 313 265 227 335 299 208 195 288 317 330 307 220 223 174 188 309 346 347
189 330 300 176 312 266 223 321 288 333 315 229 169 329 198 283 273 286 220 336 337
330 220 286 303 265 188 219 312 247 257 243 228 307 260 261 324 309 348 349
169 225 238 217 239 229 219 307 286 243 321 265 242 199 244 335 269 223 336 349
335 313 208 195 225 239 261 324 273 325 309 223 300 254 331 229 243 265 219 293 348 349
170 198 283 243 242 199 176 221 269 213 324 303 280 247 325 315 239 238 336 349
261 321 288 174 280 198 229 213 243 314 293 273 175 195 307 239 329 286 342 343
299 325 238 195 176 303 254 265 188 221 293 243 300 313 345 346
238 333 229 266 314 303 225 325 217 234 309 221 321 198 340 341
213 314 225 227 315 195 228 331 321 242 257 234 223 338 339
314 243 315 247 329 257 331 288 273 220 283 188 221 300 229 347 348
225 288 242 257 312 266 175 195 176 247 325 315 223 174 273 339 340
288 176 321 242 333 312 220 198 199 329 208 345 346
317 286 188 221 303 329 199 265 219 321 260 257 309 347 348
266 269 239 273 315 234 309 286 198 199 228 343 344
175 300 254 244 234 309 223 321 324 260 325 229 307 195 220 336 349
195 265 247 283 325 219 228 208 337 338
265 228 283 217 174 234 188 254 309 199 260 325 343 344
300 239 309 331 321 269 283 221 254 198 227 219 280 346 347
239 242 303 280 247 283 260 325 315 228 273 243 340 341
257 333 312 228 313 217 329 229 342 343
243 293 247 217 325 223 307 273 219 333 244 312 269 341 342
176 333 221 223 324 174 303 247 229 307 329 286 331 336 349
208 333 254 221 188 313 280 199 227 309 286 321 338 339
228 174 333 244 247 312 269 324 227 340 341
174 307 329 188 273 309 223 313 260 325 336 349
220 309 286 244 234 199 313 303 283 260 227 339 340
223 254 234 219 221 303 198 293 260 315 339 340
283 309 260 280 217 313 344 345
303 219 333 234 286 221 346 347
229 280 247 199 286 242 217 324 340 341
321 242 333 234 325 324 227 260 293 247 329 347 348
315 199 329 312 307 331 269 234 221 347 348
273 286 219 221 199 227 325 343 344
333 324 325 286 221 254 331 199 227 260 329 348 349
199 247 312 337 338
244 324 234 188 260 307 254 331 341 342
331 325 254 198 219 312 293 329 348 349
269 242 280 188 221 343 344
221 198 227 325 339 340
242 324 313 293 309 341 342
324 313 309 217 234 286 348 349
234 217 188 313 280 293 227 340 341
307 313 254 227 293 309 346 347
217 286 219 254 312 260 227 188 339 340
188 312 336 337
247 293 260 329 219 341 342
198 309 286 312 337 338
309 313 325 280 227 346 347
254 219 280 312 227 260 342 343
313 325 286 347 348
260 227 329 342 343
325 293 286 348 349
219 293 329 280 339 340
286 312 280 293 344 345
293 227 312 345 346
227 339 340
280 344 345
329 348 349
312 347 348
336
337
338
339
340
341
342
343
344
345
346
347
348
349
