#/usr/local/lib/python3.10/dist-packages/colab_kernel_launcher.py -f /root/.local/share/jupyter/runtime/kernel-dea7114a-48f2-47cd-9840-9590734c419b.json
# GMT Thu May 23 18:39:45 2024
# 
17 58 48 25 2 38 28 16 0 60 50 27 40 30 62 39 52 29 42 11 51 14 64 18 54 31 21 9 12 15 63 43 20 56 13 55 32 45 22 4 7 44 57 10 34 47 8 46 59 49 26 130 131 134 135 139 140
58 48 62 51 34 64 11 14 25 26 56 28 9 10 40 12 42 43 27 57 29 41 23 4 5 35 21 52 24 54 55 6 36 59 8 20 53 61 18 30 16 47 19 49 63 1 31 3 33 45 133 134 137 138 142 143
29 32 45 18 57 34 2 5 19 0 22 46 3 59 36 6 20 48 61 38 51 11 63 25 40 28 9 15 62 39 52 42 13 64 41 54 31 44 23 26 7 53 43 10 21 24 27 8 55 131 132 135 136 140 141
32 55 13 45 35 57 34 47 23 37 4 5 7 59 36 24 6 39 8 20 61 51 18 30 2 50 14 63 40 16 0 1 31 3 15 62 42 64 41 54 44 25 26 53 10 56 12 46 27 131 132 135 136 140 141
40 41 54 2 44 35 16 19 22 3 43 33 6 36 39 45 14 47 25 28 9 1 31 12 15 46 59 13 48 61 23 26 60 7 37 50 63 10 21 24 8 38 62 52 42 18 64 131 132 136 137 141 142
41 42 24 27 38 39 54 44 18 43 56 2 5 35 16 19 55 22 3 45 33 6 36 20 57 47 30 46 14 25 28 9 1 31 12 15 48 61 51 13 60 50 63 26 7 37 10 131 132 136 137 141 142
11 14 9 56 10 46 59 36 13 49 26 8 16 48 25 61 38 15 28 60 37 50 4 5 27 3 6 62 39 19 64 18 54 21 53 43 0 20 1 33 55 45 22 35 44 57 47 24 130 134 135 139 140 143
14 24 37 9 1 46 12 36 49 26 16 61 38 51 18 60 50 4 27 63 7 30 10 39 52 8 42 19 31 21 2 5 53 43 20 56 0 3 23 55 22 35 25 57 34 130 131 134 135 139 140 143
21 64 7 54 31 10 8 53 33 23 55 18 45 22 35 2 5 16 19 44 0 57 34 6 20 46 36 49 26 48 25 61 28 9 1 12 60 37 27 13 62 52 42 4 51 130 131 135 136 139 140
64 43 54 27 57 8 60 5 35 16 19 49 0 22 52 33 63 6 39 20 50 53 34 44 25 47 28 1 31 61 12 15 45 48 59 51 13 46 23 4 56 7 37 10 133 134 138 139 142 143
42 44 57 47 18 2 5 46 35 59 16 49 3 33 6 36 48 61 20 34 60 30 25 28 52 31 12 15 13 54 63 43 56 23 26 7 37 9 10 24 45 27 8 132 133 136 137 141 142
33 38 23 60 4 26 50 7 63 24 27 8 39 52 18 54 2 5 19 53 0 43 22 3 6 20 55 45 35 30 57 37 28 9 1 31 12 46 15 59 49 13 48 61 131 132 136 137 140 141
38 6 36 20 34 53 43 30 56 25 28 9 1 31 12 45 15 44 57 47 46 23 59 4 26 49 37 10 24 48 27 50 63 18 2 5 35 16 39 52 19 0 22 3 131 132 136 137 141 142
25 34 15 47 56 46 59 36 48 61 28 10 24 50 27 13 49 62 39 52 5 7 51 19 54 31 3 8 63 53 30 43 18 55 2 16 0 1 44 130 131 135 136 140 141
34 28 9 1 31 12 48 15 51 13 60 50 23 4 62 39 26 7 10 24 27 8 54 43 18 56 5 16 19 55 0 3 35 6 20 57 47 37 30 46 36 131 132 136 137 140 141
44 47 9 10 43 24 27 8 46 59 49 48 61 18 51 4 35 7 37 60 19 50 63 22 6 36 39 20 62 30 2 54 16 1 31 56 13 55 23 26 132 133 136 137 141 142
47 57 28 9 1 12 15 45 49 13 46 61 51 23 4 26 7 37 60 10 50 24 27 8 62 52 18 2 54 5 16 0 22 53 6 56 39 20 55 132 133 137 138 141 142
10 54 4 53 43 7 20 56 8 55 45 22 24 37 2 5 59 36 49 3 39 16 48 61 15 51 60 50 63 30 9 1 62 52 19 130 134 135 139 140 143
54 43 8 56 18 2 55 35 16 19 49 0 22 52 3 6 57 39 53 59 30 9 1 31 12 45 48 51 13 62 23 4 26 7 37 132 133 137 138 142 143
2 50 27 30 62 39 52 6 19 9 51 31 8 63 20 23 55 35 12 57 0 24 37 4 46 59 36 13 49 16 48 61 15 28 5 60 130 133 134 138 139 143
50 16 61 51 0 22 6 36 60 39 20 63 62 30 9 1 31 12 15 45 48 13 53 56 55 23 4 26 7 37 43 24 57 27 8 18 132 133 137 138 141 142
3 15 28 5 18 60 27 30 7 1 62 39 52 6 19 9 51 31 8 53 56 23 55 45 22 35 12 57 24 4 46 59 36 13 49 16 61 130 133 134 138 139 143
15 6 24 37 46 59 36 49 26 39 16 9 1 48 12 61 28 18 13 60 30 52 4 19 8 31 53 43 20 5 55 45 0 35 130 131 134 135 139 140
22 28 13 60 63 53 30 62 4 52 8 31 56 46 23 5 16 19 0 35 6 20 57 24 37 27 59 36 26 9 1 12 48 61 51 130 131 135 136 139 140
28 57 6 20 59 36 49 48 61 9 1 12 60 63 30 62 39 4 26 51 7 31 24 27 8 53 43 18 55 35 5 16 19 131 132 135 136 140 141
24 31 9 1 12 43 56 13 55 45 35 23 4 7 57 37 59 36 26 18 48 61 51 19 0 60 6 20 62 52 130 131 135 136 140 141
57 1 31 12 45 48 51 46 23 4 26 56 7 27 8 59 18 35 16 19 49 0 52 36 39 20 60 53 63 62 133 134 137 138 142 143
7 63 5 53 43 20 0 23 45 35 12 46 59 49 26 16 48 60 27 4 30 62 39 52 19 9 51 18 31 8 130 134 135 138 139 143
18 30 62 39 52 19 51 31 53 0 1 20 56 23 55 13 45 35 37 12 46 36 8 61 4 27 63 130 131 134 135 139 140
30 4 5 49 6 61 20 51 60 63 62 39 0 52 1 12 13 31 53 43 56 23 26 9 55 45 27 35 8 37 131 132 135 136 140 141
5 60 27 63 62 52 9 31 8 1 53 43 20 56 23 13 55 45 35 4 37 59 36 49 26 39 6 48 61 130 134 135 138 139 143
60 35 16 19 49 0 52 6 36 51 53 1 31 45 48 59 13 23 26 56 37 61 43 8 39 63 62 133 134 137 138 142 143
45 13 23 4 46 59 37 43 48 51 63 16 62 19 0 52 6 36 39 20 53 56 9 31 12 55 132 133 136 137 141 142
48 39 20 59 49 1 12 61 51 13 46 63 53 23 4 26 37 62 43 8 35 16 19 55 132 133 137 138 141 142
6 61 51 63 20 0 1 62 52 19 9 31 8 43 56 46 55 35 12 37 4 59 49 26 39 130 134 135 138 139 143
61 36 39 53 9 1 31 51 13 63 46 62 23 4 56 37 43 27 8 16 49 0 52 133 134 138 139 142 143
27 16 19 0 20 43 56 46 35 9 12 37 13 59 36 49 23 4 51 26 8 53 62 52 130 131 135 136 140 141
55 13 46 63 23 26 37 43 56 35 16 19 49 0 36 39 20 51 53 59 9 1 31 12 132 133 137 138 142 143
43 23 4 37 56 46 8 35 16 19 36 39 49 51 1 31 53 12 62 52 13 132 133 136 137 141 142
35 13 62 39 52 4 26 8 53 56 16 19 0 46 59 36 49 51 31 12 131 132 136 137 140 141
37 16 63 0 1 31 53 12 56 13 23 9 8 4 19 36 20 39 52 51 131 132 136 137 140 141
36 51 63 9 1 31 52 13 23 4 26 53 19 0 46 59 49 39 20 131 132 136 137 140 141
9 56 46 59 13 26 16 0 49 62 39 52 19 31 63 53 20 12 130 134 135 138 139 143
13 46 59 49 26 16 4 39 52 51 31 1 53 20 56 23 130 134 135 139 140 143
16 39 19 1 12 51 63 53 20 8 56 46 59 26 0 130 131 134 135 139 140
62 49 0 52 39 20 53 31 63 12 59 51 46 23 4 26 56 8 133 134 138 139 142 143
31 8 46 49 51 0 63 1 56 23 4 131 132 135 136 140 141
51 8 20 59 0 46 63 53 26 23 4 19 132 133 137 138 141 142
39 63 19 53 1 12 46 23 59 49 8 131 132 136 137 141 142
4 63 53 20 0 56 46 59 26 49 52 8 130 133 134 138 139 143
63 19 49 52 20 53 0 59 46 23 26 56 12 133 134 138 139 142 143
1 59 49 26 20 52 19 0 53 56 46 23 12 130 133 134 138 139 143
20 52 0 56 12 46 59 49 26 130 131 135 136 139 140
23 53 56 8 59 49 26 19 0 52 12 130 131 135 136 139 140
53 26 8 19 49 52 56 59 132 133 137 138 142 143
8 12 0 46 59 49 19 130 134 135 138 139 143
19 52 0 56 12 46 59 49 130 131 135 136 139 140
56 26 59 49 52 0 12 133 134 137 138 142 143
12 46 59 49 26 52 0 130 134 135 139 140 143
46 26 49 52 0 132 133 136 137 141 142
49 0 52 26 132 133 137 138 141 142
0 52 59 26 130 133 134 138 139 142 143
26 59 52 130 131 135 136 140 141
52 59 132 133 137 138 142 143
59 133 134 137 138 142 143
82 123 113 90 67 103 70 81 125 68 71 95 127 104 117 94 107 84 76 116 79 129 106 83 96 86 77 128 118 108 85 121 98 88 120 97 110 87 100 69 72 109 75 99 112 89 102 73 124 101 114 130 131 134 135 139 140
123 113 127 116 97 111 129 76 79 109 121 93 74 105 77 108 92 122 94 106 78 69 70 100 72 102 86 89 119 120 71 124 73 103 104 85 118 126 67 81 125 112 84 114 128 65 96 68 80 110 133 134 137 138 142 143
94 97 100 122 99 112 67 102 70 81 84 65 87 111 124 101 71 114 85 113 126 103 116 76 125 79 105 93 74 66 77 80 127 104 117 107 129 106 119 96 109 88 69 91 108 75 86 92 73 131 132 135 136 140 141
97 78 110 100 122 99 112 69 70 72 86 87 101 71 104 85 113 126 103 116 83 95 125 115 79 128 105 81 84 65 96 80 117 107 129 119 109 76 90 91 118 93 108 74 75 121 77 92 131 132 135 136 140 141
65 70 125 102 115 92 72 114 127 104 117 71 116 129 106 119 96 86 128 118 95 108 85 98 75 88 120 110 87 100 77 109 122 99 112 89 79 121 111 124 78 91 68 113 126 103 80 93 130 133 134 138 139 142 143
70 68 128 72 107 84 74 129 106 119 96 73 109 86 66 118 108 121 98 75 88 78 120 110 87 100 77 90 69 122 99 112 89 79 124 101 114 91 104 81 126 103 67 80 116 93 130 134 135 138 139 143
76 79 72 74 121 75 111 124 101 78 114 73 113 90 126 103 125 67 102 69 92 105 68 71 127 104 117 107 116 129 106 83 119 96 118 85 66 98 88 120 87 100 77 122 99 112 89 130 134 135 139 140 143
79 89 102 74 66 111 77 124 101 114 91 81 78 113 126 116 83 125 115 69 92 128 72 95 75 127 107 129 106 119 109 86 67 118 85 121 68 88 120 110 90 122 99 112 130 131 134 135 139 140 143
71 113 126 103 116 93 125 115 92 128 105 95 72 66 127 68 117 107 84 74 129 106 119 96 73 109 86 118 121 111 120 110 87 100 90 122 99 89 102 69 124 101 91 104 81 130 134 135 138 139 143
113 104 85 99 95 109 90 112 114 66 96 77 107 110 126 111 125 115 128 118 88 69 91 72 127 75 117 105 86 108 92 73 103 106 129 119 67 121 100 87 68 120 98 132 133 137 138 141 142
86 129 106 96 75 128 73 118 108 98 120 83 110 87 67 81 84 109 122 99 68 112 89 121 111 124 114 91 90 126 93 66 77 80 102 115 105 95 78 104 117 116 130 131 135 136 139 140
129 108 89 122 73 103 83 67 100 84 114 117 98 128 120 101 85 115 118 99 95 109 90 112 93 66 96 107 110 124 78 111 88 69 91 121 72 102 75 105 133 134 138 139 142 143
98 103 88 125 69 91 115 72 128 89 92 73 127 104 117 106 83 119 84 118 108 87 121 68 85 110 95 122 99 112 102 90 93 74 66 96 77 111 80 124 101 114 78 126 131 132 136 137 140 141
103 101 116 85 106 119 118 108 95 121 90 93 74 66 96 120 80 122 112 111 88 69 114 72 75 92 73 125 115 128 105 83 100 81 127 104 117 107 87 68 131 132 136 137 141 142
90 99 121 111 124 101 91 126 75 77 89 102 115 92 105 78 114 127 107 88 69 72 116 84 96 87 68 128 85 118 95 108 83 67 110 100 81 66 109 122 130 131 135 136 140 141
99 93 66 77 80 126 115 69 104 91 117 72 107 75 89 92 73 106 119 109 108 83 121 67 81 84 120 87 68 100 85 122 102 95 111 124 101 114 131 132 136 137 140 141
109 112 75 105 107 108 89 92 73 111 124 106 114 126 83 72 102 125 84 87 68 101 104 85 127 117 95 67 119 81 66 96 80 121 78 88 122 91 132 133 136 137 141 142
112 122 74 66 96 77 80 110 124 114 78 111 126 88 69 91 72 102 125 75 105 128 108 92 73 106 127 117 83 67 119 100 81 84 68 104 95 132 133 137 138 141 142
75 119 69 118 85 121 88 78 73 110 87 100 122 102 67 111 124 114 68 91 104 81 126 80 116 93 83 125 115 92 128 95 74 127 107 106 130 134 135 139 140 143
119 105 108 89 92 73 106 121 83 120 100 81 114 87 101 122 85 115 118 124 95 93 74 126 96 77 80 125 78 128 111 127 88 69 91 102 132 133 137 138 142 143
67 115 92 105 95 72 127 104 117 107 84 74 116 106 96 73 128 108 85 88 120 110 87 77 122 89 69 111 78 114 91 68 126 80 83 66 125 130 133 134 138 139 143
115 100 81 126 84 114 116 68 101 125 104 85 128 127 95 93 66 96 107 110 78 118 111 121 120 88 69 91 72 102 105 108 122 73 106 124 83 132 133 137 138 141 142
87 93 78 125 128 118 95 127 117 72 107 106 96 108 121 88 81 120 84 110 100 85 122 102 92 124 101 114 104 74 66 77 126 116 130 131 135 136 139 140
93 102 85 111 124 101 114 74 66 77 80 125 105 95 127 104 117 107 88 69 91 116 72 106 96 89 92 73 118 108 121 83 120 110 100 84 131 132 135 136 140 141
89 106 74 77 80 118 108 121 78 120 110 100 88 69 72 122 102 111 124 101 114 91 83 126 116 81 68 92 128 105 85 127 104 117 107 130 131 135 136 140 141
120 126 111 128 88 91 72 102 127 105 108 73 83 121 100 81 84 114 117 68 101 85 116 118 122 95 74 66 96 77 107 80 110 132 133 137 138 142 143
126 104 118 95 74 66 77 107 80 110 124 78 128 111 127 69 91 121 72 105 108 92 122 125 106 83 114 117 68 133 134 138 139 142 143
122 74 66 77 107 80 110 116 78 111 88 121 72 102 105 108 124 83 81 84 68 101 104 85 118 128 95 133 134 137 138 142 143
106 92 73 118 83 108 100 81 84 68 110 101 85 95 111 124 114 74 66 96 77 80 116 128 88 72 102 117 131 132 136 137 141 142
105 100 81 84 118 68 121 101 104 85 95 74 66 96 77 80 111 124 78 116 88 69 91 125 72 102 73 127 117 107 83 131 132 136 137 141 142
92 81 96 84 68 108 121 110 74 66 77 80 102 78 124 101 114 88 69 116 91 125 128 73 95 127 117 107 83 130 131 135 136 140 141
108 69 121 111 73 110 83 100 81 84 68 101 104 85 116 95 125 128 74 96 77 107 80 117 78 132 133 136 137 141 142
100 125 128 78 127 104 117 88 72 121 83 110 81 84 68 102 85 111 124 101 95 116 74 66 96 77 80 131 132 136 137 140 141
125 81 84 114 68 101 85 116 118 95 66 96 77 107 80 110 124 78 111 88 69 91 121 72 102 83 127 133 134 137 138 142 143
102 81 128 66 96 118 77 121 78 88 91 74 111 124 73 83 68 101 85 127 104 107 116 95 131 132 136 137 140 141
68 83 128 95 72 66 104 117 107 84 116 118 85 121 88 110 77 69 124 78 114 91 130 133 134 138 139 143
81 127 117 107 84 74 66 77 80 83 96 78 128 118 88 69 72 110 73 121 111 101 114 91 130 131 134 135 139 140
101 116 95 128 74 96 77 80 127 117 88 91 72 118 121 73 110 83 84 124 114 104 85 131 132 136 137 140 141
72 128 118 85 88 110 66 124 91 80 69 95 104 117 107 84 74 116 96 73 130 134 135 138 139 143
127 83 84 114 117 104 85 118 95 74 66 77 107 80 124 116 78 111 69 91 121 73 133 134 138 139 142 143
74 121 111 88 78 91 80 114 104 117 84 66 116 83 96 128 118 95 85 107 110 77 130 134 135 138 139 143
96 111 124 114 104 84 128 85 117 107 95 66 77 80 78 88 69 91 131 132 135 136 140 141
116 73 85 83 95 124 114 66 80 111 128 118 117 77 107 78 88 69 84 132 133 137 138 141 142
104 83 128 84 118 80 117 95 91 77 111 78 110 88 69 124 114 73 131 132 136 137 141 142
78 110 111 124 91 80 69 83 128 73 117 107 84 66 118 85 121 88 130 134 135 139 140 143
69 128 118 95 85 66 107 110 77 111 88 124 91 114 117 84 83 130 133 134 138 139 143
128 117 118 95 66 80 110 91 121 77 107 73 83 133 134 138 139 142 143
110 111 124 91 114 73 83 84 117 85 121 66 77 107 80 132 133 136 137 141 142
83 107 84 118 121 80 88 77 111 124 91 73 130 131 134 135 139 140
66 114 91 80 85 117 107 84 73 118 121 88 77 130 133 134 138 139 143
85 73 95 117 107 84 118 80 111 114 91 130 131 135 136 139 140
95 124 114 84 117 80 118 121 88 73 131 132 135 136 140 141
107 111 124 114 84 77 80 118 88 73 132 133 136 137 141 142
73 118 121 88 77 111 124 114 91 80 117 84 130 134 135 138 139 143
84 117 121 88 80 111 114 91 130 131 135 136 139 140
121 88 124 114 117 118 111 133 134 137 138 142 143
77 111 91 80 117 118 88 130 134 135 139 140 143
118 91 114 117 80 132 133 137 138 142 143
111 91 80 124 117 132 133 136 137 141 142
114 80 88 91 124 132 133 137 138 141 142
91 80 124 117 130 131 135 136 140 141
124 80 88 117 133 134 137 138 142 143
88 117 80 130 131 135 136 139 140
80 130 131 134 135 139 140
117 132 133 137 138 142 143
130
131
132
133
134
135
136
137
138
139
140
141
142
143
