#/usr/local/lib/python3.10/dist-packages/colab_kernel_launcher.py -f /root/.local/share/jupyter/runtime/kernel-dea7114a-48f2-47cd-9840-9590734c419b.json
# GMT Thu May 23 21:58:27 2024
# 
15 21 14 16 6 1 53 52 61 4 20 47 24 42 7 32 18 5 60 55 59 27 45 31 40 49 0 17 44 128 129 136 137
21 55 32 50 27 36 45 54 49 35 2 30 16 8 19 44 11 53 48 57 25 29 42 28 17 20 12 60 129 130 137 138
7 17 26 12 30 16 2 63 58 5 62 39 57 25 34 56 42 37 0 9 51 60 1 59 18 54 40 8 128 135 136 143
17 58 44 62 48 43 61 2 38 47 33 5 23 11 0 14 41 50 27 36 45 6 22 31 26 63 129 130 137 138
36 53 62 2 43 61 38 47 24 35 37 8 30 0 22 60 25 41 6 45 40 49 58 39 23 34 18 131 132 139 140
53 28 48 50 43 62 26 57 61 10 40 22 32 35 46 60 38 49 0 39 55 54 63 3 33 44 133 134 141 142
18 26 16 6 62 57 25 34 52 61 29 47 42 28 37 23 51 5 46 55 32 41 50 27 45 49 129 130 137 138
26 39 10 2 5 13 43 52 61 56 8 19 33 42 0 3 14 9 60 55 59 23 31 58 44 130 131 138 139
39 57 20 56 23 12 42 60 4 32 5 34 22 55 24 13 35 59 40 49 19 30 11 0 3 131 132 139 140
62 28 58 61 12 45 37 29 2 51 32 5 13 24 35 54 27 19 30 38 49 11 14 33 134 135 142 143
58 48 10 40 50 51 4 43 32 5 61 34 46 30 29 47 59 8 63 20 31 33 25 45 134 135 142 143
9 63 8 49 30 57 25 43 52 29 38 24 33 6 19 28 14 1 60 46 41 59 54 13 31 40 5 128 129 136 137
63 10 40 12 51 42 4 35 54 46 19 8 30 22 16 47 28 11 0 1 31 20 50 34 134 135 142 143
8 2 51 60 5 46 41 50 45 13 22 40 44 16 11 48 1 61 29 56 24 33 128 129 136 137
0 5 14 37 46 32 41 59 27 4 22 31 35 12 57 25 43 20 47 33 28 128 135 136 143
5 55 59 27 16 25 1 6 57 52 47 56 24 33 51 10 28 32 128 135 136 143
11 14 60 2 37 32 41 50 4 27 54 13 22 49 12 30 16 48 34 43 52 38 47 128 129 136 137
14 24 42 51 37 23 1 60 41 50 59 27 45 35 44 25 13 48 57 34 52 61 128 129 136 137
29 50 45 54 25 31 6 49 1 12 23 4 48 52 61 10 47 2 51 16 27 19 22 130 131 138 139
50 35 16 57 56 30 49 22 41 3 33 47 31 20 12 23 42 4 34 133 134 141 142
6 57 3 43 47 56 42 10 19 28 37 46 23 4 60 55 27 54 35 12 25 1 128 135 136 143
57 1 60 23 4 59 45 56 34 37 48 13 54 46 30 19 41 25 134 135 142 143
40 59 45 10 49 44 32 35 38 22 48 43 47 56 1 20 12 34 55 37 132 133 140 141
59 51 43 13 27 46 30 38 22 52 33 55 28 31 20 34 37 10 134 135 142 143
55 32 56 35 54 27 46 19 30 49 41 3 47 28 1 4 45 34 2 133 134 141 142
10 27 45 22 31 49 35 44 12 30 43 20 38 56 33 19 28 32 60 41 128 129 136 137
27 24 41 45 54 19 49 35 44 3 1 47 4 42 51 130 131 138 139
41 42 2 30 38 60 46 3 45 34 48 37 43 61 47 56 132 133 140 141
42 33 44 1 52 61 31 47 34 37 4 35 24 13 45 19 22 132 133 140 141
33 38 3 37 28 1 60 49 2 32 24 13 30 43 52 22 131 132 139 140
38 25 28 51 23 12 4 54 34 2 24 16 44 48 43 19 47 3 131 132 139 140
45 43 32 13 48 56 3 44 25 23 34 54 132 133 140 141
2 54 13 22 31 44 25 52 20 47 24 28 37 4 51 60 128 135 136 143
3 24 19 28 37 51 46 54 22 31 49 35 12 16 43 52 61 56 128 135 136 143
44 56 12 24 37 30 54 22 49 28 1 20 25 52 34 132 133 140 141
56 16 20 23 12 25 48 4 32 43 46 19 49 52 134 135 142 143
25 43 61 28 12 4 51 46 32 54 31 16 130 131 138 139
43 54 12 48 61 47 24 35 46 30 132 133 140 141
61 28 20 23 12 37 48 13 16 30 49 60 52 134 135 142 143
24 60 46 32 54 1 12 4 34 13 51 16 19 130 131 138 139
22 37 46 23 32 13 60 19 12 4 34 129 130 137 138
37 1 20 31 23 32 13 51 19 49 131 132 139 140
46 35 13 1 49 28 32 48 52 34 51 132 133 140 141
51 13 54 47 20 34 48 52 23 32 19 133 134 141 142
16 32 54 31 35 13 48 34 20 47 19 12 4 129 130 137 138
12 52 20 28 23 13 49 128 129 136 137
28 48 52 47 1 32 31 49 130 131 138 139
30 60 13 54 31 49 35 52 20 32 130 131 138 139
49 60 47 23 133 134 141 142
32 19 31 4 131 132 139 140
48 31 4 34 52 13 35 19 60 133 134 141 142
54 52 47 20 31 4 133 134 141 142
31 34 60 1 20 23 4 130 131 138 139
23 34 47 1 20 4 13 35 19 129 130 137 138
19 1 35 34 20 129 130 137 138
13 60 35 1 52 128 129 136 137
60 47 1 20 134 135 142 143
47 35 132 133 140 141
35 52 20 34 131 132 139 140
52 1 20 4 133 134 141 142
4 20 1 128 135 136 143
1 20 128 135 136 143
20 129 130 137 138
34 131 132 139 140
71 81 99 127 122 108 117 121 98 107 84 102 111 97 74 83 92 101 64 87 67 115 124 119 114 91 109 95 68 128 135 136 143
81 122 117 107 116 84 93 102 111 88 106 101 87 72 64 67 110 105 82 91 109 70 104 90 99 85 73 68 129 130 137 138
100 117 126 121 93 111 96 115 88 77 99 101 75 64 67 97 110 114 123 70 109 127 104 92 122 95 90 79 82 131 132 139 140
117 112 65 114 76 68 79 90 98 82 91 120 104 66 85 80 94 102 75 119 123 118 67 108 97 89 133 134 141 142
111 126 121 89 125 120 115 103 84 76 87 106 74 123 93 118 85 96 69 77 80 91 102 64 86 78 132 133 140 141
126 122 95 84 127 76 68 109 82 104 85 115 96 69 88 91 121 94 72 113 75 124 67 78 89 119 70 134 135 142 143
90 103 112 98 107 102 120 83 97 115 64 92 110 67 89 124 119 105 114 123 87 109 68 113 79 99 130 131 138 139
103 121 107 125 120 115 124 96 69 105 98 82 91 93 77 80 70 118 127 113 94 72 65 95 67 78 97 131 132 139 140
92 122 86 78 121 98 116 125 89 106 73 87 82 124 110 119 96 105 123 66 104 108 94 77 91 72 130 131 138 139
122 104 87 115 69 99 66 85 86 116 77 118 80 119 123 83 113 127 65 95 67 97 89 120 134 135 142 143
99 124 119 93 66 85 109 118 127 96 113 88 108 91 94 64 86 120 106 115 76 68 79 98 131 132 139 140
93 96 127 95 113 108 94 73 68 79 102 120 66 85 115 101 88 80 91 75 64 124 119 67 130 131 138 139
96 66 124 86 77 118 83 75 95 89 79 121 98 107 73 74 97 106 87 101 68 69 131 132 139 140
82 108 112 75 65 89 98 107 116 84 88 106 83 73 76 69 119 77 105 114 123 91 118 129 130 137 138
108 120 104 76 106 68 69 77 101 91 124 94 83 123 85 105 97 70 75 89 121 116 98 132 133 140 141
64 69 78 73 120 115 101 110 119 114 91 68 77 95 72 85 113 116 75 79 65 83 128 135 136 143
69 110 119 67 105 114 91 127 113 72 76 80 75 121 107 116 88 106 115 78 77 128 135 136 143
70 112 67 125 102 120 88 97 106 115 83 73 77 119 105 114 127 104 72 94 89 75 84 65 128 135 136 143
112 113 73 65 84 95 79 109 101 74 116 125 85 115 107 80 91 72 83 102 86 67 119 97 123 133 134 141 142
78 79 88 106 115 101 87 73 110 119 105 127 104 94 80 66 77 121 98 107 125 84 102 128 129 136 137
85 110 119 114 104 74 66 75 89 98 107 125 97 106 87 73 65 84 115 129 130 137 138
110 86 88 119 72 94 114 118 113 89 73 95 106 107 121 116 125 98 120 115 91 132 133 140 141
119 77 91 83 72 75 116 97 87 68 109 101 66 133 134 141 142
74 91 109 86 113 67 76 94 80 65 68 98 125 84 102 120 79 88 106 83 101 87 124 72 128 129 136 137
91 124 77 80 105 114 109 65 125 76 102 97 130 131 138 139
105 106 115 80 83 102 75 124 123 97 113 84 87 79 121 101 116 125 120 132 133 140 141
106 116 125 84 120 101 73 104 124 68 77 123 113 83 102 132 133 140 141
115 127 80 113 95 114 67 109 98 121 87 101 133 134 141 142
66 114 123 109 118 86 104 113 72 67 76 107 116 120 79 83 87 68 65 124 128 135 136 143
109 77 80 83 94 75 120 67 65 84 95 124 79 98 118 127 113 132 133 140 141
89 107 125 79 102 87 68 88 120 83 114 123 104 75 127 84 113 130 131 138 139
107 123 118 127 73 113 84 76 68 88 80 83 94 72 102 86 132 133 140 141
67 79 123 118 86 95 104 94 75 121 98 125 120 128 135 136 143
120 75 76 87 79 98 68 124 72 102 127 134 135 142 143
114 80 121 116 125 72 102 113 97 73 76 87 127 68 79 133 134 141 142
79 73 65 76 68 84 88 97 83 77 123 95 128 129 136 137
86 101 80 124 83 75 118 127 95 113 73 65 84 76 116 125 88 97 129 130 137 138
123 127 88 118 80 94 113 97 125 65 95 76 101 134 135 142 143
124 118 80 94 72 65 95 87 68 98 101 104 134 135 142 143
88 118 127 95 104 65 94 116 102 77 72 83 75 130 131 138 139
101 80 65 84 76 121 116 125 98 73 72 118 131 132 139 140
125 65 95 118 80 127 72 94 83 75 97 134 135 142 143
121 73 84 127 98 104 77 118 94 83 102 113 97 134 135 142 143
113 102 97 65 84 87 76 133 134 141 142
73 94 116 102 83 65 68 87 118 95 76 128 129 136 137
104 118 77 80 72 83 75 65 95 76 68 98 132 133 140 141
118 77 72 94 102 75 97 68 133 134 141 142
127 76 77 116 80 65 84 87 134 135 142 143
102 76 87 68 77 116 94 131 132 139 140
95 77 80 83 72 65 84 87 130 131 138 139
76 98 116 84 75 77 68 128 129 136 137
87 116 97 84 68 83 129 130 137 138
65 98 116 72 80 128 135 136 143
77 98 97 83 128 129 136 137
80 94 72 116 68 129 130 137 138
98 94 72 75 97 131 132 139 140
94 72 75 116 84 130 131 138 139
116 68 75 97 133 134 141 142
97 84 72 131 132 139 140
72 75 128 129 136 137
84 83 75 129 130 137 138
83 129 130 137 138
75 128 129 136 137
68 128 135 136 143
128
129
130
131
132
133
134
135
136
137
138
139
140
141
142
143
