#/usr/local/lib/python3.10/dist-packages/colab_kernel_launcher.py -f /root/.local/share/jupyter/runtime/kernel-6c0fbf18-c276-4b2d-9452-8819c27dba4d.json
# GMT Sat May 25 02:42:38 2024
# 
13 88 222 143 9 145 136 149 7 193 85 19 140 195 89 210 23 144 80 124 137 71 247 139 73 183 196 117 238 130 2 240 189 233 125 180 248 105 39 173 120 109 219 232 166 221 236 49 214 148 40 161 229 42 218 504 521
88 26 60 71 134 125 180 193 14 129 184 239 228 76 87 38 232 166 2 113 168 36 223 170 30 64 163 165 73 167 58 101 156 33 63 226 94 149 151 65 206 98 195 70 21 199 146 201 203 192 205 126 51 128 509 510
62 209 156 211 224 22 213 81 215 61 85 46 74 208 10 197 199 212 146 67 80 135 53 137 71 139 9 75 185 198 132 187 41 242 5 16 233 180 235 248 105 65 107 4 57 177 100 115 157 238 214 174 152 24 154 507 508
209 126 190 7 141 222 60 90 120 226 215 84 14 178 159 219 48 78 93 123 206 187 57 87 196 216 85 36 200 81 100 145 205 15 154 43 188 58 18 246 195 42 106 241 65 95 193 10 134 247 49 98 181 242 517 518
81 222 235 47 213 56 7 153 221 69 91 212 93 148 78 29 139 207 57 143 200 66 189 191 125 138 182 118 239 24 54 173 120 188 109 230 111 181 115 170 104 225 65 46 172 216 163 97 231 165 220 49 0 508 509
222 160 111 242 173 203 105 118 152 59 210 161 191 23 106 38 91 170 121 225 204 55 85 198 183 213 64 192 9 77 58 52 3 63 116 150 31 61 148 208 89 245 187 0 221 53 185 117 238 251 200 240 518 519
29 32 221 47 16 115 38 106 40 95 229 42 165 23 86 207 154 27 8 143 37 213 6 202 215 96 72 206 140 129 24 144 67 80 82 3 58 126 1 141 75 117 119 66 68 233 46 59 61 39 230 243 26 7 505 506
32 156 4 92 213 2 96 138 206 74 208 76 144 199 146 188 201 124 137 20 73 141 183 130 77 119 53 187 200 121 242 55 136 112 59 237 250 63 118 107 41 109 243 7 49 170 104 172 1 31 42 97 218 231 505 506
53 160 149 206 208 33 131 144 91 146 1 27 82 205 10 60 128 0 185 77 240 55 176 189 123 244 112 116 118 35 164 177 166 58 25 221 113 234 223 93 38 161 163 231 6 17 220 167 90 224 145 226 506 507
160 132 83 169 47 17 111 26 206 60 41 208 221 223 118 69 18 48 21 187 55 115 202 130 191 246 193 98 79 195 250 9 197 24 107 188 37 243 101 190 181 249 170 183 46 125 25 161 174 104 4 68 49 514 515
39 225 2 227 161 95 110 156 169 5 149 85 153 87 76 12 144 27 201 21 192 247 207 128 141 75 143 132 244 37 59 72 127 182 250 16 171 63 184 31 241 67 188 109 122 10 124 245 100 168 157 49 104 505 506
225 197 148 44 208 78 191 142 236 4 8 38 91 170 2 242 6 85 219 119 149 194 237 109 143 226 239 182 3 146 80 31 114 95 159 174 123 153 151 83 113 117 211 28 220 248 60 139 71 154 105 241 519 520
218 227 90 154 184 169 50 163 108 176 27 106 38 170 166 155 6 36 66 149 100 94 243 98 158 245 203 43 236 249 77 58 137 33 67 1 214 65 189 193 226 49 102 196 181 211 162 234 111 175 56 190 171 518 519
227 118 133 167 97 48 59 142 195 176 27 87 38 189 91 174 219 115 17 130 183 77 141 186 33 245 86 146 247 114 95 238 129 159 40 70 172 74 134 244 217 202 132 113 185 47 9 239 51 175 7 71 173 519 520
97 166 90 181 102 16 238 69 172 50 240 161 84 108 25 176 8 87 85 36 17 164 221 142 79 43 24 214 216 22 3 82 63 139 12 185 200 136 125 68 127 83 116 129 118 47 92 122 177 56 7 245 509 510
166 108 142 215 157 76 106 219 2 208 221 55 36 149 130 64 15 205 73 207 3 200 12 191 95 125 248 10 74 179 192 247 168 181 56 37 172 60 139 165 229 124 150 178 103 133 84 169 25 237 514 515
138 204 153 208 144 212 77 137 150 192 35 99 84 187 244 23 180 136 184 117 197 6 66 51 111 190 245 45 75 60 179 234 79 168 170 183 54 18 229 22 165 220 167 1 31 42 169 125 110 158 21 215 134 512 513
204 202 72 83 147 47 181 92 190 60 251 35 199 229 242 103 133 231 14 129 48 142 76 106 57 8 226 215 136 217 36 17 232 100 194 11 94 98 128 79 212 173 43 24 54 188 58 18 182 80 125 119 248 517 518
129 155 85 115 119 19 49 0 135 203 150 98 79 109 205 9 207 141 82 116 189 35 16 1 184 74 234 249 51 92 238 11 96 161 174 41 163 176 54 69 33 226 147 112 76 140 110 91 121 221 512 513
155 239 123 104 177 102 83 2 136 117 47 17 51 249 11 96 139 41 120 242 178 133 84 3 108 213 131 142 162 217 27 21 36 115 157 149 159 94 109 28 73 77 22 101 82 187 71 16 31 20 180 193 195 514 515
148 168 223 31 212 144 95 214 14 44 74 194 72 211 11 193 60 71 5 239 24 54 199 118 241 177 108 234 247 131 27 57 87 238 242 6 244 100 19 34 169 224 158 28 228 77 58 230 151 37 146 513 514
168 25 78 112 184 38 55 36 179 247 130 30 164 170 45 147 98 231 126 220 180 235 150 12 42 215 144 46 125 113 117 203 47 28 205 51 194 145 26 60 120 211 124 5 16 202 69 20 103 133 515 516
113 147 48 78 206 87 110 201 64 15 45 139 73 24 54 130 77 107 58 119 240 22 101 52 3 33 63 233 193 80 61 114 235 95 250 171 40 93 74 177 49 0 72 28 170 216 163 16 143 224 511 512
147 189 191 51 145 141 90 239 186 199 35 84 192 14 234 247 59 27 87 2 165 178 6 66 180 119 130 237 45 226 109 143 215 162 58 137 52 210 116 61 42 161 65 144 152 89 74 134 68 187 102 513 514
27 107 5 230 164 179 14 100 236 157 104 159 108 150 42 33 154 156 15 79 92 149 83 96 219 140 153 208 3 76 197 199 192 84 205 139 196 130 251 64 119 132 187 125 59 235 173 504 505
107 196 72 132 202 244 246 64 94 237 184 43 24 131 243 22 82 232 86 67 179 1 80 223 236 170 117 70 21 167 98 28 171 213 92 149 151 219 60 221 35 199 201 44 78 150 205 4 207 249 510 511
132 215 151 52 63 67 210 199 80 114 125 89 40 194 141 4 0 198 83 145 47 28 189 202 244 136 178 92 193 56 195 175 122 190 232 181 159 106 57 2 231 233 130 167 156 45 75 211 224 512 513
192 211 165 31 144 189 21 93 74 153 199 241 72 243 9 234 249 141 240 184 220 14 224 59 215 228 57 217 136 221 6 36 149 179 64 98 128 79 158 143 173 205 43 54 77 137 33 167 516 517
211 96 190 90 41 71 16 133 241 243 78 187 8 87 236 91 55 66 229 242 194 145 231 15 98 79 158 173 54 18 182 101 116 146 161 191 221 180 31 12 223 189 140 89 74 134 49 0 518 519
51 235 169 90 105 44 3 33 94 48 217 221 199 80 93 30 0 15 45 71 84 139 73 128 28 7 72 193 114 127 74 250 184 118 239 131 67 4 58 179 247 60 17 119 95 55 167 35 506 507
235 124 184 24 244 122 103 182 163 186 82 33 167 191 195 89 40 70 104 119 68 49 183 0 28 162 77 156 171 120 165 199 16 180 20 50 114 144 59 206 4 57 72 243 245 55 6 219 17 519 520
90 163 110 233 71 224 92 105 16 94 69 149 96 44 208 78 59 144 212 6 36 249 141 196 130 143 45 79 121 189 43 24 136 191 18 116 120 230 177 111 245 70 234 247 83 106 161 174 509 510
163 120 236 143 172 50 14 231 48 78 59 91 121 85 36 17 164 30 75 197 212 43 73 54 203 137 52 67 251 187 65 10 89 21 246 104 193 157 72 102 34 47 28 92 190 179 181 514 515
2 50 105 226 52 120 241 162 164 177 100 223 91 161 150 42 205 152 141 143 92 202 15 28 206 74 195 208 8 199 146 243 82 203 245 18 139 115 238 108 123 178 46 167 127 116 504 521
50 159 93 11 86 220 154 43 24 224 92 213 18 202 215 33 206 74 42 210 131 212 133 10 188 82 58 71 181 34 196 130 251 77 26 37 57 233 237 250 175 230 243 164 219 23 8 102 223 157 506 507
111 156 224 8 87 228 91 151 221 15 157 133 146 201 73 203 150 126 139 198 1 80 200 123 244 89 70 246 193 93 83 122 243 124 179 234 26 56 181 71 238 172 119 240 20 229 152 14 167 510 511
4 96 230 164 100 221 146 159 93 40 161 203 150 31 86 20 1 77 68 215 142 184 76 65 120 133 188 201 122 177 245 16 5 247 60 49 110 233 167 59 114 224 105 118 173 228 162 504 521
96 99 19 154 101 83 92 60 140 41 210 212 18 201 135 3 150 126 139 249 12 42 251 121 134 85 36 125 49 127 116 237 250 239 120 122 82 86 234 181 236 80 183 117 46 174 152 509 510
83 94 47 210 131 91 146 60 69 141 183 187 121 23 189 123 244 246 127 248 169 17 250 184 239 30 241 188 177 245 179 221 58 115 18 157 170 238 22 214 216 80 31 65 101 508 509
99 104 117 60 71 5 69 84 156 169 78 59 202 215 38 91 153 6 210 30 11 64 94 45 98 73 54 194 141 77 58 183 196 251 143 22 52 3 67 134 80 42 125 65 89 21 93 239 173 186 68 100 170 510 511
187 217 230 162 18 52 150 12 42 114 70 21 93 104 198 200 19 49 189 151 191 47 239 37 41 188 243 5 84 48 238 131 240 142 229 185 55 115 224 64 94 45 109 516 517
217 49 151 34 136 215 194 11 145 120 203 35 118 127 59 214 57 8 110 239 85 36 179 30 64 15 79 9 238 126 137 22 101 229 165 116 169 16 150 31 114 144 95 125 224 25 159 89 134 518 519
104 219 197 131 144 48 133 194 249 55 36 66 143 100 64 15 45 79 123 244 136 250 171 33 122 232 124 46 179 234 181 89 70 21 223 161 231 165 47 220 167 224 145 158 16 510 511
219 237 23 68 8 151 241 117 47 221 75 60 139 154 118 69 18 3 195 121 85 36 119 198 19 158 243 181 28 73 190 7 171 201 249 135 86 67 1 80 46 197 44 159 233 518 519
15 110 244 233 246 46 59 61 237 63 52 228 120 241 54 122 177 232 58 95 216 84 8 20 101 158 26 136 85 153 195 87 21 76 131 144 3 67 124 18 64 119 174 121 176 504 505
110 75 60 175 177 24 124 181 108 61 12 121 231 233 154 100 237 19 213 228 28 151 206 153 210 22 71 212 135 46 152 128 141 74 130 143 23 145 8 134 123 244 125 248 182 195 250 510 511
120 152 21 55 6 115 66 30 75 43 142 144 101 52 33 201 135 1 42 150 126 247 249 141 89 183 251 143 200 49 242 72 248 131 122 177 245 234 59 172 240 229 511 512
18 115 249 3 119 16 174 1 134 178 191 167 169 61 237 164 56 177 17 45 100 234 42 84 31 143 145 37 158 200 215 30 72 85 74 250 197 67 245 137 126 7 504 505
115 103 250 131 228 112 241 175 122 177 87 245 21 55 100 172 240 94 45 75 229 231 7 158 52 61 114 46 140 221 210 201 38 150 207 92 183 143 11 200 136 5 180 511 512
37 165 28 198 145 200 213 202 5 127 14 197 65 135 71 181 21 17 183 130 119 242 176 244 44 178 191 246 180 169 61 224 184 226 52 173 162 54 109 230 164 153 221 38 214 19 40 505 506
165 71 105 5 16 20 198 59 244 112 23 38 121 184 197 85 119 149 11 177 64 94 234 98 128 236 249 162 9 137 101 82 33 220 80 114 89 40 74 19 47 212 214 26 514 515
92 101 9 149 206 140 197 48 203 137 205 126 196 91 251 185 36 45 125 180 193 250 105 3 122 67 245 100 234 1 12 236 46 172 70 21 161 216 231 19 72 167 509 510
101 126 7 198 200 121 136 178 180 114 127 48 118 186 245 66 223 236 159 98 106 240 174 216 24 176 77 220 233 154 33 67 158 226 80 31 61 149 151 40 34 135 190 510 511
69 117 1 61 12 42 216 231 152 68 145 105 226 94 162 85 140 153 87 26 142 41 144 199 146 5 190 82 84 247 183 130 185 123 70 112 180 193 127 45 131 43 164 100 234 170 507 508
117 151 140 208 46 133 214 0 207 128 249 130 43 73 145 136 52 178 41 195 95 239 131 14 241 230 93 74 124 23 179 8 38 181 102 223 172 66 229 30 45 220 54 511 512
25 47 102 157 159 214 106 216 205 152 86 75 35 200 26 136 28 151 72 193 206 127 208 184 76 65 199 80 190 245 71 73 49 238 21 66 189 233 103 224 24 105 52 94 228 54 30 153 45 504 505
47 149 23 85 153 195 142 76 197 78 133 146 11 45 124 60 194 128 183 198 200 121 134 55 189 123 57 12 116 237 54 109 245 223 236 161 174 108 167 506 507
103 170 17 172 106 119 240 174 178 5 35 167 84 171 78 215 151 91 142 6 85 36 201 214 135 0 150 249 43 73 145 7 52 134 136 246 114 127 44 10 186 93 133 230 68 72 179 247 181 510 511
1 67 80 82 84 247 141 9 185 119 200 134 136 246 180 114 61 182 237 63 184 105 239 228 177 245 221 181 236 172 229 86 220 35 226 151 21 76 212 12 146 504 521
67 42 84 205 46 194 40 19 0 244 233 125 114 248 169 173 228 41 175 122 243 221 223 236 157 170 238 231 167 6 156 30 64 215 60 72 85 195 33 190 507 508
6 182 105 173 228 162 230 243 56 245 179 172 174 216 42 86 207 156 158 17 30 72 85 21 210 10 82 203 124 16 126 73 183 75 130 240 66 242 55 68 57 504 521
182 66 240 98 177 158 43 54 77 156 171 82 86 215 61 12 42 65 221 159 10 21 223 93 123 212 157 201 214 68 216 72 28 251 26 71 202 173 124 246 20 250 188 91 234 174 516 517
17 48 116 226 109 177 221 234 7 89 102 49 91 159 5 106 150 207 20 79 134 215 193 85 140 11 87 63 76 186 78 133 194 238 119 174 108 242 123 178 246 504 505
48 30 102 170 238 43 154 22 33 169 145 202 153 195 87 208 146 203 9 137 128 249 141 183 75 41 185 79 134 178 112 125 44 59 171 63 23 8 109 230 243 232 124 506 507
22 126 128 75 64 77 55 123 112 59 127 169 171 65 186 109 243 56 177 181 223 236 238 38 106 161 108 31 167 35 24 158 226 94 149 98 140 10 153 21 89 131 133 9 504 505
126 52 200 80 31 12 95 184 68 19 199 243 9 232 245 56 238 185 35 178 14 226 8 38 228 102 149 206 36 66 208 100 223 144 201 214 203 43 73 118 122 207 512 513
108 14 23 220 106 57 224 145 158 36 215 100 151 45 98 79 142 210 131 144 77 190 124 205 247 194 61 130 251 198 200 242 74 246 193 114 169 171 241 175 122 164 60 245 510 511
230 57 151 215 200 100 179 11 175 64 124 203 24 137 152 186 63 131 161 31 12 95 46 189 174 21 74 153 119 248 0 162 243 226 245 171 201 139 154 178 212 142 519 520
66 169 43 105 239 109 52 63 232 179 100 221 102 236 91 172 214 216 156 158 79 151 72 140 5 35 76 210 133 135 59 190 73 128 249 55 121 189 244 233 114 507 508
169 164 205 45 139 196 198 200 213 52 82 167 127 142 61 76 106 46 10 243 177 19 64 181 128 238 43 174 244 16 237 114 125 14 89 93 23 102 515 516
43 185 119 200 55 178 191 72 61 171 239 228 122 164 56 232 45 172 174 42 229 86 46 162 153 74 26 7 78 214 135 247 139 194 207 141 183 506 507
185 73 52 82 232 146 42 176 210 159 40 21 153 205 183 220 102 181 9 26 7 154 105 184 150 118 14 201 243 112 194 249 57 87 238 85 179 130 231 164 145 233 45 516 517
122 249 170 42 57 172 240 242 176 231 220 167 180 19 224 237 213 226 9 58 221 86 16 31 61 46 59 23 8 56 206 127 20 175 177 190 232 245 112 511 512
249 186 3 82 246 86 61 95 189 10 68 213 102 177 181 245 7 184 5 35 229 180 114 14 44 212 242 215 36 251 164 139 158 207 188 137 520 521
23 243 98 34 216 150 86 141 158 200 5 94 136 20 72 140 153 195 87 208 188 82 203 137 194 128 75 198 244 178 233 125 59 171 63 226 173 241 54 175 504 505
243 42 38 130 45 128 79 24 54 141 146 80 31 46 197 208 93 206 151 102 250 60 71 247 124 5 188 133 84 186 231 244 131 520 521
75 112 125 246 52 180 63 239 12 228 162 109 10 21 74 72 214 106 28 84 231 220 167 213 14 85 140 208 76 78 212 188 201 55 36 30 45 251 198 174 508 509
52 247 60 207 196 176 189 191 193 237 171 239 3 186 175 102 170 93 214 49 154 224 7 35 206 140 208 76 89 133 201 135 137 38 205 506 507
57 241 175 179 100 234 95 216 12 152 145 226 94 162 151 140 74 133 41 190 82 124 5 71 60 73 196 14 130 77 119 176 189 70 59 180 72 250 173 507 508
241 8 174 11 213 94 128 79 158 162 73 24 156 251 61 144 95 159 89 40 212 246 206 151 145 175 26 41 173 154 105 35 16 237 20 233 14 78 131 176 520 521
131 190 245 236 100 28 41 116 213 162 153 123 210 159 8 87 203 150 36 194 30 251 143 198 60 109 136 54 195 63 197 112 31 42 175 106 512 513
190 112 31 196 176 10 40 174 70 202 49 183 248 34 158 197 77 137 7 245 234 35 150 231 106 38 237 36 79 184 212 118 152 203 3 82 127 516 517
244 173 247 77 141 216 63 214 114 95 40 174 21 234 123 68 19 49 213 102 34 226 139 41 44 178 212 242 172 161 176 221 38 215 194 520 521
80 201 61 203 139 40 34 189 123 127 248 195 41 118 5 35 164 124 181 238 240 38 231 220 30 105 228 162 54 151 77 58 98 142 89 508 509
73 119 134 176 123 246 193 114 250 184 188 0 72 232 179 221 9 236 170 229 233 224 74 142 36 78 212 30 201 24 54 128 196 130 251 508 509
105 174 231 45 158 54 82 133 201 91 203 205 128 49 0 143 64 94 121 178 77 112 246 127 41 116 171 35 186 228 65 177 232 245 179 74 102 510 511
174 197 63 179 194 42 76 87 251 36 242 119 130 233 0 94 98 237 208 150 31 61 95 214 44 68 196 72 102 26 56 248 515 516
31 188 196 119 240 242 134 68 189 123 178 180 193 248 173 30 162 56 98 232 236 159 172 229 150 152 167 224 213 0 142 197 212 505 506
188 12 106 70 224 94 213 226 128 181 7 221 41 210 223 5 214 114 207 172 153 68 8 102 202 164 248 45 60 154 152 84 3 82 63 127 142 238 516 517
8 41 98 232 221 157 91 40 216 229 152 86 220 20 154 156 24 200 149 151 206 153 89 210 201 203 196 9 251 11 231 178 191 112 61 63 504 521
11 246 9 167 118 173 175 34 89 102 223 10 159 93 106 161 95 152 207 141 35 198 213 134 28 149 127 19 250 76 65 186 78 16 179 181 128 183 172 119 240 504 521
246 213 228 79 24 237 137 220 171 201 82 33 63 199 95 89 40 74 157 102 145 56 139 41 71 152 44 231 127 59 112 191 176 189 170 198 520 521
247 216 167 210 161 191 142 42 140 70 74 149 19 183 34 128 77 156 201 41 135 199 20 233 84 242 157 87 38 200 205 173 154 207 54 520 521
84 236 170 159 172 16 95 231 154 74 224 38 202 26 142 45 210 71 203 3 128 78 143 12 123 136 191 125 248 195 19 64 186 228 177 509 510
236 44 186 78 210 161 214 195 176 189 140 121 198 100 162 58 171 63 135 116 146 199 12 144 125 40 153 19 49 251 151 34 28 194 143 519 520
10 21 210 144 78 245 205 139 194 196 121 176 70 191 59 248 250 171 184 173 186 54 175 164 98 234 106 40 216 42 152 207 33 154 145 202 94 85 153 504 521
21 63 76 144 124 179 181 194 178 59 114 224 239 173 41 98 89 102 93 40 150 141 3 24 79 136 28 70 72 504 505
54 64 240 134 68 70 191 112 233 59 250 63 173 56 93 150 207 220 154 49 200 202 193 206 87 208 65 199 245 205 194 506 507
64 70 112 127 33 63 116 184 239 173 65 42 175 109 124 223 157 170 154 226 202 162 98 153 142 146 135 205 194 30 183 200 242 134 189 507 508
100 180 59 250 171 173 91 124 179 170 159 229 82 33 167 86 145 213 42 40 208 19 49 212 146 9 71 130 198 121 189 202 510 511
180 98 194 143 173 82 202 61 195 114 125 237 197 74 232 245 181 162 183 175 229 60 231 124 16 118 224 133 215 206 76 87 121 223 515 516
205 233 213 114 65 215 123 134 68 19 49 72 136 214 164 145 207 139 184 152 33 161 191 42 140 85 130 94 45 240 58 171 201 517 518
233 45 203 154 184 133 186 216 63 78 210 189 149 19 232 0 177 245 56 171 201 240 135 5 35 114 125 44 159 239 87 102 519 520
3 194 238 231 191 112 46 59 248 116 171 184 223 170 172 93 229 220 20 154 77 24 145 158 26 136 151 85 208 197 146 201 14 58 504 521
223 250 14 78 93 172 206 106 87 196 194 207 77 152 167 86 161 195 46 189 193 40 153 119 49 0 213 102 162 9 35 199 16 20 518 519
250 55 119 183 0 213 45 98 79 9 171 82 248 16 125 134 72 151 215 200 175 26 41 35 152 186 216 63 78 191 142 12 87 520 521
94 136 191 7 173 234 157 59 172 161 38 154 85 158 215 149 162 79 140 197 210 199 212 82 86 135 137 65 196 143 74 176 509 510
136 109 28 9 164 208 26 82 210 157 86 116 214 216 44 89 134 145 102 175 24 177 118 78 170 12 161 76 46 178 512 513
201 61 125 89 40 70 123 74 68 175 143 5 78 229 161 191 76 189 121 36 119 198 130 228 30 214 186 135 517 518
79 242 134 9 191 112 193 56 5 14 221 59 102 238 93 231 86 30 45 224 202 85 98 153 87 142 197 144 133 12 150 130 251 508 509
242 109 124 152 82 216 191 170 202 19 0 34 28 9 226 220 71 5 35 16 144 197 231 93 153 157 76 87 72 91 121 196 130 520 521
112 124 45 234 152 42 76 156 106 171 85 215 151 68 19 140 208 9 199 133 135 26 56 207 65 202 125 127 102 237 184 239 186 175 511 512
5 216 152 220 20 154 224 213 26 202 87 142 212 146 203 16 137 181 183 196 189 123 46 114 237 171 118 173 228 177 504 521
65 78 91 212 82 128 251 28 134 193 195 173 186 14 44 109 179 159 172 240 216 229 45 154 167 213 215 228 149 33 63 85 61 12 507 508
78 40 70 157 74 106 68 0 95 86 167 206 98 140 87 59 91 139 128 141 196 251 121 134 114 58 228 109 508 509
156 196 251 198 26 200 124 16 20 133 44 177 76 232 245 240 161 176 109 178 220 24 58 137 237 158 173 215 150 42 114 144 125 214 68 0 194 28 514 515
196 58 82 86 208 221 210 193 214 74 72 102 207 164 145 56 239 14 59 191 176 76 189 91 36 229 45 220 177 128 224 517 518
216 150 197 14 212 59 123 231 121 215 36 200 232 139 109 24 137 186 82 12 176 89 70 119 68 202 158 28 71 135 518 519
12 137 58 183 0 251 240 231 178 114 224 116 228 162 56 153 38 159 95 150 220 143 35 198 26 70 19 76 197 146 504 521
89 142 210 199 146 135 28 251 56 134 178 193 237 63 239 76 232 36 170 0 152 220 145 158 86 162 61 98 208 509 510
142 93 170 72 229 152 26 56 7 60 124 35 228 162 44 127 153 212 140 91 203 45 143 58 137 63 195 114 46 513 514
149 193 248 72 34 28 239 139 143 35 20 172 240 229 127 106 158 213 55 215 119 212 214 141 203 116 194 251 93 74 49 513 514
193 197 98 177 109 181 194 141 150 61 44 178 159 123 153 224 145 143 173 154 184 133 186 215 121 206 70 85 516 517
42 245 137 194 14 251 61 116 173 164 177 24 153 45 102 141 40 145 158 19 151 74 210 506 507
61 135 71 198 119 134 114 171 63 118 173 162 234 34 157 238 106 95 41 35 224 44 202 59 151 146 507 508
167 181 183 71 172 124 231 127 87 215 228 206 221 130 203 77 251 146 198 46 191 44 70 134 195 232 514 515
134 140 24 116 141 95 183 125 143 40 70 176 34 228 175 60 221 234 20 170 133 152 106 154 162 512 513
82 139 200 248 118 186 60 41 234 157 170 214 152 76 158 213 151 45 85 135 33 137 508 509
139 231 220 114 95 40 93 164 68 49 102 34 199 28 212 203 26 41 71 133 140 106 85 175 45 128 183 161 512 513
109 76 106 38 125 118 173 234 170 159 150 158 215 151 153 208 197 210 144 7 146 137 20 207 128 14 130 251 59 240 510 511
202 128 206 162 9 41 71 95 44 229 157 224 164 143 124 234 210 152 133 63 203 176 76 140 70 49 215 0 517 518
58 119 200 123 70 55 59 248 116 19 184 228 28 164 157 172 14 44 86 220 213 226 153 195 56 197 41 199 71 128 507 508
144 199 93 19 0 102 191 41 124 35 184 173 44 179 234 38 121 85 176 220 128 171 228 116 208 95 125 157 513 514
199 125 159 123 198 49 102 9 206 175 124 16 20 127 251 106 91 55 220 179 130 45 143 228 137 186 33 150 517 518
116 137 55 85 128 141 130 251 189 123 191 248 46 164 40 232 181 170 72 9 176 231 60 158 35 228 20 59 208 76 146 511 512
137 143 200 40 191 93 74 195 171 34 186 175 9 26 181 41 238 176 87 215 162 206 30 208 221 512 513
9 28 19 140 195 63 128 183 238 172 121 55 176 224 239 41 30 98 34 210 102 91 159 93 203 504 521
198 206 248 7 171 86 150 159 70 153 240 229 102 34 28 56 228 143 184 208 14 44 212 87 38 189 179 177 158 162 517 518
206 68 0 34 212 26 7 71 154 14 59 161 76 106 121 55 179 234 143 203 24 77 141 135 95 159 517 518
91 175 179 38 238 161 95 176 30 220 154 145 162 140 87 157 146 55 49 194 128 34 251 121 191 127 35 20 509 510
7 86 77 26 140 87 63 197 194 128 251 121 44 178 59 114 248 226 118 239 228 41 98 45 221 34 157 212 38 106 504 521
86 141 200 14 59 178 248 237 171 118 173 36 175 234 238 176 33 224 145 213 226 151 140 0 87 34 210 28 509 510
19 151 85 87 197 181 16 238 55 127 237 171 118 228 177 232 102 36 157 38 106 95 152 44 207 143 504 505
212 40 59 93 214 38 56 60 143 154 248 186 63 106 87 55 36 130 34 98 158 181 239 518 519
72 228 49 0 221 56 41 152 141 130 14 191 125 38 114 248 237 177 102 170 172 95 508 509
125 146 214 183 251 191 74 186 68 28 56 240 229 124 152 224 162 76 38 121 140 511 512
28 158 213 146 14 55 68 178 127 237 177 179 221 34 161 95 152 207 220 141 0 505 506
143 77 26 56 71 158 162 164 153 208 221 68 30 200 248 195 76 239 0 513 514
30 46 63 173 186 56 26 179 36 157 106 229 152 207 220 35 145 0 153 87 208 197 210 24 124 121 176 123 70 505 506
46 146 45 203 71 24 60 128 141 33 119 55 123 70 114 63 228 0 98 157 95 35 220 158 140 36 210 506 507
140 175 0 179 56 161 229 16 118 133 14 224 158 127 226 38 36 203 200 189 248 40 513 514
228 130 194 224 24 63 210 161 191 189 49 213 128 181 220 135 44 251 123 519 520
171 207 189 24 195 133 175 232 179 170 181 68 128 231 220 213 226 41 71 215 20 203 515 516
207 240 41 71 231 150 20 114 95 197 237 239 123 151 210 145 220 213 215 195 106 248 170 40 70 77 251 517 518
158 178 60 197 118 133 14 170 183 76 240 226 24 123 74 157 68 151 514 515
14 159 20 33 151 153 124 60 251 119 240 121 176 189 123 114 127 237 118 175 504 505
146 150 95 123 34 186 71 175 118 133 172 240 154 130 226 45 128 151 153 141 157 16 513 514
150 20 95 44 87 239 173 186 175 232 170 127 229 231 220 70 164 77 56 41 513 514
60 152 154 224 145 162 55 85 98 49 210 157 93 56 194 130 251 181 183 238 507 508
215 232 164 203 184 118 127 195 121 36 181 141 234 214 114 0 518 519
49 74 195 208 210 0 183 238 248 237 184 164 98 232 157 170 161 41 145 35 506 507
16 40 191 208 210 186 133 56 203 71 194 119 176 178 114 184 239 164 98 232 102 36 159 504 505
40 197 20 133 135 245 130 251 121 68 127 184 56 98 221 157 238 229 152 220 213 505 506
170 127 245 55 130 231 128 77 33 221 123 200 26 71 195 197 515 516
20 159 93 214 231 154 35 74 133 194 77 119 121 55 68 189 178 59 173 186 162 0 179 221 36 504 505
159 214 127 203 87 38 55 85 145 237 239 77 33 238 172 74 231 0 178 224 141 162 514 515
154 229 220 118 226 44 127 164 55 214 130 203 251 141 189 191 195 184 234 514 515
55 237 118 239 175 177 102 238 95 152 34 224 208 210 93 71 194 141 119 506 507
41 231 152 224 24 208 124 0 34 70 191 239 164 56 157 214 161 505 506
226 124 186 33 63 245 234 214 176 238 0 128 162 77 71 135 232 35 197 208 59 74 151 519 520
76 175 70 183 240 71 213 44 85 98 214 36 45 24 248 237 118 239 508 509
175 130 214 123 189 0 34 248 195 197 56 179 234 181 238 152 240 127 161 515 516
231 184 35 152 161 176 87 183 213 177 95 240 208 200 164 519 520
237 119 179 130 224 173 214 70 123 153 0 26 71 133 59 157 106 87 38 238 519 520
102 162 221 133 203 194 251 33 114 184 118 177 34 229 35 510 511
85 177 234 172 240 176 224 98 153 208 197 157 214 33 189 248 509 510
119 248 177 106 179 181 172 34 71 162 153 208 210 38 128 251 511 512
221 123 145 152 186 63 248 195 176 98 128 141 95 518 519
59 93 33 224 213 56 191 248 63 184 507 508
164 121 130 145 124 152 127 220 161 213 195 34 26 56 245 35 172 176 93 178 514 515
127 234 45 172 33 224 95 151 74 210 194 35 189 178 36 512 513
234 161 106 121 36 183 213 33 135 114 95 0 34 200 194 248 197 519 520
44 172 161 220 213 36 153 195 197 210 133 203 124 71 183 238 240 121 68 70 248 179 26 506 507
38 162 45 172 93 151 33 186 251 34 240 121 176 178 191 224 63 173 505 506
162 184 197 239 245 152 63 178 130 224 0 135 35 514 515
70 197 181 183 238 77 123 178 248 239 56 157 229 63 220 224 151 87 208 508 509
229 35 118 210 195 176 33 238 251 95 172 74 68 34 232 200 194 224 26 519 520
245 161 176 87 130 34 56 178 172 153 240 200 173 124 184 33 520 521
106 179 152 220 145 98 24 133 135 203 68 178 114 248 26 239 510 511
189 24 63 68 0 232 26 35 118 133 186 200 36 516 517
240 24 133 63 210 161 195 238 183 77 71 135 95 36 248 184 520 521
124 176 178 34 153 26 71 203 197 45 177 24 181 183 172 511 512
24 114 248 239 173 232 172 161 33 77 26 153 74 141 504 505
161 118 133 238 213 135 95 200 68 191 145 186 514 515
248 183 77 141 178 151 34 145 26 152 210 520 521
197 68 203 177 141 71 114 208 153 121 173 184 517 518
191 98 77 220 93 172 68 34 152 200 176 239 36 516 517
181 63 195 186 179 128 56 74 157 151 203 220 515 516
251 33 214 93 123 213 26 178 208 176 98 520 521
63 68 177 34 26 200 210 135 507 508
194 33 135 178 123 157 203 56 173 35 213 118 195 516 517
77 145 121 239 68 232 35 33 151 87 93 214 135 203 508 509
135 141 74 34 195 184 239 56 177 232 118 220 121 36 213 98 128 208 33 214 512 513
33 68 184 56 232 45 36 214 152 200 195 505 506
93 208 157 87 200 121 123 184 173 186 133 238 74 95 35 509 510
208 157 56 87 238 183 98 141 517 518
210 123 74 153 200 224 173 239 98 518 519
128 184 74 179 238 118 87 214 203 152 512 513
213 71 232 118 179 224 177 95 34 518 519
151 145 26 56 203 118 36 238 141 178 224 513 514
152 121 157 118 184 179 513 514
95 203 183 130 123 177 220 509 510
98 173 232 176 220 153 157 203 510 511
123 145 74 34 186 133 56 179 176 178 511 512
34 153 195 186 68 239 56 177 232 26 141 505 506
214 114 178 36 239 232 186 179 56 518 519
118 176 45 203 68 121 239 173 133 87 511 512
35 26 130 178 186 177 238 172 505 506
224 36 183 45 519 520
157 153 203 145 184 121 179 68 0 176 514 515
71 145 87 133 114 184 36 508 509
45 114 186 179 0 183 121 506 507
176 177 232 183 56 195 515 516
186 36 130 141 232 172 153 145 133 516 517
133 238 220 114 36 200 179 512 513
238 121 232 68 200 145 520 521
200 114 178 74 56 87 517 518
177 239 68 0 26 515 516
203 68 232 517 518
239 179 183 74 232 173 520 521
26 141 130 68 178 56 232 172 0 504 505
0 130 121 173 145 504 521
68 195 121 178 507 508
114 195 173 183 153 511 512
141 145 232 172 87 153 513 514
145 232 179 172 513 514
220 87 195 178 518 519
172 121 184 232 183 178 515 516
153 513 514
184 179 232 121 516 517
173 130 515 516
178 515 516
232 121 179 130 519 520
183 195 121 74 516 517
179 515 516
130 74 56 512 513
56 507 508
74 508 509
87 195 509 510
36 195 505 506
195 516 517
121 511 512
458 469 356 390 435 473 324 384 462 475 261 477 333 397 312 342 459 257 268 370 465 434 400 443 256 260 392 343 422 337 367 269 371 401 316 297 327 350 429 488 276 389 393 453 353 338 417 319 398 498 313 317 411 426 480 517 518
469 256 418 452 265 397 312 406 440 404 336 281 311 443 394 466 447 279 358 260 339 254 273 407 491 258 318 493 454 327 429 380 410 463 444 325 378 329 442 393 274 304 285 481 417 402 472 283 298 430 262 341 292 386 518 519
356 351 407 451 385 387 459 380 501 258 318 448 450 373 441 375 496 388 276 432 274 255 338 319 480 427 374 495 264 294 484 418 473 262 341 475 409 345 411 424 271 301 360 354 415 286 261 406 461 314 421 259 289 287 510 511
375 471 316 405 350 361 462 453 368 332 283 382 366 347 298 292 273 443 445 500 305 335 365 369 261 303 333 284 493 385 429 308 289 431 323 486 291 426 415 428 300 360 417 364 485 256 487 328 260 408 465 414 282 263 511 512
471 326 405 480 493 452 363 486 282 475 461 293 323 357 436 440 472 255 468 285 300 474 462 294 343 422 373 445 307 337 288 352 382 350 429 331 410 414 261 295 329 408 393 488 274 353 338 417 368 421 317 296 411 281 518 519
388 410 286 331 265 344 310 340 405 460 407 323 319 398 257 466 332 402 266 381 446 345 386 503 463 320 439 452 290 354 305 254 443 390 282 502 267 342 370 442 385 488 330 383 364 283 264 358 494 373 262 419 487 252 512 513
410 299 441 496 445 489 376 357 425 427 374 404 355 442 418 300 330 475 279 339 479 373 481 307 337 470 483 352 472 485 282 476 331 465 295 276 480 414 378 408 285 253 283 451 396 444 405 256 390 503 305 439 514 515
391 415 304 334 417 430 368 472 419 463 298 277 322 386 320 286 365 475 409 464 265 348 308 289 312 342 446 448 437 296 441 379 330 498 364 445 447 339 489 373 254 440 482 442 282 433 422 435 261 477 325 276 378 329 270 512 513
415 342 293 475 395 376 490 424 479 272 470 483 379 330 421 328 279 290 362 392 467 407 337 456 316 297 399 295 466 306 340 315 501 387 338 368 452 298 441 292 273 409 301 335 425 261 363 497 397 431 308 486 514 515
470 479 372 323 376 370 351 460 277 349 281 311 392 258 288 297 331 395 455 459 276 440 488 329 389 374 490 503 438 315 253 498 396 487 381 262 426 322 326 420 493 271 435 252 465 324 305 412 344 408 477 308 423 518 519
479 370 296 277 330 462 256 447 309 260 362 254 426 456 318 371 297 327 500 414 459 329 359 310 493 442 393 472 334 468 398 332 313 488 501 317 381 481 424 390 320 271 354 335 463 333 284 314 265 446 278 486 519 520
302 343 254 358 468 336 461 270 401 285 326 283 341 462 398 292 273 440 334 497 310 444 457 378 499 286 380 314 435 369 503 371 426 278 311 379 257 268 489 357 478 425 480 493 416 308 429 350 484 256 352 260 420 290 422 506 507
343 370 438 359 266 440 361 281 311 376 275 365 433 290 354 335 422 435 490 288 468 428 282 349 362 267 312 406 421 321 285 473 313 339 462 409 322 258 301 316 446 331 437 261 265 441 377 323 432 319 268 436 509 510
266 420 354 475 367 264 477 413 483 283 472 272 395 287 408 342 289 465 412 467 335 403 337 326 447 460 257 449 275 317 277 497 323 378 433 380 393 314 327 448 260 369 382 329 450 371 426 496 300 355 359 372 484 504 505
420 379 413 449 275 491 290 495 254 431 371 433 282 416 501 267 346 327 424 437 399 494 414 496 270 485 338 368 313 381 341 273 460 305 384 335 453 468 261 363 314 308 448 342 323 376 452 454 272 351 443 404 515 516
326 392 383 464 286 278 501 395 450 386 441 272 432 445 366 489 423 370 425 438 359 480 493 440 416 307 376 303 365 433 488 422 267 297 411 424 413 347 468 483 404 406 476 465 357 478 335 348 292 322 350 508 509
293 294 349 290 417 461 474 395 288 342 463 355 465 412 346 467 392 270 451 385 319 400 442 376 336 380 393 369 503 494 428 322 443 261 300 434 368 357 278 361 308 268 484 418 365 299 367 301 477 303 275 360 481 505 506
294 453 321 257 455 310 272 378 490 382 316 492 426 320 496 377 498 254 366 258 434 476 357 482 416 354 475 345 413 457 404 417 338 351 393 273 395 463 331 465 386 399 286 445 337 280 379 339 381 328 449 330 506 507
265 461 474 395 342 463 261 276 344 278 346 267 456 269 282 381 253 341 438 321 376 497 389 323 444 433 380 501 435 320 485 377 500 434 489 478 491 359 306 495 429 418 352 486 286 279 481 252 338 406 504 521
461 344 408 472 308 442 393 353 451 478 291 272 480 449 296 281 345 475 369 448 337 288 363 457 346 395 465 276 374 404 355 304 349 319 502 443 491 253 283 313 495 445 341 497 386 450 401 335 365 280 517 518
296 299 488 301 464 466 413 272 360 402 417 459 281 474 397 331 452 279 335 348 390 403 258 392 282 385 398 319 295 497 323 444 289 274 448 437 253 386 362 364 298 379 313 434 489 502 478 304 493 431 352 506 507
299 465 333 454 403 405 447 460 328 396 282 400 334 378 295 380 435 448 270 329 371 384 452 307 322 364 485 377 311 366 489 381 436 480 493 482 416 429 363 484 431 365 486 433 354 422 284 477 278 468 483 463 506 507
342 333 404 421 323 355 287 412 346 321 401 281 311 407 275 464 328 398 466 455 254 307 258 337 378 459 267 494 386 310 340 498 270 432 304 255 315 436 253 264 427 416 341 292 488 490 468 509 510
254 423 357 359 480 414 416 308 407 301 477 411 345 468 281 402 349 459 274 395 344 333 454 267 401 258 447 451 268 323 380 501 448 369 371 263 494 428 483 496 430 498 432 379 500 368 489 504 521
405 345 386 473 271 301 354 280 455 314 457 263 348 312 503 376 257 496 385 430 498 432 300 281 383 394 489 275 264 438 495 258 288 318 484 431 488 297 422 435 492 340 417 259 472 319 408 277 262 292 513 514
446 472 393 438 285 368 432 253 366 347 482 400 322 484 424 409 439 462 475 403 384 363 457 348 323 450 425 357 436 268 440 291 385 300 500 360 383 394 275 362 392 437 337 269 401 444 306 408 359 310 270 516 517
472 278 442 259 289 323 321 385 379 360 500 413 364 394 309 339 422 467 495 426 371 450 431 282 316 503 380 331 444 494 408 340 270 353 368 398 462 489 402 491 400 345 473 333 363 344 518 519
344 355 284 465 308 259 348 403 394 407 321 451 336 440 330 444 279 260 501 382 437 450 258 384 288 318 494 386 441 366 487 421 295 340 425 480 482 429 497 354 409 411 424 292 466 483 320 351 335 509 510
256 348 361 482 252 484 297 288 409 422 290 279 334 455 255 402 408 454 467 280 456 269 403 460 381 394 317 319 453 429 431 325 367 488 259 435 303 373 362 483 417 309 430 300 313 412 480 306 427 504 521
348 364 320 271 335 408 478 467 263 392 394 257 396 409 321 285 389 444 393 328 339 382 452 443 252 445 327 331 276 310 427 374 484 431 365 268 332 313 490 424 358 426 292 322 360 311 428 349 509 510
280 476 289 333 454 261 278 447 339 460 449 341 317 438 330 321 455 444 312 433 325 501 435 448 503 275 303 305 362 309 269 485 366 300 434 436 357 480 482 416 270 431 407 488 290 358 413 347 402 287 252 505 506
476 452 303 412 487 263 478 323 455 440 484 468 419 281 413 443 275 428 328 475 426 456 450 401 431 382 282 252 465 346 297 361 414 340 442 453 255 417 421 451 283 313 396 486 499 460 322 390 271 324 286 519 520
321 477 411 424 358 253 347 481 349 351 463 320 271 252 412 261 278 462 396 464 287 268 291 272 334 457 380 393 395 329 450 331 452 258 498 288 445 434 447 381 502 383 480 497 274 304 422 507 508
477 272 355 330 464 383 364 490 309 290 467 481 485 487 267 395 425 478 310 434 423 438 315 319 432 332 317 377 441 411 445 262 341 475 439 252 324 365 284 498 289 312 323 357 257 287 451 519 520
277 407 422 464 290 345 466 279 468 275 283 260 406 327 452 322 257 460 383 396 495 308 431 365 499 312 301 314 435 424 384 439 373 309 298 311 366 261 478 291 304 359 493 259 274 295 429 363 352 253 504 505
407 502 341 449 491 440 305 484 431 303 333 363 437 308 413 372 406 483 351 404 336 421 315 379 330 465 364 467 480 328 309 307 401 352 453 346 455 295 378 389 304 323 332 443 432 377 514 515
351 278 308 289 411 492 468 360 272 419 353 478 399 390 392 394 258 396 451 282 263 385 316 267 466 400 350 402 501 285 439 319 373 494 498 379 425 438 301 440 482 324 416 363 376 418 314 422 510 511
423 459 307 288 282 416 263 441 395 306 500 389 340 434 502 436 353 285 419 493 413 332 283 264 431 362 292 301 252 481 305 384 369 430 261 333 284 378 278 308 289 387 417 291 411 300 394 409 390 309 457 515 516
314 474 408 274 255 333 454 346 467 401 253 403 337 292 449 341 464 319 301 305 325 327 369 382 316 492 318 452 373 428 441 430 487 421 489 281 414 275 482 429 350 363 431 367 468 276 306 507 508
474 278 308 496 498 455 357 436 268 459 489 374 355 385 480 379 383 462 413 486 428 260 258 435 297 361 414 389 340 393 255 315 338 451 283 313 502 347 298 411 495 386 497 439 390 473 335 286 365 492 518 519
374 488 309 424 492 373 426 481 494 428 258 337 367 496 417 430 331 467 480 359 353 338 368 319 394 313 317 298 453 466 400 341 322 402 404 406 382 260 354 441 263 278 447 381 451 493 427 336 444 511 512
488 468 300 379 281 462 443 447 367 371 454 267 261 295 306 310 389 340 453 274 417 402 432 283 264 430 460 411 464 390 490 473 305 384 369 496 278 259 289 323 425 291 370 519 520
272 490 290 411 358 413 468 360 402 283 417 338 459 274 276 399 454 284 447 460 341 383 396 451 464 332 376 323 270 450 426 386 496 430 498 298 311 368 478 438 361 365 354 367 422 504 505
289 417 353 399 322 257 287 403 445 337 379 392 394 315 449 462 396 378 499 273 367 380 327 492 384 428 309 377 311 313 355 274 357 493 482 253 416 350 418 473 341 409 347 286 505 506
417 457 395 448 404 355 443 413 500 279 290 434 373 436 438 401 382 495 252 497 267 414 306 492 270 368 366 377 465 322 345 390 320 271 384 475 333 466 416 514 515
330 418 433 424 345 358 252 261 340 463 278 331 465 403 350 291 392 449 453 275 309 260 435 448 318 269 503 450 263 297 327 377 445 487 421 310 368 489 270 436 491 372 427 440 416 508 509
418 360 364 467 339 482 403 473 318 269 412 475 371 401 464 466 346 468 306 459 359 310 389 404 315 452 319 454 264 443 498 298 434 262 345 427 324 429 497 431 261 303 333 422 387 494 257 514 515
260 359 493 306 416 284 352 409 464 466 481 349 465 390 324 445 381 341 451 264 398 453 455 376 378 499 380 501 327 490 450 384 305 439 430 377 298 253 421 313 355 436 357 491 504 521
359 448 382 437 316 327 366 434 447 381 276 370 491 383 427 274 442 433 283 367 317 347 411 262 273 252 406 419 487 350 465 329 401 414 278 416 473 394 462 291 398 389 402 459 510 511
279 372 268 427 361 363 484 497 365 486 433 354 422 281 362 283 269 406 353 463 267 399 454 467 456 255 328 449 332 376 389 323 444 325 382 503 320 364 259 502 357 370 304 425 317 438 504 505
372 428 258 269 263 465 252 399 267 346 327 454 467 361 276 473 270 274 285 451 466 387 442 253 313 264 389 378 380 501 262 435 503 395 437 452 386 324 365 491 493 357 416 429 376 486 433 300 413 481 511 512
370 490 411 413 494 485 487 295 276 412 340 467 270 353 460 264 396 398 453 341 292 273 387 455 457 320 354 286 365 448 382 397 284 363 443 312 379 434 425 493 355 336 349 281 433 339 511 512
490 270 255 419 315 349 300 360 383 413 364 466 447 264 428 422 445 307 382 454 316 286 361 444 310 334 319 313 377 430 460 483 439 403 482 427 278 308 480 395 455 257 306 440 520 521
263 364 432 366 500 313 368 291 306 482 473 486 286 341 354 466 468 481 338 287 408 331 452 386 401 322 403 392 339 381 315 317 451 385 495 376 310 323 433 367 380 316 439 252 496 504 521
364 346 297 361 340 355 274 428 483 264 487 362 478 262 322 456 352 403 320 301 335 396 409 466 468 278 259 459 287 448 382 317 384 311 345 445 339 354 383 425 318 363 511 512
385 475 317 347 411 262 492 341 273 371 419 408 261 412 378 467 480 414 312 460 291 409 381 453 281 311 389 402 448 498 445 380 500 489 436 276 310 427 482 495 315 338 383 253 512 513
475 502 400 381 349 300 281 409 495 358 339 437 448 258 282 416 267 496 376 295 325 276 306 440 329 274 255 462 413 283 392 262 465 384 399 369 463 333 259 257 518 519
361 373 309 498 337 288 368 346 297 331 429 270 422 255 411 468 362 483 404 347 298 485 341 292 412 305 335 286 456 261 392 284 449 308 259 323 387 442 268 291 336 349 300 450 510 511
316 496 276 498 434 255 315 313 429 363 286 413 349 406 463 312 357 399 257 287 346 467 401 414 291 390 403 337 339 300 396 451 290 455 323 258 269 325 338 267 437 371 318 331 507 508
360 369 336 466 426 468 481 362 406 290 397 318 456 267 297 261 325 383 396 310 440 442 389 457 268 253 503 371 494 301 377 432 324 354 487 421 436 269 303 333 438 480 484 497 510 511
439 482 276 306 334 285 387 402 432 457 366 317 347 377 411 262 273 409 271 435 441 454 354 305 500 451 440 357 257 421 486 311 383 275 428 358 309 290 422 371 267 327 480 350 380 516 517
482 309 290 403 467 269 484 346 380 325 389 404 334 468 419 413 443 253 466 283 313 447 347 273 252 369 414 444 261 284 408 453 323 436 366 494 336 430 460 483 519 520
428 495 395 425 376 484 497 325 486 433 304 319 253 483 430 485 307 367 467 305 380 329 462 308 259 387 402 503 281 450 339 324 403 384 443 456 500 434 447 416 297 515 516
496 297 295 489 329 310 340 404 274 283 447 262 456 486 345 386 450 454 252 403 305 365 369 463 493 303 376 287 451 481 449 430 379 281 424 413 394 437 288 371 401 520 521
269 421 368 357 491 291 425 414 308 350 363 297 365 354 290 347 468 402 287 329 450 463 386 278 322 273 394 315 451 398 319 332 495 376 444 367 501 327 369 382 303 320 443 504 505
421 333 363 455 397 457 327 459 325 454 456 498 319 445 413 434 438 493 307 382 346 335 422 331 503 414 284 426 329 481 308 393 485 432 317 377 411 311 290 462 466 515 516
406 426 481 494 278 430 287 349 311 328 337 318 455 267 346 297 459 331 325 276 310 389 340 441 368 313 447 502 317 396 298 425 273 495 442 431 433 369 435 333 363 492 378 514 515
426 357 493 270 429 497 444 499 433 503 437 367 271 346 432 489 325 467 408 480 259 304 484 398 460 287 332 317 377 400 262 424 409 320 290 452 412 363 297 447 515 516
392 491 427 305 384 335 484 437 387 357 257 291 355 465 478 401 339 290 416 473 288 318 352 464 411 453 327 457 295 306 448 503 255 334 338 283 313 498 445 347 362 513 514
491 373 486 367 450 429 276 306 378 329 408 389 393 453 353 334 468 315 338 432 283 317 396 377 400 411 445 273 424 492 484 301 286 478 259 485 355 419 281 311 413 328 358 520 521
309 493 297 495 484 365 274 304 424 255 413 347 468 459 273 412 454 261 460 284 328 341 462 451 334 376 257 268 380 382 329 281 492 494 386 275 377 324 487 307 282 507 508
493 362 373 258 288 500 454 495 329 487 387 338 253 396 377 494 400 460 345 424 386 301 473 403 335 427 259 312 323 257 268 483 281 383 275 520 521
276 437 384 318 386 430 311 500 300 368 502 357 478 291 438 363 484 284 431 354 301 422 258 468 281 408 397 331 403 445 383 387 442 455 323 503 504 505
295 329 450 498 258 288 311 487 379 267 304 480 427 495 308 497 310 365 486 367 409 369 298 271 467 401 335 390 350 460 394 449 341 464 398 332 453 442 334 457 380 448 506 507
329 450 384 373 304 441 430 443 283 434 368 489 292 438 429 442 363 376 486 303 411 424 492 353 487 463 478 337 258 288 318 464 332 387 400 336 459 508 509
367 434 381 255 285 328 429 352 282 411 350 404 261 259 397 353 412 454 403 298 473 262 341 322 400 324 335 444 459 303 284 448 503 308 452 494 441 287 500 511 512
434 318 492 429 483 325 487 310 315 396 298 430 292 273 424 464 453 455 335 286 261 441 395 436 419 449 379 281 438 451 394 497 362 422 444 486 499 516 517
357 288 282 408 478 306 310 285 319 462 253 298 387 292 459 501 346 286 384 386 377 278 487 379 257 425 438 440 347 416 484 497 281 433 510 511
401 432 305 489 436 363 427 397 495 484 312 376 433 291 494 300 311 275 485 328 373 318 403 297 399 409 389 411 453 466 315 338 319 448 366 347 262 454 513 514
432 297 425 448 306 393 274 285 419 368 443 377 489 262 495 320 301 252 497 324 354 286 486 365 399 412 284 278 259 494 463 478 379 281 311 394 290 307 515 516
318 478 480 274 495 285 315 484 283 313 264 409 345 292 347 349 419 286 331 399 454 259 339 394 383 440 453 281 311 325 501 393 371 384 386 320 322 500 507 508
304 499 501 393 327 384 386 320 443 485 311 324 366 487 379 255 480 495 350 264 352 298 411 358 413 301 362 338 408 399 287 337 291 394 462 319 442 455 389 444 336 506 507
499 334 315 349 319 443 283 447 264 328 377 422 373 445 262 486 431 484 301 286 399 463 278 398 287 481 332 366 336 460 300 494 409 473 290 354 384 448 258 412 297 327 312 395 376 459 489 520 521
419 486 308 323 492 336 349 394 465 478 362 373 273 258 288 462 252 297 399 380 457 334 503 368 463 313 454 443 411 498 292 275 436 320 290 324 384 335 365 440 429 444 514 515
486 349 275 358 495 362 450 435 480 297 492 463 325 459 408 487 353 338 332 317 396 430 460 409 271 365 261 363 259 455 257 355 336 500 519 520
378 448 334 349 283 399 347 262 379 447 436 383 320 252 495 369 484 444 284 433 278 259 312 323 437 257 483 345 489 328 414 307 327 468 325 389 457 404 270 512 513
448 310 389 467 274 334 313 264 462 464 453 301 305 286 463 412 427 278 308 454 323 500 440 355 336 422 258 492 282 380 433 444 517 518
437 478 467 255 383 413 347 298 377 464 381 468 429 450 465 408 454 259 393 443 287 402 449 438 451 440 349 424 409 358 501 503 494 352 431 382 416 427 376 516 517
450 500 285 315 332 347 449 381 409 481 305 369 333 412 363 489 397 323 425 291 473 383 453 447 264 339 362 422 452 435 252 327 454 380 517 518
334 332 380 313 373 430 445 489 303 480 427 495 259 416 350 352 287 424 404 275 338 340 395 258 288 454 346 282 335 252 267 337 339 462 325 387 389 457 508 509
253 453 400 442 336 457 270 393 435 369 503 252 307 441 311 487 379 313 502 495 416 431 473 354 424 468 349 340 287 278 291 335 390 337 339 328 504 521
453 447 377 381 411 463 345 320 397 497 425 287 291 404 336 449 349 300 383 413 275 358 373 307 382 435 297 444 255 285 315 455 517 518
297 275 379 300 425 258 480 427 431 336 340 397 412 454 445 328 341 462 261 451 284 319 442 259 444 325 501 327 371 305 506 507
457 485 387 451 268 283 347 298 400 322 345 386 275 390 290 369 466 303 284 468 416 278 395 270 355 285 315 328 362 441 456 258 382 327 433 310 483 517 518
485 376 455 306 355 315 383 394 466 313 358 362 422 322 502 431 429 325 284 340 503 308 442 368 398 494 332 498 449 400 341 489 320 403 305 467 288 452 412 363 519 520
502 371 352 435 267 346 350 331 325 478 408 389 442 259 393 387 319 398 366 460 411 341 345 424 409 324 286 501 303 495 427 480 312 395 489 355 285 349 379 311 466 362 520 521
373 325 306 416 429 368 366 298 292 324 456 333 284 403 394 449 257 398 387 442 336 389 281 311 501 382 503 494 307 258 443 371 445 447 267 511 512
262 394 383 275 396 442 389 323 336 312 433 503 386 430 377 478 438 429 350 352 365 288 290 481 349 483 340 353 412 335 403 324 337 284 460 504 521
394 497 431 422 261 468 487 399 403 300 311 462 328 339 451 400 307 402 282 501 327 331 389 340 393 285 315 489 283 264 438 427 513 514
338 389 444 459 501 393 287 382 300 443 377 366 381 383 427 440 484 327 365 433 331 435 306 411 270 347 274 404 319 408 355 465 322 473 284 509 510
389 395 283 397 345 386 447 436 308 323 287 355 404 383 290 465 337 288 282 460 473 346 306 400 444 353 285 459 512 513
310 327 382 258 311 487 313 301 425 317 438 497 365 433 283 481 402 298 349 353 305 454 350 303 339 308 383 398 442 459 255 285 501 507 508
327 498 255 366 487 292 322 431 354 411 347 349 259 408 465 399 333 467 335 445 281 339 449 398 455 376 497 306 386 508 509
320 456 274 332 466 455 313 459 393 492 331 452 301 324 445 366 500 368 303 425 259 480 473 281 362 408 463 397 282 412 454 346 267 414 507 508
456 324 305 261 303 497 308 442 312 323 436 287 336 400 379 311 275 409 489 328 478 480 307 288 452 382 376 340 353 438 285 368 283 313 264 317 322 498 386 500 517 518
278 459 285 353 395 463 333 346 257 339 383 464 400 442 275 492 443 445 487 436 414 495 308 431 352 409 422 413 504 505
459 492 494 332 498 317 341 281 478 386 403 305 412 312 468 436 336 319 467 362 422 322 271 497 350 429 433 444 501 517 518
393 353 503 395 332 366 311 436 275 438 384 365 369 429 497 444 422 287 270 300 408 478 264 416 382 282 396 252 346 398 455 402 513 514
264 332 387 442 268 433 380 501 261 362 498 259 355 368 489 257 306 341 466 270 395 287 397 331 333 346 271 255 328 449 462 383 451 398 504 521
332 466 298 292 501 301 371 452 261 284 489 287 291 433 281 328 290 413 468 362 483 288 353 408 463 397 325 403 339 460 319 451 464 508 509
387 402 503 395 324 443 286 498 390 261 284 308 427 442 497 287 291 433 355 300 413 481 358 307 337 352 412 380 403 473 340 396 464 274 353 468 512 513
402 468 268 444 396 341 463 345 339 384 500 303 438 442 376 497 325 501 435 349 481 494 283 358 430 292 322 273 307 480 305 286 350 409 513 514
466 341 424 503 390 403 483 498 412 363 282 397 455 473 274 255 468 441 445 292 273 371 454 335 365 350 380 414 261 518 519
447 495 386 271 305 501 492 481 259 323 396 478 424 484 390 473 290 464 416 427 267 395 306 440 404 336 438 383 298 322 273 516 517
345 460 317 462 398 400 380 395 333 384 454 443 331 390 438 274 319 484 501 435 292 322 273 424 349 362 483 335 430 261 408 346 416 287 509 510
257 292 404 285 463 355 465 267 335 282 273 383 275 396 451 455 268 270 369 261 371 377 298 445 381 431 286 288 290 303 358 504 521
292 328 462 383 501 371 384 258 494 307 282 377 311 445 368 489 480 270 416 431 473 365 301 424 413 481 404 286 397 412 505 506
315 273 288 435 382 282 371 494 261 498 487 255 436 425 268 350 341 424 400 349 303 284 465 287 449 462 383 396 451 497 431 444 507 508
408 397 259 336 383 433 288 382 492 350 340 255 425 414 283 313 460 322 464 390 324 403 305 286 369 261 514 515
341 462 335 286 333 494 443 287 445 291 366 436 480 440 275 352 331 362 270 259 255 399 319 313 298 509 510
271 390 403 337 381 273 449 396 317 451 319 376 369 503 494 441 377 298 487 379 438 414 495 308 350 473 409 464 411 303 400 481 404 285 340 353 465 399 333 467 504 505
284 287 355 397 467 414 339 328 449 319 440 455 380 255 382 371 384 452 494 313 368 252 429 431 473 274 424 483 340 505 506
287 404 463 331 399 337 275 440 435 503 492 270 430 377 487 379 500 273 484 365 286 409 290 505 506
268 336 395 463 331 252 333 346 324 337 460 383 319 440 431 380 382 492 305 307 441 377 298 366 487 500 300 313 489 436 429 350 484 352 473 290 504 505
286 333 403 324 445 449 323 369 386 443 500 313 489 436 306 495 350 484 261 464 424 347 336 404 397 505 506
333 465 467 480 308 259 473 455 380 328 324 395 452 303 454 443 282 498 500 331 325 497 365 313 298 413 483 301 508 509
291 411 358 492 347 340 465 346 473 258 380 267 435 331 494 445 487 379 300 313 368 489 425 427 319 495 352 365 433 301 422 505 506
411 400 409 288 352 441 346 306 425 353 255 285 484 283 371 430 384 335 399 463 261 412 308 514 515
308 275 395 397 454 403 462 383 464 442 312 283 384 443 377 379 368 438 416 429 365 409 507 508
354 281 275 460 398 307 258 400 352 444 267 346 501 331 382 270 285 498 500 283 313 381 317 427 376 324 305 435 358 492 483 412 510 511
395 430 274 353 323 414 416 275 473 339 413 303 312 452 441 337 497 352 382 444 301 501 350 325 513 514
305 467 270 451 398 400 442 455 323 444 435 382 503 494 366 379 313 368 436 495 290 347 362 303 282 267 506 507
467 335 478 452 363 376 455 449 438 281 462 413 358 431 282 325 340 501 317 377 400 430 460 273 464 252 518 519
290 414 350 363 352 409 464 400 335 403 255 317 440 455 497 371 384 307 362 366 313 478 412 505 506
442 317 362 322 386 500 380 444 492 400 281 275 409 339 324 403 288 416 397 425 270 353 349 516 517
261 397 335 436 396 317 451 431 424 259 307 362 498 300 478 288 404 504 521
397 465 478 412 403 416 336 409 451 281 464 311 358 339 404 369 258 288 452 441 325 340 285 495 313 317 298 377 273 301 513 514
335 346 390 403 350 460 464 312 376 382 384 487 425 267 497 365 270 274 424 349 362 273 508 509
346 366 489 425 440 495 416 473 365 336 300 311 413 483 288 463 465 306 449 451 380 501 503 384 509 510
400 313 366 298 463 465 303 500 449 438 495 431 501 492 322 267 399 478 325 412 480 403 353 484 473 398 513 514
349 362 281 275 355 478 412 307 337 331 398 455 274 313 317 273 498 252 366 500 368 436 427 497 509 510
259 255 331 465 399 267 381 462 275 455 323 325 382 443 498 298 478 306 427 429 350 301 336 504 521
478 288 452 303 412 267 455 440 355 255 285 300 358 441 307 252 429 325 340 366 409 519 520
312 483 285 404 353 355 399 301 449 462 396 441 454 443 498 366 487 500 368 381 436 317 258 303 416 497 431 267 369 492 347 481 270 507 508
483 440 468 285 441 307 252 465 429 463 340 497 353 319 283 347 460 322 424 386 409 473 324 403 369 452 416 484 519 520
281 352 358 285 452 390 337 270 274 455 369 382 503 298 311 379 425 495 429 505 506
352 379 381 307 258 376 433 267 422 369 331 492 404 285 328 390 460 473 449 301 252 396 455 444 371 454 336 443 498 510 511
386 460 325 396 340 398 274 255 319 313 381 322 443 489 427 429 323 409 300 358 337 412 267 512 513
363 465 414 416 288 451 464 398 325 255 285 384 494 347 298 390 252 440 495 429 303 431 422 413 468 481 311 510 511
404 422 396 381 328 425 403 480 416 282 376 325 340 503 452 441 498 273 445 436 301 252 365 444 433 513 514
422 438 300 413 431 328 339 433 331 255 460 366 317 381 322 273 369 503 452 489 436 515 516
275 484 273 301 358 413 285 452 465 455 258 444 433 435 371 494 307 441 500 425 504 505
424 300 307 337 371 452 331 325 500 340 449 451 366 396 347 377 481 494 369 416 465 376 515 516
381 288 396 325 382 452 368 319 441 377 489 438 484 365 369 501 282 413 481 376 430 306 399 414 416 358 512 513
427 358 463 258 337 282 331 414 462 340 270 353 285 398 396 454 301 445 324 500 369 449 495 497 425 515 516
323 319 322 273 399 454 337 451 380 384 494 489 438 431 365 306 274 508 509
358 435 468 481 307 288 282 350 412 414 325 270 460 451 398 347 380 503 301 452 377 498 487 379 368 425 510 511
258 489 425 480 473 303 481 463 465 267 324 270 501 494 307 377 498 445 504 521
489 494 267 380 468 285 398 283 377 454 429 449 300 464 495 339 519 520
306 371 322 311 500 495 270 274 473 283 298 347 336 463 339 460 438 455 376 444 325 501 382 503 506 507
452 433 325 353 368 319 366 409 324 384 285 379 443 328 339 492 288 301 252 517 518
414 454 500 282 449 451 429 484 431 300 435 492 362 430 252 380 331 425 480 460 353 462 464 317 396 377 514 515
325 371 317 368 322 303 355 337 339 288 396 455 336 501 270 508 509
371 340 355 425 285 319 376 347 492 413 481 252 365 430 465 412 396 380 307 288 441 498 390 511 512
311 473 347 468 255 340 465 390 462 455 497 435 492 384 322 366 487 355 436 288 507 508
473 409 412 376 270 355 274 379 383 500 441 301 435 501 498 317 430 518 519
362 438 440 336 433 369 430 301 460 462 353 464 398 283 463 399 441 379 436 449 510 511
438 492 431 301 267 353 398 283 366 390 324 365 369 412 425 336 255 328 339 516 517
481 440 462 339 445 500 337 282 454 267 350 340 270 501 353 285 492 494 313 460 322 273 464 519 520
399 441 454 495 355 433 379 435 339 430 337 350 331 403 340 353 285 462 283 366 317 468 273 301 252 324 513 514
441 429 451 340 285 368 398 283 313 366 487 403 369 462 376 413 307 498 288 435 267 516 517
492 440 340 270 336 319 433 463 398 449 460 300 464 503 412 282 416 480 455 520 521
368 331 384 274 487 379 319 317 416 273 497 431 435 403 409 464 455 511 512
255 433 369 494 443 377 500 350 431 365 301 336 285 353 282 324 273 328 449 319 504 521
433 454 443 445 436 337 353 398 317 347 403 468 270 355 463 515 516
288 495 416 331 465 337 328 449 252 376 501 498 445 500 505 506
285 380 369 303 384 430 298 379 468 273 449 505 506
445 449 252 350 429 444 274 503 494 487 436 440 355 454 307 337 516 517
449 455 429 444 303 460 336 339 337 494 355 274 347 298 377 517 518
429 382 495 350 435 313 347 322 465 409 324 416 463 300 515 516
494 462 283 317 298 322 465 384 380 366 464 409 382 520 521
495 382 252 463 398 347 324 365 501 440 336 520 521
382 487 500 436 480 298 497 273 324 390 451 455 384 267 512 513
252 379 436 383 317 301 303 384 298 300 480 462 270 463 331 504 521
500 267 350 444 313 347 298 273 384 503 497 425 440 336 520 521
384 340 319 409 366 317 301 454 303 390 300 379 339 512 513
317 455 336 331 498 390 366 376 435 468 303 355 462 507 508
451 468 324 369 454 444 303 497 501 267 480 440 484 398 517 518
454 350 366 390 339 324 403 379 413 435 517 518
440 307 301 365 353 462 455 468 303 282 436 336 497 300 319 516 517
328 322 484 431 303 347 355 412 480 416 337 350 464 398 307 282 380 501 503 430 274 390 508 509
273 383 377 498 366 487 409 301 274 463 390 324 337 339 504 505
379 267 340 366 347 460 462 396 443 498 390 300 425 512 513
444 398 383 322 324 501 430 300 307 431 464 455 503 516 517
487 376 455 340 353 468 319 398 462 431 484 430 300 390 339 497 519 520
390 301 464 353 366 443 436 425 337 484 376 435 355 319 313 463 322 480 512 513
350 377 436 425 282 365 413 298 353 337 412 403 416 274 501 510 511
497 307 337 380 503 283 347 365 303 355 300 520 521
347 435 503 443 498 331 365 413 324 465 412 403 509 510
319 369 443 463 465 270 464 398 455 507 508
322 396 398 274 501 435 484 270 412 307 282 339 508 509
460 324 498 336 443 307 435 267 270 274 366 298 517 518
301 324 462 396 307 274 355 464 336 506 507
455 324 303 416 425 484 517 518
462 501 369 412 480 331 498 298 518 519
313 270 274 425 416 355 339 507 508
465 412 383 339 282 331 353 396 403 518 519
403 324 369 468 431 274 298 513 514
398 377 430 425 336 383 413 339 307 353 409 283 513 514
303 355 412 396 267 501 443 377 436 383 376 435 369 506 507
355 430 480 339 396 380 443 283 436 376 324 510 511
396 468 376 300 431 435 267 380 270 353 409 513 514
377 380 435 503 430 366 498 484 409 336 511 512
468 300 412 267 484 365 518 519
307 436 484 376 413 340 480 464 282 498 324 506 507
412 369 480 336 503 463 353 413 514 515
463 339 267 331 383 298 464 324 365 518 519
376 298 337 480 443 340 300 511 512
369 300 283 464 503 353 324 435 282 267 511 512
430 380 331 274 353 413 283 436 431 300 339 337 484 416 515 516
484 337 480 425 353 283 366 300 519 520
436 435 380 409 501 416 425 336 339 516 517
425 366 365 498 336 431 409 503 515 516
366 267 270 443 383 365 511 512
270 503 498 480 409 282 504 505
498 409 383 520 521
383 365 336 464 503 267 331 274 298 512 513
503 274 324 336 464 331 520 521
501 435 464 431 520 521
380 298 435 300 464 282 340 512 513
353 337 413 340 283 298 510 511
431 365 416 336 443 515 516
324 274 435 413 508 509
337 413 336 340 339 435 283 509 510
331 413 282 274 300 508 509
298 283 443 480 365 506 507
435 413 516 517
464 300 413 443 340 518 519
413 282 514 515
300 274 506 507
480 267 409 519 520
274 283 282 336 504 505
416 339 267 340 514 515
339 340 509 510
283 443 409 505 506
340 365 282 509 510
443 365 282 516 517
336 509 510
409 282 514 515
267 504 505
282 505 506
365 511 512
504
505
506
507
508
509
510
511
512
513
514
515
516
517
518
519
520
521
