#/usr/local/lib/python3.10/dist-packages/colab_kernel_launcher.py -f /root/.local/share/jupyter/runtime/kernel-6c0fbf18-c276-4b2d-9452-8819c27dba4d.json
# GMT Sat May 25 02:00:10 2024
# 
13 88 32 11 90 67 9 37 14 79 92 46 82 16 91 81 71 48 61 28 5 7 70 83 27 40 17 105 72 85 62 74 87 2 54 31 21 96 86 3 99 89 66 23 98 216 217 225 226
88 95 46 98 97 7 37 40 70 43 73 8 89 60 58 101 18 35 16 90 68 103 49 0 3 82 55 66 17 72 83 34 86 104 30 47 28 9 106 42 45 75 78 32 222 223 231 232
32 101 55 45 35 80 34 47 23 5 7 102 79 69 21 22 36 72 49 39 71 48 18 30 83 2 60 73 50 63 85 62 75 17 65 42 97 74 41 26 56 33 46 217 218 226 227
101 62 92 46 98 106 79 11 23 37 9 40 76 71 93 77 4 68 19 63 55 6 85 36 99 72 103 86 67 30 16 28 80 31 12 64 15 104 75 48 78 59 51 223 224 232 233
24 97 74 64 54 44 66 56 55 4 80 57 21 47 37 79 69 46 82 26 104 81 58 94 2 48 61 38 28 103 19 0 106 3 60 73 40 20 105 95 85 29 42 11 84 217 218 226 227
97 57 8 87 90 41 71 93 103 58 91 102 35 16 52 104 36 39 20 72 34 11 44 1 61 64 75 59 51 100 81 62 92 96 23 4 56 7 37 10 89 40 223 224 232 233
16 93 105 95 11 72 85 14 39 29 42 19 1 12 84 15 74 51 54 21 99 65 78 55 45 22 100 8 67 44 57 34 89 102 69 26 91 0 81 48 6 216 217 225 226
93 68 19 22 33 63 6 100 69 20 34 65 67 99 30 11 14 25 47 9 31 61 12 103 62 92 91 105 56 89 40 104 107 55 27 38 90 41 86 58 5 35 222 223 231 232
76 107 4 56 27 57 8 38 79 60 58 91 18 2 80 19 22 3 17 102 39 92 50 105 82 53 104 94 84 14 44 47 28 106 61 12 96 42 86 45 48 29 59 98 221 222 230 231
107 27 57 60 41 71 104 58 103 5 35 49 0 22 3 33 55 17 50 102 67 100 30 25 47 28 31 12 42 15 45 75 59 62 92 65 95 96 23 26 37 10 54 223 224 232 233
55 84 61 46 83 73 23 26 10 40 21 65 27 77 35 49 0 52 3 33 91 36 68 17 100 90 103 80 25 82 59 28 12 42 45 104 48 71 219 220 228 229
84 102 69 105 83 67 18 35 47 19 49 0 80 31 3 17 48 78 50 34 98 30 11 14 44 25 9 10 73 45 75 89 29 41 91 100 4 103 7 70 22 222 223 231 232
47 80 44 57 25 70 45 59 29 72 104 81 71 48 61 26 83 60 96 10 50 21 74 64 77 54 86 0 3 89 6 39 98 78 68 11 90 67 218 219 227 228
80 28 90 9 61 15 48 29 102 51 92 82 65 46 94 26 56 10 83 96 38 41 77 98 2 5 35 19 0 52 63 6 36 69 53 34 91 100 221 222 230 231
40 41 77 44 35 86 99 66 43 33 20 65 78 34 58 100 90 67 1 31 102 92 15 29 104 81 4 26 73 10 21 27 95 72 85 62 42 74 218 219 227 228
41 42 21 38 39 64 86 53 66 43 2 5 98 68 20 100 103 57 102 79 30 92 82 59 49 28 9 1 31 12 94 15 71 48 29 63 75 52 218 219 227 228
5 83 27 105 95 72 85 75 52 74 87 77 54 1 11 53 89 43 10 68 4 103 57 34 70 37 102 92 59 36 49 39 91 94 48 15 28 18 106 216 224 225 233
83 68 49 0 63 6 39 69 50 67 105 30 95 25 28 31 12 64 15 45 81 46 86 79 4 7 21 43 54 100 8 60 74 58 92 18 2 221 222 230 231
17 94 48 2 60 3 73 50 27 6 95 85 62 39 11 74 87 64 54 31 12 99 33 23 68 22 77 7 10 102 79 92 46 82 26 91 104 81 216 217 225 226
94 39 20 72 103 67 105 14 28 0 31 42 45 78 59 51 81 62 95 25 26 37 10 89 54 27 8 87 60 74 91 99 18 19 52 3 33 85 66 222 223 231 232
58 95 48 85 50 51 75 34 46 74 64 14 44 56 28 12 66 29 23 7 69 6 82 8 39 20 53 104 61 2 60 19 63 0 31 3 33 219 220 228 229
95 91 68 19 0 52 33 36 39 69 20 102 105 11 9 1 96 45 75 48 78 59 51 92 65 26 56 10 70 43 54 27 8 38 77 222 223 231 232
9 90 44 11 89 79 56 69 23 2 26 81 48 3 25 61 28 70 60 105 72 62 39 52 31 106 96 53 30 20 33 4 7 22 87 100 77 216 224 225 233
90 1 12 15 75 78 59 79 99 23 4 26 56 7 89 43 27 87 38 103 77 102 18 92 35 68 19 49 22 82 20 72 53 30 98 25 222 223 231 232
29 68 45 77 67 18 57 34 102 92 69 36 6 49 81 51 103 106 60 73 50 30 72 15 85 62 52 87 64 86 4 99 66 56 21 27 217 218 226 227
68 59 51 106 46 98 75 25 26 37 43 54 27 77 38 35 91 49 0 3 33 63 36 66 39 50 70 34 92 72 1 71 42 220 221 229 230
69 104 11 73 61 86 42 64 15 59 51 62 98 75 46 4 26 21 54 89 78 91 18 100 103 70 49 3 63 66 92 39 72 67 220 221 229 230
104 20 99 34 67 103 44 61 12 42 64 15 75 59 65 79 43 57 87 71 74 77 91 2 106 19 49 22 33 105 85 39 223 224 232 233
61 100 36 67 103 50 53 30 44 81 28 31 42 59 106 51 96 46 105 72 85 56 74 87 77 38 99 66 18 78 35 49 22 220 221 229 230
100 12 105 42 64 45 75 48 78 62 46 79 96 10 73 87 38 60 74 91 18 2 35 49 22 33 63 6 85 53 25 102 223 224 232 233
77 70 12 98 42 43 57 59 74 23 89 7 37 21 54 78 8 39 20 53 67 30 102 105 19 64 45 75 62 106 44 221 222 230 231
42 67 44 18 2 92 4 46 59 22 48 34 103 106 50 30 105 14 25 28 75 31 12 15 87 54 10 65 21 218 219 227 228
27 2 31 3 86 99 66 20 43 78 91 35 14 25 34 70 12 37 79 92 59 4 10 21 22 73 50 63 75 52 65 18 217 218 226 227
33 38 70 73 50 21 52 74 51 64 96 86 99 53 66 65 78 30 11 57 34 14 25 1 31 79 12 46 82 15 36 81 217 218 226 227
38 36 87 20 96 86 53 66 43 30 14 25 65 1 78 45 15 57 89 92 59 4 26 7 37 81 71 8 73 105 2 39 75 3 218 219 227 228
73 74 87 35 3 63 86 66 39 20 72 91 30 14 44 25 28 45 48 79 59 82 65 81 26 56 7 43 54 60 71 98 221 222 230 231
74 57 60 71 72 87 35 79 49 66 39 20 53 34 103 11 44 92 105 1 12 64 15 65 96 7 85 43 221 222 230 231
19 103 63 105 85 62 52 0 6 64 54 21 86 99 14 65 78 1 22 25 34 70 37 92 82 36 49 26 7 81 71 51 216 217 225 226
103 49 0 105 3 63 64 45 48 50 51 81 44 25 4 37 70 22 52 82 6 36 66 20 99 53 223 224 232 233
44 10 43 81 71 35 106 7 37 60 50 21 3 6 105 39 20 30 2 28 1 31 53 15 56 98 65 11 25 218 219 227 228
2 50 72 52 51 8 11 63 66 43 20 56 65 78 45 22 35 67 37 14 92 46 82 36 49 91 81 25 106 216 224 225 233
50 81 51 6 36 96 72 85 30 11 14 25 64 31 12 54 48 99 98 23 37 10 43 70 8 102 82 18 219 220 228 229
62 18 35 70 0 3 79 82 81 71 14 106 28 63 15 59 65 87 64 4 26 10 86 99 43 89 66 54 60 98 220 221 229 230
20 4 63 8 30 72 85 87 64 21 0 53 56 23 98 78 45 35 11 25 14 15 46 36 49 91 216 217 225 226
12 34 89 82 59 36 91 7 10 25 8 106 85 75 52 0 51 6 64 86 63 99 43 23 11 35 216 217 225 226
51 91 81 6 36 8 39 57 70 30 92 14 59 72 0 15 53 26 98 28 52 87 67 66 23 7 37 21 219 220 228 229
91 98 30 11 25 28 89 43 45 99 60 46 7 21 22 52 54 85 72 18 49 96 66 222 223 231 232
96 99 35 22 52 54 36 66 39 72 67 18 49 105 1 31 63 15 75 81 65 56 28 10 89 70 98 87 59 71 223 224 232 233
99 23 54 57 87 71 18 22 3 63 39 72 67 14 28 1 64 15 75 78 92 105 46 98 79 223 224 232 233
15 25 70 79 82 36 49 26 1 28 63 85 10 87 8 31 86 89 56 23 65 78 22 216 217 225 226
25 89 79 46 59 26 71 70 106 82 49 52 4 21 31 86 35 14 0 1 217 218 226 227
1 67 34 37 14 79 82 36 39 71 48 18 60 7 105 65 64 31 8 11 0 66 56 46 78 45 22 35 216 224 225 233
7 21 11 86 63 56 10 3 6 65 45 67 37 14 89 92 46 49 71 28 70 106 52 64 31 216 224 225 233
21 31 86 63 8 53 98 22 35 57 6 102 79 56 92 49 81 37 105 72 52 4 87 216 217 225 226
57 28 31 64 45 48 86 46 23 56 37 43 54 70 102 92 82 81 71 52 3 6 36 34 105 75 30 14 219 220 228 229
18 30 105 72 52 87 64 54 31 89 0 65 45 35 11 34 37 10 82 59 8 71 28 70 4 216 217 225 226
30 79 92 4 59 36 81 6 11 85 75 87 64 54 53 89 66 26 98 35 70 217 218 226 227
59 11 67 70 31 102 45 48 82 106 60 8 35 86 39 53 65 78 219 220 228 229
46 98 14 26 28 67 102 23 4 10 22 6 8 75 35 87 64 36 86 53 56 218 219 227 228
98 70 22 54 8 87 39 102 71 105 49 0 82 63 64 78 79 11 31 75 60 223 224 232 233
70 31 63 89 65 26 102 60 23 37 106 22 6 66 8 34 72 67 14 220 221 229 230
49 14 72 28 85 0 48 54 86 26 37 43 8 67 92 6 36 71 219 220 228 229
28 34 6 37 102 82 36 106 60 72 85 23 87 86 8 66 217 218 226 227
45 67 102 79 23 4 26 37 43 8 60 85 75 0 6 36 87 34 86 53 218 219 227 228
48 34 14 72 71 106 60 23 4 37 52 8 64 54 89 66 56 0 22 78 219 220 228 229
105 0 22 3 64 66 81 53 34 65 67 23 26 43 54 8 87 223 224 232 233
92 14 64 102 4 26 60 35 52 3 85 39 53 34 67 222 223 231 232
0 60 37 4 52 6 31 53 66 78 67 11 89 102 56 3 81 71 216 224 225 233
87 71 35 82 63 6 85 66 34 86 67 75 106 65 26 56 222 223 231 232
39 106 35 86 3 75 52 26 10 79 23 60 102 22 82 72 36 218 219 227 228
23 86 43 56 65 10 78 8 34 37 102 26 22 3 71 72 14 75 52 54 216 217 225 226
86 26 37 85 8 72 35 52 3 63 36 66 53 79 222 223 231 232
102 11 31 64 106 75 81 37 54 8 71 22 3 82 63 6 223 224 232 233
67 81 106 4 56 10 85 89 63 78 6 34 65 11 220 221 229 230
35 63 4 66 56 65 78 3 6 37 79 31 217 218 226 227
36 14 72 85 75 52 53 10 66 43 56 78 37 82 34 218 219 227 228
85 106 3 63 53 14 31 81 79 26 56 37 10 43 71 222 223 231 232
81 34 14 82 106 4 26 56 37 43 54 52 63 66 221 222 230 231
11 89 56 8 106 60 37 4 3 72 6 75 63 53 34 216 224 225 233
89 26 56 10 54 60 4 82 6 53 34 31 64 75 78 65 79 222 223 231 232
10 4 53 56 34 14 79 82 6 71 106 60 63 75 52 64 216 224 225 233
64 60 71 22 52 3 79 4 78 26 220 221 229 230
43 26 66 79 56 22 3 82 71 14 106 60 63 53 75 52 65 218 219 227 228
34 106 52 8 53 65 37 82 14 217 218 226 227
106 3 82 63 66 72 14 75 78 4 54 60 71 223 224 232 233
31 8 79 71 22 3 65 14 66 56 26 217 218 226 227
6 60 63 3 52 65 53 66 56 79 82 71 216 224 225 233
79 75 78 82 54 8 22 52 3 65 221 222 230 231
8 54 78 37 82 71 60 72 75 4 216 224 225 233
60 22 3 66 82 72 56 71 54 220 221 229 230
65 78 22 52 53 3 14 56 220 221 229 230
78 26 37 22 52 3 63 66 53 221 222 230 231
3 54 4 216 224 225 233
26 66 4 63 75 217 218 226 227
75 53 37 54 71 221 222 230 231
4 53 22 14 71 37 72 216 224 225 233
72 63 14 52 54 221 222 230 231
54 56 22 53 71 63 219 220 228 229
63 52 66 82 220 221 229 230
22 53 52 56 82 216 217 225 226
56 82 53 219 220 228 229
71 53 14 220 221 229 230
53 66 14 219 220 228 229
37 66 52 218 219 227 228
82 14 221 222 230 231
14 52 216 217 225 226
66 220 221 229 230
52 219 220 228 229
132 205 195 149 139 117 123 194 184 197 121 206 196 173 186 176 153 131 133 115 118 129 178 210 200 167 144 126 212 156 146 124 211 111 204 135 128 138 203 180 170 147 160 137 215 217 218 226 227
205 162 135 116 146 168 201 182 166 196 199 126 210 127 108 130 160 171 114 193 144 174 177 180 161 191 142 214 138 122 152 155 117 172 123 153 215 156 208 200 112 134 118 178 223 224 232 233
124 201 145 181 203 119 180 147 183 150 127 117 192 126 121 129 204 207 128 141 206 112 196 115 186 153 116 185 155 210 154 167 110 144 199 212 189 202 179 156 133 169 114 211 216 217 225 226
201 127 157 188 111 141 114 174 208 177 189 161 207 122 155 209 172 186 137 168 211 140 187 210 131 197 212 178 181 163 116 198 179 180 182 214 204 194 166 196 126 113 143 222 223 231 232
136 175 130 155 200 154 190 157 212 119 202 179 122 156 169 133 117 109 123 181 171 148 138 203 180 170 150 215 192 134 118 162 152 194 207 184 197 206 196 126 140 176 113 185 198 217 218 226 227
175 139 169 172 123 153 212 189 202 179 192 121 191 181 164 115 145 118 165 215 149 182 195 166 194 113 206 130 160 196 141 171 174 125 158 159 208 173 119 210 200 133 155 190 220 221 229 230
137 140 176 153 126 165 155 187 130 154 190 111 167 144 114 128 212 189 166 214 119 168 133 148 117 213 120 123 193 160 215 192 182 139 131 194 134 184 118 141 129 206 173 217 218 226 227
140 186 176 153 208 198 188 178 145 112 115 210 177 190 128 156 192 146 138 168 171 109 213 193 170 183 160 195 149 185 162 194 133 161 197 174 151 117 118 164 141 154 217 218 226 227
155 188 152 139 123 177 167 121 189 179 156 192 131 191 168 181 151 203 193 149 170 182 126 172 110 143 194 184 111 197 141 144 164 125 147 196 209 199 208 218 219 227 228
188 117 109 139 169 150 183 200 170 121 213 190 187 212 202 131 145 148 214 151 191 204 162 184 149 182 193 206 110 143 157 171 163 144 125 147 177 196 209 199 122 152 221 222 230 231
116 117 215 192 182 149 139 129 194 141 118 206 163 153 143 108 208 185 142 210 200 177 154 190 144 121 134 212 166 179 109 133 146 123 211 191 181 135 171 138 193 127 216 224 225 233
117 198 152 165 119 187 164 212 189 166 111 123 114 178 181 135 213 203 157 193 147 202 215 129 171 184 161 174 118 206 183 112 173 150 115 120 195 216 224 225 233
148 149 162 143 194 127 108 111 125 147 206 173 186 176 138 198 119 211 165 123 190 167 199 212 202 169 159 131 204 181 158 129 203 180 146 193 183 160 150 192 182 195 218 219 227 228
149 129 135 146 147 194 207 184 174 151 110 113 127 108 176 141 114 144 125 128 142 178 210 187 177 139 189 169 159 121 204 181 158 171 213 134 170 173 218 219 227 228
198 109 120 150 215 186 159 189 173 187 207 134 164 115 199 151 135 208 185 196 210 200 213 113 143 212 160 111 202 171 163 174 128 180 191 214 138 119 122 152 222 223 231 232
176 159 191 213 131 183 215 194 184 166 197 187 110 112 196 113 143 209 127 157 108 111 171 114 147 211 142 200 177 190 119 122 152 212 192 150 123 153 156 220 221 229 230
177 212 189 179 138 119 133 214 204 150 172 167 121 206 154 195 131 134 145 146 168 209 166 199 126 110 143 178 160 141 210 125 200 147 213 161 142 220 221 229 230
212 207 180 210 161 191 194 215 138 133 169 120 150 183 156 186 170 121 173 203 151 181 184 165 108 130 209 190 171 114 193 125 223 224 232 233
152 120 151 210 187 135 154 190 167 199 166 211 143 168 204 127 181 130 141 114 213 180 193 138 122 108 139 161 123 125 173 209 186 163 153 119 185 133 218 219 227 228
110 158 125 203 170 183 150 127 215 192 182 195 172 162 139 194 161 151 130 185 108 145 112 210 200 154 144 134 111 199 189 156 133 169 126 211 178 109 191 216 224 225 233
158 166 143 179 169 108 130 211 114 144 214 191 128 171 138 215 133 192 195 109 172 185 120 162 156 194 121 197 174 154 206 173 186 163 115 118 208 165 187 190 126 219 220 228 229
111 123 113 126 211 178 181 135 125 115 180 109 170 114 150 182 159 172 162 129 204 207 184 197 174 128 164 118 196 208 165 122 167 121 179 146 216 224 225 233
123 145 200 190 147 202 109 156 169 146 126 121 168 135 171 125 138 180 183 112 215 182 172 185 129 174 151 164 196 173 186 163 108 216 217 225 226
130 121 214 191 138 193 170 112 183 115 129 182 185 162 197 151 196 209 199 127 108 133 165 142 178 200 190 119 144 180 134 147 109 202 156 192 159 216 217 225 226
162 182 151 135 204 184 126 206 196 173 209 186 113 143 208 114 125 165 161 200 167 166 202 139 214 168 159 121 171 193 170 183 131 215 145 192 219 220 228 229
120 208 142 122 187 154 144 134 115 166 202 179 156 169 146 178 214 191 168 135 125 147 127 108 192 159 195 114 172 129 204 174 164 141 119 206 163 153 143 216 217 225 226
208 150 172 153 184 156 186 167 203 204 131 115 118 165 179 180 126 143 127 157 171 193 128 159 189 191 194 206 211 138 119 122 133 210 223 224 232 233
186 154 211 131 112 164 115 190 129 151 165 179 182 192 185 126 214 127 213 160 171 114 144 174 125 215 142 195 169 172 153 209 159 221 222 230 231
109 211 178 145 112 167 144 134 146 159 113 126 191 204 181 125 128 213 203 180 193 170 195 172 129 119 108 197 174 151 141 206 163 143 133 216 224 225 233
207 134 164 115 118 197 129 151 214 135 146 168 179 166 196 199 215 113 114 193 144 125 180 191 209 119 122 211 150 202 183 156 159 121 210 200 213 154 223 224 232 233
113 168 204 181 193 160 127 172 185 194 161 151 141 121 206 163 153 166 112 211 165 142 178 187 190 167 144 157 134 147 199 179 146 159 214 216 224 225 233
168 108 195 172 160 184 142 187 138 119 209 122 139 178 121 210 200 213 180 131 189 134 145 169 163 146 191 181 194 193 206 183 173 220 221 229 230
157 211 214 171 122 203 180 193 183 160 150 153 215 192 154 174 131 133 134 115 145 206 151 209 163 135 165 178 126 112 167 141 199 189 202 128 169 142 219 220 228 229
211 172 189 170 142 173 154 119 214 133 164 151 181 183 167 179 182 185 166 196 112 145 178 193 210 191 194 192 138 223 224 232 233
153 178 187 200 131 112 190 118 129 151 189 202 156 146 169 159 191 181 147 128 182 185 142 194 184 161 174 206 173 150 166 218 219 227 228
189 159 138 119 133 210 139 172 183 167 202 192 154 187 214 145 118 129 203 151 181 180 182 195 143 197 127 141 163 114 221 222 230 231
156 166 128 165 138 190 167 133 159 121 204 181 171 161 213 112 193 170 206 183 160 173 129 146 195 184 143 108 163 219 220 228 229
166 193 159 183 173 142 215 182 195 118 150 151 187 196 209 178 143 145 129 144 167 146 128 169 214 139 141 213 219 220 228 229
129 118 171 161 174 141 196 185 127 165 142 114 125 210 200 154 119 178 138 190 147 183 160 150 215 192 112 216 217 225 226
204 143 115 127 163 144 174 209 146 147 128 180 191 194 122 213 139 141 171 172 125 170 173 118 178 135 215 185 196 199 223 224 232 233
114 169 191 135 171 138 115 213 203 180 160 150 185 194 184 174 164 154 131 206 163 143 133 165 187 112 144 179 216 224 225 233
169 178 161 210 199 133 202 192 167 214 159 121 171 213 203 180 193 112 134 164 182 185 165 184 197 174 126 160 220 221 229 230
200 209 119 167 159 210 121 187 164 181 135 165 195 146 182 203 199 126 108 190 141 163 193 174 147 161 191 142 222 223 231 232
209 206 187 131 133 164 145 118 151 181 135 165 146 182 196 199 127 190 144 174 125 147 180 161 138 210 213 108 139 223 224 232 233
118 139 161 174 151 115 141 131 121 163 133 142 154 190 108 134 199 202 179 192 159 214 183 160 150 182 185 216 224 225 233
139 135 145 154 190 167 147 126 192 108 181 128 203 193 170 160 173 138 119 133 194 184 174 164 141 163 143 131 112 217 218 226 227
150 185 197 210 154 127 108 178 181 213 190 133 180 170 183 160 192 172 121 194 171 164 131 134 196 163 218 219 227 228
215 195 146 179 180 143 108 141 171 193 210 191 122 133 172 183 173 203 154 185 187 134 164 151 181 223 224 232 233
182 135 185 126 197 127 160 196 144 174 125 161 142 138 190 172 202 170 192 173 214 191 203 221 222 230 231
181 195 185 171 184 174 125 197 147 161 142 199 122 121 173 115 145 178 151 203 193 221 222 230 231
195 135 165 146 179 185 197 126 206 127 171 174 147 128 191 142 194 192 122 183 170 121 214 187 203 131 164 222 223 231 232
159 146 147 178 126 122 180 141 202 154 214 161 119 134 170 206 173 163 172 197 164 143 145 196 219 220 228 229
151 172 185 131 197 164 154 135 126 178 143 108 141 125 128 142 202 122 203 193 121 218 219 227 228
172 135 210 213 143 202 179 192 160 125 191 203 138 119 183 122 167 184 197 187 199 115 220 221 229 230
192 210 146 161 202 143 127 128 142 154 138 119 133 164 194 184 115 145 178 222 223 231 232
210 138 214 202 183 167 206 187 112 115 178 165 143 108 190 141 163 213 194 223 224 232 233
122 145 167 144 199 202 179 126 112 135 171 115 213 160 127 194 184 161 174 164 131 196 173 163 165 216 217 225 226
145 194 171 108 184 161 174 206 173 163 119 134 167 146 112 178 214 143 191 141 213 190 144 128 170 218 219 227 228
143 171 121 203 131 112 134 184 161 197 164 206 196 126 127 108 165 119 217 218 226 227
146 144 142 194 138 119 206 196 121 197 187 190 167 134 115 135 214 147 160 127 218 219 227 228
193 214 203 163 206 125 191 183 170 121 173 131 112 134 164 178 213 179 222 223 231 232
185 135 167 179 121 131 112 196 163 174 199 213 127 141 183 125 202 170 191 203 221 222 230 231
135 194 125 128 141 196 163 119 133 165 147 179 115 161 138 213 203 160 173 126 217 218 226 227
127 138 213 203 160 197 131 119 196 133 165 121 178 154 190 134 112 115 202 216 217 225 226
147 179 214 108 141 203 125 206 160 173 142 138 187 164 196 199 121 178 131 112 180 218 219 227 228
179 142 194 119 184 197 206 173 154 131 112 134 178 202 203 108 160 183 171 163 220 221 229 230
138 112 167 199 202 125 128 214 213 203 194 184 197 131 134 217 218 226 227
170 199 126 178 141 187 190 128 161 202 119 133 171 203 183 173 112 134 115 194 184 196 220 221 229 230
199 142 173 206 187 119 134 184 167 112 115 160 163 180 191 194 126 202 214 141 222 223 231 232
121 163 165 142 144 202 112 178 191 125 203 160 108 194 216 217 225 226
163 171 112 134 115 183 173 197 164 108 125 142 165 213 133 219 220 228 229
180 191 108 171 144 125 128 203 142 206 119 133 184 165 178 160 190 161 221 222 230 231
112 194 184 161 183 197 187 154 167 134 213 126 216 224 225 233
194 164 115 165 190 171 174 125 161 222 223 231 232
144 214 133 213 203 134 115 184 161 197 164 196 126 187 141 167 125 128 202 218 219 227 228
115 119 171 161 174 128 131 165 197 154 190 202 213 183 160 216 224 225 233
119 187 164 154 178 191 203 160 108 141 196 216 224 225 233
165 154 174 164 178 187 190 167 126 202 141 214 128 183 173 219 220 228 229
125 183 126 174 128 164 141 131 173 154 167 134 216 217 225 226
131 184 161 197 206 196 142 187 167 128 171 213 203 160 216 217 225 226
184 134 187 196 108 160 141 174 142 214 191 183 203 221 222 230 231
126 161 174 128 141 196 173 187 202 214 191 171 216 217 225 226
142 214 203 183 134 197 174 164 196 173 108 128 154 167 217 218 226 227
161 202 171 203 206 183 160 164 133 178 190 167 219 220 228 229
191 202 190 174 128 214 213 203 183 173 134 221 222 230 231
183 174 108 167 154 134 206 221 222 230 231
214 160 190 128 167 154 187 164 196 213 223 224 232 233
128 160 197 174 164 196 133 178 187 190 167 134 216 217 225 226
187 196 133 167 154 213 134 202 141 174 221 222 230 231
197 133 164 178 160 190 213 202 108 203 206 167 154 222 223 231 232
164 206 190 202 171 108 173 154 219 220 228 229
171 178 213 108 154 196 220 221 229 230
178 141 134 160 220 221 229 230
154 134 202 213 160 141 174 218 219 227 228
173 160 213 190 141 133 174 220 221 229 230
134 141 206 196 217 218 226 227
202 167 206 190 222 223 231 232
196 190 133 222 223 231 232
206 108 160 203 133 223 224 232 233
108 213 190 203 174 141 133 216 224 225 233
141 167 217 218 226 227
160 203 174 219 220 228 229
133 167 213 190 217 218 226 227
167 213 219 220 228 229
190 221 222 230 231
203 222 223 231 232
174 220 221 229 230
213 223 224 232 233
216
217
218
219
220
221
222
223
224
225
226
227
228
229
230
231
232
233
