#/usr/local/lib/python3.10/dist-packages/colab_kernel_launcher.py -f /root/.local/share/jupyter/runtime/kernel-2b515d16-c871-48c9-ad2b-cd6ecd503099.json
# GMT Thu May 23 11:17:42 2024
# 
47 53 52 36 28 9 1 12 42 15 45 7 55 10 40 58 5 24 30 38 0 22 14 126 127
53 17 9 48 20 23 42 4 57 45 37 29 40 5 35 46 30 0 59 52 33 25 127 128
18 26 30 14 16 6 57 0 11 25 34 52 20 29 28 15 23 17 10 51 4 31 49 122 123
26 2 24 16 48 52 19 42 11 22 20 41 23 27 36 45 54 4 49 58 15 35 123 124
7 35 21 39 57 43 20 56 15 28 37 0 23 9 51 55 1 32 59 54 49 4 120 121
35 29 45 49 24 44 0 14 3 33 39 48 52 17 28 42 1 23 4 15 124 125
0 5 37 46 41 50 36 45 22 8 12 58 39 25 34 52 6 19 120 129
5 27 45 22 40 17 44 21 30 16 1 11 4 48 38 56 2 33 42 51 120 129
11 14 10 46 55 4 36 54 13 40 17 3 6 25 43 29 38 33 42 19 120 121
14 15 42 19 28 37 6 9 50 27 45 22 40 17 39 34 8 20 38 121 122
21 46 50 59 27 54 22 40 49 2 58 44 34 24 42 6 1 20 56 4 51 122 123
46 22 13 8 30 50 39 49 44 28 31 23 42 48 57 45 29 40 2 126 127
40 59 45 29 49 2 44 8 22 48 3 43 33 28 1 37 125 126
59 29 51 24 22 3 25 55 6 36 17 9 58 20 50 12 23 42 37 128 129
29 36 45 25 6 17 1 4 43 38 33 42 13 19 55 3 123 124
10 36 22 49 3 58 39 25 4 48 34 43 38 24 42 51 37 13 8 50 120 121
36 48 38 8 33 55 25 50 28 17 1 31 23 4 15 34 125 126
33 38 17 31 23 12 15 54 49 32 13 24 16 8 34 22 124 125
38 17 41 54 32 24 13 16 44 48 57 27 30 22 3 125 126
2 41 50 17 58 39 48 57 25 34 43 52 20 6 15 24 51 55 120 129
41 32 24 27 30 8 55 3 44 28 9 1 20 23 34 48 57 43 52 125 126
3 6 19 9 54 22 31 49 30 16 58 48 57 20 56 120 129
6 34 52 56 51 19 37 23 32 13 55 54 58 12 120 121
44 56 17 12 32 8 19 55 50 39 1 20 58 48 57 15 126 127
56 16 17 39 1 31 50 42 15 51 4 32 24 27 30 19 52 128 129
50 43 58 13 16 19 8 9 39 1 31 12 48 127 128
15 1 12 34 43 20 51 19 37 32 55 27 121 122
22 23 13 54 31 49 58 17 24 42 122 123
42 25 28 51 55 13 16 45 30 126 127
48 49 58 31 57 27 8 55 25 127 128
17 34 43 20 23 51 54 4 121 122
30 9 55 4 54 16 31 28 57 43 12 37 25 124 125
34 9 31 12 23 58 57 37 32 13 27 124 125
49 43 16 55 27 54 8 58 39 1 25 127 128
45 32 24 16 27 51 28 9 39 20 12 54 126 127
58 12 51 32 52 16 19 25 128 129
52 28 9 39 1 31 4 37 51 43 16 8 127 128
25 9 23 37 55 16 8 39 57 123 124
23 39 57 43 20 32 13 19 122 123
51 13 16 39 1 20 43 27 127 128
19 32 27 31 39 20 24 8 28 37 122 123
13 27 54 8 43 9 28 37 12 4 121 122
28 57 37 12 31 24 16 8 123 124
37 1 31 12 9 24 54 125 126
16 32 27 57 43 20 121 122
57 1 20 31 12 4 32 128 129
9 39 24 1 55 32 27 12 120 121
27 54 31 8 39 12 123 124
54 55 32 43 39 1 12 128 129
32 24 20 43 12 4 124 125
43 39 1 4 126 127
24 55 1 12 8 123 124
55 8 31 4 128 129
39 31 125 126
20 4 8 122 123
12 31 121 122
1 120 129
31 8 4 124 125
4 120 129
8 120 121
75 81 99 66 69 61 108 117 72 112 107 93 111 88 83 65 110 105 82 71 77 86 95 121 122
81 106 78 119 82 109 62 90 79 104 113 99 85 63 89 98 84 77 69 61 72 116 122 123
107 113 117 85 111 99 102 64 86 105 67 115 110 100 62 103 65 73 95 79 74 63 126 127
113 96 108 61 83 103 78 87 70 62 82 92 65 76 106 68 79 101 104 118 85 127 128
96 89 111 95 73 68 71 60 82 74 63 93 106 85 110 105 109 99 91 80 86 67 125 126
86 90 78 62 65 73 117 94 68 102 60 85 69 61 119 72 87 105 64 104 123 124
90 106 115 101 110 84 73 100 79 82 88 99 117 94 60 112 116 80 102 111 92 124 125
78 95 104 66 118 99 108 85 80 89 88 83 70 72 65 115 92 119 82 91 122 123
99 88 70 103 116 83 111 101 67 115 73 109 104 98 71 74 85 125 126
88 118 82 74 108 103 112 102 77 61 83 110 105 91 100 109 95 68 71 123 124
118 69 70 100 102 103 65 95 67 106 117 101 73 84 114 79 98 60 93 116 128 129
95 115 89 110 119 92 73 76 68 71 85 117 116 77 102 69 94 124 125
89 92 105 114 91 66 77 61 83 64 116 111 97 65 68 71 60 106 63 123 124
92 115 101 110 119 114 76 66 68 60 108 77 93 111 72 97 106 87 124 125
104 111 72 103 65 84 67 87 68 110 119 105 114 82 76 71 80 83 126 127
100 101 109 62 65 79 71 82 108 63 103 112 93 116 85 69 91 72 67 125 126
101 102 62 73 98 119 74 85 66 77 80 91 83 72 64 94 70 125 126
71 74 69 70 97 105 109 72 66 108 85 112 80 93 79 120 121
74 111 79 97 83 106 64 87 105 82 91 67 70 117 112 68 116 121 122
66 108 63 94 112 79 97 69 115 91 109 68 77 76 85 80 61 120 121
108 69 80 83 97 70 112 62 87 106 68 63 115 110 85 127 128
106 84 68 110 114 109 63 77 69 91 94 116 97 70 126 127
60 83 116 119 87 64 68 67 117 85 103 112 80 98 84 93 61 120 129
83 117 112 98 84 102 97 67 115 110 64 105 122 123
70 87 114 82 109 63 64 117 112 84 93 97 73 110 120 121
87 62 65 73 110 105 91 69 117 80 72 98 64 102 97 123 124
102 93 85 77 117 94 69 64 65 73 119 114 109 98 126 127
93 98 97 69 61 91 111 64 115 109 76 117 94 103 124 125
98 111 80 72 119 64 67 62 84 76 117 112 82 63 125 126
62 110 105 109 68 63 112 116 84 79 97 69 61 115 120 129
63 84 65 64 110 105 114 73 72 94 103 80 120 129
114 115 84 76 79 82 112 77 117 116 110 105 94 67 97 128 129
85 103 77 69 72 65 116 82 123 124
103 115 110 119 91 64 94 65 73 111 79 82 126 127
110 116 68 109 67 97 127 128
82 97 76 69 61 64 112 84 122 123
84 105 61 80 94 112 116 65 76 68 123 124
97 94 64 65 73 111 115 109 125 126
111 119 76 91 94 77 112 72 115 79 127 128
67 72 76 94 112 116 115 119 91 109 68 120 121
72 117 112 80 79 115 119 73 121 122
117 77 80 119 76 68 109 128 129
69 80 119 105 73 91 65 120 121
94 77 61 65 73 115 105 109 124 125
105 76 79 116 91 119 126 127
112 77 61 73 127 128
119 79 109 77 61 91 128 129
109 64 65 76 91 127 128
79 77 115 61 65 76 80 122 123
115 76 68 61 128 129
76 77 73 80 61 64 121 122
77 65 68 91 121 122
91 116 61 64 124 125
65 73 120 129
61 116 64 80 120 129
68 80 64 120 121
73 80 116 121 122
80 116 122 123
64 116 120 129
116 128 129
120
121
122
123
124
125
126
127
128
129
