#/usr/local/lib/python3.10/dist-packages/colab_kernel_launcher.py -f /root/.local/share/jupyter/runtime/kernel-ccf9b1d1-ce2b-4d6c-8d13-48aff858ef78.json
# GMT Mon May 27 09:44:17 2024
# 
15 21 23 14 18 12 8 20 11 0 5 19 7 9 13 49 50 53 54 57 58 61 62 65 66
21 17 18 9 1 14 3 22 12 6 4 19 11 0 50 51 54 55 58 59 62 63 66 67
7 17 10 0 12 23 5 9 11 18 13 22 2 6 48 49 52 53 56 57 60 61 64 65
17 9 23 3 16 10 18 6 20 8 0 19 5 49 50 53 54 57 58 61 62 65 66
4 9 2 18 11 13 22 6 8 0 19 3 12 14 48 51 52 55 56 59 60 63 64 67
9 10 0 14 5 16 11 20 13 6 48 49 52 53 56 57 60 61 64 65
3 13 22 8 19 1 12 14 18 11 2 20 48 51 52 55 56 59 60 63 64 67
13 12 14 23 16 2 8 1 20 22 49 50 53 54 57 58 61 62 65 66
5 10 0 23 16 18 1 11 20 22 8 48 51 52 55 56 59 60 63 64 67
10 1 22 12 2 23 6 16 18 11 0 48 49 52 53 56 57 60 61 64 65
0 14 23 16 18 8 12 48 51 52 55 56 59 60 63 64 67
22 16 20 12 2 6 19 11 50 51 54 55 58 59 62 63 66 67
14 19 1 23 16 2 8 20 49 50 53 54 57 58 61 62 65 66
11 23 6 16 20 12 48 49 52 53 56 57 60 61 64 65
23 1 20 6 8 19 50 51 54 55 58 59 62 63 66 67
6 20 2 8 19 16 48 49 52 53 56 57 60 61 64 65
20 2 1 18 50 51 54 55 58 59 62 63 66 67
16 1 2 18 8 49 50 53 54 57 58 61 62 65 66
18 19 12 1 50 51 54 55 58 59 62 63 66 67
19 1 12 2 8 50 51 54 55 58 59 62 63 66 67
12 1 2 49 50 53 54 57 58 61 62 65 66
2 8 1 48 51 52 55 56 59 60 63 64 67
1 8 48 51 52 55 56 59 60 63 64 67
8 48 49 52 53 56 57 60 61 64 65
39 45 25 42 36 26 28 46 24 41 29 43 31 33 37 49 50 53 54 57 58 61 62 65 66
45 41 29 42 31 33 40 44 34 36 26 43 32 35 50 51 54 55 58 59 62 63 66 67
30 42 44 37 46 26 32 41 34 24 36 38 47 31 40 48 49 52 53 56 57 60 61 64 65
42 43 36 37 35 41 25 38 27 31 44 40 50 51 54 55 58 59 62 63 66 67
28 33 26 47 35 44 37 32 34 43 25 38 31 40 48 51 52 55 56 59 60 63 64 67
33 32 41 34 43 24 31 47 27 35 44 26 48 49 52 53 56 57 60 61 64 65
27 37 46 41 34 43 25 36 47 40 26 24 44 48 51 52 55 56 59 60 63 64 67
37 41 36 38 47 40 32 24 46 34 49 50 53 54 57 58 61 62 65 66
29 34 24 43 36 38 31 25 44 46 26 32 41 48 51 52 55 56 59 60 63 64 67
34 31 44 36 38 47 32 40 48 49 52 53 56 57 60 61 64 65
32 35 25 46 24 38 47 31 48 49 52 53 56 57 60 61 64 65
24 38 40 26 35 46 41 25 48 51 52 55 56 59 60 63 64 67
41 47 40 26 46 35 49 50 53 54 57 58 61 62 65 66
43 31 25 38 44 46 26 35 50 51 54 55 58 59 62 63 66 67
46 40 44 47 36 35 50 51 54 55 58 59 62 63 66 67
38 25 40 36 26 44 49 50 53 54 57 58 61 62 65 66
26 35 47 31 48 51 52 55 56 59 60 63 64 67
35 47 40 25 36 48 49 52 53 56 57 60 61 64 65
47 31 44 36 50 51 54 55 58 59 62 63 66 67
25 36 31 40 44 48 51 52 55 56 59 60 63 64 67
31 40 48 49 52 53 56 57 60 61 64 65
44 36 50 51 54 55 58 59 62 63 66 67
40 49 50 53 54 57 58 61 62 65 66
36 49 50 53 54 57 58 61 62 65 66
48
49
50
51
52
53
54
55
56
57
58
59
60
61
62
63
64
65
66
67
