#/usr/local/lib/python3.10/dist-packages/colab_kernel_launcher.py -f /root/.local/share/jupyter/runtime/kernel-dea7114a-48f2-47cd-9840-9590734c419b.json
# GMT Thu May 23 18:17:55 2024
# 
17 58 25 2 5 28 16 0 3 27 40 30 39 52 29 42 19 11 51 41 18 54 31 21 9 1 12 53 43 20 56 32 45 22 35 7 44 57 10 34 47 24 37 46 59 36 26 120 121 124 125 129 130
58 50 51 32 14 44 25 26 56 28 9 10 40 42 43 57 41 23 4 5 35 7 21 22 52 24 54 55 6 36 59 8 38 39 20 53 30 2 16 47 19 0 31 3 15 45 123 124 128 129 132 133
8 9 41 54 31 44 21 43 20 56 33 10 23 2 55 32 22 35 12 0 6 57 34 47 37 14 46 59 13 26 16 1 25 38 15 18 50 27 40 30 39 52 29 42 19 7 120 124 125 128 129 133
9 44 11 47 14 46 23 59 36 2 26 16 0 48 3 25 38 6 28 37 50 27 49 39 52 29 19 51 41 31 21 30 43 20 33 10 4 42 7 55 32 45 35 12 120 124 125 128 129 133
0 5 37 50 27 40 7 39 52 19 51 41 18 54 31 21 30 43 33 10 23 55 32 45 22 35 12 2 44 34 11 47 24 1 46 59 36 13 26 3 48 25 38 120 123 124 128 129 132 133
5 3 50 27 40 30 7 52 29 42 19 32 41 1 11 53 43 56 33 10 23 13 55 45 35 25 4 47 24 37 14 46 59 36 26 39 16 48 38 2 15 51 28 18 120 124 125 128 129 133
40 41 54 44 35 16 19 53 22 3 43 33 6 36 39 20 34 11 14 25 28 1 31 12 15 59 29 49 13 48 51 23 4 26 7 10 21 24 27 52 42 18 122 123 126 127 131 132
41 42 21 24 27 38 39 54 44 53 18 43 56 2 35 16 22 3 45 6 36 20 34 57 47 30 11 46 49 25 28 31 15 48 13 23 4 26 7 37 122 123 126 127 131 132
11 14 7 56 10 59 36 13 49 26 16 25 38 15 28 2 37 50 4 27 30 39 52 29 19 51 54 31 21 43 20 1 33 23 55 45 22 12 44 47 24 120 124 125 129 130 133
14 24 37 46 12 59 36 49 13 48 51 28 18 50 4 27 7 30 10 39 52 29 19 32 54 31 44 21 2 53 43 20 33 3 23 55 45 35 25 34 47 120 121 124 125 129 130 133
6 48 38 15 51 28 18 50 2 30 20 1 52 29 42 19 32 54 31 44 21 53 43 56 33 10 23 55 45 22 35 12 25 57 34 47 24 4 59 36 49 39 120 124 125 128 129 133
48 36 39 20 34 57 30 59 49 28 1 31 12 42 15 45 29 51 32 13 46 53 23 4 26 7 37 10 24 27 38 54 18 2 56 16 19 3 55 33 122 123 127 128 131 132
42 44 57 47 18 2 4 35 59 16 49 19 22 3 33 36 34 50 30 25 28 1 52 12 15 29 51 32 13 53 56 7 37 10 55 24 45 27 122 123 126 127 131 132
33 38 23 4 26 50 7 24 27 39 52 51 18 54 44 2 16 19 53 43 22 56 55 45 57 47 25 28 1 12 46 15 59 36 49 29 32 121 122 126 127 130 131
38 36 51 20 54 53 43 30 56 25 28 1 12 45 15 32 13 57 47 59 26 49 7 37 10 21 24 27 50 18 2 16 39 52 19 22 3 121 122 126 127 131 132
25 34 15 56 36 28 10 24 37 50 13 49 39 52 29 4 19 54 21 31 22 3 20 53 43 18 55 32 2 45 16 1 44 120 121 125 126 130 131
34 28 1 12 15 51 29 32 13 50 23 4 26 7 10 21 24 27 54 44 43 18 56 2 16 19 55 22 45 35 20 57 47 46 59 36 49 121 122 126 127 130 131
44 47 12 43 27 46 49 18 51 4 35 37 19 50 21 22 3 36 52 30 2 54 16 28 1 31 53 29 32 55 23 57 26 122 123 127 128 131 132
47 57 28 1 31 12 59 29 49 13 46 51 4 26 10 50 43 24 27 52 2 54 35 16 19 22 3 53 56 39 20 55 122 123 127 128 131 132
10 54 21 4 53 43 20 56 13 45 22 12 57 37 2 46 49 3 26 39 16 15 51 28 50 27 30 52 29 19 32 120 124 125 129 130 133
54 21 24 27 56 18 55 16 19 49 52 36 57 39 20 50 59 30 31 12 15 45 51 32 13 46 23 4 7 37 123 124 127 128 132 133
3 15 28 18 50 27 30 1 39 52 29 19 21 53 43 20 56 23 32 45 22 35 12 57 24 37 2 46 59 13 49 16 120 123 124 128 129 133
15 57 24 37 46 59 36 49 26 39 16 1 12 51 18 50 27 30 52 4 29 31 21 53 20 56 23 55 45 22 35 120 121 124 125 129 130
22 28 13 50 53 30 4 29 7 32 21 31 43 56 46 23 2 16 55 19 35 20 37 27 49 26 39 1 12 120 121 125 126 129 130
28 20 59 36 49 12 30 13 52 29 23 4 51 7 31 21 24 27 43 56 18 55 45 2 35 16 19 121 122 125 126 130 131
24 31 1 53 43 56 13 45 4 7 57 21 37 46 36 49 26 18 2 51 16 19 50 27 20 30 29 120 121 125 126 130 131
36 51 1 31 29 32 13 23 4 26 7 21 56 27 45 18 57 2 35 37 16 19 46 59 49 39 121 122 126 127 131 132
57 1 12 45 29 51 32 13 46 23 4 26 56 7 37 21 43 27 59 18 2 49 52 55 39 20 50 53 30 123 124 128 129 132 133
18 30 39 52 29 51 31 21 16 53 43 20 56 23 55 13 32 45 35 12 46 59 49 26 7 120 121 125 126 129 130
30 2 59 16 49 19 51 50 39 52 1 13 31 53 43 56 23 7 21 55 45 27 35 37 121 122 125 126 130 131
29 45 35 2 37 19 46 49 20 51 1 12 39 31 23 4 26 7 53 43 56 27 55 121 122 125 126 130 131
45 32 13 46 59 26 7 49 37 21 43 27 50 16 52 20 53 56 1 12 55 122 123 127 128 131 132
21 31 23 32 35 2 16 20 56 46 59 49 1 37 50 27 13 39 52 4 51 120 121 125 126 129 130
32 55 13 35 23 4 49 39 20 51 2 50 16 19 1 31 52 26 53 43 56 12 46 121 122 126 127 130 131
55 13 46 23 26 7 37 43 27 2 56 35 16 19 49 52 39 20 51 53 59 12 123 124 127 128 132 133
37 16 1 31 53 12 43 56 13 26 7 46 49 2 4 35 50 20 39 52 51 121 122 126 127 131 132
13 35 46 59 26 16 4 7 27 39 51 2 31 1 53 43 20 56 23 120 121 124 125 129 130 133
7 2 53 43 20 56 23 35 12 46 59 49 26 50 27 4 52 51 31 120 124 125 128 129 133
50 35 16 19 49 51 39 52 1 31 12 53 46 56 23 26 43 27 59 122 123 127 128 132 133
35 39 52 23 4 26 27 43 56 2 16 20 46 59 49 1 31 12 121 122 126 127 130 131
31 27 46 59 49 2 16 19 20 52 1 12 53 43 56 23 4 121 122 126 127 130 131
51 39 20 59 16 1 46 53 52 12 56 23 4 19 122 123 127 128 132 133
39 19 53 1 52 26 43 12 27 23 4 59 49 122 123 126 127 131 132
2 52 19 43 20 56 23 4 59 49 26 1 120 123 124 128 129 133
16 52 19 1 53 43 20 23 4 46 59 120 121 124 125 129 130
1 4 59 49 26 27 20 52 53 43 46 12 120 123 124 128 129 132 133
27 19 43 56 12 59 23 26 53 52 121 122 125 126 130 131
20 4 19 53 43 56 23 12 46 26 120 121 125 126 129 130
12 46 49 26 4 52 19 53 56 23 120 124 125 129 130 133
23 53 43 56 46 49 19 52 120 121 125 126 130 131
53 4 26 19 52 56 46 59 123 124 127 128 132 133
56 26 4 46 123 124 127 128 132 133
4 43 46 59 26 49 19 120 123 124 128 129 133
43 26 19 59 122 123 126 127 131 132
46 26 59 49 52 19 122 123 127 128 131 132
26 59 49 52 19 121 122 125 126 130 131
19 59 49 120 121 125 126 129 130
59 49 52 123 124 128 129 132 133
49 52 122 123 127 128 132 133
52 123 124 127 128 132 133
77 118 85 98 65 88 76 60 110 87 66 100 90 99 112 89 79 71 111 74 101 78 114 91 69 61 72 113 103 80 93 73 83 115 92 82 95 64 104 70 107 84 97 68 106 96 86 120 121 124 125 129 130
118 108 110 111 106 71 74 104 85 88 69 70 100 72 102 117 89 101 73 83 64 65 95 67 97 81 82 114 66 119 68 99 80 113 78 62 76 107 109 60 61 91 63 93 75 105 123 124 128 129 132 133
89 92 105 78 117 94 107 62 76 79 60 82 119 66 109 108 98 111 71 74 110 85 100 88 69 61 72 99 112 102 73 101 114 91 86 67 113 103 70 116 81 84 87 68 115 121 122 125 126 130 131
92 115 73 105 95 107 83 65 81 82 119 96 84 109 66 99 68 80 108 98 111 78 90 62 110 74 100 76 79 60 61 63 75 112 102 101 71 85 113 88 103 69 116 93 87 121 122 126 127 130 131
68 69 111 101 114 91 104 81 103 80 116 93 70 83 62 115 82 95 72 60 66 117 94 107 97 74 106 119 96 73 109 86 61 85 98 88 78 110 87 100 99 112 102 120 124 125 128 129 133
69 117 94 71 107 84 74 116 106 83 119 96 62 86 65 76 63 85 98 75 66 97 110 87 100 109 112 79 61 111 101 78 81 113 93 70 64 102 67 115 95 72 120 124 125 128 129 133
100 101 62 104 95 79 113 82 63 103 93 116 66 99 80 94 115 105 90 71 107 85 88 61 91 72 75 106 119 108 64 86 67 97 110 70 81 84 112 102 78 122 123 126 127 131 132
101 102 81 84 87 98 99 114 104 78 103 116 62 95 76 79 115 82 63 105 93 66 117 107 90 71 106 119 74 109 91 72 75 73 110 83 64 86 67 97 122 123 126 127 131 132
60 65 110 87 64 67 109 112 66 102 79 111 78 114 91 90 103 93 70 115 105 95 72 62 104 117 94 71 107 61 74 116 106 119 96 86 63 76 108 85 98 75 120 123 124 128 129 132 133
65 63 110 87 67 112 102 79 114 104 81 61 71 113 103 80 93 70 83 73 105 95 72 85 64 117 94 107 84 97 74 106 119 86 99 76 66 98 75 111 88 78 120 124 125 128 129 133
66 108 98 75 88 78 110 87 62 90 80 61 63 79 114 91 104 71 113 103 93 70 83 115 105 82 95 94 84 97 74 64 119 96 109 99 76 120 124 125 128 129 133
108 96 99 80 117 90 71 74 104 119 109 88 61 91 72 102 75 105 111 73 106 110 113 83 64 86 67 70 112 81 84 87 114 78 62 76 79 82 63 115 93 122 123 127 128 131 132
71 74 67 106 119 96 73 109 86 76 85 98 62 97 110 64 87 63 99 112 79 111 91 81 113 103 80 61 83 115 105 82 95 117 94 84 120 124 125 129 130 133
74 97 61 106 72 119 96 109 86 98 111 88 78 64 87 67 90 70 99 112 102 79 91 104 81 62 103 116 63 115 105 82 95 85 117 120 121 124 125 129 130 133
102 104 117 78 62 95 119 109 79 82 63 93 96 99 80 94 90 85 88 61 112 72 111 73 114 103 116 83 86 67 97 70 81 115 84 87 122 123 126 127 131 132
93 98 64 67 81 87 99 112 111 78 114 104 76 79 113 103 82 63 80 115 90 94 107 97 85 88 61 91 72 106 75 119 96 109 73 121 122 126 127 130 131
98 96 111 80 114 94 113 103 90 116 85 88 61 91 72 75 73 104 117 107 86 109 67 97 70 81 87 78 62 95 76 99 112 82 63 121 122 126 127 131 132
85 94 75 107 116 106 96 86 88 70 72 84 97 110 109 112 83 64 67 111 79 114 81 91 80 113 90 78 105 95 76 104 117 120 121 125 126 130 131
94 88 61 91 72 75 83 64 99 86 112 67 70 81 87 114 104 113 103 78 79 115 82 105 63 95 80 117 107 97 90 106 119 96 109 121 122 126 127 130 131
104 107 103 84 119 78 111 64 67 97 79 110 81 82 96 99 80 90 62 76 88 61 91 113 75 116 73 115 105 83 117 86 122 123 127 128 131 132
107 117 88 61 72 75 105 119 109 73 106 83 86 67 70 110 81 84 87 112 62 95 76 82 63 113 96 116 99 80 115 90 122 123 127 128 131 132
70 114 91 81 64 113 103 67 80 116 73 115 105 82 95 72 84 97 106 109 63 86 75 88 78 110 87 90 61 112 79 120 124 125 129 130 133
114 81 103 87 116 78 115 95 76 79 109 82 112 63 96 117 80 110 119 90 88 61 72 75 105 111 73 106 83 64 67 97 123 124 127 128 132 133
62 110 87 67 99 112 79 111 91 113 80 116 83 115 105 82 95 72 117 84 97 64 106 119 96 109 76 75 88 78 61 120 123 124 128 129 133
110 76 79 109 63 96 99 80 112 88 91 72 75 105 73 113 116 115 83 64 67 97 81 103 84 117 87 78 122 123 127 128 132 133
63 75 88 90 67 61 99 79 111 91 81 113 80 116 83 115 105 82 95 72 117 84 106 119 96 73 109 86 120 123 124 128 129 133
75 117 84 97 106 119 109 86 99 76 72 88 78 73 87 90 112 64 79 67 91 81 113 116 83 115 105 120 121 124 125 129 130
82 88 73 113 90 64 112 67 91 103 78 83 115 105 95 80 117 84 97 96 109 86 99 61 72 111 120 121 125 126 129 130
88 117 97 80 106 119 96 72 90 99 64 86 111 67 91 81 84 87 103 116 78 105 76 121 122 125 126 130 131
96 111 90 61 112 73 83 64 86 67 113 81 116 84 87 115 78 117 95 97 76 79 106 99 80 121 122 126 127 131 132
117 72 111 73 106 83 64 116 67 103 84 87 119 78 95 76 79 109 112 115 99 80 113 123 124 128 129 132 133
67 81 103 80 116 83 115 105 72 84 61 119 73 109 86 76 90 112 79 111 120 124 125 128 129 133
81 91 113 103 83 78 105 95 76 84 116 106 109 86 72 97 90 73 99 64 111 120 121 125 126 129 130
78 90 99 112 79 111 91 103 83 73 105 95 97 72 106 119 109 86 120 121 125 126 129 130
90 106 64 119 76 109 79 80 111 99 112 73 91 113 103 83 86 115 84 105 87 97 121 122 125 126 130 131
105 73 83 64 106 119 109 97 84 87 111 95 76 79 112 99 113 116 91 72 122 123 127 128 131 132
91 84 87 97 109 99 76 111 80 112 61 113 103 73 116 115 95 83 64 86 121 122 126 127 130 131
87 76 80 103 116 106 115 95 61 97 73 119 99 83 64 111 86 84 112 121 122 125 126 130 131
115 73 106 83 64 86 103 84 95 76 79 109 112 99 80 113 72 123 124 127 128 132 133
97 76 61 113 72 103 116 73 86 84 106 119 109 79 80 112 111 121 122 126 127 131 132
73 95 84 106 119 86 76 64 99 112 111 61 103 80 116 83 120 121 124 125 129 130 133
99 111 113 61 80 86 116 72 83 64 84 119 109 122 123 126 127 131 132
111 119 76 61 106 113 86 112 72 103 116 83 95 79 122 123 127 128 132 133
84 61 113 103 95 64 106 119 109 86 76 79 80 112 120 121 125 126 130 131
103 83 116 106 95 76 79 119 109 80 61 113 72 112 122 123 126 127 131 132
76 112 79 61 72 113 83 64 95 116 119 86 120 121 124 125 129 130
80 64 112 61 113 116 83 95 72 106 119 86 120 121 125 126 129 130
61 64 109 112 79 113 116 106 83 95 72 120 123 124 128 129 132 133
72 106 119 86 64 79 113 116 83 120 124 125 129 130 133
95 112 83 64 113 116 79 106 119 109 121 122 126 127 130 131
106 86 119 109 83 64 79 113 116 122 123 127 128 131 132
64 116 83 119 86 109 112 79 120 123 124 128 129 133
83 116 86 79 112 120 121 125 126 130 131
86 113 116 119 109 79 121 122 125 126 130 131
113 79 109 112 116 119 123 124 127 128 132 133
79 116 119 109 120 121 125 126 129 130
119 116 109 123 124 128 129 132 133
116 109 112 123 124 127 128 132 133
109 112 122 123 127 128 132 133
112 123 124 127 128 132 133
120
121
122
123
124
125
126
127
128
129
130
131
132
133
