#/usr/local/lib/python3.10/dist-packages/colab_kernel_launcher.py -f /root/.local/share/jupyter/runtime/kernel-2119b688-3f38-4b5a-b3d6-e140ef2e0719.json
# GMT Fri May 24 13:10:53 2024
# 
17 58 71 48 25 61 2 38 5 28 16 70 0 83 60 3 73 50 27 6 40 30 72 62 39 75 29 42 19 11 74 51 14 64 41 18 54 21 9 12 15 63 76 53 66 43 56 33 23 65 78 55 32 68 45 35 4 77 7 67 44 80 57 10 34 24 37 8 79 69 46 82 59 36 49 26 81 168 171 172 175 176 179 180 183
58 48 50 51 75 32 65 34 46 64 77 11 14 44 25 26 28 9 10 76 40 12 66 42 43 79 57 29 41 13 78 68 67 80 23 4 5 70 35 7 37 21 22 52 24 54 55 69 6 36 82 59 8 38 72 39 20 53 81 71 61 18 30 2 83 16 60 47 73 19 49 63 0 1 3 15 169 170 173 174 177 178 181 182
28 67 22 80 3 57 34 47 6 37 20 79 69 46 82 36 49 81 11 71 14 48 61 25 9 12 70 83 60 73 50 63 40 30 13 72 62 39 75 52 29 42 23 4 26 74 51 7 64 41 10 54 31 21 44 24 27 76 53 66 43 56 33 65 18 78 32 68 45 35 5 16 77 19 0 168 169 172 173 176 177 180 181
67 9 1 31 61 42 64 15 45 81 48 29 71 59 60 32 62 13 46 83 73 23 4 26 56 37 72 10 40 21 43 24 54 55 27 57 8 38 39 41 74 77 76 2 5 35 16 19 49 0 22 52 33 63 78 6 66 68 20 50 51 53 34 80 70 30 11 14 79 44 25 69 47 82 170 171 174 175 178 179 182 183
29 32 68 35 77 18 80 57 34 70 2 37 5 16 79 0 69 22 46 82 3 59 36 6 81 71 48 61 38 51 11 83 60 73 14 50 63 25 40 30 9 1 12 15 62 39 75 52 42 13 74 64 41 54 31 23 4 26 76 7 53 66 43 10 56 33 21 24 27 8 65 78 55 168 169 172 173 176 177 180 181
32 78 55 68 13 45 35 80 57 34 70 47 37 4 5 7 79 69 22 82 59 36 24 72 6 39 8 20 81 71 48 61 38 51 18 30 83 2 60 73 50 14 63 40 16 19 0 31 3 15 75 52 65 42 74 64 41 54 44 11 25 76 26 53 66 9 10 56 33 12 46 27 168 169 172 173 176 177 180 181
47 80 44 57 25 70 9 1 31 12 42 15 79 45 82 59 72 49 13 46 81 71 48 61 51 23 4 26 83 7 37 60 73 10 50 40 63 21 43 24 27 8 38 41 62 75 52 65 74 18 64 77 2 54 35 19 0 22 3 53 33 66 36 56 39 20 34 78 55 68 30 11 14 169 170 173 174 177 178 181 182
80 9 1 31 61 12 42 64 15 45 75 48 78 59 51 62 13 82 46 81 23 4 26 56 37 10 40 70 21 43 83 24 54 27 57 8 38 60 41 77 18 2 5 35 16 68 19 49 0 22 52 3 33 63 55 6 36 66 39 69 20 50 72 53 34 30 11 14 44 25 170 171 174 175 178 179 182 183
8 9 74 51 64 41 54 31 44 21 11 76 53 66 43 20 56 33 10 23 2 65 78 5 55 68 45 35 12 3 77 6 57 34 37 14 69 46 82 59 36 13 49 26 16 81 71 1 25 38 15 18 70 83 60 73 50 27 63 40 30 72 62 39 75 52 42 4 19 7 168 171 172 175 176 179 180 183
9 44 57 34 11 24 14 56 69 46 23 59 36 13 2 26 16 68 81 0 71 48 3 61 38 15 70 83 60 37 73 50 27 40 82 72 49 62 39 19 1 74 64 41 18 31 21 63 76 53 30 66 43 20 33 10 75 4 65 42 78 7 55 45 22 35 12 77 168 171 172 175 176 179 180 183
0 5 83 60 73 50 27 4 40 7 82 72 49 62 39 52 6 42 19 74 51 64 41 18 54 31 21 63 76 30 66 43 20 33 10 23 75 65 78 55 68 45 22 35 12 2 77 44 34 11 24 1 14 79 56 69 46 59 13 26 3 16 81 71 48 25 61 38 168 171 172 175 176 179 180 183
5 83 60 73 3 50 27 63 40 30 7 72 62 75 42 19 74 64 41 54 31 44 21 1 11 76 53 66 43 20 56 33 23 13 65 78 68 45 22 35 12 25 4 57 34 70 24 37 14 79 69 46 82 59 36 49 26 16 6 81 71 48 61 38 2 15 51 18 168 171 172 175 176 179 180 183
40 41 77 54 2 35 16 19 76 53 22 66 3 43 33 56 6 36 39 20 65 78 34 55 68 45 30 11 14 70 1 12 79 15 69 46 82 59 49 13 81 71 48 61 51 23 4 83 26 60 7 73 50 10 21 24 72 38 62 75 52 42 74 18 64 168 169 172 173 176 177 180 181
41 42 21 24 27 74 38 64 77 54 76 53 18 66 43 56 2 35 16 19 78 55 22 68 45 33 6 36 20 34 57 70 79 30 11 69 46 82 59 14 49 25 1 31 12 81 15 71 61 51 13 83 60 73 50 63 23 72 4 7 37 52 10 65 168 169 172 173 176 177 180 181
83 35 16 68 19 49 22 52 3 82 33 63 55 6 36 66 39 69 20 50 72 53 34 11 14 44 25 1 31 61 12 64 15 75 48 78 59 51 62 13 65 46 23 4 26 56 7 37 10 70 21 43 73 24 54 27 57 38 60 71 74 77 18 170 171 174 175 178 179 182 183
11 14 7 79 56 10 46 59 36 13 49 26 71 48 25 61 38 15 70 60 2 73 50 4 27 82 3 72 6 62 39 75 52 19 74 51 64 18 54 31 21 63 76 66 43 20 1 33 23 65 78 55 68 45 22 35 12 77 44 57 34 24 168 171 172 175 176 179 180 183
14 24 37 79 69 46 82 12 59 36 49 26 16 81 13 71 48 61 38 15 51 18 60 50 4 27 63 7 30 10 72 62 39 75 52 42 19 74 64 77 54 31 44 21 2 66 43 20 56 33 3 23 6 65 55 68 45 22 25 57 70 168 171 172 175 176 179 180 183
6 48 61 38 15 51 18 60 50 27 63 2 30 7 20 72 1 62 75 3 52 65 42 19 74 64 77 54 31 44 21 76 53 66 43 33 10 46 23 78 55 68 45 22 35 12 25 34 70 24 37 79 4 69 82 59 49 26 39 16 81 71 168 171 172 175 176 179 180 183
48 36 39 20 34 57 70 30 69 82 44 25 72 49 1 31 12 42 15 81 45 61 51 13 46 60 73 50 63 53 23 4 7 37 62 75 10 52 65 21 43 24 27 74 64 77 54 18 76 66 79 2 56 16 19 22 78 3 55 33 68 169 170 173 174 177 178 181 182
68 51 62 13 65 73 46 23 75 25 26 56 7 37 10 21 43 24 74 27 57 77 60 76 79 18 2 4 35 16 19 49 22 52 3 33 63 55 36 39 20 50 53 34 69 82 30 72 44 81 1 31 61 12 42 64 15 45 170 171 174 175 178 179 182 183
21 64 7 54 31 10 63 76 53 66 43 33 23 65 78 55 18 45 22 2 16 77 19 44 57 34 24 20 79 69 46 59 36 49 26 81 71 25 61 38 1 70 12 60 15 37 73 50 27 30 72 62 39 75 52 74 4 51 168 169 172 173 176 177 180 181
64 43 24 27 57 38 60 70 69 82 18 72 2 35 16 81 19 71 49 22 3 63 55 36 39 20 50 53 73 34 30 75 65 44 25 1 31 61 12 74 42 45 77 59 51 62 13 76 66 79 23 4 56 7 37 10 170 171 174 175 178 179 182 183
77 70 12 42 43 76 57 59 60 71 13 23 4 35 79 7 37 22 52 24 54 55 36 78 66 38 39 81 69 20 50 72 53 18 30 2 16 49 1 31 61 3 33 63 15 45 75 51 62 34 65 46 44 25 26 56 10 170 171 174 175 178 179 182 183
42 44 18 79 2 69 4 46 35 59 16 49 19 22 3 33 81 36 71 39 61 20 34 70 60 73 50 30 82 25 62 1 52 31 12 74 51 13 54 63 76 53 66 43 56 23 26 7 37 10 65 78 55 24 45 27 38 169 170 173 174 177 178 181 182
33 38 70 23 60 4 73 26 50 7 63 10 24 72 27 39 75 52 74 51 18 54 44 16 76 19 53 66 43 22 56 3 20 65 78 55 45 30 57 34 37 25 1 31 79 12 69 82 15 59 36 49 13 81 71 168 169 172 173 176 177 180 181
38 36 74 51 54 34 76 53 66 43 30 56 25 1 78 31 55 12 45 15 13 44 57 79 69 46 82 23 59 4 26 49 7 37 10 81 24 71 27 61 70 60 73 63 18 2 72 35 16 62 39 75 52 19 22 168 169 172 173 176 177 180 181
73 74 35 16 19 49 22 52 3 63 55 36 76 66 39 69 50 72 53 34 78 30 44 25 1 31 61 15 45 79 59 62 82 13 65 46 81 23 4 26 56 7 37 10 70 43 24 54 27 57 60 71 75 18 2 170 171 174 175 178 179 182 183
74 75 24 54 27 57 60 71 72 18 2 76 35 79 16 19 22 52 3 55 36 78 66 39 69 20 50 53 34 30 44 82 1 31 61 12 15 45 81 59 62 13 65 46 23 4 26 56 7 37 10 70 43 170 171 174 175 178 179 182 183
25 34 15 79 56 69 46 59 36 81 71 12 70 24 37 50 27 13 82 72 49 62 39 52 23 4 7 51 19 54 31 22 3 63 20 76 53 30 66 43 75 65 18 78 55 2 45 35 16 1 44 57 168 169 172 173 176 177 180 181
34 1 31 81 71 15 61 51 13 60 50 63 72 23 62 75 26 52 7 10 24 27 54 44 76 53 43 18 56 2 16 65 78 19 55 22 45 35 20 57 70 37 79 69 30 46 82 36 49 168 169 172 173 176 177 180 181
44 10 12 24 79 27 69 46 82 59 49 71 61 18 51 4 35 7 37 60 19 50 63 3 36 39 20 62 75 52 30 2 54 16 1 31 76 53 66 15 56 13 65 78 55 45 23 57 26 70 169 170 173 174 177 178 181 182
39 81 71 61 51 2 35 50 16 63 19 53 1 31 3 15 62 20 52 65 54 30 26 66 10 43 56 12 46 27 78 55 13 45 57 70 23 60 4 7 37 22 69 82 24 59 72 36 49 168 169 172 173 176 177 180 181
81 69 20 50 51 53 30 82 31 61 15 45 75 78 59 62 13 65 46 79 23 4 26 56 7 37 10 70 43 24 54 76 57 60 71 72 18 2 16 19 49 22 52 3 63 55 36 66 170 171 174 175 178 179 182 183
10 54 31 76 53 66 7 20 23 13 65 78 55 45 22 35 12 57 70 24 37 2 79 69 46 82 59 36 49 3 26 16 71 61 51 18 60 50 27 63 30 1 72 62 75 52 168 171 172 175 176 179 180 183
54 43 24 27 76 66 56 18 65 2 78 35 16 19 49 22 52 3 36 57 70 50 53 79 69 59 30 71 61 1 31 12 15 45 60 13 63 46 72 62 75 23 4 26 7 37 169 170 173 174 177 178 181 182
3 15 18 70 60 50 27 63 30 7 72 75 52 19 51 31 76 53 66 43 20 56 23 65 78 55 45 22 35 12 57 24 37 2 4 79 69 46 82 59 36 13 49 26 16 71 61 168 171 172 175 176 179 180 183
15 57 70 37 79 69 46 82 59 36 49 26 16 71 12 61 51 18 13 60 50 27 63 30 72 62 75 52 4 19 7 31 76 53 66 43 20 56 23 2 65 78 55 45 22 35 168 171 172 175 176 179 180 183
22 13 60 50 63 30 62 4 52 65 7 31 76 66 43 56 18 46 23 2 78 19 45 35 20 57 70 24 37 27 79 69 82 59 36 72 49 26 1 12 71 61 51 168 169 172 173 176 177 180 181
24 1 12 76 53 43 56 13 65 78 55 45 35 23 4 57 70 37 79 69 46 82 59 36 49 26 18 71 61 51 16 60 50 27 63 20 30 72 62 75 52 168 169 172 173 176 177 180 181
75 18 2 4 35 16 79 19 49 82 52 63 55 36 66 69 20 50 72 53 30 1 61 12 45 59 51 62 13 65 46 23 76 26 56 7 37 70 43 27 78 60 71 170 171 174 175 178 179 182 183
66 71 23 4 56 7 37 43 27 57 60 72 18 2 35 16 19 49 52 63 76 55 36 20 50 53 78 30 1 31 61 12 45 79 69 59 62 13 65 46 170 171 174 175 178 179 182 183
71 69 20 50 53 76 1 31 61 12 45 78 59 51 62 13 65 46 4 26 79 56 7 82 70 43 27 57 60 18 2 35 16 19 49 72 52 63 55 170 171 174 175 178 179 182 183
78 62 13 65 46 23 4 26 56 7 37 79 82 70 43 76 27 57 60 18 2 35 16 49 52 55 36 20 50 72 53 30 1 31 61 12 59 51 170 171 174 175 178 179 182 183
16 70 60 37 50 27 30 82 72 62 52 19 1 12 51 18 31 13 76 53 43 23 4 65 7 55 45 35 57 79 69 46 59 2 49 26 61 168 171 172 175 176 179 180 183
70 1 31 61 63 76 59 51 62 65 46 26 56 12 43 27 57 79 60 13 82 23 4 35 7 37 19 49 52 36 69 20 50 53 18 2 170 171 174 175 178 179 182 183
35 60 50 63 13 72 62 52 23 4 26 7 27 76 53 43 56 18 65 55 45 19 57 37 20 79 69 46 59 36 49 30 61 51 1 31 12 168 169 172 173 176 177 180 181
36 61 51 30 60 50 63 1 31 12 72 62 52 65 13 23 4 26 7 76 53 43 56 27 55 45 18 57 2 37 19 79 46 82 59 20 168 169 172 173 176 177 180 181
55 61 13 46 63 23 4 26 7 37 62 43 65 27 18 76 2 79 56 19 49 52 20 50 51 53 57 30 69 82 72 1 31 12 45 169 170 173 174 177 178 181 182
61 20 50 53 79 69 82 1 31 12 45 59 51 13 63 46 62 23 4 26 56 7 43 27 60 76 18 2 65 19 49 52 169 170 173 174 177 178 181 182
57 1 31 12 45 51 13 76 46 23 4 26 56 7 37 43 27 79 69 82 59 72 18 2 19 49 52 20 60 53 63 62 30 65 169 170 173 174 177 178 181 182
7 2 63 76 53 43 20 56 23 65 45 12 37 79 69 82 1 49 26 60 50 27 30 72 62 52 19 51 18 31 168 171 172 175 176 179 180 183
18 30 72 62 52 19 51 76 53 1 20 56 23 65 13 45 37 79 12 69 46 82 59 49 26 4 27 63 168 171 172 175 176 179 180 183
30 79 2 69 46 82 4 59 49 19 20 60 50 72 62 52 1 12 13 31 76 53 43 56 23 26 65 45 27 37 168 169 172 173 176 177 180 181
60 19 49 52 50 51 53 76 79 1 31 12 45 59 46 82 72 23 4 56 37 43 27 63 62 65 2 169 170 173 174 177 178 181 182
69 1 31 12 45 59 51 62 13 65 46 23 26 56 37 43 76 27 79 2 19 52 63 20 50 82 72 53 170 171 174 175 178 179 182 183
31 27 37 79 46 82 59 49 2 51 19 50 63 20 72 62 52 1 12 76 53 43 13 56 45 23 4 26 168 169 172 173 176 177 180 181
2 27 72 62 52 19 51 63 76 53 43 20 56 23 65 45 12 37 4 79 46 82 59 13 49 26 1 168 171 172 175 176 179 180 183
27 19 20 43 56 45 1 12 79 13 82 59 72 49 23 4 51 26 50 63 53 62 52 65 168 169 172 173 176 177 180 181
62 19 49 52 79 20 50 53 1 63 12 59 72 51 13 65 46 23 4 26 56 37 76 43 169 170 173 174 177 178 181 182
20 51 4 50 63 72 52 19 1 76 53 43 56 23 65 45 12 37 79 46 82 59 13 49 26 168 171 172 175 176 179 180 183
12 37 79 46 82 59 13 49 26 50 52 19 51 63 76 53 43 56 65 45 1 168 171 172 175 176 179 180 183
51 50 82 59 72 49 1 45 46 53 26 52 65 43 13 76 79 56 23 4 37 19 169 170 173 174 177 178 181 182
43 23 4 26 37 76 79 46 45 19 82 59 72 49 50 63 1 52 13 169 170 173 174 177 178 181 182
37 63 1 76 53 56 13 65 45 23 26 79 46 59 49 4 50 19 72 52 168 169 172 173 176 177 180 181
1 4 79 82 59 49 26 50 63 72 52 65 19 76 53 56 46 23 13 45 168 171 172 175 176 179 180 183
13 45 79 46 82 59 49 26 4 50 63 72 52 19 76 56 23 168 171 172 175 176 179 180 183
50 19 63 72 52 45 76 53 56 65 23 4 79 82 59 169 170 173 174 177 178 181 182
79 45 76 59 46 82 23 4 26 56 72 19 49 63 65 170 171 174 175 178 179 182 183
4 63 76 53 65 45 56 46 23 59 26 82 49 19 168 171 172 175 176 179 180 183
63 19 49 52 72 53 76 45 59 46 65 26 56 82 170 171 174 175 178 179 182 183
45 46 82 59 26 49 72 19 52 76 53 56 65 169 170 173 174 177 178 181 182
23 76 53 65 82 59 49 26 19 72 52 168 169 172 173 176 177 180 181
76 26 56 19 52 72 82 53 59 65 46 170 171 174 175 178 179 182 183
65 82 72 53 19 49 46 26 56 59 170 171 174 175 178 179 182 183
19 72 52 53 56 82 49 26 168 171 172 175 176 179 180 183
53 26 49 52 56 46 82 59 72 169 170 173 174 177 178 181 182
46 26 82 59 49 72 52 56 169 170 173 174 177 178 181 182
49 72 52 56 26 82 59 169 170 173 174 177 178 181 182
56 26 82 59 52 72 169 170 173 174 177 178 181 182
26 82 59 72 52 168 169 172 173 176 177 180 181
72 59 52 82 170 171 174 175 178 179 182 183
82 59 52 170 171 174 175 178 179 182 183
59 52 169 170 173 174 177 178 181 182
52 169 170 173 174 177 178 181 182
101 142 155 132 109 145 86 122 89 112 100 154 84 167 144 87 157 134 111 90 124 114 156 146 123 159 136 126 103 95 158 135 98 148 125 138 115 105 85 96 99 160 137 150 127 104 140 117 97 149 139 116 152 106 119 88 161 91 151 128 164 141 94 118 131 108 121 92 163 153 130 166 143 120 133 110 165 168 171 172 175 176 179 180 183
142 132 146 135 159 149 118 130 158 148 161 95 98 128 109 110 112 93 94 160 124 96 150 126 127 163 111 141 113 125 97 162 152 151 164 107 88 154 119 91 121 105 106 136 108 138 139 153 90 120 166 143 92 122 156 123 137 165 155 145 102 114 86 167 100 144 131 157 103 133 84 85 115 87 117 129 169 170 173 174 177 178 181 182
120 155 145 122 135 114 167 98 144 157 109 134 147 124 112 93 85 115 96 99 156 146 113 136 149 116 126 97 158 148 125 161 138 128 107 88 110 91 160 137 94 150 127 105 140 108 111 92 162 139 152 129 102 151 141 154 131 89 119 121 100 103 84 163 106 87 153 117 130 166 143 133 123 118 165 168 169 172 173 176 177 180 181
155 150 123 153 104 134 137 118 158 151 161 114 95 98 128 131 112 93 115 145 96 126 148 99 129 162 132 113 143 135 116 146 97 149 130 107 88 110 163 140 91 121 166 94 124 154 105 127 108 111 141 92 122 165 144 125 102 157 86 89 119 100 152 103 133 84 156 106 136 87 159 147 139 90 170 171 174 175 178 179 182 183
112 151 106 164 87 141 118 131 90 121 104 163 153 130 166 143 133 165 95 98 132 145 109 122 93 85 96 154 144 157 134 147 114 97 156 146 123 159 136 113 126 107 88 110 158 135 148 125 94 138 115 105 128 108 111 160 150 127 140 117 149 102 162 139 116 152 129 86 119 89 100 161 103 168 169 172 173 176 177 180 181
151 93 85 115 145 96 126 148 99 129 165 132 113 143 144 116 146 97 130 167 157 107 110 140 121 156 94 159 127 108 138 139 111 92 122 123 125 158 161 102 160 86 89 119 100 103 133 84 106 136 87 117 147 162 90 150 152 104 134 135 137 149 164 114 95 98 163 128 109 153 131 166 170 171 174 175 178 179 182 183
113 116 152 129 119 161 102 164 141 118 154 131 86 121 89 100 103 84 153 130 166 87 143 90 133 104 165 132 145 135 95 167 144 157 98 134 147 109 124 114 93 85 96 156 99 146 123 159 136 126 97 158 148 125 138 115 128 107 88 110 160 137 150 127 94 140 117 105 108 111 92 162 168 169 172 173 176 177 180 181
116 162 139 152 97 129 119 164 141 118 154 131 107 121 88 89 91 163 153 105 106 166 143 108 156 133 90 123 92 104 165 132 122 135 102 114 167 144 157 134 98 147 124 100 103 84 85 115 87 99 146 159 136 149 126 158 125 138 128 95 109 160 110 137 150 127 94 117 96 130 111 168 169 172 173 176 177 180 181
131 164 128 141 109 154 93 85 115 96 126 99 163 129 153 166 143 156 133 97 165 135 107 88 110 167 121 144 157 94 134 124 147 105 127 108 111 92 122 125 146 159 136 149 158 102 148 161 86 89 119 100 103 84 106 160 87 137 117 150 123 104 118 162 139 152 114 95 98 169 170 173 174 177 178 181 182
164 93 85 115 145 96 126 148 99 159 132 162 143 135 146 97 166 149 130 163 165 107 88 110 140 91 121 94 124 154 105 127 167 157 108 138 160 111 141 92 122 144 125 158 102 86 119 100 152 103 133 84 106 136 117 139 90 150 123 153 104 134 156 137 118 114 95 98 128 109 170 171 174 175 178 179 182 183
92 93 158 135 148 138 115 128 105 95 160 137 150 104 140 117 94 107 86 149 162 89 139 152 129 106 119 96 84 87 161 90 118 108 121 98 163 153 130 166 143 97 133 110 100 165 132 85 109 145 122 99 102 154 157 134 111 147 124 114 156 146 123 159 136 126 88 103 168 171 172 175 176 179 180 183
93 128 118 95 108 98 163 140 153 130 107 143 97 86 110 89 100 152 84 132 87 109 145 122 99 90 154 167 144 121 157 134 111 124 166 156 133 146 123 136 103 85 158 135 148 125 138 115 105 147 160 137 114 150 127 104 117 94 159 88 149 126 162 91 106 119 96 161 168 171 172 175 176 179 180 183
84 89 167 144 121 157 134 111 88 91 166 156 133 146 123 136 90 126 103 158 148 125 102 138 115 147 160 137 114 150 127 104 117 94 107 159 149 162 139 152 129 106 119 96 86 161 128 141 95 108 85 98 163 140 153 130 143 97 110 87 100 165 132 145 122 99 168 171 172 175 176 179 180 183
89 167 144 157 87 134 111 147 124 114 91 146 159 136 126 103 158 148 125 138 115 128 85 95 160 137 150 127 104 140 117 107 97 149 162 139 152 129 106 119 96 109 141 118 154 108 121 98 163 153 130 166 143 133 110 123 100 90 165 132 145 122 86 99 135 102 168 171 172 175 176 179 180 183
124 125 161 138 86 128 119 100 103 160 137 106 150 87 127 117 140 90 123 104 149 162 139 152 129 114 95 141 98 154 109 85 115 96 163 99 153 130 166 133 97 132 145 135 107 88 167 110 144 91 157 121 134 147 94 105 108 111 156 146 159 136 126 158 102 148 168 169 172 173 176 177 180 181
125 126 105 108 111 158 122 123 148 161 138 128 160 137 102 150 127 140 86 119 100 103 162 139 106 152 129 104 118 141 154 163 114 95 153 130 166 143 98 133 109 115 96 165 99 132 145 135 97 167 144 157 134 147 107 156 88 146 91 159 136 94 149 168 169 172 173 176 177 180 181
167 119 152 103 133 106 136 87 166 117 147 139 90 150 123 153 104 134 156 137 118 114 95 109 85 115 145 96 126 148 99 129 159 132 162 143 135 165 146 97 149 130 163 107 88 110 140 91 121 94 154 105 127 157 108 138 111 141 122 144 158 161 102 86 170 171 174 175 178 179 182 183
90 132 145 122 135 102 144 157 134 111 147 86 114 91 104 156 85 146 159 87 136 149 126 103 158 148 161 138 115 128 105 95 160 137 150 127 140 117 94 130 107 162 139 152 129 106 119 96 109 141 118 154 108 121 163 88 153 166 143 110 123 100 165 168 171 172 175 176 179 180 183
132 123 104 118 141 154 95 153 98 166 128 143 109 133 85 96 126 99 165 129 145 135 97 130 157 134 147 137 107 88 110 91 121 146 159 94 136 149 105 127 108 111 122 158 148 161 138 102 160 150 163 86 140 119 100 106 162 87 139 117 152 169 170 173 174 177 178 181 182
95 98 91 140 153 130 143 97 133 110 100 165 109 122 99 154 144 86 121 157 134 88 111 114 166 87 156 146 159 136 103 158 135 148 102 138 115 105 147 160 137 150 104 85 117 107 149 162 139 152 129 106 119 96 161 128 141 118 108 168 171 172 175 176 179 180 183
98 108 121 163 85 153 130 166 96 143 133 110 100 165 97 145 122 99 135 102 144 134 88 111 147 91 114 94 156 123 159 136 103 158 148 161 138 115 128 105 86 160 137 150 127 104 140 117 87 107 149 139 129 106 119 109 141 118 154 168 171 172 175 176 179 180 183
152 135 146 97 149 157 130 109 140 121 94 105 127 108 138 111 141 161 122 144 160 163 102 86 88 119 100 162 103 133 106 136 87 117 147 139 150 123 104 134 154 137 118 153 166 114 156 128 165 85 115 145 96 126 148 99 129 170 171 174 175 178 179 182 183
105 148 91 115 94 147 160 137 127 117 107 149 162 139 102 129 106 119 86 100 161 103 128 141 118 87 108 104 163 140 153 130 143 133 110 165 109 145 122 85 154 144 99 121 157 134 111 114 97 166 156 146 123 159 136 126 88 135 168 169 172 173 176 177 180 181
148 108 138 111 141 122 144 154 153 166 102 156 86 100 165 103 133 106 136 87 117 147 139 123 104 134 137 157 118 114 159 128 109 85 115 145 96 158 126 99 129 161 135 97 130 150 163 107 88 162 110 140 91 121 94 170 171 174 175 178 179 182 183
161 154 96 126 127 157 160 111 141 143 144 97 158 88 119 163 91 121 106 136 138 139 162 150 122 123 104 134 156 137 102 114 86 100 166 103 133 85 115 145 87 117 147 99 129 159 135 146 118 149 130 128 109 110 140 94 170 171 174 175 178 179 182 183
126 128 141 102 163 86 153 88 119 143 100 133 103 87 117 165 123 145 104 118 154 144 157 134 166 109 156 146 159 85 136 115 96 99 135 97 138 147 160 150 127 140 107 110 91 121 94 149 162 139 108 129 111 122 169 170 173 174 177 178 181 182
117 122 154 107 144 157 110 134 91 147 94 108 156 111 123 159 136 158 135 102 128 86 100 160 103 137 150 127 106 140 87 104 149 162 139 129 119 114 118 121 109 85 115 163 96 153 130 166 99 143 97 165 145 168 169 172 173 176 177 180 181
122 158 135 104 138 118 160 137 150 127 114 140 109 149 85 162 115 139 96 129 99 97 128 141 163 153 130 166 107 143 88 110 133 91 121 165 108 145 154 144 157 134 147 102 86 119 100 159 136 103 106 87 168 169 172 173 176 177 180 181
157 158 119 100 133 106 136 87 147 139 160 123 153 134 156 118 162 114 128 109 85 115 145 96 99 129 163 143 146 166 97 149 130 165 107 88 110 140 91 121 94 154 127 108 138 111 141 144 102 86 170 171 174 175 178 179 182 183
158 159 108 138 111 141 144 156 102 86 160 119 100 133 106 136 87 147 139 162 150 153 134 135 137 118 114 128 109 166 85 115 145 96 99 129 165 143 146 97 149 130 107 88 110 140 91 121 94 154 127 170 171 174 175 178 179 182 183
109 118 99 163 140 153 130 143 110 165 145 94 154 108 144 121 111 97 156 133 146 123 136 107 88 91 135 103 138 106 87 147 104 160 137 114 150 127 159 149 102 162 139 86 129 119 100 128 141 168 169 172 173 176 177 180 181
118 85 115 165 96 99 145 135 97 144 134 156 107 88 146 123 159 110 91 94 108 111 138 128 160 137 150 127 102 140 86 100 149 162 103 106 129 87 119 104 141 154 121 163 153 114 130 166 143 168 169 172 173 176 177 180 181
128 94 96 127 108 163 111 153 130 166 143 133 165 145 102 135 88 91 121 144 103 134 87 123 104 156 146 159 136 114 86 138 85 160 137 150 99 140 97 149 162 139 129 107 141 110 169 170 173 174 177 178 181 182
94 138 115 160 88 137 127 91 104 107 97 149 162 139 129 106 119 96 141 154 108 121 86 163 153 130 166 143 133 87 110 123 100 165 145 99 135 144 134 111 147 114 85 156 146 159 136 168 171 172 175 176 179 180 183
138 127 108 111 160 150 140 149 86 162 139 119 100 103 106 136 87 141 123 154 104 134 137 163 153 166 143 114 165 145 85 115 96 99 129 144 135 97 147 130 156 146 159 107 110 91 121 169 170 173 174 177 178 181 182
87 99 102 154 144 134 111 147 91 156 85 146 123 159 136 103 135 115 160 137 150 127 104 140 107 149 162 139 129 106 119 96 141 108 88 163 130 166 143 97 133 110 100 165 168 171 172 175 176 179 180 183
99 141 154 108 121 163 153 130 166 143 133 123 165 85 96 145 135 102 97 144 134 111 147 114 146 159 136 88 103 91 115 160 137 150 127 104 140 107 86 149 162 139 129 106 168 171 172 175 176 179 180 183
106 97 144 147 137 114 146 88 136 149 91 115 160 150 127 140 102 130 107 86 100 162 139 103 129 119 104 141 154 121 163 153 166 143 156 133 110 123 85 165 96 145 135 168 169 172 173 176 177 180 181
108 115 85 96 160 150 127 140 97 149 139 129 119 107 88 91 141 154 121 163 130 166 143 133 110 102 165 86 145 135 100 103 144 134 111 147 104 146 123 159 136 168 169 172 173 176 177 180 181
159 102 86 88 119 100 163 103 133 166 136 147 139 150 123 153 104 134 165 137 114 85 115 145 96 129 143 146 97 149 130 107 160 110 140 91 121 154 127 111 162 144 170 171 174 175 178 179 182 183
150 88 110 140 91 127 111 141 144 156 102 86 119 100 133 136 147 160 139 123 104 134 137 162 114 85 115 145 96 129 163 153 143 135 166 146 97 149 130 165 170 171 174 175 178 179 182 183
97 149 162 139 129 141 121 96 163 153 130 166 143 133 110 100 165 145 102 91 154 144 111 147 114 146 123 136 103 135 86 115 85 137 127 140 107 168 171 172 175 176 179 180 183
149 162 88 91 121 136 139 153 123 156 137 165 102 86 119 100 133 85 115 147 104 134 146 130 114 110 140 145 96 160 127 129 163 111 141 143 144 170 171 174 175 178 179 182 183
162 146 130 107 88 140 91 121 163 166 127 160 111 141 144 165 102 86 119 100 103 133 136 147 139 123 153 104 134 156 137 114 85 115 145 96 143 170 171 174 175 178 179 182 183
100 154 144 121 134 114 156 146 123 136 103 85 96 135 102 115 147 137 127 104 107 88 91 129 119 141 163 140 153 130 143 86 133 110 165 145 168 171 172 175 176 179 180 183
154 85 115 145 147 129 160 143 135 146 130 110 140 96 127 111 141 163 144 166 165 107 88 119 91 103 133 136 139 123 153 104 134 137 156 102 114 86 170 171 174 175 178 179 182 183
119 144 134 147 156 146 123 136 107 88 110 91 160 137 127 140 102 139 86 129 103 141 121 104 163 153 130 166 143 133 114 165 135 85 96 168 169 172 173 176 177 180 181
139 145 130 147 107 88 110 91 121 146 111 102 160 86 163 140 103 133 136 123 104 134 135 137 141 144 153 166 143 156 85 115 129 165 169 170 173 174 177 178 181 182
145 123 104 134 137 163 153 166 114 165 85 115 129 143 135 147 130 156 146 107 88 110 140 91 121 111 141 144 160 102 86 103 133 136 169 170 173 174 177 178 181 182
141 115 96 129 135 160 130 107 88 140 91 121 127 111 163 153 166 143 156 102 86 165 103 133 136 123 104 144 134 137 147 146 114 169 170 173 174 177 178 181 182
91 86 147 160 137 127 104 140 107 129 96 121 163 153 130 166 85 143 133 110 165 144 134 111 88 114 156 146 123 136 103 135 102 168 171 172 175 176 179 180 183
102 114 156 136 103 135 115 160 137 85 127 104 140 107 129 163 96 153 130 166 143 133 110 165 86 144 88 134 111 147 168 171 172 175 176 179 180 183
114 163 86 130 166 88 143 133 103 165 104 135 144 134 147 156 146 123 136 85 96 115 160 127 140 107 110 129 111 121 168 169 172 173 176 177 180 181
144 103 136 134 135 137 160 163 115 96 129 143 130 153 166 156 107 88 110 121 127 111 123 147 146 86 169 170 173 174 177 178 181 182
129 163 107 153 88 130 166 143 110 133 127 165 135 134 147 86 156 146 103 136 123 104 160 137 140 85 115 169 170 173 174 177 178 181 182
153 165 85 115 96 143 135 146 130 107 88 110 140 121 127 160 163 86 103 133 147 123 104 134 156 137 170 171 174 175 178 179 182 183
165 104 134 135 137 85 166 115 96 143 146 130 163 107 88 110 140 121 160 111 156 86 103 133 147 170 171 174 175 178 179 182 183
115 111 121 130 166 143 133 123 86 135 103 134 147 104 156 146 136 96 160 137 127 140 107 88 110 168 169 172 173 176 177 180 181
86 111 156 146 123 136 103 135 147 160 137 127 104 107 96 88 130 166 143 133 110 85 168 171 172 175 176 179 180 183
111 103 160 104 127 140 130 85 96 121 163 166 143 156 133 123 107 88 110 134 147 137 146 136 168 169 172 173 176 177 180 181
146 103 136 163 123 166 104 134 137 85 96 143 156 135 130 107 88 110 140 121 160 127 169 170 173 174 177 178 181 182
104 135 88 134 147 156 123 136 103 85 160 137 127 140 107 96 121 163 166 143 133 110 168 171 172 175 176 179 180 183
96 121 163 166 133 110 88 134 156 123 136 103 135 147 160 137 127 140 107 85 168 171 172 175 176 179 180 183
135 123 134 166 143 156 133 85 130 147 110 136 127 160 163 140 107 88 121 103 169 170 173 174 177 178 181 182
121 147 85 160 137 127 140 107 110 163 130 143 133 88 134 103 166 156 123 136 168 169 172 173 176 177 180 181
85 88 163 166 143 133 110 123 134 147 156 103 160 137 127 140 130 107 168 171 172 175 176 179 180 183
134 103 133 123 147 156 160 137 140 107 88 110 127 163 166 143 169 170 173 174 177 178 181 182
123 147 103 137 110 127 163 140 130 107 88 166 143 156 133 168 169 172 173 176 177 180 181
127 107 88 110 160 163 140 103 166 143 156 133 147 137 136 169 170 173 174 177 178 181 182
163 160 143 130 166 88 110 140 156 137 103 133 136 170 171 174 175 178 179 182 183
88 147 160 137 130 107 143 110 166 156 136 103 168 171 172 175 176 179 180 183
147 103 133 136 156 137 160 143 130 107 110 140 166 170 171 174 175 178 179 182 183
107 160 137 140 130 166 143 133 103 156 136 168 169 172 173 176 177 180 181
160 110 140 103 133 136 156 137 143 130 170 171 174 175 178 179 182 183
103 156 136 137 140 130 166 133 110 168 171 172 175 176 179 180 183
137 110 133 136 140 130 143 156 169 170 173 174 177 178 181 182
130 110 166 143 133 156 140 169 170 173 174 177 178 181 182
133 156 136 140 110 166 143 169 170 173 174 177 178 181 182
140 110 166 143 136 156 169 170 173 174 177 178 181 182
110 166 156 136 168 169 172 173 176 177 180 181
156 143 136 166 170 171 174 175 178 179 182 183
166 136 170 171 174 175 178 179 182 183
143 136 169 170 173 174 177 178 181 182
136 169 170 173 174 177 178 181 182
168
169
170
171
172
173
174
175
176
177
178
179
180
181
182
183
