#/usr/local/lib/python3.10/dist-packages/colab_kernel_launcher.py -f /root/.local/share/jupyter/runtime/kernel-2b515d16-c871-48c9-ad2b-cd6ecd503099.json
# GMT Thu May 23 13:24:17 2024
# 
76 107 120 10 40 109 74 111 124 166 179 49 168 72 34 170 159 172 47 28 119 174 62 108 97 110 7 152 41 154 167 88 5 35 103 39 92 149 25 162 48 29 59 140 23 78 133 55 66 137 86 45 75 141 130 143 132 43 24 121 134 123 136 178 3 63 125 127 118 131 46 363 364
107 27 106 57 8 38 72 130 143 55 6 36 136 30 125 64 94 75 129 24 54 118 131 103 109 122 82 177 179 126 31 159 172 119 10 40 70 74 176 110 152 165 68 0 154 167 47 158 28 160 13 77 149 162 96 56 151 164 71 157 50 133 84 14 135 59 93 4 128 141 364 365
136 158 160 173 149 28 151 77 58 166 56 22 52 71 135 86 116 67 159 5 35 16 114 14 141 93 123 104 134 143 145 147 2 117 47 138 17 81 62 140 30 45 75 60 120 105 175 54 84 33 63 127 170 131 112 172 31 42 27 106 87 121 165 70 85 167 100 130 156 366 367
158 51 32 92 178 96 60 41 120 71 143 154 105 50 133 84 177 44 48 127 168 170 57 8 87 110 140 161 55 6 115 66 149 30 11 64 15 94 45 75 9 24 54 126 77 156 58 141 82 33 86 67 80 31 12 42 95 129 10 89 21 153 134 157 138 68 19 72 83 367 368
50 91 104 172 6 93 148 30 150 163 97 86 167 88 90 43 145 79 92 160 81 33 138 151 140 153 1 42 129 142 131 133 21 135 137 19 49 130 28 9 32 66 121 68 26 7 178 70 41 112 59 114 127 16 105 118 25 162 175 48 29 98 4 113 27 155 8 102 115 361 362
91 118 173 120 25 122 29 111 179 23 4 113 68 8 102 72 117 2 159 66 161 95 163 30 97 26 165 60 90 154 167 101 156 169 54 105 147 84 149 96 164 98 140 31 142 61 155 42 27 57 146 55 6 148 137 139 49 64 141 79 43 121 77 56 37 178 52 41 1 80 364 365
148 168 16 61 157 161 10 89 40 59 104 23 4 138 72 102 53 132 83 2 81 92 11 145 96 56 90 41 120 143 105 24 39 69 175 122 18 103 133 177 33 97 108 27 87 172 110 36 119 130 178 30 49 15 45 156 34 109 171 160 13 77 137 37 164 22 52 82 135 367 368
168 44 25 48 78 142 23 106 6 115 179 94 147 128 79 109 73 176 54 178 88 18 101 3 82 33 135 86 165 67 146 150 1 80 31 61 95 89 40 93 74 153 104 134 157 68 19 151 102 83 113 28 51 160 92 26 56 7 37 139 41 120 5 16 99 133 84 163 368 369
41 42 163 27 97 38 99 101 36 79 147 160 83 96 140 24 87 89 146 67 80 135 82 137 31 12 71 84 60 62 75 40 130 66 121 134 19 55 68 123 34 178 70 46 114 13 129 63 118 26 65 122 177 5 98 16 166 100 170 104 172 93 161 174 108 361 362
42 67 69 5 58 179 39 128 117 130 51 172 53 23 176 68 38 123 2 46 167 59 114 36 30 11 105 52 15 120 162 56 177 98 111 45 166 155 47 89 157 22 159 1 152 99 141 154 10 40 88 143 90 4 19 147 0 94 34 138 127 74 32 142 144 7 361 362
27 5 16 175 109 122 20 179 36 157 93 106 161 150 163 97 110 44 165 99 46 167 143 35 103 15 147 160 94 149 96 24 30 151 140 153 3 89 131 78 133 80 12 124 84 126 21 73 62 130 0 119 66 134 55 178 70 125 13 59 72 127 26 118 65 360 361
132 160 43 24 58 151 82 33 144 31 61 146 95 46 125 137 150 10 40 70 21 93 123 74 104 141 49 143 102 145 134 47 28 92 96 26 56 90 71 5 35 175 118 20 99 177 84 44 25 48 78 108 112 23 172 57 87 174 121 2 36 66 165 119 154 11 169 109 147 366 367
160 34 113 117 47 17 111 11 145 60 124 35 39 69 103 3 78 59 131 112 110 140 155 6 85 119 100 30 0 15 75 98 128 79 9 54 13 156 58 137 88 175 37 101 52 116 1 80 144 95 10 161 93 123 74 153 23 157 4 138 68 38 72 367 368
25 34 47 170 38 159 93 40 150 23 4 84 19 152 33 154 75 143 90 145 147 11 149 70 138 72 85 140 74 20 65 18 120 133 67 122 135 56 124 137 58 60 73 115 128 49 62 117 21 119 6 123 44 165 59 101 114 61 105 39 162 175 111 32 45 166 360 361
34 94 149 96 138 151 23 4 8 129 142 131 133 6 30 82 58 60 128 75 117 130 64 53 18 176 178 112 46 59 114 127 31 48 169 103 116 171 105 118 10 120 162 175 109 164 56 98 0 155 47 9 51 32 106 161 150 44 165 86 99 16 77 20 145 360 361
44 47 102 51 93 35 106 39 95 20 150 97 14 154 101 90 79 147 83 96 21 138 72 140 74 87 142 65 78 67 122 135 69 82 37 33 128 75 130 119 1 31 174 121 134 123 178 40 125 46 59 127 61 103 4 38 52 120 175 109 56 98 45 11 113 361 362
47 92 149 4 96 8 89 131 133 146 11 67 80 135 82 139 73 43 24 62 75 64 119 3 53 33 121 55 57 178 1 31 125 48 61 21 65 54 19 0 177 98 111 166 58 100 113 9 102 115 172 93 26 106 150 97 16 99 154 101 143 90 361 362
20 104 106 163 97 31 1 86 154 167 101 143 14 24 145 37 26 147 94 28 83 96 138 8 30 151 140 2 87 21 142 89 131 144 146 80 15 69 60 128 119 53 174 121 176 110 57 12 125 114 52 173 162 19 0 109 122 177 111 166 58 113 9 155 102 36 360 361
104 99 140 153 142 78 146 23 4 135 57 8 128 141 55 85 36 130 100 30 119 64 15 178 24 127 129 22 33 63 105 67 175 1 31 61 177 111 124 46 166 179 10 70 117 106 68 19 102 150 163 165 28 154 167 62 169 26 145 56 7 147 5 16 364 365
106 175 99 48 170 23 117 4 159 87 174 108 163 176 55 6 165 17 112 154 167 30 156 45 147 43 73 24 77 88 18 22 3 33 63 133 80 65 95 150 89 21 93 19 53 83 121 134 178 51 32 62 138 114 7 37 116 129 60 171 71 5 364 365
6 169 61 116 129 171 63 173 120 162 109 56 166 58 100 115 36 157 159 93 161 108 29 150 97 31 165 154 22 35 103 145 37 79 15 96 2 85 19 140 153 74 87 8 21 142 155 10 144 78 12 67 135 82 124 16 128 9 77 66 13 114 360 369
169 36 66 51 81 30 145 15 75 73 24 54 118 99 18 84 52 33 127 46 110 10 175 21 155 55 119 179 19 64 94 147 172 28 162 43 32 62 13 92 126 77 156 56 141 37 101 86 146 16 65 125 173 14 129 159 78 29 59 74 23 57 87 72 166 117 368 369
39 117 172 53 95 17 110 99 112 154 156 103 145 5 94 162 96 3 33 85 140 142 89 12 78 146 135 21 69 137 73 128 141 15 130 64 77 119 79 13 57 7 37 61 129 171 63 31 118 131 52 173 65 54 14 122 43 56 124 45 166 58 60 157 8 361 362
117 103 84 149 97 151 164 67 112 140 153 1 142 155 144 110 40 21 85 100 137 0 94 141 109 143 28 9 62 13 92 121 134 56 123 22 101 116 35 16 171 65 14 29 59 74 124 68 8 38 83 113 172 36 161 174 163 96 176 90 54 365 366
23 109 56 32 45 166 179 113 155 102 157 40 31 86 99 33 7 88 77 24 145 5 26 16 81 83 138 30 14 85 129 89 131 65 133 8 67 122 135 2 137 73 128 11 75 15 119 176 123 57 178 112 48 103 63 118 52 173 54 360 361
109 134 87 125 2 171 11 118 64 15 45 120 175 98 111 166 113 58 88 115 157 170 101 52 159 67 150 163 110 152 167 10 21 156 74 147 162 92 155 144 26 56 7 133 146 60 90 135 105 16 137 99 126 139 84 128 143 29 108 365 366
36 48 61 129 171 105 29 52 162 164 56 45 166 49 170 40 161 174 15 108 150 163 97 110 86 101 156 18 145 37 92 33 149 31 12 87 155 89 21 80 135 19 0 69 82 84 126 139 9 32 130 64 77 119 7 176 57 5 35 16 361 362
48 58 17 30 102 115 170 45 172 53 163 18 167 88 33 156 103 12 94 46 83 138 140 153 74 87 142 19 78 146 80 69 28 137 84 139 128 141 26 37 75 77 121 134 55 68 123 57 70 125 59 61 105 118 65 8 38 54 56 111 124 361 362
55 61 116 129 65 54 120 67 164 52 33 179 100 102 115 12 172 108 163 110 152 154 49 0 9 147 13 149 162 96 151 26 85 98 87 142 155 89 35 16 78 146 93 139 73 86 128 4 141 62 130 8 143 79 17 51 125 15 127 45 362 363
61 67 80 135 82 11 124 84 45 139 128 141 130 43 64 54 58 18 121 134 110 52 33 70 31 12 105 118 175 98 111 0 113 159 172 51 95 150 152 165 60 99 154 16 143 156 103 81 94 59 151 57 8 142 89 131 2 65 362 363
163 120 170 143 5 172 99 174 84 14 97 127 29 59 167 131 161 57 8 110 121 85 17 164 119 11 64 94 147 98 128 79 43 73 126 156 137 22 101 52 82 33 80 31 65 70 21 123 138 19 0 102 53 32 177 145 166 26 368 369
127 166 179 100 30 159 79 9 73 54 176 126 77 88 152 165 37 101 52 82 16 80 12 151 164 70 155 68 19 72 53 83 133 113 137 150 51 81 32 62 92 139 11 26 56 60 124 69 178 78 29 108 171 173 8 38 175 110 2 366 367
166 29 112 4 87 38 121 85 66 119 100 30 75 143 73 24 54 58 88 152 101 82 86 67 1 114 95 46 110 70 83 113 177 147 179 28 111 62 13 92 126 96 26 56 141 71 154 5 35 150 69 99 103 84 14 368 369
60 176 22 52 3 167 156 1 12 145 149 83 151 85 49 74 142 53 157 28 93 135 69 82 137 56 7 71 84 126 62 75 16 119 79 14 70 138 116 129 171 65 120 17 51 164 30 124 11 179 15 115 43 24 161 58 95 108 362 363
176 90 120 124 105 177 73 58 88 122 152 103 22 52 82 167 67 131 161 112 142 1 12 46 178 40 74 134 100 68 49 64 83 28 162 9 32 62 13 156 137 26 56 171 165 80 125 84 129 78 108 59 93 57 8 38 72 102 51 94 368 369
13 101 143 24 145 92 26 81 7 30 151 72 19 140 74 87 1 89 131 78 133 135 69 82 137 71 126 4 18 139 73 62 75 119 66 123 11 112 125 46 114 5 103 105 52 175 43 164 45 179 12 157 40 161 95 150 97 0 33 360 369
101 126 128 56 7 90 5 35 123 178 125 138 97 78 59 116 177 111 21 66 17 179 100 15 94 159 172 98 161 174 108 43 73 24 110 154 3 82 33 156 105 147 31 12 95 46 151 70 74 155 144 146 135 28 150 364 365
99 26 5 16 154 145 105 4 38 138 151 140 2 85 45 75 135 79 137 73 77 88 130 143 22 33 63 121 134 1 12 178 65 10 89 116 93 74 120 68 19 0 175 122 83 177 111 179 100 9 113 51 32 92 157 364 365
57 15 164 98 111 58 100 157 22 172 3 93 161 110 31 12 152 165 143 156 147 81 94 49 0 83 96 53 151 140 9 87 142 26 56 133 124 5 128 62 75 14 119 29 66 123 178 125 59 17 129 63 105 118 30 11 362 363
2 171 173 120 96 56 98 32 153 100 155 170 159 29 150 86 141 33 35 145 79 134 81 28 70 30 85 19 74 8 131 65 78 12 133 146 122 135 3 58 5 18 139 73 9 130 51 11 174 66 108 121 68 123 46 167 114 103 116 360 369
171 115 17 51 100 130 30 64 15 79 43 73 24 58 137 88 18 133 22 63 97 146 161 80 31 65 95 140 170 89 40 119 113 98 28 81 32 62 92 77 96 56 141 37 90 135 150 144 84 159 78 29 108 59 123 153 138 72 102 368 369
120 38 17 156 119 100 30 75 162 79 151 73 24 153 58 155 18 144 3 63 146 116 67 80 31 12 114 128 141 89 40 4 19 49 121 83 123 28 51 32 96 37 90 175 5 35 164 177 179 84 157 97 108 365 366
58 75 68 112 125 30 19 49 63 0 105 45 118 164 7 102 52 115 170 159 16 174 95 46 86 40 167 156 103 4 92 38 162 83 96 17 85 98 51 140 155 26 131 78 133 80 54 69 139 73 362 363
15 110 123 178 114 9 116 63 118 52 173 175 179 100 102 170 38 161 95 108 29 31 86 88 143 156 90 103 145 37 147 81 149 96 138 30 32 153 87 144 78 146 69 16 137 71 73 10 64 77 53 174 66 360 369
110 45 90 175 105 24 113 33 78 108 172 119 12 165 178 112 10 40 154 85 114 100 149 28 164 43 88 142 37 82 157 71 67 159 35 135 137 139 29 74 38 72 102 123 66 17 32 62 30 116 26 365 366
8 54 96 164 98 111 45 113 155 38 172 93 31 86 33 88 143 145 92 26 94 28 149 17 151 85 74 142 89 133 67 14 69 82 16 71 18 73 115 62 75 130 11 53 66 134 123 46 1 116 105 52 360 369
113 29 108 138 151 11 126 139 9 54 130 121 134 22 82 33 63 123 86 125 1 12 114 95 116 129 10 40 21 173 177 19 102 83 115 157 170 81 32 111 172 174 7 37 150 165 105 5 16 69 156 145 103 84 365 366
154 161 26 7 37 139 71 124 35 16 156 118 103 14 97 29 108 142 4 87 151 140 157 85 115 119 149 100 130 30 75 98 143 43 54 77 3 146 1 80 12 114 144 95 10 70 123 134 138 68 32 367 368
161 105 177 16 103 78 172 59 4 38 140 167 17 119 149 130 173 45 98 43 73 24 77 137 18 152 141 22 33 86 116 146 144 129 159 123 153 157 138 68 19 72 151 53 9 145 96 26 56 139 90 175 367 368
173 174 121 155 17 149 100 11 64 94 45 73 54 77 88 122 152 82 33 167 146 131 150 1 80 65 95 129 159 10 21 93 123 134 68 0 53 83 28 162 51 81 111 92 156 26 56 141 90 124 175 103 84 14 29 59 112 157 4 368 369
174 124 54 118 122 18 152 103 133 84 177 33 167 63 78 179 142 40 70 85 119 149 100 130 178 19 49 64 147 28 162 9 73 7 141 82 86 165 150 31 65 125 89 59 93 157 38 72 53 81 92 164 96 56 75 71 368 369
11 112 125 9 46 59 114 116 37 162 54 96 43 177 111 45 100 155 89 157 146 38 82 95 29 84 143 7 81 83 5 17 129 131 144 65 67 122 135 69 71 126 73 130 64 119 53 66 0 123 178 360 369
112 177 64 45 90 126 79 170 24 54 88 103 52 63 152 165 67 46 10 40 70 21 162 74 100 19 153 142 28 133 32 77 7 37 137 150 71 105 128 141 5 80 69 145 108 123 125 138 116 118 131 17 51 81 122 365 366
30 125 46 59 19 114 63 162 164 56 7 98 49 38 159 14 84 29 31 152 165 86 33 35 90 37 92 149 138 129 142 89 131 144 78 146 69 73 75 130 119 66 134 360 361
125 133 98 137 24 54 126 77 18 130 143 22 33 67 1 80 31 12 178 65 95 40 93 0 72 164 177 179 9 81 32 92 96 90 5 16 118 103 14 156 97 4 38 138 153 85 155 119 100 144 365 366
90 81 32 71 103 5 147 94 96 84 14 98 140 29 59 142 155 4 133 146 87 137 150 139 130 143 121 73 24 54 82 33 116 129 1 80 65 122 10 89 40 70 21 179 74 170 72 53 93 83 364 365
131 177 179 10 89 40 74 119 170 53 83 98 165 126 71 116 149 162 65 95 164 84 129 153 78 108 123 4 146 87 38 135 150 139 66 17 111 94 45 134 43 122 18 103 22 3 97 133 175 46 366 367
177 87 140 155 85 130 64 45 75 128 162 43 73 141 22 3 82 63 135 67 150 80 178 65 144 89 70 123 153 157 4 0 53 28 81 62 92 164 145 26 139 71 143 124 152 103 14 78 108 368 369
29 100 16 102 115 157 93 40 95 108 150 97 152 4 35 92 94 149 138 85 74 87 129 142 24 144 65 146 18 69 22 82 3 137 71 62 75 64 119 53 66 10 21 19 114 116 118 54 7 360 361
103 115 170 32 62 172 96 26 178 35 24 167 156 3 151 164 157 66 49 94 45 150 79 43 130 77 7 37 22 134 16 31 114 40 118 93 68 38 72 102 53 126 364 365
115 14 116 3 33 118 175 122 124 66 100 172 0 94 75 98 152 9 43 54 167 7 37 22 52 149 162 80 114 46 155 40 70 144 93 74 49 135 38 53 83 126 139 51 81 62 92 96 26 56 121 123 105 69 365 366
122 128 170 172 121 85 119 49 0 94 45 75 156 79 43 149 88 164 22 153 86 67 142 155 16 1 31 159 114 65 139 141 102 53 83 134 51 81 129 105 24 118 175 18 135 124 33 63 179 97 108 365 366
128 18 80 12 114 65 10 40 70 175 123 74 179 0 72 170 9 51 81 32 111 62 126 37 165 124 156 69 84 14 149 162 59 164 153 38 121 144 146 17 119 100 137 150 139 152 141 88 366 367
45 178 46 114 38 17 54 175 164 98 159 172 108 22 33 84 165 86 79 40 81 96 151 85 19 153 129 142 89 9 133 135 69 82 7 124 126 73 141 16 62 64 68 361 362
105 66 17 51 81 167 156 145 24 88 18 84 22 153 3 97 142 144 31 146 46 21 85 49 130 143 53 121 28 62 178 71 116 86 5 164 124 93 74 4 157 170 87 72 102 364 365
124 67 1 12 165 156 40 70 0 149 64 83 164 28 9 43 142 155 32 62 77 144 157 26 56 37 159 135 86 16 65 130 89 145 4 72 140 129 51 96 179 24 88 22 3 82 33 97 365 366
17 116 118 162 43 56 32 7 89 157 49 38 159 5 40 84 86 35 145 92 134 147 94 70 83 138 72 19 74 87 129 63 78 133 146 67 137 126 73 130 51 64 119 12 108 123 10 59 360 369
179 108 87 0 75 162 9 43 54 126 137 88 18 37 22 135 86 116 67 146 16 150 1 80 65 178 159 10 89 40 70 172 138 81 32 62 92 164 145 26 139 143 5 133 14 33 368 369
66 118 18 162 52 3 63 164 98 111 100 155 12 102 157 65 172 93 40 95 152 49 0 86 156 9 147 81 94 149 26 7 37 151 142 133 14 67 82 4 139 119 121 134 68 123 178 362 363
38 43 56 111 100 102 170 159 93 95 108 84 152 165 86 141 134 147 149 70 72 140 129 144 65 1 12 80 69 21 139 73 0 51 53 121 28 68 167 26 114 118 5 361 362
123 75 153 98 155 157 73 146 52 82 137 150 139 31 65 134 93 138 19 49 102 9 62 92 96 56 37 71 126 118 69 97 59 178 87 156 162 164 365 366
126 33 97 130 116 1 31 134 138 70 21 140 119 68 49 83 98 28 9 81 111 62 77 26 56 37 5 35 69 165 14 167 78 108 59 93 72 102 149 151 153 159 79 43 137 150 152 366 367
18 3 62 75 130 51 64 53 1 121 68 46 59 114 162 164 56 32 155 170 159 108 152 14 86 141 143 77 79 92 26 83 138 151 72 140 153 74 87 129 89 0 78 133 146 9 69 360 361
31 67 135 71 5 139 141 62 75 130 64 134 178 65 54 175 100 24 93 3 108 150 152 165 86 167 88 10 147 0 138 151 140 153 87 28 133 26 7 360 361
67 12 71 46 10 21 130 68 28 129 118 37 175 5 111 100 102 14 59 4 95 152 86 143 79 92 81 149 83 96 138 151 153 87 155 144 22 52 3 78 146 362 363
118 100 94 98 79 54 22 3 82 33 63 80 114 65 95 146 10 89 40 70 21 93 0 141 72 53 143 28 145 111 134 26 56 7 37 5 35 84 14 108 170 365 366
24 64 9 121 134 7 46 167 114 5 16 116 43 164 56 111 4 100 102 157 49 170 159 97 33 35 81 22 3 138 151 87 1 89 21 135 71 19 0 141 130 360 361
64 54 70 72 22 33 63 129 65 175 46 100 102 170 19 0 53 108 28 9 152 165 62 167 88 5 35 149 140 153 74 59 142 144 80 69 150 86 75 130 77 119 121 68 362 363
43 77 119 79 134 72 114 52 54 100 33 157 49 170 172 53 12 95 97 152 86 46 156 0 92 149 162 96 28 9 138 85 140 155 89 133 82 137 71 139 73 62 361 362
77 73 7 22 134 178 138 16 46 116 129 70 74 102 62 159 172 56 71 165 167 88 69 14 3 149 162 83 96 140 100 142 144 21 157 146 135 82 19 49 84 152 86 363 364
108 35 157 159 172 97 59 165 12 167 145 85 0 138 94 75 98 142 9 135 3 16 1 80 65 46 89 121 4 49 83 114 116 129 81 175 56 365 366
54 134 63 162 164 56 111 52 102 170 1 46 95 10 97 40 21 141 143 19 49 79 92 94 9 51 138 151 153 7 37 87 142 5 35 133 137 362 363
73 119 22 52 63 121 178 12 65 10 19 164 28 102 32 62 157 170 37 95 97 35 88 14 79 147 81 94 4 96 140 153 155 82 137 141 363 364
12 14 16 10 130 0 53 121 68 9 178 52 5 162 111 157 159 172 93 150 165 86 88 35 156 145 37 147 81 149 140 3 87 142 63 78 1 133 146 360 369
3 139 62 134 68 46 116 162 175 164 56 98 111 155 102 157 159 93 40 84 152 165 141 88 22 143 35 156 145 81 28 149 83 72 140 153 89 10 78 80 82 137 360 369
75 33 114 1 65 40 21 98 102 19 170 95 51 32 62 97 37 167 71 143 35 16 92 69 94 149 83 59 140 153 87 129 89 144 80 82 9 363 364
33 26 51 119 5 16 68 59 116 63 162 164 102 49 170 159 172 40 84 165 81 151 21 140 74 78 146 137 360 361
52 139 62 121 134 70 72 116 129 22 164 111 100 46 170 40 159 172 19 0 152 165 86 143 156 51 147 81 94 162 83 35 16 140 153 89 144 133 69 84 361 362
139 165 135 80 114 129 149 74 134 151 4 19 49 72 102 142 157 32 62 92 96 26 7 152 71 141 35 143 69 145 133 14 87 175 119 100 0 94 98 79 137 366 367
5 165 167 88 143 35 145 79 26 83 96 32 74 10 80 135 69 71 141 9 130 119 178 70 46 114 116 175 56 100 102 49 51 360 369
65 78 40 69 71 0 86 141 28 68 178 72 114 116 175 164 59 111 4 159 165 26 156 147 94 149 162 151 153 87 155 144 362 363
78 46 70 21 74 49 95 152 86 28 167 51 32 62 26 7 147 81 71 149 35 138 85 140 155 144 133 146 80 135 82 141 178 114 116 129 175 363 364
89 142 70 144 133 4 68 72 150 53 28 141 130 26 121 134 35 69 14 175 111 102 170 159 172 79 165 156 7 86 162 96 98 46 363 364
142 70 0 170 53 83 28 9 81 32 62 165 7 37 71 156 147 133 84 97 157 87 121 85 130 145 88 82 135 86 116 80 175 129 366 367
80 93 46 137 40 70 143 68 19 119 72 53 51 32 26 129 16 111 14 172 165 88 156 147 149 83 151 85 98 87 155 144 133 146 363 364
93 153 69 144 14 157 59 137 130 85 121 129 22 63 133 21 119 95 19 49 97 165 83 178 28 114 9 156 147 26 56 7 149 96 86 364 365
21 129 63 0 135 69 71 130 119 68 178 46 59 114 14 37 175 153 155 102 157 49 82 150 84 86 141 88 156 145 92 134 26 70 72 140 87 360 361
129 159 19 0 79 28 7 145 86 116 16 95 10 133 68 53 83 32 111 92 172 96 26 71 84 97 147 149 153 366 367
9 79 81 138 19 1 63 10 14 135 137 71 49 51 121 7 167 59 114 116 37 94 98 153 100 155 170 97 152 88 35 360 369
74 140 87 155 19 144 53 135 82 137 32 56 7 141 130 71 35 16 114 116 72 164 51 157 159 95 97 86 167 1 147 81 10 70 98 363 364
140 68 72 102 32 111 96 172 7 135 178 133 156 14 97 155 157 146 159 79 152 141 88 143 145 86 147 46 10 366 367
153 134 155 68 51 81 32 92 145 35 69 152 84 14 85 149 0 170 7 37 167 135 116 156 146 16 114 144 46 10 40 70 164 367 368
46 146 137 71 141 130 68 70 59 114 10 116 63 164 49 170 7 22 150 14 156 145 4 83 96 151 85 155 32 144 361 362
51 156 14 149 83 98 100 155 144 157 82 49 71 84 62 143 145 121 7 37 22 178 70 59 72 1 102 159 119 53 95 26 167 88 361 362
156 32 62 56 71 35 14 4 121 155 85 119 149 130 94 167 82 63 146 1 164 95 10 40 159 0 367 368
49 83 151 85 87 146 119 134 178 59 22 114 116 63 162 164 155 102 19 157 170 159 28 97 32 152 141 37 145 79 92 35 147 94 361 362
83 149 162 53 138 87 81 144 37 133 137 16 69 141 130 143 59 175 164 111 157 22 82 1 167 88 40 145 363 364
68 96 138 85 87 144 22 135 137 1 40 119 79 134 4 178 70 53 116 32 56 7 175 164 100 157 170 150 165 167 145 81 162 362 363
96 81 32 92 162 151 144 69 146 14 121 0 94 114 79 111 86 16 102 1 170 172 10 59 97 165 364 365
134 155 88 7 37 22 116 137 114 10 70 4 19 102 28 81 35 69 170 159 14 172 63 59 150 85 130 162 366 367
26 167 35 145 79 92 147 28 72 85 32 137 119 121 116 162 175 164 111 102 95 19 97 360 361
86 150 141 130 84 14 59 138 4 116 81 102 170 172 82 165 147 70 162 151 155 144 157 133 62 363 364
150 152 114 95 59 4 102 111 175 143 84 63 1 178 10 40 85 0 162 53 147 98 164 28 62 155 92 137 159 367 368
70 144 146 82 137 71 7 37 22 130 119 178 4 19 62 100 155 170 159 69 167 143 145 149 151 87 362 363
28 145 79 92 147 81 149 72 7 87 144 146 14 121 116 175 164 56 111 32 102 159 84 97 141 0 360 361
145 167 92 137 147 162 35 69 114 84 157 59 4 138 152 121 94 143 63 97 10 170 19 367 368
16 152 141 88 10 35 147 85 19 63 7 69 71 14 172 119 178 167 59 37 164 98 111 100 159 360 369
53 94 149 85 87 144 1 82 84 10 40 143 121 178 32 72 114 35 175 164 100 157 4 159 95 97 167 88 92 147 361 362
94 114 62 7 175 164 35 102 84 157 170 159 59 97 87 165 85 0 149 79 138 155 88 144 22 82 63 135 10 143 121 364 365
72 19 151 164 98 100 155 157 146 56 7 35 152 79 59 121 81 4 178 138 116 69 170 159 63 95 97 165 363 364
143 92 88 56 7 37 165 71 116 35 164 157 146 159 81 152 133 82 97 10 85 119 130 172 366 367
32 37 4 147 81 151 85 87 155 144 133 137 71 62 121 59 0 111 100 170 1 152 88 360 361
92 81 147 7 37 149 71 151 35 14 146 59 4 87 85 121 178 79 175 98 170 10 40 95 165 167 364 365
97 159 119 84 167 4 87 149 151 164 98 79 88 135 141 1 130 95 121 178 138 116 62 7 364 365
102 162 157 146 135 79 88 82 63 178 1 95 40 175 111 170 172 37 152 69 147 364 365
62 79 147 1 155 144 146 19 69 71 141 35 178 14 164 98 111 95 165 167 362 363
81 149 151 37 98 71 87 69 178 79 22 1 159 172 10 40 95 19 0 167 363 364
170 133 84 14 87 121 172 79 162 22 114 95 159 10 40 138 0 151 111 56 69 368 369
172 84 167 155 149 0 147 98 137 37 22 135 175 165 116 1 144 95 157 4 138 19 151 111 71 368 369
138 151 19 155 144 137 152 114 14 178 4 85 111 88 22 63 167 1 95 147 149 119 366 367
151 162 0 111 7 71 35 69 133 84 14 59 121 149 100 130 175 79 82 63 146 165 95 367 368
157 164 159 111 133 63 1 155 85 100 137 167 56 71 35 367 368
164 87 100 79 152 22 10 40 147 98 162 56 135 35 178 368 369
14 1 40 95 165 0 149 7 85 137 71 141 119 178 116 63 175 111 100 155 360 369
116 79 22 1 0 159 152 165 7 37 71 35 147 69 84 87 133 135 365 366
59 159 95 22 141 88 79 40 85 19 69 82 178 114 175 98 111 362 363
100 114 85 111 79 159 82 167 1 19 144 133 146 7 141 71 130 35 69 364 365
56 88 0 133 146 135 82 137 84 40 19 114 98 111 35 152 362 363
22 141 178 114 63 4 175 165 88 37 147 98 10 87 155 144 146 135 82 71 84 360 361
175 119 137 135 165 146 1 114 144 95 10 40 0 7 37 71 35 167 368 369
167 71 152 63 98 162 137 88 141 37 82 135 1 144 95 159 10 368 369
119 133 1 19 165 147 149 114 155 159 4 137 87 152 365 366
178 79 137 10 155 147 37 135 35 114 133 85 368 369
1 135 82 130 121 63 162 159 152 165 88 85 19 87 155 144 360 369
133 95 159 40 19 98 149 35 144 84 4 152 141 85 79 63 366 367
130 88 63 114 10 40 111 147 69 84 146 135 121 85 79 366 367
84 159 95 165 88 98 71 144 135 40 0 79 37 363 364
135 114 19 111 35 4 85 162 98 88 146 63 366 367
114 98 141 88 63 121 7 147 162 85 144 365 366
121 88 63 10 40 19 147 37 71 144 146 69 141 4 87 85 365 366
10 69 82 137 71 63 162 111 152 79 147 85 87 360 369
63 0 7 37 162 98 111 155 159 4 95 152 88 35 85 69 82 362 363
40 69 4 111 95 152 19 0 88 37 87 361 362
19 85 144 146 137 98 95 152 360 361
95 146 141 85 79 111 152 165 98 7 71 144 364 365
71 165 88 147 0 7 37 82 137 98 155 362 363
79 7 35 111 4 165 88 149 69 144 82 137 141 0 363 364
88 35 4 85 152 165 147 162 0 141 363 364
7 141 147 87 0 69 4 155 360 369
141 37 69 87 149 162 85 155 146 366 367
144 146 159 152 111 35 85 98 149 82 367 368
146 4 37 69 152 0 149 82 367 368
87 111 0 37 152 165 69 85 82 363 364
149 111 69 162 98 137 159 367 368
37 147 69 98 159 4 361 362
69 85 98 155 82 111 362 363
162 111 152 165 85 0 147 98 159 4 368 369
159 152 367 368
0 137 82 35 147 360 369
35 152 85 4 137 155 360 361
165 152 155 147 98 4 111 368 369
98 111 147 137 152 364 365
82 111 147 85 363 364
85 4 363 364
147 4 367 368
155 152 367 368
4 152 137 360 369
137 152 366 367
111 152 365 366
152 367 368
209 212 225 359 280 214 335 227 348 196 295 216 229 271 218 352 273 288 330 277 345 266 279 334 207 336 325 338 259 186 274 316 331 265 320 309 256 311 324 258 326 302 315 262 317 238 251 240 181 242 310 312 314 248 292 305 199 180 347 239 228 349 296 243 189 193 287 342 206 187 344 360 361
212 270 338 272 327 219 276 331 254 267 335 191 256 269 258 185 315 204 251 319 240 253 194 183 242 310 244 257 299 192 356 248 303 358 305 252 241 309 230 199 180 285 298 353 234 355 289 302 208 189 236 357 225 346 280 295 202 216 229 231 286 220 196 181 343 290 205 213 226 347 360 361
214 327 205 316 318 320 333 254 188 322 256 182 313 197 315 249 317 238 251 195 306 319 255 204 299 233 246 301 235 202 183 250 292 347 239 307 181 228 349 241 230 243 285 298 353 221 234 236 278 291 199 335 227 350 218 339 193 275 288 187 330 343 277 266 334 323 257 325 217 194 360 361
327 208 231 272 306 206 185 196 219 298 249 200 279 230 357 224 205 228 307 239 207 343 345 235 216 295 246 197 347 280 274 338 225 255 308 323 342 223 204 234 238 302 333 335 183 262 337 266 296 311 339 211 241 192 328 341 294 324 330 269 220 250 334 254 314 248 229 282 233 367 368
319 343 356 281 183 262 266 181 260 211 294 275 226 309 329 273 331 344 184 248 229 333 322 293 316 297 291 328 276 270 332 321 304 285 185 215 196 323 200 230 194 224 258 288 239 292 203 320 188 290 301 182 295 246 299 357 180 274 348 259 189 352 306 287 238 317 268 354 198 366 367
343 251 323 285 215 196 352 200 354 264 356 345 258 347 292 203 349 207 188 290 320 182 186 295 197 344 299 191 244 195 308 234 306 238 198 321 281 232 243 315 266 296 247 181 260 275 226 328 220 201 358 333 318 248 252 282 263 353 231 261 340 193 272 346 206 187 217 368 369
186 228 349 351 232 353 287 342 234 355 289 302 223 344 291 225 238 295 216 337 229 350 339 352 330 277 211 332 266 334 347 281 283 217 338 259 272 219 340 182 197 318 210 322 335 256 324 260 194 249 304 317 251 264 187 321 255 183 310 257 299 312 246 235 248 292 305 239 294 360 369
228 346 238 293 191 295 337 229 339 231 341 233 330 277 290 266 279 198 334 347 281 183 213 283 342 226 265 278 220 333 254 267 322 256 199 180 249 251 187 217 255 310 244 257 299 312 185 215 301 235 303 316 237 305 205 252 294 232 287 188 300 218 234 355 289 182 357 361 362
277 346 359 240 270 348 185 297 219 352 230 286 299 264 356 258 290 239 332 345 237 349 188 338 285 265 216 329 342 331 210 274 280 335 326 238 198 202 213 243 266 247 308 321 192 310 245 312 325 314 190 269 220 303 254 358 180 294 309 298 311 300 231 355 357 206 187 364 365
346 307 351 288 239 353 184 218 301 295 197 280 210 344 325 274 255 338 223 234 287 238 332 296 181 211 241 222 294 324 290 339 190 269 220 201 335 333 284 199 180 297 208 189 348 242 193 306 350 206 321 352 240 300 345 304 356 215 219 249 200 347 283 313 264 224 349 368 369
189 270 312 325 259 272 314 248 261 195 208 329 250 307 181 258 300 247 302 194 236 357 249 359 306 229 297 244 233 354 187 235 345 237 305 185 349 283 296 217 285 232 353 342 210 291 184 225 267 188 227 269 216 337 218 339 220 275 330 198 211 332 279 321 334 202 323 360 369
270 290 231 345 292 347 236 240 221 325 285 185 196 200 230 342 276 318 278 333 258 322 335 271 256 218 315 328 330 235 216 246 321 310 244 195 225 255 299 301 223 253 316 198 202 262 213 296 266 311 353 260 241 222 355 289 304 201 348 282 295 248 297 352 252 354 275 364 365
230 271 182 284 273 216 197 328 341 288 191 195 279 323 204 259 261 316 329 331 252 320 333 267 211 309 269 324 258 190 201 247 180 253 321 242 255 246 301 314 356 248 206 250 292 215 196 349 283 296 200 243 353 194 287 205 300 289 278 203 293 207 335 218 282 361 362
271 298 311 353 300 269 254 304 203 280 218 252 233 263 284 297 216 246 341 354 231 290 225 279 240 334 219 249 285 274 329 276 243 258 278 322 192 222 237 267 313 190 273 250 201 235 330 199 229 180 308 323 312 223 253 193 301 314 303 316 187 262 305 251 247 307 296 351 364 365
249 284 297 339 352 222 341 275 288 220 201 347 336 248 229 325 285 261 342 227 208 263 276 331 231 333 254 267 206 236 322 335 256 269 215 315 219 262 264 321 255 184 299 312 188 218 314 316 292 235 305 216 197 309 244 195 311 287 204 304 198 243 282 350 362 363
284 200 283 264 335 205 324 313 328 237 267 218 308 235 265 310 210 301 314 278 259 358 223 234 307 268 309 202 281 232 298 353 247 355 260 211 241 192 222 344 245 275 348 190 269 250 201 337 254 286 252 233 263 208 334 347 261 193 272 276 206 240 251 329 185 215 219 364 365
194 348 282 337 218 339 231 286 207 220 341 288 222 345 266 213 334 268 202 204 217 338 259 276 320 333 309 201 256 269 203 324 258 313 205 326 260 315 196 317 238 253 184 188 297 310 244 312 182 354 246 301 290 303 250 226 294 243 285 342 234 355 183 359 293 360 369
348 328 258 288 239 341 292 203 188 218 355 301 335 295 359 197 329 280 310 191 244 352 278 308 289 323 223 356 204 234 336 358 287 321 202 281 183 243 349 315 266 345 296 351 330 192 226 305 250 303 254 333 318 229 282 316 227 208 242 193 276 187 215 219 368 369
328 260 211 245 275 305 341 220 239 303 334 218 252 282 233 312 293 297 276 206 236 255 300 304 285 204 200 302 198 283 313 264 357 307 258 359 192 267 320 354 250 201 216 246 280 310 345 210 199 229 347 308 338 351 193 306 257 329 317 268 342 321 202 335 367 368
207 287 185 344 357 291 238 295 216 337 229 297 218 188 220 341 354 275 288 332 197 334 347 281 215 217 338 259 274 329 204 318 210 331 265 278 183 269 311 324 326 247 304 264 240 253 308 321 257 199 299 246 301 235 303 316 358 193 239 349 206 296 351 243 285 298 360 361
287 286 237 188 218 310 312 246 303 358 305 195 225 255 307 259 296 298 268 300 198 202 262 357 243 291 304 181 260 241 192 350 275 297 352 190 341 220 288 332 248 292 282 263 336 338 208 231 261 242 236 217 221 251 320 333 196 219 279 313 224 273 364 365
205 269 216 218 339 190 286 341 330 264 334 268 272 314 206 248 263 318 331 252 307 185 267 200 256 245 300 247 236 238 359 306 240 242 310 231 244 201 312 233 354 288 356 290 180 224 345 237 195 305 283 296 204 193 298 340 221 234 355 289 210 278 291 280 360 361
224 227 282 221 229 339 215 286 288 330 264 332 345 336 192 259 261 316 329 263 276 331 216 252 265 267 210 313 326 247 260 302 315 223 251 198 217 240 183 213 308 244 299 312 233 354 246 314 235 356 290 239 294 307 184 199 285 218 232 182 344 236 278 193 291 225 361 362
227 272 274 329 263 276 318 320 254 182 197 311 313 247 195 225 317 240 253 223 204 308 242 310 244 257 299 233 246 235 316 237 181 292 222 239 294 296 309 243 298 245 300 344 236 280 293 208 282 337 286 187 341 288 221 290 332 185 345 196 266 279 219 200 268 361 362
210 292 184 199 241 351 285 232 300 193 355 302 344 187 291 280 293 335 282 295 185 200 231 286 341 264 345 266 213 334 281 323 215 325 217 259 182 340 274 197 316 331 252 265 180 320 195 267 309 258 198 251 240 242 192 297 257 233 301 314 303 358 360 361
292 191 276 304 195 359 293 259 350 223 204 297 219 339 354 262 332 345 222 256 336 286 349 190 235 329 342 229 320 322 335 324 337 208 193 272 206 217 317 281 285 308 196 314 316 305 203 184 294 307 237 267 282 296 309 311 261 291 302 365 366
182 300 221 342 355 289 223 344 236 278 280 335 269 337 229 339 352 273 181 220 330 345 266 279 200 268 202 323 336 204 314 195 329 197 199 188 201 256 258 192 313 183 317 359 306 240 253 295 242 310 312 233 354 301 356 248 303 347 307 283 296 360 369
200 339 341 275 330 264 185 196 211 345 334 347 281 336 283 204 325 338 206 340 261 329 263 333 201 322 197 245 258 326 247 260 262 304 317 306 308 321 198 244 312 301 235 303 296 351 232 353 300 234 199 180 302 236 359 295 193 337 229 360 361
286 302 264 295 350 184 256 188 356 332 345 197 347 191 349 244 225 255 340 223 234 331 238 320 333 232 183 262 213 243 335 324 313 260 315 245 226 330 190 250 306 321 248 199 180 312 233 208 316 261 272 276 307 187 296 240 221 351 251 353 285 364 365
349 216 197 261 340 291 325 225 255 304 253 219 302 313 264 232 243 307 341 322 226 250 235 265 357 310 180 244 274 293 278 338 289 193 272 238 317 356 206 321 217 281 358 221 315 266 345 326 215 196 330 351 294 245 309 337 184 252 316 368 369
219 297 231 273 275 288 191 206 268 336 283 198 276 265 322 256 269 192 258 315 201 262 216 317 330 251 264 253 199 321 242 323 257 299 312 208 314 248 316 358 202 252 307 309 215 351 243 298 232 234 190 236 357 280 240 295 337 218 361 362
297 198 329 342 183 258 247 211 237 324 337 326 250 265 295 280 180 274 278 289 310 223 253 312 325 242 193 272 268 187 217 281 221 305 318 307 185 215 298 353 254 203 184 359 252 293 339 352 246 231 261 341 225 255 336 204 234 365 366
184 276 289 344 280 350 339 273 220 341 262 183 332 266 279 321 334 181 268 202 323 336 312 204 193 314 329 250 252 265 307 254 188 322 324 260 315 357 304 317 359 293 185 240 295 244 233 354 246 301 237 358 226 347 281 296 217 338 221 234 360 369
276 248 334 281 218 263 283 325 231 251 185 324 337 234 326 198 264 315 306 222 256 237 301 358 305 318 244 274 225 255 307 259 296 309 223 253 204 353 257 187 357 232 291 304 280 282 295 226 339 352 250 356 273 332 345 203 364 365
263 340 199 274 329 342 331 265 278 333 193 311 324 206 187 217 313 240 304 215 264 306 321 323 299 303 256 188 235 351 285 300 244 225 255 289 291 359 223 293 257 238 282 198 337 350 183 262 213 339 341 275 181 260 290 332 345 334 283 254 272 363 364
340 293 316 197 231 291 272 342 325 206 344 300 251 304 185 332 307 288 311 192 256 237 201 335 265 299 280 244 195 274 225 255 253 204 353 306 257 336 317 268 217 232 266 296 247 326 359 181 211 241 350 275 309 339 269 220 354 273 356 203 345 318 358 367 368
304 341 356 181 211 345 256 226 334 336 338 351 229 329 342 244 344 259 333 208 223 257 337 236 217 326 339 281 221 317 185 196 294 323 312 273 303 254 237 218 307 320 216 246 353 191 313 355 255 300 298 279 232 183 213 365 366
341 334 357 185 359 279 313 264 350 258 288 239 322 203 237 267 358 290 320 280 310 191 244 195 274 225 255 338 198 202 213 247 181 211 241 192 324 305 309 220 314 248 229 312 293 231 272 206 217 240 221 355 367 368
323 354 242 206 187 217 281 347 266 296 185 215 351 294 245 305 342 273 303 203 318 335 252 282 324 337 316 339 246 231 261 330 225 300 325 198 283 232 262 247 211 222 256 226 290 355 190 250 201 229 244 293 278 308 259 223 253 366 367
354 334 285 185 204 283 313 357 258 256 290 350 201 265 216 299 329 229 244 338 289 208 223 336 268 187 321 281 232 345 326 196 330 260 211 241 275 305 309 339 269 273 254 314 203 318 248 218 331 312 316 242 191 236 255 300 368 369
307 299 280 180 274 225 255 234 356 306 238 268 217 334 347 183 336 181 192 245 226 305 329 344 250 273 303 322 229 326 330 261 272 187 321 240 300 215 302 358 283 318 351 311 222 218 290 357 201 246 197 366 367
237 195 225 302 357 280 293 234 295 198 350 232 352 183 330 290 222 332 266 279 334 268 220 283 338 261 180 318 320 267 335 311 324 258 247 260 262 185 251 264 240 321 255 257 314 203 356 316 188 218 305 216 351 285 191 245 362 363
256 300 289 293 248 229 295 339 352 231 242 290 206 236 187 332 279 334 347 336 196 285 261 329 320 203 322 218 258 315 197 262 330 191 306 225 255 308 310 223 259 301 316 358 232 183 213 294 309 192 222 351 363 364
300 332 290 347 235 265 246 336 191 244 195 225 329 278 259 318 204 234 257 268 322 266 296 315 317 330 275 306 308 269 273 248 252 282 233 261 351 236 187 217 355 302 285 298 279 283 264 337 350 258 239 365 366
225 358 203 239 294 218 241 351 285 353 216 234 289 302 191 236 238 359 293 335 350 223 339 231 264 266 279 334 211 283 338 190 316 331 252 199 322 269 311 313 260 262 206 317 215 257 312 301 248 361 362
238 255 312 192 246 314 356 358 305 235 239 252 294 309 199 229 195 223 291 293 295 273 181 275 288 330 226 190 268 338 272 188 218 233 261 329 318 331 197 320 191 335 269 324 258 313 326 260 215 204 317 240 253 183 362 363
356 289 353 204 298 198 283 202 262 347 311 322 241 222 358 350 301 335 235 265 254 299 329 199 244 342 242 272 336 317 236 321 281 221 330 260 245 264 258 288 239 273 303 337 267 282 216 197 231 261 291 355 274 368 369
217 345 266 279 321 334 268 193 338 259 272 329 250 215 243 311 260 302 188 201 216 197 310 231 352 299 246 235 248 290 303 294 198 296 202 183 213 285 342 355 211 223 344 357 280 335 190 275 222 264 361 362
345 240 334 279 332 283 264 311 203 267 353 216 246 355 280 180 195 359 278 308 253 234 306 268 213 247 326 330 211 241 192 245 226 351 309 190 220 250 273 314 199 293 231 193 272 344 368 369
359 258 239 203 192 188 320 246 299 195 274 255 308 289 223 253 204 234 306 257 317 187 351 202 247 196 241 294 226 309 339 190 269 250 303 333 318 199 229 233 208 197 231 291 236 240 353 185 298 279 283 313 264 243 368 369
216 241 221 355 357 293 337 218 339 352 220 288 330 332 266 204 268 281 338 202 272 261 274 316 329 181 331 252 333 254 267 322 311 326 262 251 264 208 321 242 299 246 301 248 358 215 226 294 361 362
290 298 255 240 355 302 291 264 183 243 350 288 222 267 358 190 220 250 334 336 229 180 244 259 342 331 223 253 187 281 324 247 326 185 215 196 211 317 330 245 332 308 239 312 325 248 314 282 242 191 365 366
298 295 246 195 255 334 278 336 338 351 253 204 198 329 342 320 333 335 181 211 241 294 245 326 190 220 250 201 254 317 330 180 321 208 231 301 291 242 303 236 187 240 309 279 353 283 313 264 302 357 258 288 203 267 365 366
188 234 357 278 291 180 293 282 337 350 218 352 288 187 211 266 321 215 257 325 338 206 261 274 197 318 331 252 265 320 267 322 269 311 324 258 302 262 317 251 306 255 310 299 191 314 235 248 294 241 283 296 360 369
293 239 329 342 318 218 335 311 265 313 326 280 315 317 195 306 259 289 223 253 310 268 198 213 303 316 266 358 181 192 296 201 353 273 254 355 302 248 199 282 295 231 261 242 193 272 206 196 325 365 366
334 236 240 285 283 288 322 203 218 331 335 320 301 246 197 191 244 255 259 289 234 202 281 262 213 266 247 326 311 260 294 245 275 309 269 250 303 254 357 312 352 261 272 367 368
191 239 281 283 183 353 234 355 289 344 278 291 280 269 190 229 350 326 262 321 213 202 325 338 259 272 193 314 206 274 195 208 329 331 265 309 201 322 243 258 192 313 315 196 317 306 240 310 312 233 301 248 360 369
251 247 332 279 347 181 281 226 283 325 259 220 261 274 316 331 320 333 267 322 258 193 313 326 187 262 240 264 306 185 215 308 301 303 203 305 218 296 309 353 246 357 278 291 195 295 337 234 273 275 288 183 213 362 363
351 295 246 197 231 280 310 274 223 204 234 317 268 313 202 266 296 247 326 181 211 192 222 226 320 250 254 299 248 199 229 338 193 236 221 353 285 185 215 330 294 288 239 273 322 267 331 282 301 368 369
289 267 305 235 296 278 344 357 223 253 268 202 281 232 262 213 181 260 241 192 222 245 332 275 226 347 190 269 199 252 233 318 320 333 261 272 322 187 326 240 221 315 185 215 196 317 308 310 288 239 299 365 366
244 303 305 198 252 294 213 296 309 245 241 226 344 280 295 337 350 229 273 208 231 242 193 347 268 206 283 240 338 320 322 269 324 326 247 260 315 262 317 330 264 253 321 255 248 362 363
303 255 333 259 335 324 253 262 213 317 266 308 321 181 192 222 310 312 190 269 254 316 318 229 282 233 309 208 261 242 355 236 187 240 221 285 215 283 264 239 203 218 338 235 197 329 331 365 366
241 197 195 306 242 310 234 314 250 294 211 222 296 309 243 285 190 220 342 355 344 357 291 199 295 337 339 288 330 236 187 332 240 266 281 215 336 338 259 272 261 274 316 329 318 203 267 269 324 245 326 362 363
288 350 330 203 347 325 265 246 280 329 342 318 195 274 333 278 259 234 324 257 268 326 202 281 183 247 196 211 308 321 275 226 190 199 229 305 252 233 296 208 272 236 357 221 365 366
218 221 357 335 282 222 197 321 195 257 314 261 316 250 252 202 333 181 211 192 313 247 315 262 317 306 240 253 255 180 231 233 193 305 239 283 243 215 232 361 362
281 306 321 310 185 301 279 264 305 294 309 311 267 201 265 197 274 339 352 259 204 257 347 202 232 183 213 243 336 325 338 260 245 226 331 269 320 333 324 199 313 326 208 330 261 364 365
306 262 243 310 266 247 181 260 192 222 245 275 226 220 250 320 311 180 291 193 257 350 240 352 358 264 258 273 338 267 282 342 301 344 265 246 333 322 280 335 255 223 253 302 283 366 367
357 322 203 301 280 195 278 338 223 234 336 268 198 243 296 181 260 192 222 226 305 190 269 250 201 352 254 333 337 199 331 233 312 208 242 206 236 285 185 302 332 313 347 239 368 369
198 308 231 299 233 246 301 314 235 248 294 283 243 285 232 234 355 223 236 197 278 282 273 222 211 332 321 213 215 257 338 272 192 206 316 250 320 254 180 311 324 245 326 315 262 187 360 361
308 232 213 247 181 211 309 294 275 226 305 269 355 248 229 233 208 291 242 236 187 240 347 196 279 338 283 264 344 203 320 267 335 337 326 295 246 197 315 317 330 255 259 321 204 312 325 257 366 367
239 282 337 352 273 204 264 266 183 268 336 259 226 329 190 220 318 333 267 309 199 269 324 245 258 326 260 231 193 242 255 215 312 301 314 250 347 296 243 353 235 344 197 278 291 362 363
258 245 280 337 352 273 248 199 275 332 266 279 208 268 193 336 325 187 272 240 261 274 185 196 265 278 320 322 311 313 260 203 301 305 204 183 213 355 211 291 363 364
211 247 315 317 264 185 196 253 321 255 301 314 235 358 250 226 197 234 195 302 344 280 282 337 350 339 352 202 273 220 330 332 213 268 215 336 201 259 272 329 331 265 267 360 361
247 317 264 226 253 190 299 180 314 233 316 358 250 296 206 187 185 344 196 278 245 337 350 339 352 273 279 347 197 283 325 338 259 261 329 318 331 234 269 324 232 326 315 362 363
197 283 285 232 221 355 344 193 291 337 350 196 273 220 222 332 268 202 259 206 261 274 250 318 331 265 309 322 195 311 203 324 245 317 253 255 347 360 369
183 185 187 310 299 246 235 226 180 296 285 353 221 355 344 236 278 291 335 350 275 222 332 213 268 336 257 338 259 195 208 329 318 331 322 269 190 311 203 245 192 315 196 360 369
185 220 330 213 202 204 325 338 261 274 180 331 265 320 254 322 311 203 245 313 326 240 257 299 246 301 193 235 248 305 296 353 221 355 302 280 282 295 360 369
255 305 213 353 245 342 355 302 344 201 254 280 248 199 350 233 275 231 242 264 347 336 325 338 272 274 331 322 269 326 315 235 321 299 234 363 364
264 295 339 181 245 190 279 336 203 338 272 331 242 333 267 322 195 269 324 234 243 220 305 309 229 180 355 223 302 193 291 257 202 363 364
295 243 353 302 344 201 235 352 278 253 347 257 268 187 325 202 342 181 260 245 275 226 320 333 322 335 220 273 254 203 229 252 330 321 310 236 299 301 285 215 365 366
285 261 329 279 320 232 181 192 222 313 326 226 315 317 330 250 201 280 321 248 229 310 278 314 208 193 272 358 305 187 221 311 260 275 344 291 273 350 339 364 365
278 314 252 294 296 309 311 355 195 204 350 339 352 213 243 192 199 274 331 344 208 223 335 253 242 193 268 206 202 221 266 196 260 332 245 275 269 325 273 254 364 365
314 335 204 234 324 268 326 187 262 315 317 196 181 321 294 226 309 190 269 273 254 248 282 208 242 193 272 344 221 302 283 313 352 222 301 336 246 180 195 318 366 367
262 181 260 192 245 299 312 220 358 248 199 229 233 208 231 261 342 187 221 280 215 282 337 339 352 273 203 266 325 201 246 329 180 195 265 259 335 269 311 213 317 363 364
322 269 220 250 201 229 180 282 208 193 332 221 336 329 342 302 283 311 335 203 267 326 320 265 299 223 253 358 232 243 315 181 222 353 226 305 366 367
253 257 202 243 301 358 192 245 296 190 220 180 302 252 280 242 337 240 221 275 332 325 338 259 272 203 342 331 333 254 267 246 311 324 313 260 315 223 234 321 363 364
257 310 312 325 202 316 305 181 294 245 309 190 220 254 252 231 242 236 221 279 347 204 234 336 338 272 344 265 222 333 267 335 269 324 201 246 326 260 229 195 317 266 363 364
311 301 220 201 265 299 199 229 233 208 358 242 272 347 266 296 260 342 279 245 331 309 335 337 339 317 246 231 195 312 234 268 302 232 243 181 192 355 366 367
274 316 252 233 358 294 261 242 193 272 296 309 236 187 353 221 302 344 196 291 280 337 352 279 235 265 325 329 333 204 202 213 313 181 192 226 321 269 250 299 364 365
316 342 344 193 268 236 315 266 296 326 260 275 317 305 332 254 325 252 282 318 231 291 320 240 279 283 243 222 190 220 250 201 265 347 280 336 199 229 366 367
315 317 294 245 275 226 309 273 199 229 180 282 208 353 206 236 187 215 196 313 203 267 235 338 280 329 342 331 223 234 335 268 302 324 232 213 339 266 296 366 367
317 222 294 190 250 201 318 312 355 208 231 261 193 236 350 215 196 302 332 347 329 265 320 333 326 204 268 202 232 243 366 367
273 320 335 203 267 246 231 325 305 296 268 353 202 213 243 302 181 222 282 190 269 220 299 248 229 279 294 336 283 242 338 206 329 342 266 331 364 365
320 299 248 199 233 208 261 291 242 193 350 206 221 279 283 336 342 267 344 235 310 339 330 259 223 204 234 302 325 181 192 309 190 201 366 367
245 313 260 220 201 229 266 310 299 208 301 202 318 215 196 226 355 282 233 352 242 206 195 347 336 325 204 234 329 213 254 192 324 337 362 363
269 335 190 220 250 324 313 326 199 229 233 231 310 299 221 294 222 201 265 339 352 180 223 272 342 196 181 260 333 363 364
301 353 302 344 266 339 352 222 294 190 201 332 254 347 336 248 199 180 233 331 333 206 236 187 324 215 313 283 330 203 305 318 280 365 366
199 265 180 203 326 187 240 242 196 310 246 235 358 250 283 243 353 221 342 355 291 195 335 229 231 352 220 275 222 332 181 336 329 360 361
243 235 310 180 299 248 204 347 283 187 213 353 355 344 291 220 282 330 266 279 193 206 338 240 221 261 265 254 309 324 313 326 260 192 222 362 363
220 215 196 324 326 260 242 310 246 235 248 195 294 353 355 236 291 335 181 282 350 339 222 180 259 193 252 265 333 267 361 362
192 260 190 231 305 226 187 353 342 234 344 236 291 337 229 339 275 330 332 321 202 215 325 338 272 261 331 309 201 324 181 313 326 360 369
260 330 190 250 266 321 254 299 312 233 358 231 294 206 236 296 353 196 355 339 352 332 268 336 195 329 223 265 267 213 324 363 364
252 331 344 265 267 280 324 242 337 313 206 187 202 232 221 215 196 332 266 321 325 203 233 294 254 296 309 353 355 204 339 299 213 275 181 222 268 226 235 363 364
248 223 204 254 267 232 222 190 310 299 358 242 236 355 240 280 282 339 275 203 330 279 347 246 283 325 338 261 195 362 363
187 266 321 204 272 331 265 254 201 190 203 313 326 302 235 358 353 342 355 344 236 280 282 352 275 330 332 360 369
266 330 221 321 215 310 312 358 294 231 195 259 204 339 352 299 232 213 268 336 222 344 267 335 313 242 363 364
206 279 213 226 268 215 336 325 329 331 254 267 326 203 240 233 246 235 358 250 305 296 232 202 234 291 337 350 190 352 330 222 332 360 361
279 339 221 283 203 329 342 267 331 235 265 246 324 313 330 223 204 321 268 310 358 305 275 226 190 296 254 229 302 291 208 280 231 193 272 364 365
330 254 246 291 353 204 268 350 202 232 213 222 358 347 265 329 310 229 233 331 242 335 321 367 368
250 195 313 208 234 232 299 190 305 283 229 233 342 242 236 282 350 339 352 275 222 338 272 261 201 331 265 333 254 267 362 363
335 333 353 318 272 195 240 358 204 347 283 313 336 267 265 299 339 229 208 321 202 232 326 226 305 367 368
312 223 204 342 344 333 202 296 337 222 275 226 305 201 321 229 180 282 325 208 231 358 261 242 272 318 240 196 355 302 350 267 246 299 310 366 367
240 213 332 222 325 235 180 254 267 326 193 221 242 299 259 358 318 309 353 355 302 195 352 204 234 275 362 363
333 254 318 337 331 282 233 208 291 242 325 236 221 302 332 358 222 267 201 259 352 234 202 336 196 294 324 275 226 305 342 367 368
215 275 222 268 283 325 272 318 265 254 267 324 310 235 202 226 181 296 232 221 302 223 344 280 180 337 350 208 360 361
201 180 236 193 310 231 299 235 196 305 294 296 353 342 291 280 337 229 350 222 213 204 338 272 261 208 329 318 331 360 361
242 283 338 213 272 261 329 222 331 265 226 254 313 231 193 294 296 342 344 291 282 337 350 347 362 363
233 329 342 318 265 254 267 213 313 326 181 321 180 235 208 223 358 193 309 221 302 344 236 291 203 339 352 347 336 283 325 361 362
282 329 342 344 203 313 326 265 259 268 232 213 358 305 318 294 353 355 291 229 180 350 352 193 272 332 196 364 365
254 313 208 193 196 309 355 344 246 350 234 332 213 283 325 338 181 222 261 226 318 190 265 363 364
231 213 342 331 344 280 324 313 195 208 223 204 310 259 202 358 305 196 309 291 339 275 235 221 361 362
203 223 344 236 190 337 180 193 332 336 261 208 318 313 310 195 235 358 347 294 202 296 232 221 355 360 361
223 296 232 344 236 280 202 229 352 222 275 190 226 347 268 336 338 272 261 208 318 267 221 313 326 310 361 362
325 347 291 193 336 342 196 344 318 267 332 235 265 261 280 259 283 313 232 181 222 275 305 350 229 367 368
208 338 272 331 265 313 196 302 246 305 347 294 195 221 355 236 280 350 339 352 268 336 180 360 361
338 358 221 353 350 265 280 310 195 259 204 336 268 202 222 275 226 305 190 337 367 368
339 294 324 235 310 213 296 181 350 352 190 329 229 180 358 272 336 236 321 342 221 367 368
196 275 181 321 190 336 272 180 318 267 309 324 302 352 299 246 358 226 294 232 221 355 291 280 360 369
261 272 329 344 267 337 326 310 246 358 318 259 296 309 234 353 355 222 226 332 347 268 363 364
302 350 267 352 235 246 299 195 259 193 329 342 331 344 202 232 337 190 321 272 204 234 313 283 365 366
350 283 267 235 265 246 299 195 358 259 342 336 321 213 326 181 222 294 324 275 305 229 180 272 236 368 369
280 235 246 291 352 268 332 336 283 275 226 342 331 180 337 326 221 310 358 364 365
344 337 353 246 310 259 313 213 296 181 222 229 342 352 294 309 368 369
318 331 180 193 326 358 267 353 291 355 310 195 259 352 268 202 232 213 347 336 275 235 329 342 366 367
331 342 229 267 235 265 246 299 310 195 259 321 352 296 181 226 305 336 367 368
337 291 310 204 332 283 181 222 235 265 329 180 352 358 336 347 236 321 296 324 367 368
193 336 204 267 309 181 324 313 326 190 299 358 305 283 353 221 352 213 360 369
336 236 332 283 313 235 352 195 204 268 202 305 309 229 367 368
291 342 235 259 326 234 232 275 358 309 180 353 355 272 236 352 299 332 347 365 366
236 267 202 232 321 181 226 305 229 294 296 309 353 342 221 275 332 362 363
352 347 265 299 268 202 213 296 324 275 229 358 353 221 368 369
265 296 229 180 353 332 268 267 259 234 232 310 299 226 190 363 364
296 246 234 358 213 294 180 272 347 324 365 366
347 313 358 353 246 310 229 180 259 202 232 326 294 324 305 368 369
221 332 268 259 195 267 324 213 326 181 299 246 235 358 305 226 294 353 361 362
283 299 234 324 235 180 259 232 181 294 309 190 313 364 365
195 232 353 342 222 268 202 259 272 267 309 324 181 321 246 180 360 369
235 309 355 202 213 332 180 329 321 246 358 305 294 362 363
309 324 299 326 180 259 332 321 181 275 226 190 355 222 366 367
234 305 353 204 232 213 181 226 275 332 321 229 259 267 313 310 362 363
353 329 310 268 232 326 294 275 180 321 355 368 369
202 321 358 294 232 222 332 213 226 259 342 190 324 313 360 361
358 259 204 181 299 272 310 355 368 369
246 342 355 232 181 190 180 329 321 294 362 363
310 268 355 222 275 226 180 332 329 299 366 367
267 355 275 272 324 299 226 363 364
355 299 259 232 213 326 324 190 180 272 332 368 369
299 268 232 213 294 332 259 305 365 366
213 305 226 294 232 204 222 181 190 324 360 361
204 305 226 275 222 332 268 259 272 329 181 313 190 360 361
313 275 272 329 342 294 259 268 366 367
190 324 180 321 305 232 342 275 222 332 329 360 369
275 321 259 232 229 329 342 272 364 365
268 294 332 232 272 324 326 180 363 364
272 326 226 229 180 364 365
321 181 324 180 366 367
329 232 332 324 229 367 368
180 229 222 332 360 369
332 259 326 367 368
294 232 181 222 226 342 324 365 366
226 326 232 342 259 324 361 362
259 342 232 222 363 364
324 342 181 367 368
326 305 342 232 367 368
342 305 368 369
229 305 232 361 362
305 232 181 222 365 366
232 181 222 361 362
181 360 369
222 361 362
360
361
362
363
364
365
366
367
368
369
