#/usr/local/lib/python3.10/dist-packages/colab_kernel_launcher.py -f /root/.local/share/jupyter/runtime/kernel-dea7114a-48f2-47cd-9840-9590734c419b.json
# GMT Thu May 23 17:07:59 2024
# 
55 57 24 35 60 54 27 8 19 38 11 0 22 52 3 44 59 36 47 28 17 58 31 50 23 51 42 4 53 45 48 62 2 131 132 138 139
57 6 47 17 9 39 1 31 50 42 59 26 56 34 45 48 29 2 51 13 54 16 62 19 61 49 38 11 0 22 14 44 131 132 138 139
15 21 30 39 16 6 1 53 62 48 34 43 61 20 29 47 33 19 7 28 10 41 50 36 45 54 8 22 31 0 26 35 44 126 127 133 134
21 18 32 41 50 59 40 10 26 2 30 13 16 44 11 53 62 39 34 43 61 14 3 38 24 33 6 23 1 56 4 51 127 128 134 135
7 17 26 35 12 16 58 5 39 48 52 61 20 29 38 47 33 10 19 28 37 23 9 51 60 46 32 27 31 40 49 4 126 132 133 139
17 58 44 62 10 25 61 2 20 29 56 24 42 5 37 16 11 51 18 27 36 45 6 22 31 40 35 30 1 12 126 127 133 134
30 9 10 2 60 5 41 24 16 31 40 49 58 35 44 19 8 11 22 14 3 39 48 34 0 56 42 51 37 32 128 129 135 136
36 62 10 48 43 61 47 32 5 13 37 8 11 22 60 46 25 50 59 6 45 40 28 58 9 39 31 23 4 18 129 130 136 137
62 47 9 1 20 23 12 42 4 34 18 37 48 10 2 32 5 24 13 54 27 0 41 14 44 25 6 131 132 138 139
26 13 24 53 16 48 34 43 52 29 51 0 11 28 37 22 32 3 25 6 60 41 50 59 23 12 4 31 40 127 128 134 135
39 9 10 43 61 56 23 42 51 32 5 41 34 35 24 50 59 16 6 54 58 19 44 38 11 14 25 129 130 136 137
58 10 40 50 12 4 32 43 35 18 37 27 46 22 52 41 16 60 59 19 8 49 38 11 1 20 33 131 132 138 139
47 44 33 25 61 51 28 1 23 42 4 34 45 37 60 10 50 59 29 54 49 5 13 27 46 19 0 130 131 137 138
35 46 29 41 32 40 49 5 13 24 16 22 33 53 25 48 52 61 38 56 28 9 31 23 4 34 128 129 135 136
18 44 8 16 48 0 1 25 34 43 20 29 56 24 33 19 37 10 12 51 60 4 5 45 54 22 31 40 127 128 134 135
44 51 9 40 42 32 37 27 60 19 2 59 41 3 14 6 28 38 11 20 53 52 34 129 130 136 137
8 9 46 59 27 45 13 49 12 3 6 53 48 1 52 61 20 38 56 24 33 42 19 28 37 14 23 126 132 133 139
9 49 0 53 48 3 25 11 6 10 14 1 4 56 42 60 37 46 23 45 22 40 5 16 126 127 133 134
29 41 50 59 40 49 28 1 20 12 53 48 52 38 56 2 42 37 16 27 0 11 22 14 3 128 129 135 136
41 40 13 16 19 46 59 14 3 45 6 28 1 20 31 12 53 48 43 52 61 10 56 129 130 136 137
40 50 10 2 5 13 27 11 52 61 33 25 42 6 31 23 12 4 60 46 129 130 136 137
0 5 14 56 51 60 37 46 45 54 13 22 12 16 48 25 43 61 20 38 24 33 19 126 132 133 139
5 60 3 50 59 45 54 22 12 25 1 53 48 43 38 33 42 19 28 32 13 126 132 133 139
11 14 10 2 32 59 27 54 22 31 49 12 16 3 25 52 20 1 24 28 126 127 133 134
14 24 42 51 3 1 12 50 27 45 22 31 49 16 25 2 53 48 34 52 38 126 127 133 134
6 48 43 52 38 56 33 42 51 10 46 23 32 60 50 45 54 49 12 20 126 132 133 139
48 49 53 12 4 34 37 61 32 13 38 22 33 50 25 130 131 137 138
50 2 43 32 53 27 61 49 51 3 28 1 20 59 12 42 4 34 130 131 137 138
59 2 43 32 54 16 27 46 49 52 3 25 1 20 45 37 60 10 131 132 138 139
10 27 54 22 31 49 3 4 53 61 38 28 37 32 13 46 126 127 133 134
27 2 60 24 16 45 31 19 49 53 25 20 52 61 23 38 33 32 128 129 135 136
2 32 22 3 12 16 25 34 43 52 20 24 33 42 19 28 4 1 60 126 132 133 139
32 60 13 24 1 20 25 53 28 43 33 42 51 46 128 129 135 136
33 56 3 42 25 1 12 23 51 60 4 46 45 54 53 61 22 128 129 135 136
25 43 38 28 23 24 56 60 37 19 45 54 3 127 128 134 135
43 45 54 49 31 20 12 23 4 34 37 52 24 56 46 19 38 129 130 136 137
56 16 28 20 23 42 53 61 34 45 37 13 24 46 38 52 3 131 132 138 139
54 60 51 24 16 46 38 49 22 3 28 61 1 31 12 42 4 131 132 138 139
22 28 37 13 60 19 45 31 53 20 4 61 127 128 134 135
28 3 52 37 1 20 4 46 45 49 13 24 128 129 135 136
60 46 38 3 31 23 12 51 4 45 61 131 132 138 139
24 3 49 1 12 4 53 13 51 16 37 19 127 128 134 135
37 3 16 20 61 38 34 42 13 51 129 130 136 137
3 23 46 45 13 31 16 53 61 126 132 133 139
42 1 61 31 34 51 4 46 13 19 38 129 130 136 137
51 13 38 49 20 45 34 52 23 4 19 130 131 137 138
16 45 31 49 13 53 19 1 126 127 133 134
12 53 52 20 38 19 23 46 13 4 126 127 133 134
49 4 13 46 38 20 31 23 45 34 130 131 137 138
52 1 20 31 23 4 45 34 19 38 53 61 130 131 137 138
31 53 34 61 19 46 1 4 128 129 135 136
38 23 34 13 19 129 130 136 137
13 46 45 34 20 19 126 127 133 134
61 1 23 53 34 46 131 132 138 139
53 20 23 34 46 19 130 131 137 138
46 20 23 4 34 130 131 137 138
23 1 4 45 19 127 128 134 135
1 34 19 45 126 132 133 139
20 34 4 127 128 134 135
45 34 130 131 137 138
4 126 132 133 139
34 19 128 129 135 136
19 127 128 134 135
78 84 77 66 72 64 116 125 111 120 106 124 92 101 110 119 82 91 100 86 65 76 123 109 90 99 108 117 71 85 103 63 89 126 127 133 134
84 100 118 81 95 104 113 122 108 94 103 73 98 65 79 63 74 116 125 111 88 97 66 92 110 96 91 80 83 75 119 123 127 128 134 135
99 116 111 120 92 101 119 95 105 114 100 79 93 74 63 77 96 109 118 122 69 108 91 80 107 72 64 102 94 75 89 70 129 130 136 137
116 110 80 72 111 64 83 114 105 125 89 120 97 81 124 90 103 92 65 95 98 76 79 109 82 102 104 77 96 88 130 131 137 138
110 96 120 88 115 124 119 114 80 91 102 83 94 75 67 97 70 100 113 92 103 117 121 68 87 109 74 63 77 66 130 131 137 138
89 93 102 68 76 87 125 101 119 82 71 96 74 63 100 85 66 80 72 83 113 75 90 108 67 94 103 112 98 107 127 128 134 135
93 81 72 92 65 109 118 67 68 104 113 122 76 108 79 94 103 112 82 71 74 91 120 63 124 101 83 105 114 86 75 128 129 135 136
102 91 80 125 72 111 73 106 83 119 86 75 105 67 123 109 100 65 85 76 113 117 112 107 101 74 94 66 77 129 130 136 137
91 121 66 120 97 88 119 69 96 80 72 86 75 67 114 81 70 118 122 73 117 98 107 68 76 90 71 128 129 135 136
121 103 125 113 86 75 114 67 106 68 124 97 70 81 90 65 85 104 115 87 79 123 69 122 82 101 74 83 66 96 88 131 132 138 139
70 98 74 65 107 88 97 115 124 83 92 101 87 105 73 77 72 69 114 109 118 64 122 81 90 108 85 112 67 126 132 133 139
98 123 118 113 117 95 68 107 79 71 82 74 63 85 77 125 88 120 69 106 115 124 101 119 105 114 94 75 128 129 135 136
92 95 122 112 107 64 83 86 67 125 111 120 97 124 73 65 96 114 100 79 90 71 82 63 118 77 128 129 135 136
95 65 118 85 104 113 108 103 69 107 82 74 83 94 88 111 120 97 106 115 72 73 119 105 100 68 81 90 128 129 135 136
81 107 66 79 69 125 120 74 63 64 88 97 106 83 101 96 82 80 73 109 118 76 104 122 90 112 127 128 134 135
107 80 114 72 87 100 71 82 113 65 122 117 104 77 96 69 63 74 64 83 86 111 120 124 129 130 136 137
63 68 72 123 109 104 122 108 117 67 85 76 94 71 80 75 65 125 120 115 101 64 73 126 132 133 139
68 123 109 104 113 122 90 108 117 85 103 112 80 79 74 69 111 124 101 119 65 114 100 86 76 126 132 133 139
103 104 113 122 76 87 79 82 71 120 77 66 106 115 124 96 105 72 64 83 86 67 123 100 129 130 136 137
104 105 65 76 87 79 90 82 109 118 85 113 96 112 80 72 64 75 111 120 115 124 73 129 130 136 137
111 117 112 72 64 86 105 100 125 120 73 119 114 106 76 79 71 82 123 66 118 96 88 130 131 137 138
117 73 123 114 118 106 87 109 101 112 85 66 88 125 120 72 124 64 119 94 113 75 105 108 131 132 138 139
100 66 69 80 74 64 94 75 86 106 115 124 88 97 87 76 114 109 118 90 112 129 130 136 137
74 77 86 72 119 123 65 122 76 85 80 75 66 88 97 106 96 105 82 126 127 133 134
77 87 96 105 66 72 64 123 118 75 122 67 108 85 94 112 79 73 65 76 97 71 126 127 133 134
113 87 76 120 115 90 124 109 71 112 114 88 69 72 123 64 86 105 67 108 130 131 137 138
122 106 79 120 109 71 112 85 115 66 125 88 118 124 80 72 64 83 123 131 132 138 139
86 85 120 88 97 115 124 80 101 119 87 96 105 64 83 75 114 65 79 82 127 128 134 135
118 106 119 76 123 109 71 112 115 66 64 83 75 105 67 108 73 125 131 132 138 139
73 90 108 112 66 80 69 79 64 67 125 120 97 115 119 87 96 82 123 71 126 127 133 134
90 123 87 76 79 71 82 69 80 72 125 120 106 115 124 101 67 96 114 128 129 135 136
105 69 80 64 115 94 83 119 75 114 123 67 109 87 112 71 85 129 130 136 137
96 101 66 72 64 94 114 123 67 108 65 87 79 120 115 128 129 135 136
101 88 69 80 64 94 109 75 112 97 76 79 124 82 71 119 85 66 129 130 136 137
88 97 106 115 80 67 119 114 109 94 85 66 79 71 112 120 127 128 134 135
97 69 80 72 83 125 106 115 119 65 76 87 79 85 108 66 112 128 129 135 136
65 108 76 85 94 112 80 120 119 69 87 82 72 67 64 126 132 133 139
108 106 125 71 115 124 85 119 114 80 72 83 94 67 109 112 130 131 137 138
106 123 69 80 112 94 75 115 124 76 114 79 109 71 82 85 129 130 136 137
66 69 87 82 72 114 123 109 76 94 75 64 126 132 133 139
69 124 119 87 114 82 76 85 94 80 75 79 83 125 126 132 133 139
115 64 83 75 67 87 79 71 125 120 85 124 130 131 137 138
87 109 112 72 64 83 125 120 119 76 79 85 127 128 134 135
123 76 79 120 82 71 72 83 75 119 125 124 131 132 138 139
85 109 76 80 64 83 67 114 127 128 134 135
109 76 71 64 112 83 67 120 119 130 131 137 138
80 125 94 112 75 67 126 127 133 134
120 94 79 125 82 131 132 138 139
125 72 83 94 124 75 71 82 112 131 132 138 139
112 67 79 83 124 119 130 131 137 138
72 124 82 114 94 126 127 133 134
124 64 94 114 76 82 131 132 138 139
114 71 64 94 119 82 130 131 137 138
82 75 67 76 71 127 128 134 135
76 75 67 126 127 133 134
119 94 83 67 71 131 132 138 139
94 79 64 83 75 128 129 135 136
64 67 126 132 133 139
79 71 83 67 126 127 133 134
83 75 71 127 128 134 135
75 71 67 126 127 133 134
67 71 126 132 133 139
71 126 132 133 139
126
127
128
129
130
131
132
133
134
135
136
137
138
139
