#/usr/local/lib/python3.10/dist-packages/colab_kernel_launcher.py -f /root/.local/share/jupyter/runtime/kernel-2b515d16-c871-48c9-ad2b-cd6ecd503099.json
# GMT Thu May 23 11:06:59 2024
# 
13 88 65 101 78 55 32 22 35 110 11 77 113 80 57 34 47 24 37 12 14 79 69 46 59 36 26 16 114 91 104 81 58 94 48 38 15 28 4 18 5 116 106 73 63 40 17 6 8 118 95 108 85 62 75 52 29 42 19 117 97 2 41 54 31 44 21 119 3 99 53 89 66 43 20 33 23 98 111 240 245
88 108 46 98 107 97 23 110 4 56 7 10 40 70 21 119 24 76 99 8 87 89 38 100 71 74 111 101 91 2 5 35 90 68 103 19 49 0 22 52 3 55 85 17 39 102 50 72 53 83 67 114 104 30 11 14 44 25 47 28 116 9 93 80 31 106 61 42 96 64 15 45 75 78 59 81 32 105 243 244
4 119 96 109 86 63 99 76 53 66 43 20 33 0 108 98 111 65 78 45 22 35 12 110 87 100 77 44 80 34 112 89 102 79 56 23 59 16 101 114 91 68 81 58 71 48 38 28 5 116 93 70 106 37 73 50 40 115 105 82 118 95 72 49 3 29 117 9 94 107 74 51 64 41 31 8 21 240 245
119 26 56 7 89 101 43 24 54 87 38 118 60 74 104 18 103 2 5 35 16 68 19 0 22 3 82 63 55 6 85 36 17 97 39 69 20 50 51 53 83 34 113 114 116 67 98 112 84 11 96 14 44 47 28 9 1 80 31 12 64 15 94 76 106 78 108 59 92 93 95 46 77 79 109 23 244 245
24 97 14 87 64 54 31 1 44 15 86 99 66 56 33 65 101 78 32 68 45 35 23 110 100 77 7 90 10 80 57 21 34 70 47 37 112 115 92 69 46 82 36 49 26 104 81 94 71 2 48 38 5 51 16 103 19 116 0 3 83 96 6 27 63 40 20 105 72 85 62 29 42 117 107 84 240 241
97 76 27 57 8 87 38 60 90 93 103 74 77 58 115 2 5 16 19 0 114 22 49 3 82 33 117 63 85 17 39 20 50 53 83 34 116 86 67 30 11 118 14 44 25 98 9 1 80 31 42 64 15 45 48 110 59 81 32 62 95 46 109 79 99 112 96 56 7 37 111 10 101 70 73 243 244
43 110 87 64 77 54 44 23 26 109 7 37 99 10 76 40 21 66 79 46 8 38 41 101 78 45 100 18 113 103 57 47 16 19 0 22 102 115 33 69 6 36 17 39 49 20 114 104 81 94 51 30 93 14 83 25 96 50 28 63 9 1 31 53 12 105 15 118 95 108 85 29 62 32 65 107 241 242
110 15 45 75 76 106 57 87 59 60 90 41 74 104 77 107 58 105 7 37 68 112 10 40 70 21 22 101 82 54 6 85 36 39 69 99 72 114 102 67 100 18 103 84 2 5 35 19 1 31 33 63 94 66 17 20 108 50 51 81 62 34 117 46 98 79 30 11 26 56 61 12 42 244 245
16 93 70 106 73 50 27 40 17 30 115 105 82 118 95 11 85 14 75 29 42 19 9 117 12 107 15 74 87 64 41 18 54 31 21 96 109 86 63 76 53 33 98 111 7 10 32 68 45 35 100 113 44 80 34 47 89 79 56 92 69 46 59 2 101 114 91 0 94 3 71 48 25 240 245
93 68 0 22 52 3 82 33 63 6 66 17 39 50 51 81 53 34 65 109 67 99 112 84 25 28 114 9 1 12 64 45 75 76 48 78 113 59 60 103 32 62 92 77 79 102 105 23 26 56 7 89 104 21 117 54 27 57 38 41 71 116 74 96 86 58 18 118 95 2 108 98 35 243 244
17 58 71 48 61 2 38 5 28 103 70 0 60 3 73 50 6 40 115 105 62 75 29 42 19 117 51 14 64 18 54 31 9 1 96 12 15 63 99 76 66 20 56 33 23 108 98 111 65 101 78 32 77 113 90 7 10 34 47 37 89 102 79 69 46 59 36 114 91 104 81 240 245
58 108 85 62 50 51 75 32 65 34 46 107 74 87 64 11 44 25 26 56 109 86 99 76 40 89 12 66 42 79 27 41 101 91 68 100 113 90 67 80 23 5 70 35 7 37 112 102 52 115 92 55 69 6 36 39 53 114 104 94 84 61 18 30 106 60 96 49 63 0 31 45 118 241 242
35 106 50 63 32 40 105 118 95 72 108 85 39 107 84 26 7 74 87 10 64 41 77 21 54 27 109 86 99 53 89 66 56 98 111 18 65 55 68 45 19 100 90 3 67 103 6 47 37 20 112 102 79 115 92 46 59 36 49 11 81 14 71 48 61 38 28 51 9 31 240 241
106 107 68 49 0 22 101 3 82 33 55 85 36 39 69 109 102 112 83 34 86 67 103 84 30 44 25 28 1 80 31 12 42 15 94 78 59 51 81 32 62 92 65 95 115 46 98 79 96 7 37 9 40 21 73 54 116 76 27 57 87 60 41 71 74 118 91 18 105 2 5 244 245
76 107 23 26 56 7 10 70 21 73 54 99 112 27 8 38 60 71 111 78 2 5 113 90 103 68 19 49 22 52 3 33 55 6 36 66 102 39 20 92 105 53 114 81 94 30 84 14 44 25 47 116 9 1 61 12 96 42 64 15 48 29 32 62 95 65 85 46 242 243
107 27 108 57 8 87 60 90 71 72 104 18 105 5 109 19 112 49 52 82 33 63 55 6 85 66 111 50 102 53 67 98 100 113 84 30 11 44 47 28 9 1 80 61 12 42 64 94 45 75 48 78 59 51 62 114 92 46 79 96 116 23 7 89 40 70 21 73 54 244 245
55 84 116 83 96 73 86 26 118 95 7 37 108 85 10 98 40 75 21 54 8 67 89 2 66 79 5 19 49 0 111 22 52 3 101 33 78 91 6 39 20 53 100 34 113 103 80 57 70 60 30 11 102 115 14 92 44 59 28 72 9 1 31 12 114 15 45 117 94 48 29 241 242
84 6 102 66 115 69 72 53 114 117 94 18 2 116 47 19 49 0 1 80 96 31 61 33 64 48 20 50 51 118 81 95 32 62 85 34 46 11 87 14 44 25 26 9 10 12 109 42 73 15 45 75 89 27 29 59 41 111 77 101 100 5 90 103 37 68 22 52 54 243 244
29 32 77 90 67 80 57 70 102 19 79 115 0 22 46 82 59 36 6 114 91 104 81 94 38 51 103 116 11 96 14 63 25 28 30 1 105 12 118 95 72 108 39 75 52 117 87 64 41 54 31 44 23 109 86 99 26 7 53 66 10 56 33 21 98 27 111 65 101 78 240 241
32 91 45 100 103 80 57 34 47 23 5 112 7 102 115 92 22 59 72 49 6 39 20 81 117 94 71 38 51 18 116 30 83 96 14 63 40 19 0 31 118 3 95 108 85 75 52 74 87 64 41 77 54 109 86 99 25 53 89 66 28 10 98 111 27 240 241
47 80 44 25 28 12 42 102 15 79 69 82 49 81 117 94 48 61 51 23 26 7 83 37 96 73 10 50 21 105 27 8 118 38 95 85 41 62 52 65 74 18 87 64 77 2 54 109 19 86 3 53 89 33 66 6 36 56 20 111 34 78 30 113 90 103 14 241 242
80 113 28 90 9 31 61 42 64 15 45 75 48 78 59 51 92 62 105 65 79 114 104 81 117 94 23 26 37 10 116 40 70 21 73 54 86 8 38 60 41 71 118 77 85 98 18 2 5 19 0 52 33 109 36 89 69 20 34 111 101 30 14 44 243 244
8 9 87 64 41 54 31 44 21 11 96 109 86 99 53 66 20 33 10 23 98 2 65 101 78 68 45 0 3 100 6 90 67 57 34 112 102 79 92 69 82 59 36 49 26 114 91 81 94 71 48 25 61 38 28 116 70 83 60 50 27 63 30 115 95 62 75 52 7 240 245
9 44 34 89 79 56 92 23 2 101 91 68 104 81 0 71 25 61 15 6 113 103 116 70 83 60 27 40 105 82 72 49 85 62 39 52 19 94 1 74 64 18 54 31 21 96 99 30 66 33 10 108 75 111 65 42 78 45 22 12 87 100 77 240 245
0 5 116 60 37 73 50 40 115 7 105 82 95 72 49 62 52 42 19 117 94 74 41 18 31 21 96 86 63 99 30 23 108 98 75 111 65 78 22 12 2 100 77 90 34 11 1 112 92 69 59 36 3 114 91 104 81 71 61 15 28 240 245
5 60 96 73 3 63 40 30 7 105 85 62 75 52 42 19 117 74 87 77 44 109 86 89 20 56 10 23 98 65 101 78 68 45 12 113 90 67 103 57 34 70 37 14 69 46 59 36 49 26 39 114 6 91 94 71 48 2 15 51 28 18 240 245
69 104 94 71 11 14 44 25 28 83 1 96 73 61 86 64 15 45 48 59 118 95 62 85 98 74 87 23 56 37 10 21 54 89 57 79 38 60 41 111 78 2 90 103 68 19 22 3 33 63 112 6 36 102 66 115 92 39 105 20 50 82 72 67 242 243
104 99 72 102 83 34 67 100 103 30 11 14 44 109 28 1 31 61 12 64 15 45 75 78 59 51 81 62 92 65 95 98 79 113 96 23 37 112 70 21 115 73 27 57 60 71 114 74 117 77 18 116 2 68 19 101 52 3 82 33 118 36 66 108 244 245
61 100 113 90 67 103 39 20 50 70 34 79 115 92 82 30 11 44 25 81 28 71 1 12 42 15 48 116 51 83 96 63 46 105 95 23 26 56 117 37 10 40 21 74 87 54 77 27 57 38 60 41 86 89 66 2 65 78 68 19 49 22 52 3 242 243
100 12 105 42 64 94 75 48 78 59 62 117 95 46 77 96 23 56 7 37 10 40 70 73 54 108 57 87 38 90 41 72 91 18 2 112 19 49 52 3 82 63 6 85 36 111 20 99 50 51 53 83 34 86 67 11 25 28 102 1 115 31 244 245
113 31 12 42 114 64 94 75 48 108 59 81 111 62 65 95 46 116 98 79 109 112 96 23 25 26 7 37 10 89 40 70 21 73 27 87 38 60 90 71 74 77 91 105 2 22 52 3 33 85 66 20 50 72 102 53 83 67 103 30 14 44 28 244 245
41 42 117 74 39 64 44 99 53 89 66 56 2 19 101 78 68 45 33 20 90 67 103 57 112 102 79 115 30 92 46 82 59 14 49 25 28 114 91 94 15 71 48 51 60 96 73 50 63 105 23 95 72 108 85 26 75 37 10 65 241 242
42 77 33 90 67 18 112 89 102 79 2 92 46 59 49 19 22 3 91 6 81 36 94 39 70 50 115 105 14 118 95 25 72 85 1 52 31 15 51 64 54 96 86 63 99 53 66 56 23 26 37 98 10 65 21 101 78 27 241 242
40 77 54 44 109 99 22 56 6 36 39 98 20 111 78 34 30 11 103 57 14 70 25 112 1 79 92 15 59 49 91 81 71 51 116 23 83 96 7 37 50 63 10 21 105 95 72 108 38 85 62 75 52 117 74 87 18 64 241 242
77 70 12 73 57 59 60 87 99 112 79 7 37 68 21 111 78 91 38 81 20 72 67 90 103 18 30 2 14 102 92 105 19 49 1 3 33 64 15 45 48 117 94 62 34 65 83 86 11 25 26 56 28 118 95 242 243
27 74 87 64 19 44 109 6 86 89 20 56 33 46 111 101 78 91 68 45 25 90 67 1 57 12 15 37 112 102 79 92 82 49 39 114 81 117 94 71 48 23 38 10 21 22 83 50 63 53 30 105 118 95 108 62 98 75 52 18 240 241
73 74 87 68 19 49 52 3 109 33 63 86 6 99 36 66 39 20 50 72 111 78 91 30 11 14 44 25 103 1 12 64 45 48 79 115 59 51 62 65 114 81 117 23 26 56 10 70 83 96 54 38 105 71 108 85 98 18 2 242 243
74 75 54 57 38 60 71 72 87 109 86 68 19 49 22 52 63 101 36 78 66 39 51 53 34 67 90 103 30 11 112 25 115 92 105 28 31 15 45 114 48 81 94 65 46 116 83 96 26 56 37 118 10 108 70 21 242 243
6 38 15 51 116 83 60 2 7 20 105 118 95 72 108 85 62 75 65 87 64 54 31 44 11 109 86 53 66 56 33 23 98 68 45 22 25 90 67 103 57 70 37 14 112 102 79 115 36 49 26 39 114 81 240 245
33 38 70 23 60 26 50 7 63 21 105 95 72 108 62 39 75 52 117 87 64 18 2 109 86 19 53 66 22 56 20 67 57 14 37 25 112 1 31 79 12 92 46 82 15 49 114 91 81 94 71 240 241
38 36 87 64 54 109 86 53 11 14 25 98 111 65 101 1 78 12 45 67 44 112 89 102 79 92 46 82 26 49 37 91 81 94 71 116 70 83 60 50 63 18 115 2 118 95 72 62 39 75 19 22 240 241
19 103 116 83 50 63 30 18 105 118 85 62 39 52 117 3 31 44 21 109 23 11 98 14 111 65 78 68 22 12 25 90 67 57 37 112 46 59 36 26 7 10 94 71 51 28 240 245
103 1 105 3 94 48 50 114 51 92 117 34 65 95 46 79 116 11 96 14 44 25 26 56 28 89 12 118 108 75 57 87 90 71 109 37 68 21 101 52 82 54 66 111 20 72 102 67 18 2 244 245
44 10 102 92 95 49 114 91 71 18 51 83 37 60 96 63 3 36 105 39 20 108 85 62 75 34 117 54 28 86 1 31 99 53 89 56 98 111 65 101 78 45 90 67 25 57 70 241 242
39 81 117 94 71 48 18 2 83 96 86 53 3 118 95 15 85 62 75 20 65 34 64 54 11 109 25 26 99 112 28 66 56 12 111 101 78 91 68 45 90 46 57 70 23 7 102 105 72 36 114 240 241
81 91 53 67 90 30 14 25 115 28 1 31 64 15 45 48 59 117 62 94 65 96 86 23 26 10 118 70 21 98 60 72 87 18 109 2 99 112 89 68 49 52 63 36 66 101 243 244
10 54 21 86 99 89 66 7 20 56 23 65 68 45 22 12 67 70 37 112 102 79 115 92 46 82 59 36 49 3 26 94 71 48 51 28 96 50 63 30 105 1 95 62 75 52 117 64 240 245
54 87 64 96 109 86 56 18 98 111 65 101 49 22 67 36 57 20 112 34 102 92 82 59 30 11 91 14 71 1 31 12 45 116 83 60 51 63 46 105 72 108 85 62 75 117 241 242
3 15 28 18 116 70 83 60 30 115 7 95 72 108 1 52 51 87 31 11 96 99 20 56 23 65 101 78 68 45 22 12 25 90 67 57 112 102 92 46 82 59 49 114 91 94 71 48 240 245
15 25 90 57 37 112 102 79 115 92 46 82 36 49 11 14 91 94 48 18 116 60 96 50 63 30 105 95 108 62 75 52 7 117 64 21 109 99 53 89 2 111 101 78 68 45 22 240 245
62 101 91 68 18 2 90 67 22 52 112 115 36 92 82 20 50 53 94 30 25 28 96 31 45 48 118 95 59 51 108 75 65 46 117 64 26 37 109 86 99 89 57 242 243
101 92 95 98 23 26 7 37 89 70 87 60 109 91 18 112 2 68 49 111 21 22 52 82 85 36 66 20 99 50 53 34 86 67 102 115 28 1 12 114 64 94 45 75 48 51 244 245
22 28 116 83 60 96 50 30 105 118 95 108 75 65 87 64 31 109 99 89 66 56 111 91 68 45 25 90 20 67 34 70 37 79 92 59 11 36 72 26 14 114 1 12 71 51 240 241
28 57 37 20 102 92 46 36 49 91 71 14 48 25 1 116 83 60 63 30 115 118 95 72 108 85 75 23 51 31 21 96 109 86 99 89 66 98 111 18 68 45 90 240 241
14 112 102 79 115 46 49 26 114 91 94 71 18 50 63 7 30 105 118 72 108 85 75 52 87 31 21 109 86 99 89 66 56 23 98 111 78 68 45 25 90 67 57 70 240 245
75 90 2 79 115 68 92 49 82 52 36 114 91 50 72 94 34 116 30 83 11 96 1 118 12 59 51 65 87 109 86 23 99 89 56 70 21 98 111 57 78 242 243
66 71 23 56 37 46 83 96 57 60 118 95 85 117 2 87 109 99 63 89 36 53 34 111 78 68 30 11 90 70 1 31 12 112 115 48 92 59 51 82 65 91 94 242 243
71 117 20 50 53 67 86 11 25 1 12 98 111 45 78 59 51 46 90 112 23 26 79 115 56 7 92 37 82 70 91 60 94 116 83 2 68 49 72 108 63 242 243
117 99 72 102 83 116 18 2 49 82 63 64 94 36 20 108 51 111 34 114 65 95 98 79 109 30 11 96 25 1 89 12 45 59 60 92 46 91 26 56 37 115 87 244 245
65 111 78 91 68 23 70 37 21 52 102 92 36 82 72 53 114 94 2 31 63 64 108 50 85 98 46 30 11 67 56 109 112 89 45 79 57 59 60 242 243
31 90 67 21 57 34 70 112 79 115 92 46 59 18 2 94 48 51 116 83 60 63 20 118 95 72 108 85 11 25 64 1 86 99 89 56 111 68 45 26 240 241
72 114 18 2 116 83 49 86 63 36 20 95 108 34 98 11 1 109 12 45 89 79 57 59 60 111 46 78 91 23 90 26 7 37 68 70 102 115 92 82 53 242 243
114 102 34 86 67 11 12 94 48 78 108 51 111 92 46 98 79 109 96 116 56 37 89 70 118 57 87 60 90 91 18 105 68 49 52 82 63 36 99 50 244 245
96 112 68 52 82 85 111 36 50 83 34 86 67 18 30 102 64 45 48 78 51 92 95 46 25 26 89 118 12 57 59 109 243 244
51 91 36 20 90 34 70 60 18 115 2 105 82 45 116 46 83 86 63 53 11 118 108 26 98 52 87 64 67 109 99 112 89 79 56 78 241 242
91 118 95 34 108 98 79 30 25 89 12 109 45 99 112 87 59 90 46 68 70 21 85 115 92 105 83 67 18 2 49 63 36 48 78 20 243 244
12 90 57 34 102 79 92 36 94 48 25 83 60 50 30 115 105 85 52 87 64 18 21 109 63 53 20 108 11 98 111 78 68 45 1 240 245
87 60 109 89 18 98 68 52 82 63 36 50 90 53 83 34 67 112 102 115 92 30 25 1 48 59 116 46 79 23 108 26 7 70 243 244
70 1 109 63 64 99 89 59 46 111 78 11 112 115 60 94 7 37 116 49 21 83 52 20 50 105 118 53 34 108 85 30 2 242 243
25 112 89 79 56 11 48 60 37 115 82 118 49 85 52 94 7 64 21 109 86 63 99 20 53 30 108 98 111 2 45 90 57 240 241
7 21 109 86 2 63 53 56 23 98 111 78 45 90 57 34 89 102 79 92 46 82 1 59 49 26 48 116 83 60 50 30 115 105 118 95 85 52 64 18 240 245
21 109 63 53 23 108 98 18 68 45 90 67 57 89 20 102 92 59 36 26 48 116 1 83 60 37 50 30 105 82 118 95 85 52 240 241
108 105 37 49 112 52 82 115 85 36 99 50 102 53 83 30 116 1 94 45 118 78 59 95 46 79 11 23 89 57 90 244 245
18 30 118 95 85 52 109 86 53 1 20 98 111 68 67 90 57 11 34 79 46 59 36 26 94 116 83 60 63 240 245
30 102 115 92 82 59 36 49 94 48 116 60 50 118 85 52 64 109 86 53 23 111 45 90 67 57 34 37 240 241
99 23 56 37 116 57 60 90 118 68 82 63 85 36 109 50 83 34 86 67 111 11 1 94 45 48 112 102 92 115 95 105 98 79 243 244
59 68 11 90 45 79 115 48 94 23 26 56 37 83 60 57 105 118 85 49 109 86 52 36 98 53 78 241 242
68 83 105 118 85 98 23 26 37 57 109 79 2 111 78 36 90 20 50 53 34 112 102 115 92 82 94 48 242 243
46 98 111 11 26 67 57 45 102 115 82 49 94 116 60 50 63 118 95 85 52 64 1 36 109 86 20 34 241 242
98 111 23 26 37 85 57 102 115 53 86 2 49 116 52 82 64 50 34 95 67 11 1 45 112 60 243 244
60 49 52 36 20 50 34 89 79 11 45 48 102 115 92 105 23 26 56 116 57 83 63 118 85 2 242 243
111 95 79 56 37 115 57 90 2 116 82 63 36 50 53 83 34 86 52 11 1 64 94 45 48 244 245
57 1 64 48 86 89 23 56 90 67 102 79 115 92 2 94 52 36 50 63 34 118 95 85 241 242
90 48 112 23 26 56 89 102 92 52 94 82 20 116 53 83 34 86 67 118 11 243 244
105 118 2 49 52 82 63 64 94 20 53 34 95 109 79 11 1 89 45 92 112 115 23 37 85 116 86 244 245
26 109 86 56 11 78 1 45 67 34 37 112 102 115 92 23 36 49 94 48 116 83 50 118 2 95 64 20 240 241
92 11 1 45 102 79 37 89 116 95 2 49 52 82 63 85 36 20 50 53 83 243 244
102 116 64 48 78 95 118 79 23 56 37 89 2 49 52 82 85 36 20 53 34 86 244 245
116 49 52 85 36 115 53 83 86 67 11 118 1 64 94 48 78 95 79 109 112 23 89 244 245
11 112 79 56 36 94 48 83 37 82 118 95 85 52 64 109 86 63 53 1 78 67 34 240 245
112 1 64 45 48 78 79 56 37 89 85 86 2 118 52 82 36 20 50 83 34 95 67 244 245
94 20 50 53 48 78 118 23 95 56 109 2 49 63 243 244
23 86 53 89 56 45 67 34 2 49 48 83 115 95 85 52 1 64 240 241
86 56 118 95 49 52 63 20 50 53 83 34 67 89 1 45 48 79 243 244
64 82 2 49 52 63 36 50 83 53 85 45 48 89 78 56 37 242 243
95 2 49 52 82 36 20 50 53 45 48 78 118 109 243 244
1 67 34 37 115 82 36 49 48 83 20 118 52 109 53 89 78 2 240 245
67 45 48 50 83 56 37 85 89 52 63 78 36 20 53 34 79 115 82 242 243
78 56 37 115 82 83 49 118 85 63 36 20 50 53 109 45 48 242 243
45 115 82 2 85 36 20 109 89 56 241 242
109 56 37 89 2 85 50 53 83 34 118 48 244 245
56 89 37 2 79 115 82 49 52 36 20 50 34 118 48 241 242
48 20 34 115 82 49 83 50 63 53 118 2 241 242
85 49 52 82 63 50 53 83 34 89 79 37 243 244
49 83 50 118 52 53 89 2 79 82 241 242
118 52 82 63 115 20 50 53 34 79 89 244 245
20 83 50 63 52 2 89 37 115 82 36 240 241
115 63 79 89 52 82 36 50 53 83 34 244 245
36 83 53 37 82 34 240 241
34 83 63 89 2 37 79 82 240 241
50 83 63 52 53 37 79 82 241 242
2 52 63 53 37 89 82 83 240 245
63 53 89 79 82 242 243
83 82 53 79 89 37 243 244
79 82 37 89 242 243
53 89 82 241 242
52 82 37 241 242
89 37 243 244
37 82 240 241
82 243 244
163 230 207 184 197 164 143 124 239 146 229 127 157 206 130 196 160 209 141 199 176 166 128 158 231 161 221 198 175 188 220 138 210 223 122 190 125 167 155 136 139 142 222 123 153 212 126 202 156 179 137 159 169 234 224 237 214 191 168 181 150 236 213 226 203 170 183 129 121 132 135 238 215 205 172 133 185 227 217 241 242
230 135 238 165 195 196 147 226 177 207 149 180 210 161 133 213 194 227 178 208 211 225 143 188 232 130 160 190 141 142 221 172 202 175 126 128 158 159 231 219 191 192 234 222 173 206 220 138 233 223 204 125 155 136 139 120 151 153 184 137 198 140 228 171 154 185 215 229 150 236 131 134 239 145 146 176 129 181 244 245
136 213 190 203 157 193 170 147 137 225 202 238 215 131 192 182 195 149 162 139 129 121 132 204 217 171 207 184 174 151 239 229 183 219 140 218 124 231 208 185 127 198 175 130 152 188 165 142 155 197 233 210 187 200 177 154 167 232 222 176 212 166 179 169 125 221 234 224 120 214 191 168 145 126 158 148 223 240 245
213 188 139 120 142 172 123 202 126 137 159 220 189 140 170 201 154 185 229 187 219 150 131 134 231 167 221 148 234 129 121 162 184 135 165 195 196 198 179 223 152 133 212 197 199 211 222 225 143 124 127 157 209 141 237 214 144 174 177 207 158 210 161 191 192 226 239 216 206 178 208 238 215 122 228 218 243 244
155 226 203 180 149 170 183 160 133 225 215 205 182 159 195 172 237 124 204 146 217 127 194 207 130 184 197 174 144 229 219 196 209 186 176 218 231 208 221 198 175 122 188 178 139 233 142 210 223 153 200 177 126 190 167 140 235 166 179 234 150 211 131 224 134 214 145 168 181 158 148 171 129 151 236 135 240 241
226 227 139 169 120 142 221 172 123 202 153 183 175 205 137 159 140 229 170 232 173 203 187 220 204 150 134 164 145 167 121 200 151 181 233 132 162 184 165 217 168 198 149 201 182 133 212 235 166 218 199 237 124 146 176 157 130 141 193 144 174 236 177 207 239 191 194 224 197 178 228 211 225 122 125 244 245
196 227 124 197 146 176 127 157 130 160 229 193 144 219 232 177 128 199 180 191 194 231 221 198 211 138 125 233 210 223 200 188 139 169 120 172 153 183 175 126 156 186 137 222 159 189 140 225 192 234 201 237 214 150 164 145 167 236 148 129 121 203 239 162 184 206 135 195 168 179 238 182 228 185 218 242 243
227 177 128 207 158 180 210 161 191 192 224 178 208 211 223 125 139 232 169 120 142 221 123 153 175 126 205 156 189 140 219 222 173 203 154 206 187 220 233 204 150 131 167 148 121 200 151 132 162 135 165 195 168 179 171 201 152 182 234 133 212 215 166 197 216 143 124 239 146 176 160 190 141 193 238 244 245
156 191 204 181 171 150 236 203 180 216 193 170 183 160 148 129 121 151 132 238 135 192 205 182 149 152 162 217 207 184 161 174 239 143 229 206 127 219 173 186 144 147 218 231 208 198 175 220 210 187 223 122 190 125 157 232 139 222 120 199 235 142 212 123 189 153 166 179 126 137 169 140 211 224 154 214 240 241
191 186 137 237 140 173 217 154 207 197 239 229 219 145 167 148 129 151 218 231 135 208 165 198 168 171 152 182 133 185 166 220 233 210 223 200 143 124 222 146 127 212 157 202 160 190 141 174 177 128 224 201 180 161 204 178 236 138 216 193 122 125 225 188 139 238 142 123 195 183 126 242 243
175 204 181 152 166 236 216 193 206 146 238 215 127 157 228 182 195 141 185 144 174 217 161 194 207 184 197 239 138 232 209 122 186 199 176 125 139 231 142 208 126 188 178 159 140 170 220 210 223 177 180 150 131 235 134 212 189 225 145 179 167 192 132 234 135 165 224 201 214 168 149 241 242
204 126 235 225 173 203 187 234 224 237 214 122 236 139 121 200 151 216 123 153 184 168 140 171 238 201 215 182 228 205 218 166 199 150 217 134 146 176 148 129 130 239 132 229 162 206 219 135 165 195 147 177 180 133 194 178 211 143 210 223 127 157 188 160 190 141 172 202 144 174 232 243 244
148 187 200 123 177 154 167 126 137 232 140 222 199 212 166 202 179 234 211 131 214 134 168 181 145 129 121 223 203 180 193 160 150 235 225 215 228 182 195 172 149 237 143 217 146 171 127 207 184 174 151 141 164 144 216 229 128 209 186 153 218 185 221 138 198 188 165 125 220 233 120 240 241
187 121 151 181 132 162 184 135 234 165 168 180 152 182 166 203 216 193 143 124 146 225 176 127 238 157 215 192 228 130 205 195 177 237 128 159 217 207 197 178 229 138 206 219 122 209 169 120 218 142 123 208 221 183 198 126 186 188 137 140 171 220 185 233 190 150 232 222 134 145 189 167 242 243
149 152 188 197 233 210 138 177 157 125 139 199 235 120 212 142 166 202 123 179 169 140 234 211 224 201 178 214 168 181 158 171 236 131 180 216 193 134 170 183 145 150 121 225 238 215 182 159 162 217 194 207 184 174 164 143 219 146 127 173 209 186 176 153 144 218 147 231 128 185 221 198 240 241
152 198 133 165 233 223 200 177 154 190 167 143 157 124 125 232 127 199 212 189 142 202 179 192 126 234 140 224 168 181 158 171 236 138 150 203 180 216 170 134 160 139 120 121 178 225 151 238 123 215 228 182 137 172 207 184 161 197 174 239 131 206 209 186 129 130 176 166 231 147 208 240 241
208 238 185 199 217 124 146 127 157 160 190 141 193 229 174 219 128 209 158 180 161 231 178 221 138 122 125 220 233 188 223 169 120 142 172 123 202 153 183 205 232 137 140 235 170 212 192 173 203 154 206 234 224 237 131 167 236 129 151 181 132 162 216 184 135 198 179 201 225 243 244
238 138 225 125 239 188 139 169 120 142 221 153 183 126 235 186 137 189 192 222 203 154 206 220 223 237 134 164 129 121 200 184 135 195 168 228 179 171 201 231 133 215 166 218 232 216 143 146 176 127 157 130 209 160 190 147 177 207 158 180 210 161 194 197 178 244 245
128 129 217 194 207 184 161 141 131 216 229 173 209 186 140 176 153 130 143 231 122 221 198 188 165 142 132 123 126 200 154 167 157 134 232 199 212 189 166 202 179 169 146 201 178 214 168 121 145 181 223 180 170 147 160 137 150 235 225 215 192 205 182 159 195 172 162 124 139 127 240 245
129 200 177 154 131 144 232 209 222 199 189 143 179 133 146 125 221 234 211 201 178 168 123 145 181 135 223 236 190 157 193 170 147 160 137 235 225 202 215 192 169 182 172 194 171 184 138 141 216 229 183 173 150 186 140 195 231 124 185 162 198 165 132 220 197 240 245
120 125 223 236 203 180 157 170 147 124 160 235 127 225 202 169 205 159 172 126 207 184 161 138 174 151 141 239 216 229 183 173 186 140 153 130 143 218 185 198 122 233 210 164 200 177 154 131 167 144 134 232 209 199 176 189 133 146 123 234 224 178 168 181 158 135 240 245
125 216 193 123 147 183 160 150 127 225 215 192 228 172 162 217 207 184 161 197 174 151 164 141 121 229 140 176 130 143 133 198 165 142 178 145 220 210 223 154 190 167 134 232 222 199 189 166 202 169 146 159 234 126 211 201 214 181 158 122 135 171 236 240 245
126 168 181 171 203 193 170 160 122 137 127 225 215 228 205 182 195 139 237 194 207 184 151 164 239 131 229 206 219 173 186 176 153 166 143 218 231 221 198 211 188 165 142 220 223 154 190 167 157 134 232 222 124 235 212 202 169 146 159 224 214 240 245
168 137 159 140 233 210 154 223 177 190 232 222 131 235 212 202 179 234 132 162 224 135 201 237 165 214 181 171 133 236 203 180 216 170 183 215 146 228 127 205 157 195 130 172 141 147 158 194 207 161 184 197 174 239 209 199 122 176 221 198 153 241 242
137 214 145 122 158 223 236 190 203 180 123 193 160 235 225 205 182 159 172 162 237 131 217 207 134 184 161 138 141 121 239 216 229 206 135 173 186 140 176 153 133 143 228 221 198 124 197 233 210 127 164 200 130 167 144 232 222 199 212 169 146 234 240 245
214 189 140 220 233 192 173 203 223 154 206 222 150 235 131 134 164 167 200 151 181 132 162 224 237 184 135 179 171 201 133 212 236 185 216 199 143 215 145 146 176 218 157 130 141 193 174 147 217 161 194 239 229 219 138 122 124 221 142 172 202 153 183 186 243 244
178 215 228 182 170 185 154 166 217 194 184 197 134 164 145 176 229 206 219 209 186 199 147 177 161 133 221 211 188 220 233 223 200 124 127 232 141 142 222 172 235 212 174 189 158 159 140 173 234 201 237 150 122 236 180 193 139 183 121 151 123 225 241 242
215 211 221 138 122 220 233 188 139 223 142 172 123 153 205 186 170 222 235 173 203 206 234 150 237 131 134 164 121 200 236 132 184 135 165 195 198 171 212 218 143 217 146 127 157 130 209 160 141 193 239 174 229 147 177 219 232 161 194 243 244
197 228 160 205 132 218 162 147 177 179 180 161 217 194 220 229 219 232 209 124 199 127 157 188 141 142 231 221 159 201 189 170 173 223 200 138 150 122 134 212 167 225 202 169 121 151 181 184 135 165 195 224 237 166 236 203 239 216 164 145 146 242 243
228 138 233 124 127 157 188 169 141 232 221 123 153 183 235 205 186 159 140 219 192 222 203 154 237 220 223 150 122 134 164 121 151 181 135 195 217 198 179 171 201 133 212 185 166 218 199 145 176 209 160 132 162 193 174 147 177 207 210 161 231 194 224 244 245
170 211 201 171 142 223 203 180 159 216 193 154 192 205 182 150 131 237 164 145 167 217 207 121 184 151 132 162 135 165 239 133 173 186 166 176 218 231 185 198 143 124 146 127 157 130 233 210 144 147 190 158 161 222 199 235 212 189 202 179 234 241 242
211 201 182 154 218 199 150 131 134 145 146 151 132 162 229 135 165 147 232 177 207 194 166 231 221 124 220 233 176 127 157 188 130 160 190 141 142 202 144 174 205 158 222 159 212 161 192 173 203 206 234 224 138 237 139 236 169 121 200 123 183 184 186 243 244
189 224 150 131 164 145 236 203 121 216 193 181 132 206 162 184 135 165 179 171 182 133 218 217 194 207 124 146 130 160 141 219 174 209 147 177 199 158 180 161 221 138 122 210 223 200 139 169 142 153 232 222 186 235 212 225 140 202 192 173 154 185 234 242 243
224 140 192 173 203 154 206 220 223 150 134 239 164 145 229 121 200 162 184 195 179 171 201 182 212 185 166 218 199 233 216 146 176 127 157 232 209 160 190 141 193 144 174 207 158 180 210 161 194 237 236 169 172 123 202 153 205 186 159 244 245
188 179 182 133 203 216 185 193 166 205 218 195 146 176 157 160 141 174 158 180 161 239 229 219 209 199 138 231 124 221 198 142 172 153 183 186 233 210 223 200 190 232 222 235 212 150 192 131 134 164 234 201 151 181 132 162 184 165 242 243
181 220 223 159 190 154 222 199 202 150 131 164 145 167 201 121 165 236 203 216 133 183 225 192 205 182 195 143 146 176 237 157 130 160 217 207 144 184 147 177 158 180 239 229 206 219 209 186 231 122 185 198 139 142 172 123 153 242 243
220 162 195 198 182 133 237 185 166 199 216 143 124 146 176 209 190 193 144 174 207 158 180 161 192 194 239 229 139 169 142 172 123 202 183 205 186 217 231 159 219 221 201 203 154 206 218 233 223 131 134 167 121 235 200 151 244 245
160 164 239 206 139 219 173 209 186 123 153 159 218 140 231 185 221 198 154 233 150 131 167 145 121 151 199 166 202 179 169 133 234 201 171 236 143 124 203 180 216 157 183 144 158 205 195 172 237 217 207 138 184 241 242
161 162 141 237 144 147 217 194 159 174 206 219 173 209 138 122 218 231 139 221 142 123 165 210 223 200 177 167 232 222 199 235 150 131 202 179 169 151 132 201 135 171 203 180 216 193 183 143 192 124 195 172 185 241 242
162 210 164 200 167 138 209 222 199 212 124 179 139 142 123 201 154 223 190 203 180 193 150 131 134 145 205 182 195 121 172 132 135 237 217 194 171 184 133 239 216 183 219 186 143 130 231 141 221 198 144 165 147 158 241 242
193 194 207 139 169 239 142 172 229 153 206 209 140 173 154 231 221 198 150 134 164 233 145 210 167 200 151 135 232 222 199 235 212 133 185 166 234 201 143 146 127 236 130 190 141 174 177 180 218 195 138 217 122 242 243
194 144 147 158 180 192 239 206 219 209 199 139 169 142 172 123 183 221 198 186 159 140 171 233 210 131 134 164 145 235 212 167 225 202 121 151 132 184 135 165 234 201 237 179 133 236 203 216 143 176 127 157 130 141 218 242 243
139 223 180 183 138 225 192 122 205 182 195 123 217 207 184 174 151 229 206 209 140 176 143 131 218 185 221 198 165 142 145 200 177 133 154 167 157 232 222 235 166 202 179 169 124 127 234 130 201 158 171 240 245
223 169 121 200 151 225 153 183 184 165 217 198 234 201 182 212 237 154 185 166 239 134 164 146 176 207 180 133 143 229 124 127 157 190 142 174 158 159 192 222 173 206 122 244 245
159 201 237 171 138 236 122 216 206 173 121 151 123 153 135 205 218 185 217 207 174 164 131 134 146 219 232 186 130 176 132 231 221 133 233 210 200 177 190 167 180 157 222 235 141 212 142 225 202 179 192 234 240 241
201 140 173 154 233 150 131 145 222 235 225 121 200 132 184 165 198 179 182 133 185 199 236 203 239 216 206 146 176 127 130 205 144 218 177 158 192 138 229 122 219 172 123 153 183 231 221 243 244
150 232 222 199 212 122 166 179 169 234 142 140 236 180 216 183 205 182 172 132 237 217 207 184 133 174 229 206 219 209 176 143 145 146 127 218 231 130 185 147 233 200 154 190 167 157 240 241
232 131 216 145 167 151 184 135 165 195 198 180 210 133 212 229 235 143 124 176 127 157 130 209 234 221 144 237 205 177 207 158 236 122 169 200 202 153 183 140 171 173 203 154 185 218 244 245
130 174 164 141 131 229 206 219 124 173 127 140 176 143 133 218 231 185 198 142 132 145 200 154 167 144 157 222 199 235 212 166 169 146 234 158 135 171 138 180 216 183 121 192 205 182 195 172 237 217 240 245
174 217 141 184 158 239 216 229 206 219 209 186 138 218 198 169 142 172 123 233 210 177 190 173 154 199 235 202 234 134 164 167 121 151 132 135 165 236 203 180 183 166 225 205 124 237 127 157 241 242
123 135 138 236 190 203 180 147 235 127 121 205 237 171 207 184 164 141 239 131 206 209 186 140 153 218 231 185 221 142 132 145 210 177 154 144 157 134 124 222 199 166 202 179 133 169 234 240 245
135 200 177 190 144 157 222 199 235 212 166 202 179 131 234 132 171 138 236 203 133 216 147 225 205 195 124 127 217 184 151 164 141 239 229 206 219 173 209 186 143 218 122 185 142 240 245
182 221 138 122 210 200 169 142 172 153 222 199 212 202 140 173 154 234 134 164 236 145 203 216 151 183 132 165 225 171 166 237 217 184 143 146 176 239 229 141 219 209 144 147 177 180 218 231 242 243
221 133 185 166 199 239 131 143 146 157 209 190 144 147 177 207 158 180 210 229 138 122 124 231 142 172 202 153 183 205 186 233 203 154 164 167 132 165 195 179 171 244 245
217 147 177 158 180 210 233 222 235 122 225 169 202 153 237 183 205 186 140 192 154 206 131 164 167 121 200 132 165 195 198 171 133 185 166 219 143 176 127 231 209 190 141 243 244
134 144 157 222 235 212 202 132 179 169 158 171 138 236 180 216 124 147 183 127 192 205 195 172 207 184 151 164 141 239 122 206 173 186 153 143 185 198 165 142 145 233 210 154 190 167 240 245
144 184 151 121 164 132 229 206 219 173 186 176 133 153 218 185 198 165 124 233 210 200 177 141 154 190 167 157 222 235 166 202 179 138 122 158 171 236 142 203 180 216 147 140 225 192 195 172 237 131 240 241
140 158 171 236 203 180 216 147 225 192 205 195 172 237 207 151 164 141 121 239 206 219 173 209 186 143 231 185 165 131 145 177 154 222 199 235 166 179 169 146 240 241
186 146 203 216 141 147 177 158 180 192 205 237 138 122 207 239 169 142 219 183 209 173 218 198 233 164 210 145 200 190 151 132 184 222 235 179 171 202 133 185 234 242 243
237 219 192 203 236 122 202 153 183 239 198 171 231 234 185 218 199 131 145 121 209 132 177 179 133 212 166 225 143 124 146 176 127 157 190 172 205 235 207 244 245
133 185 165 142 233 210 200 154 132 166 179 169 146 234 145 158 124 138 127 203 183 225 192 205 195 172 207 151 141 239 216 229 219 173 176 153 143 231 240 245
185 231 233 210 124 157 142 172 212 202 158 192 173 234 138 122 236 167 169 206 151 184 171 195 166 207 131 164 145 146 176 229 132 209 165 199 177 242 243
151 233 141 154 167 235 212 166 202 234 138 122 158 171 236 180 216 183 225 192 205 195 131 145 207 121 132 239 229 219 173 209 176 153 218 231 198 143 124 240 241
233 132 234 165 179 171 231 212 166 236 218 199 229 216 145 176 157 209 190 147 177 158 180 239 225 124 169 172 202 183 205 219 222 173 203 206 131 235 164 167 244 245
198 166 210 200 143 124 127 199 212 190 147 234 180 236 216 122 225 169 172 153 205 183 192 173 207 239 131 229 206 219 164 167 165 195 179 171 242 243
143 229 206 173 209 153 231 141 210 200 177 154 167 212 166 122 202 124 146 145 158 236 190 203 183 235 225 192 195 172 121 132 171 184 239 216 240 241
229 176 127 231 141 147 177 207 225 235 122 142 172 202 153 205 219 192 222 173 154 131 164 145 167 121 200 171 212 166 239 199 216 244 245
207 147 177 158 219 209 138 122 124 218 142 172 202 153 210 192 203 154 206 212 234 121 200 184 165 195 171 216 199 225 146 127 141 243 244
190 167 239 153 184 206 219 171 166 218 231 146 176 132 147 177 222 199 180 212 202 234 127 157 236 169 141 142 203 172 216 158 225 154 192 195 138 122 164 242 243
203 172 202 153 183 236 154 216 225 205 218 164 145 200 132 165 171 166 206 209 146 127 157 141 147 177 180 222 235 138 122 243 244
121 210 177 154 167 124 199 235 212 202 179 169 234 158 138 236 180 216 147 183 225 192 205 195 184 141 239 206 219 209 176 166 218 231 165 142 240 245
210 200 184 165 195 179 171 239 166 219 124 231 127 157 141 147 177 158 222 138 235 212 122 234 142 172 202 153 183 205 236 154 206 164 218 145 167 243 244
167 177 145 132 222 235 165 212 202 192 169 234 166 171 124 127 216 183 225 147 158 195 172 138 184 239 206 173 209 153 176 131 241 242
177 239 219 209 166 218 231 146 176 127 141 200 147 199 212 179 138 169 142 172 236 180 216 183 225 205 195 164 241 242
179 131 132 165 199 212 202 166 234 124 236 146 127 157 180 141 183 147 158 192 205 195 184 239 216 206 142 219 172 153 209 218 173 154 241 242
231 166 199 124 127 157 209 147 158 180 234 138 225 122 239 169 142 202 153 183 219 173 154 131 164 145 200 132 184 165 195 171 244 245
169 236 180 131 164 192 205 195 132 184 166 216 206 173 209 176 145 146 157 218 141 147 200 138 122 199 235 124 212 202 153 154 241 242
205 138 236 122 142 172 202 153 183 218 131 164 145 200 132 184 195 199 124 146 176 127 157 222 235 212 225 147 180 243 244
200 132 184 165 171 212 225 234 124 176 157 236 141 147 158 180 218 138 142 172 153 183 219 209 192 173 154 131 164 145 243 244
141 239 206 183 173 218 165 122 164 209 222 212 166 234 131 145 158 236 132 180 157 147 235 225 195 171 240 241
216 127 157 172 158 173 154 206 138 164 235 225 153 165 195 212 166 131 145 176 209 147 180 243 244
138 235 225 192 195 172 164 239 206 219 173 209 218 142 131 157 222 212 132 202 146 234 145 158 124 147 183 240 245
235 122 164 153 195 234 166 218 199 145 146 176 239 209 132 225 124 127 157 142 172 158 192 222 173 154 244 245
122 147 127 225 192 195 172 184 239 183 173 218 165 132 164 124 209 222 199 212 166 202 146 234 145 158 240 245
147 184 164 239 206 219 209 166 165 154 132 157 222 199 212 234 158 171 146 127 236 180 183 173 218 172 240 241
222 234 131 164 145 132 184 165 195 171 218 199 124 146 127 209 158 180 142 172 153 219 173 154 225 244 245
234 173 132 184 165 171 212 218 236 124 239 176 158 180 225 142 172 202 153 219 244 245
145 212 166 146 131 158 132 236 180 225 192 172 171 239 206 183 219 173 153 195 165 164 240 241
131 127 212 166 146 236 180 157 124 225 202 192 172 171 184 239 206 183 219 153 165 132 164 240 245
132 164 154 209 202 146 124 158 225 192 195 172 171 206 219 173 176 153 218 142 240 245
206 124 146 176 127 157 158 236 192 239 218 202 153 183 184 171 165 195 180 199 212 243 244
184 158 212 202 153 236 218 195 164 219 199 146 157 242 243
180 172 239 171 219 154 209 164 165 192 146 127 157 242 243
157 239 183 176 127 209 212 158 236 124 153 225 202 192 195 172 154 240 241
173 146 127 142 236 158 183 218 195 172 171 219 154 199 176 164 165 212 166 202 192 241 242
165 199 212 124 202 146 171 183 192 195 142 153 154 239 219 209 176 164 218 241 242
176 239 219 209 146 127 158 199 212 202 142 172 153 236 164 225 192 195 171 241 242
239 192 225 142 172 202 183 219 236 164 212 166 199 244 245
219 124 127 209 158 142 153 183 192 154 164 195 225 166 199 243 244
166 164 212 127 142 236 183 225 192 195 172 153 154 241 242
158 171 154 218 164 209 202 124 127 183 225 192 142 240 241
218 146 142 192 236 172 202 153 171 154 199 164 195 243 244
236 172 202 153 192 164 195 124 146 127 209 225 244 245
164 212 202 127 142 153 195 209 146 241 242
195 124 199 142 183 192 171 146 209 242 243
124 183 142 154 209 146 127 225 202 172 171 240 245
192 153 183 171 154 209 199 146 127 172 212 242 243
154 225 146 172 127 209 153 199 212 240 241
127 153 202 146 225 171 240 245
171 212 225 153 183 146 209 199 241 242
225 142 172 202 199 212 244 245
199 212 146 142 172 153 183 242 243
183 142 172 153 146 209 202 242 243
146 142 240 241
212 209 153 243 244
153 142 202 240 241
172 209 241 242
209 202 243 244
142 240 241
202 243 244
240
241
242
243
244
245
