#/usr/local/lib/python3.10/dist-packages/colab_kernel_launcher.py -f /root/.local/share/jupyter/runtime/kernel-2119b688-3f38-4b5a-b3d6-e140ef2e0719.json
# GMT Fri May 24 11:30:13 2024
# 
132 268 160 9 215 228 164 285 18 219 274 22 157 199 267 95 148 258 271 40 70 192 205 123 104 249 141 262 185 53 83 253 113 266 242 255 47 257 178 193 96 56 60 250 239 5 173 16 175 39 296 188 20 177 84 127 223 236 291 57 91 6 115 66 220 233 130 156 64 15 94 45 158 279 292 613 614
268 83 98 177 117 47 162 13 296 37 171 90 287 105 218 35 229 133 14 148 129 282 295 271 78 212 286 157 187 136 85 219 36 115 249 270 100 130 175 75 79 256 73 207 267 152 22 265 82 216 167 246 63 86 67 146 131 1 31 61 255 65 140 170 89 40 238 168 119 68 202 232 183 102 621 622
16 93 148 82 150 42 1 12 218 18 273 220 20 33 209 22 143 35 279 81 17 138 30 72 85 9 261 87 129 63 210 131 265 254 267 188 122 243 135 190 245 58 247 60 181 194 115 236 128 183 238 119 189 288 180 2 235 6 224 171 292 184 118 175 96 177 98 219 232 113 170 291 91 146 608 623
93 208 221 20 142 157 44 199 48 59 214 258 141 262 196 209 130 251 36 81 253 145 266 134 189 75 204 125 180 301 54 182 195 58 88 118 252 22 254 243 1 31 42 247 168 181 170 104 55 293 227 161 282 19 176 97 110 83 178 154 101 28 114 235 169 211 92 77 26 281 37 294 90 164 611 612
76 107 120 254 175 70 21 230 166 234 0 102 115 104 28 119 240 161 282 216 108 176 231 152 99 220 112 288 235 5 35 213 105 160 81 94 44 96 206 98 140 4 155 27 265 78 280 55 256 269 30 192 84 139 194 45 196 130 43 145 79 58 189 136 191 301 195 1 42 171 118 239 252 65 294 611 612
107 27 130 264 91 185 2 6 134 244 30 138 15 75 180 114 127 182 116 184 73 24 131 296 188 109 230 101 52 82 190 124 245 168 289 12 183 46 159 240 10 70 21 74 110 231 68 112 233 169 158 28 213 51 160 81 13 215 162 56 272 206 60 71 208 276 39 133 146 135 78 137 139 273 612 613
26 286 86 275 167 209 145 279 213 7 149 83 85 140 195 252 199 80 135 258 192 126 139 260 73 194 2 62 183 264 64 121 55 15 244 246 180 193 48 61 303 63 105 226 52 65 22 120 241 162 230 122 298 98 12 45 287 234 34 47 168 302 102 36 291 10 27 40 282 95 284 97 152 273 608 609
286 258 60 273 254 124 297 248 207 237 188 39 118 301 122 182 133 163 14 44 290 303 167 246 97 292 161 294 142 4 27 57 298 110 91 234 36 115 66 17 283 243 15 94 147 128 158 9 256 24 18 33 135 165 150 80 274 46 125 227 129 208 206 49 0 72 285 83 196 47 32 145 96 622 623
259 265 19 183 28 302 126 190 220 250 101 86 146 5 169 80 20 233 144 288 227 178 129 25 303 78 108 59 153 4 138 283 57 298 215 6 36 249 66 17 291 164 243 224 96 280 45 258 75 139 222 73 237 273 58 103 264 235 186 82 33 48 266 112 142 1 255 270 106 46 170 174 70 204 234 620 621
265 302 178 10 40 21 257 74 134 187 68 19 262 0 151 102 299 136 288 303 194 145 7 220 71 283 296 124 35 298 39 118 233 50 44 167 97 231 261 29 131 236 4 282 27 251 185 55 85 219 200 277 168 100 179 258 147 98 79 43 207 274 126 52 3 33 267 146 1 195 114 620 621
218 227 284 184 199 20 50 262 275 178 208 48 108 142 206 157 257 270 151 140 91 170 215 166 263 55 6 119 209 245 300 73 137 18 238 293 201 101 186 165 116 146 242 131 210 231 214 61 12 42 299 288 189 159 303 21 226 74 68 183 230 298 147 177 196 221 9 276 81 111 156 280 171 618 619
227 289 278 69 44 25 282 48 212 271 273 262 275 57 8 264 140 6 219 17 119 257 30 272 94 45 75 147 98 79 109 222 73 24 54 156 254 18 141 216 67 300 150 31 95 293 208 159 89 21 172 244 217 0 288 301 235 113 239 51 281 92 226 164 41 71 287 143 105 184 5 618 619
138 204 217 151 68 19 0 219 113 98 128 276 9 144 278 269 56 7 192 116 260 80 99 143 114 145 200 48 29 202 123 4 180 301 57 87 38 195 197 239 6 17 241 296 188 96 177 298 45 166 60 118 159 293 103 295 33 67 165 131 112 233 1 31 12 235 224 110 279 171 292 281 614 615
204 68 239 83 28 192 9 51 13 92 126 96 247 190 7 37 249 90 71 165 293 240 50 178 78 29 59 301 112 290 27 106 8 87 151 91 230 179 274 30 164 145 208 276 64 15 45 210 158 212 173 267 73 269 216 77 88 18 101 82 63 86 146 12 176 46 193 89 70 206 119 261 617 618
83 202 215 162 34 96 219 195 155 276 131 278 7 41 269 39 126 20 141 44 196 130 59 240 253 200 176 123 244 27 136 257 8 178 180 2 127 169 303 66 237 129 184 239 252 173 241 298 100 289 181 58 22 82 280 172 67 97 110 65 167 288 222 40 21 156 103 279 226 611 612
157 217 148 44 219 166 287 208 48 221 23 212 27 280 87 38 201 102 269 282 203 2 136 6 115 94 45 211 266 124 202 73 118 122 152 103 133 248 261 22 33 63 239 186 12 254 188 21 104 168 100 183 0 172 34 161 229 47 284 233 288 290 158 213 5 150 39 69 20 162 283 615 616
217 19 274 200 51 81 160 111 13 280 164 194 145 175 209 41 120 271 5 35 264 182 14 186 97 29 112 214 42 27 106 87 261 140 250 263 115 130 30 15 300 147 234 236 73 238 77 58 88 240 190 37 171 22 284 297 116 67 146 299 169 150 80 114 95 290 224 208 25 159 226 281 618 619
102 281 14 283 78 272 219 57 278 91 199 280 201 269 205 45 141 262 209 54 253 58 88 134 18 189 3 246 86 114 261 303 1 31 42 116 237 184 95 131 173 186 190 287 247 72 53 34 236 291 183 119 282 295 284 297 7 110 165 299 41 71 275 167 169 211 224 39 279 292 612 613
281 185 51 264 92 145 175 7 228 60 139 41 173 203 184 35 267 20 152 133 84 14 44 186 167 97 48 78 280 112 191 195 106 38 174 253 6 303 238 292 179 202 232 177 128 109 162 241 43 54 300 239 269 141 201 52 82 33 254 67 1 61 144 197 89 40 212 242 236 187 621 622
50 91 104 51 6 17 161 95 30 163 152 15 273 86 88 101 145 213 81 22 33 193 85 206 140 153 74 1 208 12 129 263 78 199 254 146 80 69 245 0 260 181 183 117 77 253 53 174 134 176 123 257 57 178 191 246 180 35 303 250 173 44 54 48 164 56 177 219 232 221 168 170 609 610
91 118 254 14 25 175 109 122 243 298 74 100 236 53 225 280 295 51 32 229 163 176 30 110 275 167 156 169 290 211 103 224 158 213 226 270 283 3 219 276 197 87 278 6 135 85 203 150 126 49 196 130 251 143 9 43 77 123 257 37 125 246 35 116 237 250 20 611 612
14 168 236 12 278 38 106 10 163 231 165 220 154 22 143 264 277 24 145 279 92 213 160 15 272 85 261 74 195 87 197 23 144 199 254 25 267 67 122 135 137 58 126 260 128 75 64 77 240 53 66 6 134 189 11 248 182 303 237 39 162 164 56 177 111 232 300 155 47 608 623
168 193 182 142 197 186 27 87 254 175 298 155 55 179 300 181 302 164 64 15 45 293 143 174 229 242 162 176 244 126 88 180 141 22 222 169 67 292 150 31 12 221 123 212 214 269 136 166 203 216 258 32 62 207 209 139 90 41 198 211 154 200 35 255 99 191 163 615 616
41 271 27 231 86 207 167 222 36 156 277 211 224 279 79 213 72 219 261 197 89 210 78 22 3 33 267 188 190 82 137 258 31 205 73 249 262 117 187 121 242 255 0 299 125 59 193 127 248 61 182 237 250 171 184 118 228 120 175 122 285 47 236 25 238 280 282 295 4 609 610
271 165 116 146 35 248 80 252 20 263 129 299 288 301 153 134 23 236 68 270 72 151 2 283 296 249 200 230 51 11 96 289 75 209 90 291 222 124 293 24 54 39 122 167 275 131 210 112 244 61 12 257 232 34 177 158 211 162 9 73 245 92 226 77 58 239 141 220 201 101 621 622
160 222 34 235 113 169 290 224 213 226 32 215 96 219 120 274 105 263 35 276 118 33 48 78 108 192 112 194 275 87 251 140 211 21 115 255 244 191 0 45 261 147 303 9 186 58 137 254 175 22 82 298 300 289 302 80 61 170 291 172 159 240 70 282 123 19 220 49 167 38 615 616
222 111 92 194 231 299 60 139 233 288 124 105 184 290 237 99 239 108 131 232 112 142 106 87 38 291 170 225 6 85 115 198 179 11 183 277 181 73 54 266 126 201 272 146 199 180 263 65 46 125 252 254 10 40 70 104 245 206 49 221 302 151 53 249 117 238 28 200 618 619
201 260 1 80 61 195 42 114 129 10 21 153 104 49 34 250 51 81 111 13 241 96 254 190 37 245 20 249 122 238 152 240 108 297 131 142 299 220 8 87 38 288 277 185 174 155 6 213 198 179 270 183 15 94 45 75 219 177 79 109 210 223 278 141 101 186 63 165 116 617 618
260 82 165 67 146 169 80 244 42 114 144 46 129 159 193 223 263 70 21 242 104 187 68 221 53 185 136 215 9 302 200 81 245 62 145 7 90 254 71 124 35 20 122 103 216 167 292 59 131 191 142 283 225 176 285 298 110 300 174 289 55 219 179 280 213 15 77 264 190 141 620 621
27 175 122 56 300 234 34 236 170 291 38 159 293 106 8 53 295 95 216 163 297 2 31 273 88 209 277 90 266 158 226 215 24 30 272 18 87 208 276 197 144 78 267 67 69 190 137 192 84 205 249 196 264 77 119 255 70 233 182 303 22 105 294 186 608 609
113 147 202 48 78 108 59 162 274 57 110 276 85 36 17 188 135 124 128 141 54 264 58 119 18 22 101 3 33 233 180 61 127 65 95 250 25 252 89 186 104 175 230 122 49 0 300 72 34 234 289 47 28 170 81 92 172 282 7 229 90 71 231 220 143 69 277 290 224 266 612 613
147 117 246 62 261 96 303 195 239 135 118 69 20 245 179 302 48 127 29 59 170 183 142 23 172 185 240 106 8 87 38 174 295 165 301 100 130 224 292 230 58 137 88 122 18 287 208 3 210 131 267 1 282 46 125 89 273 70 154 123 275 104 134 196 209 198 68 0 614 615
159 263 118 69 99 210 278 103 148 44 25 216 106 207 8 249 262 196 255 189 30 94 45 109 143 182 54 197 77 58 294 122 254 175 188 243 190 116 31 46 140 293 10 40 229 297 68 19 299 53 275 288 235 117 9 171 51 213 226 156 96 7 71 285 135 287 221 615 616
263 89 174 70 21 123 269 232 273 53 162 192 62 92 205 7 141 37 250 71 25 127 242 172 191 206 300 57 8 170 136 215 55 6 249 66 200 295 130 164 11 297 15 258 128 288 301 290 43 207 24 292 18 167 63 296 86 298 274 1 80 244 12 276 189 291 129 620 621
192 211 255 31 176 144 193 129 248 89 70 153 197 68 19 296 72 34 245 117 28 300 111 90 71 295 229 124 154 35 231 244 39 69 133 290 237 108 213 226 23 187 228 8 151 206 166 274 155 208 221 115 17 149 278 164 267 64 94 45 282 173 205 54 137 186 198 617 618
211 213 111 62 205 257 7 37 139 165 261 154 35 250 20 133 241 197 44 178 25 59 258 234 302 151 238 293 119 194 231 244 75 128 235 173 237 43 24 279 292 226 88 18 101 186 3 86 116 161 191 176 65 46 278 125 140 267 10 216 104 202 49 72 47 28 618 619
71 150 97 152 86 154 167 88 101 103 158 279 92 202 270 283 49 85 219 140 261 87 208 276 252 78 199 212 32 62 133 135 56 37 205 139 181 249 262 240 187 121 134 123 116 171 184 55 36 17 230 11 100 302 223 43 24 104 225 238 280 172 214 216 108 610 611
150 216 258 80 205 273 65 95 44 25 264 48 78 29 253 23 202 87 72 303 36 81 111 173 241 296 90 177 298 300 24 234 247 302 249 103 84 170 225 33 185 127 240 165 299 233 140 235 70 21 55 115 224 100 213 0 283 285 47 166 287 62 126 7 141 37 212 614 615
30 112 4 19 48 169 290 116 250 226 118 13 175 109 56 58 300 155 236 36 49 38 20 214 106 161 31 152 288 143 264 156 224 37 79 195 142 197 199 188 135 18 69 190 203 245 205 139 183 196 1 12 251 198 187 121 242 255 10 297 68 189 57 178 299 608 609
112 179 60 181 109 302 183 43 225 54 39 58 22 52 163 3 176 97 152 165 169 224 279 228 104 272 206 219 153 274 34 142 276 197 148 203 56 137 86 128 209 143 198 65 95 266 121 78 108 136 178 4 180 301 8 116 129 184 252 173 186 6 81 296 612 613
48 166 36 234 302 236 49 104 238 108 97 99 233 154 167 22 213 94 149 283 46 10 208 276 210 278 0 78 199 212 82 73 207 128 62 75 130 143 119 66 200 20 178 299 70 25 301 72 235 29 182 116 250 171 118 252 186 120 241 296 230 609 610
166 127 279 292 226 215 228 283 106 57 206 223 100 212 11 280 75 79 258 43 73 54 262 88 209 18 251 264 82 253 200 86 116 161 12 144 125 193 261 129 182 70 254 256 53 34 190 162 234 181 51 126 156 170 183 7 293 240 60 174 165 242 69 167 44 277 290 615 616
194 220 233 141 301 101 186 82 33 135 165 116 279 239 125 296 230 10 70 232 274 287 172 123 72 117 47 81 92 207 190 7 262 184 202 163 246 127 78 108 59 4 252 38 241 110 185 155 55 6 85 36 258 17 164 11 249 183 94 251 295 162 242 24 137 299 18 617 618
220 37 60 264 277 124 253 188 270 246 212 59 261 142 106 189 140 170 243 55 6 219 66 179 164 183 213 249 98 128 24 54 229 297 88 3 216 33 165 210 279 180 1 214 12 42 95 10 89 272 123 104 287 276 68 202 19 49 151 225 267 51 111 92 618 619
139 284 3 82 178 275 1 65 46 125 171 213 25 89 228 270 283 123 74 272 4 68 287 210 144 278 28 267 92 148 203 56 7 258 124 251 118 20 145 189 127 29 140 261 38 186 254 6 66 230 11 232 0 75 247 302 79 170 43 293 126 58 137 174 18 614 615
284 120 254 35 39 282 99 233 163 44 97 127 261 212 242 161 191 206 23 240 270 87 170 121 55 85 200 149 243 213 228 128 43 267 126 137 18 141 216 1 244 42 125 303 189 178 208 292 193 40 253 70 74 153 134 296 187 49 285 34 136 289 181 241 264 81 245 269 37 621 622
111 158 106 87 215 110 228 66 206 153 274 221 155 15 278 212 98 214 73 205 130 198 266 80 31 136 178 89 70 21 246 74 303 237 250 171 184 131 173 294 175 230 122 51 92 287 247 37 302 236 291 117 280 282 216 20 99 163 84 25 299 275 97 288 78 59 612 613
212 274 287 125 208 74 214 216 38 151 273 136 117 264 96 154 24 188 248 118 250 133 241 254 210 161 191 243 195 12 42 106 87 300 170 302 55 36 251 100 295 202 49 0 75 244 98 128 109 246 28 162 288 235 13 126 294 215 86 67 283 285 618 619
274 172 74 104 206 187 4 72 185 117 264 62 92 7 37 228 299 203 188 290 39 252 122 152 133 163 44 216 78 108 23 270 276 289 121 2 278 36 17 282 0 64 75 247 98 128 275 241 9 24 58 250 33 63 169 180 125 129 10 89 70 21 621 622
23 109 243 43 164 285 177 298 98 300 100 221 291 19 104 172 293 108 97 31 13 165 213 5 202 215 272 206 87 144 199 133 269 124 17 126 60 302 73 249 62 238 198 240 174 66 187 134 297 244 57 18 301 114 235 3 169 61 116 171 105 226 239 173 1 175 296 608 609
109 121 242 134 176 106 8 136 178 191 301 303 100 184 64 94 120 98 243 177 54 58 289 82 33 225 172 67 161 295 229 80 31 163 297 70 158 215 261 51 81 32 276 197 7 278 37 60 90 214 256 269 190 5 69 20 126 84 249 25 183 251 59 253 200 612 613
36 61 237 129 52 228 120 4 285 177 232 245 221 2 47 302 17 225 40 174 216 108 44 165 86 154 88 209 156 18 145 158 279 81 94 12 219 153 89 131 199 133 135 269 19 203 137 34 126 181 73 249 141 32 53 297 123 244 57 246 114 608 609
55 61 118 43 186 241 188 122 243 22 245 100 289 181 115 236 170 1 104 293 46 106 240 216 229 233 275 88 277 290 53 145 158 28 270 219 155 89 5 35 199 133 254 80 256 82 137 29 86 75 130 264 64 185 187 134 68 57 299 193 15 609 610
61 6 135 256 148 82 203 124 137 45 73 249 141 196 130 251 54 77 198 18 297 189 110 244 299 233 301 42 116 239 228 40 179 100 221 115 170 291 225 28 13 161 95 229 163 97 165 275 288 88 35 143 156 39 213 25 219 153 276 210 252 146 267 610 611
96 99 68 167 145 215 228 208 221 276 35 39 20 146 214 44 33 205 273 128 249 12 196 87 251 185 253 266 136 180 301 15 235 182 79 237 28 131 173 294 186 58 88 37 177 52 82 232 179 300 100 302 115 1 225 95 25 229 163 176 97 612 613
99 225 37 293 106 5 35 69 209 277 290 145 266 270 162 8 38 272 142 85 66 197 210 131 144 133 64 94 214 135 148 203 98 137 73 54 128 249 196 251 185 33 119 121 242 134 176 123 301 114 182 195 10 40 129 292 184 68 19 0 188 122 179 300 289 291 612 613
127 287 119 100 289 181 183 45 293 216 229 24 297 231 77 233 37 154 275 288 52 82 169 224 226 228 125 272 164 285 89 40 206 104 221 155 278 72 267 280 269 13 92 207 56 60 264 105 266 5 200 134 20 257 122 44 237 129 42 175 230 190 66 613 614
120 176 297 87 152 273 165 233 275 167 277 279 213 0 75 215 149 151 272 153 155 144 278 146 67 135 148 80 31 12 95 46 141 262 40 70 266 121 255 72 53 123 244 299 117 246 235 13 92 129 171 37 294 35 124 118 69 234 103 181 84 78 29 59 172 282 613 614
15 110 178 70 46 59 301 248 182 63 226 239 52 7 228 241 175 243 234 47 49 172 214 282 229 152 88 101 22 156 6 266 37 79 92 136 72 140 261 87 129 142 89 131 133 25 256 190 82 245 258 247 181 62 196 251 64 121 176 0 608 623
110 45 131 75 252 241 254 243 256 190 39 126 289 302 170 291 183 108 117 174 295 12 106 229 121 242 70 235 292 213 294 149 28 9 13 88 208 221 276 7 210 82 278 67 280 148 80 65 141 262 275 200 72 257 180 193 51 261 182 303 250 56 612 613
289 108 272 191 206 187 4 176 57 291 136 115 179 64 228 45 258 288 79 143 207 54 267 152 52 3 167 135 210 80 114 46 10 40 174 253 234 123 287 134 198 49 72 177 196 28 162 51 92 205 269 299 90 124 154 199 229 303 118 282 133 622 623
34 149 151 140 153 195 87 8 197 252 65 254 146 67 269 69 190 258 58 126 238 64 119 46 167 114 248 31 290 182 237 184 226 239 21 243 43 0 100 221 276 278 28 13 106 282 152 273 44 165 86 207 275 5 88 143 156 277 20 266 158 608 609
279 196 230 51 32 13 92 294 273 90 188 118 69 20 103 163 280 186 59 282 176 255 57 270 87 189 170 119 228 75 241 256 73 237 54 226 156 58 18 190 250 101 3 33 86 67 229 214 42 144 193 10 89 70 272 172 74 206 49 621 622
6 129 250 171 292 173 65 175 232 100 47 115 278 49 291 238 293 214 40 161 95 86 209 143 24 79 39 81 283 2 72 219 208 21 197 78 256 203 247 18 73 128 249 62 75 117 264 185 11 200 134 233 301 248 608 623
92 101 224 51 32 136 151 272 5 39 144 133 254 146 188 135 148 59 124 137 258 126 141 262 85 17 121 242 257 45 233 193 235 171 241 296 52 3 63 230 86 67 287 65 46 293 89 106 282 108 229 273 207 72 154 611 612
101 249 56 60 90 253 200 5 35 121 189 244 44 301 129 250 171 184 294 87 38 175 243 245 66 300 170 291 183 238 119 161 43 297 165 58 18 167 224 86 80 31 95 285 10 219 70 208 155 197 4 278 49 133 146 135 148 190 203 205 612 613
104 140 153 208 210 29 59 4 148 8 205 247 262 196 251 185 11 242 134 79 299 246 180 114 77 58 88 182 22 33 239 294 243 1 31 164 65 221 89 21 291 117 0 161 163 297 231 273 28 9 290 7 158 149 270 35 612 613
235 130 164 236 238 251 209 240 253 184 242 255 43 297 54 301 52 186 3 167 237 116 142 80 42 241 283 285 10 223 40 74 119 149 68 232 293 47 181 162 62 226 171 35 270 144 44 129 25 29 123 252 57 151 256 2 196 85 619 620
287 78 172 276 106 57 221 38 251 215 85 66 100 164 224 175 277 94 79 43 24 267 58 103 52 86 131 292 1 12 225 42 89 70 134 149 262 98 293 47 51 275 7 141 171 250 288 254 135 5 169 199 180 39 233 163 148 178 25 622 623
225 25 245 29 234 247 161 142 236 251 293 240 170 121 229 155 297 200 119 149 100 179 233 75 209 290 128 239 43 207 24 54 188 156 18 152 141 186 82 216 86 214 12 95 189 269 10 40 70 21 273 134 198 28 51 81 56 105 5 169 241 254 618 619
122 128 291 185 174 242 176 165 288 224 237 213 226 294 43 77 230 151 52 82 208 221 116 223 146 95 161 282 216 10 89 137 29 154 196 130 72 53 253 266 202 123 136 257 246 206 248 140 35 175 188 243 103 298 232 245 613 614
128 18 189 202 63 257 178 116 261 31 12 195 237 250 114 197 40 70 188 230 298 68 19 0 302 223 291 240 13 161 295 7 60 288 290 69 20 292 44 228 162 97 29 151 272 206 153 57 38 133 280 203 258 207 185 266 613 614
233 145 90 24 262 18 264 216 97 78 131 210 161 142 1 195 193 10 85 252 202 0 213 64 94 245 258 162 9 249 126 156 240 253 295 86 146 5 199 65 178 290 208 237 153 294 241 283 285 298 2 66 17 51 619 620
254 65 95 40 21 277 74 266 202 177 158 47 62 56 37 35 229 300 302 84 148 178 25 153 221 151 299 2 301 17 230 303 100 292 243 11 224 175 64 209 283 285 24 58 246 67 214 31 42 620 621
133 223 236 291 125 172 74 299 224 9 126 283 206 5 35 20 278 84 146 267 108 123 258 205 4 152 38 141 262 196 209 251 121 264 17 100 244 136 191 246 45 180 79 182 250 197 77 52 3 82 63 298 232 245 300 247 614 615
223 250 197 129 25 97 78 108 123 4 8 151 247 249 115 200 251 293 11 240 231 173 188 137 88 303 152 103 224 3 226 216 294 241 146 296 230 1 31 195 65 193 10 70 155 198 269 0 98 117 28 9 275 156 7 255 60 270 105 35 169 199 272 39 248 144 618 619
78 179 300 46 100 302 170 291 293 174 19 49 0 152 275 156 90 266 226 94 270 151 98 69 140 89 29 267 148 82 2 207 143 185 134 176 189 136 178 43 301 193 171 105 239 63 186 241 67 285 177 611 612
152 236 172 114 231 178 288 123 4 292 213 72 228 121 136 230 285 66 221 130 155 11 94 278 280 214 269 203 73 88 18 273 262 275 264 198 31 12 202 95 248 261 74 134 119 250 184 186 53 188 243 47 9 190 232 300 615 616
236 103 84 108 276 214 195 170 2 193 21 66 17 273 100 275 0 277 98 79 266 73 126 141 52 63 116 169 199 31 241 114 95 125 256 208 25 89 245 300 123 247 302 4 68 251 151 32 62 11 224 56 301 154 239 69 619 620
45 244 257 178 4 8 303 237 226 186 228 54 296 56 298 221 234 155 302 24 18 108 22 33 97 231 273 12 145 200 149 72 85 195 276 144 28 199 32 67 135 256 258 205 247 60 141 5 75 196 39 77 198 174 297 609 610
64 123 257 299 125 248 52 33 63 237 292 131 12 46 298 124 234 181 19 49 0 161 95 216 229 297 28 273 51 154 56 103 145 226 81 94 149 162 39 20 151 285 261 87 89 144 4 146 57 8 190 2 258 73 143 119 253 66 187 79 610 611
123 98 73 199 77 135 216 52 137 1 80 31 12 196 185 95 200 70 134 246 19 180 261 72 182 303 129 173 241 62 188 124 245 5 69 293 103 84 282 295 242 29 231 299 154 85 66 215 149 100 285 613 614
231 300 173 184 278 54 39 69 182 163 186 142 57 155 119 100 179 202 213 250 181 162 9 43 58 7 171 245 82 247 86 165 146 199 80 31 251 125 25 40 70 59 172 74 246 206 301 4 290 303 221 72 239 215 241 200 17 283 164 619 620
300 29 280 131 155 298 66 17 119 100 179 277 94 75 241 226 156 137 239 52 146 229 1 12 42 278 197 148 40 172 74 153 206 187 68 251 266 185 200 51 62 13 205 258 154 35 301 237 188 295 622 623
196 126 88 18 294 283 230 135 67 206 169 180 80 12 208 114 199 193 214 203 216 187 49 0 72 262 51 175 56 202 244 257 60 105 184 35 118 239 44 97 29 195 189 293 85 130 297 183 75 299 79 301 277 617 618
187 230 206 126 77 58 52 33 216 31 12 258 144 129 10 253 200 255 189 151 117 47 181 28 9 248 261 51 32 13 197 56 37 60 90 241 296 256 35 118 20 234 84 291 167 97 238 59 142 176 8 87 170 277 224 119 100 270 158 616 617
230 303 106 292 85 219 66 285 11 145 228 209 143 280 43 88 22 52 273 82 167 116 191 214 31 195 95 257 74 198 68 72 252 47 181 9 32 226 126 245 258 141 135 184 5 169 118 103 197 148 288 142 619 620
173 295 121 136 176 297 85 178 115 301 11 290 224 292 213 98 79 294 228 272 77 232 52 135 86 165 80 269 65 125 10 207 74 262 275 264 68 0 266 202 270 191 13 126 248 171 90 154 186 5 256 247 97 29 59 183 251 240 616 617
295 105 184 35 207 69 3 167 246 29 280 131 210 142 244 195 42 140 303 193 253 85 115 66 179 296 232 79 162 9 43 73 77 239 171 82 116 169 1 114 125 178 70 276 206 8 221 251 72 136 249 32 62 224 175 277 273 622 623
66 169 129 292 239 18 296 298 98 31 170 238 280 95 108 229 163 86 275 167 156 277 103 28 136 149 270 283 85 261 74 87 39 29 190 82 203 84 205 4 57 249 183 130 2 77 119 121 255 11 178 114 610 611
169 17 269 273 75 207 60 124 54 266 39 118 255 84 270 33 63 97 261 12 184 140 10 175 155 188 115 134 149 258 49 247 181 302 293 13 156 116 303 171 65 239 29 272 285 153 208 57 87 38 72 53 615 616
85 182 195 19 0 252 294 72 298 232 181 56 117 172 106 35 84 25 277 90 158 8 94 270 162 283 2 151 206 208 142 155 89 267 148 54 258 205 207 52 3 63 198 42 255 202 178 299 246 193 74 611 612
182 17 249 238 240 94 75 177 244 43 224 141 33 116 146 272 285 144 46 129 40 70 278 74 134 280 214 0 269 282 151 181 207 262 275 13 253 266 200 60 143 257 270 191 39 84 250 29 199 161 176 106 140 302 616 617
145 126 56 141 228 105 272 69 153 114 144 276 210 199 29 216 57 87 207 117 275 209 81 100 75 189 202 79 191 180 43 261 103 239 252 3 33 63 97 241 86 67 131 256 298 179 65 140 10 70 161 242 163 176 614 615
186 234 302 155 115 251 149 229 297 158 301 28 9 24 303 156 239 52 228 283 114 46 44 25 278 40 74 269 203 53 117 262 275 47 277 164 90 124 154 272 54 118 18 197 108 243 245 12 616 617
234 167 250 252 161 191 142 189 121 2 155 302 291 238 183 75 177 73 54 58 137 288 22 82 33 165 146 294 199 296 178 129 208 193 21 153 202 19 232 72 269 151 185 136 215 13 224 175 266 105 184 257 118 248 197 44 619 620
103 51 106 161 176 297 178 35 154 20 277 226 12 57 142 210 21 146 267 203 216 94 137 207 249 262 209 13 251 88 253 7 37 121 202 244 125 301 248 261 95 46 195 44 40 252 59 74 296 243 68 190 8 72 47 612 613
176 73 69 183 22 3 33 238 142 42 178 299 121 288 301 40 115 277 74 237 292 68 49 283 32 276 137 37 171 267 214 203 5 216 20 207 262 25 264 108 198 255 202 257 72 248 184 164 11 94 616 617
221 228 29 108 172 285 57 8 185 215 291 219 200 280 81 269 164 205 60 143 124 184 253 88 210 248 261 195 12 89 70 155 74 198 149 247 53 158 240 77 156 171 180 144 95 292 226 129 25 294 618 619
228 244 72 151 301 290 303 100 294 209 241 24 163 278 82 216 167 282 191 95 46 125 140 121 262 275 10 119 198 255 49 98 158 47 261 62 13 77 137 7 90 86 256 35 247 114 208 238 108 240 619 620
292 117 51 224 60 90 294 43 256 73 188 267 163 298 3 63 210 161 191 255 46 125 170 121 10 257 74 134 202 19 232 49 285 53 158 181 28 241 137 165 180 69 84 208 276 4 240 270 87 622 623
18 249 262 117 198 119 1 121 255 57 299 246 114 184 105 52 241 175 98 232 32 179 38 280 172 106 108 273 165 207 275 288 264 24 266 158 94 270 70 72 89 135 9 126 608 623
179 108 248 261 250 170 232 245 149 75 177 162 240 73 126 7 37 22 3 288 86 80 114 125 215 270 148 129 25 219 19 210 151 214 28 269 203 81 164 175 56 90 209 264 143 124 154 105 5 253 39 118 163 33 616 617
243 288 42 189 294 238 296 130 285 183 0 94 75 98 79 276 278 54 77 156 137 239 7 3 229 80 264 65 25 270 206 4 49 240 185 136 117 47 62 13 256 247 184 249 207 118 163 44 63 97 297 299 142 619 620
17 290 224 226 241 283 54 56 13 98 32 276 89 278 172 229 29 42 97 31 33 275 88 198 37 200 134 94 272 72 19 250 21 197 210 199 146 267 137 58 115 262 130 51 185 240 253 53 108 242 178 167 301 608 623
118 172 2 240 161 174 229 163 11 277 290 171 24 270 283 3 63 86 210 95 46 89 40 148 74 137 207 262 264 28 244 257 191 246 301 261 195 184 20 131 84 29 108 245 181 106 291 613 614
131 190 232 10 89 40 247 181 249 19 240 242 47 28 299 62 126 77 277 86 226 5 283 95 29 59 267 280 8 72 148 203 258 205 207 11 251 60 255 189 191 88 22 195 33 97 250 296 256 613 614
75 125 248 303 237 171 65 46 298 70 21 219 232 74 4 53 214 148 165 7 60 224 266 158 5 94 149 261 87 129 197 252 146 267 80 2 82 258 302 141 130 253 174 9 24 297 610 611
154 174 56 60 178 20 84 294 215 29 270 162 285 87 38 276 140 136 115 280 214 273 251 43 24 54 253 266 255 189 244 191 180 301 195 65 197 89 241 188 134 232 19 0 247 249 170 183 238 32 62 13 126 615 616
174 250 184 252 199 241 175 163 33 108 142 12 42 57 291 183 170 293 121 155 242 244 180 301 98 158 43 156 88 7 22 52 82 86 165 35 80 65 148 25 89 172 4 209 136 253 266 200 51 32 191 246 193 206 248 616 617
200 290 224 28 77 156 137 296 171 272 232 180 210 278 44 74 8 38 264 117 253 266 51 81 32 257 206 105 54 3 63 97 245 258 12 87 291 140 170 155 299 19 94 288 301 177 79 617 618
290 81 32 224 277 90 39 167 246 63 210 298 42 121 40 21 155 257 238 100 202 19 49 0 94 177 158 162 73 275 13 58 190 37 165 67 5 199 229 180 80 144 197 242 74 4 185 2 47 622 623
11 125 46 288 114 237 37 294 162 283 285 177 32 153 10 25 146 38 4 282 95 229 163 86 141 262 33 22 143 198 79 13 134 149 191 151 72 193 206 140 21 142 252 65 135 256 190 124 181 302 115 62 130 0 44 608 623
125 146 267 79 205 54 58 88 141 130 22 82 116 189 1 42 95 180 248 10 250 68 0 51 81 32 62 13 293 282 216 229 105 163 35 273 69 20 275 97 29 108 59 158 213 4 215 208 100 613 614
52 126 247 183 130 68 189 244 257 57 178 180 72 303 105 239 3 241 175 296 164 177 302 10 291 106 216 108 229 49 0 163 297 97 32 226 94 270 219 140 39 276 210 199 80 269 82 258 84 609 610
126 97 116 67 1 202 136 89 40 303 252 0 199 53 188 256 117 190 13 77 181 60 240 20 29 213 57 8 215 283 2 151 206 153 276 267 280 124 148 24 273 262 613 614
219 303 8 241 296 136 215 117 51 81 60 280 282 273 163 63 97 210 214 57 121 193 155 202 183 94 98 79 256 181 28 9 43 58 302 22 165 116 146 180 80 65 95 178 25 288 172 618 619
303 130 183 79 43 77 156 58 246 299 180 1 293 208 89 257 202 151 47 28 13 175 190 269 90 184 39 20 197 148 97 261 291 161 142 276 270 38 170 121 185 2 622 623
190 264 198 140 10 70 255 202 149 0 248 158 47 28 9 199 137 141 37 171 258 165 35 180 251 240 229 242 108 153 106 294 51 94 291 267 58 22 3 82 167 97 205 116 67 617 618
117 283 82 33 151 272 164 67 261 42 144 278 214 115 135 256 137 205 94 79 251 9 185 43 62 189 56 22 116 193 171 114 65 239 252 177 232 124 4 247 38 181 53 2 238 282 165 105 277 613 614
84 115 291 293 80 31 282 95 163 165 59 275 88 68 8 38 213 226 72 202 215 149 162 47 206 98 140 56 278 5 24 135 69 203 137 247 207 249 262 130 251 119 21 114 237 19 171 184 175 188 177 77 58 181 611 612
115 116 250 3 184 296 188 42 181 302 100 172 79 273 165 28 13 88 156 22 213 215 149 162 1 114 140 142 74 4 8 203 137 258 205 207 141 32 198 119 90 121 242 105 35 246 180 193 613 614
297 184 256 33 246 97 108 280 191 244 42 255 278 46 253 149 100 49 213 94 79 162 9 43 264 226 58 269 250 116 5 199 144 95 148 44 25 299 242 276 4 57 251 53 136 209 288 622 623
276 285 10 40 172 153 206 278 38 251 280 293 2 282 81 205 90 39 216 33 63 97 195 189 140 155 149 302 232 98 158 181 226 77 141 135 116 248 199 65 197 621 622
285 206 270 87 185 164 60 143 124 184 256 246 63 97 67 12 42 106 46 301 189 170 257 198 294 130 296 262 0 213 79 47 9 226 77 137 171 80 252 20 65 144 44 129 29 59 172 622 623
87 298 232 19 49 0 100 53 181 172 106 95 108 229 37 165 275 156 20 213 44 272 140 261 195 197 252 199 146 124 137 43 130 24 119 257 42 46 171 105 611 612
249 22 33 246 294 67 283 296 214 42 95 189 70 21 155 68 202 241 51 32 264 239 171 135 5 229 180 69 44 25 59 142 121 136 175 205 79 203 299 24 137 620 621
193 250 100 197 252 199 177 79 302 37 171 22 82 238 67 242 114 65 246 148 129 25 288 74 68 2 136 47 210 278 291 143 269 184 24 54 188 205 273 167 97 277 213 106 189 70 155 248 617 618
250 155 149 100 130 73 141 82 86 67 256 298 65 144 95 258 70 302 172 74 251 68 49 8 136 47 62 224 205 124 105 35 237 272 3 246 59 191 142 267 620 621
31 188 80 258 181 25 185 77 242 4 191 246 180 114 129 105 226 294 54 164 56 232 302 280 51 106 282 216 42 273 86 209 277 10 90 94 136 270 283 151 272 206 142 197 252 608 609
188 240 140 242 10 21 155 149 301 130 49 226 158 215 181 283 88 56 210 86 5 114 203 216 258 129 89 273 172 209 264 151 136 270 246 105 39 69 256 245 33 161 251 616 617
252 10 70 155 238 273 49 213 247 98 264 9 7 37 171 22 272 135 5 199 144 267 256 242 172 258 302 38 215 224 124 203 39 69 163 296 216 33 67 210 191 214 42 106 620 621
58 62 143 264 240 57 191 246 114 116 19 164 177 232 124 245 100 238 172 282 165 25 266 202 162 283 2 47 272 208 210 67 5 148 24 54 39 247 262 610 611
62 143 156 90 224 3 79 261 74 195 210 144 146 80 49 269 82 53 137 47 9 73 141 51 13 130 251 77 37 253 60 242 134 255 35 299 246 39 44 237 57 98 181 302 170 280 24 610 611
108 5 39 69 59 229 38 209 143 270 94 140 153 195 73 7 37 148 22 33 203 247 141 130 251 40 255 189 136 178 248 294 241 164 298 90 232 245 612 613
149 180 261 47 28 9 51 32 13 60 5 170 39 238 163 4 167 106 8 38 158 213 226 294 100 270 283 79 210 278 199 137 88 280 203 82 33 216 63 116 12 251 144 185 40 21 19 614 615
180 94 275 43 255 22 33 63 1 248 195 65 197 129 19 49 53 181 136 238 13 240 242 90 299 124 5 20 163 148 44 226 215 142 272 206 8 170 2 616 617
244 209 256 203 247 237 54 88 171 3 33 63 86 80 195 12 299 114 46 288 189 129 89 21 68 19 72 177 181 9 291 205 7 60 124 184 199 273 262 163 255 257 106 240 8 619 620
247 82 167 270 142 272 12 189 21 155 238 134 119 232 49 0 181 28 32 137 56 141 299 105 301 39 69 20 65 144 44 29 283 72 215 51 175 94 79 275 43 264 88 163 620 621
167 56 183 124 5 229 39 20 163 63 301 215 140 19 98 214 269 28 9 203 205 22 209 251 86 165 116 1 114 65 270 191 148 44 153 68 239 38 199 298 51 615 616
195 298 119 100 19 49 94 302 53 251 56 141 37 165 288 237 114 148 44 296 172 74 208 38 72 2 81 282 203 164 275 277 266 88 202 257 97 161 206 46 70 617 618
29 47 5 38 172 106 216 165 275 209 156 77 90 158 136 206 153 197 65 146 269 82 203 258 205 262 183 253 53 10 21 189 178 70 63 184 9 105 226 39 241 608 609
170 239 163 296 177 232 302 140 121 293 185 242 94 98 79 88 208 42 95 46 267 89 40 214 153 134 203 68 273 262 209 253 56 301 261 237 69 615 616
239 264 98 177 79 207 237 156 135 86 165 146 256 199 245 42 114 46 208 89 232 0 53 246 9 81 205 7 37 294 209 90 296 203 35 20 197 59 161 206 38 619 620
1 256 269 258 60 7 130 119 0 242 237 294 65 43 56 298 100 47 291 238 38 293 163 273 86 143 277 158 39 215 270 283 261 32 153 208 8 155 89 144 12 608 623
257 98 158 162 267 88 7 37 22 82 86 248 199 65 44 25 59 74 134 299 301 240 251 72 209 203 105 184 207 24 39 69 282 33 275 12 42 255 121 253 21 119 49 0 620 621
105 216 275 277 90 224 158 213 54 283 261 63 97 208 67 197 146 214 10 40 205 262 49 0 130 264 119 121 242 47 136 13 56 237 184 294 95 177 124 89 74 4 8 38 280 612 613
80 214 42 135 256 203 46 130 143 264 185 253 53 28 299 37 237 294 5 175 124 100 38 161 282 216 275 226 79 283 43 77 206 155 33 197 199 146 267 611 612
135 137 65 95 207 209 40 264 266 255 202 248 47 28 32 296 60 256 298 232 302 291 25 59 242 57 299 2 156 171 226 215 94 142 155 144 82 33 116 269 203 614 615
137 251 143 185 253 114 255 134 248 19 49 184 294 136 245 302 90 5 35 163 25 97 224 213 215 283 151 272 155 94 267 43 77 82 614 615
79 242 189 136 77 237 129 171 294 241 298 124 4 238 280 172 106 282 88 158 226 202 151 261 33 67 256 269 203 258 10 130 251 0 264 611 612
242 143 203 207 24 278 88 280 3 216 161 191 273 12 42 264 140 10 40 70 134 119 232 213 9 32 13 77 156 7 256 199 229 144 253 57 296 619 620
184 299 277 213 24 88 171 206 82 63 210 278 12 144 148 178 203 258 134 262 68 251 198 28 81 13 191 37 60 241 232 245 161 616 617
82 12 264 198 189 299 4 301 28 81 56 98 100 35 69 238 280 214 282 59 42 158 270 151 140 153 89 148 611 612
121 241 164 298 245 22 63 86 42 282 216 156 277 49 0 224 158 53 51 81 153 37 197 210 144 267 214 256 258 97 59 264 198 255 2 202 191 246 119 94 171 613 614
73 198 3 67 299 246 46 40 171 175 296 164 47 9 13 238 293 214 106 282 163 273 20 209 277 266 158 270 162 8 38 151 140 2 74 256 148 269 54 141 130 610 611
198 24 54 7 3 63 241 86 65 302 291 172 4 68 19 51 81 32 13 277 164 294 90 5 20 44 210 97 161 214 203 12 106 57 140 273 207 209 0 94 255 177 158 270 162 617 618
114 199 214 256 269 216 207 262 77 143 134 86 189 95 140 10 175 296 68 49 72 47 302 9 51 238 56 240 7 229 288 20 4 151 164 153 208 613 614
199 203 10 273 151 255 248 56 7 37 60 124 39 69 20 245 178 106 229 155 158 226 24 296 171 3 208 210 278 42 617 618
100 301 237 129 57 8 38 164 280 209 151 272 74 208 142 68 210 278 256 203 258 32 13 77 205 5 266 255 39 178 191 25 612 613
301 98 88 293 42 95 46 189 140 253 68 232 53 266 28 241 9 264 81 294 13 269 124 282 208 261 38 151 2 298 622 623
262 3 63 86 116 146 129 10 89 70 172 134 206 251 151 185 28 288 90 143 35 237 246 210 161 142 42 8 21 0 264 277 241 9 256 620 621
86 37 130 20 253 189 136 59 191 246 4 248 129 2 294 302 291 43 106 240 33 224 21 151 272 153 0 210 267 214 611 612
177 255 189 8 140 2 155 98 245 162 88 183 141 185 63 240 165 42 299 65 288 40 134 213 215 51 13 278 164 56 280 269 282 216 5 205 273 251 97 59 266 616 617
255 158 162 9 258 156 229 12 42 65 25 40 153 206 294 53 283 296 215 32 175 209 60 143 124 237 216 59 210 142 266 57 8 2 253 119 232 620 621
3 60 238 251 51 119 189 116 39 294 175 298 98 278 172 148 97 20 156 266 37 158 13 136 28 206 19 140 74 8 129 21 144 65 25 269 69 124 608 623
89 142 197 210 70 144 278 267 19 53 207 141 51 56 189 136 69 296 164 21 293 106 240 43 288 209 202 215 67 151 65 46 611 612
142 40 21 232 49 183 72 172 28 216 13 165 7 275 60 156 5 226 283 164 206 97 155 197 106 214 148 258 98 43 191 248 116 171 12 614 615
209 56 171 288 237 296 208 59 4 278 57 38 214 185 136 269 282 130 203 266 63 116 161 42 70 21 119 302 202 98 47 181 9 32 618 619
24 253 53 57 191 5 63 226 39 294 43 98 232 4 47 293 229 207 288 143 35 90 213 94 151 272 208 210 65 267 67 21 69 19 60 141 608 609
68 272 98 9 153 22 256 269 141 183 264 240 134 178 53 47 248 116 237 32 245 20 238 172 59 57 8 38 165 275 88 156 213 81 202 215 610 611
21 129 63 197 67 203 258 251 185 57 246 20 59 248 54 8 43 32 155 210 291 25 146 269 282 95 163 33 275 143 35 77 202 94 608 609
129 210 267 214 0 273 9 77 143 22 20 95 46 237 59 74 4 298 2 51 291 56 161 229 288 224 171 213 294 151 106 153 613 614
40 197 267 141 2 119 189 178 246 46 59 248 171 164 302 172 161 282 229 163 275 88 156 277 224 158 213 81 202 94 215 7 37 140 609 610
141 22 143 67 202 191 261 59 197 19 175 60 240 229 54 69 20 63 97 106 151 144 278 94 98 148 43 258 205 88 614 615
47 266 202 215 153 67 205 264 77 253 299 191 46 171 63 296 56 298 32 13 238 51 106 7 95 216 97 273 5 39 156 609 610
266 28 9 270 264 245 13 226 77 272 248 148 25 261 57 185 164 205 94 43 237 88 163 33 246 97 161 42 293 46 269 140 70 98 621 622
214 256 20 245 258 148 178 208 302 59 172 238 4 38 246 175 241 296 88 33 191 269 229 155 275 277 181 77 56 37 146 35 618 619
98 189 191 261 116 294 175 296 60 54 181 39 106 97 165 224 70 226 151 208 43 210 144 56 216 258 205 35 207 74 612 613
46 256 203 251 240 134 57 246 59 226 65 241 43 278 22 216 163 35 288 88 143 156 44 90 213 202 94 4 270 283 8 153 210 609 610
54 8 119 253 2 246 237 171 294 175 296 278 291 148 163 288 88 264 90 224 158 136 140 37 65 267 256 203 124 245 302 183 238 130 609 610
134 140 208 43 210 269 67 205 95 183 189 4 19 246 38 72 2 28 51 81 296 164 90 298 232 245 35 39 63 163 130 162 94 151 614 615
155 197 153 4 256 8 151 51 238 185 56 240 161 229 165 288 277 97 12 57 10 210 280 19 269 205 28 67 146 191 148 615 616
53 202 151 261 197 210 144 278 42 256 148 269 183 49 185 240 253 189 13 246 59 72 7 63 35 296 56 44 238 4 280 172 106 161 88 156 90 609 610
202 248 162 32 156 171 258 39 238 293 229 151 185 136 51 175 283 90 298 232 88 291 269 42 189 213 183 617 618
158 189 178 191 56 7 261 237 39 69 20 183 238 140 2 229 215 270 283 156 272 208 210 278 42 269 10 273 264 72 615 616
56 207 275 224 2 213 272 140 153 22 60 183 42 251 119 240 253 19 49 32 162 175 35 238 293 282 163 609 610
207 171 165 5 35 20 65 44 172 153 8 38 298 72 185 210 51 291 164 267 175 280 205 282 90 277 215 270 248 261 130 245 258 162 156 617 618
9 13 81 28 270 206 261 74 10 65 124 49 183 130 293 106 240 165 299 246 237 283 164 4 153 269 282 156 608 623
42 35 124 245 183 251 172 240 38 2 116 162 175 153 22 293 229 143 19 272 32 197 210 609 610
88 264 185 60 5 39 294 164 232 291 95 97 273 165 226 215 162 153 0 148 72 203 611 612
148 210 65 144 95 280 44 282 203 273 72 136 246 248 60 90 143 35 181 251 165 299 288 94 224 237 171 43 272 614 615
210 178 10 72 28 51 175 60 143 8 264 277 162 246 248 116 146 256 618 619
10 197 67 256 245 258 240 7 299 5 237 226 162 4 43 232 2 49 291 172 161 44 165 288 39 19 74 608 623
140 241 175 28 13 183 293 60 90 229 25 224 213 162 208 144 280 203 124 251 253 67 261 197 614 615
269 229 277 25 215 28 81 60 203 5 35 69 44 216 33 59 161 238 0 241 226 156 282 621 622
143 77 7 178 288 20 215 162 25 208 4 8 72 278 280 203 273 60 275 264 124 39 189 246 97 206 67 248 245 258 181 172 28 614 615
172 39 44 267 258 205 2 251 270 246 162 248 197 171 296 298 12 19 81 32 213 294 124 272 35 616 617
70 205 181 238 77 299 248 116 237 171 38 2 162 283 51 298 291 280 293 161 163 33 264 90 57 610 611
37 277 77 94 270 5 144 67 256 203 181 51 185 189 44 191 246 288 248 116 39 162 296 49 4 161 95 216 608 609
28 136 272 206 74 267 69 124 25 181 238 130 251 240 57 246 175 296 43 164 282 77 608 609
19 272 208 65 146 256 245 258 60 5 238 251 185 189 299 59 116 39 175 232 32 38 106 161 288 12 35 277 77 608 609
165 264 20 163 191 161 57 237 298 183 185 77 240 215 74 153 272 206 49 151 278 81 164 615 616
178 282 77 205 273 146 264 277 161 253 12 270 191 246 206 261 13 7 302 291 185 5 44 224 215 296 208 164 175 616 617
197 183 205 32 7 213 272 248 69 20 144 97 59 106 57 38 302 2 253 299 43 226 67 146 617 618
238 261 63 97 256 258 119 293 253 183 94 294 229 144 95 44 267 206 282 151 81 277 224 124 619 620
261 0 213 291 293 162 90 20 144 270 208 153 8 267 215 94 237 216 67 191 95 253 620 621
72 151 272 278 216 20 251 77 25 59 38 2 232 124 302 39 69 293 119 67 277 224 610 611
4 32 153 38 161 20 35 151 272 8 63 67 256 5 49 183 57 224 241 162 283 175 608 623
116 130 251 43 67 12 241 296 232 124 291 0 183 161 229 81 32 213 215 162 206 97 144 106 8 256 613 614
43 240 253 8 189 2 191 294 164 298 181 33 161 282 273 32 74 278 267 39 183 130 609 610
171 275 94 63 256 302 293 240 224 237 60 294 283 5 272 69 44 280 282 203 616 617
69 161 282 65 163 224 0 81 283 7 60 278 146 39 183 264 185 77 119 38 189 136 246 237 294 164 298 33 63 67 610 611
74 267 203 258 7 130 264 185 191 44 248 232 124 302 280 293 216 163 288 156 90 224 226 215 151 272 610 611
215 294 283 296 81 60 273 59 275 277 253 8 119 183 245 258 33 302 12 95 229 49 0 618 619
151 153 7 124 264 25 189 248 2 175 232 245 291 63 229 288 277 237 614 615
153 208 203 51 81 258 205 273 60 264 185 246 59 12 38 175 302 94 229 22 63 67 277 213 226 65 206 615 616
156 189 5 35 39 175 245 181 119 293 229 163 299 77 22 67 162 283 12 65 95 267 49 216 273 275 615 616
39 240 161 216 163 90 205 185 299 246 35 63 298 291 609 610
245 277 106 57 189 130 232 49 94 181 162 35 20 65 144 59 248 206 38 81 205 90 216 63 275 619 620
277 275 299 205 7 294 191 278 8 293 119 164 288 94 258 22 63 208 232 136 241 621 622
164 288 57 38 224 237 136 232 208 163 33 63 205 146 161 65 253 213 298 7 60 35 293 185 44 615 616
229 5 258 273 253 106 38 241 298 181 162 146 240 12 185 32 224 205 619 620
248 282 130 183 94 273 181 226 270 67 272 206 302 81 13 205 237 97 298 161 106 240 38 2 620 621
282 293 163 272 206 106 240 270 94 216 63 302 144 81 275 7 90 621 622
146 51 32 237 7 294 124 298 20 291 97 59 280 216 288 119 130 0 226 283 272 77 208 33 267 614 615
206 49 0 278 81 32 60 213 44 97 270 57 203 22 63 67 288 144 617 618
288 175 299 90 203 237 216 97 12 0 181 275 272 302 49 240 136 81 622 623
97 44 57 38 270 208 278 256 130 65 95 253 237 51 298 612 613
175 38 226 130 208 77 280 258 67 273 251 51 81 13 124 5 59 616 617
136 226 270 272 22 216 59 275 253 189 191 246 81 241 296 181 291 57 224 237 49 614 615
226 81 163 63 191 302 119 183 13 77 7 22 95 8 275 618 619
81 13 77 270 162 283 272 144 25 203 59 205 273 8 38 130 191 22 33 291 0 611 612
291 8 2 183 94 162 280 12 208 253 232 299 241 264 32 294 124 203 5 20 622 623
20 51 5 44 275 272 32 208 144 25 237 241 49 608 609
51 224 270 208 185 13 294 241 296 67 8 2 106 161 95 275 609 610
240 283 237 298 33 67 213 7 267 144 251 38 185 299 224 124 619 620
283 270 8 251 294 296 205 298 124 5 256 293 12 189 253 119 273 59 272 621 622
22 60 130 77 5 189 237 294 65 296 298 302 38 280 293 161 44 33 90 144 258 608 609
60 33 213 94 208 144 278 267 273 299 191 57 8 294 232 106 95 216 610 611
275 8 124 77 33 63 67 191 65 278 119 280 0 264 32 621 622
8 162 298 32 49 161 216 163 5 13 12 181 119 246 608 623
162 270 191 32 298 181 185 57 163 224 94 213 35 280 144 258 44 615 616
32 224 213 2 208 144 119 12 189 57 191 246 59 232 13 181 302 293 106 163 608 609
35 95 7 224 25 267 181 251 294 296 302 608 609
232 161 272 106 38 2 130 256 258 298 183 278 267 205 203 59 619 620
2 294 241 163 273 90 13 63 65 12 67 256 302 7 183 130 189 224 237 608 623
216 208 280 163 63 161 273 253 183 256 7 618 619
270 205 293 90 124 5 25 59 191 237 246 63 144 294 621 622
25 38 106 203 95 33 264 191 272 256 130 119 253 0 299 94 241 296 608 609
224 90 296 63 59 161 57 253 77 298 258 208 185 618 619
293 246 161 57 253 130 94 294 241 256 67 280 12 95 185 273 124 5 622 623
161 181 44 38 130 280 205 144 264 49 241 296 256 615 616
298 183 258 256 12 144 296 264 13 302 90 124 203 163 622 623
299 94 124 267 246 191 253 183 0 241 77 5 44 38 251 622 623
237 246 77 63 67 49 213 264 44 619 620
57 296 273 90 213 49 267 67 205 130 251 119 189 65 610 611
296 185 119 203 77 302 67 95 189 213 7 622 623
258 65 205 90 191 185 119 620 621
59 278 280 90 272 181 251 185 253 44 191 63 241 610 611
119 33 63 106 302 183 185 49 13 272 144 267 256 203 38 189 191 613 614
251 144 95 189 273 241 205 256 130 620 621
163 124 5 44 272 130 278 267 63 0 294 7 615 616
94 7 241 5 106 95 67 205 611 612
33 130 185 63 278 49 264 144 267 67 608 609
302 49 0 67 272 203 622 623
38 49 90 267 181 183 130 294 609 610
189 181 0 13 44 253 213 130 616 617
253 144 13 205 7 90 124 5 280 106 620 621
203 95 185 208 13 278 7 90 617 618
256 49 183 213 90 280 267 63 620 621
130 12 0 7 272 278 106 183 264 613 614
63 185 0 49 208 267 12 610 611
12 181 183 294 205 273 90 208 608 623
77 264 185 7 65 44 241 181 49 205 611 612
65 267 49 7 294 67 124 181 183 280 95 213 610 611
264 90 246 191 620 621
208 267 280 13 124 294 617 618
280 44 106 185 205 124 267 278 13 90 5 621 622
95 267 205 44 183 294 181 272 13 612 613
0 272 181 185 278 608 623
267 144 90 278 246 183 621 622
272 273 5 246 106 241 621 622
183 106 278 273 124 616 617
144 205 273 7 191 241 181 213 67 614 615
5 205 191 241 608 623
213 13 90 191 106 273 618 619
90 44 185 246 241 611 612
278 205 294 13 273 621 622
44 124 7 185 191 241 13 609 610
185 67 49 13 106 616 617
273 191 181 621 622
106 124 181 13 612 613
124 13 205 246 181 613 614
294 246 49 622 623
241 181 67 49 619 620
181 191 616 617
67 191 7 610 611
246 49 619 620
13 191 608 623
49 7 609 610
205 191 617 618
191 617 618
7 608 623
469 520 360 311 575 496 394 375 577 498 428 566 339 568 354 502 437 388 401 561 508 435 563 552 391 486 607 395 488 306 459 490 370 494 368 483 538 472 413 377 476 430 531 441 392 586 478 445 307 367 605 305 418 448 429 517 463 585 374 378 461 372 323 353 406 525 357 338 421 503 571 355 385 400 507 615 616
520 606 309 320 540 324 501 433 512 329 533 546 516 363 427 457 535 446 327 442 410 607 440 519 500 583 370 434 600 315 479 589 379 536 443 525 593 328 584 392 322 405 450 435 564 577 335 365 346 369 581 399 414 557 408 472 423 502 353 554 567 466 313 556 385 415 545 360 341 602 364 345 375 439 618 619
317 392 568 460 381 528 506 398 440 521 563 334 455 497 378 433 305 393 490 558 492 318 439 494 549 320 562 564 364 419 421 555 436 557 425 359 535 361 603 537 429 550 471 539 431 552 352 594 486 607 309 475 596 422 543 534 307 536 470 538 459 593 540 595 395 463 397 452 586 310 467 335 511 524 458 608 623
392 487 500 345 375 425 546 438 480 339 482 416 420 596 409 479 342 589 470 404 417 472 593 606 310 340 370 315 518 531 379 465 586 478 399 412 533 383 454 467 588 601 401 522 414 577 590 377 594 407 583 390 464 506 453 587 346 442 563 576 402 444 325 459 571 494 338 428 575 355 553 566 611 612
455 585 442 323 353 304 534 376 576 357 578 470 351 332 514 385 336 527 366 582 516 449 571 311 394 424 507 575 509 339 498 511 354 458 407 388 329 502 401 382 412 363 504 559 435 499 389 490 600 319 398 481 538 328 358 540 381 362 441 487 322 529 405 356 465 371 588 316 605 314 374 462 583 408 614 615
585 436 387 489 500 553 583 534 385 336 547 400 360 532 424 526 428 507 541 492 556 373 456 318 539 550 565 363 580 601 559 380 342 493 306 478 325 389 321 472 502 434 566 304 383 515 496 560 358 411 445 524 475 554 326 367 439 537 369 582 399 350 429 452 512 314 393 397 457 438 510 372 525 621 622
427 523 368 349 379 444 512 525 446 459 580 461 582 328 571 411 505 507 307 509 390 420 564 456 498 566 384 346 434 557 449 491 314 344 559 563 552 499 541 488 351 543 545 437 320 422 324 597 426 544 478 599 533 467 401 352 412 522 416 537 526 581 594 515 528 462 475 517 464 453 508 468 589 510 613 614
523 594 327 461 312 598 376 406 436 387 532 470 534 504 355 591 396 509 330 527 443 529 447 488 358 343 437 579 337 367 382 412 416 583 572 380 391 561 425 576 478 508 459 389 472 554 517 338 558 481 547 515 496 313 549 562 460 411 494 326 386 542 339 484 601 369 350 501 433 550 592 516 397 476 618 619
380 411 424 479 600 492 314 481 602 494 536 470 604 538 551 372 323 304 593 527 463 351 332 313 531 465 599 336 399 401 535 524 473 594 309 407 343 324 396 519 318 329 400 352 333 468 512 308 567 459 331 361 312 450 384 452 575 496 577 498 511 379 568 502 436 347 559 506 440 337 550 486 607 611 612
411 391 500 489 557 449 310 546 315 495 563 420 328 358 543 477 362 545 558 407 479 413 426 386 337 494 415 536 549 483 538 430 551 472 305 316 487 399 463 344 378 601 537 304 471 539 338 475 385 381 532 508 360 309 501 514 569 373 324 516 388 518 348 439 507 382 562 564 577 327 445 612 613
440 462 398 517 530 464 598 432 383 532 574 466 587 534 347 396 430 459 593 405 371 320 505 518 305 452 399 441 429 348 333 579 312 357 559 550 484 385 444 565 499 400 567 319 349 379 394 558 492 549 407 388 551 472 485 606 431 595 435 476 489 544 365 391 533 350 419 592 526 404 460 581 614 615
462 351 332 548 495 330 311 341 565 364 394 345 424 428 409 309 339 598 490 558 354 426 602 536 470 382 412 593 312 531 544 414 425 465 586 306 459 419 535 590 603 524 592 379 413 475 464 313 377 328 519 532 508 569 582 365 346 584 399 560 573 507 329 575 457 408 513 568 376 387 417 491 615 616
330 590 337 579 592 513 339 515 570 383 396 385 576 510 565 512 324 567 580 501 329 450 492 505 560 373 375 496 551 564 366 500 421 310 381 423 436 315 561 361 603 363 484 552 352 365 607 322 598 358 426 547 415 349 470 591 404 525 606 406 340 353 474 595 476 597 410 331 599 412 533 522 577 608 609
590 513 375 477 428 556 537 426 437 348 329 594 550 333 465 580 529 361 574 312 444 306 604 478 538 310 389 593 321 472 423 506 597 487 581 532 349 432 383 515 347 494 524 475 539 569 337 371 533 335 578 418 369 399 563 497 314 393 576 561 542 461 540 521 353 357 351 332 504 355 468 509 622 623
445 577 311 566 386 502 515 305 365 572 548 561 363 378 554 567 488 327 308 323 421 536 549 321 496 336 415 366 538 551 593 606 400 529 443 428 409 546 358 422 482 426 592 337 526 539 412 460 473 416 316 410 453 425 325 389 340 457 578 525 459 514 304 319 516 571 584 328 562 454 575 441 614 615
577 524 554 505 345 375 309 339 552 533 373 354 567 418 583 501 318 512 546 397 476 308 574 312 391 525 406 580 519 421 572 310 534 404 449 319 398 562 428 511 422 575 426 467 550 367 401 450 465 444 474 478 557 378 438 423 483 602 323 353 604 338 593 551 332 584 597 430 621 622
357 464 506 519 328 578 378 499 337 567 435 448 516 450 571 335 331 441 375 443 498 553 366 487 379 353 304 381 436 425 546 493 548 561 347 374 605 311 541 345 477 532 358 324 602 536 549 329 404 472 593 333 485 527 419 595 542 597 342 412 533 467 601 414 456 321 579 526 581 528 396 609 610
464 581 596 517 355 336 415 366 396 574 449 360 534 576 364 443 394 569 403 456 584 388 573 412 416 500 555 515 570 491 310 340 493 508 550 319 552 383 413 607 499 332 313 328 430 545 479 600 405 386 481 494 420 483 384 335 487 448 542 531 344 478 397 467 457 408 601 372 592 376 615 616
343 529 355 412 533 467 535 524 350 526 460 449 451 398 466 589 307 402 580 514 582 382 437 450 384 518 494 575 375 388 509 564 498 390 432 319 338 381 423 570 546 493 548 374 311 429 326 363 484 605 352 499 541 433 339 367 435 356 490 532 371 318 413 314 360 415 483 527 540 461 353 595 342 609 610
529 422 373 354 560 388 467 348 352 431 382 333 363 551 476 416 446 595 480 361 414 548 528 398 349 541 543 347 377 511 328 587 426 486 405 356 490 386 337 471 591 367 582 369 493 575 325 472 566 579 372 487 581 481 559 332 466 313 385 366 563 449 479 552 565 443 458 522 503 558 618 619
522 531 573 364 588 458 339 354 437 388 501 318 452 431 363 308 574 480 331 410 414 444 425 552 569 453 404 483 434 468 315 319 560 432 413 553 381 426 555 505 386 439 514 305 384 518 499 316 346 603 550 350 429 344 543 532 602 481 466 593 415 366 396 430 400 479 584 360 494 311 475 618 619
531 492 422 595 324 354 571 584 456 318 363 416 499 361 391 414 444 474 425 459 310 370 321 572 576 368 319 565 432 554 381 545 322 560 405 490 386 371 450 604 454 346 399 542 452 497 393 344 599 476 491 353 376 541 351 504 598 532 468 449 479 509 360 443 578 428 458 488 309 618 619
341 456 403 513 315 449 517 438 574 563 567 514 435 490 450 571 505 373 549 375 551 306 498 325 419 366 476 334 304 478 599 480 372 414 361 603 495 416 537 429 605 418 486 322 488 337 409 530 543 424 466 358 479 600 521 534 316 347 468 589 360 481 415 349 459 329 351 393 474 463 584 410 386 608 609
456 540 595 542 478 546 418 548 603 318 452 524 329 605 401 431 382 416 327 442 596 517 410 391 376 521 576 359 340 321 512 368 379 516 571 383 505 573 507 575 509 426 322 498 511 579 500 502 570 491 335 316 399 429 574 393 497 408 486 607 501 323 417 547 536 483 604 538 606 615 616
360 327 579 581 528 396 517 310 340 506 574 563 576 304 376 578 446 501 313 556 558 507 307 428 509 551 566 305 346 350 489 381 423 491 329 314 548 374 537 605 552 594 338 351 547 468 589 536 604 525 538 593 406 339 419 461 474 408 463 397 318 478 599 454 575 352 609 610
346 571 371 505 560 309 507 549 564 377 329 366 487 542 423 544 478 599 372 493 312 535 482 603 416 350 592 310 365 407 596 356 598 532 545 587 479 413 534 347 404 417 580 393 527 461 408 584 399 388 509 524 566 344 502 449 570 438 451 519 561 338 563 497 391 446 501 558 609 610
571 369 429 501 344 603 605 540 372 525 570 598 332 504 385 602 528 479 509 394 580 526 477 458 488 309 492 324 354 573 586 388 318 588 535 435 514 416 495 312 414 444 425 306 527 459 310 419 370 574 434 487 566 398 451 515 460 362 604 405 569 337 503 548 365 621 622
401 470 394 417 309 320 487 408 354 318 348 329 480 333 471 592 308 405 526 594 583 475 395 517 530 587 578 368 319 349 404 446 580 461 347 437 584 362 441 562 326 356 307 386 367 443 390 305 335 434 399 570 559 325 493 506 482 552 486 387 420 554 435 556 313 355 602 415 612 613
470 583 517 416 327 532 308 576 589 512 580 321 514 453 503 505 368 573 402 413 575 328 362 513 502 356 337 367 570 504 559 365 563 399 350 433 607 393 554 438 442 353 600 387 417 451 483 604 466 485 606 553 460 595 542 311 476 443 345 533 546 339 454 324 354 467 581 615 616
313 394 515 436 449 583 504 517 451 372 321 305 435 556 448 371 384 547 373 549 362 419 553 544 478 599 412 425 311 603 429 484 309 418 539 352 473 486 407 528 422 532 479 589 602 404 538 312 338 306 516 329 450 310 518 331 344 586 333 575 467 388 403 524 458 579 500 608 623
394 467 385 336 403 513 405 364 407 528 596 517 572 398 373 324 574 576 444 457 352 512 446 580 514 569 461 582 439 560 573 306 454 496 509 370 321 498 553 500 434 447 436 491 425 438 559 347 377 497 418 386 367 499 422 545 479 534 536 428 344 591 485 323 353 584 544 611 612
566 574 386 337 450 316 452 463 314 604 397 457 438 540 372 555 338 519 500 355 366 396 468 547 528 605 532 562 513 364 345 447 458 492 422 373 324 354 587 437 318 363 465 327 548 331 391 342 444 306 508 325 310 340 321 453 579 349 568 581 432 485 545 560 377 530 620 621
574 436 451 602 591 336 366 364 424 558 473 503 588 373 324 512 329 382 516 435 510 308 410 361 312 555 425 519 359 553 453 404 528 368 562 606 381 362 426 505 326 569 471 367 390 371 599 454 484 384 603 448 433 463 497 393 557 374 538 397 542 596 598 506 621 622
373 408 542 463 586 599 533 467 601 537 592 515 396 517 338 572 387 400 355 336 366 444 565 567 364 516 505 494 507 441 575 375 388 318 551 443 553 487 379 489 308 557 491 342 310 370 605 376 418 315 541 433 554 488 543 556 424 600 492 602 483 417 593 356 337 610 611
408 444 578 512 514 435 516 560 573 575 443 432 434 568 544 379 546 438 559 548 603 495 550 563 484 497 431 322 433 554 596 488 337 543 598 490 547 316 468 589 415 350 483 393 374 325 540 397 463 584 410 372 304 465 533 471 385 460 473 449 583 517 364 466 442 576 612 613
524 498 400 509 513 364 424 375 581 447 320 492 572 422 324 486 388 563 471 352 516 333 412 567 556 331 312 342 547 459 602 562 604 423 315 553 379 542 451 413 496 377 358 430 362 326 405 605 420 518 499 530 418 482 433 497 438 491 521 436 338 417 573 336 415 618 619
348 580 345 353 516 463 597 309 452 465 412 403 405 581 381 383 504 572 519 561 400 389 444 565 457 578 433 514 448 490 503 558 450 505 560 549 375 509 322 430 485 606 366 487 421 555 368 502 557 546 480 548 603 344 429 350 363 605 420 541 475 409 422 338 598 466 358 468 481 315 609 610
580 463 374 576 593 510 540 491 308 442 521 372 323 544 525 519 586 351 534 568 400 509 443 526 511 486 382 416 446 518 499 480 563 414 395 425 527 359 340 419 453 536 353 349 338 451 432 485 515 332 377 543 494 554 505 371 473 552 454 320 484 537 567 621 622
422 423 465 310 599 340 419 321 579 471 581 594 475 530 453 466 356 386 576 525 365 448 584 393 344 374 378 509 443 353 304 511 432 376 500 434 555 421 436 504 425 572 493 563 364 497 552 565 541 433 407 388 479 492 481 352 602 382 333 363 327 308 595 487 613 614
467 375 527 474 458 320 403 586 599 407 603 431 526 528 331 410 312 391 596 517 444 425 310 589 423 398 379 501 432 582 413 505 573 430 381 362 441 326 337 439 513 454 502 418 448 350 314 344 378 438 607 353 488 556 477 558 351 355 336 481 549 483 593 615 616
311 390 511 405 526 581 515 504 517 572 519 521 442 334 389 323 378 512 433 554 514 314 556 327 382 503 428 441 562 375 443 487 379 489 412 425 548 537 550 350 592 605 539 431 352 365 488 409 543 479 413 306 402 404 538 593 393 340 342 463 597 586 533 454 575 335 608 623
338 572 506 519 508 563 497 308 578 499 391 312 393 369 426 573 315 496 498 432 366 434 491 559 359 480 414 471 552 473 407 554 475 367 325 466 587 358 479 600 347 602 349 404 472 593 527 419 336 397 452 533 388 403 513 526 568 460 581 381 318 608 609
572 594 607 451 515 545 549 543 554 424 558 375 591 339 533 595 418 388 482 586 535 352 575 382 588 397 510 521 579 331 544 342 425 340 321 434 547 498 528 479 379 383 413 477 362 426 573 405 518 548 499 480 497 557 374 508 561 457 542 438 472 603 536 517 621 622
498 475 326 356 307 526 371 528 583 335 519 521 344 536 578 397 457 438 593 527 353 584 507 336 366 500 581 447 557 570 488 473 559 354 508 437 388 563 510 352 431 382 327 480 312 558 474 425 306 459 359 310 419 562 321 538 434 540 553 597 544 466 601 617 618
443 588 480 601 307 535 471 305 316 515 369 399 596 517 451 329 374 510 323 436 461 503 516 450 584 355 560 564 511 409 339 513 555 489 403 426 559 493 561 508 550 416 444 486 391 342 545 558 481 483 319 402 487 542 377 358 544 381 362 599 533 614 615
588 428 488 309 320 567 407 437 501 329 576 416 327 540 331 544 306 519 459 340 370 534 315 368 398 532 604 383 496 560 511 541 460 475 599 326 405 539 490 337 367 439 503 533 518 499 578 592 607 452 512 598 476 378 461 521 602 406 436 421 351 564 385 415 549 530 449 543 621 622
396 513 526 594 449 583 451 576 501 354 435 569 318 558 492 439 494 428 496 551 564 331 312 342 306 436 389 557 504 546 603 319 418 552 420 328 358 381 545 356 534 371 402 415 483 604 538 365 606 406 419 461 542 476 597 325 397 465 586 478 378 533 454 372 471 611 612
513 430 475 592 539 424 607 390 309 320 532 418 600 388 452 482 433 329 536 333 412 593 510 491 514 312 376 406 436 518 489 340 370 504 321 385 315 479 319 347 358 362 426 486 386 552 565 420 450 543 335 350 560 344 606 595 387 597 402 544 351 466 336 618 619
308 400 347 589 402 415 349 404 406 327 582 395 463 410 331 573 586 386 399 333 575 322 390 458 379 568 339 372 385 519 374 387 510 444 512 433 325 446 501 437 505 318 320 562 564 553 366 487 368 489 491 533 359 601 550 471 526 473 486 306 354 596 532 345 608 623
400 471 526 594 515 596 409 366 453 466 587 402 444 565 345 457 446 459 309 461 354 560 337 441 496 430 331 391 555 502 395 436 557 546 438 310 559 340 493 506 561 539 431 552 420 377 477 381 602 591 390 472 320 527 419 540 305 369 597 423 412 363 397 327 612 613
515 557 355 385 494 458 409 488 403 407 437 501 560 431 333 412 476 562 461 331 361 312 553 425 500 340 504 423 483 601 315 550 605 526 413 447 596 381 362 532 587 536 514 525 365 369 448 582 595 414 444 497 344 374 586 397 506 353 417 451 618 619
318 593 305 353 395 410 344 465 314 399 412 533 535 304 526 570 583 506 398 519 332 387 508 563 336 578 309 435 327 369 503 558 371 549 441 375 430 364 377 553 487 312 555 368 489 436 370 546 414 416 484 420 541 596 530 543 356 345 589 608 623
593 329 535 604 391 525 359 310 587 404 398 402 432 413 541 441 322 505 539 490 367 371 450 514 454 384 335 365 499 578 316 563 433 497 393 557 374 561 542 521 487 387 417 500 351 332 568 549 509 428 309 339 552 320 598 622 623
331 532 424 413 534 347 602 362 604 406 419 421 542 476 397 478 335 390 321 579 447 315 319 583 530 451 508 402 322 336 446 567 503 395 558 316 560 441 375 430 564 325 364 511 432 368 370 425 493 548 561 482 603 363 607 420 433 554 326 477 490 608 609
532 361 376 537 539 419 370 541 434 334 315 528 509 598 383 526 511 328 486 326 307 337 584 371 435 514 305 499 410 414 444 395 393 374 459 568 506 576 332 366 554 460 569 405 558 345 547 324 418 553 463 412 544 510 327 442 619 620
364 480 601 326 356 458 471 592 581 583 409 325 453 466 587 387 402 565 457 378 525 393 351 439 560 573 441 564 345 553 500 339 320 368 489 502 423 491 425 561 550 499 361 475 477 598 340 413 547 415 536 551 485 606 406 540 595 421 358 410 533 610 611
480 547 536 496 485 322 540 595 356 597 599 546 305 335 316 410 603 414 444 374 389 438 596 598 368 519 587 451 576 466 381 441 514 527 582 475 375 518 573 384 403 564 399 333 363 397 570 491 461 361 376 436 306 565 340 486 355 488 543 490 319 545 558 616 617
436 510 457 367 512 525 446 459 371 335 584 505 518 418 369 350 454 496 378 304 555 387 546 332 415 484 605 541 554 475 488 556 309 477 492 481 412 485 435 597 312 465 478 599 395 359 370 404 471 334 315 398 349 379 528 517 451 613 614
329 459 472 393 595 342 584 397 410 465 386 507 327 509 306 568 581 449 570 559 315 561 374 431 378 367 324 558 371 547 549 375 496 564 606 353 355 557 370 412 304 361 537 471 473 328 596 477 398 466 307 521 413 534 334 402 578 608 609
459 457 558 327 442 494 536 472 553 487 334 315 449 476 489 319 586 345 601 328 592 322 473 307 431 435 519 587 391 468 589 510 525 325 359 503 584 323 304 432 413 332 579 500 362 502 405 356 386 559 420 418 399 350 499 452 615 616
468 537 327 592 594 361 391 342 475 543 598 359 310 340 385 587 404 334 536 319 472 413 569 516 377 584 573 426 507 575 326 450 435 465 384 581 350 429 444 517 559 314 493 506 423 453 486 387 451 545 336 430 460 481 551 439 390 339 542 476 478 533 601 412 615 616
537 528 573 507 409 492 579 426 322 407 568 386 570 365 493 474 314 478 359 423 453 536 353 487 547 432 383 413 604 351 377 553 555 597 326 405 503 320 548 384 448 429 607 535 516 333 438 510 491 442 312 342 376 387 578 489 519 591 538 321 582 595 619 620
320 410 386 305 388 403 326 339 504 398 519 453 374 495 508 321 442 334 376 510 499 391 554 446 371 384 547 562 483 430 551 366 368 489 372 493 548 312 361 482 603 405 418 594 407 420 541 543 356 598 600 413 415 457 404 538 351 353 474 597 608 623
410 424 558 407 591 604 352 472 474 597 391 342 465 586 599 412 395 603 458 592 404 526 315 581 449 596 383 519 587 356 337 501 371 505 399 350 575 496 314 344 430 432 434 555 353 570 491 425 546 561 605 418 433 345 375 488 435 477 490 612 613
554 389 472 483 506 551 383 496 358 460 362 494 505 567 326 405 390 450 473 552 484 365 560 418 369 433 512 314 344 378 457 555 510 342 601 519 321 336 415 594 479 509 596 477 587 589 324 403 426 490 367 431 382 363 446 584 474 620 621
424 342 414 528 423 530 349 402 508 442 589 444 457 578 525 362 567 501 448 503 516 420 518 305 384 316 454 575 418 399 350 564 393 555 397 438 493 603 550 563 355 486 499 475 477 547 339 324 403 354 604 472 485 388 540 461 352 333 412 463 597 416 586 613 614
385 539 581 332 517 381 587 508 567 501 393 461 450 439 560 452 507 441 562 454 363 430 564 390 553 361 312 434 555 447 502 570 546 310 493 541 556 328 358 362 600 413 494 428 549 540 316 369 544 586 599 314 374 399 412 601 414 304 592 611 612
539 551 564 434 315 368 319 398 555 383 477 458 347 601 511 358 426 592 605 386 337 431 450 596 465 416 384 518 499 369 399 350 414 393 478 538 591 502 483 582 595 372 487 597 432 586 351 579 324 561 452 352 569 525 342 376 406 425 560 489 310 419 619 620
594 553 583 366 479 562 447 507 603 488 541 492 407 486 490 550 367 431 435 514 495 446 518 548 365 414 444 344 557 374 325 472 453 323 599 487 304 432 383 545 377 530 362 494 475 420 473 384 324 501 333 510 327 491 521 372 306 519 421 351 622 623
484 518 483 573 334 315 398 496 402 447 579 347 377 555 460 362 441 557 570 559 326 405 367 493 506 508 563 605 316 499 488 501 463 314 397 438 472 372 353 406 481 606 355 415 597 489 544 586 535 603 403 596 437 530 412 363 465 578 361 391 342 395 425 419 616 617
518 384 369 399 562 433 463 393 606 516 553 476 361 406 306 535 415 605 315 479 607 319 458 545 521 377 322 407 486 538 326 307 386 527 582 514 495 597 316 573 586 575 444 478 483 581 487 304 398 402 351 496 430 505 567 405 375 309 618 619
583 421 534 596 549 449 573 558 477 507 552 556 501 471 435 465 327 312 342 414 478 359 553 321 423 453 517 379 481 432 526 466 381 362 441 505 356 307 439 473 548 369 582 482 433 512 463 497 393 344 557 476 542 438 461 442 304 417 605 621 622
489 596 530 362 322 521 326 367 536 420 435 335 365 527 516 584 344 374 457 575 509 564 442 323 353 417 517 366 559 508 497 552 309 567 324 556 354 503 545 388 547 560 602 352 494 333 562 496 446 551 361 597 310 340 334 368 379 526 528 616 617
596 421 340 419 321 605 368 592 383 526 507 488 560 511 358 492 437 326 550 367 465 416 335 316 414 395 314 359 378 353 570 551 402 432 466 568 430 441 543 309 552 586 354 369 501 512 565 397 457 606 442 406 599 622 623
387 453 351 578 499 391 446 448 569 582 395 516 437 560 452 573 494 388 324 564 354 432 553 447 568 363 544 504 546 327 559 561 342 306 473 310 433 598 545 319 600 426 481 485 606 362 527 419 322 386 367 476 454 335 471 374 581 449 570 530 451 611 612
505 369 399 350 452 374 397 561 372 323 353 552 607 351 485 415 366 556 600 547 536 458 339 542 501 382 333 533 546 603 361 342 414 444 425 310 340 434 315 368 402 413 591 512 567 514 582 460 326 386 562 575 473 454 617 618
601 428 507 358 367 446 597 499 578 582 493 444 557 325 561 472 453 404 323 487 304 517 398 600 402 485 564 332 568 366 381 441 326 356 606 345 390 420 309 339 384 354 567 418 369 565 546 605 510 540 442 312 336 415 334 315 319 592 622 623
565 591 561 438 423 502 584 451 481 351 545 575 345 581 473 354 512 382 412 397 476 327 540 491 521 569 312 342 376 395 504 534 606 528 319 398 349 447 560 377 328 358 492 603 437 592 605 405 490 550 367 371 514 350 587 493 474 497 393 557 620 621
591 546 363 576 457 342 306 500 419 553 370 434 334 315 509 581 319 379 383 477 507 560 377 511 358 362 575 486 405 356 307 471 390 371 384 559 444 344 378 604 472 423 323 487 595 481 597 351 355 336 579 460 475 558 409 339 473 533 418 448 482 512 463 622 623
477 478 599 414 474 306 482 419 368 413 377 600 521 534 405 471 390 435 465 584 305 335 316 507 433 374 564 378 438 579 472 568 557 376 417 493 506 332 466 355 460 497 475 486 375 501 503 473 492 547 560 481 407 452 604 352 597 312 616 617
478 409 501 490 426 307 483 435 316 391 542 414 544 340 370 453 451 413 332 377 381 460 441 587 534 576 405 420 371 512 525 473 335 365 324 369 350 314 476 442 312 376 306 415 561 334 449 508 550 563 349 379 486 616 617
463 527 569 582 452 352 431 446 425 340 570 419 404 449 561 368 508 550 447 458 499 347 328 556 426 326 307 386 534 547 420 371 450 549 384 365 316 595 393 544 586 438 535 372 482 376 415 517 430 345 576 589 439 578 525 615 616
375 371 458 579 335 365 447 369 344 506 398 587 576 569 382 516 336 437 452 494 507 428 345 564 487 421 423 544 557 352 363 414 495 327 429 605 431 473 486 475 530 543 340 321 479 602 404 417 582 542 584 465 399 610 611
361 545 402 404 538 358 485 461 421 326 584 476 597 397 586 599 511 471 314 407 449 570 530 451 587 521 563 444 567 355 501 435 516 494 309 339 379 500 381 502 557 370 546 327 372 493 548 497 306 431 473 310 541 367 369 610 611
421 403 451 407 519 367 521 412 576 371 457 525 365 316 448 461 503 437 573 575 509 304 511 432 402 347 449 425 559 506 561 326 495 345 550 563 431 339 486 324 545 393 426 481 536 538 485 606 376 406 417 540 474 595 370 336 319 526 460 581 613 614
526 599 345 507 488 339 403 426 600 333 589 495 446 312 391 414 584 389 370 586 453 334 319 398 379 481 383 581 485 496 475 307 337 563 576 420 305 365 399 393 325 516 547 457 521 606 417 519 504 544 557 618 619
599 409 339 511 575 426 550 412 465 391 563 493 557 538 310 542 472 423 587 334 487 349 570 328 381 475 454 335 556 582 482 433 535 516 595 546 457 521 353 544 525 342 417 306 519 315 528 479 509 562 592 345 622 623
391 534 481 415 549 372 353 525 538 485 540 476 366 465 399 414 535 345 592 309 339 447 528 530 398 352 333 442 457 567 393 435 569 395 340 450 315 496 430 555 377 328 326 307 548 371 429 316 598 314 344 374 611 612
540 578 465 495 446 582 595 499 342 395 573 527 508 325 538 389 579 536 319 349 379 568 377 358 460 362 322 576 494 439 567 473 503 454 569 365 369 562 516 457 551 406 597 544 500 351 332 336 366 509 428 409 598 403 619 620
349 414 548 482 374 429 550 327 350 342 354 367 306 409 321 358 426 402 362 404 351 606 582 353 347 328 326 454 388 535 335 316 581 449 517 506 519 508 389 457 433 393 435 569 332 369 382 492 452 573 507 441 496 309 434 491 425 559 609 610
414 545 600 494 403 549 352 412 476 365 314 374 310 475 323 598 519 521 332 589 377 362 527 326 569 516 390 584 564 511 393 432 434 568 449 491 504 406 493 306 370 321 497 366 444 486 501 612 613
368 561 550 376 497 486 307 541 475 545 335 492 534 602 428 483 344 472 485 406 419 474 595 351 535 355 336 403 471 592 405 449 517 530 451 521 352 333 395 516 558 573 494 386 306 575 340 315 379 434 447 381 370 438 610 611
354 355 476 397 340 321 533 334 454 511 592 528 517 398 508 442 497 512 335 435 556 382 516 437 371 509 353 304 551 377 553 332 502 336 491 546 559 561 603 431 552 339 473 420 324 475 545 426 415 327 417 474 595 609 610
535 604 458 492 597 324 426 490 307 471 352 431 514 495 499 316 568 493 425 389 561 472 423 453 483 487 379 567 556 485 332 466 496 530 362 494 549 356 454 384 542 418 546 344 363 476 457 510 342 376 406 500 355 600 589 528 619 620
604 363 416 446 499 559 544 395 474 508 310 370 542 502 453 404 334 506 581 398 379 451 560 530 430 381 543 326 307 558 473 552 454 369 399 512 378 457 438 372 376 606 564 332 355 336 415 549 366 449 592 511 541 556 426 622 623
542 403 437 567 337 412 465 416 495 316 395 564 527 553 555 423 502 453 404 398 481 548 332 550 377 605 460 475 356 386 420 371 450 545 305 384 589 578 393 457 491 372 406 519 415 568 315 449 528 458 339 619 620
447 491 546 430 441 482 439 339 541 475 418 399 598 600 534 576 333 363 536 578 527 342 376 461 516 450 306 340 454 315 458 579 581 502 328 451 493 506 407 437 495 356 307 386 563 497 446 305 501 543 350 444 547 560 419 538 353 606 417 614 615
491 534 510 322 475 405 490 439 507 305 365 314 344 502 504 353 304 406 417 351 543 556 503 345 492 409 488 339 602 494 536 324 538 551 426 606 388 482 431 533 312 342 548 444 474 605 359 453 319 587 481 616 617
359 607 541 488 435 556 598 328 492 547 602 536 307 549 538 551 474 305 487 465 344 403 458 405 517 332 444 514 309 339 569 582 516 324 437 558 384 397 575 352 390 511 327 432 553 379 500 312 381 559 310 372 321 482 374 429 315 376 418 319 609 610
607 310 602 340 419 370 587 404 483 334 517 592 413 347 511 381 326 356 386 337 367 439 371 450 365 499 429 493 497 314 344 374 397 476 457 438 442 372 589 564 332 355 598 549 479 509 488 309 503 586 486 388 352 595 446 510 555 538 622 623
534 541 312 342 519 500 600 310 389 419 370 576 589 453 578 528 413 507 381 564 307 337 471 450 305 335 316 429 444 433 550 378 457 323 353 336 530 475 538 409 454 544 324 546 407 437 512 516 363 476 416 619 620
472 497 486 363 567 435 501 543 490 558 492 395 602 370 423 334 474 487 379 451 544 383 362 603 528 439 371 384 369 374 325 397 514 569 304 573 586 562 575 355 336 579 500 502 504 559 426 437 615 616
403 597 324 471 592 405 407 528 382 409 451 587 312 342 510 444 446 370 321 514 435 503 334 516 450 319 562 564 377 358 487 500 568 337 367 390 371 425 546 335 482 416 369 486 499 598 353 479 492 376 336 366 406 474 612 613
370 473 420 328 409 466 326 356 337 367 415 536 417 305 335 406 419 461 474 350 465 412 458 405 460 517 366 508 576 512 324 569 382 516 437 384 560 452 352 386 496 564 342 553 310 372 315 429 431 610 611
473 573 586 449 579 500 428 409 517 322 386 550 563 435 335 365 567 350 479 481 602 494 453 483 304 485 606 553 383 460 441 439 450 605 309 339 454 541 324 418 433 576 327 442 512 312 342 527 569 615 616
334 550 350 431 552 365 409 598 547 589 362 525 606 340 461 582 355 344 399 454 511 405 568 460 312 581 407 528 383 504 310 508 521 563 576 376 389 444 336 378 514 556 437 450 452 494 507 307 509 430 366 559 548 561 608 609
550 315 398 553 555 347 460 603 326 356 307 605 371 305 316 418 448 350 512 497 374 589 378 578 545 573 504 415 549 528 409 309 492 559 407 388 546 465 416 508 538 560 389 502 404 434 619 620
553 326 386 514 602 474 527 344 508 325 538 582 457 442 536 487 481 485 332 543 494 475 559 439 503 454 576 407 437 567 431 333 546 476 425 564 606 389 555 404 434 428 603 347 541 620 621
310 541 466 426 547 589 415 549 404 527 419 474 584 344 465 333 326 460 451 453 508 321 576 499 325 567 435 327 516 316 371 452 309 562 377 500 502 544 548 363 605 608 623
544 545 326 307 337 584 597 335 365 316 586 474 508 438 502 434 323 304 366 494 390 450 556 569 309 503 454 533 324 547 418 501 433 551 510 312 525 376 406 546 340 315 509 319 598 507 458 409 619 620
545 395 425 306 423 483 506 536 398 379 451 569 466 460 322 549 562 475 405 356 390 420 503 316 369 501 452 433 527 510 442 372 525 376 500 332 600 576 509 428 458 409 586 426 564 431 446 327 499 619 620
511 597 405 356 345 450 339 324 501 482 528 541 333 363 438 442 406 536 578 538 351 514 321 516 573 428 409 492 579 568 486 307 352 519 444 395 425 497 314 483 558 487 398 549 562 383 551 564 366 555 617 618
597 492 556 324 486 437 388 416 327 559 493 527 557 321 506 383 413 377 530 430 381 362 322 569 439 548 365 448 399 350 452 546 561 521 323 353 304 525 376 500 504 547 592 507 339 622 623
509 592 439 420 450 454 369 452 587 378 461 353 514 366 562 345 507 458 409 557 426 490 471 352 412 363 435 495 499 543 474 425 508 389 340 419 536 453 404 506 451 466 496 358 546 362 617 618
528 605 355 366 530 598 339 576 492 569 431 382 582 573 586 395 474 497 419 581 557 517 398 379 466 347 543 439 420 558 602 549 418 448 399 429 501 393 461 323 546 376 406 417 603 618 619
514 602 549 314 510 372 406 500 533 366 603 449 488 309 598 492 407 437 589 431 582 312 573 425 497 508 579 506 319 481 383 517 559 561 563 326 405 337 367 567 420 569 305 384 335 558 618 619
602 416 495 559 342 444 395 425 502 587 404 483 434 517 402 481 496 381 494 420 584 503 454 305 335 452 557 397 476 438 353 525 570 417 500 351 504 568 415 366 579 458 556 586 486 595 363 622 623
527 382 516 412 363 558 461 560 395 500 389 504 321 434 398 383 507 488 328 322 326 356 337 471 543 367 598 371 335 536 429 493 444 474 538 344 325 582 423 323 517 575 481 579 366 581 570 561 503 618 619
307 309 322 419 555 355 423 315 557 559 495 416 350 363 365 475 345 600 547 402 536 525 406 340 582 395 584 397 452 399 533 454 388 579 405 383 519 319 325 569 369 490 503 371 426 494 362 608 623
309 344 412 575 390 337 460 570 587 510 444 457 578 499 312 567 501 448 450 551 564 377 568 374 497 352 486 420 367 488 356 598 490 466 479 547 417 406 340 461 584 355 608 623
546 383 347 492 386 367 465 305 568 493 344 559 378 487 304 517 552 481 496 355 415 366 430 494 547 549 409 454 512 352 382 333 397 548 442 592 306 500 340 600 619 620
444 543 378 438 423 600 372 353 417 430 476 603 605 418 407 382 530 576 425 525 569 450 562 454 358 362 426 555 326 386 493 548 561 497 552 499 614 615
543 504 483 434 487 517 398 379 561 451 576 430 441 475 356 490 386 558 439 503 533 499 316 399 429 497 314 393 457 506 548 351 332 366 409 339 492 324 595 471 382 516 412 584 586 575 312 619 620
419 486 433 333 412 416 316 547 549 395 538 584 319 533 377 328 371 466 510 578 393 327 372 452 494 376 406 417 441 496 306 430 551 336 423 570 504 425 559 548 603 324 605 613 614
486 451 413 358 592 430 322 541 337 367 530 598 390 420 371 519 384 335 589 369 399 525 457 516 584 461 575 332 555 479 570 504 428 508 497 407 488 556 600 547 549 616 617
551 431 435 416 446 305 499 552 429 567 393 374 325 538 423 372 506 323 353 487 417 496 430 460 557 494 405 439 390 384 388 382 333 412 457 442 578 376 519 504 398 379 564 507 377 328 492 322 437 620 621
305 384 439 386 441 388 430 324 434 493 482 374 418 431 365 420 433 488 356 490 358 600 415 536 417 485 461 474 465 412 533 592 570 451 506 453 510 323 336 457 378 312 325 314 503 450 608 623
384 439 494 507 350 562 496 388 344 325 434 502 423 570 438 506 561 482 495 442 563 336 497 435 556 324 481 415 428 363 474 595 312 399 581 379 530 453 508 328 510 322 457 512 356 337 367 611 612
363 417 474 516 586 399 575 326 335 504 314 344 499 567 556 448 490 382 371 441 562 606 377 366 487 434 502 423 559 372 374 495 416 605 418 552 365 530 598 479 600 402 610 611
423 605 358 552 499 407 501 556 490 416 316 399 395 474 482 603 351 332 460 366 381 598 345 390 339 578 324 448 503 412 507 441 562 312 496 406 564 306 434 404 315 548 561 613 614
605 453 404 483 562 432 383 413 328 492 575 426 356 420 371 465 548 316 582 399 350 493 433 557 374 508 538 589 570 481 460 494 428 458 533 595 476 525 474 425 321 622 623
335 492 496 388 430 377 379 502 504 559 327 603 352 365 347 481 549 483 525 353 342 586 399 454 579 339 314 407 325 517 453 323 304 508 521 389 578 569 382 503 516 608 609
492 453 483 353 487 541 481 383 485 466 347 460 439 420 569 339 586 369 575 433 564 327 442 372 406 504 561 340 497 449 501 428 458 358 547 426 437 382 606 435 616 617
409 533 340 579 460 530 328 453 466 521 362 442 407 576 365 316 437 560 573 562 314 454 575 434 570 504 425 559 332 366 603 495 563 431 552 499 420 598 399 549 483 333 538 327 312 476 612 613
340 490 600 589 536 417 306 406 461 353 584 465 399 390 592 460 407 570 453 521 563 389 378 512 393 382 558 371 452 496 564 500 555 568 381 502 603 416 608 609
412 483 485 461 458 570 389 506 466 576 457 328 358 435 437 356 441 432 500 350 434 555 568 502 559 397 548 429 552 433 336 490 315 479 547 612 613
483 435 474 425 389 494 549 538 487 451 466 377 430 390 350 429 452 587 433 508 393 344 510 378 461 323 353 342 569 516 573 336 415 449 479 502 339 504 324 426 561 471 616 617
497 453 487 402 413 547 560 485 562 564 606 475 420 418 369 448 429 592 393 333 397 438 530 372 336 449 479 595 339 507 328 388 490 337 367 446 561 508 576 510 617 618
365 371 560 494 507 441 496 485 379 500 347 358 482 541 367 344 413 589 481 353 304 461 474 584 465 586 533 575 460 504 453 376 378 501 556 382 503 437 558 450 610 611
371 316 564 377 314 487 379 304 559 429 541 475 426 536 606 461 595 333 465 458 579 471 460 355 581 517 319 398 358 457 556 356 437 558 450 610 611
315 350 405 552 407 475 488 358 479 600 521 347 336 404 538 393 395 584 386 533 388 339 460 328 438 451 319 561 453 374 495 578 512 325 369 382 558 428 608 623
471 538 595 428 548 416 446 530 587 325 389 510 578 512 453 404 582 584 413 466 347 381 356 386 439 390 570 493 418 429 433 393 333 457 438 442 501 556 342 490 503 558 547 494 321 615 616
538 431 556 558 547 560 395 474 306 379 383 466 358 530 441 390 418 350 429 482 476 438 521 536 525 573 406 415 579 449 570 345 428 458 426 552 619 620
416 494 428 319 595 322 407 586 579 592 316 451 325 453 378 576 589 510 323 457 525 567 569 461 351 437 336 454 345 500 434 369 493 333 495 418 406 433 355 479 426 547 612 613
576 521 584 564 355 415 449 573 428 581 552 324 388 501 431 395 434 319 481 413 466 496 569 337 439 390 420 503 448 482 512 587 374 589 476 621 622
342 466 587 479 333 525 393 327 395 397 586 575 388 383 374 521 376 389 337 578 501 437 560 494 314 496 430 485 366 323 304 425 493 429 431 552 356 609 610
383 425 548 603 495 563 420 541 345 475 600 536 382 406 461 474 476 397 533 390 405 377 328 587 442 389 402 446 393 569 503 516 437 558 350 494 386 388 325 323 555 568 502 611 612
425 479 547 536 367 420 399 397 460 323 304 417 519 332 355 366 510 501 461 496 430 352 382 434 555 395 495 442 552 319 398 488 613 614
314 325 567 556 448 573 304 428 388 564 485 377 500 493 603 495 350 475 530 358 479 413 426 347 481 362 404 417 395 355 399 454 458 504 398 519 319 453 563 389 336 378 608 623
325 446 435 556 327 448 369 428 549 555 355 476 548 350 352 488 356 598 479 600 312 347 481 336 306 525 406 582 474 573 586 390 579 326 570 504 438 559 451 316 495 389 510 608 609
446 481 494 397 323 474 487 376 406 586 332 533 355 336 415 603 592 428 530 333 525 435 567 327 501 448 573 389 321 434 379 568 557 504 347 506 430 548 561 598 490 558 479 547 614 615
481 495 563 389 321 490 319 432 496 381 441 322 405 337 390 450 448 429 393 541 519 372 521 417 512 479 339 564 324 388 500 555 568 502 431 382 616 617
558 393 568 453 372 487 561 417 351 332 466 496 339 503 564 606 388 512 516 476 327 442 603 500 592 504 449 600 428 589 407 582 386 337 620 621
344 433 567 393 435 369 450 386 333 564 327 434 555 438 559 482 418 367 530 345 479 600 426 337 402 351 461 595 323 304 458 449 570 521 510 512 609 610
433 389 516 584 323 304 452 441 454 432 347 377 434 555 568 502 449 570 326 356 369 488 333 327 494 406 306 595 476 465 533 428 337 382 598 519 453 589 613 614
548 413 347 460 356 439 454 418 448 429 493 374 502 506 323 587 600 417 589 485 430 595 584 345 573 428 503 407 452 382 333 465 312 474 321 434 569 547 619 620
561 567 386 562 439 390 552 533 369 399 429 501 452 603 510 442 555 598 321 355 366 600 449 560 358 388 435 579 508 389 434 506 487 304 620 621
495 304 536 398 549 496 451 606 485 595 328 430 460 367 390 603 454 369 350 429 517 374 378 438 521 589 417 525 332 586 579 568 502 426 407 437 504 382 435 465 508 552 474 556 389 600 560 617 618
316 386 428 362 430 432 379 304 603 429 431 345 358 413 347 589 457 525 452 586 533 390 568 328 504 438 519 376 510 578 499 512 567 501 569 382 503 608 623
326 564 568 603 376 418 352 488 589 351 606 461 595 355 397 399 533 337 517 466 587 563 389 457 378 327 448 382 395 516 304 560 386 562 608 609
564 405 450 350 429 452 374 476 569 442 521 353 304 519 332 388 395 321 582 595 398 562 573 413 328 358 430 381 322 620 621
453 556 479 426 465 382 327 458 312 460 395 306 517 379 512 516 430 441 405 390 420 450 369 399 570 393 504 559 493 378 438 353 614 615
322 379 500 557 438 552 352 367 488 347 589 321 402 415 336 525 406 474 395 452 465 575 337 592 568 339 581 312 398 306 442 563 376 389 457 578 435 556 327 503 560 573 386 496 606 608 623
379 482 603 429 367 431 490 479 600 547 402 536 474 395 376 586 351 355 568 581 389 327 501 569 503 439 507 428 562 432 319 487 502 358 610 611
398 376 603 429 431 420 475 345 479 525 417 606 406 474 352 333 312 395 579 407 530 508 442 457 448 582 516 437 562 575 350 502 397 504 559 372 611 612
494 493 557 570 506 508 510 569 460 547 439 606 555 448 482 382 333 476 457 598 355 587 512 582 377 356 490 431 390 617 618
402 559 563 376 431 321 435 600 413 547 415 430 606 474 595 388 367 586 603 458 579 592 460 581 374 451 323 587 304 521 351 332 567 347 336 461 450 584 507 562 454 432 557 570 504 612 613
559 432 328 358 386 552 503 418 448 350 501 482 397 555 587 336 449 569 582 345 458 488 586 352 581 306 321 506 304 620 621
405 434 345 557 570 339 493 563 552 352 420 488 327 556 490 479 536 428 549 474 358 362 356 460 530 451 508 589 457 578 461 503 437 454 612 613
404 431 499 541 327 475 312 376 321 549 355 417 485 406 474 476 328 458 367 460 407 517 369 374 378 578 304 448 569 582 452 381 430 500 434 339 504 493 506 612 613
418 503 439 452 562 496 347 328 432 500 438 390 506 429 393 600 547 536 417 430 332 355 474 533 603 324 581 407 352 397 312 578 569 461 582 613 614
503 493 507 378 457 579 323 496 508 430 449 552 345 567 428 458 324 437 482 382 333 555 474 434 541 377 358 600 536 386 435 582 617 618
395 556 393 333 415 536 417 376 306 336 366 399 533 458 358 466 508 337 367 578 501 461 437 439 507 441 568 557 570 438 506 386 499 420 611 612
556 502 517 432 485 466 430 441 450 578 552 448 482 560 573 397 457 461 606 372 312 555 351 504 321 479 428 598 407 437 386 431 435 595 620 621
439 562 429 555 374 438 372 417 552 332 499 366 488 490 600 560 536 549 407 474 476 382 435 482 592 460 389 321 541 587 521 432 578 347 525 362 452 573 614 615
562 448 512 374 397 476 378 589 506 323 578 376 351 573 345 428 407 388 352 555 474 567 389 321 502 434 547 432 466 377 328 381 490 620 621
487 356 435 399 429 374 496 438 372 304 381 460 592 530 339 519 482 536 512 476 442 584 507 389 355 579 568 502 347 328 616 617
351 449 570 519 466 587 508 521 378 567 393 321 560 319 507 428 575 568 372 493 482 488 598 490 413 332 485 582 353 336 584 476 399 345 579 407 609 610
449 332 592 581 530 451 519 521 324 448 525 516 452 406 579 389 500 321 557 493 413 508 377 499 362 541 426 337 369 399 374 465 432 614 615
500 519 510 454 578 448 569 452 374 378 438 573 507 579 502 415 563 552 426 407 437 490 352 431 435 536 327 321 319 432 485 581 617 618
430 555 568 502 493 350 393 488 501 600 547 560 332 536 336 381 595 476 482 530 519 589 457 319 428 452 573 358 613 614
567 378 573 586 372 506 417 579 485 581 336 530 479 428 339 533 388 569 452 482 516 333 525 389 560 367 390 578 350 429 582 595 620 621
557 347 530 460 560 367 450 448 482 378 372 506 555 417 332 504 598 479 587 345 428 507 488 339 552 595 516 575 510 579 493 474 581 563 451 413 620 621
432 356 367 390 420 541 488 399 435 598 393 600 378 549 372 304 485 406 465 533 458 592 517 407 333 327 578 582 437 584 389 560 573 413 434 555 570 613 614
451 508 563 339 431 333 476 312 533 482 389 475 517 598 347 358 362 441 426 512 386 337 582 507 429 454 575 393 374 458 579 568 376 406 614 615
376 323 353 389 457 569 382 437 450 560 573 386 507 345 575 390 434 555 327 563 306 600 426 547 595 465 579 475 530 610 611
570 485 466 496 381 475 450 448 429 512 382 521 525 519 321 547 358 600 589 407 386 465 582 595 573 393 389 378 579 323 581 621 622
485 517 352 563 474 499 374 501 434 496 606 332 377 475 339 324 399 541 482 393 530 327 521 589 406 525 321 366 479 586 575 428 458 358 579 426 437 616 617
304 508 382 441 353 372 603 552 352 356 587 358 600 521 589 415 457 417 393 406 474 595 450 584 397 333 324 502 504 332 608 623
378 512 435 575 336 381 324 603 431 333 499 598 600 306 415 321 355 606 406 461 584 465 533 377 328 358 592 460 519 350 466 442 610 611
397 457 525 369 516 450 352 333 452 573 454 306 434 555 438 506 508 563 347 377 420 356 600 547 476 465 323 592 519 345 521 611 612
457 442 353 461 582 306 555 568 504 431 536 549 413 586 441 603 337 458 517 519 429 615 616
355 460 324 530 466 521 578 512 461 584 388 366 381 438 431 541 350 598 369 600 413 415 323 362 417 474 465 458 579 592 609 610
460 336 504 339 563 499 426 407 437 382 547 533 347 592 362 441 356 420 450 589 510 448 516 323 586 615 616
358 502 438 429 431 367 587 413 595 516 458 581 517 506 521 563 510 345 448 324 428 352 333 609 610
502 362 441 475 386 390 560 549 606 476 442 323 353 406 541 530 345 587 488 437 582 435 507 389 319 508 563 617 618
390 555 438 493 333 442 552 475 306 490 479 413 426 415 536 474 377 465 586 356 386 337 367 466 587 578 393 448 569 437 450 336 611 612
506 336 441 569 345 420 339 448 399 555 352 333 306 598 587 600 428 377 407 437 465 575 499 350 493 579 393 438 517 372 519 617 618
573 369 581 482 461 372 336 366 488 606 437 388 337 333 465 603 312 508 587 600 536 319 530 575 621 622
475 389 321 555 493 413 347 488 356 337 450 465 369 350 374 438 372 533 415 541 517 324 452 352 516 442 616 617
332 374 508 510 512 490 450 426 560 606 434 312 306 603 321 541 466 347 536 336 595 476 452 399 575 388 568 323 608 609
353 508 333 327 435 448 450 306 507 496 606 319 434 347 493 431 407 541 356 350 461 476 458 381 609 610
508 496 560 415 339 452 382 333 476 541 530 306 504 434 319 369 350 429 393 374 552 617 618
568 581 362 356 587 450 512 333 442 312 555 417 519 321 547 479 319 488 328 541 437 388 493 474 582 389 584 323 377 620 621
581 336 530 603 598 437 431 382 333 584 525 555 586 389 547 413 347 377 381 362 386 337 367 420 512 374 621 622
406 519 466 587 382 327 312 437 560 452 482 442 563 431 552 435 490 428 323 606 465 533 592 339 530 612 613
519 530 417 536 525 458 426 575 501 490 474 569 547 362 386 367 555 374 516 592 461 323 541 618 619
466 312 504 417 321 563 600 388 386 337 382 474 435 482 434 323 530 347 366 512 356 450 339 454 507 438 442 615 616
575 420 533 429 592 525 547 479 582 595 428 328 569 367 579 350 563 578 434 536 413 381 621 622
336 407 521 569 386 328 428 366 555 493 431 369 490 345 600 347 589 549 362 525 465 608 609
350 319 496 366 337 438 372 603 431 541 600 415 362 525 347 606 582 584 465 587 563 510 499 609 610
517 563 479 488 547 324 437 388 595 555 312 474 592 521 347 328 381 569 448 482 374 579 461 618 619
438 569 450 356 452 441 496 429 393 504 482 603 417 306 600 339 333 533 454 327 530 521 614 615
420 389 321 434 555 347 377 493 482 563 356 499 541 399 426 595 465 533 415 530 382 569 437 450 560 306 613 614
450 454 369 448 496 417 563 552 415 488 536 549 324 592 434 530 377 328 510 362 614 615
454 324 555 382 442 312 552 541 488 501 319 536 426 407 431 533 603 458 389 598 587 589 510 512 461 516 614 615
496 504 369 448 499 501 323 536 415 366 488 324 592 382 476 521 589 578 512 525 381 441 426 617 618
393 441 321 339 488 598 490 600 312 415 536 606 389 399 530 587 442 611 612
586 482 512 592 461 474 389 321 507 347 328 381 426 356 490 337 369 429 563 442 323 536 366 621 622
352 525 606 461 476 465 592 530 442 501 448 516 560 386 441 345 372 493 324 603 356 490 312 413 415 428 609 610
525 589 461 321 413 488 377 386 563 435 474 569 547 372 606 441 345 530 482 598 618 619
374 435 347 386 441 377 369 493 345 582 476 452 337 367 458 504 563 499 610 611
530 366 563 428 407 388 560 435 592 413 541 377 441 598 587 600 578 369 618 619
327 417 595 465 399 533 579 328 521 448 569 306 377 366 372 603 541 488 598 587 608 609
442 578 512 448 582 507 345 388 504 499 488 321 600 319 549 606 347 437 465 533 386 431 458 429 614 615
417 382 510 441 328 434 555 381 356 367 493 482 429 541 488 600 372 549 461 582 474 465 579 324 612 613
312 345 587 415 536 474 476 399 592 504 441 606 377 493 429 608 623
345 521 512 448 337 507 377 434 323 493 482 598 479 600 426 547 339 549 362 461 582 595 584 609 610
510 589 461 372 584 366 479 488 339 452 482 431 465 512 306 549 507 555 347 328 362 426 356 448 399 429 598 617 618
589 415 587 413 428 507 347 328 541 584 389 372 323 536 366 381 595 552 324 369 448 501 482 333 622 623
578 372 323 603 541 324 437 388 333 465 499 563 474 306 595 347 560 337 367 533 429 512 621 622
592 547 507 388 584 563 434 536 413 377 328 552 533 369 606 306 321 622 623
479 377 328 582 516 362 441 337 429 493 372 552 488 501 490 458 426 388 382 533 616 617
324 584 476 465 328 504 563 499 569 382 516 437 493 603 356 582 608 609
584 452 333 521 555 389 587 428 458 488 347 569 595 399 429 415 381 621 622
347 504 306 541 367 488 319 547 328 415 465 579 407 389 569 452 609 610
547 582 595 328 362 356 533 482 372 552 606 507 339 407 619 620
541 504 434 413 441 490 435 465 595 372 533 437 452 482 431 549 521 606 306 619 620
389 372 323 490 476 388 587 306 321 512 448 452 507 328 356 555 504 369 611 612
521 415 488 339 579 388 382 563 499 552 536 549 328 595 381 362 337 369 399 501 476 618 619
600 555 381 362 441 426 490 337 499 448 323 549 458 482 516 622 623
435 536 549 434 465 381 339 369 448 507 441 413 428 499 613 614
536 306 569 504 319 386 499 579 437 619 620
339 579 333 512 516 428 366 482 488 356 608 609
388 461 458 579 306 321 319 441 367 603 563 323 413 426 377 381 606 611 612
461 582 507 579 555 504 428 458 328 362 431 490 560 533 598 448 615 616
407 474 476 482 458 337 382 448 434 381 362 493 552 501 333 490 413 549 612 613
474 319 328 369 448 560 415 366 493 615 616
476 426 582 516 319 328 499 488 356 367 549 429 452 598 458 616 617
595 437 382 321 362 569 499 369 448 429 452 482 606 323 622 623
382 366 499 582 437 560 507 441 319 431 337 426 415 611 612
587 504 598 488 560 490 465 582 323 319 413 356 552 399 429 482 333 621 622
431 319 386 369 501 560 441 415 366 434 504 493 482 499 490 613 614
356 306 504 482 413 549 399 323 499 437 507 609 610
366 563 501 516 560 428 504 429 306 321 319 399 610 611
458 533 482 428 452 560 319 381 362 441 426 493 386 337 369 448 372 615 616
533 490 306 321 560 386 337 448 429 516 323 619 620
549 499 323 362 441 369 399 429 501 452 512 333 552 372 582 490 367 619 620
603 507 488 328 426 337 606 579 381 441 448 452 482 622 623
437 369 399 579 415 493 552 428 377 614 615
482 413 381 362 441 386 367 399 429 563 490 321 616 617
321 413 333 381 512 319 569 369 429 608 623
555 426 386 582 399 372 501 452 516 465 306 620 621
504 377 598 579 488 560 367 434 617 618
490 606 377 328 448 582 516 323 493 552 499 569 333 560 616 617
606 367 499 582 323 413 377 441 386 552 369 501 512 415 507 622 623
428 413 362 448 569 516 452 579 434 306 552 613 614
552 328 381 441 386 337 415 507 598 465 620 621
369 507 488 413 415 579 569 610 611
493 377 328 337 452 372 598 488 333 616 617
362 434 372 429 323 598 563 501 569 582 386 441 610 611
434 337 598 429 465 512 582 377 563 613 614
399 452 319 413 337 372 612 613
501 582 516 507 579 448 512 333 328 367 499 429 617 618
337 598 413 415 319 448 507 441 608 609
560 448 582 488 512 563 413 367 620 621
323 563 499 377 306 319 582 452 465 381 328 608 609
563 448 319 367 620 621
367 377 372 328 598 452 381 512 448 610 611
377 429 569 582 516 319 610 611
448 488 306 465 381 429 614 615
452 569 507 372 426 319 441 614 615
569 512 372 333 441 620 621
381 488 598 333 415 579 516 386 507 441 611 612
441 429 372 306 386 614 615
512 516 372 415 488 306 328 598 617 618
386 372 579 507 611 612
579 516 333 319 598 372 621 622
507 598 426 319 328 617 618
582 319 328 621 622
429 598 465 613 614
413 306 488 319 415 516 612 613
306 598 415 328 499 608 623
319 598 465 608 623
488 328 333 616 617
598 499 622 623
328 608 609
415 499 426 612 613
426 516 333 613 614
499 333 617 618
372 610 611
516 618 619
465 615 616
333 608 609
608
609
610
611
612
613
614
615
616
617
618
619
620
621
622
623
