#/usr/local/lib/python3.10/dist-packages/colab_kernel_launcher.py -f /root/.local/share/jupyter/runtime/kernel-2b515d16-c871-48c9-ad2b-cd6ecd503099.json
# GMT Thu May 23 14:14:25 2024
# 
4 9 2 11 13 6 15 1 12 5 14 7 16 34 37 38 40 41 44 45 47
9 10 12 0 14 16 7 3 11 13 15 2 34 35 38 39 41 42 45 46
3 13 6 15 8 10 1 5 14 7 16 11 34 37 38 40 41 43 44 47
13 6 12 16 8 5 11 0 1 10 35 36 39 40 42 43 45 46
0 14 7 2 11 6 15 8 1 10 12 34 36 37 39 40 43 44 46 47
14 15 5 7 16 10 12 2 8 35 36 39 40 42 43 46 47
2 11 15 8 1 10 12 5 7 34 36 37 40 41 43 44 47
11 6 16 5 1 15 10 35 36 38 39 42 43 45 46
1 15 8 10 5 7 6 34 36 37 40 41 43 44 46 47
15 16 6 8 5 36 37 39 40 42 43 46 47
6 8 10 12 7 16 34 35 37 38 41 42 44 45 47
7 10 12 5 8 34 35 37 38 41 42 44 45
10 12 16 35 36 38 39 41 42 45 46
5 12 16 8 34 35 37 38 40 41 44 45 47
12 16 8 35 36 38 39 42 43 45 46
16 8 36 37 39 40 43 44 46 47
8 34 35 38 39 41 42 44 45
21 26 19 28 30 23 32 17 27 18 29 31 24 34 37 38 40 41 44 45 47
26 25 27 17 31 22 33 24 18 30 32 23 34 35 38 39 41 42 45 46
20 30 23 32 25 27 18 29 22 31 28 19 17 34 37 38 40 41 43 44 47
30 23 29 19 25 22 17 24 27 32 35 36 39 40 42 43 45 46
25 28 19 23 27 29 31 22 33 24 34 35 38 39 41 42 44 45
28 31 19 23 33 22 24 17 32 27 35 36 38 39 42 43 45 46
31 32 24 18 33 27 29 19 35 36 39 40 42 43 46 47
19 17 23 32 29 22 33 34 36 37 40 41 43 44 47
18 32 27 29 22 24 33 23 17 34 36 37 40 41 43 44 46 47
32 33 29 17 22 36 37 39 40 42 43 46 47
23 22 27 29 33 34 35 37 38 41 42 44 45 47
24 27 17 29 22 33 34 35 37 38 41 42 44 45
27 33 17 35 36 38 39 41 42 45 46
22 29 33 34 35 37 38 40 41 44 45 47
29 17 35 36 38 39 42 43 45 46
17 33 34 36 37 39 40 43 44 46 47
33 36 37 39 40 43 44 46 47
34
35
36
37
38
39
40
41
42
43
44
45
46
47
