#/usr/local/lib/python3.10/dist-packages/colab_kernel_launcher.py -f /root/.local/share/jupyter/runtime/kernel-dea7114a-48f2-47cd-9840-9590734c419b.json
# GMT Thu May 23 19:47:50 2024
# 
13 88 101 32 110 77 113 90 80 57 37 12 112 79 69 46 26 16 91 104 81 94 61 38 15 28 4 7 106 73 50 27 40 17 115 8 105 118 72 85 62 75 52 42 19 117 84 97 74 51 87 64 54 31 44 1 3 99 53 89 66 20 23 98 111 238 244 245 251
88 108 98 79 97 23 4 26 7 10 43 73 109 54 76 99 57 8 87 60 41 111 101 91 2 35 100 113 68 103 49 0 52 3 82 6 36 39 50 72 53 83 86 67 94 30 47 28 116 1 93 80 31 106 12 42 96 64 75 48 78 59 51 81 242 243 249 250
32 101 78 45 35 67 34 70 23 37 5 112 102 115 92 69 21 82 59 24 72 6 114 104 117 71 48 61 18 93 106 30 60 96 73 50 14 40 19 1 118 3 95 108 85 62 65 42 97 110 41 77 54 44 11 109 99 25 76 26 53 10 46 111 238 239 245 246
101 62 92 65 95 98 106 96 23 25 26 56 108 7 9 89 40 43 73 24 76 27 107 110 41 71 74 109 91 112 2 5 35 19 3 63 85 36 66 69 20 53 34 103 86 100 30 102 115 14 105 44 47 28 61 114 15 104 45 97 48 51 242 243 249 250
24 97 14 74 64 41 54 31 1 44 15 109 99 76 89 66 33 98 111 45 25 100 77 90 57 21 34 70 47 37 8 102 79 69 59 26 91 104 81 94 71 48 61 5 51 103 19 116 3 83 60 73 6 50 27 63 17 40 105 118 95 108 85 238 239 245 246
97 54 76 27 57 8 38 90 41 93 74 77 58 91 18 2 105 5 68 0 114 104 3 117 63 55 6 66 17 39 69 20 72 34 84 30 11 118 14 25 1 61 42 48 78 29 59 81 95 46 79 99 96 23 26 7 111 40 21 43 242 243 249 250
16 93 106 83 37 50 27 40 30 115 105 82 118 11 72 85 62 1 117 107 15 74 87 64 21 96 109 86 66 20 23 98 4 111 65 7 55 10 68 45 22 8 77 113 90 67 44 80 47 112 102 79 56 46 59 36 5 114 91 104 0 81 71 116 238 244 245 251
93 49 22 52 82 6 85 36 110 17 100 69 51 81 34 65 109 99 111 47 28 114 9 31 61 12 64 15 45 75 48 78 29 103 62 77 79 102 105 37 89 70 21 117 73 107 55 27 57 8 87 41 71 72 116 96 58 18 118 2 108 242 243 249 250
47 80 44 25 70 9 112 42 45 82 72 49 114 46 104 94 48 84 23 26 37 60 96 10 50 40 63 105 27 118 38 108 85 62 75 107 110 54 109 19 0 99 22 76 3 53 89 6 36 56 39 111 78 55 68 58 30 113 90 67 239 240 246 247
80 90 61 12 64 45 75 51 92 79 114 104 81 94 23 4 56 37 40 70 21 83 96 54 86 8 38 41 118 108 85 58 98 18 107 2 5 110 35 87 68 19 49 0 22 52 55 6 36 66 17 99 112 89 50 72 53 34 67 44 25 241 242 248 249
0 5 103 70 83 60 37 73 27 4 17 118 95 49 85 52 29 19 94 84 74 51 54 8 63 99 76 53 30 43 20 23 111 78 55 68 35 12 110 2 100 113 90 67 34 11 1 79 92 69 26 3 91 104 81 58 71 48 61 15 238 244 245 251
5 3 63 17 30 7 105 72 85 62 75 52 29 117 107 87 41 77 54 31 8 44 1 86 76 89 66 43 56 10 23 98 65 78 45 22 58 35 12 110 100 4 90 79 115 69 46 82 26 39 6 71 48 84 38 15 28 116 238 244 245 251
6 48 61 38 15 51 28 18 106 83 60 50 27 63 40 2 17 7 105 108 85 3 52 29 65 42 19 64 44 21 11 109 86 76 53 66 43 56 23 111 91 68 22 35 12 90 103 57 34 70 14 79 4 82 36 114 104 238 244 245 251
48 20 100 113 90 67 103 57 30 102 92 14 82 44 59 72 31 114 12 42 81 45 71 29 46 106 83 60 73 50 63 53 105 95 108 98 10 40 27 8 38 74 110 87 64 99 2 56 19 111 22 3 55 33 68 239 240 246 247
38 117 33 107 36 17 74 51 41 34 109 66 43 30 11 25 111 28 9 78 31 12 15 110 113 67 89 92 46 26 7 37 10 114 91 21 104 81 58 94 71 61 8 103 116 83 50 63 18 115 95 108 35 62 39 52 19 22 239 240 246 247
117 41 71 102 53 113 86 116 100 18 103 2 19 3 82 63 64 17 108 50 51 34 114 67 112 96 14 44 25 28 1 89 43 73 15 75 106 57 29 59 60 62 92 104 46 77 107 58 91 23 4 26 37 68 40 21 22 115 243 244 250 251
58 95 85 51 75 34 46 107 74 87 11 44 25 28 86 9 10 76 89 66 42 79 57 41 78 91 68 100 113 90 103 4 70 21 22 102 52 115 54 36 39 53 81 94 84 61 30 116 106 83 96 19 63 1 33 15 118 240 241 247 248
95 111 35 113 68 103 22 52 3 82 85 66 20 50 102 72 115 53 105 34 86 114 11 14 44 28 9 1 12 42 106 64 94 45 75 78 59 51 81 92 118 65 108 98 79 107 4 110 26 56 89 40 70 109 112 90 71 242 243 249 250
50 91 2 94 71 19 51 22 3 116 36 106 17 83 60 72 108 85 75 52 11 25 84 28 64 54 42 15 45 29 99 89 66 46 65 78 23 4 7 37 10 40 100 113 27 8 112 102 115 92 59 18 114 239 240 246 247
91 118 62 34 30 110 14 28 31 61 12 109 73 15 45 112 87 29 59 74 111 100 113 56 37 68 40 70 21 22 54 85 8 69 115 92 41 53 83 86 67 114 104 94 2 35 1 33 63 64 66 78 20 242 243 249 250
61 100 113 36 39 53 34 112 79 92 82 30 14 114 44 25 104 28 94 9 71 59 51 83 63 118 72 108 62 4 26 37 107 10 21 74 87 64 27 57 8 60 109 76 89 18 98 2 65 19 49 52 33 240 241 247 248
100 12 64 15 94 75 76 78 29 59 62 104 92 65 116 23 4 26 56 7 89 43 118 73 54 108 27 57 8 87 60 90 41 72 74 109 35 112 19 49 22 52 36 17 111 81 67 113 103 30 11 102 31 242 243 249 250
40 77 54 86 76 66 3 43 33 56 17 98 111 65 34 55 110 30 90 57 25 28 9 102 79 92 59 114 104 81 94 71 23 4 83 60 7 37 63 21 105 118 108 85 75 52 42 84 74 18 64 239 240 246 247
77 70 42 43 57 71 110 109 99 112 4 35 79 7 37 68 21 22 52 54 55 78 66 39 20 72 53 113 67 103 18 2 102 115 92 105 82 49 3 33 63 64 45 17 104 94 51 107 62 46 116 106 11 44 9 10 241 242 248 249
27 107 2 110 87 31 3 109 99 76 89 66 56 33 55 68 14 113 90 67 9 1 34 12 15 37 102 79 115 92 82 59 36 49 71 84 28 116 21 106 22 96 63 8 105 118 108 85 52 65 42 18 238 239 245 246
107 106 87 60 41 71 110 18 105 68 19 49 52 3 33 55 85 36 39 69 111 99 102 83 113 84 30 14 44 28 9 12 42 64 15 94 45 75 78 59 81 92 65 46 79 96 4 37 89 70 21 54 243 244 250 251
33 103 70 83 60 4 26 7 63 115 21 118 72 62 39 75 42 84 51 64 18 54 44 2 96 109 86 99 76 19 43 56 3 17 65 55 45 110 90 30 11 34 25 9 1 102 31 79 12 46 82 59 36 104 71 238 239 245 246
19 103 116 60 96 73 63 105 72 2 62 52 42 3 74 17 64 41 31 21 86 89 20 56 11 98 14 65 55 68 1 45 12 113 90 57 79 115 69 46 59 36 49 26 4 104 81 51 238 239 245 246
103 49 115 105 3 63 64 15 45 51 62 65 46 116 11 96 25 56 28 9 10 89 42 118 43 73 108 75 76 87 60 71 23 109 112 37 70 52 82 54 85 36 66 8 39 69 86 67 84 30 243 244 250 251
25 34 15 102 56 46 59 11 81 28 10 12 70 106 83 60 37 73 118 49 85 39 29 4 7 51 87 21 31 22 3 96 109 86 63 99 43 108 98 65 18 78 55 2 35 14 1 90 67 44 57 238 239 245 246
34 114 1 104 31 12 94 71 15 96 63 105 118 108 62 75 26 7 10 21 84 74 64 54 86 53 89 43 56 65 55 45 35 110 17 113 20 57 70 37 79 115 92 30 59 14 49 239 240 246 247
44 112 42 43 102 92 69 8 59 41 49 114 104 81 94 71 18 51 116 106 83 63 36 105 118 20 72 85 84 30 64 2 54 1 99 76 53 29 98 78 68 110 11 113 90 67 70 239 240 246 247
39 81 71 84 51 41 116 106 83 96 73 35 86 63 1 15 62 98 75 52 42 74 87 64 54 67 30 11 14 76 112 9 43 79 29 55 68 113 90 57 70 60 7 37 92 22 69 105 72 36 49 8 104 239 240 246 247
81 69 51 53 67 113 11 115 92 9 105 82 31 12 42 64 75 104 62 94 65 79 83 96 23 4 26 56 37 118 85 73 54 60 72 110 112 35 89 49 52 3 55 111 36 66 241 242 248 249
30 112 18 102 92 2 46 4 59 22 17 116 60 63 108 85 62 75 52 12 15 29 74 87 64 41 54 76 66 43 23 111 9 10 21 78 55 35 8 110 113 90 57 70 238 239 245 246
112 11 96 9 31 12 42 64 94 45 76 29 113 62 79 109 23 4 26 37 89 43 54 55 85 87 102 74 116 86 105 2 68 49 22 52 3 82 63 36 66 69 20 99 53 83 67 243 244 250 251
2 17 7 72 85 62 75 9 84 87 41 54 31 53 43 20 56 10 108 98 78 68 22 113 57 37 14 89 79 92 46 82 59 49 3 94 71 15 18 116 70 1 83 60 73 238 244 245 251
3 15 28 106 73 105 118 72 108 75 52 42 9 84 74 51 54 21 96 109 76 66 43 20 111 45 22 35 12 67 37 14 4 102 79 82 36 49 114 71 238 244 245 251
15 110 57 37 102 79 69 46 36 14 104 9 94 12 51 18 83 60 73 63 17 105 118 85 4 29 42 74 64 41 54 21 86 76 53 66 43 65 78 55 45 22 238 244 245 251
62 68 18 35 70 52 79 92 17 82 114 104 71 84 11 14 106 96 63 12 45 105 118 29 59 72 51 46 110 87 64 23 4 26 56 7 76 89 54 57 8 41 98 240 241 247 248
22 28 106 83 96 73 63 53 85 98 75 65 7 42 10 21 87 109 99 43 18 46 78 68 45 17 20 70 37 102 115 69 82 59 11 49 26 14 114 9 94 71 238 239 245 246
28 57 17 37 20 92 69 46 114 14 1 116 12 70 83 60 73 63 115 118 72 108 85 75 4 74 7 87 10 54 31 21 86 89 66 43 56 98 111 65 55 35 110 113 90 238 239 245 246
54 74 43 41 86 76 89 66 18 98 65 55 68 35 110 36 57 20 53 115 82 59 114 94 71 31 42 116 106 105 108 23 4 26 7 84 240 241 247 248
14 37 102 115 9 92 69 46 12 59 49 94 71 18 116 83 4 63 17 7 118 108 85 8 29 42 84 74 87 41 31 86 76 53 89 20 98 111 65 78 68 67 57 238 244 245 251
74 75 57 60 41 71 86 68 52 78 69 20 51 53 113 67 115 92 105 9 1 31 12 64 45 114 59 84 65 46 116 96 23 4 26 56 7 37 70 21 85 98 241 242 248 249
75 110 90 18 35 68 92 82 55 69 104 94 67 106 83 96 105 31 118 12 64 45 29 59 65 46 87 23 99 26 37 9 10 21 43 111 57 8 78 60 41 241 242 248 249
20 104 94 71 51 4 7 116 106 83 60 96 73 72 108 85 18 84 21 1 109 86 99 76 53 89 66 43 56 23 65 45 11 57 9 12 102 79 115 69 46 82 59 36 26 238 239 245 246
104 99 72 53 83 86 67 84 11 9 31 94 78 29 59 51 92 46 98 113 23 26 56 37 10 21 116 106 35 68 49 63 105 55 85 66 17 108 243 244 250 251
106 68 49 82 55 85 72 102 53 86 84 1 113 94 45 78 51 92 65 115 46 98 23 4 26 56 7 37 9 10 89 70 21 43 73 8 87 60 71 118 18 243 244 250 251
12 90 57 37 79 92 69 82 59 26 4 114 116 70 17 115 105 72 85 52 29 87 64 18 31 96 86 76 66 108 11 98 111 78 45 1 238 244 245 251
31 113 10 90 67 21 57 70 102 79 115 92 69 82 59 114 84 51 83 60 73 17 105 72 42 11 64 9 1 99 29 53 89 43 56 111 55 35 23 4 26 238 239 245 246
113 42 94 45 78 29 59 92 65 116 23 26 118 56 70 21 43 73 76 8 60 90 41 71 68 82 17 99 102 83 86 67 84 11 115 243 244 250 251
78 65 46 90 23 26 102 82 70 43 60 94 116 18 83 96 35 68 105 49 108 85 36 66 17 72 53 87 109 86 9 1 42 64 45 111 51 241 242 248 249
4 96 109 86 53 66 43 55 45 57 11 89 102 56 46 36 26 114 116 73 17 115 7 82 118 49 85 9 84 41 18 21 238 244 245 251
96 35 37 21 52 82 111 36 8 72 67 102 49 105 64 17 114 29 51 92 65 11 26 56 10 118 42 43 73 98 76 57 90 41 71 109 242 243 249 250
72 114 18 84 35 49 86 63 66 118 51 85 98 65 67 110 9 109 99 76 57 29 60 46 23 90 26 56 7 52 8 69 71 53 241 242 248 249
114 67 84 9 1 64 29 108 59 51 111 46 98 109 26 56 37 10 89 70 21 43 73 57 8 60 41 35 68 49 52 63 55 85 36 99 243 244 250 251
43 87 64 23 109 7 86 99 76 66 79 8 41 68 18 90 67 70 35 102 115 92 36 84 51 11 1 53 42 105 65 239 240 246 247
87 73 110 8 41 71 109 99 89 35 49 52 82 63 55 36 66 17 69 53 83 67 102 115 11 1 42 94 64 45 29 46 105 23 108 7 21 242 243 249 250
35 83 60 29 63 118 85 23 84 7 10 64 109 86 99 53 89 56 55 68 90 67 17 115 92 46 82 59 49 11 94 71 51 9 1 239 240 246 247
83 68 52 82 84 63 55 36 66 17 69 116 53 105 11 98 64 110 45 59 65 86 79 89 23 111 56 73 57 8 90 92 241 242 248 249
1 90 67 57 37 115 92 69 36 26 94 18 116 60 73 17 105 118 85 52 29 42 21 11 86 99 76 10 46 98 111 55 68 45 238 244 245 251
90 42 64 110 59 65 46 109 99 26 111 56 7 37 10 76 57 71 115 105 52 94 82 66 69 116 53 67 84 118 108 98 242 243 249 250
7 21 109 86 76 56 10 68 57 37 89 102 79 69 46 59 36 49 94 71 116 70 60 73 105 85 52 29 42 51 64 41 18 8 238 244 245 251
21 41 109 63 99 8 23 108 98 55 68 17 89 56 69 46 59 26 9 116 70 73 105 82 85 29 42 238 239 245 246
18 115 108 52 29 51 64 86 99 53 66 23 17 98 111 68 45 57 9 10 79 92 82 59 36 49 8 94 71 116 73 63 238 239 245 246
99 23 26 56 37 10 89 70 76 57 8 71 110 68 49 82 55 36 66 109 53 86 111 84 9 42 64 94 51 65 46 98 242 243 249 250
46 98 111 9 70 29 102 115 92 69 82 59 49 51 10 60 8 63 41 105 85 110 109 86 76 239 240 246 247
98 111 23 56 37 57 8 69 41 71 105 86 84 49 63 94 36 51 118 65 108 79 11 110 9 89 42 45 109 29 242 243 249 250
65 111 23 37 10 102 55 115 92 69 8 82 84 116 73 63 118 108 110 11 67 26 109 9 42 45 29 59 240 241 247 248
111 79 23 56 37 10 73 115 8 60 71 110 116 68 49 52 55 85 36 66 17 69 86 67 84 42 29 51 92 243 244 250 251
70 63 64 86 45 76 89 29 51 11 26 56 57 102 79 115 60 92 41 94 71 23 37 116 52 55 118 53 67 84 241 242 248 249
17 71 116 60 73 118 85 29 51 64 41 9 109 76 66 56 55 110 67 57 10 102 82 59 36 49 26 238 239 245 246
71 69 67 11 76 9 42 45 51 102 115 56 37 82 94 41 84 108 85 52 55 241 242 248 249
49 116 60 73 63 118 108 52 45 29 84 51 64 109 53 89 66 23 10 55 68 67 57 102 79 92 36 239 240 246 247
69 11 9 73 86 45 29 59 108 110 23 56 37 10 109 76 89 8 60 41 52 63 55 36 115 82 53 67 241 242 248 249
110 118 45 76 57 59 60 41 37 10 52 82 55 36 8 53 86 67 63 94 66 92 109 116 26 56 9 89 243 244 250 251
41 86 76 53 56 55 68 45 67 57 79 115 92 11 82 59 9 94 84 29 60 118 23 108 85 239 240 246 247
115 84 45 29 118 108 92 79 109 76 60 68 52 82 55 85 36 66 8 102 53 86 67 243 244 250 251
92 11 42 29 102 79 94 37 73 57 105 68 52 82 63 55 109 66 86 242 243 249 250
10 11 86 76 53 89 66 8 68 45 67 57 102 79 36 26 84 51 116 60 73 63 105 85 52 29 42 64 238 244 245 251
118 68 63 36 66 102 53 116 9 42 29 108 51 109 23 89 73 76 57 8 60 243 244 250 251
73 68 52 109 63 86 55 36 76 89 53 9 42 45 29 51 82 84 37 60 105 108 85 241 242 248 249
116 52 63 85 36 86 84 11 9 64 94 29 51 79 109 23 26 56 37 89 76 8 243 244 250 251
11 89 102 56 59 36 26 8 94 82 52 29 84 51 53 66 23 108 55 68 45 67 57 238 244 245 251
23 86 76 53 89 9 55 68 8 102 79 36 63 108 52 42 51 64 238 239 245 246
86 37 94 55 8 68 82 63 53 89 84 76 79 105 242 243 249 250
64 67 57 8 102 105 94 84 55 9 59 51 109 89 26 37 240 241 247 248
60 109 76 89 66 79 68 42 29 102 105 82 26 84 55 57 108 85 240 241 247 248
37 109 29 68 45 67 9 102 59 94 105 82 36 239 240 246 247
67 42 94 29 84 26 56 108 85 8 76 66 68 51 102 79 82 240 241 247 248
109 89 76 57 52 85 36 66 53 84 9 42 94 45 59 79 243 244 250 251
45 79 59 94 51 63 108 85 52 84 76 89 66 9 42 68 239 240 246 247
36 108 29 52 53 66 8 55 68 57 102 79 82 94 239 240 246 247
76 26 56 89 8 68 52 55 66 102 9 51 241 242 248 249
57 51 66 68 26 102 79 82 94 84 63 105 240 241 247 248
108 105 63 55 85 102 84 51 79 26 56 9 89 42 8 243 244 250 251
85 52 89 29 26 102 105 8 94 242 243 249 250
42 89 79 59 105 52 84 29 53 56 26 9 68 8 239 240 246 247
89 8 52 53 84 63 59 79 242 243 249 250
102 59 51 56 8 52 82 63 66 105 243 244 250 251
94 29 59 51 26 56 9 52 63 66 242 243 249 250
51 59 63 52 55 240 241 247 248
84 105 53 26 56 9 29 68 52 241 242 248 249
68 9 79 55 66 53 241 242 248 249
29 79 82 59 9 53 66 56 8 238 239 245 246
8 66 56 55 79 26 105 238 244 245 251
105 63 66 53 9 59 26 56 55 243 244 250 251
53 66 79 55 9 82 240 241 247 248
63 55 26 56 79 240 241 247 248
52 66 56 79 82 240 241 247 248
9 79 59 66 238 244 245 251
26 56 55 79 82 59 238 239 245 246
79 59 66 241 242 248 249
56 66 82 59 55 240 241 247 248
59 82 55 240 241 247 248
82 55 66 241 242 248 249
66 240 241 247 248
55 240 241 247 248
151 220 210 132 164 219 232 209 222 199 166 156 123 231 221 198 188 140 178 155 143 127 139 223 200 236 213 203 157 137 235 212 225 202 121 215 169 120 237 214 227 204 134 181 136 171 184 216 193 206 183 160 196 173 205 218 144 172 208 162 128 152 217 230 146 238 239 245 246
220 181 132 211 235 198 130 142 237 126 162 192 143 195 146 206 209 160 190 212 193 196 207 210 154 138 168 140 141 171 122 201 125 185 158 188 139 191 172 202 153 222 186 219 203 149 133 135 147 119 150 180 131 233 183 134 223 164 236 216 167 197 170 200 242 243 249 250
135 212 189 225 156 192 159 234 201 237 214 191 133 181 158 194 171 138 128 120 226 134 193 170 206 160 137 150 132 140 215 218 139 152 227 217 123 207 184 129 187 164 154 229 196 232 186 199 176 153 221 175 211 188 165 178 121 155 124 210 119 122 147 235 238 244 245 251
212 187 138 168 199 171 122 152 182 125 185 169 200 153 184 228 231 203 130 163 230 147 120 180 161 183 164 195 167 197 232 179 181 132 198 210 234 123 126 156 208 223 140 213 162 192 226 173 146 176 127 206 157 209 190 235 191 225 177 137 121 227 242 243 249 250
195 226 142 123 196 175 126 129 189 228 192 143 231 157 179 160 193 137 124 232 199 187 119 122 152 182 185 136 221 234 188 211 169 191 233 223 200 213 203 130 133 144 166 235 147 128 120 225 150 202 161 205 194 148 170 237 181 132 214 227 184 204 217 241 242 248 249
226 225 157 191 223 177 207 229 210 137 121 228 187 138 168 119 141 171 201 182 174 125 136 158 139 169 172 202 205 186 217 203 133 166 128 120 150 161 183 213 164 194 197 178 170 200 233 132 184 214 236 165 196 198 235 123 145 175 156 159 192 173 243 244 250 251
174 203 225 215 192 205 182 156 204 129 181 217 194 162 173 146 127 160 193 206 183 186 228 137 218 208 121 185 124 230 141 207 122 152 197 125 155 187 158 139 169 172 219 153 232 222 199 176 179 221 211 188 224 144 166 178 147 128 150 233 200 236 213 148 240 241 247 248
203 125 155 127 234 224 223 236 121 235 166 225 215 180 122 152 182 136 167 197 139 237 181 227 204 217 184 165 198 149 216 133 144 128 129 228 192 218 134 208 146 176 148 179 132 193 207 196 177 232 124 209 222 156 187 159 201 143 173 241 242 248 249
120 232 209 186 222 166 143 231 123 221 234 201 155 168 158 233 125 223 213 190 167 157 134 235 225 179 192 169 146 159 136 149 224 191 227 181 194 171 148 161 216 160 196 173 127 163 130 228 218 208 162 175 165 142 207 187 164 141 154 121 238 244 245 251
232 150 180 233 183 134 213 194 167 197 227 178 200 132 214 165 217 228 145 237 175 156 128 129 208 159 162 192 146 206 209 160 190 193 223 196 177 229 137 121 123 187 138 168 141 171 182 125 204 185 188 218 169 153 205 219 149 133 243 244 250 251
207 237 214 165 217 216 229 175 126 156 129 189 162 192 146 206 208 157 179 160 190 193 210 137 121 124 154 119 201 152 182 155 231 158 221 188 169 211 172 186 223 236 149 133 144 150 225 180 161 215 183 134 194 197 148 178 170 200 224 242 243 249 250
237 210 137 154 187 138 168 141 171 152 125 204 155 234 136 169 172 202 186 222 149 144 147 128 180 183 134 164 197 148 227 178 170 230 181 132 211 233 214 165 228 231 123 175 126 156 140 192 143 173 127 206 179 160 190 193 196 177 243 244 250 251
119 124 222 235 189 179 169 146 123 159 234 224 214 191 181 158 148 125 161 236 216 137 173 150 127 140 215 205 182 172 149 185 162 139 217 194 197 141 154 219 196 209 186 163 166 208 221 175 165 155 132 145 233 223 200 177 190 144 180 157 238 244 245 251
124 202 215 192 122 182 126 224 214 227 204 194 148 138 236 216 183 160 173 163 228 218 172 162 175 152 129 142 230 197 187 164 141 177 154 144 229 219 123 209 199 176 153 189 166 143 156 198 211 155 145 210 190 121 134 170 137 235 225 238 244 245 251
202 154 187 168 236 213 171 122 201 155 185 188 139 169 191 224 149 227 163 144 166 147 199 150 180 131 161 216 183 229 148 200 132 184 228 165 205 198 123 156 129 159 189 162 192 143 173 146 219 176 157 209 222 193 196 177 231 221 234 241 242 248 249
130 133 208 221 198 128 175 129 165 178 155 168 127 233 190 180 157 134 147 235 189 179 121 156 192 169 159 136 149 234 214 122 181 158 194 148 161 138 236 206 183 160 137 150 215 228 182 218 172 162 152 142 230 187 219 196 209 186 176 166 143 238 244 245 251
133 156 234 128 165 201 131 145 233 210 223 200 132 177 213 180 157 137 225 215 192 123 136 149 224 214 227 204 181 158 194 171 148 193 183 160 196 150 140 121 228 205 218 172 208 162 142 217 125 197 144 229 219 209 176 189 166 238 244 245 251
136 213 190 167 144 157 147 235 179 169 146 159 234 204 194 148 161 236 170 183 160 137 173 150 140 205 182 218 185 139 175 132 142 217 230 184 154 229 219 123 126 186 163 176 129 166 143 208 127 221 198 188 165 201 155 168 200 238 239 245 246
213 158 188 139 191 222 149 234 163 166 147 199 233 180 161 223 236 134 164 194 167 211 235 165 225 198 142 126 217 156 129 159 189 173 176 127 206 229 160 193 196 177 228 210 218 168 141 171 122 201 152 182 125 204 185 242 243 249 250
177 214 167 227 204 181 217 194 184 153 193 196 163 145 175 147 128 218 131 185 161 162 198 146 176 148 132 197 187 209 222 154 140 141 234 143 173 188 125 178 127 158 139 172 233 200 180 121 235 225 215 192 138 168 224 240 241 247 248
214 154 219 187 168 222 141 171 122 125 204 185 188 169 234 205 186 223 236 163 144 147 128 150 235 180 131 134 215 194 167 197 148 178 181 184 227 217 216 123 145 175 129 208 159 162 143 228 146 218 209 160 190 242 243 249 250
128 209 186 163 176 143 231 208 221 198 211 165 142 132 223 167 122 144 157 222 189 156 192 234 201 158 236 183 150 225 215 228 205 182 172 149 185 162 139 152 217 194 230 184 161 197 164 141 131 229 206 219 196 238 244 245 251
209 180 161 183 216 194 167 197 148 178 132 142 123 145 230 175 126 208 140 192 173 146 127 219 179 190 193 196 221 137 234 121 154 187 138 168 236 171 122 201 152 188 191 172 225 149 227 163 217 144 166 242 243 249 250
188 223 200 236 190 149 235 166 147 180 205 161 134 164 178 227 181 132 204 193 142 129 218 143 173 208 146 176 198 127 157 160 230 197 154 187 189 138 168 141 171 182 231 125 155 185 234 211 158 172 186 233 241 242 248 249
223 169 221 205 222 163 144 166 147 180 131 161 183 164 216 178 230 132 211 184 165 217 175 126 156 129 189 140 162 192 143 176 127 179 233 196 210 137 235 121 154 138 168 141 171 122 152 224 204 185 243 244 250 251
148 187 154 229 196 186 176 153 166 221 211 141 201 178 155 168 210 200 190 167 170 222 235 225 179 182 144 159 147 131 191 134 194 171 236 216 193 206 183 173 150 142 205 126 162 129 217 230 127 184 238 239 245 246
187 178 235 132 184 224 217 194 156 159 140 162 216 143 173 206 176 157 179 228 208 137 123 210 168 141 152 182 125 155 219 185 139 169 172 221 211 149 163 233 166 147 200 236 190 180 131 164 241 242 248 249
140 183 126 160 173 150 129 228 218 127 162 227 184 137 121 229 196 138 186 163 176 153 231 139 198 165 178 155 145 233 210 144 180 147 222 235 131 225 179 134 169 146 149 234 224 132 201 191 181 158 194 216 206 238 239 245 246
183 143 146 222 176 127 199 157 179 231 221 137 191 121 200 168 171 122 152 182 215 172 153 205 204 149 217 194 184 163 166 147 216 180 131 193 196 164 167 178 181 132 208 230 210 129 159 240 241 247 248
160 161 236 143 216 127 158 206 173 205 208 162 154 164 152 125 155 139 219 186 222 199 153 231 149 211 165 144 150 210 131 200 134 190 167 180 170 225 179 192 224 142 191 227 145 181 171 184 239 240 246 247
161 219 196 186 199 176 198 211 165 178 168 138 141 122 210 152 125 167 180 222 189 225 179 169 224 201 144 191 194 171 150 131 134 236 216 132 173 215 228 205 182 142 129 159 197 143 164 157 229 239 240 246 247
192 193 154 196 168 171 122 152 205 155 185 158 139 172 153 230 197 219 163 199 164 167 221 198 234 211 181 184 165 200 236 145 156 129 189 162 173 146 176 127 179 190 227 194 137 241 242 248 249
193 194 146 157 179 190 229 137 228 205 208 198 171 152 230 125 210 158 169 172 153 186 199 149 231 144 166 224 147 180 164 233 200 181 132 184 165 235 225 215 145 156 129 159 227 189 217 241 242 248 249
125 157 134 170 147 137 235 225 179 215 169 182 149 126 191 122 184 229 206 150 127 228 205 218 185 175 165 142 230 197 164 131 219 186 153 231 221 198 123 234 201 178 155 158 233 200 190 238 244 245 251
158 200 236 190 167 180 235 121 215 154 159 138 172 150 122 152 227 181 184 153 216 229 206 196 186 149 228 218 208 175 165 197 210 164 219 222 199 189 123 126 221 234 141 155 168 127 233 239 240 246 247
200 210 153 186 222 149 144 221 166 211 224 150 131 134 194 233 197 236 181 132 165 198 215 123 126 129 159 162 204 143 217 157 191 219 137 228 121 208 138 168 152 230 185 241 242 248 249
149 231 137 234 211 121 165 123 190 180 139 170 225 179 169 181 147 131 236 206 196 150 205 172 162 142 144 126 217 184 197 143 164 146 154 127 229 219 222 199 153 189 156 238 239 245 246
231 215 163 166 147 150 131 134 164 194 167 227 178 179 181 211 198 228 229 210 145 156 159 233 162 143 206 191 221 235 219 224 121 138 168 141 171 122 201 152 182 155 185 216 139 170 172 153 184 186 243 244 250 251
129 173 150 163 228 205 218 172 208 185 162 126 139 175 142 230 197 127 164 141 219 143 156 121 234 201 155 233 210 190 157 170 147 235 215 169 146 182 159 191 227 204 171 216 238 244 245 251
173 206 162 146 127 157 208 175 197 154 168 141 122 196 186 155 199 176 189 139 221 234 211 210 163 190 180 150 131 167 225 170 132 182 224 227 194 142 123 236 145 126 156 240 241 247 248
181 197 210 137 219 121 186 199 138 234 211 201 139 169 153 233 190 163 144 225 166 180 164 178 191 204 132 165 216 229 206 196 142 145 126 205 218 143 185 157 230 240 241 247 248
141 147 179 215 182 224 227 204 217 194 171 126 206 127 163 228 205 162 175 137 152 165 142 121 230 210 122 144 219 199 176 153 166 143 146 221 211 145 236 167 180 134 157 170 238 239 245 246
147 122 153 166 139 198 178 155 168 190 180 157 222 131 134 234 224 191 204 171 236 142 123 216 145 170 126 206 150 163 215 228 205 185 162 175 152 217 219 196 138 238 239 245 246
194 219 199 123 221 234 138 201 171 122 233 210 153 186 235 225 163 180 131 164 167 184 216 165 205 142 218 144 145 175 126 189 217 230 146 197 190 241 242 248 249
225 138 229 168 171 122 201 155 185 228 153 205 186 222 144 166 180 131 134 216 167 197 178 132 211 184 165 217 123 208 146 127 206 157 179 190 227 210 137 224 243 244 250 251
236 218 191 172 205 235 137 222 154 166 138 168 201 182 155 185 216 167 139 169 233 217 144 131 134 176 132 229 210 123 145 126 156 159 189 171 204 206 243 244 250 251
150 199 176 153 189 143 166 156 127 221 198 201 155 167 180 157 170 122 215 182 139 159 227 204 171 216 144 229 131 172 208 162 152 197 164 154 142 123 145 238 239 245 246
191 233 121 154 166 138 168 205 152 182 139 169 170 204 217 184 216 206 196 144 228 131 162 164 198 176 178 179 230 165 197 210 123 222 199 175 126 189 234 127 157 201 172 241 242 248 249
233 172 153 205 222 163 166 199 131 164 167 227 170 132 211 184 165 217 215 235 142 123 126 156 208 159 162 206 157 179 224 121 168 122 204 185 139 218 169 243 244 250 251
123 215 218 185 227 230 184 197 164 154 131 206 163 199 143 221 198 175 155 132 210 190 144 157 134 189 179 169 146 159 234 224 201 168 122 171 138 238 244 245 251
215 218 126 204 155 185 127 139 153 205 222 137 121 166 224 199 180 122 152 134 164 167 170 184 165 145 175 159 189 131 143 176 206 178 179 190 216 229 210 142 242 243 249 250
170 210 155 127 157 139 222 176 189 179 137 234 121 163 168 122 134 164 167 180 235 165 182 144 145 204 217 159 146 216 229 219 132 196 228 218 208 185 175 142 126 156 230 138 240 241 247 248
210 184 217 198 229 163 162 176 206 179 132 196 230 142 175 222 189 143 204 127 234 211 190 224 172 121 154 166 138 168 152 155 185 242 243 249 250
142 228 218 172 208 185 162 175 230 126 184 197 164 229 127 186 176 153 166 143 137 211 201 178 145 138 167 180 157 222 189 169 224 204 131 134 216 206 238 239 245 246
228 145 175 126 156 230 208 146 176 157 196 154 168 122 201 155 139 169 221 172 153 219 222 144 166 180 131 134 216 197 132 211 184 165 198 243 244 250 251
189 196 122 152 205 218 208 167 178 217 230 197 229 219 144 145 162 143 146 198 179 132 201 156 222 138 168 171 155 127 139 224 153 204 137 121 216 163 241 242 248 249
154 179 182 159 132 224 227 171 145 216 206 196 163 127 205 208 175 230 137 197 229 219 122 222 176 166 165 201 178 155 168 190 144 167 180 157 131 235 134 239 240 246 247
134 144 229 219 199 176 153 166 156 198 234 211 178 145 167 131 180 137 132 169 224 227 204 126 216 196 163 218 172 185 139 152 184 197 164 238 244 245 251
144 166 208 178 190 180 222 131 156 146 168 216 126 206 138 127 205 182 139 162 227 230 184 137 121 164 229 219 199 176 238 239 245 246
218 126 156 208 159 162 143 146 206 190 196 137 168 171 122 201 152 182 204 185 139 172 153 230 163 166 199 180 131 164 167 178 221 211 234 184 198 242 243 249 250
126 121 182 172 185 139 175 122 197 164 186 199 166 156 208 221 198 211 201 178 155 168 190 180 157 222 169 234 204 171 206 137 127 238 244 245 251
132 196 186 199 156 221 201 168 180 157 222 235 179 169 146 182 224 204 138 206 121 163 122 172 208 185 162 175 230 238 244 245 251
178 219 186 163 166 221 198 234 167 180 222 235 145 175 179 159 143 146 176 224 127 157 227 206 138 168 122 152 185 217 172 153 184 240 241 247 248
137 224 171 206 172 162 139 175 230 184 197 164 229 196 186 221 198 211 201 155 127 190 157 121 179 169 146 182 238 239 245 246
165 217 145 219 186 222 162 176 164 221 211 201 190 156 143 179 127 169 157 182 224 227 204 171 206 196 155 205 139 172 208 239 240 246 247
217 175 143 204 176 127 157 221 234 190 224 138 122 201 155 185 167 197 153 184 227 186 198 229 166 219 131 162 146 211 242 243 249 250
196 162 146 176 179 216 219 208 198 156 171 155 222 199 121 211 166 168 180 122 152 182 167 153 163 175 241 242 248 249
184 230 219 199 171 234 211 155 224 201 172 190 205 152 167 169 204 153 186 145 180 131 162 208 185 198 176 240 241 247 248
230 198 145 175 156 159 146 127 206 190 224 121 235 168 171 201 152 182 204 155 185 169 172 205 186 222 199 216 197 227 211 243 244 250 251
190 169 172 153 206 186 205 208 163 166 131 199 221 145 234 175 211 162 143 179 235 138 168 227 204 171 241 242 248 249
155 157 235 182 159 131 224 204 171 216 229 163 145 208 175 186 222 199 166 156 138 198 211 139 239 240 246 247
186 180 131 164 167 235 145 224 175 156 227 204 146 157 229 121 208 122 182 197 185 169 222 199 221 234 211 166 240 241 247 248
235 138 168 171 152 139 169 221 172 153 219 222 163 166 199 180 164 216 167 197 227 145 156 159 143 146 157 229 224 243 244 250 251
229 164 146 176 179 156 159 201 143 157 172 205 222 121 166 138 122 152 182 216 197 139 227 211 153 198 163 145 175 131 243 244 250 251
167 139 219 222 199 176 234 211 201 163 179 169 182 224 145 227 159 162 143 146 127 157 206 208 185 138 197 239 240 246 247
211 163 219 222 197 221 145 156 208 159 162 143 127 157 138 171 122 201 152 185 139 172 153 205 242 243 249 250
227 224 156 168 171 201 152 182 234 204 139 221 172 153 205 219 222 163 199 198 175 131 143 127 179 243 244 250 251
169 138 152 139 182 153 224 204 163 166 131 205 172 208 175 197 145 159 199 176 146 127 221 198 201 239 240 246 247
219 164 197 175 156 208 159 162 143 176 206 179 121 122 182 204 185 139 172 153 205 221 199 242 243 249 250
180 139 172 153 234 201 224 175 159 216 206 176 157 179 121 138 168 171 152 240 241 247 248
197 222 199 145 198 234 162 146 176 157 121 138 152 182 185 216 166 131 164 241 242 248 249
222 234 182 164 153 145 175 131 146 176 206 179 156 201 185 127 221 243 244 250 251
138 179 146 159 121 204 171 122 216 206 163 205 208 185 131 199 176 153 166 156 221 198 234 201 238 239 245 246
166 221 234 201 145 156 179 143 127 157 216 121 122 208 175 239 240 246 247
122 179 159 234 204 171 216 127 205 172 208 139 152 164 131 199 153 221 201 145 238 244 245 251
234 121 199 152 182 164 198 159 131 143 176 206 224 168 201 204 221 205 243 244 250 251
179 206 139 172 163 131 199 224 201 145 175 159 143 146 157 204 121 240 241 247 248
156 205 172 131 185 175 164 199 221 198 143 146 159 152 204 153 216 206 239 240 246 247
172 145 159 143 127 182 204 216 206 153 185 175 131 199 176 221 240 241 247 248
164 221 198 201 168 146 157 182 224 204 171 152 216 139 206 153 205 131 239 240 246 247
163 159 162 143 198 146 201 168 152 224 157 139 204 171 216 121 205 208 185 175 199 239 240 246 247
157 216 206 153 205 185 175 131 145 143 146 159 121 204 239 240 246 247
204 205 201 185 139 216 208 199 198 221 224 143 176 242 243 249 250
168 224 131 216 206 205 185 175 162 143 146 127 176 121 201 153 239 240 246 247
127 208 185 162 175 131 221 198 201 145 146 182 159 224 171 238 244 245 251
146 216 206 208 162 175 131 221 201 145 182 224 171 238 239 245 246
216 176 206 121 224 152 153 205 198 175 159 162 242 243 249 250
208 159 162 143 176 206 221 152 185 205 121 182 198 242 243 249 250
121 159 171 182 162 139 175 152 131 199 176 143 221 198 145 238 244 245 251
159 185 162 152 139 153 176 221 131 198 145 182 143 171 206 239 240 246 247
206 201 182 139 221 199 198 145 242 243 249 250
139 182 224 171 152 199 153 143 131 198 201 145 238 239 245 246
143 205 162 199 153 221 198 201 224 171 238 239 245 246
162 145 175 199 176 221 201 182 131 239 240 246 247
153 131 224 145 171 185 152 199 198 201 239 240 246 247
176 131 185 145 175 199 221 152 182 224 240 241 247 248
145 205 152 131 199 221 198 201 224 171 238 239 245 246
224 199 171 152 185 198 175 205 243 244 250 251
221 198 171 152 182 243 244 250 251
131 199 185 152 238 244 245 251
199 201 205 171 182 185 241 242 248 249
175 205 185 152 182 240 241 247 248
205 171 152 182 185 198 242 243 249 250
182 171 152 198 240 241 247 248
198 201 171 152 241 242 248 249
171 185 240 241 247 248
185 152 201 240 241 247 248
152 238 239 245 246
201 241 242 248 249
238
239
240
241
242
243
244
245
246
247
248
249
250
251
