#/usr/local/lib/python3.10/dist-packages/colab_kernel_launcher.py -f /root/.local/share/jupyter/runtime/kernel-2b515d16-c871-48c9-ad2b-cd6ecd503099.json
# GMT Thu May 23 13:09:20 2024
# 
13 88 9 145 92 94 15 19 140 129 1 131 23 65 133 146 80 122 135 69 124 58 126 4 139 60 73 8 62 75 2 64 66 68 110 123 11 114 169 103 105 52 107 41 96 109 3 56 45 100 113 168 104 93 106 27 148 108 42 97 152 165 86 99 20 33 154 340 349
88 37 60 71 5 50 127 169 116 48 29 105 107 23 57 87 164 166 168 85 36 66 17 115 117 30 11 159 93 106 64 15 163 97 165 73 54 99 167 58 156 90 22 33 145 86 147 1 80 31 96 151 65 46 10 40 155 89 131 74 49 83 139 81 141 62 344 345
32 101 29 143 37 92 147 39 81 94 83 2 138 17 74 142 76 26 89 144 91 146 67 135 148 124 137 128 141 130 64 119 66 12 121 68 136 70 125 59 114 61 50 63 19 105 65 41 54 28 56 98 100 168 36 157 49 104 117 40 161 1 150 42 152 99 10 340 341
101 62 92 11 128 141 130 60 41 132 5 35 39 69 50 136 125 127 97 76 38 109 91 122 2 21 55 85 166 17 30 102 115 15 117 159 106 119 9 43 54 58 18 33 63 156 103 145 16 147 149 162 65 70 153 142 155 146 53 83 148 28 137 150 51 81 344 345
29 100 5 102 115 36 157 159 51 106 95 150 84 4 33 156 145 37 79 17 136 11 83 96 151 140 153 129 142 76 131 24 65 67 80 135 22 3 58 73 128 1 141 62 75 117 132 53 66 21 57 125 19 59 127 48 50 9 118 39 107 109 43 98 111 340 341
139 163 3 33 135 116 1 12 42 156 114 46 158 129 40 149 104 134 151 164 4 68 72 142 83 155 136 117 146 159 51 81 56 7 90 71 141 20 99 50 145 44 48 59 131 112 8 110 121 6 85 115 66 100 0 94 75 98 128 109 43 73 77 137 161 347 348
163 90 120 143 124 5 16 39 69 152 133 14 44 97 48 108 167 131 23 87 6 115 149 30 15 45 128 162 43 73 77 107 18 33 135 116 1 80 31 61 42 46 148 10 89 40 70 93 123 74 134 138 19 49 53 83 113 47 9 81 160 166 26 56 7 348 349
97 166 90 71 159 69 119 84 14 25 48 110 59 165 23 167 4 76 169 87 103 160 6 85 36 66 151 164 153 64 94 155 144 73 54 133 58 137 150 52 82 33 80 61 42 143 46 132 145 70 74 138 19 49 53 83 116 129 131 107 122 26 111 344 345
166 78 59 112 23 157 27 2 136 85 160 149 30 94 45 75 79 158 43 73 58 137 18 3 33 67 146 131 161 1 114 65 89 93 153 104 134 138 68 49 132 34 117 47 28 9 168 51 111 92 96 56 141 120 71 135 154 105 150 20 103 133 148 348 349
50 91 104 6 93 161 108 11 45 167 143 90 145 92 147 81 94 3 33 138 72 85 87 31 12 42 76 131 144 146 10 67 80 135 69 19 0 117 9 77 53 121 37 123 70 41 114 35 103 116 39 20 105 14 25 162 48 109 8 168 38 157 341 342
91 44 122 23 4 100 168 115 53 83 104 47 119 66 62 95 110 26 45 99 75 154 24 158 39 92 147 160 149 33 63 98 140 153 31 142 155 27 57 46 93 70 55 135 85 137 150 126 0 64 141 130 28 73 121 77 123 52 82 138 41 71 86 127 344 345
14 168 115 1 49 159 161 95 150 44 86 20 35 156 90 37 79 9 147 160 81 15 96 7 72 140 87 5 76 144 78 25 146 122 69 16 137 58 60 73 128 8 117 77 121 55 110 57 70 112 125 167 59 127 169 61 116 63 105 39 52 120 34 47 340 349
168 25 108 131 27 57 121 2 17 119 64 15 45 75 147 128 109 24 126 77 156 22 82 63 169 165 67 150 42 65 144 125 129 70 93 104 157 68 49 0 72 102 117 51 81 111 92 145 96 7 60 41 120 71 124 16 69 122 103 133 348 349
25 34 47 157 159 106 148 161 82 42 23 152 8 33 90 17 145 92 11 136 28 83 138 72 127 140 120 133 135 124 58 12 60 73 49 62 51 21 119 132 108 123 0 15 48 169 61 116 37 158 105 39 107 7 41 162 54 3 30 43 111 45 16 340 341
34 81 94 96 85 4 74 27 8 2 65 133 6 80 122 135 69 137 60 62 24 119 66 18 134 22 3 110 112 125 167 59 114 31 48 116 63 52 120 41 162 54 43 56 98 19 45 113 49 28 104 38 106 148 40 42 84 99 154 16 156 20 37 158 341 342
44 47 102 41 49 104 159 5 93 39 95 20 84 165 77 90 94 96 21 138 151 6 36 153 74 131 144 133 67 9 135 69 124 137 33 141 62 64 16 119 132 1 53 134 55 68 110 123 70 40 114 48 169 61 103 38 120 54 28 109 164 56 17 341 342
47 79 92 81 94 162 23 4 83 8 140 74 87 142 89 17 131 144 78 11 80 135 82 71 126 60 128 77 22 3 66 68 136 70 31 112 42 59 127 48 10 40 63 21 120 54 0 98 100 113 102 104 117 26 37 95 165 35 86 20 143 341 342
90 81 152 62 165 112 154 56 41 103 145 158 5 160 39 69 20 138 151 140 157 4 27 57 8 87 148 137 150 55 6 36 66 126 30 141 143 45 119 132 73 24 123 136 18 22 3 116 129 42 107 65 111 70 100 102 115 53 95 344 345
62 58 143 156 103 158 3 92 147 160 94 149 12 155 10 21 76 131 78 146 80 49 53 137 71 84 73 26 56 7 66 134 5 35 112 114 116 63 65 120 4 122 38 111 100 2 55 17 104 161 95 110 165 99 43 24 54 154 342 343
7 165 86 141 154 147 94 15 28 151 85 74 8 21 142 63 78 67 80 69 124 16 58 71 126 60 73 128 117 130 132 108 121 55 123 57 112 125 167 59 48 61 103 4 39 160 107 54 96 2 164 6 45 157 104 159 27 148 150 42 18 340 349
165 41 154 35 16 39 99 122 84 127 23 76 106 110 121 6 36 115 66 17 119 100 30 11 147 79 158 162 43 73 58 141 82 63 135 67 146 65 144 95 159 40 123 104 134 157 4 19 72 53 83 136 28 51 111 92 96 26 348 349
20 104 38 93 106 27 108 84 5 31 152 86 154 22 35 156 158 92 81 94 136 4 149 96 151 140 153 2 74 87 76 89 17 131 78 146 124 137 126 73 75 77 3 66 110 125 114 169 118 54 0 98 45 113 9 102 115 157 340 341
104 140 155 131 78 59 133 4 148 27 8 87 137 85 143 30 94 79 123 136 54 114 22 63 118 120 122 31 61 124 95 89 93 74 117 159 106 68 0 108 72 102 150 83 152 167 51 169 96 158 37 16 151 345 346
4 96 43 98 111 153 45 36 38 159 40 84 31 154 143 156 24 134 147 81 28 138 151 72 85 19 140 129 21 131 65 12 67 135 69 58 126 73 117 9 130 64 55 123 57 46 114 169 103 37 118 160 52 162 340 349
96 99 68 167 8 72 53 169 2 105 51 149 164 98 140 41 153 71 39 69 146 18 84 148 63 48 78 150 42 57 143 55 6 136 30 49 0 75 9 131 73 120 77 58 122 111 124 67 61 65 159 59 152 23 344 345
83 160 68 19 0 94 53 98 28 153 142 155 37 133 16 84 39 69 141 59 23 123 27 57 8 38 2 55 6 36 66 116 30 15 45 109 164 43 18 117 106 67 95 108 12 110 152 65 46 167 10 40 70 21 156 343 344
160 2 17 81 111 92 162 26 164 60 41 71 143 35 39 118 69 103 133 84 33 127 131 112 76 57 87 21 6 85 66 30 0 64 15 45 147 98 158 73 54 126 37 52 135 16 1 31 144 129 70 123 74 68 19 72 151 348 349
124 161 67 1 12 42 106 154 167 121 21 119 100 49 162 94 151 98 79 109 153 77 144 157 26 86 116 5 80 132 108 145 93 74 134 27 8 72 53 2 117 140 129 17 51 131 11 15 60 126 24 39 118 122 103 3 48 346 347
161 154 105 16 39 118 69 133 48 127 131 112 142 27 85 17 149 64 94 75 162 79 109 164 24 54 77 156 137 122 18 82 33 63 150 1 114 65 125 129 10 89 70 93 123 153 157 138 72 102 53 132 113 117 51 81 92 37 60 348 349
99 26 56 106 41 154 84 59 147 23 57 138 151 6 85 155 17 144 30 133 64 94 148 98 79 137 150 126 73 130 52 3 33 86 136 1 31 112 65 95 46 114 127 89 70 129 93 74 107 120 19 0 72 111 28 100 81 92 344 345
55 61 63 118 131 67 3 60 102 115 117 46 108 110 167 49 0 103 145 92 105 147 81 94 149 151 26 37 98 41 155 76 5 16 157 78 80 93 135 150 71 73 86 23 75 27 8 64 132 121 17 123 30 125 15 127 45 342 343
61 67 80 135 82 137 128 75 130 24 64 54 119 132 121 68 22 110 52 70 125 114 1 169 42 129 46 10 120 21 109 164 98 19 100 53 102 157 95 56 60 86 35 16 103 145 158 79 48 59 138 151 85 140 142 76 78 342 343
57 107 15 45 164 98 111 100 113 24 18 159 52 33 93 106 95 108 152 86 81 19 149 53 85 9 51 76 144 78 26 37 133 146 67 135 148 82 137 16 71 39 128 66 134 23 123 70 112 72 169 36 63 118 30 342 343
107 38 72 130 143 132 6 121 100 125 138 94 75 79 58 18 103 109 122 22 52 33 63 111 126 31 12 65 159 10 40 70 21 108 74 110 152 19 49 167 147 81 77 151 153 105 155 35 16 39 69 84 135 78 137 93 141 345 346
117 158 149 3 63 48 164 67 31 42 142 106 144 110 40 70 21 135 148 0 94 128 28 145 26 37 123 136 52 71 125 86 5 35 65 95 118 89 59 68 38 102 17 111 11 152 45 154 105 169 345 346
158 28 26 60 120 71 5 35 16 118 133 78 59 112 76 27 8 38 140 2 155 6 115 119 149 100 167 15 45 75 98 43 73 24 77 22 82 33 63 135 116 146 1 31 12 46 129 10 123 153 157 138 19 132 348 349
76 120 10 21 74 111 68 49 102 72 53 159 28 9 106 51 108 56 112 156 169 5 35 92 105 149 162 164 85 98 87 142 155 8 80 93 6 17 150 11 126 64 86 45 130 143 43 54 134 58 118 131 46 343 344
120 106 154 167 21 6 115 66 156 169 119 30 11 147 94 162 54 140 153 18 22 52 67 135 31 114 65 126 10 130 143 93 132 121 134 72 123 113 51 111 26 131 41 71 122 105 35 16 39 108 59 159 346 347
15 110 123 125 59 114 127 48 116 105 54 122 164 5 45 113 38 8 152 33 154 2 22 35 6 103 24 37 79 26 147 39 81 136 28 19 153 74 87 142 89 23 65 69 137 12 60 141 130 77 132 121 68 340 349
110 75 41 105 122 24 39 69 18 126 63 42 106 40 6 36 156 169 100 49 98 79 9 151 164 153 77 37 22 82 86 67 146 35 80 31 65 95 128 143 132 68 102 136 17 51 81 92 116 129 26 345 346
48 58 30 115 157 45 106 95 43 86 18 167 22 33 156 147 31 94 138 98 21 87 89 144 19 133 146 67 135 82 28 126 60 73 41 64 5 134 39 136 59 72 129 105 23 118 38 54 122 2 341 342
58 130 143 64 12 42 134 68 70 21 114 30 116 19 118 109 122 164 111 100 113 102 115 157 159 93 16 1 150 46 152 167 169 103 38 147 53 140 153 74 87 56 89 144 67 35 24 69 137 128 141 342 343
92 143 156 28 9 51 94 56 151 140 5 35 155 39 84 133 146 78 137 8 141 2 119 6 66 123 45 112 125 79 116 43 24 162 22 82 63 122 113 1 80 42 115 157 159 89 93 152 72 344 345
78 113 102 115 40 70 21 157 74 159 106 68 95 72 53 86 154 51 103 56 79 41 5 98 69 155 89 144 146 23 135 148 38 84 36 17 119 132 64 134 45 136 112 125 127 129 105 52 67 109 1 31 12 343 344
36 169 105 162 54 23 43 27 45 102 115 6 51 30 11 40 108 150 154 167 18 37 79 3 39 149 138 1 31 151 74 87 155 10 131 144 133 67 135 69 71 84 126 73 9 141 75 64 132 26 121 134 68 125 59 341 342
169 51 30 145 39 152 103 133 84 82 33 63 67 131 12 42 21 115 134 128 109 28 162 126 137 56 141 37 86 116 35 16 150 95 148 159 89 93 74 153 157 138 68 8 38 132 2 136 348 349
154 56 71 105 35 16 156 103 84 127 108 59 106 155 140 136 115 159 119 149 100 75 128 43 73 24 77 137 18 22 135 86 146 42 114 95 46 125 129 70 123 134 138 19 0 147 9 81 126 348 349
30 125 46 59 127 41 162 54 43 164 26 100 155 5 16 49 38 93 106 40 95 108 84 31 35 8 147 6 94 136 149 11 85 0 142 131 9 65 133 146 67 82 22 3 126 141 64 70 340 341
125 146 64 45 75 148 79 137 150 43 24 126 52 3 31 12 136 114 65 10 89 70 21 0 102 164 28 111 56 37 159 105 35 16 118 69 167 103 156 59 23 27 2 153 6 85 155 144 346 347
43 64 23 119 132 66 79 8 38 70 112 6 127 129 63 118 65 109 24 22 102 115 49 51 31 53 42 150 86 10 46 167 103 145 147 81 162 9 138 87 41 67 16 39 137 126 73 128 341 342
64 123 54 70 3 33 63 129 109 46 164 10 21 115 157 159 53 95 108 9 152 51 26 60 5 149 138 151 98 142 155 89 146 27 8 80 148 69 2 6 128 11 130 119 79 68 342 343
84 102 35 93 106 1 31 108 46 10 86 167 145 72 2 98 140 11 56 142 75 89 60 146 135 54 18 126 128 141 130 143 119 132 12 42 121 19 49 118 28 9 122 73 111 37 52 82 343 344
102 149 151 140 153 23 27 8 87 157 146 85 17 150 11 94 75 141 79 132 121 134 18 136 22 82 86 67 127 1 65 95 89 70 21 93 19 126 72 53 28 106 26 112 5 156 147 345 346
103 115 17 81 106 56 35 24 156 105 162 155 21 144 6 66 146 100 0 94 150 79 152 28 77 132 37 121 67 136 16 80 114 65 116 10 89 118 133 109 122 38 72 53 345 346
115 108 59 112 87 21 157 45 109 28 9 24 167 37 80 65 95 46 153 155 89 93 133 146 68 49 135 148 38 72 53 113 2 17 128 141 60 41 71 136 5 39 69 127 345 346
122 128 12 27 106 21 100 94 75 79 9 162 164 37 153 116 142 155 16 144 157 1 80 95 46 93 23 143 72 53 113 145 2 134 147 51 56 41 71 5 24 39 69 135 3 346 347
128 18 22 52 138 1 12 129 114 65 46 131 10 93 123 74 113 28 159 111 26 56 60 35 118 162 108 151 23 153 106 121 144 133 85 66 148 137 150 79 109 143 73 24 54 145 346 347
106 69 113 23 159 27 8 38 6 167 100 11 75 145 98 79 9 162 73 24 18 140 33 63 155 146 1 31 42 65 137 126 130 68 53 123 114 129 41 71 131 345 346
105 108 17 81 152 167 156 75 147 24 54 149 138 18 151 22 3 63 12 42 46 148 150 85 126 94 53 132 98 79 134 28 136 112 26 41 71 16 95 164 93 74 27 159 38 345 346
123 109 157 73 24 54 135 33 63 1 80 132 89 93 74 138 49 72 28 131 51 81 133 37 60 41 71 126 5 16 118 69 112 23 8 87 156 2 147 162 119 11 346 347
38 162 164 49 27 8 93 108 150 42 152 11 141 145 79 134 147 81 24 94 149 138 72 140 74 87 142 131 144 12 133 67 137 10 71 126 119 132 68 46 167 59 26 5 35 341 342
18 3 130 16 66 121 112 46 114 39 162 98 111 45 100 113 155 49 5 40 95 108 143 35 77 145 8 147 136 149 72 6 140 74 129 21 89 0 23 133 146 80 82 137 126 73 340 341
59 100 11 157 159 148 54 95 108 150 33 141 77 145 1 81 136 21 151 87 142 0 131 80 82 51 71 56 60 73 16 119 121 68 70 114 127 116 63 27 109 98 342 343
75 112 22 52 33 114 127 46 162 10 40 98 111 155 49 157 148 28 26 37 60 143 145 79 69 94 138 151 85 129 27 146 80 135 82 66 126 11 0 141 45 130 73 54 134 343 344
67 137 10 119 132 121 0 68 53 112 114 129 26 118 5 164 35 16 111 100 113 95 8 86 6 143 145 11 149 72 85 24 153 52 3 63 133 80 148 342 343
79 121 28 9 136 77 127 37 116 129 5 16 65 164 113 74 157 68 53 95 17 152 51 11 60 73 149 155 89 144 1 31 42 82 150 10 126 141 19 143 343 344
121 131 54 164 52 3 86 116 1 80 159 114 65 40 70 152 74 167 68 147 28 9 51 151 140 153 142 71 157 35 69 137 112 130 143 27 8 134 2 85 138 100 127 94 346 347
54 119 132 66 6 11 45 63 162 109 164 100 3 113 1 42 46 10 21 77 145 53 136 149 151 72 85 140 87 142 89 144 133 146 82 60 23 130 342 343
3 60 9 119 66 134 112 46 0 114 52 162 109 164 111 45 113 157 93 148 40 108 150 31 145 2 26 147 94 151 6 140 153 74 87 89 10 131 144 12 16 137 340 349
135 137 42 65 46 89 40 93 19 49 0 113 28 51 81 41 35 39 118 133 27 17 11 162 151 24 142 155 77 144 52 82 146 159 86 148 346 347
137 80 31 12 46 40 21 93 68 19 9 111 37 60 41 69 156 23 87 6 66 17 151 100 142 144 157 109 146 24 150 22 82 33 347 348
93 140 142 155 144 157 72 152 141 130 6 66 81 11 60 52 33 63 133 111 42 126 19 49 0 53 167 28 114 9 26 94 164 5 344 345
140 74 134 119 138 0 28 9 51 41 71 5 167 156 162 8 87 151 136 142 155 85 146 94 98 24 22 52 145 82 33 63 116 131 12 42 129 10 40 70 347 348
68 138 98 9 142 33 63 148 69 1 31 126 65 46 141 21 77 119 19 136 70 53 127 28 116 37 109 35 100 113 108 23 150 152 6 17 81 149 343 344
80 148 10 40 70 21 86 141 74 143 132 72 134 136 28 127 26 129 41 71 118 131 5 109 39 111 152 6 11 156 145 45 151 77 85 22 142 52 33 157 343 344
131 85 74 113 9 126 77 167 56 41 35 162 114 95 142 155 157 23 159 27 72 148 2 6 17 111 60 132 109 73 127 1 133 346 347
19 151 0 133 82 71 73 141 16 130 53 112 167 114 8 116 63 118 2 52 162 45 113 155 157 27 108 150 42 31 152 33 22 12 143 35 156 77 26 81 340 341
63 126 21 73 132 66 167 127 118 31 111 113 10 89 2 86 51 143 11 26 56 145 41 134 94 136 149 70 151 87 129 12 8 69 342 343
126 86 116 112 134 12 42 65 46 40 127 119 53 26 56 37 5 114 108 27 162 2 85 17 153 51 144 157 94 45 109 24 346 347
40 142 144 65 133 146 148 69 82 23 60 130 77 119 53 17 134 11 70 112 46 127 52 41 109 33 56 100 113 157 51 21 108 42 152 156 9 26 138 72 153 74 341 342
142 21 138 113 159 28 9 51 37 167 35 16 39 69 162 151 153 23 144 27 8 6 85 17 150 119 130 11 94 98 24 77 22 33 86 12 114 95 347 348
72 94 162 49 164 98 87 9 146 26 56 22 52 148 16 143 77 114 127 74 2 66 17 11 60 24 39 159 119 108 31 27 147 343 344
94 127 129 118 60 41 69 113 159 95 108 87 152 2 156 145 0 9 153 77 155 144 1 65 141 70 130 134 49 344 345
56 86 8 143 147 81 136 138 0 85 45 87 155 9 24 148 82 33 60 16 42 77 119 112 49 114 116 118 28 65 164 37 111 41 100 35 157 159 152 342 343
86 71 130 143 65 27 129 118 66 17 51 81 109 11 113 60 73 108 52 82 33 112 1 31 12 42 10 70 21 149 162 164 98 49 0 155 157 344 345
33 73 26 119 132 66 112 46 114 127 116 23 45 100 113 11 155 159 95 150 42 1 31 147 136 151 21 74 129 65 82 340 341
74 87 155 0 53 28 150 60 130 41 71 35 134 114 118 27 8 109 2 6 51 113 45 95 108 24 152 52 156 31 147 10 70 343 344
143 141 71 5 35 16 149 129 164 108 155 87 144 132 146 2 136 51 150 152 45 147 52 82 112 1 31 12 46 70 130 0 113 98 28 9 347 348
51 156 147 162 164 98 12 87 100 155 144 21 6 146 148 69 145 66 37 22 16 114 118 10 65 8 60 119 53 11 26 35 342 343
156 81 60 71 5 16 39 152 108 112 23 87 2 155 119 149 100 130 109 77 82 116 146 31 12 42 46 129 70 153 49 0 132 113 28 9 348 349
26 145 147 39 149 138 5 85 87 89 148 71 8 60 141 77 119 132 134 70 112 24 129 65 22 162 111 10 150 31 152 340 341
28 145 81 9 151 153 146 119 27 134 6 46 167 116 39 52 111 113 22 155 49 12 148 150 10 31 141 340 341
145 167 77 37 60 71 149 162 35 16 144 146 159 27 150 152 2 136 17 81 100 11 109 73 118 133 22 52 82 116 42 46 49 347 348
0 17 85 6 129 21 23 65 12 133 71 60 49 9 132 53 66 108 37 118 52 41 109 164 111 45 146 159 95 150 35 11 134 81 340 349
16 27 1 12 31 141 10 134 136 149 138 127 129 21 65 133 108 8 114 37 39 52 98 153 100 340 349
27 45 113 157 49 23 159 8 95 108 150 42 2 35 11 162 98 153 87 89 144 1 71 10 21 73 77 132 114 129 52 340 341
21 69 73 130 66 112 37 39 41 162 111 100 113 17 89 11 82 95 42 31 22 134 81 136 149 151 340 341
81 9 147 77 149 162 41 153 5 144 157 146 82 150 141 130 2 134 17 11 45 127 129 52 111 1 108 112 343 344
46 11 148 69 71 24 60 39 130 119 12 112 127 116 118 109 98 9 157 41 95 5 152 167 147 23 8 138 85 144 341 342
134 155 77 22 31 65 95 89 49 53 132 113 41 118 69 127 112 23 152 8 85 66 147 100 149 162 45 138 151 346 347
23 45 157 159 150 42 31 152 141 77 37 149 138 85 89 65 133 17 130 66 9 112 167 127 22 116 39 52 41 340 341
69 159 1 152 10 53 149 9 151 87 89 60 5 82 150 77 119 8 2 70 6 66 114 45 109 111 157 343 344
159 129 108 112 87 85 66 100 130 11 73 24 31 12 42 65 95 89 70 49 113 147 111 71 164 5 348 349
157 164 108 138 151 2 6 60 109 24 118 133 127 31 12 42 70 155 167 141 37 116 35 348 349
164 87 136 85 100 130 11 45 118 152 133 22 52 82 127 146 1 31 12 42 119 149 49 53 147 71 114 148 129 108 153 348 349
8 41 109 45 113 155 148 95 31 141 5 35 149 10 12 133 146 60 119 66 167 114 127 116 39 340 349
41 152 2 167 147 85 153 89 133 82 12 73 10 130 77 66 70 112 116 118 52 5 113 49 341 342
11 37 39 52 109 1 153 45 49 146 148 82 150 141 35 24 70 138 12 71 60 6 130 66 340 349
71 31 42 147 138 151 85 153 89 146 37 35 39 130 132 116 129 2 17 98 111 45 100 24 22 52 343 344
100 129 118 6 85 66 45 24 22 167 1 147 65 95 10 155 144 53 148 9 150 37 141 119 39 136 344 345
167 60 35 127 108 112 42 155 6 85 66 147 98 109 9 77 22 146 150 1 114 65 89 70 138 53 136 348 349
119 24 127 118 129 22 133 65 95 70 9 77 162 5 153 144 108 148 87 2 141 111 132 136 346 347
113 149 162 112 153 2 6 85 133 148 141 73 24 130 77 132 22 52 1 114 127 95 118 89 53 111 345 346
17 116 118 52 162 9 111 155 89 150 31 147 2 136 6 138 85 87 129 133 82 60 73 130 132 10 112 340 341
162 151 111 60 118 152 112 1 31 155 85 149 109 73 5 150 114 65 148 153 138 348 349
1 73 130 77 53 2 70 114 52 109 45 49 108 150 24 37 151 85 87 155 89 144 340 349
45 112 114 116 98 108 12 147 149 87 65 148 5 130 39 77 53 66 341 342
70 89 24 82 22 31 116 53 2 109 98 155 5 35 95 108 42 138 87 343 344
108 35 39 87 147 149 153 155 24 144 146 82 31 65 112 114 116 118 345 346
60 152 149 151 98 49 89 144 148 150 66 136 138 127 116 6 24 95 342 343
22 73 141 77 114 116 118 109 6 49 53 31 35 24 37 147 12 138 151 10 153 87 89 133 340 341
73 52 42 10 49 53 5 152 39 138 2 6 66 144 133 146 148 82 24 343 344
85 129 49 53 109 9 37 149 2 151 153 87 89 144 146 130 31 12 42 127 344 345
129 66 49 148 150 98 152 9 141 130 82 136 138 95 133 111 24 118 147 112 12 151 346 347
24 66 112 127 5 116 118 109 49 6 148 12 146 141 130 340 341
132 77 151 153 52 82 155 116 31 146 114 95 148 141 136 5 39 118 2 152 130 98 109 147 346 347
127 98 9 152 82 116 147 114 65 95 149 49 144 146 148 111 130 39 138 87 6 346 347
116 141 77 118 65 95 53 9 111 152 37 5 147 39 149 153 155 112 133 2 345 346
52 141 6 77 112 114 65 31 111 42 151 35 153 87 155 89 144 133 148 82 342 343
10 89 144 65 12 133 148 141 9 77 53 112 5 114 118 109 98 2 49 6 42 152 35 136 340 349
12 130 66 112 5 109 98 153 89 49 148 95 42 77 37 147 149 144 133 146 340 349
66 109 98 111 155 42 95 150 53 149 151 5 35 144 133 141 6 112 342 343
130 114 89 152 9 37 149 5 138 151 39 153 155 144 133 150 2 98 109 136 346 347
138 49 53 98 155 146 39 87 2 111 109 118 82 112 95 147 149 347 348
148 114 144 136 39 133 112 87 147 109 37 82 153 155 347 348
89 133 146 49 136 112 39 114 118 42 111 152 77 147 151 98 153 344 345
95 133 5 35 141 87 6 118 42 152 149 151 153 37 344 345
133 49 151 5 146 150 141 136 77 82 42 346 347
5 150 152 39 136 153 87 82 9 53 118 111 340 349
49 153 144 82 112 114 31 150 152 141 77 35 136 341 342
141 37 82 31 111 35 118 42 149 146 98 109 9 347 348
42 2 114 9 77 147 136 151 87 341 342
149 53 111 35 2 6 151 153 98 109 146 152 144 347 348
87 109 98 53 37 150 152 35 147 151 153 146 82 112 344 345
151 53 155 37 118 6 147 109 82 347 348
152 35 39 6 153 118 82 31 65 98 9 111 347 348
35 150 136 153 65 2 6 31 39 341 342
53 153 146 136 37 118 111 150 2 342 343
37 77 136 144 65 146 2 9 114 111 153 82 341 342
9 144 112 98 153 2 77 340 349
146 39 118 98 155 31 347 348
2 111 155 150 77 6 144 340 349
6 118 109 111 112 340 349
98 136 111 82 31 144 77 150 65 344 345
118 109 147 153 144 65 111 112 345 346
109 136 82 31 150 144 39 345 346
112 82 155 65 345 346
111 147 77 82 65 114 39 345 346
136 77 155 144 114 39 347 348
144 39 77 147 82 155 347 348
82 114 39 153 155 343 344
150 114 65 31 347 348
155 31 348 349
39 147 77 341 342
153 114 348 349
65 31 147 342 343
77 31 114 343 344
31 340 341
114 345 346
147 347 348
186 263 276 318 331 320 212 333 182 267 335 269 311 203 324 192 313 260 315 170 264 253 200 242 257 299 312 193 314 177 248 292 226 239 294 307 230 243 232 287 221 302 278 238 280 214 227 282 295 337 229 273 207 181 277 211 266 279 213 202 323 215 283 259 206 195 329 340 349
263 250 270 239 190 220 312 325 184 327 214 195 229 305 193 174 227 309 172 236 187 251 302 181 304 185 215 245 295 213 224 286 258 188 192 252 203 279 237 294 336 246 274 240 191 287 289 265 278 238 280 337 198 179 326 339 202 247 226 207 264 260 211 266 256 334 344 345
205 276 212 333 254 267 337 258 271 313 260 273 207 184 195 199 321 174 299 312 197 178 246 259 172 237 250 187 318 252 294 307 200 181 298 245 300 289 291 280 173 203 295 216 297 218 171 182 286 275 209 222 290 191 279 292 213 226 228 170 283 272 219 261 208 221 179 341 342
276 277 269 273 281 254 294 195 267 248 285 287 329 227 257 289 261 333 280 225 236 270 234 264 215 315 328 332 243 194 321 334 192 173 203 237 327 303 316 250 201 212 265 320 259 210 296 244 298 311 189 219 253 204 291 306 202 262 284 177 207 299 260 211 288 345 346
246 277 180 292 244 336 283 189 338 223 204 287 217 198 289 202 232 280 207 269 211 324 326 339 273 275 317 214 253 218 321 334 255 323 193 270 312 314 261 172 250 187 252 254 181 234 185 245 298 300 313 315 291 228 203 233 295 237 297 286 299 171 201 212 288 343 344
277 197 208 300 313 302 176 255 206 236 187 304 270 293 306 234 264 284 297 299 213 273 279 292 192 173 233 281 294 283 171 212 289 259 191 244 322 189 219 324 337 223 204 339 221 232 247 319 332 266 177 207 321 211 310 175 239 190 214 318 229 307 320 309 345 346
306 328 264 204 279 332 198 179 262 228 258 323 196 226 207 325 192 222 211 250 220 284 265 295 299 259 324 313 193 238 208 242 223 253 172 217 308 187 221 251 200 181 215 194 239 269 188 303 338 173 203 248 278 301 282 201 261 291 225 255 285 337 326 339 170 347 348
328 287 251 281 232 262 196 230 309 260 211 294 324 190 269 220 322 273 184 336 267 248 199 301 312 178 208 280 310 331 333 225 176 335 289 270 300 181 337 268 243 224 332 247 307 334 311 252 233 256 171 212 284 265 295 318 259 210 274 304 308 238 242 272 283 348 349
223 330 251 253 308 255 188 323 257 312 248 316 201 182 212 250 197 239 252 241 254 210 296 309 230 313 219 302 249 291 304 238 217 179 213 202 295 229 242 284 177 299 275 288 336 270 283 274 287 329 178 265 278 267 322 256 269 337 258 271 181 326 185 262 342 343
330 302 253 204 172 187 332 266 226 294 324 275 239 269 292 188 322 303 254 184 203 267 278 282 312 212 197 280 310 291 191 285 236 200 170 234 185 215 279 179 213 194 224 326 177 311 207 192 271 252 305 237 284 235 314 295 318 329 180 259 210 331 304 193 208 242 348 349
176 218 339 286 220 288 222 235 211 332 334 226 281 228 204 338 285 206 327 329 197 265 199 320 212 335 324 337 258 271 326 273 174 317 209 251 264 185 172 308 321 242 323 178 259 180 193 314 184 318 175 239 294 296 188 230 177 298 245 247 236 293 227 240 295 340 349
218 336 228 187 283 200 219 185 221 331 333 280 269 271 203 262 201 251 253 308 268 180 210 323 244 257 312 259 314 303 305 239 252 307 254 183 243 311 207 232 245 300 313 289 302 249 175 291 209 240 295 184 229 199 231 299 193 222 235 208 279 292 281 294 341 342
226 335 193 324 271 197 178 208 260 315 262 187 251 264 319 200 308 321 242 185 301 179 194 248 188 252 230 243 298 201 182 245 287 216 247 210 293 227 240 295 229 219 204 286 275 221 202 290 183 334 177 207 336 228 283 338 175 209 331 184 320 342 343
335 177 211 290 241 313 209 322 303 333 184 248 199 278 331 282 193 227 257 280 310 225 206 285 187 319 181 317 268 298 338 213 194 296 307 258 311 222 252 256 286 182 339 295 329 180 240 244 304 327 219 321 272 253 287 217 198 202 281 334 315 266 196 348 349
179 260 249 262 183 317 238 173 185 240 253 187 308 310 191 233 180 314 248 290 305 294 241 296 298 287 221 289 291 212 280 229 175 284 231 273 275 264 211 224 266 268 281 270 178 204 325 338 206 327 261 208 329 331 254 203 324 245 258 313 247 340 349
260 333 267 280 221 202 322 183 324 177 207 230 241 317 209 319 254 184 323 229 325 193 327 174 197 227 257 305 172 307 255 289 304 213 243 224 247 295 173 233 286 256 201 231 182 212 281 294 180 259 240 191 336 270 338 285 238 170 287 331 344 345
220 261 172 329 278 200 320 333 267 269 324 337 271 213 194 317 188 264 192 253 266 321 242 257 171 201 182 235 303 316 239 294 241 219 170 296 309 243 245 287 198 202 183 304 207 240 229 284 339 286 184 290 334 281 193 174 270 283 197 178 208 272 285 341 342
261 290 195 281 336 283 338 208 285 242 253 172 289 236 251 232 265 278 200 181 267 280 185 215 269 230 324 337 326 239 262 275 317 188 264 248 321 257 180 225 296 309 189 298 311 243 183 291 304 247 228 258 293 177 241 256 237 297 175 250 190 344 345
197 175 279 292 334 281 336 228 217 272 285 327 274 287 329 221 331 265 278 333 280 201 324 337 326 273 264 198 332 194 200 188 323 173 325 259 301 237 239 294 180 243 232 300 234 170 291 238 240 282 229 284 297 196 286 299 192 288 235 340 341
302 213 243 194 319 332 323 192 271 222 233 312 256 286 237 303 212 284 318 259 240 244 274 311 174 219 304 217 202 232 266 196 207 230 275 175 239 190 184 214 195 297 248 199 229 282 331 280 333 225 285 187 289 270 300 200 326 185 215 249 317 346 347
195 204 325 259 272 206 327 274 180 318 252 265 320 193 174 254 201 322 269 203 324 245 172 187 249 304 238 251 198 321 242 255 244 312 235 248 184 290 237 250 294 230 298 219 232 221 234 236 185 282 295 337 231 207 177 224 192 279 268 281 270 340 341
204 199 253 266 308 321 242 174 310 301 314 248 316 237 250 294 307 232 245 300 194 304 225 203 280 282 337 297 171 182 339 288 180 191 332 224 213 170 215 283 325 338 285 327 198 274 208 221 202 183 318 210 254 267 322 214 175 247 341 342
200 282 174 189 284 198 211 292 334 177 215 336 325 285 206 219 274 329 210 184 320 333 256 324 337 326 207 249 251 264 187 253 181 255 310 185 257 299 312 235 250 318 239 192 311 232 245 300 234 247 304 180 225 238 293 227 240 340 341
282 181 266 234 185 336 215 279 213 194 287 224 331 203 267 171 231 339 280 180 225 255 170 310 323 325 268 314 327 303 316 202 262 247 305 196 177 207 307 271 211 241 309 256 298 311 269 254 291 229 293 193 174 208 242 272 236 290 345 346
333 290 175 209 190 269 273 254 184 297 278 301 174 291 325 206 285 289 185 245 268 279 213 243 194 224 247 326 307 311 192 271 173 252 256 320 314 265 295 318 329 180 191 323 238 189 170 253 287 217 221 202 196 177 338 230 348 349
172 275 288 209 211 332 266 279 215 338 259 206 327 219 210 254 201 190 324 313 326 194 196 317 251 319 240 253 308 255 310 178 233 180 301 314 248 182 316 237 250 184 252 294 228 188 309 230 243 298 232 245 289 225 293 214 297 340 349
232 271 188 315 192 249 317 251 264 319 253 231 182 212 191 259 301 248 316 250 189 170 294 254 296 198 243 183 245 300 247 236 291 304 238 295 297 184 214 275 235 332 279 281 270 272 206 327 329 181 320 269 213 337 258 342 343
271 262 181 196 313 241 304 209 269 184 284 199 229 286 299 193 288 279 292 294 255 206 187 338 285 170 234 185 268 278 213 224 322 228 188 324 192 173 252 339 237 315 171 231 212 265 216 321 259 323 312 189 253 217 307 221 344 345
177 256 311 203 173 192 326 247 315 249 262 183 196 251 264 187 242 244 257 299 180 170 235 303 305 239 252 294 243 287 300 221 181 293 227 297 339 275 288 222 224 266 279 268 281 215 270 274 329 318 210 320 254 340 349
336 278 327 321 255 206 285 236 319 181 315 264 245 268 298 249 279 194 224 228 258 188 322 222 173 252 233 256 286 171 182 212 314 216 280 299 329 180 325 274 219 283 287 251 202 183 296 266 230 309 211 294 239 269 254 214 348 349
339 206 236 187 221 251 315 266 230 309 239 292 188 322 273 303 192 222 337 233 237 171 182 216 210 191 325 225 255 219 234 317 249 217 296 247 326 311 241 305 256 175 320 250 265 184 318 299 259 248 199 293 323 174 242 272 348 349
209 287 329 210 265 212 267 280 214 181 324 337 326 273 315 175 262 317 251 264 188 253 321 203 244 303 316 250 252 206 307 309 170 298 234 198 249 291 225 183 227 240 192 297 299 301 290 237 184 279 292 281 199 215 217 338 174 208 341 342
287 273 319 252 203 267 248 334 323 171 231 312 325 216 316 180 191 305 189 249 279 300 198 262 207 293 295 250 299 190 284 265 288 193 238 338 253 217 236 251 331 281 181 185 215 230 324 275 326 194 345 346
174 266 213 268 215 270 206 327 208 331 199 254 201 322 256 269 190 311 192 313 326 247 181 194 249 183 251 185 297 244 299 233 301 314 248 303 237 184 283 175 296 230 285 298 300 289 291 280 214 337 231 273 207 332 340 349
266 269 189 324 253 273 217 317 251 202 332 181 196 321 241 312 325 224 239 190 316 188 305 203 307 257 313 225 304 295 219 234 264 215 284 286 299 198 288 213 290 279 207 192 256 237 283 265 210 240 278 244 344 345
193 279 268 283 338 272 206 327 219 189 170 274 318 331 320 267 322 203 247 207 249 175 317 251 198 319 253 321 255 323 244 312 259 235 316 237 307 243 181 234 225 238 293 227 295 188 284 192 231 273 288 332 340 341
279 304 208 284 225 299 288 185 245 268 249 194 283 247 338 188 327 192 222 173 233 256 237 201 320 182 212 235 216 259 210 317 170 319 217 323 312 325 196 303 305 275 190 309 313 267 229 345 346
253 189 264 332 242 308 255 257 251 202 312 301 314 196 211 175 294 309 311 248 199 291 304 227 284 206 288 334 213 270 338 285 188 274 173 252 203 329 237 331 265 250 231 280 273 315 343 344
294 331 237 182 280 291 326 240 191 225 285 321 249 198 202 183 314 211 241 318 175 309 190 284 265 311 199 315 293 227 257 208 242 303 185 215 275 224 288 258 188 273 192 222 252 203 346 347
331 269 338 254 184 318 214 248 310 291 225 255 285 236 300 264 215 268 298 249 334 243 296 326 188 322 192 222 203 305 256 286 182 212 235 265 295 329 210 293 244 323 327 238 189 272 183 262 207 309 290 348 349
269 274 196 241 175 239 190 184 273 248 229 275 178 312 255 301 303 234 264 318 249 296 298 258 188 192 222 173 289 291 304 293 231 182 212 284 180 191 244 288 290 238 219 281 338 251 202 327 344 345
325 259 229 293 321 272 283 217 196 245 230 211 313 324 288 322 303 173 267 231 182 257 334 280 210 206 319 300 329 219 317 268 198 213 296 228 307 258 207 252 305 256 237 316 175 171 250 190 284 235 265 295 348 349
274 310 312 184 301 314 267 248 303 316 318 227 307 296 206 236 187 270 234 215 291 304 213 297 228 188 299 222 203 275 256 171 201 231 212 334 235 265 210 329 238 189 278 272 320 280 322 324 251 202 196 317 211 308 345 346
228 245 249 304 238 240 191 295 242 284 297 231 286 189 233 215 270 283 192 272 285 265 278 320 216 267 322 184 214 256 180 210 324 337 273 262 317 187 255 268 244 257 181 259 314 248 303 237 224 309 230 243 173 203 342 343
290 178 257 208 280 324 206 315 170 264 245 319 321 213 194 224 258 188 233 256 305 171 201 182 212 320 284 235 216 309 298 311 180 259 210 313 291 272 217 198 221 251 202 183 299 207 292 190 338 214 327 248 199 278 346 347
262 326 273 251 319 230 308 321 175 312 190 301 314 254 184 305 307 178 257 311 206 236 304 181 293 234 185 284 299 243 194 288 258 192 222 173 252 233 334 256 283 250 182 212 272 216 259 210 191 265 320 189 344 345
206 332 213 334 268 178 281 215 270 217 327 187 221 181 278 337 258 313 326 188 315 173 203 264 308 321 310 257 301 314 237 250 318 307 254 296 230 198 311 202 247 236 293 227 216 284 341 342
181 295 229 231 273 222 332 334 268 283 217 338 272 180 327 329 320 267 190 203 324 258 313 326 317 198 187 297 244 299 312 233 248 303 237 250 178 307 230 298 300 221 170 293 340 349
213 234 289 236 249 208 225 238 240 187 297 185 235 224 292 281 215 283 338 192 203 201 212 267 214 216 273 170 317 251 319 198 321 323 244 196 259 211 239 252 190 296 230 311 199 341 342
234 293 194 188 242 297 222 233 299 288 301 235 171 182 292 216 210 270 283 285 219 170 329 267 322 202 196 207 275 319 255 257 199 229 248 316 227 250 208 318 252 241 309 311 300 313 185 247 291 304 342 343
273 285 278 245 211 241 175 190 188 254 233 317 267 319 310 323 236 305 318 189 268 249 198 243 183 247 258 222 291 304 293 308 171 297 235 216 286 184 180 301 199 244 208 242 345 346
285 254 214 299 173 199 292 182 334 227 257 280 191 329 170 185 264 268 322 243 183 247 326 207 237 332 171 321 235 216 310 240 316 238 219 305 318 178 307 296 187 281 241 295 239 345 346
215 280 227 297 178 208 231 286 275 332 224 292 272 327 219 329 221 192 256 324 182 315 317 180 210 251 308 310 323 248 303 316 202 183 239 241 211 309 230 311 300 184 214 291 225 341 342
280 301 211 303 275 292 239 188 254 173 203 289 210 240 326 270 219 264 268 319 332 183 247 258 312 171 201 320 265 216 322 298 199 229 244 300 313 272 293 221 299 345 346
293 185 310 323 243 194 247 258 305 318 203 233 320 286 298 311 171 201 300 235 259 304 191 295 238 219 242 272 217 198 196 241 275 175 239 329 292 324 178 291 317 225 289 270 321 334 346 347
187 231 286 275 288 332 268 202 270 217 175 210 178 249 198 240 321 255 189 310 244 257 191 312 185 233 248 303 316 250 292 305 307 309 230 298 221 171 289 182 291 227 216 229 284 340 341
278 283 175 190 248 229 322 212 178 257 337 326 315 225 236 319 332 308 185 310 323 268 312 243 224 258 207 318 233 307 256 296 298 311 235 180 259 210 304 238 219 284 217 198 183 292 230 211 241 345 346
192 296 243 311 247 289 236 175 225 229 242 184 297 288 222 224 281 338 221 199 212 201 322 188 337 258 264 182 319 321 268 180 323 314 170 316 305 252 307 340 341
296 222 203 300 286 250 304 317 265 216 308 310 244 299 301 238 303 251 247 338 211 241 190 284 254 214 248 199 229 227 208 242 321 225 255 312 185 316 329 249 318 194 320 309 258 322 292 346 347
236 299 194 224 275 188 173 292 334 270 338 231 212 235 216 329 219 170 258 198 221 317 251 196 207 321 255 323 244 175 190 314 316 237 250 307 254 309 227 178 298 300 289 225 291 304 185 342 343
208 211 224 184 338 259 327 219 254 267 256 258 185 249 317 310 173 203 323 299 314 171 303 316 239 307 180 191 309 243 298 245 189 170 221 198 225 238 202 214 216 233 288 175 222 341 342
268 291 295 297 185 245 292 230 281 239 329 222 252 289 237 171 201 231 212 324 216 326 240 191 317 170 264 334 249 217 198 312 202 258 316 305 256 175 322 190 265 315 244 344 345
291 292 334 188 222 171 201 182 212 284 235 265 191 322 244 324 283 217 202 281 183 207 314 327 239 254 214 267 229 298 311 300 313 304 295 308 289 245 299 346 347
185 240 229 288 224 281 270 283 221 201 203 324 326 207 249 196 317 264 319 308 255 189 323 257 299 301 314 248 239 171 241 182 188 298 180 238 170 340 349
188 298 173 171 225 216 229 231 288 211 224 283 217 338 272 175 267 214 311 247 194 178 242 189 323 299 191 312 248 237 292 239 252 307 309 340 341
298 304 256 237 235 216 180 259 210 240 191 219 242 217 221 202 281 196 211 275 326 288 317 214 229 321 310 227 178 257 312 314 327 225 305 289 264 309 322 300 346 347
201 237 250 305 318 252 241 245 247 199 240 178 216 297 231 286 233 288 222 211 292 270 194 173 265 320 267 182 214 313 180 207 317 189 308 310 202 244 257 198 301 314 303 196 316 340 341
237 231 212 307 241 254 309 311 245 304 240 284 297 202 183 286 211 175 235 338 327 267 256 324 313 315 317 230 319 308 242 312 259 301 303 305 318 342 343
301 210 240 225 255 289 270 189 283 217 202 183 337 196 207 326 211 256 286 332 235 265 214 248 316 227 178 257 272 305 320 309 221 281 313 245 315 249 275 243 239 308 171 303 231 346 347
173 175 243 300 289 304 337 275 288 222 334 202 270 272 327 265 199 212 267 256 247 194 315 207 183 196 198 240 308 321 242 310 323 299 191 259 235 250 292 184 305 239 241 340 349
175 210 320 214 171 190 203 313 326 315 207 249 321 255 310 178 191 182 316 184 305 241 230 311 247 183 238 227 240 286 299 222 332 281 338 272 327 340 349
178 332 334 281 202 270 217 338 272 219 318 265 254 267 214 256 311 313 247 207 196 264 240 308 255 244 257 191 180 248 182 316 250 292 184 252 309 243 300 216 231 275 222 340 349
295 303 316 305 318 249 307 243 258 313 233 256 304 182 284 235 297 180 259 210 244 238 189 219 170 242 283 338 207 230 241 239 326 229 319 308 321 289 270 314 346 347
222 309 230 243 245 300 289 225 238 240 284 297 231 233 235 171 182 338 210 329 265 189 320 267 256 217 326 202 183 315 249 317 264 257 259 184 214 199 303 239 342 343
194 289 225 238 240 216 229 231 286 288 184 211 332 281 217 318 210 212 254 322 258 313 315 196 264 308 321 242 310 244 171 235 248 316 180 292 252 241 189 309 245 300 340 341
254 327 329 250 244 315 275 242 317 264 319 217 255 310 312 211 241 305 239 320 309 203 233 300 313 182 212 227 304 191 225 219 170 249 183 270 207 343 344
257 332 292 238 272 221 202 183 196 207 320 241 322 324 337 313 239 190 184 214 248 199 310 323 305 309 249 311 300 224 304 252 297 171 250 275 288 180 191 344 345
171 250 307 241 309 300 170 183 304 225 238 227 233 288 235 211 224 334 281 272 329 320 212 203 324 249 196 198 319 321 323 191 259 314 248 303 316 340 349
250 212 216 307 311 300 313 238 189 304 217 183 196 286 211 241 288 292 334 338 248 329 227 265 267 322 225 337 258 264 332 224 310 323 259 314 327 343 344
231 305 239 252 243 245 224 247 289 203 284 210 191 292 334 281 219 170 338 272 198 329 221 183 265 320 267 256 337 313 190 315 249 214 251 319 199 227 259 314 342 343
210 299 312 190 316 199 307 309 230 243 225 284 297 286 233 288 211 292 270 221 320 212 256 189 170 324 198 251 319 196 207 308 255 323 244 341 342
299 240 225 327 219 170 318 322 183 258 300 256 286 265 214 180 229 244 283 221 202 230 211 324 326 292 203 233 248 332 182 212 346 347
264 242 217 284 183 288 196 230 211 334 283 272 214 327 248 227 322 337 326 315 275 332 249 321 224 314 252 233 316 235 311 180 191 313 344 345
203 230 245 300 221 289 304 190 229 199 284 297 286 224 270 338 272 327 214 311 313 315 182 251 240 308 310 323 312 170 248 183 340 341
309 233 256 337 212 326 265 259 334 238 219 323 242 272 314 221 281 183 318 322 241 313 190 315 214 225 255 270 300 338 247 307 258 347 348
304 310 243 316 252 259 238 189 219 272 283 251 196 334 211 241 275 338 327 267 297 248 199 324 225 317 289 300 308 346 347
196 256 216 258 207 251 198 319 308 202 323 244 312 259 314 184 248 316 241 245 227 229 224 334 182 270 327 180 191 221 199 212 267 322 340 341
256 300 214 248 297 245 230 272 243 224 233 324 337 258 212 216 240 255 319 332 334 323 312 314 303 183 305 247 318 344 345
240 259 248 316 198 224 252 311 289 332 217 292 221 202 281 270 338 230 239 322 199 229 337 258 313 182 227 249 191 225 255 310 323 343 344
245 233 297 286 275 288 182 212 216 281 338 189 198 202 183 322 324 258 249 239 190 319 184 214 308 255 199 310 312 259 227 248 305 247 224 343 344
259 312 180 314 189 320 311 221 183 239 284 297 214 233 288 229 334 227 270 283 191 267 322 337 252 275 308 344 345
312 244 338 238 189 170 242 272 221 251 202 281 322 207 324 230 241 275 317 190 319 303 184 321 267 323 314 289 182 212 265 347 348
212 239 307 241 199 238 337 229 284 288 270 272 219 265 182 320 311 180 191 170 251 242 244 314 303 316 341 342
217 315 319 310 323 248 316 305 307 230 300 289 225 238 227 182 284 216 297 288 224 189 292 170 283 338 198 327 202 183 221 207 320 313 184 341 342
315 198 183 326 247 207 317 230 305 332 239 190 323 214 327 248 199 316 320 242 272 255 251 270 249 243 292 303 233 267 297 182 310 191 289 238 219 347 348
189 308 321 255 310 170 323 314 235 316 292 305 307 243 289 229 284 233 275 288 334 270 283 338 219 199 320 190 258 182 247 249 317 180 340 341
310 244 308 219 170 242 272 251 281 207 211 239 337 303 214 267 297 319 227 334 255 316 322 243 311 247 307 258 292 286 182 216 347 348
251 326 275 202 319 321 207 255 241 314 327 303 316 252 227 300 313 284 297 249 286 224 233 283 338 272 329 265 337 343 344
242 319 219 170 321 334 323 198 314 248 207 305 318 252 307 320 243 235 300 229 238 297 244 221 230 281 224 227 324 258 326 225 343 344
286 307 225 270 300 249 247 258 252 233 288 182 235 265 180 329 272 202 322 324 207 230 211 241 275 317 239 319 321 248 229 327 227 316 305 345 346
307 284 216 191 238 219 272 283 198 281 207 230 211 241 214 297 227 317 319 332 225 255 321 289 300 314 243 258 233 347 348
305 320 216 311 191 244 317 283 281 183 211 275 288 239 184 267 199 227 337 289 300 332 249 334 323 243 247 292 316 346 347
320 235 265 184 229 221 281 230 243 224 288 292 233 267 337 180 326 225 289 270 219 170 249 334 198 323 183 247 207 347 348
244 219 170 314 248 303 316 318 207 289 239 190 284 297 229 334 272 243 324 337 258 275 317 235 216 319 308 321 180 191 343 344
202 313 207 317 319 255 248 318 230 311 289 225 238 227 229 284 224 281 183 272 327 322 324 258 340 341
313 247 207 337 326 214 229 323 308 272 327 318 221 281 322 224 303 252 233 297 191 255 270 300 170 249 198 243 347 348
198 319 308 321 183 314 190 239 241 184 243 221 284 233 275 332 224 334 283 327 219 329 265 191 214 258 340 341
233 243 225 300 170 238 224 275 332 334 216 338 272 329 318 265 311 324 258 247 230 319 321 323 229 235 342 343
323 308 327 272 288 239 322 199 225 255 270 249 329 243 258 337 316 284 235 314 265 348 349
326 281 211 288 303 214 297 229 338 255 289 317 337 258 316 332 182 284 265 216 318 191 329 308 170 321 283 348 349
329 288 239 303 297 248 199 327 227 321 225 249 247 252 182 338 235 191 319 238 272 283 337 317 221 183 311 230 211 348 349
184 272 182 219 180 267 214 190 170 249 183 308 255 191 292 239 243 311 247 238 227 284 297 270 283 340 349
272 319 332 267 199 314 316 318 224 308 235 265 191 292 281 170 230 324 337 317 345 346
288 289 255 337 224 321 182 327 284 216 180 322 219 311 283 300 308 297 275 190 214 248 227 345 346
221 317 319 332 255 182 314 327 316 318 239 219 170 300 183 238 227 308 229 284 297 292 281 265 342 343
318 327 235 216 214 322 308 324 211 241 275 239 267 182 255 289 270 300 170 337 249 332 321 311 334 252 347 348
267 241 338 190 289 248 199 322 337 225 255 332 270 249 243 316 265 216 180 308 219 183 292 281 344 345
281 319 321 270 314 327 303 316 243 247 252 311 300 182 191 183 211 190 322 199 229 345 346
239 216 337 238 317 319 308 316 252 214 199 300 227 297 224 283 338 343 344
334 337 227 270 338 249 252 316 235 265 180 319 238 219 170 283 317 332 183 241 190 314 214 248 348 349
337 338 211 224 322 182 270 219 249 243 311 235 314 265 216 180 199 229 308 348 349
275 322 324 230 317 319 308 321 182 316 191 225 255 311 219 300 183 247 207 190 214 248 283 338 327 345 346
324 211 241 190 303 199 229 321 255 300 247 252 316 235 314 180 219 170 317 183 348 349
225 338 230 180 322 219 319 332 255 327 248 199 311 289 227 308 284 297 342 343
241 322 258 235 216 180 191 317 321 248 183 303 252 211 243 311 190 289 284 297 332 270 283 224 343 344
283 199 229 332 227 314 255 303 270 300 258 252 235 265 180 292 238 207 230 322 214 345 346
211 258 308 316 230 311 180 238 216 229 183 235 332 224 190 270 327 199 341 342
332 230 303 252 338 297 182 216 289 319 270 300 258 190 284 314 214 199 229 327 348 349
214 190 199 258 247 191 308 316 252 207 289 216 229 284 297 224 270 341 342
327 227 224 292 303 297 216 338 319 238 219 183 311 207 314 348 349
289 243 224 303 292 182 338 238 219 207 317 230 319 190 314 322 300 346 347
229 270 322 258 182 249 216 321 255 170 292 243 238 199 284 342 343
270 317 235 216 180 191 170 314 303 316 230 190 344 345
230 258 180 191 319 255 248 252 311 300 190 249 199 265 342 343
199 219 265 247 249 317 308 321 292 252 243 300 227 170 284 224 340 341
243 216 284 297 170 292 265 249 317 319 227 255 224 311 343 344
227 224 322 258 180 191 249 319 308 255 207 303 190 297 235 342 343
338 248 247 258 311 182 191 308 170 207 190 292 348 349
300 247 238 170 322 319 308 321 311 224 346 347
224 284 297 182 219 247 317 314 235 248 303 190 342 343
247 308 284 235 292 238 265 258 319 255 182 303 170 311 343 344
180 235 316 238 216 292 322 190 207 317 255 340 349
235 303 316 191 252 219 249 308 284 190 216 322 317 182 342 343
303 216 191 238 219 183 319 207 316 248 322 255 292 252 182 346 347
182 216 297 219 265 321 340 349
308 183 316 207 190 284 249 292 216 191 347 348
319 190 255 317 258 252 322 265 238 347 348
216 252 238 297 191 292 183 265 190 258 317 314 341 342
316 183 255 170 249 321 311 347 348
311 284 238 292 297 219 314 170 258 347 348
321 219 170 322 292 248 252 284 314 191 347 348
249 207 190 292 265 258 314 219 343 344
219 170 191 183 258 341 342
322 190 297 292 252 265 191 347 348
190 265 207 317 191 238 284 183 340 341
170 255 297 314 258 183 340 349
183 317 191 252 238 340 349
284 265 297 255 345 346
292 255 258 314 238 317 346 347
248 265 255 252 343 344
252 238 265 258 191 317 255 314 343 344
258 207 238 344 345
314 191 238 317 265 347 348
255 265 317 297 344 345
207 297 191 341 342
191 297 340 341
317 347 348
297 265 238 346 347
238 343 344
265 344 345
340
341
342
343
344
345
346
347
348
349
