#/usr/local/lib/python3.10/dist-packages/colab_kernel_launcher.py -f /root/.local/share/jupyter/runtime/kernel-4e96f4f6-3ff9-4b57-9774-52bcdd39bbb8.json
# GMT Mon May 27 21:49:10 2024
# 
13 88 65 101 78 55 32 68 22 35 77 90 57 34 47 9 10 24 37 12 14 102 79 92 69 82 59 36 49 26 16 91 104 58 94 71 25 61 28 4 18 5 103 7 70 83 50 27 17 6 8 95 72 85 75 52 29 42 19 97 87 64 41 54 31 44 96 1 86 3 99 76 53 89 56 33 23 210 214 215 219 220 224 225 229
88 95 65 46 98 79 97 26 56 37 10 40 43 24 76 99 27 57 8 89 38 60 77 58 18 2 5 16 90 103 19 0 22 52 3 82 33 63 6 36 66 17 39 69 20 50 92 72 53 83 67 104 84 94 30 11 44 25 47 28 9 1 80 12 42 96 64 15 45 75 48 29 59 51 32 62 213 214 218 219 223 224 228 229
24 97 14 87 64 54 31 9 1 15 86 99 76 53 66 43 56 33 98 65 101 32 68 45 35 4 100 7 80 57 34 70 47 37 8 79 92 46 82 59 36 26 104 81 58 94 71 2 48 61 38 5 28 16 103 19 93 3 83 60 96 6 50 27 63 40 20 30 72 85 62 75 29 42 84 210 211 215 216 220 221 225 226
97 54 76 27 57 8 87 38 60 90 41 71 93 103 77 91 18 102 2 68 19 49 0 22 52 3 82 33 63 55 6 17 39 69 72 53 83 34 86 67 30 11 25 28 9 1 31 12 42 64 15 94 45 75 48 59 100 81 92 65 95 46 79 96 23 56 7 37 10 89 40 70 21 43 213 214 218 219 223 224 228 229
16 93 70 83 60 73 50 27 40 17 82 11 72 85 14 75 29 19 9 1 12 15 74 51 87 64 41 18 54 31 21 86 63 99 76 66 43 20 33 23 98 7 10 32 68 45 22 35 100 8 90 67 80 47 102 79 56 92 46 59 2 36 26 101 91 0 81 58 48 61 6 38 28 103 210 214 215 219 220 224 225 229
93 68 49 0 80 52 3 82 6 66 39 100 50 51 81 53 83 34 67 99 84 14 44 25 47 101 9 1 61 12 42 64 15 45 75 48 78 29 59 60 32 62 46 77 79 91 102 23 4 26 56 7 89 70 21 94 43 73 27 57 87 38 90 41 71 72 74 96 86 58 18 95 98 35 213 214 218 219 223 224 228 229
17 58 94 71 48 25 2 5 0 83 3 73 50 27 6 40 30 95 72 85 62 39 75 52 84 11 74 51 87 14 64 41 54 31 21 1 96 12 63 99 53 66 20 56 23 98 65 101 78 55 32 68 45 22 100 77 90 67 44 57 34 47 37 89 8 92 69 46 59 36 49 91 104 210 214 215 219 220 224 225 229
58 95 48 62 50 98 51 75 32 65 46 87 64 11 14 44 25 86 9 99 10 40 89 12 42 79 27 57 29 41 101 78 91 68 100 67 103 23 4 70 7 37 21 22 52 92 55 69 82 59 8 38 72 39 20 53 104 81 84 61 30 2 96 47 73 19 0 1 3 33 15 211 212 216 217 221 222 226 227
28 67 22 80 3 57 34 47 6 37 20 102 79 82 59 49 91 11 71 14 48 61 25 38 1 103 12 83 60 50 63 30 95 85 62 39 75 52 29 42 23 84 4 26 74 51 7 87 64 10 54 31 21 44 96 99 53 89 66 43 98 65 18 78 32 45 2 35 5 100 77 0 210 211 215 216 220 221 225 226
67 9 1 31 61 12 42 64 45 104 81 94 29 71 60 84 32 46 83 73 4 56 37 10 85 40 21 54 55 27 57 8 38 39 41 87 77 18 86 76 2 89 5 19 0 98 22 52 33 101 6 36 91 66 20 51 53 34 90 103 80 70 30 11 14 44 92 25 47 82 212 213 217 218 222 223 227 228
29 32 45 35 90 57 34 2 37 5 102 19 0 69 22 82 3 59 36 6 49 20 91 104 94 48 61 51 11 83 60 96 73 14 50 25 40 30 9 1 12 95 15 62 39 75 42 84 74 87 64 41 54 31 44 23 4 26 89 66 43 10 56 21 98 27 101 78 55 210 211 215 216 220 221 225 226
32 78 55 91 45 100 80 57 34 70 47 23 37 4 5 7 102 79 92 69 21 82 59 36 72 6 39 8 20 104 81 71 48 61 38 18 30 83 2 73 14 63 40 19 0 31 3 85 15 87 64 41 54 11 86 99 25 76 26 53 89 66 43 9 12 46 27 210 211 215 216 220 221 225 226
47 80 44 57 25 70 31 42 102 15 45 92 69 82 59 72 49 104 81 94 48 84 61 51 4 37 60 96 50 40 63 8 38 85 41 62 75 52 65 74 18 64 2 54 5 35 86 0 76 3 53 89 33 66 39 20 98 34 101 78 55 91 68 30 11 103 14 211 212 216 217 221 222 226 227
80 90 31 61 42 15 45 78 59 102 51 62 82 65 79 104 81 94 84 4 56 7 37 40 21 83 96 76 86 27 57 8 38 60 41 71 74 95 77 85 98 18 5 35 68 19 49 0 22 52 3 33 63 6 39 69 89 20 50 72 53 34 101 91 30 14 44 25 100 212 213 217 218 222 223 227 228
8 9 84 74 51 87 64 41 54 31 44 21 11 96 99 76 53 89 43 20 33 10 23 65 78 5 68 35 12 0 3 100 90 57 34 37 14 92 69 59 36 49 26 104 81 94 1 61 38 15 18 103 70 83 60 73 50 27 63 95 85 62 39 75 42 4 210 214 215 219 220 224 225 229
9 90 44 57 61 34 11 14 89 79 92 46 23 36 2 5 101 91 68 104 81 71 48 25 38 15 6 103 70 60 73 50 40 95 72 49 85 62 39 52 84 74 51 64 54 31 21 63 76 53 30 43 20 33 10 98 65 78 7 55 22 35 12 87 100 77 210 214 215 219 220 224 225 229
0 5 103 70 83 37 73 4 40 7 82 95 72 49 85 39 52 6 42 19 94 84 51 87 64 41 18 31 21 96 76 53 66 43 20 33 10 23 98 75 78 55 68 22 2 100 77 90 44 57 34 1 89 102 79 56 69 59 36 3 101 91 104 15 210 214 215 219 220 224 225 229
5 83 96 73 50 27 63 40 7 95 72 85 75 52 42 74 64 41 77 54 31 44 21 86 99 53 89 66 43 20 56 33 98 65 101 55 45 22 35 12 25 100 4 90 70 37 14 102 79 92 46 59 36 26 6 81 94 71 48 84 61 38 15 18 210 214 215 219 220 224 225 229
83 19 104 49 94 22 52 3 82 84 33 55 6 36 69 72 34 96 30 95 11 85 98 14 44 25 61 42 15 87 78 51 62 65 46 86 99 79 89 23 4 26 101 56 7 10 40 70 21 43 73 27 100 57 38 103 41 71 74 77 92 18 212 213 217 218 222 223 227 228
6 48 84 61 38 15 18 60 73 50 27 63 20 95 72 85 62 3 65 42 19 64 41 77 54 31 44 21 11 86 99 53 66 43 56 33 46 98 78 55 91 68 22 35 12 100 90 103 57 34 70 37 92 82 59 36 49 26 104 81 94 210 214 215 219 220 224 225 229
48 39 20 100 90 57 30 102 11 92 69 82 44 59 25 72 49 1 31 81 45 94 61 51 46 96 73 50 63 53 23 4 95 7 85 37 62 98 75 10 52 40 65 21 43 27 38 74 41 64 77 86 99 76 89 2 56 35 19 22 3 55 91 211 212 216 217 221 222 226 227
94 39 69 20 50 100 53 103 34 86 102 84 30 11 14 44 1 31 12 42 104 64 15 45 75 78 59 51 81 62 92 65 79 23 95 56 7 37 10 40 70 21 43 54 57 87 38 60 71 74 77 99 18 2 19 49 3 55 85 36 66 213 214 218 219 223 224 228 229
95 91 101 18 2 35 100 68 49 103 22 82 33 63 55 85 36 39 69 20 50 102 72 53 34 104 30 11 14 1 31 61 12 42 64 15 96 45 78 59 51 81 92 65 46 98 26 56 7 37 40 70 73 54 76 27 60 41 74 77 213 214 218 219 223 224 228 229
90 1 31 61 42 64 15 75 78 59 51 81 62 65 46 79 99 23 26 56 7 37 10 89 91 40 70 21 43 73 54 76 100 60 71 103 74 77 102 18 92 35 68 19 52 3 82 33 55 85 66 39 69 20 53 34 84 30 11 14 44 25 213 214 218 219 223 224 228 229
50 91 2 104 35 71 61 19 49 51 33 36 60 73 20 63 34 72 85 62 75 52 30 11 14 25 84 74 87 1 64 31 77 12 54 15 45 86 99 76 89 46 56 65 78 55 68 23 26 7 100 21 43 70 102 69 82 59 18 211 212 216 217 221 222 226 227
91 51 34 65 79 30 11 14 25 26 89 61 12 42 43 15 45 99 76 57 60 74 46 77 101 23 4 56 37 68 40 21 22 52 54 85 38 102 39 69 92 41 71 72 53 86 104 18 2 35 19 49 1 33 63 64 66 20 213 214 218 219 223 224 228 229
69 104 71 84 14 44 25 1 96 31 73 12 86 42 45 59 62 98 75 74 87 23 4 56 37 40 43 99 76 54 89 27 79 38 60 41 101 78 18 2 68 70 19 49 22 52 3 33 63 55 36 66 92 39 20 82 72 53 34 212 213 217 218 222 223 227 228
104 20 72 102 53 34 86 100 84 30 11 44 1 61 15 45 78 51 92 65 46 98 79 96 4 26 56 7 37 89 40 70 21 43 73 54 76 87 38 60 41 71 74 77 18 2 35 68 19 49 101 52 3 82 85 36 66 213 214 218 219 223 224 228 229
21 64 7 41 54 31 10 99 53 66 43 33 23 98 55 18 68 22 35 2 100 77 19 44 57 34 89 79 56 92 46 36 49 101 81 11 71 25 61 38 103 1 70 12 15 73 27 40 72 85 75 42 84 51 87 210 211 215 216 220 221 225 226
64 54 27 103 57 60 70 41 102 92 82 2 81 19 71 84 22 3 33 63 55 36 96 73 34 86 85 30 98 11 75 65 14 1 31 61 12 74 42 87 15 45 51 99 76 89 23 4 78 26 56 37 212 213 217 218 222 223 227 228
40 77 54 44 35 19 99 76 89 22 66 3 33 56 36 39 98 20 65 78 34 68 45 100 30 11 103 57 14 70 25 1 31 15 46 82 59 49 81 71 23 4 26 7 10 27 72 38 85 75 52 42 84 87 210 211 215 216 220 221 225 226
77 70 85 98 42 43 73 57 59 41 71 74 87 99 89 4 35 79 7 37 68 54 55 101 78 39 81 20 72 53 103 18 30 14 102 92 19 49 1 61 33 63 15 45 75 51 84 34 46 96 86 11 44 26 10 212 213 217 218 222 223 227 228
41 42 27 74 39 87 54 44 99 76 53 89 66 43 2 98 19 101 78 68 3 45 36 100 103 57 70 79 30 92 11 46 82 59 49 25 12 15 61 51 96 73 63 23 72 4 26 62 7 75 37 52 10 210 211 215 216 220 221 225 226
42 100 44 57 18 89 102 2 92 4 46 35 19 3 36 39 61 34 103 70 14 82 25 75 1 15 84 74 51 87 54 96 86 63 99 53 66 43 23 26 7 37 98 10 101 78 55 68 45 27 38 211 212 216 217 221 222 226 227
33 38 70 60 4 73 26 63 10 72 27 85 62 75 52 84 74 51 87 18 44 2 96 86 99 76 19 89 66 43 3 98 20 65 101 55 45 100 57 34 14 37 31 79 12 92 46 82 15 36 49 81 71 210 211 215 216 220 221 225 226
38 36 84 74 87 20 54 96 99 76 53 66 43 30 11 14 25 98 65 1 31 68 45 15 57 89 102 79 92 46 82 23 4 26 49 7 37 81 71 27 103 70 60 73 63 2 35 62 75 52 22 3 210 211 215 216 220 221 225 226
84 102 66 39 92 72 18 2 49 1 31 96 61 3 63 20 51 81 62 65 46 79 30 11 87 14 44 26 10 12 43 73 99 45 75 27 57 59 71 74 23 100 4 103 7 37 68 22 54 213 214 218 219 223 224 228 229
19 103 60 73 27 63 30 18 2 85 39 75 52 3 74 44 86 76 53 89 66 20 56 98 14 65 101 78 55 45 22 12 35 15 25 100 57 34 70 102 79 46 82 59 36 26 4 81 71 51 210 214 215 219 220 224 225 229
103 1 61 63 15 45 78 51 81 62 92 46 98 79 11 96 14 44 10 12 43 75 76 57 59 71 74 23 4 35 7 37 68 70 22 52 82 54 55 85 36 66 99 72 102 53 86 100 18 30 2 213 214 218 219 223 224 228 229
25 34 15 102 92 46 59 36 26 68 11 81 71 61 10 12 60 73 27 49 85 62 74 7 51 87 54 31 22 3 96 86 63 99 20 76 53 30 43 98 75 65 18 78 55 2 45 35 100 44 57 210 211 215 216 220 221 225 226
34 1 31 81 15 61 60 96 73 63 72 23 4 62 75 26 52 7 10 74 27 87 44 76 89 66 18 98 65 101 78 68 22 3 100 20 70 37 102 79 92 30 46 82 14 49 210 211 215 216 220 221 225 226
39 81 71 61 51 18 96 73 35 86 63 1 31 3 85 62 98 75 20 52 65 74 87 54 44 11 14 26 99 76 89 66 10 43 79 12 56 27 101 78 55 68 45 57 23 7 102 92 22 82 59 210 211 215 216 220 221 225 226
81 51 53 30 14 102 92 31 61 12 15 45 75 78 59 62 65 46 79 86 23 56 7 37 10 70 43 73 98 54 57 60 72 74 87 100 18 2 99 35 89 68 49 22 52 55 36 101 212 213 217 218 222 223 227 228
44 10 12 102 27 59 49 71 61 18 4 35 7 60 73 63 3 36 20 72 85 75 74 30 2 14 86 1 31 99 76 53 89 56 98 65 101 78 55 11 23 57 26 70 211 212 216 217 221 222 226 227
10 54 31 11 99 76 4 53 89 66 43 56 23 98 65 101 78 55 68 45 22 35 12 100 70 37 2 102 92 46 82 59 36 49 26 61 18 60 96 73 27 63 72 85 62 75 52 74 87 210 214 215 219 220 224 225 229
54 27 96 99 89 66 56 18 65 2 78 55 68 35 22 52 100 3 36 57 20 53 102 79 82 30 11 14 71 61 1 31 12 45 51 73 63 46 85 75 4 26 7 211 212 216 217 221 222 226 227
2 27 30 72 85 62 74 87 31 96 86 63 76 53 66 43 56 65 78 55 68 45 22 35 12 100 57 37 4 89 79 92 46 59 36 26 71 15 18 70 1 60 73 210 214 215 219 220 224 225 229
3 15 18 70 60 73 27 63 30 7 72 1 85 62 75 52 74 31 11 96 99 76 89 65 101 55 68 45 22 35 12 100 37 4 102 79 92 46 82 59 36 49 61 210 214 215 219 220 224 225 229
15 100 70 37 92 46 82 59 11 26 14 1 71 12 51 60 96 27 63 72 85 52 7 74 87 31 86 76 89 66 43 20 56 23 65 78 55 68 45 35 210 214 215 219 220 224 225 229
62 101 78 68 18 100 35 70 49 22 52 102 55 36 92 82 20 53 71 14 96 31 61 63 12 45 59 72 51 85 46 74 87 23 26 7 37 86 99 76 43 89 66 27 57 60 98 211 212 216 217 221 222 226 227
101 92 65 98 79 11 96 23 26 7 37 89 70 43 73 76 27 57 87 71 74 4 35 68 49 22 52 85 36 66 20 99 72 86 100 30 102 14 1 31 61 12 45 75 78 59 213 214 218 219 223 224 228 229
22 60 96 73 53 30 85 98 4 75 52 65 7 74 87 31 86 99 89 66 56 18 78 68 45 35 100 20 70 27 79 92 82 36 72 49 26 1 71 61 51 210 211 215 216 220 221 225 226
14 92 1 46 82 12 36 49 26 71 61 51 60 96 73 63 7 30 72 75 52 74 31 99 76 53 89 66 43 20 56 23 65 78 55 45 35 57 210 214 215 219 220 224 225 229
20 71 61 4 7 96 73 27 30 72 85 52 87 31 1 86 99 53 89 66 43 98 55 68 45 35 11 57 12 37 102 79 46 82 59 49 26 210 214 215 219 220 224 225 229
12 100 89 102 79 92 46 82 59 36 49 26 4 7 60 73 61 72 85 75 52 74 51 18 86 63 99 76 53 66 43 56 23 98 65 78 35 210 214 215 219 220 224 225 229
100 76 78 59 92 65 46 23 26 56 7 37 89 70 73 27 57 87 60 18 35 68 49 52 82 63 55 66 51 53 86 98 30 102 1 31 213 214 218 219 223 224 228 229
65 23 7 37 52 102 92 36 82 72 53 18 35 96 73 49 1 86 51 85 98 75 74 30 11 26 56 61 43 89 66 79 57 59 60 212 213 217 218 222 223 227 228
78 46 23 4 26 56 102 7 37 79 82 43 73 57 60 71 74 96 68 49 52 85 55 98 36 72 53 87 30 86 99 61 75 59 51 212 213 217 218 222 223 227 228
51 68 70 60 102 30 59 72 49 1 31 45 71 74 46 96 73 86 53 11 26 85 75 52 43 27 87 99 76 66 56 23 4 7 37 211 212 216 217 221 222 226 227
43 87 23 4 26 37 86 99 76 89 66 56 46 68 18 57 70 35 102 72 49 71 61 30 11 60 73 63 1 31 53 85 52 74 211 212 216 217 221 222 226 227
87 73 76 27 71 99 18 98 35 68 52 82 63 55 85 36 66 86 102 92 30 11 1 31 61 45 59 46 96 79 23 26 56 7 213 214 218 219 223 224 228 229
70 31 61 99 76 89 59 46 98 11 56 27 57 102 60 92 82 4 7 37 49 52 96 73 55 36 66 53 72 75 18 30 74 212 213 217 218 222 223 227 228
55 61 96 86 63 23 4 26 37 85 98 75 27 74 18 76 89 66 79 35 52 36 68 53 57 60 30 11 102 92 82 59 72 45 71 211 212 216 217 221 222 226 227
61 53 102 79 92 82 30 11 71 1 31 73 46 72 85 75 4 56 7 37 74 86 99 76 89 66 18 35 211 212 216 217 221 222 226 227
96 99 37 68 52 82 85 36 66 53 86 18 30 102 49 31 63 45 75 92 46 56 89 73 76 27 57 59 60 71 74 213 214 218 219 223 224 228 229
99 4 26 56 37 89 76 27 60 71 18 35 68 52 82 63 36 66 30 11 1 31 45 75 59 102 92 79 213 214 218 219 223 224 228 229
1 57 37 102 79 92 36 49 26 71 18 60 27 63 30 7 72 85 75 52 74 11 86 76 53 56 23 98 45 35 210 214 215 219 220 224 225 229
7 11 86 63 76 66 56 23 98 68 45 35 57 89 102 79 92 46 59 60 27 4 30 85 75 52 18 31 210 214 215 219 220 224 225 229
57 74 31 86 76 89 66 98 23 4 26 37 27 102 79 82 59 72 18 35 71 49 36 60 85 75 211 212 216 217 221 222 226 227
18 30 85 75 52 74 86 76 53 23 11 37 102 79 92 46 36 49 26 71 60 4 73 63 210 214 215 219 220 224 225 229
30 4 59 36 71 73 63 11 72 75 74 31 86 53 66 56 23 26 98 68 45 27 35 37 210 211 215 216 220 221 225 226
59 68 102 45 79 92 82 46 71 23 4 56 73 72 85 74 35 49 86 52 76 89 36 98 211 212 216 217 221 222 226 227
68 73 98 23 75 26 37 74 27 60 76 89 79 4 35 52 63 36 66 53 102 92 82 72 11 71 212 213 217 218 222 223 227 228
46 98 11 26 31 45 27 102 79 92 82 49 23 71 4 37 60 73 52 35 74 86 76 66 56 211 212 216 217 221 222 226 227
98 23 56 37 85 102 71 72 86 35 49 82 63 36 66 79 89 31 73 45 76 60 74 213 214 218 219 223 224 228 229
71 53 74 11 31 23 4 102 26 79 56 92 37 27 60 73 35 49 72 85 52 75 63 212 213 217 218 222 223 227 228
85 35 49 52 36 66 72 53 11 31 45 79 23 4 26 56 102 92 73 60 213 214 218 219 223 224 228 229
45 102 79 23 4 82 26 49 27 60 73 63 35 72 75 36 74 86 76 89 11 31 211 212 216 217 221 222 226 227
92 11 31 75 79 23 4 56 76 60 74 49 52 63 36 66 53 213 214 218 219 223 224 228 229
31 27 37 79 82 36 60 73 63 11 86 53 89 66 56 23 4 210 211 215 216 220 221 225 226
27 74 76 89 66 35 37 102 79 82 36 72 23 4 60 73 63 53 75 52 210 211 215 216 220 221 225 226
73 52 63 86 76 66 72 53 11 102 79 23 4 26 56 37 212 213 217 218 222 223 227 228
23 86 53 89 66 56 35 102 79 82 4 49 26 63 11 75 52 210 211 215 216 220 221 225 226
86 4 26 56 37 72 49 52 82 63 36 66 53 89 11 75 76 60 79 102 213 214 218 219 223 224 228 229
102 11 75 79 4 26 37 76 60 35 52 63 36 66 213 214 218 219 223 224 228 229
35 60 63 72 75 4 74 53 89 66 56 37 82 36 49 11 210 211 215 216 220 221 225 226
60 49 74 52 36 53 76 66 11 82 72 4 26 56 37 63 211 212 216 217 221 222 226 227
66 26 56 74 49 52 63 76 53 11 79 82 212 213 217 218 222 223 227 228
76 4 26 56 37 89 79 74 49 52 63 36 82 75 212 213 217 218 222 223 227 228
11 89 79 56 36 49 26 82 72 75 74 63 53 210 214 215 219 220 224 225 229
89 56 74 37 49 52 53 75 79 213 214 218 219 223 224 228 229
4 63 53 75 56 36 26 82 72 49 52 74 210 214 215 219 220 224 225 229
72 74 49 63 36 75 26 56 37 52 82 53 212 213 217 218 222 223 227 228
36 63 75 52 26 53 56 79 82 49 210 211 215 216 220 221 225 226
49 63 75 52 53 56 26 37 79 82 211 212 216 217 221 222 226 227
74 79 52 63 53 56 37 212 213 217 218 222 223 227 228
63 37 75 26 56 79 82 212 213 217 218 222 223 227 228
53 79 56 82 211 212 216 217 221 222 226 227
37 26 79 82 75 52 210 211 215 216 220 221 225 226
26 56 79 82 75 52 210 211 215 216 220 221 225 226
75 79 56 212 213 217 218 222 223 227 228
79 82 56 52 212 213 217 218 222 223 227 228
56 82 211 212 216 217 221 222 226 227
52 82 211 212 216 217 221 222 226 227
82 212 213 217 218 222 223 227 228
118 193 170 206 160 150 127 140 205 195 185 162 139 152 114 117 184 174 151 187 164 141 131 121 196 186 199 176 130 166 143 120 133 123 110 208 198 175 165 178 137 155 132 168 145 122 111 113 200 177 190 167 144 180 157 147 189 202 179 192 107 169 146 159 136 149 126 105 106 204 181 194 171 148 161 138 128 210 214 215 219 220 224 225 229
193 151 203 202 128 161 142 115 145 126 148 178 129 159 204 132 162 192 194 143 165 146 179 182 163 206 196 123 107 110 140 205 121 195 173 208 154 105 157 108 187 138 168 160 190 141 171 144 174 125 155 197 158 188 191 172 199 135 116 119 130 152 133 106 166 117 147 201 169 120 150 153 164 156 186 167 213 214 218 219 223 224 228 229
137 206 134 183 160 196 173 150 140 205 195 172 208 139 152 142 109 110 112 207 184 174 187 129 154 144 113 125 209 186 199 176 153 189 143 123 198 188 107 201 155 168 145 121 124 105 106 136 108 200 190 167 157 170 147 202 179 192 182 159 149 116 204 130 181 131 158 194 171 148 161 138 117 151 203 132 210 211 215 216 220 221 225 226
206 167 197 170 200 116 128 130 131 112 114 115 194 145 175 148 129 159 181 132 162 192 143 165 195 146 176 198 179 163 123 107 109 110 173 154 126 157 108 138 160 111 190 141 122 144 125 204 155 177 158 188 139 191 205 189 135 207 121 105 106 136 166 147 169 209 199 150 180 202 153 134 164 156 213 214 218 219 223 224 228 229
129 202 119 192 169 146 159 114 117 120 181 158 194 161 138 203 170 173 150 140 128 130 109 182 112 195 172 115 185 162 126 139 152 142 113 207 184 151 187 164 141 154 131 123 186 163 199 107 153 143 110 133 121 208 124 105 127 108 165 201 178 155 132 168 145 135 200 177 190 180 157 134 147 189 210 211 215 216 220 221 225 226
202 159 181 132 162 113 192 143 165 146 176 198 179 163 196 123 207 107 110 140 121 173 124 105 127 157 108 187 138 168 160 111 141 171 144 174 155 177 139 191 189 135 116 119 149 130 203 152 106 185 136 117 169 120 199 150 180 153 134 205 186 167 197 170 200 151 184 201 131 142 115 148 213 214 218 219 223 224 228 229
121 198 175 142 155 145 122 135 200 116 177 190 144 180 157 134 147 114 106 120 179 156 192 169 146 159 201 191 168 204 181 158 148 125 109 170 112 183 115 173 150 127 113 172 149 185 162 139 152 207 184 161 197 174 151 107 154 131 110 196 209 105 186 163 108 176 153 166 111 143 133 210 214 215 219 220 224 225 229
198 173 154 105 185 157 108 187 111 141 171 122 144 174 125 155 156 186 158 188 139 170 172 204 189 116 119 114 106 117 147 120 181 153 183 134 164 165 208 167 197 182 184 200 128 109 131 161 142 145 209 175 126 199 148 159 160 132 162 113 143 195 176 177 179 201 191 163 123 107 110 140 213 214 218 219 223 224 228 229
141 176 189 166 143 135 116 119 165 201 178 130 155 168 145 114 106 136 117 120 167 180 134 147 192 169 146 159 149 128 109 131 112 181 158 194 115 148 126 161 113 183 160 173 150 163 205 123 195 208 185 162 175 152 110 142 124 105 127 174 138 151 187 164 111 122 125 196 209 139 186 210 211 215 216 220 221 225 226
176 171 122 144 125 155 158 179 192 172 191 116 204 130 152 133 114 106 136 166 117 203 147 120 150 183 153 164 156 205 195 208 128 207 131 184 161 112 142 187 115 145 175 148 132 162 196 113 209 186 165 199 163 123 188 201 178 107 110 140 173 200 105 177 127 190 157 138 168 160 212 213 217 218 222 223 227 228
133 172 127 185 108 162 152 111 122 125 207 184 197 174 187 196 209 116 163 199 119 153 166 130 114 117 175 188 165 178 155 168 145 135 200 190 167 144 180 157 134 128 189 109 131 179 156 112 192 169 146 115 159 126 132 113 204 158 194 148 138 170 123 183 173 150 107 140 205 124 195 105 210 211 215 216 220 221 225 226
172 114 106 166 117 147 169 150 209 186 153 199 164 165 189 167 151 188 201 178 128 109 131 161 112 142 177 145 180 159 160 162 143 146 192 182 163 123 204 181 107 110 140 124 154 105 127 138 168 111 196 171 173 122 125 155 158 139 195 208 175 135 116 119 184 149 130 174 152 187 212 213 217 218 222 223 227 228
134 150 140 205 182 195 123 185 162 175 152 142 110 124 184 197 127 151 108 164 111 122 125 196 209 186 163 199 153 208 116 188 201 178 119 155 168 130 145 135 114 106 117 177 120 190 144 180 157 147 189 169 146 136 149 128 109 131 181 194 148 161 138 126 203 132 113 170 160 210 211 215 216 220 221 225 226
152 185 162 175 114 207 184 197 187 177 154 151 186 199 153 189 166 156 128 109 131 188 112 142 165 201 178 115 155 145 168 126 148 132 113 200 190 146 167 180 157 179 192 169 182 107 110 124 105 204 181 158 194 171 161 122 144 125 203 139 196 163 205 116 195 208 211 212 216 217 221 222 226 227
185 195 114 208 106 136 117 147 169 150 180 153 183 207 156 197 167 187 184 209 186 199 131 161 112 142 115 145 175 126 148 159 132 162 113 165 146 179 200 190 163 203 123 107 110 140 192 173 105 127 157 138 168 160 171 122 204 144 194 125 155 177 158 139 116 119 149 130 212 213 217 218 222 223 227 228
113 114 189 156 192 159 136 149 126 116 201 191 204 181 158 171 148 125 161 138 115 128 203 107 170 183 110 160 173 127 117 105 108 111 195 142 119 207 197 151 187 164 154 131 196 186 153 106 166 143 120 175 188 165 178 155 132 168 145 122 135 157 109 124 112 210 214 215 219 220 224 225 229
114 195 162 139 194 207 184 161 197 174 151 128 164 131 196 173 209 186 105 153 108 130 143 120 111 208 188 165 142 178 132 145 122 200 154 167 144 157 199 156 169 123 159 126 201 191 168 204 181 135 171 148 138 115 203 180 109 147 160 150 127 140 192 205 210 214 215 219 220 224 225 229
145 146 107 149 110 191 124 204 108 148 138 161 111 203 170 139 150 205 195 208 162 175 130 106 136 207 117 184 197 120 174 187 196 209 186 199 153 156 128 109 188 131 201 112 178 142 155 168 115 126 132 200 190 167 180 157 147 189 192 123 169 210 211 215 216 220 221 225 226
146 147 126 179 144 169 182 149 204 158 194 123 171 148 161 107 110 203 124 183 160 127 173 108 150 163 122 125 205 195 208 139 162 207 184 135 116 174 151 164 119 154 130 106 136 117 186 199 120 166 156 188 165 201 178 128 200 177 190 131 112 180 142 170 210 211 215 216 220 221 225 226
110 188 165 178 132 122 135 112 200 177 167 124 179 192 169 159 136 149 116 191 158 194 171 148 125 161 138 115 128 203 183 160 150 140 130 205 109 195 208 162 139 175 119 207 197 174 151 187 164 111 196 209 186 153 189 166 143 107 156 123 210 214 215 219 220 224 225 229
188 173 154 105 199 127 157 187 189 138 168 160 111 171 122 174 125 177 158 139 201 135 116 190 119 149 130 106 136 166 117 147 169 120 192 180 183 164 156 186 167 170 191 204 184 128 131 161 112 196 115 126 178 159 181 205 165 179 182 163 207 197 123 212 213 217 218 222 223 227 228
111 153 189 166 143 120 156 123 165 178 155 132 168 135 112 125 200 177 105 190 106 167 180 108 157 170 147 124 192 182 159 136 149 116 204 181 158 194 203 183 160 196 173 150 127 163 140 117 130 205 139 142 119 207 109 197 174 187 154 144 209 186 199 210 214 215 219 220 224 225 229
153 122 144 125 205 139 162 135 207 116 197 119 149 164 154 106 117 147 209 120 186 199 189 166 156 151 165 201 178 155 158 109 200 131 142 167 203 180 115 170 126 148 143 192 169 182 159 123 181 171 184 161 140 127 183 108 160 196 173 211 212 216 217 221 222 226 227
122 199 143 208 175 105 165 108 155 135 200 190 167 144 180 157 124 189 116 156 119 169 123 136 126 106 117 191 120 168 181 158 171 148 125 161 138 128 203 170 160 173 150 140 109 182 112 149 162 139 207 197 174 151 187 164 154 196 209 186 210 214 215 219 220 224 225 229
199 144 174 155 205 158 208 139 191 207 189 135 116 105 106 136 166 117 147 169 120 183 164 186 167 197 151 184 128 200 130 161 112 126 178 159 132 162 143 165 195 179 182 163 204 123 107 109 173 124 157 108 138 168 160 190 171 213 214 218 219 223 224 228 229
163 200 203 156 170 139 179 169 182 116 119 149 130 131 161 191 204 115 181 194 171 147 148 184 132 162 183 196 173 195 208 128 175 112 142 126 127 197 160 174 187 144 125 158 209 186 189 166 135 107 165 201 178 124 154 168 105 108 138 150 211 212 216 217 221 222 226 227
200 196 123 107 140 205 173 124 105 127 157 108 187 168 190 171 144 125 207 177 139 209 116 119 149 130 106 136 166 117 169 120 201 150 180 164 156 186 197 151 203 184 128 109 161 142 115 194 175 126 148 178 159 132 204 192 179 213 214 218 219 223 224 228 229
195 106 136 166 117 147 169 120 150 180 156 186 167 170 151 184 204 109 131 161 112 142 194 196 126 181 132 162 192 143 205 165 208 179 207 197 107 140 124 154 209 127 157 160 190 171 144 174 125 177 158 191 201 189 119 149 130 213 214 218 219 223 224 228 229
155 196 107 209 186 124 154 156 127 108 208 138 165 144 201 178 125 177 190 167 180 157 119 149 130 189 179 192 106 169 117 159 150 191 181 158 194 171 161 183 128 109 112 142 115 205 126 162 175 207 184 197 174 187 164 123 211 212 216 217 221 222 226 227
196 156 167 170 203 184 135 119 130 131 194 117 147 148 178 120 180 181 132 192 164 165 179 151 109 205 161 112 208 173 175 126 127 157 187 159 190 144 174 197 158 191 209 107 105 106 108 201 138 168 169 171 183 125 213 214 218 219 223 224 228 229
174 209 186 189 135 116 119 149 130 106 136 178 117 191 147 169 150 164 167 190 203 180 151 179 128 182 109 161 112 142 115 148 204 181 159 194 162 143 165 183 107 205 140 208 154 105 127 157 138 160 207 171 144 125 187 139 212 213 217 218 222 223 227 228
209 125 204 177 207 139 191 208 189 119 149 106 136 166 117 169 120 150 180 183 164 156 167 197 170 151 203 184 201 128 109 131 161 142 194 175 126 148 132 192 143 165 179 182 123 140 105 157 108 187 138 168 190 171 144 213 214 218 219 223 224 228 229
166 205 160 144 175 158 139 207 184 187 135 116 119 149 130 186 106 189 136 117 147 120 164 156 201 168 151 190 167 180 131 112 115 126 179 148 169 159 182 132 162 165 191 204 194 171 123 203 107 170 140 173 154 105 127 157 108 211 212 216 217 221 222 226 227
205 117 147 169 180 181 164 151 182 184 201 128 109 131 161 142 115 194 126 159 132 162 192 143 165 177 179 140 124 154 105 127 157 108 187 168 160 190 144 125 204 156 158 139 191 203 208 189 116 149 130 207 106 213 214 218 219 223 224 228 229
126 169 136 115 201 191 168 204 181 158 171 148 138 128 203 160 123 150 127 140 107 182 124 105 162 139 108 194 207 184 151 164 154 186 116 130 119 208 106 175 117 165 142 178 132 135 177 190 144 156 192 210 211 215 216 220 221 225 226
169 148 159 208 162 165 187 177 140 186 124 154 127 168 160 125 201 178 139 135 203 116 180 170 119 149 130 106 117 179 147 192 120 182 164 156 204 194 171 128 109 183 131 161 112 142 115 212 213 217 218 222 223 227 228
147 182 162 194 207 184 107 109 140 164 154 124 105 127 186 144 125 208 175 165 178 116 119 187 130 190 167 106 157 117 120 179 156 192 159 201 191 168 204 181 158 171 161 131 142 203 115 183 160 150 143 211 212 216 217 221 222 226 227
178 179 192 140 124 154 138 168 191 160 204 181 144 125 177 139 183 135 116 149 208 136 117 120 150 184 164 197 156 167 187 170 151 186 189 128 109 131 112 142 175 201 148 159 132 162 143 190 203 180 123 212 213 217 218 222 223 227 228
179 159 132 162 165 177 192 182 123 107 181 194 140 124 154 105 127 138 160 183 171 144 125 158 139 208 135 116 149 130 197 187 106 136 120 150 164 167 189 170 151 128 131 161 112 142 115 175 190 148 212 213 217 218 222 223 227 228
138 143 208 128 165 131 112 168 115 177 132 190 144 180 157 189 156 192 123 159 107 201 181 124 158 194 171 148 127 108 125 160 150 140 135 116 162 139 119 142 106 207 136 117 197 187 120 164 154 186 210 211 215 216 220 221 225 226
143 189 159 139 201 191 181 158 171 148 135 161 116 119 130 203 170 106 183 136 160 117 173 150 120 182 149 194 207 184 197 128 164 109 131 142 115 186 132 208 175 165 168 123 107 177 140 167 180 124 105 127 108 210 211 215 216 220 221 225 226
124 208 165 201 132 168 135 123 177 107 190 167 180 157 108 192 159 136 149 191 204 158 194 171 148 125 161 116 119 170 183 160 173 106 150 140 120 162 139 207 184 197 187 164 154 131 109 112 115 156 210 214 215 219 220 224 225 229
208 154 106 136 108 120 150 183 156 186 167 197 139 170 203 201 119 130 161 194 117 181 132 162 192 165 182 109 140 112 173 175 127 157 187 159 190 171 125 204 177 207 158 189 107 213 214 218 219 223 224 228 229
189 171 144 197 177 158 123 107 140 154 105 108 183 167 139 203 170 135 116 119 149 130 131 161 115 191 148 204 120 150 180 194 132 162 164 165 182 128 109 112 142 173 175 127 187 159 213 214 218 219 223 224 228 229
115 159 136 149 116 191 204 181 109 158 194 148 112 125 161 128 203 170 183 173 150 117 175 142 119 107 207 197 151 105 164 154 108 131 144 186 120 156 123 165 132 168 135 190 180 157 192 210 214 215 219 220 224 225 229
159 192 148 201 191 204 181 194 171 123 170 107 160 173 140 127 157 108 182 162 144 175 125 158 184 187 135 116 186 130 106 136 150 156 168 151 177 180 128 109 112 142 211 212 216 217 221 222 226 227
107 132 135 112 190 167 144 180 157 192 136 116 201 191 168 181 171 148 203 170 183 160 173 150 127 182 149 162 139 105 142 119 109 194 151 164 131 108 120 123 175 106 210 214 215 219 220 224 225 229
167 173 123 175 154 105 127 157 108 160 197 144 187 125 158 186 135 116 119 201 136 117 120 150 164 177 156 180 170 151 192 182 131 112 142 191 204 181 148 194 171 132 162 203 211 212 216 217 221 222 226 227
127 201 168 158 135 203 109 180 157 170 112 182 136 149 191 204 181 194 171 148 161 123 151 183 173 105 140 130 125 175 132 184 197 187 116 177 154 131 144 106 186 156 210 211 215 216 220 221 225 226
119 142 184 197 106 151 117 164 154 131 186 120 156 165 201 109 132 168 177 190 144 180 157 182 149 204 181 171 125 161 105 108 128 203 170 183 160 173 130 162 139 175 210 214 215 219 220 224 225 229
125 186 112 165 201 132 168 177 190 144 180 123 192 182 136 149 105 191 181 158 171 148 128 203 183 173 140 116 130 162 175 142 207 184 151 164 154 131 210 214 215 219 220 224 225 229
171 128 109 131 112 148 132 165 177 190 180 123 192 140 154 105 157 191 108 168 181 194 183 135 116 149 130 175 106 117 120 207 184 164 156 151 186 212 213 217 218 222 223 227 228
117 182 149 162 139 142 194 207 184 197 151 164 154 109 130 120 175 132 135 144 105 108 192 123 136 191 204 158 161 128 116 203 170 183 160 173 150 140 210 214 215 219 220 224 225 229
170 183 173 128 175 112 142 157 207 160 197 187 177 158 186 201 154 105 106 191 136 108 168 190 203 180 139 151 192 182 149 130 131 161 204 181 120 150 184 132 164 165 212 213 217 218 222 223 227 228
109 201 191 168 135 148 105 106 203 180 150 140 192 182 149 162 116 194 207 184 161 128 164 131 173 130 175 165 132 112 187 177 154 108 190 144 156 123 210 214 215 219 220 224 225 229
201 204 140 112 157 190 144 158 139 191 123 135 149 207 154 106 136 168 120 150 180 156 186 197 151 184 116 130 161 194 175 148 132 192 164 182 213 214 218 219 223 224 228 229
183 128 161 207 112 142 184 197 187 175 148 181 162 165 182 140 173 154 105 157 108 190 160 203 144 177 139 192 135 116 191 204 149 130 194 106 136 120 150 180 164 156 212 213 217 218 222 223 227 228
156 173 186 144 139 162 123 207 197 187 164 154 136 108 120 150 151 191 158 116 130 131 190 203 160 148 132 192 182 204 181 194 161 128 112 142 211 212 216 217 221 222 226 227
175 182 105 106 136 108 168 204 181 194 164 151 203 131 161 132 162 207 184 165 197 187 186 128 112 142 173 157 160 144 158 180 123 135 192 149 212 213 217 218 222 223 227 228
204 131 161 112 142 132 162 192 182 123 140 173 154 105 157 187 168 160 190 144 177 158 191 135 116 149 130 120 150 186 207 197 203 184 213 214 218 219 223 224 228 229
160 191 168 131 142 203 148 132 192 182 123 181 184 161 140 105 157 108 173 144 158 139 162 165 135 116 207 149 130 177 106 120 150 186 211 212 216 217 221 222 226 227
106 162 139 142 184 187 131 144 186 120 123 165 135 177 180 182 136 149 116 105 191 181 158 194 161 151 128 203 173 150 210 214 215 219 220 224 225 229
162 136 182 120 191 181 194 151 128 173 131 142 132 207 184 197 187 177 140 186 154 108 168 139 180 135 116 149 211 212 216 217 221 222 226 227
164 173 116 136 150 184 151 186 128 131 161 142 165 168 148 132 177 190 180 123 192 140 154 105 157 108 194 144 203 158 139 211 212 216 217 221 222 226 227
173 151 190 203 128 130 131 161 112 148 132 182 165 191 181 194 140 108 168 144 158 139 207 197 187 135 177 149 186 120 150 212 213 217 218 222 223 227 228
123 135 177 190 180 192 136 149 181 158 105 148 128 203 150 140 182 116 139 207 184 197 151 187 154 130 165 112 210 214 215 219 220 224 225 229
135 207 187 154 108 165 168 177 190 144 180 157 120 192 182 136 149 191 181 194 148 161 128 130 112 203 150 140 139 142 210 211 215 216 220 221 225 226
165 140 154 182 181 139 194 184 116 130 136 120 207 151 197 187 177 128 161 148 132 144 191 168 203 211 212 216 217 221 222 226 227
182 190 203 148 181 132 192 128 194 140 184 112 157 144 177 158 207 197 187 105 136 108 168 120 150 180 139 151 191 130 131 212 213 217 218 222 223 227 228
154 168 116 149 177 190 105 136 180 120 150 151 191 181 128 161 130 131 112 142 203 148 207 184 197 187 108 144 139 211 212 216 217 221 222 226 227
190 191 105 157 108 187 168 203 158 139 192 149 130 194 120 150 186 151 184 128 131 161 112 142 197 148 181 132 213 214 218 219 223 224 228 229
186 158 149 130 197 187 136 120 150 151 184 191 161 112 203 181 132 177 140 194 105 157 168 212 213 217 218 222 223 227 228
150 184 197 151 187 131 112 148 132 168 177 180 105 157 108 192 158 116 161 149 130 203 211 212 216 217 221 222 226 227
197 149 130 136 120 207 151 184 128 161 142 194 148 181 132 140 105 157 108 187 144 177 158 139 191 203 213 214 218 219 223 224 228 229
136 139 132 142 207 184 151 187 144 105 108 168 177 180 157 192 149 120 191 158 194 148 161 203 128 131 112 210 211 215 216 220 221 225 226
132 149 105 108 191 181 194 148 161 151 140 116 120 177 128 131 158 180 157 210 211 215 216 220 221 225 226
192 194 203 140 105 144 177 158 139 191 207 149 130 120 180 151 184 128 131 112 142 213 214 218 219 223 224 228 229
144 140 191 168 105 108 203 157 139 149 181 194 184 161 112 142 207 187 177 210 211 215 216 220 221 225 226
108 168 112 177 180 157 149 191 181 158 128 203 140 130 139 142 207 184 151 187 105 131 210 214 215 219 220 224 225 229
148 149 128 131 191 181 194 184 161 151 140 207 187 177 139 116 158 203 157 211 212 216 217 221 222 226 227
140 177 180 157 128 131 112 191 181 158 194 161 203 105 142 207 139 184 151 116 130 210 211 215 216 220 221 225 226
142 191 168 181 161 120 203 116 149 130 112 194 207 184 151 187 177 157 139 210 211 215 216 220 221 225 226
181 128 131 161 112 105 157 168 207 177 158 139 149 130 191 180 151 212 213 217 218 222 223 227 228
203 128 131 112 207 177 187 168 139 184 116 194 120 180 213 214 218 219 223 224 228 229
116 194 112 207 184 161 151 120 177 180 157 191 168 105 128 139 210 214 215 219 220 224 225 229
194 128 130 131 161 112 207 157 149 105 168 120 180 184 213 214 218 219 223 224 228 229
207 149 130 151 184 128 161 157 187 168 177 158 139 191 213 214 218 219 223 224 228 229
149 151 112 177 180 157 139 191 158 120 161 130 131 211 212 216 217 221 222 226 227
177 105 191 139 180 130 120 151 128 112 187 158 212 213 217 218 222 223 227 228
191 131 112 105 187 168 158 139 130 120 151 184 213 214 218 219 223 224 228 229
112 158 161 128 184 151 187 131 130 120 157 210 214 215 219 220 224 225 229
151 120 184 187 128 168 180 157 105 158 139 211 212 216 217 221 222 226 227
120 139 184 187 131 168 180 157 158 128 105 210 214 215 219 220 224 225 229
105 187 157 168 158 180 139 184 131 210 214 215 219 220 224 225 229
168 157 158 139 180 130 184 187 212 213 217 218 222 223 227 228
128 158 161 184 131 130 180 157 210 211 215 216 220 221 225 226
139 157 161 184 187 210 211 215 216 220 221 225 226
131 158 161 130 187 180 157 210 211 215 216 220 221 225 226
184 180 187 212 213 217 218 222 223 227 228
158 180 157 130 211 212 216 217 221 222 226 227
180 187 157 130 161 212 213 217 218 222 223 227 228
161 130 187 211 212 216 217 221 222 226 227
157 130 187 211 212 216 217 221 222 226 227
187 130 212 213 217 218 222 223 227 228
130 210 211 215 216 220 221 225 226
210
211
212
213
214
215
216
217
218
219
220
221
222
223
224
225
226
227
228
229
