#/usr/local/lib/python3.10/dist-packages/colab_kernel_launcher.py -f /root/.local/share/jupyter/runtime/kernel-4e96f4f6-3ff9-4b57-9774-52bcdd39bbb8.json
# GMT Mon May 27 18:58:38 2024
# 
44 155 47 157 41 49 170 91 5 93 20 163 97 14 152 165 86 154 29 101 143 90 23 145 27 160 138 6 36 85 140 153 129 131 78 133 80 9 122 43 82 124 71 126 7 73 3 130 132 66 55 178 40 112 59 127 48 169 19 50 63 52 34 173 28 177 32 111 100 361 362 371 372
155 129 89 59 104 23 4 175 38 132 2 136 170 11 145 96 15 120 176 143 24 54 39 69 122 18 152 84 156 169 33 63 158 97 78 131 112 12 76 27 87 91 121 10 40 55 6 157 149 100 159 0 34 98 28 73 77 141 37 101 71 67 146 5 31 144 95 46 367 368 377 378
95 157 35 146 39 148 69 150 84 130 143 119 132 91 2 123 6 17 127 11 94 79 173 120 175 24 109 77 88 111 179 100 22 52 3 82 33 168 102 67 170 104 117 172 1 12 42 161 174 110 70 154 68 19 0 103 158 83 149 51 81 32 13 92 153 56 142 90 364 365 374 375
157 84 129 78 29 59 123 153 27 57 8 38 6 36 66 17 81 111 130 145 45 139 90 58 88 103 22 82 97 127 67 131 142 1 12 76 91 40 179 168 134 149 170 53 83 128 176 92 178 107 137 167 56 41 120 71 105 160 150 173 80 39 20 162 114 65 367 368 377 378
136 158 64 109 162 43 73 151 92 77 107 58 37 52 71 67 146 159 16 20 50 114 65 14 93 104 23 68 145 53 132 147 113 2 47 66 30 96 105 175 24 54 177 39 118 122 18 133 168 3 33 170 131 112 172 161 76 27 106 57 110 91 165 21 6 167 100 169 366 367 376 377
158 117 51 32 111 92 96 7 60 139 5 173 118 99 175 103 84 97 29 112 142 23 106 57 8 172 174 2 163 176 66 165 119 149 130 15 45 147 79 109 171 73 24 77 107 58 137 88 52 3 150 80 31 42 65 144 125 148 70 21 123 153 104 53 83 113 367 368 377 378
139 163 22 82 33 67 1 80 31 42 156 65 46 171 147 129 160 10 89 93 134 151 164 4 138 68 132 34 144 117 28 159 81 62 13 96 90 120 141 39 69 20 50 145 97 131 112 23 8 87 91 2 36 115 130 30 0 179 15 128 109 170 43 172 107 88 18 366 367 376 377
163 41 120 143 105 16 172 39 20 99 133 97 78 112 142 76 106 57 87 110 2 55 85 115 66 164 119 149 30 45 75 147 162 126 77 18 22 101 82 63 135 86 150 46 125 159 10 89 40 21 153 138 68 19 49 72 53 113 173 28 9 175 62 145 166 179 368 369 378 379
9 90 145 92 13 68 81 3 28 138 72 85 127 19 63 10 131 120 133 67 80 135 16 71 126 117 172 174 121 55 110 125 46 167 5 101 48 169 61 116 37 52 107 162 175 151 8 34 47 102 91 146 38 159 6 93 40 29 150 97 33 154 75 22 35 156 77 360 369 370 379
90 81 32 152 99 154 167 26 7 101 169 60 92 105 35 16 160 39 149 50 162 84 48 29 142 23 8 135 137 66 126 128 130 75 119 79 134 43 54 178 88 125 52 116 129 118 80 61 12 65 46 177 124 10 70 21 113 74 102 104 117 83 174 28 364 365 374 375
50 91 2 104 36 108 152 15 86 167 43 24 145 22 83 96 138 151 72 85 87 1 31 42 129 142 76 46 146 10 40 21 80 69 71 19 0 126 75 47 28 77 176 68 110 123 57 70 112 125 59 16 169 61 103 48 29 122 98 111 4 179 102 115 170 361 362 371 372
91 118 25 175 29 74 111 23 4 113 8 38 102 83 104 117 172 161 81 62 108 11 110 15 99 156 103 24 54 94 84 3 63 48 98 153 31 12 57 144 133 70 21 55 85 19 49 79 143 73 13 134 123 22 52 125 138 71 129 1 20 364 365 374 375
14 168 115 49 159 93 27 10 150 42 84 31 99 20 0 88 101 22 143 156 145 92 26 149 72 85 87 129 21 5 76 131 23 78 67 69 137 126 4 128 62 75 8 64 77 132 2 53 6 176 110 57 70 46 127 169 118 120 162 175 43 177 45 166 179 34 47 360 369 370 379
168 148 127 78 29 59 161 23 27 38 110 140 115 66 130 15 45 143 174 73 141 101 52 82 33 169 67 150 61 42 114 46 10 89 21 93 123 74 68 19 49 0 72 102 113 47 51 32 111 62 92 96 26 56 37 41 124 154 5 35 16 39 122 152 84 368 369 378 379
129 55 85 115 119 0 135 148 64 150 98 152 28 43 141 126 58 130 67 35 31 46 125 25 10 29 59 74 133 23 4 177 38 72 53 166 47 51 92 26 56 75 41 120 71 178 24 39 156 122 18 103 84 78 108 160 162 151 164 27 110 366 367 376 377
148 31 161 25 40 29 93 74 134 152 38 53 132 83 47 96 56 75 60 71 143 5 54 39 99 175 122 18 33 63 127 78 108 142 12 106 172 174 70 21 6 119 130 165 178 19 45 34 147 128 171 43 73 126 107 149 58 137 162 151 7 164 86 116 146 367 368 377 378
113 147 97 78 162 23 140 153 106 8 144 36 146 11 124 15 98 79 43 54 130 107 88 119 22 101 52 82 123 125 1 114 127 25 118 70 173 175 122 164 68 19 0 166 179 102 115 51 81 32 92 172 161 96 174 56 7 37 105 35 154 69 99 365 366 375 376
147 117 92 126 96 7 141 37 60 135 5 16 175 118 69 20 177 84 172 27 57 8 87 38 121 176 2 165 55 115 66 17 167 11 64 15 75 79 149 73 24 107 58 88 122 22 52 82 86 80 31 61 12 114 110 140 40 70 21 123 0 72 102 367 368 377 378
27 107 5 54 20 56 177 166 100 25 34 47 49 170 104 117 93 161 53 174 29 2 31 165 86 99 33 154 101 35 37 39 81 149 162 151 153 74 3 144 80 12 82 71 10 60 73 75 66 121 176 57 178 70 13 59 169 61 22 171 118 360 361 370 371
107 8 38 72 143 132 145 6 100 11 125 15 75 79 43 88 175 109 101 3 82 86 67 126 1 31 61 115 65 117 161 70 174 74 176 104 165 154 53 83 98 169 47 62 96 26 56 37 60 41 71 16 69 99 146 25 78 59 137 4 364 365 374 375
151 173 138 49 102 132 164 34 117 28 81 62 13 56 7 41 120 5 16 152 69 133 84 127 59 112 4 57 121 55 36 119 149 100 130 11 64 15 45 177 128 79 43 73 126 58 88 141 172 174 135 86 67 176 1 12 42 178 156 169 123 160 367 368 377 378
173 170 2 166 55 85 66 119 30 164 11 15 45 73 24 77 58 137 122 52 3 86 165 116 31 144 159 21 93 74 153 104 134 138 68 19 102 53 83 34 117 32 62 145 56 7 124 175 39 20 99 177 179 25 29 108 59 112 142 23 87 38 368 369 378 379
47 25 145 79 160 94 162 23 83 85 142 17 144 133 30 11 15 45 69 82 43 141 62 119 33 66 121 68 57 178 112 114 48 61 116 40 63 65 120 19 0 164 177 111 100 28 32 104 117 51 93 106 108 110 16 99 20 143 103 361 362 371 372
30 112 125 19 127 169 116 171 63 105 118 28 39 120 54 177 26 45 115 38 159 51 93 40 161 108 42 97 29 86 154 101 35 8 145 160 94 96 138 0 153 87 142 76 89 65 24 135 18 69 124 60 75 117 130 119 132 174 66 25 55 176 68 70 360 361 370 371
112 124 94 126 79 109 170 24 54 52 82 33 176 97 165 167 31 169 171 160 55 149 162 104 100 164 19 0 28 133 146 150 41 86 141 16 80 143 132 84 121 134 29 4 114 57 38 72 102 131 6 36 66 17 51 81 111 122 365 366 375 376
2 118 160 41 54 175 96 111 32 45 100 36 49 104 38 159 172 161 152 141 33 154 88 22 143 35 156 0 81 15 70 83 140 74 8 21 63 10 12 67 3 58 179 71 5 115 128 75 130 64 119 11 53 55 4 125 46 167 360 369 370 379
39 117 172 106 40 53 42 97 152 165 11 99 154 46 103 145 92 96 138 3 98 140 87 144 133 80 21 36 84 0 64 79 134 57 22 59 61 171 63 31 118 131 120 54 109 10 164 56 45 58 100 23 102 115 8 104 361 362 371 372
117 69 103 84 162 3 33 63 48 78 67 153 142 46 133 146 115 150 126 64 34 98 79 109 143 43 73 132 145 62 134 37 20 114 118 120 29 93 104 68 87 72 53 66 119 51 161 111 174 11 176 15 105 156 169 365 366 375 376
4 96 164 0 32 153 166 87 89 36 170 38 93 106 161 97 152 99 20 33 1 75 35 11 132 24 134 26 81 15 149 17 138 6 19 140 74 142 63 131 144 122 56 58 5 7 49 53 66 108 121 42 55 165 178 59 103 118 54 360 369 370 379
96 68 19 101 72 53 83 34 156 103 105 17 92 162 26 56 164 153 35 54 135 3 63 128 12 42 76 57 55 85 178 138 49 0 15 94 75 116 171 131 88 122 37 67 100 102 115 80 170 65 46 161 10 176 97 364 365 374 375
83 160 19 49 94 138 98 28 140 87 32 62 13 26 7 146 60 41 5 84 126 69 128 130 48 29 119 123 76 57 38 178 125 6 36 116 105 118 120 111 77 18 33 159 80 152 165 65 46 86 99 154 10 70 156 103 74 363 364 373 374
160 171 51 81 92 145 26 120 124 5 35 20 122 18 152 84 63 97 48 127 29 142 12 42 110 6 36 115 149 0 15 98 128 79 54 77 88 37 22 52 177 86 146 179 80 61 114 144 159 70 174 93 23 165 138 68 49 72 367 368 377 378
143 174 92 126 137 26 7 141 37 169 171 114 29 93 138 68 72 53 146 111 150 152 120 105 118 69 99 122 18 103 133 84 52 3 82 33 63 97 48 127 67 31 61 121 175 40 70 21 55 177 119 100 0 170 172 73 366 367 376 377
174 124 105 118 152 103 3 177 63 142 106 57 121 40 70 21 6 85 115 119 130 64 94 34 128 79 109 162 43 73 126 156 58 141 171 52 35 31 61 20 159 89 59 153 134 138 68 8 132 81 32 26 15 75 71 368 369 378 379
41 38 152 165 154 101 6 36 156 145 92 15 153 142 18 144 78 146 135 1 12 71 84 126 60 62 75 10 40 21 77 53 134 0 55 68 123 34 59 28 127 48 32 7 37 52 65 109 5 35 111 166 20 100 102 115 104 106 23 361 362 371 372
13 101 77 24 145 37 92 94 15 28 149 7 70 138 72 74 21 1 89 65 146 122 135 137 58 71 60 130 51 132 66 121 178 59 114 5 116 105 120 162 54 175 43 164 56 111 166 12 102 36 49 170 104 161 6 108 29 31 152 86 99 141 360 369 370 379
101 7 37 35 121 134 69 99 123 114 118 131 57 122 177 111 124 21 6 36 179 102 170 0 64 94 45 75 106 161 43 110 152 77 88 52 82 33 156 67 145 80 42 149 162 89 70 153 74 68 19 53 28 137 81 364 365 374 375
99 104 26 37 159 60 108 5 16 152 165 69 167 84 156 103 145 59 149 76 8 38 6 66 17 11 146 15 94 135 150 126 73 77 88 22 3 119 86 123 42 125 40 74 118 120 122 124 81 62 102 92 364 365 374 375
104 140 144 48 135 76 137 128 141 132 121 134 98 79 125 73 24 127 88 116 22 3 33 67 109 1 42 177 124 10 89 21 93 74 159 172 19 49 161 108 150 53 152 165 28 51 156 169 37 71 5 364 365 374 375
16 106 40 29 1 86 20 33 154 10 77 24 145 79 28 85 140 74 63 76 23 65 80 122 135 69 5 124 137 58 179 126 75 51 64 66 108 55 176 167 114 169 61 6 105 54 43 164 98 111 32 166 34 49 146 38 159 360 369 370 379
106 120 175 109 166 179 48 29 23 159 172 57 8 87 176 110 6 85 165 167 11 169 45 98 79 43 162 54 77 18 153 22 63 142 67 144 1 135 46 10 40 93 130 0 121 134 123 178 81 32 62 92 125 127 37 71 118 364 365 374 375
76 120 10 109 122 177 111 19 0 115 170 172 161 32 62 108 110 60 154 167 88 5 105 48 59 98 140 23 100 142 133 146 80 93 135 6 36 17 137 150 84 11 86 128 141 77 132 43 73 24 79 121 58 114 61 12 65 363 364 373 374
120 57 8 38 152 167 21 85 36 115 156 169 119 64 15 94 109 73 24 153 142 144 3 63 80 31 42 150 114 65 46 141 10 40 93 19 72 127 51 32 26 35 118 20 78 108 59 159 161 365 366 375 376
78 166 115 10 70 170 74 159 172 68 19 0 108 53 34 97 110 152 28 88 62 7 37 60 81 71 149 162 5 35 140 153 142 25 89 131 137 8 38 84 126 141 17 64 45 43 24 169 116 18 171 105 22 122 1 12 363 364 373 374
166 171 59 23 55 36 119 100 130 164 145 64 94 45 75 98 79 73 54 122 18 152 22 52 63 86 146 131 1 61 12 114 144 125 110 159 10 70 123 153 68 49 72 132 81 62 92 26 37 60 165 154 35 150 178 69 169 368 369 378 379
69 159 93 40 88 156 103 68 19 92 53 81 94 162 85 87 26 56 37 89 60 80 150 71 25 130 77 132 79 8 38 121 134 178 70 6 125 17 72 64 15 118 109 43 54 58 18 3 33 115 170 362 363 372 373
110 118 131 75 54 111 103 172 12 42 121 87 10 154 167 85 114 156 169 171 94 34 79 149 43 73 52 82 144 67 5 35 135 1 137 150 65 25 128 59 145 134 72 53 138 17 81 32 62 92 127 56 365 366 375 376
118 159 119 161 55 6 85 115 11 64 94 79 109 171 54 149 162 52 1 31 42 46 146 135 128 72 34 145 51 62 92 123 26 37 138 60 71 127 20 25 177 108 59 179 57 87 38 365 366 375 376
8 109 177 98 45 179 0 102 49 40 161 7 152 165 33 5 24 92 94 70 138 87 10 131 23 144 12 146 67 122 135 124 58 18 75 64 11 53 134 176 68 125 46 114 127 48 61 103 171 52 360 369 370 379
25 102 29 150 84 19 31 152 86 33 75 156 17 79 92 134 26 138 72 85 127 74 142 131 144 18 67 80 122 135 56 60 51 172 6 55 123 57 178 59 114 48 169 24 171 105 94 54 175 3 109 43 177 98 32 153 360 361 370 371
125 133 146 15 45 79 43 73 24 130 82 63 67 80 31 12 42 127 89 70 171 131 68 34 28 170 7 37 159 161 5 176 165 20 122 167 169 97 48 108 23 149 57 87 38 140 6 85 36 115 100 365 366 375 376
84 102 170 67 93 161 108 65 46 165 88 156 92 53 162 17 32 11 15 45 89 60 54 137 18 3 128 141 130 119 134 176 123 40 6 36 19 0 34 175 164 177 111 77 58 179 7 363 364 373 374
102 149 162 97 29 153 142 133 146 55 6 36 17 94 141 79 130 43 145 77 58 88 123 22 82 1 65 70 21 175 122 93 74 124 49 0 126 72 172 81 37 165 60 154 5 156 103 20 171 364 365 374 375
48 179 17 100 11 115 170 15 159 51 172 53 43 3 156 145 1 42 81 162 85 74 87 0 133 34 67 71 60 128 141 26 62 130 64 77 66 79 121 55 176 178 72 61 105 23 52 54 175 164 111 124 361 362 371 372
179 29 108 142 42 176 140 170 55 36 66 64 94 45 128 79 162 43 54 156 58 137 7 37 22 82 165 116 67 146 169 1 80 61 114 159 89 70 74 49 72 132 28 51 32 111 26 5 35 122 167 63 368 369 378 379
171 85 115 51 130 164 15 24 137 152 97 86 116 61 42 177 65 140 170 70 134 119 68 19 49 53 132 34 176 98 178 28 32 111 92 126 60 135 105 169 114 127 108 123 153 23 57 87 72 121 368 369 378 379
64 123 54 178 72 52 131 1 42 109 21 100 170 19 172 161 97 51 154 88 26 56 7 37 156 103 105 35 162 138 85 59 144 23 67 80 38 137 55 126 36 17 128 141 75 130 77 119 66 79 362 363 372 373
123 15 45 109 43 73 77 18 22 3 82 63 116 152 128 141 31 12 42 65 132 89 74 0 34 133 26 56 7 37 124 126 105 35 20 103 176 97 108 165 38 169 121 85 66 17 162 100 365 366 375 376
124 67 31 165 178 154 121 169 55 119 19 49 0 162 94 164 79 109 153 142 58 144 7 146 159 135 150 35 20 141 29 145 93 23 68 87 127 140 17 51 81 111 133 24 54 88 170 18 172 52 82 97 365 366 375 376
17 169 103 105 52 162 54 109 98 111 100 34 89 93 161 18 88 35 37 92 81 70 72 74 87 21 15 63 133 146 82 137 58 71 60 73 62 75 130 1 119 12 132 55 176 178 46 59 114 127 360 369 370 379
22 126 73 141 62 75 119 132 5 55 20 57 59 114 127 169 61 116 54 164 6 34 115 36 108 29 150 152 165 33 46 167 88 3 35 156 103 24 92 81 94 162 87 23 67 80 137 360 361 370 371
126 3 82 33 97 86 116 67 132 1 65 21 127 140 68 133 81 32 111 77 7 37 172 176 178 108 59 93 87 85 66 51 142 94 45 75 159 135 43 73 24 88 122 141 366 367 376 377
38 54 164 177 98 111 49 93 161 150 42 36 86 11 141 154 15 79 81 94 70 85 140 153 74 131 65 133 67 10 75 19 51 34 119 132 176 32 57 167 37 127 169 116 361 362 371 372
57 45 24 115 159 52 172 33 93 108 150 97 12 46 88 156 79 49 0 149 162 85 74 142 51 32 89 131 80 137 5 20 73 128 130 119 29 66 134 70 72 114 169 61 362 363 372 373
98 121 23 87 138 72 53 6 36 81 131 11 75 60 111 24 54 18 33 119 108 67 42 178 154 167 156 169 103 40 149 19 94 164 79 100 142 92 144 146 26 135 150 35 20 128 141 132 59 364 365 374 375
121 131 73 175 122 164 88 18 3 82 33 86 116 159 161 114 10 89 165 93 154 49 72 34 28 162 51 32 140 153 56 7 20 150 97 59 23 87 132 85 36 66 138 100 15 94 45 365 366 375 376
15 46 114 116 63 105 43 164 56 45 58 100 51 40 154 167 35 145 11 81 28 85 32 87 142 3 146 135 137 1 12 18 73 128 62 134 55 176 360 369 370 379
59 159 172 24 54 58 18 152 31 12 92 40 140 87 19 89 131 144 53 65 133 26 56 37 73 128 62 75 5 35 132 68 167 127 169 63 105 175 109 164 111 362 363 372 373
31 67 80 135 137 71 5 73 20 141 77 132 29 53 66 134 176 23 61 105 52 54 175 164 177 24 49 170 159 3 108 1 152 86 33 154 10 103 149 72 140 32 87 131 133 360 361 370 371
67 141 55 130 119 49 70 28 169 32 116 26 37 162 175 164 35 111 115 170 29 172 93 161 152 6 92 94 72 140 87 58 18 144 146 80 82 362 363 372 373
169 11 145 75 60 154 54 82 97 131 42 40 85 19 49 34 128 170 28 162 62 137 176 7 178 71 116 20 144 89 29 74 68 72 368 369 378 379
131 40 55 115 170 19 172 53 161 32 62 92 77 7 37 156 71 149 20 164 153 144 23 87 72 135 150 152 51 111 154 60 79 43 58 122 103 52 82 63 127 1 133 366 367 376 377
75 58 127 103 116 46 109 177 74 68 19 170 72 159 28 51 32 62 97 86 26 7 37 167 88 156 145 20 94 85 140 142 89 55 6 128 45 43 73 363 364 373 374
29 36 20 172 93 161 42 165 86 92 138 140 18 80 82 71 60 73 141 62 119 132 66 21 134 55 19 0 114 61 116 63 28 105 175 109 26 43 177 360 361 370 371
45 178 114 116 175 109 122 164 56 111 58 100 51 172 93 3 152 167 12 42 156 103 92 40 81 94 149 138 153 74 87 34 89 144 146 82 73 141 62 77 132 53 68 361 362 371 372
105 108 176 11 154 167 54 58 140 52 153 82 33 61 42 46 135 137 40 21 100 128 68 19 49 0 130 119 132 79 62 37 114 71 116 80 20 175 109 164 89 93 23 170 364 365 374 375
3 115 7 1 66 176 178 61 52 175 43 170 172 93 40 108 42 97 165 86 141 33 154 88 35 77 24 145 37 79 92 81 94 70 21 142 133 80 122 137 360 369 370 379
108 35 165 42 154 87 21 85 66 149 138 140 79 43 24 144 7 52 63 137 86 128 65 130 119 89 40 74 176 72 114 28 51 81 32 11 175 26 122 71 111 365 366 375 376
82 1 128 141 12 130 40 114 127 53 34 116 51 81 162 11 109 122 7 60 35 93 150 23 156 21 36 66 138 85 140 153 43 54 77 133 58 18 33 137 363 364 373 374
54 119 132 176 178 70 103 63 24 175 164 177 111 33 170 93 150 10 40 156 145 53 79 51 138 26 7 142 80 71 60 73 62 362 363 372 373
80 61 93 12 42 65 137 40 86 128 74 119 34 134 32 116 175 109 20 177 170 159 161 176 152 165 6 36 66 167 92 18 140 153 142 63 89 144 363 364 373 374
135 137 150 1 12 42 114 46 141 10 40 145 74 134 68 0 140 62 56 175 5 170 127 176 87 165 167 156 6 115 11 94 128 164 153 43 24 18 63 159 86 116 366 367 376 377
137 86 116 145 114 65 10 89 40 49 72 34 177 81 32 62 26 56 37 60 172 35 20 122 165 23 6 85 36 164 100 130 94 144 109 43 18 52 366 367 376 377
33 60 73 115 51 119 5 176 127 116 23 52 162 175 109 164 177 34 36 40 24 150 42 141 154 35 156 77 1 81 10 140 87 142 19 89 144 58 360 361 370 371
5 1 86 20 154 167 88 103 24 145 26 138 72 87 142 144 146 71 7 141 77 53 66 134 55 178 6 127 61 175 43 177 34 49 170 159 172 360 369 370 379
10 142 23 65 133 146 71 141 130 11 132 53 66 70 61 109 164 177 100 49 170 6 159 51 161 150 42 86 167 88 24 37 92 26 28 72 32 153 360 369 370 379
142 21 19 0 53 161 28 176 111 92 56 7 37 167 60 35 20 149 162 103 87 36 66 100 79 109 145 43 88 141 52 1 61 65 175 366 367 376 377
128 134 52 178 86 116 138 12 42 46 89 40 177 19 51 111 161 56 7 165 60 156 162 23 140 153 87 133 115 119 100 11 150 73 24 132 145 88 366 367 376 377
134 109 140 73 77 58 88 18 146 52 61 141 114 89 40 93 176 49 72 53 34 28 111 26 56 175 164 177 71 20 103 127 150 23 165 12 154 66 100 138 366 367 376 377
86 150 141 35 130 20 114 36 175 100 170 159 119 58 18 97 63 152 88 1 145 46 40 21 55 162 164 19 0 89 144 28 133 146 93 363 364 373 374
58 132 66 42 79 176 178 21 6 72 127 116 19 63 65 175 109 122 164 111 115 93 1 150 165 167 23 145 138 32 56 146 71 18 60 73 362 363 372 373
61 11 71 130 66 18 52 70 114 127 1 12 42 46 175 109 164 19 0 115 28 93 26 56 97 165 60 154 167 156 20 145 92 81 138 85 89 144 65 362 363 372 373
93 100 144 130 36 51 81 145 11 63 133 122 1 12 46 115 170 70 172 68 154 114 103 32 62 77 26 7 164 364 365 374 375
145 28 154 111 62 92 156 77 26 37 60 35 114 159 132 55 6 85 66 100 43 73 18 116 42 19 176 165 367 368 377 378
19 138 85 0 21 133 7 60 73 62 130 132 66 70 52 162 109 56 11 100 34 152 165 88 77 79 81 360 361 370 371
12 122 115 62 0 51 53 176 68 178 46 167 114 103 52 175 100 89 36 49 170 172 40 97 18 165 154 156 79 92 28 70 138 65 133 146 360 369 370 379
116 150 6 100 79 77 178 138 127 1 65 46 21 68 170 49 72 53 172 34 28 81 32 111 62 165 26 167 60 35 149 162 103 153 144 133 365 366 375 376
150 146 152 138 87 132 36 51 11 175 60 109 24 88 133 170 52 63 172 176 1 165 154 156 55 130 49 164 153 32 62 26 141 367 368 377 378
74 140 89 68 53 133 34 146 32 62 7 141 60 119 35 20 127 175 109 111 6 36 66 51 11 159 172 161 97 165 167 63 92 1 94 46 149 85 363 364 373 374
140 53 34 81 32 92 172 26 56 37 60 35 154 167 114 103 156 23 149 164 6 66 144 79 109 73 24 141 122 52 63 65 46 40 70 21 366 367 376 377
51 156 103 162 100 89 144 21 36 49 0 43 24 130 77 7 68 178 1 114 46 63 65 23 34 115 172 32 161 53 361 362 371 372
156 111 56 7 37 154 152 103 127 55 6 85 119 149 178 18 141 146 1 42 144 21 153 159 49 0 72 367 368 377 378
49 72 153 87 89 23 122 71 73 119 132 53 66 24 176 70 167 114 63 42 162 111 100 170 97 7 37 79 92 35 81 94 361 362 371 372
68 138 87 89 18 144 63 71 42 65 46 130 40 70 114 32 62 26 56 7 122 177 35 100 20 97 154 167 6 36 66 149 362 363 372 373
109 87 178 114 85 36 66 79 122 164 177 77 170 52 159 46 154 70 21 0 149 138 28 56 146 60 35 119 132 365 366 375 376
26 88 103 37 79 81 28 85 20 146 71 11 55 70 114 127 24 18 162 43 177 111 34 115 42 0 97 152 165 360 361 370 371
89 144 146 32 11 132 56 71 176 178 35 175 164 100 21 115 85 170 159 172 161 97 79 24 77 88 18 52 149 162 1 65 363 364 373 374
42 35 20 60 119 132 167 52 162 175 43 164 177 159 161 165 154 40 77 92 127 7 37 65 146 361 362 371 372
28 81 94 149 70 153 87 71 62 130 23 55 178 11 103 63 52 162 24 177 100 36 170 159 152 165 141 35 77 0 360 361 370 371
35 40 7 152 103 20 81 72 85 23 144 133 146 141 77 119 18 46 63 43 56 111 172 360 361 370 371
40 20 133 23 73 141 62 53 66 176 70 114 127 52 43 164 56 111 172 97 154 92 138 153 87 361 362 371 372
21 63 23 133 56 71 60 73 7 119 132 66 55 178 167 103 52 34 6 170 11 146 141 24 92 81 149 1 85 127 360 361 370 371
72 34 153 87 62 146 52 152 73 130 132 178 138 114 66 175 60 111 63 161 97 165 154 46 55 363 364 373 374
159 20 133 97 127 55 85 11 94 175 63 1 65 46 70 161 149 178 53 34 167 32 111 7 141 71 367 368 377 378
100 114 127 122 177 55 36 66 115 170 172 161 43 18 165 103 46 149 162 70 153 0 53 146 32 7 130 364 365 374 375
92 103 94 71 87 141 55 132 178 114 73 18 52 63 122 111 172 97 53 154 167 364 365 374 375
111 149 162 6 11 133 146 88 18 63 141 130 132 178 0 122 56 172 176 165 365 366 375 376
94 114 56 7 71 164 20 115 97 87 152 165 154 167 6 36 66 11 149 79 138 153 77 88 52 133 146 1 46 141 130 132 364 365 374 375
146 65 46 138 81 56 7 71 127 87 165 55 6 36 115 119 130 88 52 1 367 368 377 378
154 56 71 165 167 20 97 127 162 23 87 115 66 88 152 141 52 144 170 81 32 62 367 368 377 378
20 24 79 138 85 153 87 65 133 11 71 60 46 63 6 52 43 177 115 170 360 361 370 371
172 152 133 161 23 85 36 115 149 130 79 73 77 18 175 46 138 62 11 56 7 71 368 369 378 379
37 141 32 88 77 11 81 70 85 144 122 71 60 62 132 53 176 24 46 1 153 170 161 34 361 362 371 372
23 164 177 0 161 97 165 7 77 85 153 144 122 71 132 66 55 46 52 162 175 360 361 370 371
164 87 132 81 43 88 122 18 161 119 149 53 162 62 77 177 56 141 60 144 178 368 369 378 379
138 34 32 56 7 71 114 87 36 81 175 79 43 18 161 63 97 127 167 1 46 70 162 366 367 376 377
97 119 176 152 103 55 66 149 162 11 153 144 43 73 133 77 1 65 46 0 114 127 34 81 62 364 365 374 375
115 177 85 66 161 176 79 152 165 43 24 7 162 114 70 53 81 32 11 56 119 60 127 365 366 375 376
11 46 167 52 162 43 34 36 170 18 165 77 81 70 85 63 144 65 122 132 53 55 360 369 370 379
46 133 24 73 62 130 119 66 65 175 122 34 43 165 167 88 103 149 32 361 362 371 372
6 0 65 162 175 43 177 34 36 161 79 149 87 71 18 60 73 66 55 70 127 360 369 370 379
152 170 60 167 127 85 66 161 73 24 122 63 1 70 119 149 0 34 175 77 56 7 367 368 377 378
170 103 133 167 177 149 162 77 88 1 144 153 53 32 62 71 368 369 378 379
167 60 24 176 18 103 133 87 66 119 149 79 73 7 52 1 153 53 132 175 177 368 369 378 379
103 32 62 56 161 71 24 149 153 70 144 34 79 141 73 130 7 1 114 65 175 364 365 374 375
175 36 119 149 77 88 1 114 34 81 56 177 127 176 368 369 378 379
18 62 130 53 66 176 178 56 177 165 77 79 70 85 87 122 71 73 360 361 370 371
62 79 149 85 71 73 130 56 7 176 178 122 177 36 161 43 362 363 372 373
177 85 36 66 149 162 24 77 88 141 63 65 144 70 153 132 34 7 127 368 369 378 379
178 73 77 88 122 52 63 161 1 65 70 119 149 0 34 32 7 60 71 165 114 133 66 130 368 369 378 379
55 63 65 56 60 161 176 88 53 34 32 149 85 144 133 141 130 66 79 36 362 363 372 373
133 65 70 165 0 53 132 34 32 149 153 144 114 127 85 36 130 43 24 88 366 367 376 377
73 132 1 70 53 32 7 79 81 149 87 36 43 363 364 373 374
85 122 7 71 161 165 88 66 43 63 132 1 65 363 364 373 374
1 130 119 0 70 114 43 56 34 36 24 360 369 370 379
114 24 141 130 88 70 34 119 56 87 66 365 366 375 376
77 130 79 52 127 70 122 161 149 153 144 0 141 363 364 373 374
130 52 65 161 53 176 60 162 153 144 87 119 366 367 376 377
60 165 88 149 153 87 53 32 56 141 132 127 63 36 161 362 363 372 373
79 176 56 71 122 36 24 149 153 363 364 373 374
176 88 122 52 127 161 119 149 0 71 65 153 87 81 368 369 378 379
119 52 65 70 161 0 32 71 87 66 81 365 366 375 376
132 24 149 162 153 0 53 81 56 127 366 367 376 377
122 165 88 52 153 144 70 56 71 24 63 365 366 375 376
0 63 144 65 66 165 52 43 32 34 36 161 141 360 369 370 379
24 53 7 127 63 162 56 36 88 65 360 361 370 371
65 36 141 34 43 66 127 32 56 88 149 153 87 144 362 363 372 373
63 43 161 34 141 32 88 144 71 362 363 372 373
127 161 88 52 153 144 87 366 367 376 377
81 149 56 153 144 36 52 70 165 88 363 364 373 374
149 162 153 88 367 368 377 378
32 87 71 141 43 56 161 360 361 370 371
141 162 144 43 88 366 367 376 377
56 66 53 34 7 161 362 363 372 373
162 36 165 7 71 368 369 378 379
165 161 144 53 368 369 378 379
36 153 87 144 71 53 361 362 371 372
53 87 144 34 7 361 362 371 372
87 34 71 363 364 373 374
7 88 144 34 161 360 369 370 379
52 43 153 71 361 362 371 372
88 161 70 363 364 373 374
144 34 153 367 368 377 378
161 66 43 367 368 377 378
34 153 70 360 361 370 371
153 70 367 368 377 378
70 362 363 372 373
71 43 362 363 372 373
66 362 363 372 373
43 361 362 371 372
224 335 348 282 221 284 339 215 328 219 200 330 343 264 345 279 257 338 222 272 207 261 329 265 320 333 254 267 210 269 195 313 260 204 262 306 240 202 308 321 255 297 244 312 181 301 235 356 290 237 358 292 294 307 199 232 287 300 342 234 355 208 236 197 193 291 225 280 293 361 362 371 372
335 309 269 209 239 254 314 203 184 218 331 282 233 182 246 231 261 291 272 210 191 352 206 255 341 240 323 285 204 279 347 198 332 243 351 228 307 258 311 292 192 222 256 237 290 320 235 186 329 280 244 223 257 317 321 281 232 266 185 215 330 260 200 230 324 275 305 194 367 368 377 378
196 273 207 262 222 181 192 321 213 334 323 270 325 314 327 316 208 250 331 199 320 201 322 324 247 260 185 317 238 240 253 308 194 297 231 299 312 354 301 235 248 188 226 294 349 241 186 217 230 351 285 191 219 300 195 355 357 333 225 346 280 293 227 269 229 271 183 326 339 360 369 370 379
273 320 260 249 245 324 205 326 339 258 267 319 308 310 265 216 210 191 301 318 307 253 204 198 183 213 355 289 291 181 241 192 256 293 348 226 282 295 350 284 201 352 254 354 275 180 277 233 345 358 292 347 281 208 189 349 212 242 236 217 287 329 221 276 331 344 278 215 364 365 374 375
256 287 300 190 302 357 304 293 248 348 282 284 297 189 212 193 356 277 206 187 217 332 292 240 283 219 327 194 329 342 263 331 209 320 203 280 237 269 218 182 326 260 315 186 246 197 317 319 225 255 310 323 312 204 234 259 301 314 303 316 213 243 296 211 222 311 245 363 364 373 374
287 271 312 235 186 216 246 303 316 358 244 307 309 253 234 298 311 268 289 232 183 262 357 304 266 293 241 350 275 297 226 299 190 341 220 250 284 345 292 180 233 227 340 261 242 206 236 187 344 240 221 320 333 322 215 219 249 200 230 326 328 277 258 317 330 203 364 365 374 375
275 337 313 315 219 249 258 323 203 299 207 188 267 301 182 303 316 235 216 197 296 225 351 298 311 353 253 289 302 291 198 359 293 202 213 282 350 297 260 222 286 341 354 245 343 269 332 250 345 254 334 347 248 229 325 252 233 263 340 208 276 272 333 206 236 221 364 365 374 375
337 344 264 346 228 239 303 203 184 339 237 188 267 312 182 297 295 310 276 274 225 259 223 253 204 238 268 198 332 232 243 277 241 192 226 301 269 220 201 254 280 350 248 229 352 263 327 343 193 306 336 347 206 236 221 300 315 338 326 351 185 215 340 330 353 200 342 279 367 368 377 378
233 340 204 219 331 183 213 324 326 192 260 207 317 306 321 255 323 229 244 257 259 301 314 356 227 208 316 237 252 294 206 187 241 309 221 285 353 215 300 355 230 344 346 238 205 293 348 295 284 339 352 286 354 288 330 277 290 345 186 197 347 268 281 336 270 361 362 371 372
340 293 349 227 351 291 342 191 276 206 323 304 285 185 215 219 200 230 183 243 277 307 239 311 292 222 286 237 290 216 329 210 244 195 225 255 327 308 208 189 204 306 336 238 232 262 266 359 330 181 260 294 245 305 339 341 250 254 284 314 203 318 248 347 252 367 368 377 378
277 346 221 306 348 350 339 249 200 286 341 354 288 205 228 332 334 184 207 349 188 218 338 186 216 197 342 331 344 191 278 320 225 255 322 259 324 253 238 268 315 198 183 243 266 181 222 323 325 314 250 180 294 252 296 309 311 227 208 261 193 355 206 364 365 374 375
346 258 351 239 207 188 331 271 316 235 186 216 295 197 329 310 210 325 244 225 338 289 223 204 238 268 198 281 183 266 247 326 245 290 190 250 333 284 318 312 293 357 327 297 227 208 342 291 242 306 206 321 217 270 221 251 315 285 215 358 219 249 200 264 205 368 369 378 379
249 284 352 241 192 341 354 290 345 190 220 201 279 270 283 248 285 327 261 242 333 236 187 217 240 221 324 258 271 215 260 328 317 330 251 264 194 266 308 209 321 310 323 207 301 186 216 294 307 210 191 296 309 351 298 300 355 223 357 238 280 202 183 213 362 363 372 373
284 279 333 322 324 239 326 203 207 267 218 317 271 216 197 280 299 274 225 255 278 259 292 253 204 234 268 198 296 309 202 281 262 298 353 300 289 302 260 211 192 291 245 295 297 352 199 229 288 343 214 345 227 208 189 347 272 338 240 329 331 364 365 374 375
194 348 216 229 350 271 218 339 231 352 286 207 190 288 330 222 266 180 334 281 215 336 204 325 272 208 329 197 318 331 199 333 254 309 322 269 313 326 260 262 304 238 198 321 242 310 246 301 186 314 356 290 239 294 283 296 351 243 285 298 342 357 278 225 227 360 369 370 379
348 347 288 311 286 267 355 290 357 235 265 359 299 280 350 244 255 278 259 354 342 204 234 321 262 213 243 315 266 296 326 351 181 260 353 192 294 245 250 303 254 229 180 282 312 263 214 316 189 261 212 291 193 325 236 217 319 285 215 200 279 332 343 368 369 378 379
309 250 235 186 265 295 299 199 317 330 259 319 193 306 257 268 310 312 232 262 316 260 241 318 200 294 353 203 188 263 293 359 297 227 197 231 261 242 210 236 341 225 221 300 356 298 279 336 198 338 351 183 213 228 258 327 222 331 207 267 271 301 366 367 376 377
221 222 188 323 216 336 270 283 210 272 191 327 261 318 331 252 204 254 322 269 198 324 260 262 211 251 264 306 240 321 242 190 220 201 244 257 299 301 314 180 356 248 292 208 189 193 230 351 206 232 289 344 185 295 205 352 286 184 330 361 362 371 372
222 260 302 315 359 251 219 306 308 205 242 297 310 312 246 288 301 235 290 305 182 239 197 228 241 296 230 351 210 285 195 355 204 333 225 293 227 198 282 183 328 332 257 270 184 199 327 250 318 265 208 307 320 193 322 243 206 324 187 361 362 371 372
205 214 282 216 350 218 190 286 207 341 209 184 332 213 334 268 182 270 325 314 327 261 329 250 263 331 320 267 200 324 236 238 251 293 306 240 231 244 299 354 246 301 237 358 294 228 283 204 217 338 351 298 219 232 342 202 276 289 210 357 333 280 181 360 361 370 371
214 331 252 203 265 184 333 207 322 269 311 182 324 197 260 302 315 262 191 240 308 310 299 246 198 314 235 248 183 213 290 292 305 226 294 211 228 241 243 190 300 342 234 344 236 357 359 229 350 208 218 339 352 193 328 220 187 330 332 334 185 268 281 200 338 259 360 361 370 371
331 353 342 229 282 312 344 316 208 231 261 212 325 206 236 217 323 185 219 279 334 283 228 258 239 311 267 218 271 301 186 210 191 274 255 308 359 234 238 317 198 202 281 213 341 326 181 211 358 245 226 336 349 250 201 338 367 368 377 378
353 354 350 301 316 186 216 358 295 246 280 310 344 191 244 195 225 278 308 289 223 253 234 238 302 198 281 232 262 266 296 247 341 330 192 294 226 305 269 201 314 318 312 327 297 227 231 291 306 217 270 300 304 185 355 298 313 264 258 288 239 203 368 369 378 379
251 330 343 247 211 241 268 281 336 283 220 327 261 316 329 199 252 265 333 254 322 227 212 313 326 260 315 328 236 217 304 317 306 253 185 308 297 200 301 228 358 292 203 305 184 237 188 307 218 349 296 342 302 357 278 291 195 280 282 271 352 341 354 288 362 363 372 373
330 266 296 326 185 260 200 328 269 228 288 203 184 237 218 312 297 191 195 225 270 304 234 238 198 350 262 213 352 247 354 292 322 343 241 192 290 347 190 250 201 336 235 265 314 180 342 327 344 208 257 317 206 236 321 339 367 368 377 378
270 343 356 290 242 193 345 279 334 349 338 272 327 342 318 264 320 239 324 203 271 313 207 326 317 186 265 216 191 310 244 225 255 259 223 204 303 257 198 202 232 183 247 311 181 241 300 245 226 289 302 250 280 295 350 180 297 352 288 208 364 365 374 375
343 300 323 285 185 352 279 345 209 288 239 347 311 292 322 203 184 207 286 267 218 351 271 182 186 197 344 280 244 195 274 225 255 327 278 308 317 321 202 262 243 241 245 339 220 250 358 303 254 333 199 293 189 261 242 193 357 325 359 217 240 368 369 378 379
219 297 231 182 286 341 288 197 212 356 290 210 279 325 185 329 198 213 265 278 333 207 260 315 317 306 253 199 195 257 299 312 208 189 246 259 248 303 237 187 305 239 252 294 307 241 351 211 298 245 234 247 190 344 357 280 203 188 361 362 371 372
297 338 283 344 192 250 201 235 265 199 180 319 274 308 321 259 289 323 208 223 253 312 242 272 257 238 217 303 202 305 296 185 215 200 230 294 298 355 302 184 248 252 350 182 352 212 191 356 332 345 255 334 285 349 365 366 375 376
304 341 354 356 241 226 290 190 250 201 235 265 338 299 280 342 244 293 278 208 223 212 242 193 324 206 236 339 315 328 317 185 319 321 312 288 239 303 254 203 248 316 188 267 318 182 320 216 246 197 210 313 355 195 357 285 306 234 283 264 352 262 365 366 375 376
341 185 298 200 279 283 313 264 228 307 322 203 188 182 347 265 349 299 210 191 195 274 308 253 204 234 238 317 268 321 281 213 247 181 260 324 305 339 190 201 303 254 333 314 318 252 312 227 208 325 276 236 187 240 319 355 367 368 377 378
279 206 187 217 352 286 240 185 345 334 281 349 325 338 209 203 329 207 237 267 218 271 320 235 186 216 197 244 274 278 223 234 257 310 202 262 247 356 181 305 245 294 269 296 254 248 199 229 180 289 302 291 359 280 293 231 295 364 365 374 375
338 227 242 272 358 276 206 240 319 298 200 302 283 264 307 258 209 239 322 267 352 271 235 186 295 310 210 191 347 244 195 255 327 278 259 289 253 257 344 202 232 183 243 296 247 211 241 324 226 305 190 250 333 184 318 180 367 368 377 378
300 207 271 334 347 186 216 197 349 325 327 195 225 255 329 342 278 318 189 223 204 320 333 268 198 202 281 232 183 326 266 328 211 294 226 306 319 308 321 220 310 301 263 305 227 231 276 217 285 185 215 344 359 283 288 352 354 365 366 375 376
316 351 274 259 289 342 189 344 236 202 281 262 315 266 247 326 339 230 245 319 332 303 323 248 188 312 263 327 216 212 210 191 276 225 255 240 285 234 298 302 198 228 307 292 286 226 290 301 345 358 250 201 295 280 199 229 180 366 367 376 377
351 235 210 244 274 319 234 268 202 281 262 213 243 326 311 292 211 241 192 357 305 359 250 314 329 352 199 229 180 356 327 278 189 212 306 257 336 276 206 217 240 285 185 215 230 324 339 258 239 303 322 318 301 368 369 378 379
186 241 342 234 289 302 291 225 295 218 339 231 352 207 220 211 332 266 213 347 268 202 336 283 217 259 274 208 329 276 182 210 252 199 322 269 192 328 317 253 187 308 200 242 255 183 193 235 356 248 237 305 360 369 370 379
241 216 197 260 262 210 191 317 225 319 253 308 321 246 198 356 358 305 349 226 285 298 190 201 355 357 278 199 229 282 350 208 189 212 354 288 332 240 266 334 185 336 283 259 329 209 263 333 188 182 313 362 363 372 373
258 359 245 280 190 220 250 201 248 199 229 288 290 266 208 189 281 231 212 242 193 336 325 272 261 329 276 185 215 265 278 333 311 209 239 326 203 262 237 264 319 216 197 310 195 225 255 303 253 307 349 257 298 247 289 181 192 291 363 364 373 374
293 188 218 311 324 235 246 197 328 210 191 306 278 321 253 257 268 301 356 266 247 358 305 181 211 307 245 296 220 254 355 302 344 184 248 229 359 252 227 350 231 212 339 242 272 276 354 332 285 334 347 323 200 264 365 366 375 376
207 234 223 344 357 238 359 280 282 229 350 184 286 188 354 345 213 226 323 215 191 325 195 217 327 274 329 318 210 278 254 267 324 247 192 315 328 253 242 310 257 248 189 237 250 239 294 307 187 230 232 360 361 370 371
354 298 302 198 283 313 357 213 243 359 322 237 267 290 271 301 220 250 201 358 229 180 278 342 189 253 193 336 317 187 262 345 296 349 200 230 294 190 269 209 352 333 318 188 312 261 291 272 210 236 195 225 240 368 369 378 379
210 305 239 294 230 208 289 344 291 225 238 227 229 350 271 339 231 286 264 266 188 217 272 261 274 276 191 265 320 333 267 322 311 189 315 306 240 192 310 244 301 314 201 356 290 237 250 360 361 370 371
305 191 313 326 244 195 274 289 253 238 202 281 183 266 296 247 314 181 192 358 294 307 220 303 311 199 180 355 252 282 344 357 227 261 212 240 185 215 356 332 200 334 264 288 327 286 218 301 265 295 299 280 365 366 375 376
356 289 323 334 285 302 198 313 232 183 243 247 311 292 192 226 290 320 271 250 235 314 280 199 229 180 263 278 208 193 206 236 217 315 296 326 185 294 245 324 328 228 209 239 333 318 252 231 261 276 195 225 368 369 378 379
283 295 339 191 276 288 255 358 292 204 347 234 336 349 198 264 285 243 327 329 344 271 265 246 280 315 274 208 321 253 193 310 323 257 238 268 312 325 232 314 266 247 303 294 307 245 269 220 355 184 302 188 291 252 364 365 374 375
295 296 213 243 228 209 298 239 292 192 357 267 359 201 216 246 339 180 225 278 289 208 223 204 193 238 187 217 325 262 329 342 181 260 318 294 245 320 322 190 220 254 313 218 252 282 319 308 323 276 236 240 303 285 365 366 375 376
228 359 197 225 339 352 223 332 334 347 281 202 349 272 211 261 274 329 342 226 263 265 220 333 269 311 324 227 208 264 306 253 187 217 242 255 323 257 299 312 259 314 248 358 292 252 294 209 243 184 245 188 218 355 291 361 362 371 372
359 239 292 237 188 290 201 265 329 255 357 259 289 342 189 234 257 336 321 232 183 262 315 345 260 245 324 328 358 339 269 352 333 184 199 218 282 312 227 208 197 291 242 191 319 334 215 298 230 302 332 264 368 369 378 379
302 308 350 192 352 301 201 265 299 280 195 274 255 336 259 223 329 342 344 217 262 260 211 245 269 220 250 319 332 321 184 248 188 323 252 325 227 314 303 291 318 276 236 320 185 215 313 198 264 243 292 365 366 375 376
308 281 232 262 243 266 181 294 190 269 250 201 355 254 227 208 189 339 231 242 276 187 217 240 334 347 185 336 349 342 307 209 239 292 203 320 322 324 313 265 216 315 280 317 244 255 319 278 259 253 268 366 367 376 377
225 290 303 292 203 349 230 232 216 355 236 227 282 223 204 183 264 334 347 281 325 272 327 220 318 180 254 267 322 311 324 313 326 212 315 328 262 187 240 310 244 257 299 361 362 371 372
290 311 255 285 291 288 301 271 358 190 220 201 235 294 349 280 199 180 278 329 253 257 268 322 187 202 324 266 247 211 200 230 254 314 252 282 263 227 318 246 197 231 261 272 307 320 296 276 365 366 375 376
197 180 230 342 276 193 278 269 350 271 339 209 264 321 213 215 336 325 259 272 314 329 250 318 199 254 267 201 195 311 313 247 315 240 242 244 299 192 312 246 301 235 248 303 190 347 307 360 369 370 379
216 296 230 209 232 342 184 223 357 238 280 182 350 271 218 352 288 204 347 281 336 325 217 259 213 274 329 263 318 211 192 190 324 326 260 315 317 253 321 255 257 299 248 237 250 226 200 361 362 371 372
202 306 240 321 255 310 257 235 200 237 358 250 292 294 307 349 296 298 184 245 234 289 344 282 218 339 231 352 220 332 266 334 347 268 183 215 204 272 261 342 276 212 201 254 267 311 324 313 315 328 189 360 361 370 371
306 281 262 243 323 296 247 245 226 318 269 250 307 320 299 248 357 208 189 212 193 236 350 240 200 230 345 209 288 349 303 237 188 252 282 271 246 244 274 255 259 289 328 253 317 204 298 319 268 366 367 376 377
246 349 223 204 234 238 342 355 243 291 282 350 286 220 345 180 266 334 268 208 272 242 327 261 236 187 265 254 322 269 311 313 326 260 315 209 262 317 264 319 321 255 310 312 235 301 314 303 358 244 195 307 362 363 372 373
349 261 191 325 276 240 323 334 253 298 262 213 243 311 211 192 286 320 250 201 235 265 357 314 263 350 223 212 193 257 238 236 217 281 358 315 266 215 324 328 269 288 203 184 188 218 312 368 369 378 379
278 301 314 294 231 276 255 357 204 183 299 243 247 181 345 192 358 226 220 201 285 342 274 320 333 227 280 189 212 242 193 324 238 326 206 236 187 217 315 328 200 323 269 325 254 364 365 374 375
301 259 223 355 238 268 232 262 243 266 296 269 250 201 345 336 229 252 282 263 329 231 291 193 217 240 285 185 215 326 298 230 319 310 188 267 182 265 358 299 274 365 366 375 376
195 303 307 189 230 298 187 342 223 357 291 185 238 229 339 209 264 188 211 332 266 213 334 323 215 325 217 259 206 274 318 199 320 212 201 322 311 324 315 328 198 319 253 321 244 299 314 248 360 369 370 379
303 255 259 253 234 326 328 281 262 213 266 296 247 332 321 181 211 269 314 263 227 311 231 261 242 206 236 217 240 185 350 230 339 352 209 239 292 184 334 347 267 218 329 280 191 344 365 366 375 376
281 276 310 323 240 312 215 230 358 311 237 267 218 355 271 291 201 235 265 280 282 274 352 286 299 288 189 223 204 232 325 285 211 329 344 269 220 333 254 248 326 328 227 317 231 364 365 374 375
239 280 271 339 286 223 204 234 238 198 332 213 321 334 336 211 192 259 226 274 329 190 320 254 180 269 311 245 313 260 262 231 193 206 236 310 312 230 358 292 209 347 294 243 285 357 362 363 372 373
311 269 250 235 254 280 180 244 263 193 257 217 296 185 329 344 209 237 267 218 252 328 332 261 291 334 191 325 289 223 253 204 318 232 213 243 292 181 313 211 355 366 367 376 377
255 232 183 211 298 226 342 344 250 184 199 229 350 328 227 288 242 332 206 217 334 268 325 274 263 276 265 203 269 324 218 260 182 262 235 317 319 244 310 234 363 364 373 374
191 347 296 230 183 342 234 355 181 291 282 271 326 286 184 328 262 211 266 323 272 193 314 327 261 329 185 320 254 201 203 247 260 315 188 238 319 240 182 253 352 299 358 360 369 370 379
292 357 244 223 253 204 339 299 268 232 183 213 334 192 336 226 190 265 254 344 199 229 333 263 322 227 326 187 321 310 323 312 325 314 288 358 203 184 267 218 298 261 291 365 366 375 376
357 203 237 188 218 320 271 350 280 310 244 327 259 289 189 238 198 321 232 181 192 294 245 324 352 254 314 199 180 252 312 263 261 242 272 344 325 236 240 215 200 264 368 369 378 379
223 257 299 312 182 252 243 232 245 234 344 236 291 183 229 350 231 286 192 332 345 266 190 226 336 325 180 327 261 274 329 276 265 212 206 187 217 260 315 328 262 200 209 242 323 361 362 371 372
257 193 312 261 358 294 245 296 298 254 355 203 252 350 242 352 286 299 206 236 185 204 234 230 336 198 272 285 183 243 274 342 263 265 192 333 201 271 313 315 180 317 332 363 364 373 374
238 242 299 259 248 201 245 289 344 217 282 350 352 226 345 347 268 203 184 188 327 274 329 276 227 231 320 333 254 267 206 269 324 271 326 247 234 200 317 198 240 362 363 372 373
242 336 198 325 259 261 263 181 192 226 220 269 271 313 247 262 317 264 319 208 212 193 206 217 312 248 215 307 285 209 203 184 218 182 282 350 286 288 345 268 362 363 372 373
259 314 227 208 193 294 296 355 200 245 344 248 237 188 218 286 334 347 268 272 285 261 274 263 318 213 243 322 269 326 260 315 190 250 264 201 310 229 244 299 363 364 373 374
314 189 187 183 262 328 266 296 247 317 245 323 269 220 199 229 358 282 182 231 261 206 236 355 344 285 215 350 313 209 203 345 286 267 325 327 329 180 366 367 376 377
262 321 310 190 199 294 296 285 231 212 193 289 236 291 230 332 345 334 218 323 336 235 318 180 320 333 267 269 189 234 183 317 247 363 364 373 374
192 247 260 315 190 319 253 180 299 248 237 226 347 187 307 296 230 298 232 289 236 280 229 328 345 321 334 323 215 204 325 217 263 318 267 322 245 313 326 360 369 370 379
247 264 319 321 220 310 248 208 189 294 307 193 236 342 355 289 200 282 350 209 352 203 288 237 332 266 347 323 325 261 274 329 263 276 252 254 269 183 213 260 328 362 363 372 373
211 260 185 240 253 299 235 248 358 250 188 226 182 243 245 234 355 344 236 280 282 271 218 339 231 220 181 345 266 334 347 323 215 336 272 329 199 320 333 267 189 322 193 313 326 360 361 370 371
260 226 264 220 321 199 180 299 312 252 318 231 294 206 296 298 209 282 184 339 352 286 237 182 332 345 268 272 285 274 342 183 269 324 326 363 364 373 374
183 198 319 240 189 244 235 296 285 298 342 234 236 291 212 280 282 229 220 264 345 266 200 334 268 323 215 182 206 261 208 252 199 322 190 203 324 245 317 360 369 370 379
198 310 299 312 248 226 294 307 296 285 298 232 289 344 236 229 350 271 339 352 185 220 213 334 323 261 274 250 182 263 265 199 333 267 322 203 313 189 360 361 370 371
274 252 263 358 227 294 217 355 289 350 339 286 288 188 332 271 347 336 327 342 253 333 204 234 268 213 243 313 266 317 181 245 226 321 250 310 184 248 364 365 374 375
315 317 181 319 332 245 321 190 220 201 325 327 229 261 212 276 236 217 215 298 200 230 209 203 286 188 267 271 334 336 235 342 204 322 339 266 296 328 366 367 376 377
317 296 181 250 201 254 248 199 180 282 263 355 227 261 272 276 187 240 352 215 200 313 332 209 347 184 286 237 218 327 182 342 344 244 253 204 366 367 376 377
232 319 312 237 250 252 243 213 245 234 355 289 236 280 226 282 190 220 288 266 189 336 231 212 272 206 217 261 342 215 265 333 230 267 322 269 271 313 326 328 218 361 362 371 372
319 213 345 266 334 336 294 269 220 342 254 344 318 199 333 252 312 263 231 291 276 236 217 240 332 285 215 298 313 209 203 286 237 188 267 310 180 244 204 268 366 367 376 377
320 299 355 180 282 263 208 189 231 261 212 291 350 276 352 206 187 217 215 298 200 230 264 307 267 218 322 324 310 339 328 289 332 253 234 268 266 181 220 201 366 367 376 377
245 271 326 264 323 299 189 358 250 187 185 296 215 181 298 230 226 355 280 218 350 182 288 332 345 334 234 272 327 263 243 265 254 362 363 372 373
250 180 244 324 204 234 193 217 321 181 220 296 188 182 344 231 291 282 350 286 230 332 325 327 329 276 235 252 362 363 372 373
180 263 318 199 267 322 190 203 313 181 236 240 187 229 189 352 182 226 347 294 296 234 276 289 350 326 339 220 209 264 332 321 272 208 329 360 369 370 379
243 201 235 244 248 294 307 187 296 298 181 289 344 291 190 220 269 282 184 286 229 345 208 334 231 261 200 252 333 254 322 209 324 326 203 188 362 363 372 373
252 276 265 333 267 322 193 271 313 326 206 264 215 253 230 312 261 203 184 358 318 254 182 227 355 289 291 204 339 286 345 226 336 235 272 285 363 364 373 374
296 235 321 310 323 299 289 294 226 220 339 352 208 261 212 345 334 206 217 185 215 200 264 209 203 286 237 182 365 366 375 376
213 240 187 310 231 244 299 185 358 347 209 307 184 234 182 236 291 227 282 229 271 339 286 288 345 268 323 336 217 261 329 333 199 324 313 212 360 361 370 371
271 269 254 248 188 263 352 299 261 212 332 345 347 285 344 333 322 226 313 326 190 265 229 244 323 208 312 268 187 217 266 307 364 365 374 375
229 263 318 333 254 269 218 313 182 253 310 231 312 204 235 248 347 230 298 226 289 236 220 291 201 280 184 350 352 286 264 206 336 215 329 361 362 371 372
263 276 227 208 189 231 322 193 236 185 215 200 310 209 299 203 188 358 182 285 298 291 253 280 339 286 288 181 345 266 190 201 336 254 272 363 364 373 374
206 334 347 189 336 193 272 261 318 185 212 333 254 200 322 324 184 321 310 244 299 312 235 237 204 285 289 227 282 201 218 339 286 288 360 361 370 371
266 217 310 323 200 230 264 188 218 298 182 261 289 240 204 286 288 268 226 272 190 254 276 199 333 324 189 326 328 363 364 373 374
269 324 328 199 227 321 310 323 312 240 358 298 209 289 237 267 282 235 265 288 336 268 325 272 318 333 226 363 364 373 374
189 312 204 193 327 248 329 318 181 237 358 347 185 217 230 285 298 276 289 333 267 227 182 350 218 328 200 321 334 323 215 336 360 369 370 379
312 253 342 344 333 181 220 201 254 282 208 231 212 272 187 185 200 350 339 352 237 188 267 218 332 310 289 327 366 367 376 377
227 261 184 188 333 267 313 264 248 358 181 294 307 201 285 234 199 236 208 282 193 231 288 332 185 345 215 200 268 323 361 362 371 372
199 276 318 333 322 203 326 253 321 244 299 235 184 307 182 234 355 291 280 339 231 220 264 332 334 268 181 325 217 327 208 360 361 370 371
276 218 212 342 236 344 333 185 324 230 313 328 321 237 235 358 318 294 208 193 217 282 181 226 352 190 288 254 345 364 365 374 375
185 200 215 217 327 208 329 318 265 333 188 322 324 313 326 253 244 235 248 184 237 226 294 307 230 234 355 282 360 369 370 379
201 322 203 236 240 253 193 231 244 187 299 358 285 298 291 212 182 282 350 220 264 325 272 327 208 181 265 254 360 361 370 371
322 254 248 339 231 291 193 332 236 217 347 285 298 342 264 209 203 324 237 218 328 265 280 310 253 204 234 355 366 367 376 377
217 334 268 336 187 215 313 182 253 299 248 226 230 298 234 291 280 282 264 361 362 371 372
204 299 248 358 307 230 285 298 342 234 355 289 280 282 182 231 352 286 328 220 288 215 272 329 254 190 253 360 361 370 371
187 200 321 268 215 336 325 272 181 193 327 261 265 254 190 203 324 310 244 288 235 237 294 307 298 342 234 289 236 291 212 282 218 339 286 360 369 370 379
272 323 336 208 325 193 236 329 240 230 326 209 184 237 188 310 182 244 294 307 234 298 342 355 289 344 181 352 288 248 345 364 365 374 375
323 345 230 294 209 344 288 254 333 248 237 267 218 282 339 231 332 234 313 307 226 355 190 220 280 366 367 376 377
231 200 285 342 344 265 280 264 253 208 325 261 318 294 298 234 188 339 352 212 286 235 345 334 215 361 362 371 372
291 336 203 184 325 286 267 342 235 328 253 310 358 220 318 282 355 208 193 236 240 350 230 332 345 209 365 366 375 376
336 240 334 215 200 332 307 209 288 188 182 299 352 310 327 289 345 347 321 181 294 328 333 248 282 208 367 368 377 378
326 324 220 248 208 193 355 215 200 313 264 209 352 286 267 332 345 265 280 310 244 327 234 333 328 367 368 377 378
282 209 218 313 253 358 318 298 190 220 339 208 286 212 193 334 347 215 200 230 364 365 374 375
333 184 248 325 230 264 358 307 286 188 267 235 327 234 268 321 324 367 368 377 378
325 334 193 236 240 344 200 294 264 209 288 203 237 218 235 265 280 244 289 298 268 313 307 254 248 367 368 377 378
334 345 215 230 313 288 188 182 299 244 289 234 332 321 324 355 254 318 350 261 212 193 367 368 377 378
182 285 355 212 280 350 218 181 209 264 332 321 268 215 193 327 208 329 265 203 324 240 244 184 294 307 360 369 370 379
285 345 347 234 324 181 313 190 220 235 265 321 248 212 236 307 298 355 289 344 209 188 218 286 364 365 374 375
261 327 344 240 267 215 230 313 209 203 184 321 310 318 244 294 352 345 248 363 364 373 374
350 313 347 307 184 286 267 218 235 265 329 310 358 342 321 345 181 294 324 328 190 254 344 236 368 369 378 379
200 339 352 209 264 332 181 268 215 327 184 329 188 212 313 299 230 298 342 280 360 361 370 371
339 230 324 328 209 288 203 237 188 235 280 289 253 181 190 220 329 347 344 215 367 368 377 378
280 307 184 288 268 332 345 347 327 226 318 254 208 212 193 321 240 299 264 364 365 374 375
203 344 218 328 288 321 268 327 265 188 253 310 235 237 226 347 230 181 342 234 360 361 370 371
344 318 218 235 355 289 234 298 268 286 226 248 208 342 212 240 352 264 368 369 378 379
235 240 181 226 286 332 347 327 329 265 215 324 230 264 237 358 318 307 362 363 372 373
188 328 220 209 264 321 329 318 265 267 310 244 248 237 358 226 347 294 181 360 369 370 379
234 358 347 294 342 355 286 328 190 268 327 212 313 209 184 362 363 372 373
298 352 299 329 342 226 332 208 212 236 240 307 230 264 209 288 184 365 366 375 376
352 264 307 288 286 237 265 329 244 327 289 355 345 328 248 208 212 368 369 378 379
230 286 328 329 318 181 226 313 220 208 212 248 237 358 209 184 361 362 371 372
240 345 268 226 327 190 265 254 236 264 248 358 209 307 184 218 355 362 363 372 373
347 236 313 358 307 288 237 310 244 289 208 268 321 345 294 226 190 220 248 218 368 369 378 379
299 253 307 268 181 220 345 212 193 342 294 209 288 328 237 267 218 332 244 318 365 366 375 376
264 215 288 226 190 268 218 329 318 265 267 313 310 237 358 253 363 364 373 374
318 248 212 193 236 215 209 288 184 267 265 244 268 345 190 220 329 366 367 376 377
237 355 332 345 327 342 254 267 193 313 253 310 209 184 248 358 218 307 362 363 372 373
355 265 244 327 289 253 268 181 324 226 328 190 212 236 332 307 209 184 368 369 378 379
253 181 226 190 212 193 286 345 209 327 329 267 328 363 364 373 374
313 212 193 327 342 307 209 288 332 286 267 218 265 244 181 366 367 376 377
244 307 226 190 220 288 332 212 193 268 215 329 254 267 324 362 363 372 373
358 289 268 181 226 342 193 321 345 324 307 184 286 267 310 368 369 378 379
265 248 289 208 286 288 332 218 267 324 328 310 226 190 254 363 364 373 374
181 321 193 248 294 307 342 289 288 332 212 267 190 324 360 369 370 379
307 289 332 345 327 329 254 248 208 193 215 366 367 376 377
190 328 321 310 193 226 342 289 236 218 286 209 268 215 327 267 360 369 370 379
289 294 332 220 254 212 324 215 321 288 365 366 375 376
248 310 220 184 215 332 345 268 362 363 372 373
208 327 267 184 212 268 360 361 370 371
321 220 212 345 209 288 286 342 328 268 366 367 376 377
324 254 212 288 184 286 267 218 310 268 367 368 377 378
193 327 329 184 226 236 286 220 332 360 369 370 379
342 332 288 345 329 327 328 368 369 378 379
286 267 332 345 328 254 212 294 364 365 374 375
345 288 218 268 294 220 184 368 369 378 379
236 268 327 329 267 328 226 212 362 363 372 373
294 332 310 226 254 212 184 267 365 366 375 376
209 328 184 268 215 327 267 360 361 370 371
218 184 328 220 268 254 267 310 361 362 371 372
184 212 220 268 329 254 226 360 369 370 379
288 327 329 328 226 220 254 365 366 375 376
310 226 220 212 329 215 328 366 367 376 377
268 328 212 363 364 373 374
332 267 220 367 368 377 378
254 226 220 363 364 373 374
226 328 212 361 362 371 372
327 212 215 329 328 367 368 377 378
212 329 328 360 361 370 371
328 220 215 329 367 368 377 378
220 267 361 362 371 372
215 360 361 370 371
267 363 364 373 374
329 367 368 377 378
360
361
362
363
364
365
366
367
368
369
370
371
372
373
374
375
376
377
378
379
