#/usr/local/lib/python3.10/dist-packages/colab_kernel_launcher.py -f /root/.local/share/jupyter/runtime/kernel-2119b688-3f38-4b5a-b3d6-e140ef2e0719.json
# GMT Fri May 24 13:35:21 2024
# 
32 101 35 90 23 37 4 147 8 160 81 83 2 138 151 85 17 140 153 87 11 76 26 144 91 80 69 20 71 84 126 18 73 128 141 3 62 75 77 119 132 66 12 134 27 136 57 70 112 125 21 72 6 114 48 116 50 171 0 173 65 120 175 122 9 164 13 58 100 113 102 49 170 104 117 51 93 40 95 150 44 165 86 99 10 352 353 360 361
101 92 11 96 141 26 56 37 143 90 71 35 121 39 20 99 84 114 29 171 173 87 120 122 111 6 66 17 168 100 102 115 170 0 15 45 117 75 172 98 79 161 108 9 43 24 110 152 58 88 18 112 154 3 82 63 67 158 147 31 61 12 42 65 95 151 10 89 40 70 153 93 74 142 155 4 144 157 68 49 72 148 51 81 355 356 363 364
16 93 106 82 95 29 42 1 84 18 31 165 99 141 154 10 22 156 77 90 24 79 92 26 147 94 136 149 70 83 30 85 127 129 13 63 131 7 78 67 56 69 124 71 126 60 115 62 64 132 53 174 66 108 121 68 110 8 44 112 125 167 6 103 37 50 171 39 52 15 162 96 109 153 45 100 113 89 36 170 91 3 25 146 159 352 359 360 367
93 140 100 20 50 155 65 14 157 25 29 135 148 23 4 137 150 27 57 38 152 128 141 2 130 143 6 36 51 132 30 15 45 75 123 60 125 54 116 88 118 131 173 22 52 82 63 133 175 109 113 46 102 115 170 10 40 21 55 161 174 68 163 0 97 110 83 34 99 156 103 62 77 158 171 147 26 37 107 162 41 35 355 356 363 364
95 157 133 146 39 148 69 50 150 84 44 25 29 59 143 132 57 38 123 136 55 85 36 17 125 127 30 11 129 64 15 94 171 173 107 120 175 43 73 24 109 124 166 113 63 115 86 170 117 159 172 80 12 106 46 97 10 89 40 165 74 0 145 72 83 34 147 149 96 51 151 62 13 92 153 7 142 155 60 41 71 144 355 356 363 364
157 164 44 78 59 123 153 27 159 8 87 38 151 132 2 136 66 17 81 30 145 64 15 94 45 60 139 90 79 109 154 54 152 103 52 3 33 63 67 112 1 76 140 91 121 10 89 70 85 134 119 100 170 68 19 0 53 34 147 161 174 62 13 92 77 156 107 167 7 37 169 41 86 105 160 39 69 20 162 50 114 65 358 359 366 367
136 158 94 34 160 173 98 128 149 9 151 13 77 107 58 88 153 26 155 116 35 80 148 114 44 139 25 141 29 59 74 143 23 4 68 102 132 47 138 140 11 96 15 45 75 60 105 99 18 133 168 3 33 63 97 48 127 108 170 112 31 61 12 42 46 163 110 91 165 10 21 55 6 85 119 100 130 156 19 49 0 357 358 365 366
158 47 111 92 26 56 7 60 139 90 143 105 5 35 173 118 69 20 50 175 122 103 84 44 166 108 59 131 142 106 87 110 140 121 174 155 163 36 17 165 149 30 45 98 128 9 24 54 77 107 58 137 164 141 52 3 33 63 135 86 116 150 80 31 61 12 65 144 46 125 148 10 89 70 123 153 134 138 68 19 83 113 358 359 366 367
97 166 60 41 126 102 115 35 117 39 159 50 106 161 84 14 25 163 48 110 59 154 167 156 27 169 87 91 2 55 6 66 17 149 162 151 30 98 140 153 15 155 144 43 54 146 58 18 137 22 52 82 33 141 1 61 42 143 65 145 89 40 70 74 138 19 49 114 53 83 34 116 118 131 28 120 51 81 13 109 122 37 355 356 363 364
166 48 127 78 29 171 108 173 76 8 87 151 2 6 85 66 17 160 119 100 145 15 45 128 79 109 73 54 107 88 152 52 3 33 67 146 131 1 12 65 144 125 40 21 123 74 153 104 138 19 49 0 175 72 102 132 113 28 9 168 13 126 156 170 96 7 141 172 90 174 165 154 5 35 150 118 69 99 133 163 14 25 358 359 366 367
9 90 132 24 145 79 92 134 68 3 28 17 19 140 129 142 76 78 120 12 67 80 14 135 69 71 113 126 60 115 51 64 53 174 66 108 55 44 165 125 46 167 59 114 48 169 61 39 160 52 41 54 96 164 111 87 8 34 47 168 89 102 23 2 38 159 27 148 40 161 29 163 18 20 141 33 154 75 156 77 352 359 360 367
90 163 110 81 152 165 99 167 26 56 7 37 156 169 41 103 145 92 5 94 149 162 96 151 98 153 133 76 27 146 57 8 148 2 137 85 17 128 141 11 64 45 79 73 24 58 88 125 18 22 3 82 33 63 129 67 118 131 173 80 12 46 164 124 89 40 70 21 100 168 115 49 0 104 117 72 108 47 355 356 363 364
69 104 117 159 172 106 61 42 161 174 46 165 40 88 169 68 19 0 145 92 147 47 28 151 51 62 85 140 153 74 87 142 76 91 133 5 80 148 50 137 71 14 139 25 86 128 77 4 27 57 121 134 123 70 112 6 66 17 127 30 116 171 64 131 120 109 122 43 54 164 124 58 168 52 33 63 102 170 354 355 362 363
104 140 153 103 84 44 155 78 29 133 146 23 135 8 126 139 6 85 130 143 30 11 132 64 94 45 75 98 79 125 24 127 88 18 171 52 82 105 173 107 120 1 80 31 61 12 42 164 111 46 113 168 89 70 21 115 170 117 172 49 161 174 108 102 47 154 167 51 62 13 92 156 169 60 147 160 162 5 35 138 151 355 356 363 364
129 155 40 21 55 85 66 119 100 146 159 94 34 137 128 79 109 139 43 141 77 143 7 145 22 52 86 67 80 50 114 46 44 25 10 29 59 173 123 74 23 4 68 72 83 168 17 51 170 81 111 92 172 30 26 161 15 71 124 5 39 118 169 18 103 33 63 127 78 108 147 149 162 42 151 164 76 27 87 121 142 356 357 364 365
155 25 59 123 153 23 4 138 175 68 8 72 102 132 83 113 2 47 66 17 51 81 111 170 30 11 145 96 172 161 174 60 163 154 54 39 18 103 63 171 48 127 78 131 112 162 57 87 110 121 40 21 55 36 115 119 49 147 98 79 43 73 137 88 37 52 135 86 116 67 5 35 31 20 65 144 46 358 359 366 367
148 168 80 61 65 14 25 10 150 29 59 123 74 152 23 4 154 102 83 2 47 111 26 75 139 120 71 143 105 35 54 20 99 18 103 133 84 3 63 48 78 108 131 112 42 170 27 106 87 121 174 70 55 6 36 66 163 130 30 49 64 45 156 98 43 160 173 126 77 149 88 162 7 135 86 116 146 357 358 365 366
168 25 48 78 29 59 131 161 23 4 57 8 87 140 2 55 6 36 115 149 100 130 30 164 11 170 64 94 75 174 162 43 24 126 58 18 141 3 82 135 86 67 150 1 31 173 12 42 46 125 89 40 21 123 134 138 68 19 49 0 72 132 113 47 28 81 111 62 139 41 120 71 20 99 103 84 358 359 366 367
41 42 27 8 152 99 154 167 6 156 30 11 160 81 138 153 74 39 142 18 131 144 3 33 146 80 124 137 31 139 60 128 141 10 21 117 130 64 119 121 19 0 55 34 112 46 59 114 48 13 50 63 105 26 52 173 65 107 175 122 164 98 45 20 100 47 102 115 14 49 170 51 172 161 174 23 108 150 352 353 360 361
42 135 5 35 71 39 14 25 75 130 29 172 132 53 66 55 68 27 110 44 125 46 167 59 36 17 48 169 103 116 171 105 160 52 173 120 111 153 45 100 113 47 18 89 22 91 33 106 12 150 152 165 86 88 21 143 156 145 4 134 147 149 151 72 85 28 127 74 87 63 26 144 7 37 78 352 353 360 361
113 147 48 29 108 59 112 140 106 87 142 91 55 36 66 146 135 30 64 15 126 139 98 73 130 77 107 88 134 3 82 33 123 67 125 61 65 46 116 171 25 10 89 40 70 74 122 164 4 68 19 49 53 83 34 115 117 62 92 172 161 56 150 163 71 152 165 105 5 167 156 20 145 14 356 357 364 365
147 28 51 81 126 26 7 141 37 60 120 175 39 20 84 48 127 78 108 59 142 23 4 172 76 106 57 8 87 174 55 167 119 30 11 156 169 15 94 79 173 143 162 43 24 54 151 164 88 122 153 3 82 146 131 159 1 31 12 65 144 125 150 152 89 40 134 68 49 72 102 132 83 357 358 365 366
25 34 47 89 102 36 170 146 106 27 40 23 4 19 31 152 86 154 75 2 143 35 156 77 134 26 149 138 151 140 5 74 87 142 131 65 14 67 80 135 58 71 126 73 115 49 51 119 6 53 66 121 123 57 125 167 59 114 171 13 105 118 160 52 173 162 175 3 96 164 45 100 352 353 360 361
34 160 94 151 72 23 4 153 74 8 131 2 144 133 146 67 122 135 30 11 137 128 130 24 64 119 66 121 134 22 3 33 57 112 125 167 114 127 31 12 169 61 103 116 50 105 39 10 21 162 54 175 56 111 100 47 102 170 91 38 159 51 13 161 108 150 86 99 154 143 35 156 77 145 92 352 353 360 361
151 173 138 102 53 132 117 47 81 111 13 92 145 56 159 120 105 152 118 20 50 122 133 14 44 48 127 78 29 59 131 112 76 27 106 57 110 2 85 36 17 119 149 75 79 43 73 126 107 137 170 22 52 3 33 161 174 135 116 67 150 80 12 165 114 65 46 156 70 171 357 358 365 366
173 140 170 2 6 85 115 66 149 100 130 30 15 45 109 143 107 58 137 18 3 82 33 63 135 165 116 67 131 61 12 65 46 125 10 21 74 138 68 72 53 117 47 28 162 160 92 96 26 56 171 60 120 71 124 154 105 5 118 103 44 29 172 112 76 27 106 8 358 359 366 367
44 47 115 49 91 159 172 106 150 163 14 152 154 29 156 77 12 92 27 8 83 138 85 140 153 74 30 142 15 144 65 80 135 43 124 18 7 37 60 73 22 33 141 62 132 31 174 66 134 68 110 57 112 46 59 114 127 48 61 103 4 19 50 105 38 52 107 120 2 162 54 164 98 353 354 361 362
47 160 94 149 162 23 96 138 27 8 38 153 74 87 89 17 131 78 91 146 11 67 15 124 139 73 24 141 75 119 22 121 134 55 68 57 70 12 125 59 72 46 127 48 10 21 105 52 65 175 109 19 122 98 28 102 115 170 51 161 174 108 150 152 86 154 167 88 103 353 354 361 362
163 120 170 143 154 105 35 172 20 50 122 152 133 14 165 48 29 108 112 142 4 169 76 8 87 38 171 110 91 2 164 119 149 130 30 11 15 94 98 128 79 24 54 126 156 107 58 22 82 67 146 31 114 125 40 70 123 74 153 134 138 49 0 72 102 53 83 28 51 81 111 62 145 26 358 359 366 367
2 50 105 118 39 52 107 162 109 43 164 56 45 100 89 102 36 49 159 172 106 40 150 31 99 20 35 156 0 37 92 13 15 28 138 30 72 85 6 87 10 131 144 12 133 67 80 122 14 135 82 3 124 137 58 71 139 60 73 115 117 11 132 66 108 121 114 169 61 352 359 360 367
50 51 6 36 161 30 11 86 99 154 88 143 156 43 145 79 160 81 149 33 138 85 153 87 1 142 144 21 82 124 71 19 0 126 73 128 62 75 28 119 132 13 121 7 37 110 123 57 70 59 169 61 103 118 14 107 54 175 29 109 122 164 98 111 23 4 100 8 38 102 353 354 361 362
7 165 86 99 33 3 22 143 156 37 79 13 134 81 94 15 70 83 17 30 19 140 87 142 76 23 65 78 133 14 82 124 71 128 62 75 64 132 5 174 121 112 125 46 167 59 114 48 169 61 103 4 39 160 52 107 120 162 175 96 56 98 45 100 170 91 38 159 172 106 27 150 31 352 359 360 367
165 120 71 143 35 39 118 20 152 84 14 127 78 131 142 23 76 57 38 91 21 55 85 36 175 119 30 11 15 75 98 79 109 162 43 24 172 126 58 137 88 18 22 86 146 167 150 1 80 61 169 114 65 125 171 159 10 40 70 123 74 4 19 49 102 53 83 117 51 160 358 359 366 367
48 36 58 30 102 11 170 45 159 172 106 161 174 108 150 24 152 86 167 22 103 92 160 1 81 162 138 98 10 21 87 76 89 131 144 78 91 133 146 67 135 82 28 73 128 130 143 64 66 35 55 39 20 57 72 127 29 63 23 4 52 65 107 8 38 122 164 56 353 354 361 362
106 107 120 39 99 122 111 84 124 14 115 159 174 110 152 55 36 66 17 167 100 30 11 15 75 98 79 160 149 73 54 164 58 88 18 22 52 3 82 33 142 133 1 61 135 137 150 10 89 21 126 139 74 130 143 19 49 83 123 51 62 13 125 138 26 56 116 71 105 355 356 363 364
107 57 8 72 91 132 6 36 66 134 123 11 64 45 79 116 43 54 118 88 120 18 109 22 52 82 124 67 1 80 31 12 170 65 117 119 174 21 110 68 19 112 0 167 102 53 156 98 171 81 13 92 162 96 56 37 71 140 142 144 99 133 135 59 23 128 141 355 356 363 364
39 117 159 110 152 30 99 112 154 88 145 92 105 160 81 149 162 18 83 96 3 85 98 153 76 144 27 82 36 71 126 73 19 0 141 15 62 75 77 119 66 79 55 123 57 70 37 22 59 72 114 127 61 116 171 118 131 52 175 10 43 164 56 111 100 23 8 38 352 353 360 361
117 99 18 84 149 162 3 78 67 153 1 142 46 91 146 10 70 55 85 100 137 150 49 0 126 64 94 109 43 73 132 145 13 77 58 88 121 134 26 37 123 125 86 114 65 120 89 175 29 122 59 74 4 87 38 53 170 159 172 36 66 51 81 161 111 30 15 154 156 54 356 357 364 365
23 109 43 56 98 111 45 102 49 170 91 172 27 150 31 152 141 33 154 88 143 35 145 79 5 149 138 140 153 89 131 65 78 122 82 58 71 6 126 128 64 132 53 174 121 134 55 57 18 46 167 59 114 22 3 61 103 171 105 118 160 1 162 54 175 352 353 360 361
109 121 134 76 8 123 125 114 6 85 66 17 100 11 64 15 94 75 175 73 24 54 77 58 88 18 115 22 3 82 63 172 86 80 61 110 65 152 167 10 40 21 145 49 160 0 72 53 162 83 28 140 153 13 96 26 56 146 20 126 139 128 141 14 143 108 59 119 132 355 356 363 364
83 160 94 149 96 140 153 87 51 62 142 131 26 56 37 91 60 71 135 124 35 137 84 126 14 130 29 134 4 76 57 112 125 66 17 116 171 105 11 15 45 75 175 122 43 73 100 102 115 18 170 3 33 174 150 12 110 152 86 99 154 167 10 70 21 103 92 354 355 362 363
160 169 171 81 62 92 162 11 26 139 120 154 5 118 20 152 103 84 14 3 63 59 57 87 110 140 91 55 85 36 119 100 45 75 98 128 79 43 24 54 13 58 88 175 141 82 86 116 67 150 1 31 172 174 74 153 138 68 19 167 8 72 102 358 359 366 367
124 161 174 112 31 61 76 46 154 167 110 10 55 85 115 0 149 64 94 164 43 92 144 26 56 146 159 135 86 116 5 35 139 152 20 65 14 130 143 89 29 108 59 74 134 4 68 27 57 38 72 53 125 140 111 30 133 60 73 24 118 99 170 18 84 172 52 82 33 63 356 357 364 365
161 105 5 35 84 14 127 78 29 172 59 112 142 174 4 27 8 91 121 6 149 100 30 64 15 94 45 75 162 98 128 156 122 18 152 52 82 33 86 116 67 146 1 31 61 89 40 123 74 138 68 49 72 102 51 81 13 92 145 96 26 56 37 60 139 175 358 359 366 367
143 174 13 92 126 58 37 22 71 135 169 5 171 125 14 162 89 138 57 8 102 144 132 159 6 111 150 75 60 105 145 99 18 103 133 84 52 82 78 112 142 1 31 61 110 140 91 121 175 40 55 115 19 0 64 94 170 98 128 79 43 73 357 358 365 366
174 154 105 99 122 18 133 175 84 63 127 108 131 12 110 121 40 70 6 85 115 66 149 19 0 64 94 126 156 137 88 22 52 135 116 169 150 1 80 61 20 65 144 125 14 159 172 123 4 138 102 53 51 81 62 30 56 15 75 358 359 366 367
36 169 61 171 118 52 65 120 162 54 4 27 8 111 45 115 38 159 51 30 11 108 110 152 86 99 88 156 18 103 37 92 33 149 138 12 87 142 76 10 21 131 144 78 133 146 67 135 19 0 139 73 62 75 26 53 55 68 123 57 35 59 20 114 127 352 353 360 361
55 61 116 131 24 54 67 18 122 52 3 100 60 115 12 108 40 21 110 152 99 112 154 167 49 0 156 103 92 105 28 94 13 96 26 85 140 153 74 87 142 144 78 80 14 71 73 27 8 38 64 77 119 121 134 17 30 138 59 114 127 353 354 361 362
61 6 17 135 11 71 84 15 45 126 139 24 119 132 58 121 22 110 123 70 112 125 127 31 12 116 171 63 46 105 118 10 40 21 122 98 19 49 0 100 53 102 172 51 56 37 154 5 156 20 94 29 140 153 57 8 142 76 131 353 354 361 362
96 99 19 167 72 53 156 169 145 17 81 62 92 149 162 26 164 60 142 5 35 144 146 18 14 135 139 128 76 27 87 132 21 134 85 138 0 64 15 94 45 114 79 116 28 43 24 77 58 88 37 22 52 82 111 86 115 1 31 65 172 10 89 40 70 110 152 355 356 363 364
99 26 56 37 159 108 5 35 154 84 156 103 145 78 76 57 87 140 6 66 131 30 15 79 150 73 54 128 141 88 18 22 52 3 82 119 86 67 121 1 12 125 46 89 40 70 171 74 118 120 68 49 122 72 28 81 62 13 102 115 355 356 363 364
127 100 30 0 170 64 15 94 45 75 172 126 77 88 37 154 167 22 82 33 63 156 116 114 89 153 74 142 68 19 49 53 146 135 28 137 81 13 139 56 141 130 120 132 105 35 134 84 78 29 108 112 171 131 76 8 38 91 121 21 6 115 17 356 357 364 365
57 120 15 175 45 122 164 98 111 43 102 22 108 150 152 88 10 40 145 92 81 94 49 149 162 53 138 85 140 153 28 89 144 78 26 67 80 135 137 5 84 139 60 128 62 14 130 64 77 132 66 68 123 27 72 116 17 118 65 353 354 361 362
76 120 10 40 70 21 122 74 19 102 53 159 172 28 51 62 26 37 88 156 35 20 105 94 162 29 59 85 98 140 4 100 142 89 38 78 91 6 66 17 82 84 11 126 139 45 141 77 132 145 54 79 18 33 63 125 138 116 31 171 131 46 354 355 362 363
120 27 152 110 91 6 169 119 100 145 30 64 79 43 73 24 54 153 58 88 18 22 146 86 116 135 1 150 114 139 128 141 89 40 130 74 132 19 121 134 53 28 111 62 26 56 37 131 60 35 164 118 103 84 14 170 29 59 159 356 357 364 365
58 62 75 130 64 77 119 12 66 121 68 112 6 59 30 171 49 105 118 65 175 122 164 111 22 52 170 108 110 152 14 86 10 29 156 4 8 149 138 51 153 74 26 89 78 91 133 67 80 5 24 54 82 20 71 126 139 60 73 33 128 141 353 354 361 362
15 110 70 125 46 169 105 52 162 175 164 102 115 49 170 38 27 4 29 152 86 33 154 88 35 6 24 37 79 92 81 94 72 85 19 140 153 74 142 133 146 80 135 82 137 1 71 12 60 62 64 77 119 132 66 352 359 360 367
110 118 133 175 111 103 126 115 33 63 78 108 172 119 121 112 10 40 21 167 169 100 0 94 162 28 43 77 52 67 159 35 1 80 20 65 139 128 141 29 4 145 8 134 72 102 53 125 138 17 51 81 92 140 116 11 356 357 364 365
92 28 51 60 71 140 35 142 20 131 144 84 133 59 137 126 139 87 38 128 141 66 121 123 45 75 112 114 169 171 105 118 77 162 175 3 63 86 67 98 1 31 115 65 172 70 21 74 108 150 19 152 72 53 154 355 356 363 364
6 116 118 52 162 54 43 49 170 27 1 152 86 33 167 22 35 24 145 37 79 4 26 94 17 138 85 19 153 74 87 131 144 78 12 133 146 67 80 14 71 84 60 128 20 141 75 64 132 53 121 13 68 112 125 59 352 359 360 367
78 65 46 100 102 74 159 172 49 0 108 53 152 86 51 62 13 103 145 26 56 79 71 162 5 20 87 142 14 89 131 29 59 91 133 135 82 137 8 38 139 141 66 130 132 121 43 73 24 54 114 169 77 105 164 111 354 355 362 363
169 17 111 30 164 11 75 139 73 24 54 118 88 122 22 3 82 112 142 1 31 91 10 40 70 21 85 115 134 119 149 19 49 0 94 98 170 79 162 43 62 13 77 56 141 71 135 116 171 20 65 144 125 14 89 74 8 38 102 53 358 359 366 367
118 91 172 119 85 17 64 94 75 167 156 43 73 24 54 77 149 162 22 33 86 116 80 31 144 65 46 10 89 70 135 137 68 19 141 72 102 28 132 81 62 13 134 26 71 5 103 133 84 14 175 29 108 59 112 87 38 170 356 357 364 365
8 162 175 164 49 38 159 27 40 150 84 31 86 33 88 156 77 37 79 13 81 28 149 70 72 85 19 140 87 10 65 133 80 122 135 137 126 18 139 60 115 62 64 119 134 125 46 167 114 1 103 63 52 352 359 360 367
27 54 122 43 164 111 14 102 170 38 159 40 53 31 152 86 46 35 156 103 79 28 162 30 85 98 18 87 142 131 91 133 146 67 80 71 84 126 139 73 141 64 0 132 121 134 70 112 59 114 26 116 22 171 63 52 352 353 360 361
29 115 49 170 20 91 159 172 14 40 150 84 31 33 77 79 81 149 138 30 140 74 89 24 144 80 22 82 137 71 126 73 128 1 141 12 130 64 10 134 68 70 46 167 59 103 63 52 162 26 164 56 98 352 353 360 361
103 115 170 159 172 119 60 5 167 54 156 18 84 171 105 63 164 12 140 153 91 142 21 30 94 137 152 141 73 13 130 77 132 145 37 52 82 134 86 123 138 1 80 31 65 116 10 131 122 68 38 72 102 355 356 363 364
115 171 3 33 63 108 59 112 175 122 164 91 66 100 159 64 75 79 28 43 54 167 13 77 145 149 80 138 114 153 89 40 144 74 133 4 49 38 72 137 139 17 51 130 11 56 119 132 71 5 356 357 364 365
122 128 170 12 172 91 121 21 100 30 19 75 98 28 73 162 77 37 82 153 116 144 1 80 31 114 65 10 40 137 59 4 130 38 72 102 145 81 111 62 125 11 138 56 60 71 105 131 54 175 18 84 112 356 357 364 365
128 52 82 86 116 1 31 114 65 10 89 40 70 175 74 19 49 0 28 159 81 111 13 126 26 56 37 60 154 105 5 156 84 14 108 59 153 87 38 91 121 144 133 146 85 135 11 137 64 94 45 141 130 24 88 356 357 364 365
171 85 17 51 100 130 30 145 94 79 154 24 54 137 18 152 133 22 52 82 33 63 86 116 131 10 40 70 74 149 49 98 111 62 156 56 141 37 60 71 135 105 35 159 108 123 4 138 38 72 102 121 358 359 366 367
105 108 51 81 30 11 75 43 73 54 149 162 84 22 3 63 67 144 133 146 46 135 10 40 70 85 139 94 53 132 98 28 123 13 112 125 116 5 80 175 164 111 89 59 4 87 159 38 172 72 355 356 363 364
64 123 24 112 72 114 3 33 116 65 1 31 12 175 164 111 49 0 108 51 154 167 88 145 5 35 162 138 85 98 14 140 153 74 142 89 146 80 82 139 73 86 30 11 130 77 119 134 68 353 354 361 362
123 75 140 153 98 142 24 146 77 82 33 150 86 139 152 1 80 31 12 114 65 46 132 40 134 21 74 125 19 0 72 53 28 81 62 26 60 71 126 5 35 159 172 14 59 112 154 87 91 121 66 17 149 119 164 356 357 364 365
108 35 170 159 84 14 12 154 87 156 91 145 66 100 162 138 75 140 142 24 131 77 133 18 37 22 3 63 137 86 31 141 65 130 119 132 89 4 19 125 102 17 51 62 13 11 56 71 111 355 356 363 364
22 126 75 77 119 121 134 20 70 112 125 114 4 52 65 164 111 45 11 170 172 53 150 31 18 33 46 167 35 156 24 145 37 79 1 12 28 149 140 153 21 74 87 142 0 146 67 71 84 352 353 360 361
126 52 3 82 33 130 116 67 112 1 31 12 46 10 21 140 119 131 68 19 133 53 175 98 28 81 13 26 37 60 71 5 20 114 167 59 87 38 102 149 91 11 144 45 75 146 159 79 135 141 356 357 364 365
17 0 162 175 43 56 13 98 111 153 45 100 89 91 159 172 5 84 18 152 20 141 154 88 4 24 145 37 79 134 26 81 94 28 138 131 144 67 80 135 82 137 71 139 75 1 119 53 112 46 167 114 352 359 360 367
91 65 89 68 38 72 53 66 51 11 26 152 60 167 156 24 54 18 94 149 98 140 12 87 144 46 133 10 70 21 141 79 130 28 121 88 56 52 138 71 86 35 116 1 80 20 355 356 363 364
3 5 18 139 73 75 130 51 11 132 53 66 121 112 4 167 0 116 52 54 56 111 45 102 170 40 150 84 31 152 88 35 77 145 79 81 138 30 72 85 19 140 153 74 21 89 10 12 137 352 359 360 367
5 40 152 86 20 154 167 88 156 37 81 94 28 0 138 30 85 153 74 142 144 133 67 80 14 135 137 71 84 18 73 141 130 77 119 11 53 70 46 63 52 162 164 56 111 45 100 102 49 170 38 51 352 359 360 367
154 145 26 56 37 71 167 35 156 133 14 59 162 164 4 87 140 121 119 130 11 45 75 43 77 137 141 82 135 116 146 1 80 12 125 10 89 40 70 21 175 68 0 53 172 51 111 13 358 359 366 367
11 125 46 59 114 54 43 164 1 111 45 146 82 150 31 152 86 20 35 134 26 81 94 28 70 138 72 19 140 74 21 142 131 133 67 80 14 135 56 73 130 51 172 53 0 68 352 359 360 367
125 94 45 75 135 98 43 73 24 54 139 88 141 130 33 63 116 67 80 65 10 70 131 19 49 0 175 102 111 62 26 37 60 35 167 14 162 38 153 85 66 119 144 356 357 364 365
52 139 60 141 75 130 119 132 30 53 66 134 45 70 114 63 65 54 175 164 98 10 21 172 19 49 167 28 156 51 26 162 138 35 85 153 67 135 84 353 354 361 362
24 132 53 13 70 112 167 114 116 20 14 54 98 45 4 102 49 38 159 51 40 150 84 33 88 77 145 37 26 81 94 149 30 140 87 142 12 131 144 65 10 80 21 137 0 60 73 75 352 353 360 361
43 77 4 132 66 134 112 59 72 114 30 116 63 65 164 56 111 100 18 172 53 150 152 86 10 40 46 167 0 81 149 28 85 98 140 74 87 142 67 35 135 82 137 71 84 73 62 130 352 353 360 361
77 130 134 81 67 138 1 114 131 10 70 4 38 72 170 51 62 159 26 71 54 94 149 164 85 12 98 140 153 87 100 89 66 146 49 137 45 84 139 86 141 28 354 355 362 363
1 80 14 71 60 20 141 62 75 119 66 121 68 4 59 162 54 56 98 45 100 102 49 170 51 150 152 86 46 167 156 37 79 26 81 94 28 149 72 85 140 74 10 133 146 352 359 360 367
80 12 82 150 84 10 21 130 68 0 132 53 121 134 28 138 62 13 114 56 116 60 71 175 20 100 59 102 170 4 172 152 30 156 145 94 98 63 144 67 133 146 354 355 362 363
62 145 79 81 149 31 85 140 142 89 131 144 67 19 49 0 53 137 71 84 28 141 13 75 132 66 60 121 134 68 70 20 116 63 162 175 38 111 100 170 159 172 150 152 54 88 353 354 361 362
10 21 144 67 14 82 0 18 60 141 130 132 66 134 68 46 114 162 4 56 98 159 40 150 31 20 33 37 79 81 94 30 74 87 352 359 360 367
21 142 63 144 65 133 19 135 137 13 130 51 172 119 53 121 68 112 167 14 116 54 175 164 98 100 89 102 170 40 82 84 152 141 88 156 79 28 149 12 140 87 352 359 360 367
82 141 65 119 132 40 121 74 4 19 49 114 53 28 51 162 26 164 35 159 14 59 152 86 167 38 88 94 30 153 79 89 54 146 18 33 63 67 354 355 362 363
40 142 35 144 20 146 14 135 60 38 121 134 68 30 70 59 116 164 111 31 12 49 51 84 0 167 88 145 28 79 81 149 26 138 72 85 74 352 353 360 361
12 67 135 139 73 130 0 119 121 68 114 164 98 45 100 89 102 170 172 150 18 31 86 20 141 33 88 145 134 81 94 28 149 70 72 85 74 87 63 65 133 352 359 360 367
67 141 75 130 119 121 0 134 53 70 114 116 26 37 162 175 164 98 20 102 14 170 150 38 152 51 79 45 81 94 60 149 140 87 142 131 144 63 133 354 355 362 363
18 51 119 132 121 112 46 54 175 111 13 170 38 172 14 20 141 88 35 156 79 28 138 72 85 153 87 142 0 144 65 133 146 139 60 73 352 359 360 367
75 33 63 114 46 175 164 70 111 68 49 72 159 28 84 56 37 60 71 156 145 79 149 14 153 142 89 144 133 146 66 137 139 0 45 132 73 54 134 354 355 362 363
94 72 114 51 116 20 100 84 14 59 87 38 152 167 66 145 0 45 149 162 79 88 33 63 146 31 150 139 89 130 119 132 4 134 68 19 49 355 356 363 364
135 137 150 31 139 152 65 46 70 145 68 0 72 53 132 140 51 81 56 175 71 4 87 167 156 85 66 119 45 149 162 98 79 164 54 144 146 159 357 358 365 366
137 145 114 46 138 74 19 49 72 102 53 28 81 111 56 37 60 71 170 159 172 20 133 84 14 59 167 112 156 4 149 164 130 153 30 142 146 73 54 88 150 33 141 357 358 365 366
33 139 130 119 132 66 121 14 112 46 167 59 116 63 175 45 100 30 102 49 172 150 84 86 35 37 31 81 149 138 72 85 140 19 89 146 28 13 352 353 360 361
139 63 86 167 31 156 114 65 46 89 74 138 49 142 144 146 159 51 81 26 37 60 71 35 145 133 112 140 38 121 66 175 119 30 45 98 170 54 88 357 358 365 366
140 19 49 72 132 28 51 26 37 60 20 133 156 14 59 4 162 87 38 142 85 66 144 100 150 79 152 73 131 31 46 89 70 357 358 365 366
65 133 19 73 86 130 121 134 138 72 116 35 46 164 4 102 53 56 112 45 88 156 81 149 63 85 153 74 87 142 89 353 354 361 362
121 73 175 88 63 159 172 152 156 68 19 28 111 13 56 60 71 144 35 20 14 59 112 4 130 87 132 134 66 138 119 100 30 356 357 364 365
0 70 4 138 74 63 131 133 71 51 59 37 54 30 164 100 89 102 170 38 159 150 84 20 141 35 156 145 79 13 26 28 149 352 359 360 367
70 89 131 133 146 28 54 71 119 112 114 4 68 19 49 175 98 111 100 102 60 35 84 86 59 145 81 66 138 72 85 74 87 354 355 362 363
142 134 68 49 170 53 159 51 81 152 26 56 37 167 60 20 84 164 153 112 38 146 85 66 150 119 100 45 98 79 145 73 63 116 357 358 365 366
72 162 49 85 87 100 28 89 133 146 26 71 35 152 73 20 14 132 145 134 4 68 138 53 30 45 60 31 167 88 156 354 355 362 363
150 86 152 114 89 4 138 87 132 66 111 175 73 54 88 170 172 112 31 46 119 149 100 68 49 53 79 164 28 13 26 141 37 159 357 358 365 366
46 30 133 26 84 130 119 132 68 31 112 114 116 63 162 175 164 98 111 100 13 170 159 51 172 35 88 14 145 79 4 149 38 131 353 354 361 362
51 156 164 85 98 153 87 144 133 30 49 45 28 130 66 134 68 31 54 56 111 19 38 60 170 172 112 167 88 353 354 361 362
156 37 60 71 133 14 59 85 66 170 119 149 172 130 73 54 86 116 146 114 89 74 134 68 102 358 359 366 367
134 153 73 54 88 146 114 4 68 19 49 38 132 28 13 175 164 60 71 35 84 63 131 112 87 167 119 30 149 162 45 357 358 365 366
86 71 141 35 20 138 38 116 131 66 30 60 79 73 159 172 119 63 167 88 85 149 162 74 164 49 153 87 144 13 354 355 362 363
26 35 145 81 28 149 30 153 74 87 89 131 133 4 84 60 119 132 59 54 164 56 111 49 170 38 19 31 352 353 360 361
132 54 164 153 146 141 19 102 53 145 138 37 175 20 59 131 112 159 87 38 66 100 130 30 45 98 357 358 365 366
28 145 81 85 131 133 146 71 73 4 68 112 114 162 56 111 45 100 102 170 38 172 84 31 35 352 353 360 361
145 13 56 141 71 162 20 114 84 59 146 4 138 38 85 130 73 54 63 116 175 131 112 31 74 19 49 53 357 358 365 366
19 30 74 87 131 146 60 141 130 53 68 167 4 114 116 63 54 56 45 102 170 172 84 20 35 79 81 352 359 360 367
60 152 162 49 53 89 144 133 13 56 37 35 130 119 66 79 59 138 116 63 131 164 111 100 159 54 353 354 361 362
35 13 20 81 149 85 4 74 89 131 146 30 71 141 130 119 68 112 116 162 54 111 45 100 352 353 360 361
63 73 45 112 54 167 114 116 31 98 111 159 172 49 53 141 13 88 56 79 20 85 74 87 59 133 38 71 353 354 361 362
153 138 102 13 71 152 14 59 131 87 38 66 119 149 100 30 45 98 79 159 73 37 31 114 89 164 357 358 365 366
159 20 114 144 84 112 4 87 98 88 152 175 116 146 172 74 119 138 53 167 111 56 141 37 162 71 164 358 359 366 367
56 88 38 79 138 85 144 54 133 73 141 130 119 68 49 114 53 116 162 175 164 37 98 100 102 20 172 14 152 353 354 361 362
14 102 172 84 31 88 81 85 89 131 144 146 71 73 130 66 114 116 54 98 45 100 352 359 360 367
102 164 38 133 85 66 88 114 131 175 49 53 170 81 13 37 152 112 167 20 355 356 363 364
13 79 81 74 87 89 144 146 71 4 73 130 119 53 66 68 167 114 54 164 98 111 45 49 38 172 31 20 141 352 359 360 367
30 4 175 164 98 111 45 100 81 149 138 85 87 131 146 71 68 352 353 360 361
4 98 100 146 38 84 31 152 141 79 149 85 133 73 49 172 59 54 352 359 360 367
89 144 74 146 68 81 114 84 116 164 87 111 100 66 170 45 79 54 37 31 355 356 363 364
170 84 175 59 131 87 38 45 73 88 141 116 31 144 74 68 49 53 111 20 358 359 366 367
20 172 84 31 152 167 88 79 81 74 144 133 71 141 119 68 112 59 54 98 49 352 359 360 367
37 141 88 79 81 138 74 131 144 133 73 130 119 53 66 68 112 175 164 98 111 100 38 84 352 353 360 361
100 114 116 38 164 66 172 73 152 112 31 162 138 68 144 133 141 130 84 355 356 363 364
138 49 53 144 152 114 84 66 111 130 79 54 88 133 167 149 119 357 358 365 366
164 87 38 111 130 45 88 152 112 53 98 172 114 59 358 359 366 367
116 85 45 130 98 119 73 54 175 49 53 172 111 71 149 162 356 357 364 365
54 119 114 31 172 79 81 87 144 146 73 130 353 354 361 362
172 131 112 87 85 119 149 45 98 114 144 74 68 49 81 358 359 366 367
111 149 162 144 98 79 133 146 73 141 68 49 53 175 81 119 152 112 167 356 357 364 365
162 53 81 45 175 152 131 167 149 73 88 146 74 358 359 366 367
85 68 49 131 53 152 112 167 88 38 98 45 146 73 130 114 354 355 362 363
167 71 133 84 112 66 119 149 130 79 73 31 114 68 38 53 358 359 366 367
59 45 84 79 74 144 146 71 130 119 66 112 114 38 175 353 354 361 362
175 66 149 130 79 73 88 141 146 31 114 144 74 68 53 81 71 133 84 358 359 366 367
45 38 84 152 88 79 131 133 146 71 73 141 130 66 353 354 361 362
130 131 31 74 152 144 112 133 146 87 38 141 119 98 79 356 357 364 365
84 31 88 53 87 131 144 133 112 66 73 354 355 362 363
114 146 152 73 31 74 81 149 66 356 357 364 365
112 79 73 88 31 149 68 49 144 146 87 356 357 364 365
119 88 131 68 53 98 144 146 81 356 357 364 365
31 73 141 53 68 98 49 38 152 81 74 131 133 352 353 360 361
73 68 71 79 81 149 38 98 66 354 355 362 363
66 98 53 79 149 133 71 38 141 68 354 355 362 363
133 74 68 81 144 87 38 79 88 131 357 358 365 366
146 68 81 71 87 38 152 79 149 88 357 358 365 366
49 74 144 53 68 152 88 353 354 361 362
81 98 71 144 38 79 74 152 354 355 362 363
74 87 68 71 152 149 98 354 355 362 363
87 152 131 144 354 355 362 363
152 88 149 98 141 357 358 365 366
141 68 38 131 149 79 88 357 358 365 366
79 38 131 144 354 355 362 363
144 68 53 131 38 98 149 357 358 365 366
98 53 131 71 355 356 363 364
149 38 88 68 357 358 365 366
53 131 71 68 38 353 354 361 362
71 131 354 355 362 363
68 88 354 355 362 363
131 38 88 356 357 364 365
88 38 355 356 363 364
38 352 353 360 361
189 264 319 266 185 200 321 334 268 323 257 270 191 183 259 195 197 320 309 322 256 186 298 190 245 300 313 302 180 315 236 304 251 293 227 178 229 350 299 288 301 343 303 237 181 292 347 239 281 294 336 228 349 338 230 351 272 285 232 221 276 289 210 331 223 344 188 267 269 203 216 337 182 271 284 326 339 260 273 328 341 262 275 196 209 352 359 360 367
264 306 319 202 183 236 211 312 192 288 245 196 226 345 220 305 224 281 294 283 296 180 285 263 214 340 287 276 289 261 212 193 278 291 333 346 280 206 187 335 348 221 251 337 284 286 328 219 275 343 253 277 279 198 228 179 258 209 321 334 268 338 177 207 314 327 241 186 216 250 267 309 244 195 225 313 302 204 315 227 304 208 317 238 355 356 363 364
220 331 223 344 278 291 217 346 335 348 181 269 282 337 215 271 339 260 273 328 341 262 275 330 277 319 266 334 255 184 323 270 312 325 197 212 316 329 263 265 320 241 254 309 322 243 185 298 245 313 183 236 249 304 238 293 308 207 231 233 246 288 301 343 303 224 237 292 195 347 239 281 214 296 178 230 204 340 232 208 287 342 187 289 353 354 361 362
331 201 265 235 250 310 184 214 278 229 289 178 312 223 344 193 227 257 238 346 206 187 202 232 191 221 266 217 300 341 215 343 298 194 328 309 209 347 273 303 284 288 318 188 252 282 233 286 316 267 246 231 182 291 333 295 225 240 285 204 185 219 249 302 253 283 234 313 317 228 258 311 262 243 211 192 326 207 196 226 241 271 222 358 359 366 367
182 224 294 176 349 296 217 338 351 285 219 232 342 276 223 333 225 346 280 348 203 337 350 177 205 218 339 273 328 222 343 211 279 321 213 334 255 268 323 215 257 191 204 325 178 193 314 327 329 250 263 318 252 265 199 320 254 201 322 243 256 311 181 245 258 300 192 247 194 249 196 251 179 293 185 187 229 242 310 231 288 235 303 352 359 360 367
224 342 212 276 289 206 278 187 225 280 191 293 221 269 337 350 271 284 273 262 275 277 198 179 266 207 188 218 257 270 325 338 222 259 314 327 274 186 216 197 316 250 265 320 176 309 311 185 313 315 249 304 202 213 238 251 306 319 240 253 295 308 242 255 192 297 215 312 246 190 201 290 237 292 305 294 349 283 214 230 351 285 353 354 361 362
213 328 204 275 330 319 332 253 187 202 334 268 310 325 246 259 314 327 261 316 250 263 305 190 318 320 254 309 322 243 298 311 203 184 300 178 249 306 227 348 206 229 350 242 191 284 297 286 233 288 301 222 235 194 226 198 209 281 228 217 230 272 285 219 232 274 287 221 344 186 278 333 225 267 282 324 216 337 258 271 326 210 260 352 353 360 361
328 236 266 217 247 311 348 181 192 326 350 196 275 339 226 320 341 260 190 305 235 299 288 318 199 334 347 252 282 233 336 248 178 312 340 231 212 342 276 206 240 333 270 315 335 300 200 230 298 194 279 198 277 228 258 209 207 188 218 286 316 197 310 295 325 195 176 278 259 289 304 204 185 257 238 253 344 232 317 357 358 365 366
232 341 199 277 203 214 332 266 279 321 334 268 197 323 336 231 270 312 206 314 327 191 316 318 265 307 185 219 230 254 309 322 256 311 324 245 198 228 179 300 260 317 207 188 238 251 293 240 295 308 299 301 180 195 303 345 229 305 347 239 296 351 285 187 202 274 342 234 217 278 181 215 196 335 348 326 339 205 286 353 354 361 362
341 266 319 300 181 211 192 215 294 245 275 226 298 309 273 303 254 205 199 252 282 233 263 286 231 291 242 193 351 295 325 187 191 270 323 304 334 200 348 302 253 283 194 350 317 198 228 179 258 239 311 262 343 256 237 188 345 290 320 347 324 305 201 335 186 246 250 329 280 180 225 248 229 308 259 204 336 321 272 202 358 359 366 367
226 267 178 348 269 337 284 206 187 273 221 275 330 343 277 200 334 194 257 312 325 198 209 259 314 248 207 188 318 222 254 309 322 186 216 197 243 311 300 176 249 210 304 317 251 306 223 185 253 295 308 208 297 310 244 202 299 233 246 217 288 301 235 290 345 292 215 281 294 349 283 296 351 274 287 180 203 214 278 291 353 354 361 362
267 294 307 241 190 201 265 285 235 250 287 300 342 180 276 214 280 293 178 335 348 223 295 242 193 337 284 339 206 187 286 221 251 330 277 345 321 230 334 245 268 336 194 270 260 325 338 179 239 274 329 237 252 203 233 322 311 324 326 302 195 176 240 304 255 306 319 185 308 219 249 297 253 299 217 247 192 177 256 196 355 356 363 364
245 280 293 348 282 237 218 271 222 273 330 332 345 279 244 268 210 336 257 270 338 204 259 314 227 208 261 316 329 250 263 252 265 322 181 192 215 196 258 326 315 201 249 262 205 317 235 251 319 199 253 180 299 178 246 231 242 248 290 292 221 294 349 283 351 285 298 342 276 289 344 198 228 179 209 239 278 346 354 355 362 363
280 316 329 260 190 201 307 273 254 205 235 322 180 311 252 263 214 313 304 231 242 193 306 319 187 295 251 310 312 288 219 290 253 234 198 277 228 179 281 294 262 243 283 256 207 218 300 241 271 222 342 289 265 216 197 291 333 269 225 337 350 278 339 286 223 204 343 257 345 202 183 334 323 336 247 338 181 314 327 355 356 363 364
324 344 177 237 290 241 320 271 222 201 186 216 205 235 299 199 184 214 278 312 293 193 208 287 238 321 272 202 236 266 217 296 319 281 200 215 294 275 351 298 194 279 260 179 239 273 307 288 218 252 203 233 297 350 246 261 291 242 306 206 176 240 270 332 210 345 323 304 285 347 185 336 253 283 234 198 277 342 311 243 322 357 358 365 366
344 201 343 303 254 205 337 318 199 180 252 203 282 286 297 178 231 261 212 291 242 295 276 206 187 346 251 323 304 334 285 338 249 230 253 332 283 317 198 277 228 179 311 322 347 326 177 237 290 320 271 301 335 186 246 269 299 333 225 327 278 312 342 293 223 185 287 238 296 247 330 192 294 196 298 279 309 339 358 359 366 367
217 218 214 262 212 332 193 266 279 334 268 257 312 325 314 327 248 329 200 215 318 307 320 179 209 243 313 177 188 315 236 249 304 317 238 251 186 308 242 297 310 195 231 244 299 210 222 235 185 303 237 292 239 183 228 283 296 230 285 219 340 211 287 221 342 234 278 291 190 333 346 205 227 282 271 180 352 353 360 361
218 256 298 211 300 313 234 215 302 315 236 249 304 190 306 205 308 229 199 284 244 203 299 233 288 301 222 343 235 290 193 237 279 347 206 281 336 228 283 296 230 219 287 276 265 333 225 346 179 207 188 275 317 186 197 277 332 253 266 321 334 268 180 310 257 325 314 261 204 250 208 305 239 307 202 320 183 254 352 353 360 361
289 323 254 284 325 314 327 199 316 252 282 233 286 307 231 242 193 309 322 276 206 187 191 270 221 302 315 274 285 304 185 219 230 306 198 179 258 239 301 256 207 188 303 345 241 271 292 186 265 246 250 340 244 195 248 229 259 210 223 333 346 293 257 208 272 350 202 326 247 181 211 192 332 321 334 260 190 356 357 364 365
323 293 204 227 208 287 321 272 202 183 266 296 247 311 181 211 351 215 275 190 273 303 254 205 346 288 203 282 214 350 178 312 261 212 291 193 295 306 332 270 251 347 274 255 285 349 325 338 230 327 234 194 198 228 179 239 292 243 335 207 237 320 271 286 316 186 197 330 250 314 244 195 176 278 229 308 357 358 365 366
201 210 223 278 333 346 214 186 269 282 203 216 271 180 260 273 315 184 262 275 317 209 178 319 211 321 255 310 202 244 246 314 181 250 263 239 196 252 320 241 247 188 236 291 225 238 306 240 295 308 284 297 231 299 233 191 301 343 277 345 185 279 334 281 349 270 338 198 272 285 274 287 329 221 192 177 352 353 360 361
210 257 270 312 205 325 327 199 261 250 203 263 305 318 178 241 254 309 243 256 311 258 187 247 191 236 249 304 251 293 306 200 295 308 350 242 297 231 244 179 286 299 233 246 222 343 290 303 177 188 237 292 239 294 215 197 296 351 285 195 176 204 335 227 348 269 216 271 326 260 262 277 211 332 266 321 255 352 353 360 361
327 349 244 248 229 308 340 259 312 342 293 223 257 208 333 236 315 247 281 211 298 190 303 254 235 199 180 233 184 263 286 297 231 261 212 242 193 295 325 306 187 351 240 270 221 255 285 200 230 283 234 313 194 348 277 228 179 209 239 337 262 292 243 256 207 320 332 186 197 347 269 250 310 336 357 358 365 366
349 350 286 316 312 261 291 242 193 295 276 306 340 187 304 219 249 253 234 194 198 277 258 209 343 311 292 307 256 207 188 241 320 271 222 301 186 265 216 246 197 299 329 310 314 244 225 278 308 259 293 223 204 185 227 208 238 268 347 300 330 211 192 351 260 190 273 254 284 348 288 318 333 252 233 263 214 358 359 366 367
223 321 255 205 336 325 338 199 259 272 184 250 263 178 265 212 307 320 254 322 311 258 300 247 302 315 219 200 238 251 306 295 198 229 209 242 297 310 231 299 312 233 177 288 301 235 222 237 292 305 347 239 294 228 283 351 195 234 278 227 348 337 350 271 326 339 286 330 215 343 319 266 190 353 354 361 362
247 326 339 243 262 330 207 277 332 241 266 279 321 257 270 314 244 195 225 176 248 261 316 252 204 307 254 238 322 256 311 183 300 236 260 302 315 181 192 251 215 306 253 295 190 205 235 288 290 233 184 347 281 231 212 283 296 206 187 298 274 287 276 219 200 230 335 348 234 337 271 284 198 239 354 355 362 363
326 262 181 211 256 196 320 271 301 190 265 254 269 180 314 203 184 263 248 212 193 227 257 187 321 272 191 221 315 266 300 281 249 230 215 294 234 309 346 198 258 239 273 243 288 318 237 252 222 297 330 343 186 216 197 261 276 306 244 195 240 270 304 255 204 185 238 253 283 333 202 183 317 357 358 365 366
206 288 301 222 180 195 303 345 292 239 281 204 228 283 296 338 230 351 285 274 342 234 276 291 212 333 225 196 335 269 216 260 273 205 262 199 330 343 277 203 211 321 334 178 336 257 259 314 250 263 305 307 185 322 311 300 313 198 179 302 249 251 177 188 350 242 310 186 231 244 299 246 352 353 360 361
288 187 272 270 342 251 236 266 255 285 249 200 335 348 194 279 198 339 239 273 343 177 252 282 286 334 347 336 265 216 246 197 338 244 225 329 259 274 185 322 238 268 277 262 304 181 306 319 271 308 321 310 205 269 301 199 184 263 214 248 278 305 307 212 193 227 257 298 356 357 364 365
266 339 273 257 208 330 202 332 236 279 321 281 181 325 196 272 314 260 190 274 329 333 180 233 311 178 313 231 302 315 304 306 240 251 295 308 310 249 200 230 299 312 301 198 239 292 305 307 256 237 296 351 285 298 340 265 216 246 250 291 195 176 293 348 248 259 337 271 204 355 356 363 364
339 296 346 319 281 196 350 279 303 254 205 284 235 337 282 263 347 316 178 231 340 295 276 240 221 304 334 338 219 302 332 234 317 277 228 179 258 239 311 177 256 207 237 188 290 271 222 301 186 265 216 246 329 314 225 248 278 229 308 312 293 204 185 351 257 336 287 238 268 321 272 342 202 358 359 366 367
178 347 294 215 336 228 283 296 338 230 340 287 208 265 225 269 282 271 196 209 277 198 319 211 332 321 255 268 257 325 259 193 184 239 307 199 320 254 309 322 256 298 190 258 179 192 313 234 302 315 291 251 293 185 306 240 295 242 297 231 244 299 180 301 222 290 237 292 352 359 360 367
342 284 180 203 282 233 184 263 297 276 306 340 321 240 251 334 319 219 200 230 253 234 313 298 198 277 258 262 243 307 337 256 207 237 290 320 271 286 316 305 335 186 246 250 310 248 308 259 208 287 332 272 202 317 348 236 350 311 300 330 281 211 192 215 294 196 275 309 260 190 358 359 366 367
282 283 296 351 275 279 300 190 273 346 335 348 203 184 337 350 286 261 242 193 276 332 345 240 191 221 321 334 274 336 249 200 340 253 234 316 329 228 209 239 262 333 322 311 241 222 313 186 246 315 304 317 306 319 244 195 176 248 229 299 312 227 238 268 290 183 305 236 307 281 355 356 363 364
283 233 263 214 306 319 212 193 297 310 299 312 187 240 221 290 303 255 292 305 219 249 294 307 234 279 351 298 198 228 179 287 300 262 302 177 188 222 335 265 337 350 286 244 195 225 330 259 332 274 334 204 336 238 268 338 272 236 316 215 196 309 322 260 190 254 304 355 356 363 364
215 293 335 227 269 216 337 193 208 273 202 222 277 345 281 257 325 338 259 261 274 316 263 252 188 254 309 256 212 249 195 304 317 251 319 253 310 231 244 299 183 235 290 292 305 211 192 177 307 196 190 285 219 287 205 300 221 276 199 236 278 333 225 346 184 214 352 353 360 361
293 194 279 338 209 254 284 243 316 233 222 320 333 322 186 216 197 231 261 291 195 176 315 304 274 255 219 249 308 321 238 253 234 310 202 312 198 314 262 303 211 192 256 196 347 290 271 294 307 296 298 235 269 250 199 244 184 259 242 227 208 287 272 191 221 343 200 356 357 364 365
180 272 285 176 287 208 263 276 278 199 216 258 205 260 273 315 207 275 196 317 251 198 319 332 253 308 268 310 202 244 257 191 204 246 261 316 197 318 186 307 320 254 296 188 256 192 236 249 291 304 225 238 185 306 348 295 299 301 235 279 347 281 294 336 228 270 230 352 359 360 367
272 330 343 184 277 214 229 259 281 336 257 268 325 338 187 340 236 316 329 211 320 333 309 194 190 311 209 315 304 317 203 233 263 306 319 308 176 191 270 251 303 292 305 204 185 294 200 285 298 183 258 243 192 278 291 256 237 346 241 271 222 335 348 265 246 250 273 286 199 355 356 363 364
259 336 225 270 338 261 204 185 329 227 208 238 318 307 183 322 181 211 313 315 317 306 235 295 310 299 312 233 214 290 303 345 212 242 193 292 294 187 251 351 285 298 255 340 249 276 234 194 179 258 348 337 350 284 237 286 241 222 330 343 216 246 250 321 268 354 355 362 363
336 345 312 193 257 287 268 202 340 315 319 281 275 298 190 209 273 205 318 188 286 297 231 261 212 242 295 176 240 274 255 334 285 204 230 332 234 313 228 258 262 292 243 322 192 256 207 237 346 241 271 305 335 186 216 337 350 269 299 329 310 199 195 214 248 358 359 366 367
300 337 350 177 237 188 252 330 297 345 186 216 197 231 261 291 334 347 276 195 225 338 240 270 274 255 329 219 318 208 268 234 320 333 183 335 262 211 315 290 190 269 250 312 203 233 184 229 316 227 257 287 187 309 351 191 221 251 281 302 230 294 275 194 258 356 357 364 365
337 330 181 211 192 294 196 275 254 205 348 235 350 199 252 203 263 286 316 297 343 345 193 347 187 270 251 338 274 334 340 200 302 234 313 298 194 317 277 228 239 262 177 207 188 271 222 305 197 269 299 250 310 333 225 176 278 229 185 227 236 315 351 358 359 366 367
212 345 237 347 281 228 230 199 285 274 221 234 278 333 193 346 214 269 216 350 191 271 284 273 286 277 319 332 194 279 334 209 257 270 177 207 188 316 329 318 265 186 307 254 311 258 313 302 236 204 317 251 208 306 295 202 183 229 242 231 244 299 246 181 211 192 301 290 352 353 360 361
231 237 292 347 294 307 219 241 230 340 234 278 291 346 335 348 271 216 273 286 275 195 176 279 334 268 281 257 270 208 261 316 329 318 252 181 192 333 196 190 260 302 315 249 199 317 203 306 184 295 308 255 310 244 227 299 312 233 191 303 353 354 361 362
237 256 311 258 313 260 302 315 238 251 230 253 295 308 242 297 310 244 286 301 207 345 239 294 186 216 296 197 338 351 298 274 195 229 278 291 333 346 204 185 335 350 271 202 330 181 192 319 332 279 255 257 199 203 184 214 318 307 241 309 322 353 354 361 362
233 221 285 340 274 276 219 200 278 194 335 348 273 188 275 222 330 277 216 197 279 321 255 270 204 185 250 263 318 227 208 252 265 307 202 183 309 322 243 256 311 302 315 236 317 253 295 205 308 242 310 244 299 235 248 290 303 292 193 305 241 353 354 361 362
347 312 261 193 306 340 321 191 270 221 315 255 285 319 200 230 234 313 298 228 209 239 273 292 322 256 188 241 316 186 216 250 325 244 195 176 229 304 185 257 208 253 332 183 317 236 211 192 196 275 260 305 335 303 269 329 318 333 314 252 263 278 358 359 366 367
312 274 304 255 325 338 204 185 340 253 329 202 277 258 292 335 181 192 177 196 241 313 315 265 205 330 235 269 250 199 244 184 214 278 229 242 227 187 221 251 294 275 194 279 239 273 284 348 207 350 252 286 186 261 343 276 332 195 225 357 358 365 366
205 221 181 278 225 346 196 214 335 269 190 271 284 260 273 207 275 330 184 332 253 193 187 314 248 329 263 305 318 265 241 254 309 194 256 311 258 313 234 302 315 236 304 240 308 242 186 297 244 246 301 195 343 235 345 239 204 294 296 351 285 183 287 352 353 360 361
221 286 246 199 235 203 345 281 294 193 351 285 298 340 234 276 291 333 225 346 219 200 227 271 209 330 207 279 334 255 186 216 325 314 329 250 263 305 318 307 320 254 309 243 256 311 202 183 313 315 236 181 238 306 196 253 295 242 190 297 310 353 354 361 362
296 203 263 214 286 330 343 197 261 295 334 176 191 325 338 255 285 314 249 200 316 253 234 194 209 239 309 322 262 256 241 271 222 317 186 265 216 246 297 310 248 229 301 303 227 257 208 287 305 202 307 351 298 281 211 340 294 196 260 190 346 254 284 335 356 357 364 365
268 277 319 279 321 227 270 202 183 325 314 211 318 196 320 190 309 322 311 235 199 302 203 263 304 317 295 308 261 242 297 310 187 299 240 191 301 290 303 219 200 351 198 179 209 239 298 274 276 177 256 291 241 265 246 197 269 350 250 273 286 248 330 343 355 356 363 364
277 302 319 181 297 260 190 303 273 235 305 199 184 263 214 285 298 197 193 276 176 270 348 274 255 295 350 284 230 286 253 194 228 179 332 345 262 334 192 256 188 338 222 340 246 316 329 250 320 195 225 309 229 311 204 227 257 355 356 363 364
345 242 227 287 187 191 251 315 281 200 230 294 260 198 228 258 273 303 318 177 207 188 252 222 316 297 216 197 261 295 306 195 225 240 274 346 285 348 204 219 350 238 302 253 234 313 317 181 211 256 196 241 305 265 254 284 269 299 199 314 244 278 229 358 359 366 367
203 181 351 285 196 287 234 276 214 335 348 269 184 350 271 207 193 330 222 343 187 332 191 255 270 314 261 194 208 329 179 265 307 309 322 256 188 258 315 197 236 304 251 240 253 195 176 295 297 244 185 301 290 303 183 292 305 239 294 228 241 352 353 360 361
330 202 183 315 181 211 192 332 275 334 309 260 190 254 235 340 199 263 214 333 261 193 325 276 240 191 270 251 304 200 230 298 194 317 228 179 209 292 243 322 177 207 290 241 320 265 246 310 244 225 248 278 308 204 227 208 287 238 358 359 366 367
350 200 298 279 351 260 179 307 252 286 216 246 197 261 291 325 276 195 270 255 334 285 338 302 253 332 313 183 198 292 243 322 211 192 256 207 241 320 222 190 305 235 269 250 199 314 244 214 229 227 208 187 321 202 251 236 358 359 366 367
187 222 292 179 228 230 351 340 329 346 322 214 335 269 258 271 194 275 317 209 211 321 255 310 257 191 204 325 314 261 303 316 263 318 239 252 307 309 243 298 184 192 313 302 315 249 291 304 238 295 308 242 176 286 299 352 359 360 367
301 322 240 270 311 274 249 200 230 315 234 304 317 319 198 179 258 262 292 177 256 207 188 290 303 186 197 305 244 195 225 351 248 204 227 257 208 238 183 335 348 281 181 196 275 279 190 284 235 321 334 325 252 263 297 316 329 242 193 318 295 356 357 364 365
177 243 256 311 179 192 260 302 194 183 317 185 306 253 229 297 310 244 299 235 290 292 305 281 294 338 285 298 219 287 234 278 291 225 269 216 271 273 286 207 262 275 209 222 343 211 200 334 255 202 193 248 261 208 329 263 184 265 307 320 254 188 309 352 359 360 367
243 207 188 304 186 197 251 306 253 295 308 195 297 176 299 246 204 185 290 208 238 281 202 338 351 285 181 340 192 274 287 276 241 291 333 235 335 271 273 193 319 332 334 255 240 191 248 261 200 230 316 250 263 234 318 194 320 228 179 254 322 311 354 355 362 363
263 338 351 250 176 291 273 286 236 275 343 319 332 196 279 270 254 325 199 316 329 214 265 307 261 309 322 193 313 191 302 315 255 304 317 219 306 230 308 234 228 258 239 262 303 256 241 222 294 186 197 354 355 362 363
285 310 303 292 305 240 191 251 340 287 219 200 230 253 234 194 291 228 179 239 335 348 188 286 241 222 265 321 225 325 314 329 307 320 202 322 181 192 275 260 317 190 306 319 254 284 295 308 355 356 363 364
286 307 275 260 179 209 273 346 254 284 348 188 252 186 197 332 334 225 274 338 340 219 253 234 318 228 262 322 181 311 256 207 196 313 241 190 317 319 308 321 214 248 229 314 242 238 316 292 305 356 357 364 365
240 299 200 246 234 248 290 198 228 292 305 294 307 207 188 351 298 340 287 216 197 333 346 195 225 348 269 229 284 204 185 208 238 275 343 183 279 334 181 257 270 196 329 250 320 199 254 309 214 258 313 260 193 317 251 191 253 295 297 310 353 354 361 362
299 270 274 255 318 320 333 219 230 234 311 198 239 262 304 317 256 319 241 308 321 186 265 216 246 197 269 250 314 176 303 248 229 307 185 208 309 183 302 281 181 211 348 254 284 199 343 184 297 291 325 295 356 357 364 365
284 281 196 279 188 184 343 319 197 276 325 176 314 270 316 329 274 255 318 185 219 249 230 320 234 179 258 239 313 262 302 315 192 256 207 241 271 222 308 265 246 250 244 225 248 278 229 290 292 305 204 193 227 208 238 298 340 287 355 356 363 364
198 302 238 251 183 319 308 242 310 192 196 235 248 190 292 281 241 184 230 298 340 193 276 225 191 335 269 216 273 207 209 343 179 332 279 255 257 270 314 261 274 208 329 197 250 318 307 320 254 309 322 256 260 352 353 360 361
302 228 179 258 209 306 262 308 321 207 271 222 314 186 265 303 316 305 307 244 195 225 274 257 208 202 183 236 348 281 211 192 290 254 235 332 269 334 252 248 278 338 291 227 333 270 322 219 249 313 315 298 194 317 356 357 364 365
242 219 200 230 281 294 338 228 179 209 340 274 278 333 346 241 335 348 269 216 197 271 225 176 262 343 229 319 204 185 238 270 202 236 181 192 265 196 320 235 260 199 249 304 214 317 306 295 308 193 246 191 354 355 362 363
214 340 274 265 278 199 333 225 184 348 269 271 319 332 253 321 334 255 200 325 194 261 209 329 250 305 318 307 320 241 188 309 322 258 313 234 315 249 291 251 229 185 208 222 343 235 202 183 290 279 211 192 352 353 360 361
194 304 251 306 227 295 308 192 297 343 235 290 303 279 281 294 351 274 276 346 348 216 260 273 207 190 262 275 319 332 253 200 334 255 202 184 204 325 246 316 329 305 197 252 265 176 320 254 309 298 185 258 236 183 352 359 360 367
304 228 258 209 239 262 188 241 222 307 186 265 246 197 269 229 204 185 335 238 236 281 211 192 275 190 325 338 273 254 235 329 318 333 309 322 261 291 276 313 251 249 230 321 253 234 356 357 364 365
207 258 313 181 315 236 249 196 317 190 229 310 246 222 290 305 193 281 294 241 338 230 298 340 274 287 234 278 333 225 227 179 216 209 343 319 211 332 186 279 270 325 248 250 318 252 202 183 352 353 360 361
294 295 261 291 193 219 200 253 325 179 258 340 262 316 329 256 320 290 241 222 186 265 246 311 250 244 195 229 204 308 185 321 287 183 314 303 281 211 196 275 307 279 260 190 298 273 254 252 356 357 364 365
307 186 265 216 197 261 291 250 295 276 306 346 244 195 176 229 238 183 292 192 338 196 241 320 199 322 311 315 193 287 191 270 255 310 281 249 200 230 316 228 303 309 252 222 356 357 364 365
179 181 315 236 249 251 185 229 290 279 292 239 281 228 338 351 219 340 274 278 333 225 335 216 260 262 317 209 321 334 202 270 191 314 195 316 329 250 184 318 320 188 322 258 192 313 234 352 359 360 367
181 273 262 275 196 209 343 319 211 255 325 176 193 314 195 316 208 250 197 318 265 186 199 241 188 309 256 258 260 315 317 297 310 246 235 290 303 305 239 281 219 340 234 276 291 333 225 335 269 352 359 360 367
270 257 292 305 236 351 196 278 260 291 190 254 199 184 261 279 334 281 176 191 251 338 314 316 219 249 230 318 320 228 258 322 313 256 188 241 265 216 306 269 295 308 225 355 356 363 364
228 315 236 317 238 251 193 306 244 246 248 290 200 303 209 241 351 287 188 234 222 278 333 186 216 197 176 262 275 185 332 227 279 321 183 257 325 211 192 318 252 265 258 184 353 354 361 362
200 185 295 229 244 183 246 235 303 239 196 190 338 351 219 274 208 199 278 348 269 273 275 209 319 211 332 253 321 334 202 204 248 261 316 250 305 188 252 320 241 254 322 256 311 258 236 238 251 352 353 360 361
260 291 346 335 348 211 192 271 222 273 186 235 250 279 244 321 334 325 338 314 227 257 316 202 191 265 309 322 311 313 209 239 254 306 308 188 252 216 197 290 303 225 351 204 185 249 287 354 355 362 363
291 190 305 209 239 197 176 274 204 249 230 343 183 321 258 325 338 256 290 241 329 318 265 216 320 250 199 225 311 184 248 278 193 317 227 257 208 287 238 202 295 308 297 310 211 196 303 356 357 364 365
219 253 199 184 310 244 246 235 193 290 303 292 191 230 298 287 276 333 346 227 229 273 275 216 197 343 332 279 195 257 325 338 185 314 208 329 318 252 256 211 192 311 258 196 313 315 249 317 352 353 360 361
253 249 306 319 321 310 314 290 222 305 186 351 298 199 244 184 229 227 208 238 202 236 275 332 334 281 209 325 338 340 261 252 316 329 318 197 254 195 176 251 315 185 354 355 362 363
256 241 315 250 244 195 225 295 308 297 204 185 314 183 292 305 236 211 298 196 340 276 278 346 199 184 271 193 275 332 321 281 255 325 261 316 329 320 333 354 355 362 363
234 238 251 255 310 244 197 248 292 176 191 185 287 276 346 269 222 262 275 186 216 343 332 229 338 261 274 208 316 250 202 265 320 322 196 236 249 209 317 353 354 361 362
238 319 332 321 255 325 261 222 329 250 318 320 309 322 225 176 229 313 204 317 227 251 202 183 295 308 297 244 211 246 196 290 241 351 298 340 184 274 287 276 333 346 335 271 275 353 354 361 362
255 297 310 185 202 183 292 305 196 298 241 340 276 333 346 199 244 335 184 248 229 271 273 343 251 279 236 321 257 230 316 318 265 309 188 311 258 313 197 317 195 306 225 319 354 355 362 363
297 249 230 298 258 209 239 346 348 188 241 271 186 265 216 246 269 343 332 195 334 248 229 204 325 257 208 287 183 236 281 192 309 322 275 279 190 315 273 317 252 310 314 295 276 303 191 305 356 357 364 365
274 310 199 314 248 290 292 305 227 257 191 230 346 335 348 209 295 239 252 275 279 216 197 261 334 195 225 316 276 185 318 208 320 333 183 311 313 211 192 319 321 269 250 355 356 363 364
310 316 249 209 311 292 313 290 222 319 265 216 269 225 248 229 308 204 193 227 257 287 202 340 211 298 279 309 335 190 254 235 199 184 332 261 276 325 338 251 357 358 365 366
186 197 318 265 199 320 241 190 313 315 236 185 306 295 308 183 244 246 290 303 292 239 230 351 298 287 184 346 335 227 269 275 191 204 314 248 261 329 352 359 360 367
197 305 318 239 320 309 195 176 306 227 348 183 192 290 190 292 338 184 329 276 193 278 225 346 322 191 271 273 209 319 334 246 314 248 261 303 250 352 359 360 367
258 192 317 188 244 303 248 229 204 281 351 202 183 287 211 333 346 196 335 190 273 262 275 252 184 319 332 321 334 193 314 176 251 316 265 249 230 239 313 354 355 362 363
249 209 188 303 292 305 216 281 351 244 176 340 287 276 204 185 278 227 202 269 273 211 192 343 332 190 279 321 199 338 314 329 318 252 193 320 309 317 251 306 319 354 355 362 363
188 298 190 192 315 236 176 295 308 222 343 183 303 338 351 340 208 265 333 335 184 269 271 275 196 319 202 257 246 193 248 195 316 305 318 241 254 309 322 352 359 360 367
311 313 241 305 216 319 246 269 244 248 278 229 314 185 227 257 208 287 236 281 211 192 196 279 309 346 235 199 252 184 332 193 276 191 338 329 230 318 333 209 262 357 358 365 366
313 262 319 271 305 216 246 244 195 225 176 248 308 185 257 287 202 236 346 281 348 196 275 279 309 273 303 254 332 199 334 252 261 193 340 306 329 318 191 239 357 358 365 366
209 315 236 202 183 306 227 295 308 192 229 222 343 235 303 338 351 340 276 278 333 346 335 348 269 271 273 262 275 321 325 329 250 195 265 320 254 322 185 352 353 360 361
315 262 292 343 290 334 325 338 250 340 244 248 320 333 335 208 202 281 211 319 196 275 321 298 279 309 254 235 184 261 193 176 191 230 357 358 365 366
269 316 329 196 333 254 199 248 261 308 321 251 236 314 303 230 292 239 351 287 252 222 278 346 216 246 271 244 273 229 204 332 208 334 202 325 338 262 355 356 363 364
316 250 295 351 195 176 278 229 185 227 257 208 211 192 190 334 273 254 235 184 340 333 322 191 251 317 319 321 262 292 222 305 246 357 358 365 366
241 254 309 176 262 317 251 204 185 290 305 192 196 298 235 276 199 346 229 193 208 275 191 279 321 334 230 281 325 338 239 320 333 353 354 361 362
254 222 276 216 246 250 335 225 271 229 273 275 204 343 227 332 321 183 325 211 261 318 252 184 295 308 191 230 303 281 287 354 355 362 363
318 265 216 246 244 195 176 346 308 257 208 287 202 236 332 334 211 325 338 279 309 273 303 235 329 333 184 322 261 295 306 319 239 271 357 358 365 366
202 262 275 343 185 321 314 248 192 208 250 252 190 199 317 251 306 295 191 235 292 281 230 298 276 348 271 195 176 273 352 353 360 361
262 183 317 192 306 308 190 235 199 305 248 193 227 257 191 276 236 348 295 271 273 275 343 252 321 222 334 325 338 340 244 225 176 229 204 185 208 354 355 362 363
251 303 279 281 222 351 298 216 287 250 195 225 335 204 271 227 183 319 332 334 211 325 235 199 309 322 191 306 185 230 354 355 362 363
265 246 250 244 248 229 204 319 196 290 303 190 235 298 340 252 287 276 278 261 346 176 191 273 275 343 332 281 325 338 192 355 356 363 364
321 204 208 332 334 281 290 235 322 278 261 193 257 276 191 230 309 239 273 252 222 216 346 348 295 244 176 229 357 358 365 366
176 246 193 314 248 261 195 250 184 239 309 183 225 227 348 308 222 343 290 279 292 281 338 230 351 340 287 276 278 333 335 216 273 317 191 325 352 359 360 367
246 252 185 230 183 317 306 295 199 279 244 225 184 281 340 227 208 276 278 236 348 211 190 275 235 343 334 257 248 354 355 362 363
305 333 276 322 335 204 306 308 290 271 235 351 248 193 346 257 208 287 348 236 230 343 275 332 298 239 273 303 340 252 356 357 364 365
216 211 252 320 309 236 184 306 191 222 235 239 230 298 346 335 227 348 271 273 195 334 204 208 257 325 329 250 352 353 360 361
250 244 195 322 204 183 236 306 319 295 211 303 292 248 351 298 340 287 346 191 273 343 239 332 257 261 354 355 362 363
329 314 244 225 229 257 208 236 319 281 211 298 279 190 303 199 252 184 295 325 276 306 346 335 348 230 183 317 292 332 322 192 290 357 358 365 366
222 309 322 191 236 308 229 244 292 239 338 230 351 340 204 183 335 227 271 192 275 190 332 279 199 184 314 248 353 354 361 362
225 190 248 252 320 184 309 322 298 193 191 227 295 229 185 235 290 303 279 292 239 351 278 346 208 317 334 257 353 354 361 362
183 196 317 211 334 325 314 261 195 239 252 199 320 309 192 236 185 227 308 229 244 235 279 281 230 276 278 333 346 273 352 359 360 367
275 335 348 236 192 196 343 190 332 279 325 338 314 261 322 317 306 319 303 195 298 248 229 276 185 208 346 355 356 363 364
204 257 185 314 248 261 309 298 308 184 193 343 235 290 303 279 281 230 351 340 335 348 317 195 352 353 360 361
236 273 343 279 281 257 338 261 320 333 309 322 295 196 190 244 314 248 199 303 292 239 351 227 287 276 271 353 354 361 362
273 346 196 295 190 184 261 193 340 191 333 230 309 239 319 244 290 303 227 298 287 355 356 363 364
211 271 332 196 257 190 314 184 252 320 309 322 317 306 290 292 281 338 351 340 287 195 346 335 227 352 353 360 361
319 317 343 334 290 271 190 235 199 244 248 278 308 322 335 193 257 191 351 261 276 306 346 348 357 358 365 366
257 332 185 208 340 261 322 235 317 252 306 248 227 314 290 292 351 239 335 348 295 271 244 354 355 362 363
332 279 309 351 199 252 184 261 193 348 191 334 239 338 340 290 271 314 195 248 229 308 358 359 366 367
335 196 290 320 279 309 199 184 306 298 351 292 271 346 348 295 325 314 244 195 248 229 308 343 185 287 317 358 359 366 367
185 191 314 303 252 309 192 306 348 229 290 292 351 340 278 199 333 346 317 352 359 360 367
190 278 271 196 191 248 261 195 252 320 309 317 295 244 235 290 303 281 338 230 287 276 352 359 360 367
278 338 235 252 184 320 333 261 193 276 308 314 290 303 351 298 287 244 248 229 346 295 227 343 279 196 355 356 363 364
227 279 334 338 340 261 252 320 333 322 191 306 308 244 235 192 290 303 351 199 346 348 208 343 353 354 361 362
276 235 292 199 298 340 261 191 348 230 239 343 279 252 338 314 195 333 309 208 317 355 356 363 364
199 208 195 348 271 192 196 248 320 322 298 306 295 308 229 279 292 338 352 353 360 361
298 346 252 348 195 325 338 340 292 192 333 322 290 271 235 184 248 308 314 281 356 357 364 365
346 309 343 303 235 252 348 193 325 334 230 292 322 320 271 333 229 208 287 340 192 358 359 366 367
196 343 325 314 248 261 208 252 309 317 308 244 290 281 338 230 195 340 287 352 359 360 367
333 340 235 314 248 308 193 279 309 239 252 351 295 325 244 348 343 292 281 338 320 358 359 366 367
340 314 184 248 308 287 191 279 309 239 292 322 252 271 334 338 208 192 358 359 366 367
292 191 306 314 239 290 271 229 287 343 334 192 279 235 320 252 184 309 356 357 364 365
192 334 193 195 320 306 229 184 343 290 279 338 230 287 208 322 352 359 360 367
252 351 287 229 348 295 208 271 334 325 184 322 191 308 239 303 354 355 362 363
351 193 325 191 334 317 322 290 320 244 195 248 229 208 287 281 309 343 303 358 359 366 367
287 325 338 193 320 322 230 239 317 306 314 244 281 295 279 343 235 356 357 364 365
348 309 303 235 184 261 193 295 325 338 239 290 271 195 248 229 308 208 358 359 366 367
338 308 208 279 239 261 343 295 195 334 314 358 359 366 367
235 334 325 248 261 195 229 208 306 308 343 303 279 281 353 354 361 362
314 195 229 281 317 248 306 191 230 279 239 343 357 358 365 366
343 281 230 279 303 261 195 191 290 271 229 193 208 358 359 366 367
184 230 317 334 191 193 195 320 309 322 306 295 308 229 244 290 303 279 352 359 360 367
230 295 308 290 191 271 334 229 320 309 353 354 361 362
309 295 195 308 325 320 322 191 357 358 365 366
281 193 191 334 325 279 320 322 317 195 306 248 355 356 363 364
306 239 290 195 208 325 303 261 317 295 308 191 356 357 364 365
295 239 208 334 320 308 191 356 357 364 365
239 308 244 303 279 195 271 193 208 334 325 353 354 361 362
195 248 317 193 208 191 325 352 359 360 367
308 325 320 290 229 303 193 334 357 358 365 366
193 271 317 334 248 261 229 290 352 359 360 367
244 261 322 229 208 271 334 325 354 355 362 363
317 271 229 303 334 325 261 320 357 358 365 366
208 279 261 320 229 248 290 352 353 360 361
279 322 191 290 303 248 355 356 363 364
271 322 191 248 325 320 355 356 363 364
322 229 303 191 325 357 358 365 366
290 303 248 229 261 320 356 357 364 365
325 303 191 320 357 358 365 366
320 248 303 191 357 358 365 366
303 334 261 356 357 364 365
261 248 229 334 191 354 355 362 363
229 248 353 354 361 362
248 191 354 355 362 363
334 358 359 366 367
191 352 359 360 367
352
353
354
355
356
357
358
359
360
361
362
363
364
365
366
367
