#/usr/local/lib/python3.10/dist-packages/colab_kernel_launcher.py -f /root/.local/share/jupyter/runtime/kernel-2b515d16-c871-48c9-ad2b-cd6ecd503099.json
# GMT Thu May 23 10:13:57 2024
# 
36 71 38 51 30 11 14 50 28 9 15 62 52 65 42 13 64 41 54 44 23 26 53 10 66 43 24 27 8 45 18 57 70 47 5 37 16 19 0 22 3 69 33 46 59 20 34 146 147
71 66 17 39 69 53 34 30 11 14 25 47 9 1 31 61 42 64 15 29 59 51 32 13 65 46 23 56 7 40 70 54 57 38 60 18 35 68 19 49 22 3 33 63 55 6 148 149
28 67 22 34 47 6 17 37 20 69 46 49 11 58 14 61 25 12 70 15 60 63 40 30 13 39 52 29 4 51 7 64 41 10 31 21 44 24 8 53 43 33 18 68 5 0 145 146
67 9 1 31 61 42 64 15 48 29 59 60 32 13 56 7 10 40 24 54 55 27 57 8 38 39 41 58 2 5 35 16 19 49 22 52 66 17 51 53 34 65 70 14 44 25 148 149
29 32 68 45 18 57 70 47 37 5 19 0 69 49 20 58 48 61 60 63 40 30 9 1 12 15 62 42 13 64 41 54 44 23 4 26 66 10 56 33 21 8 65 55 145 146
32 55 13 45 35 57 34 47 23 4 7 69 21 22 59 24 6 39 8 20 61 51 18 30 50 19 0 3 15 62 17 52 65 42 41 54 44 25 26 43 10 56 46 27 145 146
8 9 51 64 54 31 44 21 11 53 66 20 10 23 68 45 35 57 34 47 37 14 69 46 49 26 58 48 1 61 38 18 70 60 63 17 62 39 52 4 19 7 144 149
9 44 57 34 11 47 24 14 69 46 23 13 5 16 68 58 0 48 3 61 38 6 70 37 27 40 52 1 51 64 41 18 21 63 43 20 10 65 55 45 22 35 144 149
11 14 7 56 69 59 13 49 26 16 58 48 25 61 70 60 2 37 4 5 27 3 6 39 19 51 64 54 31 21 63 66 43 0 20 1 33 23 44 34 47 24 144 149
14 24 1 69 46 12 59 49 26 16 13 60 50 63 40 17 7 30 10 62 52 42 19 54 31 2 5 53 43 56 0 33 6 55 68 45 35 25 34 47 144 145
68 59 51 13 46 23 25 26 56 7 10 40 21 27 57 60 41 2 5 16 19 0 22 33 55 6 66 17 39 20 50 53 69 30 44 47 1 61 42 45 48 148 149
21 64 31 10 53 66 43 33 65 18 22 35 2 5 16 19 44 57 3 47 17 20 56 46 58 48 61 38 70 12 15 37 50 27 40 62 39 42 4 51 144 145
64 54 27 70 58 18 5 16 19 0 22 52 33 17 39 20 50 53 30 44 25 47 1 31 61 12 42 15 45 48 59 51 62 13 23 26 56 37 148 149
41 42 24 38 39 53 18 66 43 56 2 5 35 19 0 22 33 58 6 17 20 34 70 47 30 69 46 49 1 31 12 15 48 51 60 63 62 37 52 65 146 147
42 44 18 69 4 46 35 16 49 19 0 22 33 17 39 61 20 34 60 30 25 62 51 13 54 63 66 43 56 7 37 10 40 65 55 24 45 146 147
33 38 4 26 7 63 10 24 27 62 39 52 51 18 54 5 53 22 3 20 65 55 45 35 57 34 47 37 1 31 12 69 46 15 49 13 145 146
38 6 17 51 54 34 53 66 43 56 25 65 1 31 12 47 46 23 26 7 37 10 24 48 27 61 70 60 50 63 40 18 35 16 39 52 19 0 3 146 147
25 34 17 56 46 59 26 58 48 61 12 70 24 60 37 50 27 40 13 49 62 23 4 5 7 51 31 66 65 18 55 2 45 35 16 0 57 145 146
34 1 31 58 48 15 61 40 23 4 62 39 26 52 7 10 44 53 56 2 5 65 0 22 3 35 6 17 70 47 69 46 49 145 146
44 47 12 43 27 69 46 59 49 58 48 61 18 51 4 5 35 7 50 63 3 62 30 16 0 1 31 53 15 13 65 55 57 70 146 147
47 57 70 31 12 49 13 46 61 51 7 37 60 10 63 43 24 27 52 18 2 5 19 0 22 53 6 56 17 39 146 147
10 54 4 66 7 56 23 13 65 55 45 22 35 24 37 69 49 26 39 6 16 15 51 18 50 27 63 17 30 1 62 52 144 149
54 40 43 66 56 18 65 2 55 5 16 19 0 22 52 3 6 57 70 20 69 59 30 61 1 31 12 15 48 60 63 46 23 4 147 148
3 15 5 70 50 27 63 40 17 7 1 62 39 52 6 19 51 20 56 23 65 55 45 22 12 57 2 4 69 59 0 13 49 26 16 58 144 149
15 6 57 70 49 26 39 16 48 12 51 18 13 50 27 40 17 62 4 19 66 43 20 56 23 2 5 65 45 22 58 0 144 145
22 13 60 50 63 40 53 30 52 7 31 43 2 16 55 19 0 58 35 6 17 20 57 37 27 69 59 49 1 144 145
24 31 1 12 53 43 56 65 55 45 35 23 4 57 69 46 59 49 26 2 48 61 5 51 16 60 6 27 63 20 30 62 39 145 146
66 23 7 37 27 57 60 58 18 2 5 35 19 49 0 52 63 55 6 17 39 20 50 53 12 48 69 51 62 13 65 46 148 149
13 65 55 45 35 57 12 69 59 58 48 61 4 7 70 50 40 6 30 62 52 51 53 43 20 56 144 145
65 58 70 40 52 53 18 2 19 49 1 31 63 17 48 20 50 62 30 56 61 12 43 45 57 59 148 149
16 70 50 27 40 17 62 39 52 19 1 51 18 31 53 43 23 4 7 55 45 35 56 46 59 2 49 26 58 144 145
70 0 63 45 59 51 62 26 56 40 43 27 57 23 4 35 7 37 55 6 39 69 20 50 18 148 149
55 61 46 63 4 26 37 40 27 18 2 35 49 0 52 6 39 20 50 53 57 60 30 1 31 45 48 147 148
61 17 20 50 69 1 31 12 45 48 59 51 63 62 23 26 40 43 57 58 2 5 35 19 0 148 149
57 31 48 46 23 56 58 37 40 27 69 59 5 35 19 0 52 17 39 60 53 63 62 147 148
59 30 1 31 45 69 48 51 46 23 26 37 60 63 27 62 58 18 2 5 49 6 17 39 20 50 53 147 148
5 60 50 17 30 7 52 31 1 53 43 20 56 23 45 58 12 37 69 46 39 2 18 144 149
60 35 19 49 0 6 17 20 50 53 30 1 45 69 23 4 26 7 37 40 43 27 39 58 18 2 148 149
17 2 0 50 27 6 40 30 39 18 31 1 43 56 45 4 37 69 46 26 144 145
45 23 69 46 26 7 40 48 51 2 62 19 0 52 6 53 30 56 1 31 12 58 146 147
48 58 39 30 69 49 1 51 46 50 63 53 4 26 37 62 52 40 27 18 35 19 0 147 148
58 62 46 26 56 40 12 43 27 4 7 52 69 39 53 30 2 19 63 1 31 147 148
40 35 0 53 43 20 30 1 12 69 46 49 23 26 7 37 50 63 27 146 147
2 27 30 62 39 52 6 51 31 63 43 20 56 23 35 0 37 4 69 49 26 1 144 149
27 6 20 43 56 46 1 12 37 49 51 26 7 50 30 62 18 145 146
51 6 39 30 49 1 31 46 63 53 26 52 23 4 35 147 148
35 50 63 62 39 52 23 4 7 18 0 6 37 20 46 1 31 12 145 146
1 4 49 18 50 30 7 0 53 43 56 12 144 149
6 18 50 63 30 7 0 52 19 31 43 46 23 12 37 4 49 26 144 149
39 18 50 19 53 0 31 20 30 26 12 4 69 49 146 147
31 69 49 19 0 50 62 30 12 53 56 4 26 7 145 146
7 63 53 43 20 56 12 69 49 26 50 4 62 52 18 144 149
50 19 49 0 63 62 12 53 46 56 26 37 43 18 147 148
62 19 52 69 20 30 12 46 23 4 26 37 43 148 149
69 30 12 23 26 56 37 63 20 148 149
4 63 30 43 0 12 56 46 23 37 49 52 19 18 144 149
63 19 49 52 20 53 30 46 56 12 43 148 149
43 23 26 37 56 46 19 0 20 30 12 52 146 147
0 37 52 19 30 56 46 26 144 149
12 37 46 26 30 52 19 18 53 20 23 144 145
23 53 56 37 18 46 49 26 19 30 52 144 145
53 26 37 18 19 49 52 20 147 148
30 49 20 56 26 37 145 146
19 52 20 37 46 49 26 144 145
56 18 49 52 20 147 148
20 52 18 37 26 144 145
46 37 52 18 146 147
49 52 37 18 147 148
37 18 52 146 147
18 26 144 145
26 145 146
52 147 148
89 130 120 97 100 88 142 72 132 99 112 102 134 111 124 114 83 123 136 113 90 126 93 73 125 115 92 128 137 127 140 117 107 76 79 139 116 82 119 96 80 141 118 131 108 121 98 144 145
130 120 134 122 123 104 137 106 118 136 83 116 97 128 100 82 114 99 129 113 140 76 77 107 94 126 141 78 108 131 80 110 111 92 133 90 102 88 132 119 121 135 73 103 75 117 147 148
100 139 129 106 119 78 109 92 118 131 108 83 120 133 97 73 122 112 102 85 134 111 101 114 76 98 123 79 113 126 103 99 125 115 105 137 90 127 104 140 117 74 107 91 72 145 146
139 81 103 84 114 136 117 120 143 131 132 134 85 95 76 98 128 109 93 126 127 99 80 110 111 113 107 88 91 72 124 105 135 108 138 140 92 122 123 125 142 86 116 97 119 148 149
80 81 136 113 126 116 92 82 95 74 137 77 127 104 140 94 107 84 75 106 119 96 109 141 118 131 85 98 88 143 120 97 110 87 90 142 99 135 112 102 134 124 101 76 144 149
81 116 129 106 83 119 96 86 128 141 74 98 77 88 140 72 143 75 97 110 87 78 109 122 112 121 101 91 123 136 126 135 125 138 115 82 137 114 79 127 104 117 94 107 84 144 149
72 77 142 132 109 122 99 134 111 78 114 91 136 113 90 126 103 135 138 92 105 95 137 104 140 94 107 84 74 129 106 119 96 73 86 128 118 108 85 88 143 120 87 144 149
77 75 99 112 124 101 114 91 104 136 113 126 103 116 93 83 128 105 95 137 127 117 94 84 97 129 106 142 96 109 86 118 131 121 88 78 143 133 110 74 87 123 90 144 149
83 86 79 128 82 118 131 85 121 98 120 110 142 132 109 122 76 99 112 75 134 124 91 123 136 113 90 103 93 135 125 115 137 104 140 94 107 84 116 129 119 96 144 149
86 141 118 84 108 121 98 88 143 120 133 87 123 90 132 122 76 135 102 82 134 111 104 136 113 116 93 74 125 115 92 105 95 78 127 140 117 94 107 97 106 119 144 145
93 136 79 113 126 103 82 135 125 138 115 105 137 90 104 140 88 91 96 78 128 141 118 131 108 121 98 120 97 133 73 142 84 132 87 109 122 99 85 124 101 123 144 145
136 115 96 129 110 142 141 90 74 107 91 143 121 94 75 135 78 108 111 122 102 116 97 119 73 103 84 114 87 101 131 134 76 128 79 109 112 148 149
113 114 96 99 110 116 125 90 74 107 91 140 75 117 105 78 129 141 121 73 103 87 143 120 133 101 123 132 135 95 98 134 79 109 124 82 137 146 147
114 129 119 90 74 141 76 118 107 91 94 75 105 78 143 111 133 142 132 122 103 84 87 101 123 104 85 125 115 95 98 109 82 112 137 127 117 110 146 147
105 110 132 76 98 122 79 112 96 99 111 124 123 90 116 74 88 91 125 115 75 92 127 117 107 102 129 106 73 103 84 131 108 121 104 85 143 120 133 145 146
110 78 108 123 92 126 106 115 102 128 97 73 127 140 117 101 85 129 119 141 118 76 98 79 82 143 120 133 132 122 135 112 134 111 124 94 75 146 147
82 126 116 125 138 115 79 92 95 85 140 117 94 107 84 129 106 142 96 74 141 118 108 121 88 143 87 123 90 132 122 99 135 102 73 124 91 144 149
126 115 96 138 128 90 137 74 140 107 91 121 94 75 78 108 111 142 122 106 141 131 116 143 133 73 87 117 101 104 118 134 95 98 79 109 147 148
74 122 112 102 134 124 78 123 103 125 138 115 92 95 137 127 140 117 94 84 116 129 106 76 141 108 85 121 98 88 143 120 133 87 142 144 149
122 143 88 91 121 123 94 75 78 132 124 102 116 103 87 120 104 85 125 138 128 137 127 140 95 76 98 79 109 112 99 142 147 148
75 87 135 112 102 79 73 134 101 78 91 103 138 115 128 127 104 94 84 97 129 106 96 109 76 141 118 131 108 85 121 98 88 143 120 144 149
87 97 78 129 106 119 118 108 121 111 88 73 84 133 123 90 85 132 135 112 134 124 76 91 103 116 138 115 92 128 95 140 107 144 145
138 143 76 98 128 109 112 115 96 99 132 107 91 121 94 124 135 127 78 108 111 92 125 106 140 116 97 133 117 120 101 141 131 104 85 137 118 148 149
143 111 92 125 106 102 116 97 133 117 101 104 134 85 137 118 95 79 109 142 115 129 90 107 140 91 94 124 127 78 148 149
85 137 104 140 117 94 107 129 106 109 84 131 108 121 98 88 133 79 142 99 135 112 102 134 111 124 91 123 73 92 95 144 145
137 140 95 76 109 94 124 78 141 111 125 90 107 88 91 121 73 135 120 92 123 104 106 118 102 116 97 133 129 131 148 149
88 142 132 109 99 102 134 111 124 101 91 84 90 125 115 92 95 127 140 94 116 129 119 96 128 141 131 121 97 133 144 145
142 119 73 103 101 131 123 104 97 84 115 96 129 76 107 79 109 140 91 121 94 124 127 78 108 141 92 106 90 102 116 148 149
108 120 133 123 102 132 135 112 73 103 84 134 101 124 95 76 128 96 99 140 117 90 129 119 109 131 111 92 106 146 147
120 111 92 106 102 116 131 97 119 121 103 84 101 133 123 104 118 132 125 95 76 98 79 109 115 99 128 91 94 147 148
127 133 104 118 135 95 76 79 109 112 115 96 99 90 128 107 91 121 94 111 125 129 132 102 116 141 119 73 84 101 147 148
133 111 92 125 106 141 102 116 97 119 73 103 84 123 118 134 98 128 109 115 96 99 129 132 107 91 94 148 149
97 128 118 131 140 84 96 132 99 134 111 95 79 123 91 103 94 78 92 125 102 104 117 107 73 116 129 145 146
79 125 115 78 104 140 117 94 107 116 106 119 109 141 118 131 121 98 132 112 102 134 111 124 101 91 123 90 144 149
104 119 95 109 76 141 94 131 96 78 92 90 102 135 112 73 103 134 116 98 125 128 84 99 145 146
115 116 95 109 112 96 128 140 90 129 119 107 91 94 141 121 106 123 132 135 84 101 134 124 146 147
107 132 101 135 112 134 111 96 125 90 140 117 94 119 109 92 106 118 121 73 84 145 146
132 91 121 94 124 78 92 123 125 106 102 119 73 101 131 141 76 98 112 96 99 111 135 148 149
116 112 84 99 141 118 131 121 123 76 109 91 78 111 106 102 103 128 117 146 147
129 73 117 101 123 118 76 140 98 128 109 112 96 141 131 121 78 111 92 125 135 102 147 148
119 73 103 84 141 131 101 121 118 123 95 76 98 112 135 96 124 91 78 128 111 140 102 146 147
78 123 90 99 135 112 102 134 124 101 91 103 128 118 140 84 76 131 98 111 144 149
111 90 135 112 91 73 103 92 102 99 101 140 117 76 109 96 131 121 146 147
103 106 96 99 118 121 90 123 94 135 92 112 134 124 73 84 128 140 117 95 76 98 145 146
112 125 94 128 106 117 73 84 141 118 131 101 95 98 135 99 124 90 146 147
96 73 125 128 140 117 95 76 106 109 131 98 123 91 99 92 102 134 124 145 146
106 73 101 76 134 98 124 99 125 90 128 140 117 92 141 118 121 145 146
134 90 91 94 124 141 92 102 73 84 117 101 131 118 95 76 109 99 148 149
101 90 109 91 141 94 118 131 92 123 135 102 73 84 124 95 128 99 145 146
123 90 102 131 121 73 118 135 125 124 99 128 94 147 148
92 76 99 102 124 90 73 128 95 84 109 141 118 131 98 144 145
84 141 131 98 76 124 91 90 135 125 128 140 94 144 145
76 135 125 73 117 94 95 131 98 140 109 99 121 144 149
135 109 91 121 124 125 73 117 118 95 98 128 99 141 148 149
109 125 140 117 95 141 99 131 90 124 146 147
73 131 121 90 99 102 124 95 140 117 94 144 149
140 95 98 128 124 125 141 117 148 149
99 91 118 117 141 121 95 125 102 145 146
95 125 128 117 141 118 131 98 91 94 102 124 144 145
125 98 94 90 121 128 102 117 141 131 147 148
102 141 118 91 94 128 98 117 145 146
117 141 118 131 98 121 90 124 94 146 147
91 90 128 94 118 98 144 145
128 90 131 121 124 118 147 148
141 131 118 98 121 94 148 149
94 124 98 144 145
118 121 124 90 146 147
121 98 90 131 147 148
90 124 98 144 145
98 131 124 145 146
131 124 147 148
124 147 148
144
145
146
147
148
149
