#/usr/local/lib/python3.10/dist-packages/colab_kernel_launcher.py -f /root/.local/share/jupyter/runtime/kernel-dea7114a-48f2-47cd-9840-9590734c419b.json
# GMT Thu May 23 17:22:16 2024
# 
13 88 78 110 123 77 67 102 69 82 124 16 104 25 38 136 126 5 7 106 27 8 128 105 85 19 84 51 54 31 129 119 96 109 99 89 43 131 23 280 281
88 108 98 107 110 70 21 73 8 89 38 60 71 58 5 35 19 49 22 3 63 135 112 72 34 86 67 114 104 84 30 126 28 139 61 12 29 105 287 288
24 97 87 31 44 129 12 99 89 78 55 32 23 110 4 77 67 21 37 112 92 69 127 18 104 94 136 16 139 116 93 27 17 105 29 42 107 11 120 281 282
97 38 60 136 115 105 19 49 82 55 6 17 39 53 129 128 11 108 25 98 9 80 61 42 130 75 110 29 81 65 95 79 23 121 26 7 111 70 288 289
43 110 64 23 7 37 122 40 21 56 124 58 18 136 103 80 70 112 82 17 72 39 49 34 127 81 117 51 129 73 28 63 31 118 52 130 107 74 283 284
110 118 45 87 58 70 22 101 85 8 134 124 18 103 84 2 35 135 19 1 31 115 33 66 137 46 98 79 109 30 139 116 9 61 290 291
36 71 84 61 126 139 116 129 60 138 12 118 15 52 107 44 4 26 76 89 131 121 98 134 111 101 78 55 68 133 100 103 5 37 19 125 69 104 81 282 283
71 117 50 107 34 74 87 86 76 89 47 28 78 51 32 123 46 100 90 80 135 23 26 115 56 70 27 8 104 81 60 94 139 2 35 108 63 286 287
55 84 32 63 23 128 108 10 40 65 38 74 64 119 109 76 112 19 134 22 91 68 39 136 80 93 11 102 92 105 25 127 45 94 48 29 284 285
84 72 53 137 67 114 93 49 1 96 33 64 128 20 50 118 95 32 34 30 14 44 28 10 132 12 73 89 100 136 40 70 21 135 287 288
107 131 108 57 41 91 132 16 122 0 101 82 63 39 98 123 44 47 138 42 94 75 48 93 65 77 79 96 23 119 56 89 73 54 289 290
131 79 124 26 37 70 87 41 102 86 138 116 100 130 117 5 139 66 127 20 51 111 34 95 30 96 129 47 9 1 12 15 75 106 120 46 292 293
46 121 101 78 11 14 44 123 100 113 57 79 49 94 4 48 37 139 93 129 83 60 96 39 41 128 118 85 2 64 3 119 132 17 122 66 283 284
121 128 73 38 132 60 90 74 105 5 35 16 19 0 136 85 17 72 135 34 103 14 28 1 31 126 64 15 139 45 75 59 32 111 62 95 291 292
6 48 51 126 18 106 60 40 2 138 7 95 108 1 62 9 120 87 64 31 132 76 89 33 78 91 45 35 133 25 80 57 115 5 137 104 81 94 280 293
48 133 20 123 113 80 30 11 92 14 59 47 9 15 60 96 63 53 138 105 118 95 7 37 62 10 120 38 41 64 119 122 89 124 22 283 284
57 130 47 1 42 45 51 86 66 111 23 68 26 37 10 123 90 67 103 27 38 70 41 125 92 69 18 124 114 127 5 104 16 0 73 25 284 285
130 123 91 124 16 19 82 63 99 102 34 116 100 103 117 25 28 132 12 42 64 94 45 75 32 114 65 109 133 26 56 10 70 21 135 292 293
9 90 44 112 56 124 101 3 15 93 70 60 73 50 138 117 64 41 18 31 119 109 86 30 108 98 111 65 78 7 22 123 100 77 280 293
90 81 32 119 132 122 79 112 56 124 37 21 73 54 76 8 38 136 74 135 102 18 68 117 3 85 66 17 129 83 96 67 138 11 98 288 289
49 126 139 83 11 118 72 28 85 52 15 32 64 132 109 86 25 40 21 101 78 68 8 113 135 69 82 59 19 127 104 81 94 136 283 284
126 86 67 98 30 11 28 31 134 61 12 94 75 29 59 81 32 62 93 124 128 26 70 54 127 27 72 122 18 103 2 16 68 291 292
68 139 108 85 7 40 21 27 119 86 99 76 89 79 124 101 91 19 0 133 66 39 103 50 70 34 67 125 102 127 81 94 31 285 286
139 52 3 33 39 72 34 86 136 14 44 47 0 80 12 81 32 62 114 98 96 26 56 7 54 60 134 35 16 292 293
21 64 7 109 99 8 76 66 108 111 2 77 19 0 80 112 79 134 137 114 91 81 58 94 14 116 12 50 30 75 42 281 282
64 67 38 135 115 82 104 81 0 52 3 63 20 50 96 53 11 28 12 15 77 29 51 62 23 7 37 10 285 286
33 38 103 106 23 63 118 85 62 39 75 42 18 54 5 86 19 89 56 65 45 100 77 34 47 14 28 125 1 31 29 32 91 58 61 282 283
38 120 74 87 20 99 53 11 65 113 44 82 23 59 26 10 114 81 103 116 70 83 138 2 95 108 16 75 0 282 283
25 34 15 17 56 92 69 91 104 11 58 61 10 106 83 73 128 105 118 29 127 117 94 7 51 87 54 63 66 45 133 44 281 282
34 1 29 116 106 83 128 95 4 75 74 87 54 18 56 65 22 45 123 77 20 67 80 122 135 112 30 14 282 283
102 137 47 80 61 12 42 116 129 15 94 29 51 95 98 10 89 40 54 8 58 111 124 5 35 133 22 103 52 3 69 125 100 289 290
137 132 122 11 136 117 14 12 78 59 81 32 92 114 95 128 109 4 129 56 8 138 87 93 77 91 124 5 19 52 82 17 69 20 292 293
94 133 39 20 135 112 30 115 14 44 1 31 42 45 81 129 70 27 120 8 91 4 5 35 101 3 288 289
133 127 81 111 23 4 37 27 118 41 77 105 2 16 22 85 115 66 39 69 20 53 132 134 83 114 116 30 11 44 61 292 293
74 75 27 77 86 2 76 35 79 52 3 51 100 136 30 135 112 115 92 47 82 31 42 15 29 59 65 93 26 56 37 10 286 287
75 4 112 79 92 82 17 114 69 20 127 50 83 96 105 1 31 118 42 119 76 89 10 98 27 8 101 60 286 287
39 117 61 83 50 86 16 63 31 118 62 52 77 30 99 28 27 78 91 58 100 23 37 115 92 105 59 72 8 282 283
117 69 135 99 72 53 138 83 113 116 100 5 35 3 51 81 111 114 65 67 120 31 61 106 59 134 10 136 101 54 290 291
32 78 58 136 113 80 70 47 37 69 82 59 114 127 104 18 93 106 19 105 85 119 122 99 76 26 10 282 283
78 62 123 56 7 10 82 70 76 27 114 60 41 93 106 3 85 98 69 87 11 109 86 44 28 1 31 101 286 287
4 96 109 76 30 66 20 1 22 120 12 87 100 122 92 58 103 116 70 106 60 50 138 118 95 51 41 18 54 8 129 280 293
96 99 19 85 111 8 50 72 123 14 125 138 105 31 61 3 15 45 17 65 116 73 98 76 87 77 58 109 288 289
51 91 22 113 115 92 44 16 1 104 129 83 86 11 118 95 98 28 40 12 41 132 76 66 79 5 7 284 285
91 81 62 108 30 120 44 109 73 15 122 99 134 77 111 100 37 10 22 52 85 8 127 104 2 129 63 288 289
103 138 31 3 15 50 114 73 108 60 41 23 109 5 35 112 85 66 111 20 72 53 86 136 100 2 125 289 290
138 2 5 35 16 80 3 63 127 69 113 30 28 31 15 106 123 95 56 7 89 40 73 132 135 122 292 293
95 134 22 52 85 135 69 50 72 115 53 83 105 67 1 31 129 15 45 29 79 7 40 132 109 77 288 289
134 125 98 12 54 41 120 93 123 5 19 52 3 82 66 118 20 50 113 86 14 47 1 80 61 15 17 59 92 292 293
15 113 67 79 115 92 16 61 116 50 40 118 52 42 10 87 31 122 53 56 2 101 35 280 281
99 104 7 40 116 27 108 2 5 35 0 52 3 63 85 66 17 69 83 86 67 111 44 28 100 12 135 81 288 289
7 109 2 53 0 108 98 111 101 45 35 67 122 112 79 92 124 8 116 106 60 19 120 280 293
47 70 31 12 92 124 114 61 23 116 93 26 106 83 73 10 8 108 65 120 18 77 132 86 89 17 101 123 283 284
108 58 136 113 37 22 3 63 115 69 20 72 67 16 28 80 118 29 79 26 119 10 122 104 289 290
104 53 86 11 44 31 42 45 29 111 79 123 23 56 37 40 76 114 58 16 0 52 128 105 289 290
76 120 23 77 26 10 132 112 27 79 124 123 113 19 93 3 135 17 125 92 114 11 83 59 286 287
120 106 58 5 52 82 124 85 115 17 83 123 113 119 135 0 80 61 59 111 62 114 79 109 56 37 291 292
128 122 18 124 105 19 101 17 50 53 83 113 28 129 62 92 114 65 125 109 112 26 56 10 89 73 106 8 291 292
40 54 16 86 89 56 20 65 123 100 80 125 12 79 115 59 114 61 93 23 60 73 10 105 118 52 283 284
54 87 8 86 56 2 22 52 3 77 113 17 20 79 92 1 12 45 93 29 73 63 118 85 62 37 284 285
132 37 106 8 41 93 123 2 3 63 115 69 50 72 100 30 28 136 29 62 92 114 65 125 292 293
92 101 14 123 1 80 42 136 129 106 27 41 105 77 35 22 52 83 67 98 288 289
101 65 116 129 98 119 10 8 87 58 2 35 3 85 66 20 136 53 30 28 0 80 114 289 290
79 12 42 59 60 77 58 82 10 116 129 72 53 85 98 35 16 22 119 286 287
58 65 26 86 10 89 12 29 111 41 23 5 70 112 8 72 20 114 106 83 73 105 118 284 285
69 14 116 93 129 106 1 86 59 65 23 122 27 136 35 3 135 112 66 50 53 285 286
118 105 5 115 66 83 100 80 31 61 42 111 124 112 123 26 70 77 127 290 291
42 100 113 80 18 35 81 20 93 70 11 115 82 52 127 119 109 23 26 98 65 27 8 283 284
100 45 93 18 122 0 52 3 82 63 85 111 124 98 136 30 14 80 31 289 290
61 113 80 70 53 115 114 12 45 93 73 26 56 10 77 27 122 35 16 0 3 285 286
113 12 114 59 129 23 56 89 70 73 60 93 122 18 2 3 66 72 135 125 14 28 290 291
62 123 80 35 16 19 22 3 125 115 82 50 81 14 44 116 73 31 45 72 23 27 41 98 111 285 286
81 20 53 67 14 44 125 115 28 29 65 119 60 41 112 35 89 66 287 288
20 27 30 85 52 18 2 87 41 16 129 122 17 66 98 45 70 59 127 281 282
11 112 125 56 59 8 136 116 83 60 105 3 52 87 129 119 1 23 35 77 80 280 281
112 28 31 106 59 60 70 8 41 129 86 119 105 2 5 0 66 50 53 290 291
125 30 14 80 136 45 135 65 109 127 56 37 89 73 27 106 93 124 22 85 17 53 119 291 292
30 115 16 19 22 127 83 63 105 52 12 41 77 119 122 89 111 10 282 283
122 14 27 59 60 93 105 37 83 116 2 0 80 136 65 98 109 291 292
106 63 86 67 111 124 28 1 12 59 98 127 23 27 60 18 105 5 289 290
12 135 82 26 136 28 60 85 2 5 19 41 18 35 280 281
109 37 89 8 60 77 135 18 16 0 114 52 17 50 83 67 14 44 98 289 290
45 67 80 135 23 59 60 50 63 5 72 85 0 52 17 87 66 56 1 283 284
87 119 18 35 16 63 85 66 123 67 44 124 28 127 29 116 129 65 23 26 70 287 288
16 83 73 85 41 86 111 10 135 89 59 5 124 136 116 280 281
83 3 63 93 14 44 1 23 26 56 27 60 135 115 287 288
44 115 82 124 5 93 37 60 63 119 28 1 53 65 77 23 26 70 283 284
135 14 111 114 65 37 123 18 35 115 17 53 116 292 293
70 31 3 86 65 115 127 136 22 8 72 2 286 287
14 82 127 116 60 50 72 85 29 19 129 2 5 53 111 22 280 281
18 105 85 29 31 129 53 56 17 80 82 114 93 5 73 63 280 281
31 67 5 73 17 50 63 65 35 23 282 283
67 114 59 26 105 8 119 86 0 98 22 50 123 80 115 82 285 286
63 136 35 93 115 72 2 28 0 119 1 8 127 285 286
136 111 114 27 37 22 82 85 53 5 1 292 293
3 5 50 105 41 53 89 22 82 59 280 293
5 27 66 111 37 124 116 129 280 293
17 28 93 0 115 105 72 41 1 119 77 10 37 82 114 280 281
65 52 72 53 35 129 19 26 56 119 89 27 285 286
114 80 98 10 73 2 35 66 290 291
27 77 66 111 59 72 124 23 116 73 105 52 281 282
105 2 35 66 119 89 26 127 73 289 290
98 123 72 53 127 35 19 0 28 89 73 288 289
73 77 89 50 72 123 115 37 41 85 286 287
77 59 37 124 123 80 82 127 129 10 286 287
115 2 124 35 82 66 72 86 127 290 291
23 124 127 22 28 93 50 119 281 282
124 28 1 59 60 10 119 80 52 291 292
35 50 22 1 93 282 283
50 22 116 60 85 29 86 53 89 37 10 284 285
1 59 60 72 85 52 29 66 56 2 123 280 293
127 86 119 29 59 129 26 41 52 82 291 292
52 116 93 129 0 53 82 41 284 285
53 26 41 2 19 89 111 28 59 284 285
72 119 0 29 60 111 26 93 22 82 286 287
2 19 129 86 66 56 123 116 280 293
22 116 129 60 85 119 19 0 123 80 26 281 282
116 66 56 10 8 41 290 291
26 86 123 37 28 29 19 0 41 281 282
86 10 19 111 28 123 287 288
37 28 0 29 111 60 19 82 282 283
80 93 29 41 19 0 287 288
93 56 89 8 119 288 289
41 89 66 111 19 123 29 129 283 284
10 119 56 59 29 280 281
119 89 8 82 29 290 291
89 8 28 0 29 287 288
129 0 29 59 291 292
19 60 0 66 56 28 280 281
60 123 85 285 286
56 8 123 82 85 284 285
123 82 66 291 292
28 0 281 282
66 8 85 0 59 285 286
0 82 8 111 59 280 293
85 29 287 288
111 8 29 59 290 291
8 29 280 293
59 29 284 285
82 29 287 288
29 281 282
152 263 240 184 220 177 252 265 176 153 144 277 221 178 155 266 210 190 167 180 170 255 268 235 179 260 143 214 146 158 194 173 271 163 261 238 172 185 273 280 281
263 185 215 273 235 186 238 272 147 150 180 210 161 246 200 214 228 231 261 245 142 140 143 203 277 146 267 255 258 239 174 279 259 269 240 257 184 141 291 292
212 277 267 257 234 247 224 269 189 140 213 143 146 206 268 172 238 250 217 154 165 141 272 201 262 183 167 219 261 186 241 218 243 233 180 161 265 178 222 286 287
277 193 226 256 207 270 262 243 273 257 168 149 220 204 155 237 218 191 232 268 147 177 180 161 194 167 246 278 227 266 228 158 264 140 176 160 292 293
163 272 226 239 229 206 196 173 261 238 274 228 172 185 187 177 275 158 156 159 198 211 201 168 210 180 255 268 248 179 215 155 237 214 171 153 269 259 281 282
272 269 196 147 150 229 180 230 260 214 250 142 144 143 195 157 258 239 174 256 240 270 262 243 151 182 155 237 267 248 199 202 186 238 219 252 292 293
156 233 210 213 245 257 155 227 161 239 160 248 205 218 175 273 240 230 207 164 262 275 252 242 219 196 232 274 166 145 264 140 234 165 146 178 243 256 280 281
233 159 189 220 173 203 225 179 262 170 274 251 254 182 185 253 200 172 232 186 217 219 231 278 150 183 164 195 167 148 214 236 226 228 268 145 238 288 289
175 246 200 236 172 180 153 268 235 248 192 247 166 260 181 184 193 183 196 271 228 142 185 198 273 250 230 243 220 177 265 186 151 188 201 191 266 279 282 283
246 260 208 250 189 162 143 176 190 174 207 270 243 251 154 165 201 182 204 185 218 199 191 221 235 236 166 149 229 210 216 259 181 214 228 142 289 290
216 247 227 240 166 147 161 249 194 252 148 211 241 273 145 276 220 208 159 179 222 193 174 207 267 244 234 170 151 266 279 201 204 169 235 248 205 238 286 287
247 197 148 244 260 142 189 140 162 261 209 160 223 174 226 273 240 266 170 184 275 168 265 201 204 234 188 199 267 257 186 217 269 161 268 164 289 290
195 224 201 256 223 236 213 226 144 147 271 248 215 148 260 249 229 159 162 241 231 176 198 160 191 276 230 210 265 242 184 171 254 185 244 211 169 284 285
224 146 265 178 232 234 266 256 140 236 157 188 218 160 248 170 196 259 249 226 262 155 185 229 197 169 153 261 214 251 228 264 241 231 145 177 222 287 288
187 220 149 141 275 171 242 199 189 254 244 188 201 256 161 183 245 258 225 202 205 237 158 250 217 194 145 159 173 176 271 179 238 174 218 231 198 276 283 284
220 230 141 171 275 169 242 191 255 232 245 244 234 150 210 161 194 178 181 258 235 248 238 158 189 162 209 160 193 154 184 165 240 287 288
148 149 270 260 191 204 181 194 151 249 226 206 261 274 208 162 240 253 207 174 242 219 232 186 222 166 267 256 213 190 180 278 225 179 169 280 293
149 207 184 197 151 275 229 219 274 264 208 140 143 178 155 256 223 200 177 213 157 268 257 234 270 181 269 236 238 251 147 172 185 162 260 280 293
180 181 184 262 159 183 196 274 205 250 253 168 275 171 155 169 189 244 234 211 188 191 166 190 161 278 235 248 225 270 260 283 284
181 250 249 226 239 206 183 196 142 162 208 185 173 198 176 197 252 265 242 219 151 199 189 165 168 254 234 188 200 213 190 203 258 283 284
239 267 196 210 213 269 194 211 258 228 231 270 145 260 208 159 173 203 146 225 249 226 207 264 241 154 273 185 215 237 252 221 242 255 288 289
267 276 207 140 141 204 185 218 169 199 191 221 232 186 265 269 166 150 229 164 167 200 214 231 264 145 143 222 146 176 255 209 291 292
146 188 178 168 158 256 223 167 160 258 235 143 169 182 270 204 194 171 183 271 261 153 251 241 185 174 252 265 242 232 189 244 280 293
188 160 276 230 243 265 232 154 222 185 169 279 186 269 213 245 144 166 248 147 202 238 260 237 214 227 229 145 274 159 162 218 283 284
178 257 176 214 191 194 174 271 154 261 168 240 253 172 197 242 219 232 222 144 166 274 254 161 167 266 243 256 213 202 182 143 282 283
257 179 242 278 253 226 158 145 234 157 218 248 221 172 258 219 170 151 154 184 215 167 232 244 217 261 196 147 177 208 161 241 290 291
217 248 199 260 237 250 214 227 198 262 252 219 177 162 274 192 251 228 209 190 193 276 266 158 242 278 255 245 173 172 151 268 258 235 286 287
248 231 276 245 144 208 161 252 193 174 207 204 268 202 205 235 260 250 166 249 183 164 167 261 274 211 251 289 290
208 279 172 205 213 268 225 215 165 260 237 249 262 198 261 145 159 140 143 273 176 179 160 193 209 222 170 254 244 171 201 285 286
279 189 241 143 157 160 174 256 259 270 140 199 191 221 205 186 268 269 166 229 183 164 227 200 211 244 274 231 158 245 142 144 278 145 292 293
155 273 165 240 230 197 210 164 265 242 219 232 209 186 151 166 141 201 190 170 258 235 225 192 249 262 173 271 274 251 198 280 281
273 234 185 215 237 218 191 221 251 202 153 229 194 227 260 231 142 255 206 179 209 160 223 253 240 184 269 168 275 292 293
201 240 230 157 207 179 193 275 209 254 165 244 234 211 171 182 153 186 268 235 202 144 196 183 194 158 251 228 205 285 286
240 185 199 202 153 205 166 196 268 213 164 230 260 198 259 249 252 189 203 225 261 264 160 174 243 141 171 289 290
147 269 259 226 142 203 183 173 238 205 207 177 262 154 232 186 176 153 189 166 231 234 211 165 266 200 170 255 235 159 204 280 293
269 162 192 225 209 274 242 226 243 276 189 171 143 191 232 174 186 219 249 151 236 168 150 229 271 228 145 291 292
213 214 250 227 145 159 192 157 193 274 207 170 165 141 242 219 255 199 191 186 177 183 278 200 268 198 270 142 286 287
214 227 259 158 249 162 192 176 218 206 157 209 190 174 170 265 165 141 204 254 199 234 202 256 236 166 225 286 287
165 174 252 186 176 274 166 241 244 276 190 167 268 235 189 169 204 159 161 143 203 261 228 205 154 260 141 207 281 282
174 254 231 234 211 169 278 202 192 260 184 271 145 251 250 253 160 197 242 255 232 222 199 176 282 283
142 190 167 157 245 215 192 191 151 206 150 271 261 228 241 184 197 164 144 186 153 274 166 254 244 211 243 223 200 280 293
190 244 162 173 256 176 223 236 245 202 215 151 260 168 204 182 169 249 229 196 251 218 144 166 250 207 219 158 254 284 285
270 266 228 264 145 159 189 143 203 176 271 259 170 168 171 182 204 237 221 172 202 153 254 276 166 150 229 161 275 292 293
234 179 160 193 252 255 184 254 182 215 169 221 202 153 205 235 194 197 230 228 144 145 251 206 288 289
154 164 177 222 166 254 231 244 221 266 144 258 235 225 179 182 227 194 161 249 145 193 140 238 274 241 162 250 230 210 280 281
164 171 226 193 183 196 153 173 261 144 230 207 150 219 255 199 254 158 244 211 266 243 256 157 278 160 192 182 151 281 282
250 258 199 230 153 228 177 150 176 274 209 264 242 223 207 276 158 275 159 173 237 218 235 259 166 268 290 291
179 211 159 140 171 268 143 258 157 202 205 182 170 184 262 206 150 186 169 218 153 200 161 232 209 222 176 282 283
153 205 162 230 207 197 262 219 222 199 276 158 200 235 225 215 159 260 237 184 236 140 196 271 280 281
205 264 276 253 210 265 194 176 222 193 254 236 141 268 235 160 215 227 170 151 196 168 182 219 167 285 286
172 218 276 243 145 242 162 222 221 158 170 223 200 236 141 258 143 225 157 204 194 206 168 183 150 196 173 186 282 283
218 275 265 242 177 232 194 244 223 159 189 192 173 176 157 227 249 262 184 171 274 251 228 169 286 287
265 168 182 204 215 169 252 144 166 177 266 227 200 198 228 231 261 264 162 241 157 242 223 253 256 291 292
210 140 259 143 173 204 261 238 241 151 166 230 275 167 197 242 219 198 254 144 276 266 243 256 192 206 235 237 286 287
243 278 189 140 143 203 185 237 244 232 186 151 196 229 271 197 144 262 252 162 192 209 160 226 158 289 290
278 159 162 176 160 191 221 193 223 254 268 170 204 215 232 235 229 194 167 197 227 258 260 242 274 275 226 198 292 293
193 211 161 266 200 236 203 158 145 159 173 160 262 191 206 274 241 170 151 184 276 253 197 169 252 284 285
158 170 245 258 202 192 182 227 171 226 140 141 160 238 262 232 186 222 199 221 168 280 281
170 145 189 159 264 162 276 200 203 225 168 237 194 171 184 196 271 228 253 207 197 282 283
185 230 275 252 219 232 177 264 244 211 203 258 235 225 215 260 259 249 151 238 171 198 283 284
197 141 259 249 229 186 271 274 251 228 276 207 275 219 222 145 211 159 162 176 235 225 202 215 284 285
157 211 145 266 140 143 167 255 169 151 237 191 161 259 160 271 251 253 242 209 274 166 264 254 221 280 281
211 209 207 168 271 261 238 251 230 252 242 196 232 222 161 264 254 245 159 189 192 173 286 287
189 184 258 140 182 237 227 194 229 271 150 251 167 262 255 222 159 264 221 160 283 284
207 254 244 199 200 202 256 225 183 260 237 159 241 203 206 191 151 255 232 285 286
230 215 259 262 144 264 177 241 231 227 253 198 228 242 254 162 206 209 256 236 184 168 288 289
253 264 182 254 204 251 238 252 236 150 183 227 198 259 231 145 143 222 203 176 242 276 226 275 151 255 290 291
264 235 252 151 171 169 260 202 232 186 198 150 266 226 228 259 140 162 176 206 237 291 292
244 249 182 204 261 169 274 186 166 196 177 183 194 167 231 266 173 258 206 289 290
258 145 203 225 255 209 184 141 171 182 204 215 169 202 232 249 236 150 229 183 290 291
167 237 159 184 140 143 226 196 186 241 231 141 255 209 199 191 266 256 161 235 202 192 281 282
227 260 259 249 261 241 162 143 176 276 209 223 275 184 141 204 266 221 236 268 245 287 288
140 256 223 177 268 222 235 194 171 259 249 150 260 151 262 229 232 274 276 280 293
159 256 268 245 225 259 274 262 275 232 199 166 144 276 280 281
256 192 223 266 226 268 184 271 168 171 182 169 219 259 144 261 161 183 290 291
226 144 183 194 238 237 176 206 221 223 252 229 251 231 171 169 199 275 245 287 288
215 144 275 242 219 222 192 203 231 245 171 182 204 191 259 262 177 251 228 241 200 286 287
200 237 204 259 252 261 274 228 151 231 141 186 255 221 150 161 183 266 223 236 203 285 286
262 268 182 183 261 245 192 255 160 203 237 202 276 254 186 238 252 291 292
268 225 255 206 209 160 151 168 141 182 237 202 186 198 291 292
177 249 203 196 238 151 252 232 209 198 276 266 223 161 143 255 245 235 204 194 282 283
260 144 274 241 173 225 223 184 171 199 251 266 238 291 292
144 249 150 251 228 252 196 232 274 254 145 245 143 202 237 204 171 280 293
249 271 274 150 229 183 275 162 241 209 151 141 169 191 221 238 289 290
196 259 229 261 241 198 252 209 222 162 173 176 221 223 182 186 284 285
259 145 173 203 237 221 254 236 261 204 199 202 235 186 275 290 291
236 162 225 176 206 241 160 223 275 242 255 141 143 203 254 219 266 150 271 183 288 289
184 252 209 231 145 223 161 203 202 204 168 171 238 166 283 284
271 231 161 241 183 276 194 209 242 192 221 251 252 171 182 202 232 186 292 293
145 143 203 225 192 161 141 206 198 176 221 168 280 293
238 261 251 241 276 162 242 245 223 173 176 191 151 229 252 288 289
261 219 183 194 228 241 192 143 223 168 237 221 291 292
161 194 183 228 275 219 209 274 225 192 169 182 191 281 282
194 173 242 255 222 231 168 171 223 203 245 225 202 284 285
237 231 255 245 192 225 206 141 171 182 241 229 288 289
203 276 266 223 173 176 160 225 204 141 171 199 228 150 222 285 286
276 204 206 168 169 266 228 231 245 162 209 141 292 293
182 252 219 176 198 266 235 141 192 204 166 241 283 284
223 254 192 235 168 141 171 199 186 219 229 274 166 287 288
254 168 275 255 204 202 235 198 245 162 173 290 291
143 245 235 141 225 204 173 150 251 275 199 166 280 293
202 231 198 222 151 141 171 204 183 206 228 285 286
231 235 219 171 252 199 150 192 275 242 206 160 288 289
160 266 225 169 229 173 241 275 219 255 222 166 281 282
191 221 176 275 242 245 222 199 169 186 225 150 183 229 274 162 284 285
221 255 171 199 266 150 235 183 225 229 192 173 251 176 287 288
176 225 192 198 219 255 282 283
235 241 192 168 169 288 289
141 242 222 245 151 229 206 183 150 228 280 293
204 252 173 151 199 150 285 286
198 166 168 150 229 206 228 241 252 242 232 209 173 245 284 285
209 151 266 166 229 219 251 162 173 245 222 285 286
245 162 222 173 206 219 251 229 171 266 289 290
219 241 183 275 232 222 192 286 287
222 266 171 225 169 199 252 255 287 288
266 225 206 274 275 183 291 292
241 150 229 251 173 169 199 289 290
151 242 232 199 169 251 162 280 281
242 199 186 229 289 290
171 255 192 282 283
232 168 275 150 229 228 288 289
168 275 199 255 169 150 183 173 228 281 282
251 166 183 255 225 206 252 199 290 291
192 225 162 173 206 275 166 183 284 285
252 274 166 150 206 290 291
229 150 183 206 287 288
206 150 162 173 274 255 199 285 286
162 169 274 199 281 282
274 169 292 293
225 228 199 287 288
150 228 255 186 280 281
166 228 275 281 282
199 284 285
275 169 183 292 293
173 186 169 282 283
183 283 284
228 255 287 288
169 186 281 282
186 255 283 284
255 290 291
280
281
282
283
284
285
286
287
288
289
290
291
292
293
