#/usr/local/lib/python3.10/dist-packages/colab_kernel_launcher.py -f /root/.local/share/jupyter/runtime/kernel-4e96f4f6-3ff9-4b57-9774-52bcdd39bbb8.json
# GMT Mon May 27 17:21:46 2024
# 
12 123 90 80 34 122 14 135 102 69 46 13 147 91 7 81 10 71 126 93 60 17 118 95 85 2 62 39 140 117 107 97 51 87 41 18 54 31 21 142 96 63 76 53 36 141 23 108 144 121 98 111 88 65 32 9 35 300 309 310 319
123 64 94 140 78 130 29 59 143 62 92 98 112 145 96 23 4 26 144 40 70 21 24 54 76 106 57 38 60 90 146 58 105 148 68 19 82 6 36 127 115 17 69 72 34 113 86 116 119 103 44 128 25 141 28 9 307 308 317 318
4 119 96 109 63 66 144 78 133 87 77 80 57 34 11 132 24 89 102 56 46 13 124 114 91 81 61 38 136 113 149 116 106 83 60 37 73 2 50 27 40 115 7 128 118 3 62 52 6 94 97 74 64 139 31 21 300 309 310 319
119 56 7 70 21 73 54 140 57 38 60 41 72 102 104 86 88 2 131 68 19 0 3 82 33 115 143 120 50 53 142 132 122 112 84 96 144 9 31 124 61 64 76 78 29 32 136 93 65 95 46 79 135 148 125 306 307 316 317
32 101 13 143 35 113 67 103 57 70 47 145 23 112 148 7 102 79 115 92 147 39 124 137 81 94 84 38 149 139 18 63 16 19 0 1 31 118 15 52 42 130 107 97 74 41 77 11 25 53 56 46 144 98 111 301 302 311 312
101 92 126 139 46 79 23 118 25 26 131 37 10 76 8 87 38 90 110 41 71 93 74 132 109 122 18 112 35 144 111 22 82 55 36 17 39 69 83 34 100 84 125 102 44 47 147 1 31 61 127 15 94 75 29 51 305 306 315 316
55 84 13 126 139 116 129 96 86 26 118 95 7 37 108 85 21 65 140 27 107 41 67 109 122 99 2 0 111 22 52 33 91 6 68 17 39 51 136 90 60 125 11 138 115 44 25 59 72 114 15 45 81 94 48 29 302 303 312 313
84 125 8 39 53 114 2 139 19 0 1 80 3 17 128 62 108 85 65 79 107 143 120 87 26 28 142 9 132 109 42 86 122 43 15 45 75 59 71 13 144 121 124 77 146 90 103 68 40 70 22 52 82 304 305 314 315
1 113 103 34 70 24 14 92 69 82 36 147 3 16 137 6 127 94 149 5 18 116 93 129 83 60 50 7 105 141 118 62 65 42 9 107 110 41 77 21 122 99 43 56 131 23 121 88 78 91 143 35 25 146 300 309 310 319
113 80 124 114 64 15 127 94 117 108 111 92 149 95 46 79 23 7 37 40 70 21 24 54 140 27 57 8 87 38 120 60 90 41 88 110 132 122 105 35 131 3 36 66 143 99 146 83 67 125 14 44 28 306 307 316 317
40 41 77 54 132 19 99 76 53 66 43 17 121 20 65 34 146 90 67 80 14 145 135 9 112 31 115 15 46 147 114 91 127 81 94 61 51 126 139 106 26 60 37 63 10 141 108 52 42 140 120 87 64 301 302 311 312
41 140 24 74 39 87 64 142 99 2 35 19 0 68 45 133 100 34 57 145 148 102 46 82 147 9 114 31 91 127 51 13 116 129 106 83 60 63 138 105 118 23 95 72 108 85 37 10 65 301 302 311 312
0 5 126 93 83 50 148 17 138 115 128 118 72 85 62 29 127 19 140 107 74 139 129 96 132 99 30 43 20 131 23 121 98 88 68 35 100 77 57 11 24 14 102 79 92 36 114 58 48 25 61 15 300 309 310 319
5 83 3 63 105 141 118 72 85 75 29 42 19 130 97 87 64 54 8 44 21 142 11 109 99 76 89 66 43 20 144 13 65 78 68 22 58 110 146 80 57 145 37 125 102 79 92 69 36 124 94 15 51 28 126 300 309 310 319
99 127 104 89 149 139 116 24 129 54 38 60 74 118 77 108 91 18 107 143 110 22 33 63 6 85 132 17 39 122 69 83 86 144 134 47 136 103 75 97 135 13 102 92 115 95 105 46 79 147 305 306 315 316
127 50 53 133 67 30 135 148 28 147 64 137 48 59 81 13 65 95 46 79 109 129 11 25 26 9 10 42 73 24 57 87 38 130 126 88 142 105 145 2 49 144 22 3 6 36 115 66 118 307 308 317 318
83 68 104 49 52 82 33 20 139 116 93 129 53 34 96 105 30 95 108 98 14 25 140 80 31 130 61 110 78 29 51 81 142 132 89 131 88 10 70 146 27 60 103 71 135 112 148 125 18 304 305 314 315
6 48 51 28 149 126 116 93 129 73 27 63 2 138 20 105 118 95 108 85 75 3 52 65 130 120 74 8 142 11 86 76 89 56 33 121 98 134 91 22 133 80 34 37 102 79 49 147 124 137 71 300 309 310 319
48 17 39 100 136 67 103 80 112 148 30 102 115 92 69 82 44 72 49 42 45 94 71 51 13 129 106 73 50 53 23 141 26 108 37 98 10 21 43 130 27 8 110 87 132 76 89 2 88 22 78 33 68 302 303 312 313
76 143 110 87 100 77 56 7 10 21 43 109 145 57 89 38 60 111 78 133 16 90 52 63 135 36 66 17 69 72 53 67 117 14 44 28 106 31 42 64 75 29 51 118 13 95 65 98 140 304 305 314 315
143 29 108 59 139 120 62 13 134 58 88 110 140 105 23 26 141 68 10 27 115 38 39 118 69 71 72 53 132 35 16 52 3 63 64 94 97 78 50 114 65 125 67 79 11 44 25 28 61 308 309 318 319
49 126 103 60 50 30 128 118 47 95 72 62 42 45 117 130 107 97 74 64 86 53 89 66 37 9 121 10 111 21 43 65 24 78 38 110 100 90 80 57 145 112 125 2 69 16 19 124 114 104 39 71 149 302 303 312 313
126 3 82 36 17 130 51 133 53 67 98 132 145 30 11 25 28 144 61 147 94 78 29 111 136 107 124 148 138 26 7 10 70 73 8 60 90 120 102 74 149 139 58 121 105 35 141 19 307 308 317 318
50 91 2 81 58 94 16 136 3 103 139 116 106 17 39 73 20 148 118 30 11 14 44 107 74 9 77 54 129 142 132 109 13 131 121 134 78 23 26 110 100 90 67 27 38 92 69 18 137 302 303 312 313
91 81 62 95 131 79 130 25 26 89 31 61 42 43 73 112 87 59 90 74 46 111 58 133 146 23 136 68 10 135 125 38 102 39 105 72 53 86 137 114 104 35 16 96 36 66 78 20 305 306 315 316
77 108 70 43 73 27 59 71 120 97 87 100 58 122 112 23 7 68 22 134 24 88 54 36 66 38 133 80 135 102 16 92 82 33 64 45 17 104 117 51 107 129 106 26 128 141 9 10 304 305 314 315
108 133 105 7 37 145 19 21 33 63 115 36 66 39 147 86 67 103 149 139 116 47 61 94 45 141 118 78 29 81 13 46 98 79 23 9 24 27 131 87 38 60 134 93 74 306 307 316 317
69 104 81 117 94 71 30 149 25 47 28 96 73 42 118 51 131 62 13 85 65 120 110 56 24 79 60 144 121 88 124 78 146 136 103 16 80 145 22 112 148 92 39 105 72 34 303 304 313 314
104 20 67 30 14 25 109 47 122 15 45 75 144 97 121 29 111 81 124 62 46 79 136 23 56 7 10 89 21 115 43 24 54 27 57 87 147 137 74 117 88 18 35 19 138 128 33 105 36 17 305 306 315 316
9 90 34 11 89 92 23 59 2 26 147 124 16 137 114 68 3 61 28 37 73 105 118 95 72 29 19 140 94 130 107 97 51 64 21 106 109 63 53 30 98 75 88 78 7 300 309 310 319
90 80 61 130 107 75 110 29 59 51 81 142 109 122 23 121 134 56 70 43 73 27 57 71 74 125 52 94 33 63 36 66 72 116 129 34 106 86 128 30 131 14 44 98 305 306 315 316
80 28 103 61 64 75 135 78 29 59 138 115 13 105 82 114 81 56 7 37 116 129 73 27 57 98 130 16 19 142 52 33 63 132 66 112 89 20 34 88 124 30 44 100 304 305 314 315
7 129 21 142 96 132 109 86 63 53 66 10 121 98 65 133 146 145 135 102 79 92 46 82 36 137 58 71 61 38 106 60 73 148 17 138 39 29 140 117 120 18 54 300 309 310 319
129 132 68 22 82 85 66 53 100 122 2 16 47 61 33 138 63 64 147 92 137 125 98 128 109 112 96 14 56 10 42 43 75 141 87 131 29 59 71 13 74 121 105 307 308 317 318
33 38 136 139 116 73 10 115 128 85 39 52 64 18 54 44 2 96 132 86 89 66 43 56 141 121 134 88 78 35 133 146 47 25 122 135 28 31 82 124 137 13 81 58 94 301 302 311 312
38 107 17 51 20 64 54 132 109 86 43 56 11 131 14 111 15 13 67 44 145 122 135 89 10 114 21 58 71 27 61 136 103 116 18 138 95 75 19 42 301 302 311 312
39 81 61 51 18 93 73 35 53 128 3 141 95 98 140 120 97 64 30 44 11 14 122 10 79 111 78 45 146 100 136 57 70 47 145 37 115 92 82 72 114 301 302 311 312
81 34 133 67 136 30 44 138 82 31 137 114 62 65 149 79 139 96 23 56 70 131 43 24 27 130 120 97 110 109 2 145 112 35 89 16 19 144 3 36 88 304 305 314 315
44 47 135 125 79 46 59 114 149 103 139 116 93 60 96 73 128 105 118 95 85 117 130 120 97 87 30 64 14 16 142 86 89 15 17 121 111 45 67 23 25 26 301 302 311 312
47 145 135 31 112 148 42 59 72 124 137 114 51 23 116 26 106 37 96 128 141 118 8 95 62 75 52 65 130 120 74 132 109 53 89 66 56 131 144 121 134 111 58 133 100 67 302 303 312 313
2 17 30 72 85 117 107 97 8 109 86 63 66 43 10 131 111 68 45 22 35 133 110 34 145 135 112 102 82 13 134 147 3 16 114 58 61 136 28 149 116 73 300 309 310 319
94 133 53 103 34 86 145 135 125 30 147 61 29 149 116 65 106 96 79 118 98 70 140 43 73 54 130 107 8 93 74 132 88 109 134 68 19 85 36 305 306 315 316
133 45 138 75 29 51 62 13 92 93 147 65 46 125 128 109 124 37 43 73 24 8 60 74 140 121 103 35 68 36 66 72 134 86 116 67 98 130 136 117 25 31 307 308 317 318
20 71 61 51 136 139 93 106 8 128 95 75 52 42 140 117 130 107 74 54 16 21 132 17 66 56 131 23 121 111 78 58 35 110 14 100 67 57 24 135 125 79 92 82 13 26 124 300 301 310 311
106 107 68 22 52 3 63 36 66 142 72 34 121 124 11 14 28 31 45 97 145 51 148 125 46 79 147 114 96 117 26 10 89 43 73 24 27 8 60 71 74 131 18 306 307 316 317
107 8 60 140 88 120 110 142 109 16 122 112 85 144 17 121 111 124 146 100 25 125 138 115 64 15 45 75 29 137 62 13 117 46 96 37 21 24 54 306 307 316 317
66 71 139 37 21 73 138 27 128 60 95 72 85 140 18 74 35 19 3 122 63 144 30 146 14 67 103 70 31 42 64 45 29 59 82 124 137 303 304 313 314
71 120 53 142 132 30 11 122 31 111 64 29 59 110 100 103 148 125 79 56 82 70 43 24 124 54 114 60 58 139 116 93 18 96 73 138 141 72 3 75 303 304 313 314
96 21 121 111 36 124 72 53 100 103 30 148 31 3 63 64 15 147 114 29 117 149 79 139 11 26 28 128 10 118 70 42 73 98 27 110 58 23 305 306 315 316
72 114 117 18 74 73 17 51 85 140 130 28 31 42 112 15 89 134 111 88 46 124 78 146 23 56 93 37 10 21 24 115 8 82 147 303 304 313 314
114 53 34 86 67 100 103 136 25 61 42 64 59 92 95 46 140 112 149 139 37 70 21 43 54 128 27 57 8 60 130 120 142 68 85 306 307 316 317
23 109 89 43 56 141 65 21 68 100 57 24 145 135 102 46 147 19 22 28 139 148 138 30 115 105 95 75 29 120 97 74 64 54 300 301 310 311
109 131 73 24 54 27 57 8 87 93 58 125 105 35 68 82 63 117 149 102 116 86 67 138 128 141 42 64 45 130 78 51 13 98 132 79 306 307 316 317
125 14 25 28 146 64 97 78 111 13 92 148 46 147 26 89 43 73 54 8 138 58 141 18 105 140 68 22 3 85 115 118 142 53 116 67 103 307 308 317 318
21 31 142 132 63 141 131 144 88 68 45 120 16 67 145 135 17 92 36 26 147 139 116 93 70 15 37 73 138 13 62 140 74 51 300 301 310 311
45 29 110 146 13 67 70 92 26 37 24 27 8 61 136 149 93 73 63 138 128 95 75 52 3 140 97 64 142 86 122 30 56 131 144 121 31 65 42 68 302 303 312 313
70 31 61 132 63 122 29 59 121 46 88 11 110 28 42 145 135 115 147 124 58 137 35 37 139 116 93 8 138 105 118 53 34 85 75 140 117 97 303 304 313 314
56 142 122 89 131 121 134 111 24 8 67 135 112 79 115 92 82 19 59 147 124 17 61 93 30 14 138 95 15 65 140 120 13 97 74 87 46 302 303 312 313
142 89 24 8 60 134 88 110 140 138 35 16 141 68 22 52 63 115 135 86 116 100 130 103 30 11 117 14 28 61 15 29 59 95 46 112 308 309 318 319
3 136 28 149 116 93 60 63 148 138 115 75 19 140 130 97 64 43 144 98 88 65 78 25 146 67 57 24 145 122 14 135 112 79 13 147 300 309 310 319
136 148 17 111 34 65 137 140 79 131 30 11 28 89 73 75 87 29 120 13 92 93 134 58 26 145 22 52 115 53 147 135 86 122 103 16 19 308 309 318 319
103 115 64 17 97 137 62 34 65 98 79 149 14 25 10 89 42 73 57 87 29 60 93 130 120 88 132 122 35 111 102 146 135 16 305 306 315 316
22 149 116 60 63 53 141 75 52 65 130 87 8 54 31 86 89 43 18 144 134 88 78 19 68 35 146 100 57 37 135 27 148 102 59 26 14 124 117 51 300 301 310 311
149 85 36 115 102 53 116 67 100 130 14 15 75 78 59 111 46 147 145 26 10 89 43 73 57 8 139 93 134 58 88 110 16 141 68 19 308 309 318 319
28 17 122 135 102 92 59 58 61 93 15 128 105 85 62 42 140 117 130 87 64 24 86 8 89 141 131 98 88 65 18 78 35 100 300 301 310 311
29 100 67 18 135 16 79 92 82 36 93 11 60 141 15 85 52 140 13 120 86 43 24 144 98 27 8 88 300 301 310 311
132 137 26 87 120 88 110 18 124 16 68 19 82 36 17 102 34 145 86 116 67 100 14 61 146 15 13 92 95 138 112 307 308 317 318
54 74 87 24 86 141 18 98 134 111 88 65 35 16 146 100 17 122 53 92 82 30 124 11 25 58 15 139 116 93 60 73 148 85 117 302 303 312 313
124 65 95 131 25 89 31 61 42 43 92 93 46 26 37 146 27 115 57 86 116 122 117 140 35 52 63 139 64 307 308 317 318
46 134 111 88 30 11 25 31 42 112 13 79 115 92 59 37 24 63 141 118 95 75 18 140 117 74 19 36 17 86 302 303 312 313
134 128 131 112 10 42 73 27 57 8 144 110 146 35 68 19 135 85 148 115 118 102 53 34 116 67 30 117 16 63 64 15 75 17 78 141 62 307 308 317 318
92 61 145 59 51 102 115 13 147 26 10 89 93 57 8 87 128 95 18 120 97 68 82 85 53 34 98 305 306 315 316
137 86 122 11 117 25 31 42 145 64 15 97 78 59 51 62 144 95 79 131 37 89 27 8 138 93 147 121 18 35 16 139 68 63 36 115 118 141 308 309 318 319
79 131 144 121 11 42 15 100 75 78 74 135 102 82 68 128 118 18 85 35 120 97 87 17 65 304 305 314 315
131 110 147 105 10 43 24 27 115 57 118 138 58 88 122 63 36 139 17 97 53 128 112 11 61 15 60 120 62 307 308 317 318
98 144 121 58 146 26 10 85 57 87 148 138 115 105 35 139 52 36 97 51 141 34 11 120 89 31 61 43 75 112 60 305 306 315 316
144 112 146 89 73 24 27 139 120 74 147 110 140 18 138 35 16 141 52 85 36 102 53 34 100 31 61 145 97 51 62 308 309 318 319
10 31 11 122 89 78 110 146 57 34 24 135 112 102 15 51 116 93 30 128 105 52 42 140 117 120 74 87 300 309 310 319
31 67 57 34 24 145 27 37 112 148 82 147 18 16 51 73 138 128 118 62 52 11 110 122 13 58 35 146 301 302 311 312
117 148 53 35 16 82 64 36 17 97 128 95 141 67 30 11 14 120 89 43 15 27 57 145 122 62 58 88 68 8 306 307 316 317
42 100 145 122 112 102 116 148 30 115 14 95 25 75 15 120 97 51 13 86 63 53 43 121 111 65 146 301 302 311 312
100 75 59 62 93 95 37 89 141 118 73 24 27 57 87 60 140 130 110 18 19 52 63 85 121 17 146 135 148 305 306 315 316
8 120 51 87 86 68 35 57 34 14 112 102 59 36 147 16 25 61 93 73 27 63 30 105 118 62 75 300 309 310 319
74 140 120 110 58 86 89 35 16 121 52 111 36 78 53 146 11 135 112 148 25 147 93 138 141 118 43 303 304 313 314
27 120 97 19 121 111 35 14 146 67 57 15 135 112 61 139 116 60 63 53 30 128 95 62 18 300 301 310 311
120 57 88 68 19 121 52 115 118 102 34 86 67 11 61 147 64 15 59 62 26 24 307 308 317 318
138 35 141 68 63 111 128 130 112 145 25 61 64 15 78 59 60 13 121 148 147 73 135 86 88 122 308 309 318 319
43 64 26 122 78 68 146 18 16 135 19 112 82 51 93 25 73 53 128 105 118 75 130 301 302 311 312
64 24 57 112 148 58 105 36 73 34 118 65 14 130 61 110 111 68 37 303 304 313 314
115 30 14 139 16 62 130 25 73 24 57 60 13 93 19 135 52 148 85 34 86 306 307 316 317
75 110 146 16 102 68 82 52 63 147 36 17 67 30 118 61 95 59 51 97 25 26 121 111 88 304 305 314 315
122 128 26 89 87 59 139 58 110 141 37 82 24 36 130 145 18 135 19 15 62 11 307 308 317 318
128 105 16 19 146 36 53 148 116 14 15 139 97 78 51 111 65 95 112 130 37 89 24 87 145 307 308 317 318
140 93 58 88 105 52 82 63 34 147 11 146 14 15 59 51 62 110 37 87 308 309 318 319
53 139 24 116 73 63 19 52 51 34 121 30 78 11 14 25 57 102 147 302 303 312 313
110 121 87 59 60 93 130 58 37 68 24 36 111 102 67 19 51 65 116 25 26 89 306 307 316 317
24 87 13 57 34 37 82 58 61 51 19 93 141 130 11 300 301 310 311
87 97 18 121 16 68 19 82 85 145 135 30 11 147 139 62 116 105 118 95 37 304 305 314 315
65 88 78 58 93 37 145 135 148 52 102 36 82 139 35 16 19 97 30 14 67 25 60 303 304 313 314
88 130 73 60 111 58 18 16 52 145 63 17 148 102 14 61 15 59 141 304 305 314 315
17 61 16 116 93 60 148 105 118 95 62 19 141 35 67 57 34 145 135 112 147 300 301 310 311
148 15 97 78 62 34 112 11 26 73 59 13 58 105 141 37 82 85 86 116 130 308 309 318 319
146 147 97 111 62 11 145 25 26 37 73 139 93 121 18 19 52 102 34 135 16 308 309 318 319
111 26 37 135 73 57 60 58 116 35 16 36 34 86 130 14 25 112 97 62 306 307 316 317
86 147 26 37 18 118 95 35 68 130 52 67 112 121 14 25 60 62 13 304 305 314 315
147 14 61 51 26 141 89 73 57 35 68 19 63 308 309 318 319
57 97 15 13 121 78 26 67 145 135 52 36 34 62 25 302 303 312 313
58 85 97 25 68 67 35 37 112 102 36 61 18 30 16 60 19 63 105 118 302 303 312 313
85 139 18 116 93 35 141 82 95 97 30 11 14 89 61 15 78 51 62 13 135 37 105 304 305 314 315
121 112 26 89 60 35 68 19 52 63 118 30 14 25 139 62 307 308 317 318
68 105 141 130 18 78 19 36 67 112 11 15 303 304 313 314
61 67 112 102 82 30 139 93 105 26 60 78 35 303 304 313 314
97 93 135 82 63 34 116 30 11 14 130 15 59 51 26 89 305 306 315 316
26 78 34 145 112 102 82 60 18 105 141 118 95 62 19 300 301 310 311
19 93 18 141 118 95 62 52 89 34 36 300 301 310 311
93 52 145 112 11 78 60 135 105 139 141 305 306 315 316
11 89 36 16 139 37 30 105 82 118 52 130 63 141 78 300 309 310 319
89 145 112 102 52 105 36 30 63 15 59 304 305 314 315
67 59 13 105 95 16 63 36 51 34 30 112 102 25 303 304 313 314
62 35 52 82 34 30 14 116 25 63 141 51 13 37 60 303 304 313 314
13 34 145 102 59 16 18 116 118 52 130 141 300 309 310 319
95 18 35 82 145 135 105 14 25 139 130 37 73 112 60 305 306 315 316
34 51 139 116 60 105 130 18 16 102 36 301 302 311 312
25 145 135 59 36 37 105 82 52 130 63 141 14 300 301 310 311
145 15 59 37 102 18 105 35 52 130 308 309 318 319
14 135 102 82 59 16 18 116 73 63 118 78 300 309 310 319
135 139 18 82 118 30 308 309 318 319
51 36 102 30 105 59 16 139 141 112 78 302 303 312 313
59 15 102 139 37 60 73 63 105 118 18 16 52 78 302 303 312 313
130 139 35 52 82 118 102 73 307 308 317 318
82 30 141 15 78 18 35 102 304 305 314 315
139 52 36 116 15 78 16 308 309 318 319
73 30 15 118 18 303 304 313 314
60 52 36 15 102 18 303 304 313 314
30 116 105 141 52 15 301 302 311 312
63 35 105 78 112 303 304 313 314
16 37 52 18 102 36 300 301 310 311
37 141 18 116 105 118 52 301 302 311 312
52 105 141 118 302 303 312 313
78 102 18 35 141 15 304 305 314 315
36 116 118 15 301 302 311 312
116 102 118 15 35 306 307 316 317
15 102 18 105 35 300 301 310 311
105 112 306 307 316 317
35 112 301 302 311 312
18 112 300 301 310 311
112 306 307 316 317
102 141 305 306 315 316
141 308 309 318 319
118 306 307 316 317
174 247 164 214 204 292 162 282 203 193 206 281 271 284 261 238 215 205 218 293 173 250 227 157 217 160 230 295 272 285 262 275 242 219 196 199 176 241 168 152 201 166 299 276 253 266 150 200 170 180 245 222 202 179 290 257 234 300 301 310 311
247 226 207 158 237 188 273 286 240 227 285 298 275 168 288 265 152 185 297 287 267 205 235 170 299 184 266 279 256 217 269 180 278 164 258 175 248 230 211 162 192 214 165 225 198 201 250 212 163 245 282 295 271 160 190 220 305 306 315 316
178 217 230 184 197 156 167 252 219 232 186 297 287 277 254 231 161 164 211 286 299 233 210 223 298 255 245 222 258 192 280 257 173 234 224 157 191 160 269 246 282 177 226 206 291 281 284 261 238 228 205 195 293 166 273 169 240 300 301 310 311
217 297 162 274 192 287 214 195 277 254 244 210 266 243 256 246 223 288 206 268 245 222 258 225 204 290 292 259 236 272 226 239 271 248 202 153 238 251 228 156 241 167 170 201 296 203 184 263 230 262 161 252 197 232 303 304 313 314
151 263 253 230 184 197 187 285 262 154 265 242 209 297 287 254 231 244 221 234 276 266 243 210 190 255 291 268 245 212 215 257 260 237 214 227 269 282 236 272 226 239 183 160 173 294 271 163 284 251 218 195 172 293 175 152 273 300 309 310 319
263 297 181 162 192 214 277 179 209 215 276 289 248 288 291 176 268 206 190 223 177 207 158 237 270 221 243 227 257 238 260 272 255 281 218 271 169 199 284 150 172 202 183 156 186 293 189 170 249 222 236 180 265 194 197 306 307 316 317
179 182 218 185 260 227 168 184 220 197 295 272 155 262 229 172 196 186 264 208 198 211 188 253 266 246 223 200 213 175 190 180 159 258 165 225 202 192 290 163 224 237 214 279 292 269 173 236 176 157 203 171 177 215 228 300 301 310 311
182 205 241 218 163 208 293 185 296 250 230 207 184 220 197 295 154 285 262 157 252 265 219 232 222 156 189 274 158 170 267 198 234 201 180 223 190 150 255 291 268 165 212 215 214 269 161 239 193 183 294 271 248 284 261 238 301 302 311 312
238 268 245 215 196 290 270 206 157 187 220 269 193 282 204 272 158 237 210 281 271 251 168 155 286 166 218 232 205 262 275 189 252 219 200 222 203 297 287 264 277 299 289 266 162 214 288 209 278 231 291 212 304 305 314 315
268 241 168 255 155 185 279 269 169 199 183 156 235 265 249 281 252 266 290 270 283 234 180 161 175 292 282 230 272 211 214 225 258 294 163 284 274 215 196 229 262 296 273 246 173 160 239 171 298 207 191 224 306 307 316 317
257 281 177 256 207 188 210 240 221 222 280 293 208 260 241 253 218 262 172 202 153 183 213 205 186 294 167 219 249 274 203 233 236 283 234 161 230 211 195 297 201 287 196 227 229 299 173 269 206 160 239 190 204 306 307 316 317
281 229 260 271 284 274 297 255 157 187 160 190 171 223 177 265 207 158 221 298 250 253 155 202 232 183 299 214 156 289 277 170 200 201 261 203 233 245 275 248 234 164 192 165 225 240 282 270 163 273 227 307 308 317 318
155 233 246 223 213 190 278 291 258 225 290 224 214 191 227 181 158 194 171 161 282 236 170 183 160 248 284 215 228 205 185 273 184 220 164 298 275 252 229 265 196 274 166 264 211 152 165 201 286 299 289 243 256 300 309 310 319
233 185 166 277 218 169 254 199 234 205 216 167 299 189 219 170 289 200 279 246 278 255 180 161 235 194 290 181 162 260 198 215 259 196 272 249 294 271 173 261 157 187 193 283 177 253 191 221 285 298 252 242 152 304 305 314 315
161 164 285 229 206 219 209 186 176 251 254 208 175 165 299 253 289 266 243 187 190 278 255 153 222 235 156 212 225 192 277 267 234 224 201 237 214 191 168 279 171 269 246 203 258 248 172 162 230 207 300 309 310 319
164 187 265 242 196 199 297 166 264 231 208 221 198 211 188 201 276 168 266 210 223 177 213 167 180 278 160 225 169 290 270 237 191 171 282 236 206 183 153 294 261 251 228 205 218 172 185 273 250 184 220 300 309 310 319
215 284 274 228 283 250 154 243 295 160 285 288 205 242 188 189 264 244 276 266 166 197 199 236 181 183 278 291 198 258 201 225 224 227 194 175 206 259 249 226 262 192 193 239 165 207 209 271 303 304 313 314
284 245 275 259 279 175 206 159 239 162 193 223 226 177 158 240 270 241 154 185 169 199 171 295 205 285 186 298 265 188 189 249 297 266 250 283 180 267 197 150 181 214 167 277 228 231 261 163 307 308 317 318
207 280 224 162 192 165 269 249 226 196 294 251 228 241 154 208 187 283 190 296 171 286 253 220 285 252 242 219 232 152 254 231 166 244 169 199 150 172 202 156 289 279 246 223 184 288 278 291 258 302 303 312 313
280 237 188 210 270 221 224 297 241 168 274 152 256 169 150 172 232 183 156 235 288 186 219 170 249 222 252 203 184 290 269 272 267 197 230 211 244 195 231 212 264 246 173 154 176 157 187 160 239 190 295 171 193 204 307 308 317 318
167 244 175 166 223 190 265 278 222 189 225 202 192 270 224 237 168 204 181 171 269 162 236 206 258 294 271 248 251 205 260 296 273 227 240 194 230 187 285 275 229 242 232 209 199 176 264 241 277 254 231 300 301 310 311
244 189 170 250 286 253 295 262 298 234 265 255 150 287 230 264 181 192 165 299 242 279 196 246 229 288 278 248 187 204 226 270 237 191 221 292 227 259 241 152 185 271 261 218 169 199 172 202 205 186 216 305 306 315 316
227 258 220 235 223 177 290 270 224 208 173 185 157 187 218 294 172 202 261 274 205 216 188 219 222 296 276 285 288 169 199 150 181 153 297 183 195 225 201 184 196 256 236 291 159 160 304 305 314 315
258 208 293 273 187 295 169 171 262 202 213 265 219 249 200 274 287 267 180 299 276 289 194 166 181 288 278 291 228 163 245 196 248 260 246 175 292 269 190 226 177 256 294 191 243 224 306 307 316 317
159 240 295 239 275 229 242 196 186 274 287 264 241 208 150 221 165 286 276 253 243 220 298 190 288 199 235 189 277 267 201 214 191 181 279 213 226 203 216 170 291 183 160 154 228 205 172 293 185 162 283 260 237 250 300 309 310 319
240 230 290 181 162 293 195 212 292 269 259 249 294 173 271 154 274 187 241 193 223 204 283 177 273 158 237 188 221 253 295 275 252 255 287 169 277 172 213 235 216 219 222 203 184 256 246 288 180 194 305 306 315 316
218 289 243 246 223 196 288 291 248 173 175 176 160 293 171 193 260 158 210 239 294 166 241 199 202 283 296 186 250 189 230 220 298 252 242 219 180 287 197 254 221 211 162 192 165 198 303 304 313 314
289 169 172 251 202 153 205 235 189 219 249 252 282 236 266 269 250 234 286 294 267 230 181 211 165 198 261 245 278 262 246 297 176 206 157 190 193 226 299 270 273 224 208 271 168 274 288 185 308 309 318 319
199 276 253 266 243 210 298 288 197 222 235 150 212 181 162 192 267 198 270 163 237 279 269 239 291 294 190 193 283 191 220 295 168 152 252 219 166 297 274 156 186 254 170 299 302 303 312 313
276 172 202 153 156 235 189 219 200 201 283 203 184 248 292 250 262 267 294 181 297 192 214 165 225 163 242 273 245 173 278 160 190 287 226 290 237 188 191 222 224 299 208 279 269 168 152 291 307 308 317 318
211 250 189 200 295 298 252 265 219 264 241 277 175 221 234 162 192 165 299 266 256 201 213 196 255 245 173 154 290 206 157 187 270 171 193 188 272 226 216 168 294 271 169 293 150 283 172 303 304 313 314
250 225 226 297 287 277 163 229 246 256 154 206 239 220 278 171 193 204 237 188 210 168 152 269 185 166 262 202 153 183 205 294 271 261 189 219 249 201 253 295 194 175 285 252 305 306 315 316
176 292 282 259 236 272 203 216 206 183 248 175 241 208 184 295 275 229 209 186 274 287 160 254 231 198 234 188 158 299 243 256 210 223 213 190 288 180 222 212 166 290 172 156 214 170 204 181 194 300 301 310 311
292 187 193 223 256 237 188 210 243 273 224 254 296 287 260 290 271 255 152 298 185 291 169 172 153 156 235 249 282 285 266 253 180 267 175 197 181 225 277 228 201 231 293 245 196 248 229 246 308 309 318 319
177 204 169 194 150 269 156 236 272 239 196 261 251 241 208 185 296 175 286 230 184 220 197 285 275 252 242 219 232 209 264 277 231 267 198 160 266 279 158 180 291 235 212 225 202 192 300 301 310 311
297 236 283 162 214 195 198 228 212 242 264 259 260 262 293 173 206 187 171 223 204 226 256 237 210 254 287 241 272 255 152 286 288 169 150 202 232 205 189 200 203 308 309 318 319
183 188 299 253 210 157 213 265 255 245 158 225 290 234 191 194 152 246 259 236 226 239 216 193 206 294 248 261 195 185 283 230 184 272 252 229 162 232 209 163 231 208 198 301 302 311 312
188 201 237 279 269 246 226 203 216 193 180 206 291 248 251 181 205 195 165 283 273 197 262 239 229 242 219 196 232 173 154 287 208 299 256 265 278 152 235 202 172 153 301 302 311 312
156 234 299 256 210 246 190 152 157 170 255 150 225 153 192 290 224 171 272 226 239 193 248 251 228 205 195 172 175 296 253 220 295 275 229 242 219 186 166 287 264 277 254 300 309 310 319
234 186 158 189 219 222 287 152 169 256 230 288 198 291 200 245 212 248 237 175 206 269 162 236 272 193 249 165 195 226 221 271 274 251 208 154 187 295 172 232 204 262 304 305 314 315
194 197 295 160 272 285 162 262 275 252 229 265 209 191 274 277 231 168 201 286 253 266 185 157 187 200 298 153 245 290 267 270 237 180 279 249 216 165 271 163 228 195 293 273 230 175 301 302 311 312
197 175 220 298 192 275 232 264 196 277 254 221 201 299 157 160 193 288 278 158 245 191 225 290 224 260 152 259 169 272 153 203 239 186 189 170 271 261 251 208 273 180 302 303 312 313
189 231 221 198 201 299 168 152 256 246 200 166 213 190 181 153 291 165 212 225 170 192 184 269 272 249 262 193 261 205 230 220 154 171 219 232 209 222 287 277 301 302 311 312
231 170 201 184 296 286 243 252 288 255 162 192 165 228 212 163 196 269 157 278 160 291 190 220 193 235 226 293 224 260 237 168 282 259 152 295 239 166 172 202 213 261 186 304 305 314 315
241 278 212 290 293 270 260 239 282 193 195 249 226 209 271 208 251 283 206 157 253 190 232 298 158 275 252 265 242 203 267 299 166 169 279 153 214 186 198 170 305 306 315 316
278 274 152 169 172 286 205 235 186 249 252 203 184 266 269 180 267 287 214 299 195 198 212 264 275 229 173 154 290 187 239 171 226 210 191 270 221 254 208 307 308 317 318
212 251 228 293 296 150 285 172 202 262 298 275 219 200 274 287 254 299 243 223 181 162 192 291 245 222 235 267 260 237 214 157 187 236 171 226 216 204 158 210 248 303 304 313 314
251 163 242 299 196 266 256 173 175 206 157 160 190 193 223 293 210 260 191 221 243 224 185 294 271 261 171 172 202 213 216 283 285 252 288 150 230 192 195 267 228 209 305 306 315 316
224 225 290 210 237 208 168 282 152 271 202 153 213 205 186 200 203 283 296 285 275 181 165 254 267 266 243 256 246 154 157 291 160 245 190 171 235 193 248 303 304 313 314
225 230 168 152 295 154 285 252 172 202 153 213 274 216 277 222 184 266 243 162 198 209 290 279 269 259 173 249 206 294 223 248 204 261 158 228 221 304 305 314 315
169 243 213 190 288 255 245 222 166 192 290 150 270 203 216 206 271 228 205 172 283 165 296 273 187 285 262 229 265 219 154 157 208 198 286 299 300 301 310 311
210 290 166 293 270 172 202 214 200 201 272 226 239 229 283 296 181 162 230 198 275 242 173 254 267 221 187 160 190 193 204 266 256 223 236 213 291 152 303 304 313 314
290 270 221 273 208 185 153 205 235 186 294 264 253 267 175 181 198 277 209 163 242 196 248 229 259 260 279 206 160 190 204 226 308 309 318 319
256 166 270 153 232 213 259 200 222 203 170 261 181 286 195 198 228 295 209 201 285 163 242 275 248 229 287 246 277 157 187 239 223 279 226 269 243 306 307 316 317
285 175 230 192 195 264 196 275 262 154 157 187 239 226 270 243 273 168 274 294 255 185 166 172 153 213 219 170 249 222 203 282 184 266 298 269 308 309 318 319
170 254 201 299 266 160 200 190 288 235 168 152 237 214 204 269 282 153 239 193 206 172 208 283 260 220 187 262 298 242 219 196 209 163 186 274 264 300 301 310 311
254 200 222 253 259 162 165 195 294 198 271 242 245 229 283 296 273 286 173 295 206 157 262 239 220 171 223 204 226 287 264 168 299 266 152 202 205 235 305 306 315 316
180 298 252 242 154 209 274 264 172 221 286 299 266 223 200 213 190 255 150 202 267 165 269 259 236 249 203 173 294 271 205 195 158 283 296 253 184 187 301 302 311 312
298 286 166 150 195 198 200 201 261 184 248 229 259 246 279 190 192 191 163 273 299 260 173 154 288 202 235 265 216 158 249 222 282 236 266 296 272 308 309 318 319
181 253 171 220 295 265 242 219 264 168 277 166 201 286 150 246 190 288 222 235 202 270 175 237 204 282 236 249 203 239 294 293 185 154 301 302 311 312
222 264 267 299 185 150 246 153 213 186 245 184 260 175 282 162 193 226 229 294 196 208 296 173 154 206 157 190 220 171 204 252 303 304 313 314
264 252 274 236 273 286 175 162 265 165 163 242 277 248 229 259 154 291 221 208 293 255 185 166 282 295 272 150 172 202 213 235 219 271 249 306 307 316 317
216 221 286 173 206 266 157 187 279 171 223 291 191 235 185 166 150 153 205 239 186 294 203 261 260 175 253 295 162 192 214 165 195 265 198 242 219 209 201 163 274 287 303 304 313 314
221 267 200 270 282 272 249 226 175 248 192 261 214 165 201 293 163 283 196 253 295 157 220 193 191 208 243 168 288 166 255 291 153 205 303 304 313 314
173 259 249 193 206 271 261 157 160 228 260 158 273 230 242 219 232 154 274 287 277 286 299 243 223 288 235 267 165 214 191 204 269 300 301 310 311
259 157 187 193 223 226 158 237 283 296 273 191 295 262 168 265 166 287 172 202 277 205 200 203 184 279 253 288 291 230 192 195 293 228 201 163 248 246 306 307 316 317
185 200 255 291 245 154 270 160 279 236 226 294 271 261 168 228 205 152 195 260 273 150 153 229 265 242 196 186 287 277 299 162 243 301 302 311 312
186 198 286 299 266 243 279 246 200 213 190 162 245 235 192 270 260 282 203 206 294 158 228 208 152 220 265 242 153 219 196 209 277 301 302 311 312
198 208 283 275 242 219 209 175 277 299 163 243 279 154 245 157 160 202 190 270 260 191 269 282 272 249 168 166 261 274 153 302 303 312 313
245 261 168 152 283 273 150 253 232 295 219 255 230 266 162 192 165 201 288 291 196 270 157 187 239 190 223 249 237 191 243 294 305 306 315 316
165 175 273 253 252 232 209 162 286 168 266 246 223 213 202 154 237 214 191 158 279 269 249 206 271 261 228 172 208 300 301 310 311
175 295 262 239 252 219 208 253 266 243 220 255 232 202 237 214 204 153 279 246 158 213 294 205 195 293 270 273 300 301 310 311
237 270 191 269 282 208 272 239 168 152 154 166 150 283 286 253 236 252 265 287 228 163 243 279 246 157 187 220 304 305 314 315
157 171 152 213 226 193 291 261 260 296 184 187 272 275 229 277 286 266 220 223 202 267 201 214 158 300 309 310 319
171 191 282 236 249 226 291 271 248 228 168 293 152 283 260 273 184 153 275 242 219 286 243 220 162 288 265 232 235 202 267 300 301 310 311
163 283 230 184 160 295 187 229 242 274 166 287 208 154 168 220 288 158 255 267 270 152 191 204 269 282 236 153 226 193 291 294 300 309 310 319
220 153 214 195 249 226 239 209 261 228 293 283 230 204 262 275 265 232 208 287 277 286 187 266 172 255 291 235 270 303 304 313 314
166 200 190 232 192 277 201 168 204 236 193 291 271 248 205 293 272 262 275 252 219 152 150 208 286 266 300 301 310 311
153 286 299 255 235 192 214 279 246 239 206 294 248 261 293 296 295 152 154 275 219 196 232 209 150 287 300 309 310 319
286 213 277 228 200 261 184 248 229 279 195 226 209 270 243 273 260 274 255 160 295 204 282 253 283 296 230 308 309 318 319
172 299 243 200 291 202 158 204 269 282 196 271 205 208 283 230 184 295 275 242 219 267 162 300 301 310 311
299 249 282 266 195 277 228 261 229 262 295 246 187 160 204 226 191 273 260 150 308 309 318 319
230 162 214 275 255 232 267 154 160 266 193 226 191 291 208 248 269 213 205 249 262 184 261 274 283 273 304 305 314 315
235 279 152 150 202 232 203 184 269 272 239 294 271 195 209 201 196 273 229 295 206 160 265 204 191 277 267 304 305 314 315
253 265 255 287 200 267 184 248 229 269 206 192 223 209 243 283 208 282 295 272 262 187 202 232 205 249 236 305 306 315 316
208 200 184 270 214 269 282 190 271 283 273 262 275 242 203 168 213 150 288 255 302 303 312 313
191 260 214 236 226 203 168 193 206 294 248 228 293 296 262 252 265 209 287 277 162 201 243 200 288 154 187 301 302 311 312
246 262 202 204 274 200 203 184 295 275 265 213 287 228 267 242 229 291 192 223 248 226 209 270 260 305 306 315 316
168 265 279 269 236 203 150 193 291 248 261 195 296 272 275 196 209 274 152 200 213 190 300 301 310 311
265 288 291 228 209 248 270 206 160 190 162 204 294 243 260 283 296 255 158 249 252 184 287 236 306 307 316 317
242 293 195 295 228 262 287 187 243 204 226 288 255 267 270 232 282 272 200 236 294 271 305 306 315 316
229 294 271 193 195 209 262 275 206 267 223 204 158 266 279 291 150 293 270 213 214 269 236 272 304 305 314 315
248 294 261 274 154 296 273 205 288 203 214 228 201 291 184 293 270 283 192 195 305 306 315 316
294 239 226 270 260 293 255 150 202 213 200 252 214 277 228 201 261 196 308 309 318 319
200 266 243 213 184 255 291 192 195 282 236 272 249 226 203 196 271 283 273 190 275 252 274 302 303 312 313
252 277 162 192 279 214 228 206 260 187 160 223 204 282 158 243 261 296 150 202 232 275 255 305 306 315 316
228 196 273 295 154 187 223 204 274 267 150 202 213 184 260 236 239 162 261 201 304 305 314 315
283 288 243 262 206 187 193 223 269 232 203 282 236 296 267 279 162 192 307 308 317 318
288 267 202 232 277 201 293 272 162 192 195 226 296 275 260 271 206 193 158 266 308 309 318 319
275 267 296 214 196 262 287 154 277 206 239 190 193 223 279 273 271 255 152 150 266 307 308 317 318
205 196 213 187 160 204 158 270 272 249 152 206 296 184 243 255 232 162 287 195 302 303 312 313
187 150 203 193 291 261 273 272 262 219 274 243 154 232 270 214 301 302 311 312
261 296 206 160 190 226 287 255 279 150 213 203 293 272 192 214 209 274 306 307 316 317
274 291 293 193 282 295 260 154 160 296 158 219 203 236 266 287 152 202 232 213 307 308 317 318
270 293 282 184 236 295 150 214 195 209 201 196 206 160 190 204 307 308 317 318
162 295 272 196 209 160 158 243 223 255 282 236 226 206 293 296 300 309 310 319
295 279 196 260 154 291 193 204 158 272 255 213 277 184 236 308 309 318 319
206 269 236 249 262 219 209 202 203 223 192 267 302 303 312 313
269 239 287 204 152 291 213 203 184 272 271 296 273 260 306 307 316 317
226 272 262 158 271 296 150 202 219 196 304 305 314 315
243 150 260 201 271 195 209 196 154 160 239 193 204 158 279 291 305 306 315 316
262 271 195 160 190 287 277 267 158 152 232 213 293 219 184 272 306 307 316 317
184 287 266 223 158 204 279 236 249 239 293 296 209 301 302 311 312
287 236 266 293 267 196 154 160 239 158 255 152 232 308 309 318 319
223 282 272 249 219 271 273 192 209 267 279 204 158 255 291 293 152 303 304 313 314
236 154 277 204 158 219 291 152 232 214 260 282 296 273 304 305 314 315
266 150 232 279 192 195 201 154 271 160 204 158 255 306 307 316 317
279 232 204 158 249 203 267 213 277 201 196 192 209 293 260 154 307 308 317 318
273 195 282 154 190 193 158 296 260 271 213 219 249 203 272 307 308 317 318
158 201 249 160 152 293 260 219 209 190 255 267 300 309 310 319
282 160 193 260 255 152 293 232 213 203 272 267 195 277 209 307 308 317 318
160 249 203 239 296 219 150 209 277 201 255 300 309 310 319
213 202 255 214 150 249 291 293 260 296 192 219 277 303 304 313 314
192 272 152 150 255 232 202 193 190 195 260 296 301 302 311 312
260 271 154 272 202 232 203 296 239 306 307 316 317
277 267 214 195 209 196 239 193 293 154 307 308 317 318
150 154 190 232 202 267 214 204 249 195 209 300 309 310 319
202 272 239 271 293 296 190 302 303 312 313
272 239 232 293 249 203 152 267 195 307 308 317 318
201 152 219 232 196 190 193 293 214 204 249 239 271 302 303 312 313
214 204 255 232 267 203 293 195 209 196 190 303 304 313 314
249 239 190 232 219 203 271 296 195 305 306 315 316
154 203 291 195 219 196 209 190 255 267 300 309 310 319
293 196 204 296 267 239 308 309 318 319
195 219 193 255 291 204 203 239 302 303 312 313
196 296 193 232 209 267 152 302 303 312 313
271 193 204 152 296 267 307 308 317 318
267 239 209 204 306 307 316 317
204 239 203 209 302 303 312 313
255 203 296 209 219 306 307 316 317
219 232 303 304 313 314
291 152 239 193 209 308 309 318 319
190 203 296 232 301 302 311 312
239 193 232 203 152 304 305 314 315
232 209 296 152 203 304 305 314 315
152 296 300 309 310 319
203 296 209 302 303 312 313
209 296 193 302 303 312 313
296 193 308 309 318 319
193 301 302 311 312
300
301
302
303
304
305
306
307
308
309
310
311
312
313
314
315
316
317
318
319
