#/usr/local/lib/python3.10/dist-packages/colab_kernel_launcher.py -f /root/.local/share/jupyter/runtime/kernel-2119b688-3f38-4b5a-b3d6-e140ef2e0719.json
# GMT Fri May 24 09:17:01 2024
# 
32 101 29 55 68 35 67 80 57 47 23 5 79 22 36 24 49 6 8 104 94 51 93 106 30 60 96 73 50 14 63 1 105 3 95 108 85 15 62 75 17 52 65 97 74 41 77 54 86 25 9 12 98 225 226 233 234
101 13 92 65 98 106 11 25 56 37 40 70 43 24 57 107 90 41 93 77 58 109 91 18 4 35 68 19 49 21 63 55 39 69 20 99 72 83 34 103 86 14 44 31 61 42 45 75 97 78 51 81 230 231 238 239
17 58 94 61 2 38 28 16 103 93 70 0 106 27 40 30 95 72 62 39 107 84 97 74 64 54 9 1 12 109 15 63 53 56 108 98 111 78 68 110 100 77 7 80 34 89 102 79 92 69 82 26 224 225 232 233
58 95 50 62 75 65 34 46 74 11 14 44 26 28 40 89 12 42 43 57 29 78 91 68 90 103 80 5 35 7 22 102 52 24 54 36 59 8 38 72 53 81 61 30 93 106 83 60 96 73 15 227 228 235 236
36 71 38 51 30 83 96 50 63 40 28 9 1 15 95 29 52 13 107 97 64 77 44 23 4 7 99 66 98 8 88 78 45 100 18 67 47 37 102 0 22 92 69 33 46 49 39 91 34 81 94 225 226 233 234
71 66 20 50 107 74 67 77 30 86 11 76 28 1 61 111 64 15 88 78 51 13 110 65 100 103 80 23 26 79 7 37 82 70 54 8 60 41 18 83 73 5 35 16 68 95 0 22 85 75 63 55 228 229 236 237
28 67 80 47 37 20 79 69 46 91 94 48 25 1 103 12 93 15 83 60 50 105 108 75 52 29 42 107 23 84 97 7 44 24 96 109 99 76 43 56 98 111 78 55 68 45 5 16 19 225 226 233 234
67 61 42 48 94 59 60 84 62 93 83 96 23 26 95 85 21 75 43 57 8 38 39 107 41 97 74 87 77 18 86 99 2 35 16 49 0 6 91 20 50 53 34 80 11 92 25 69 47 227 228 235 236
29 68 45 35 110 100 90 18 80 34 70 37 5 16 102 79 0 92 22 46 59 20 104 38 51 103 106 60 96 73 14 25 105 15 85 62 52 42 13 74 54 31 23 86 76 53 21 24 55 225 226 233 234
0 5 70 83 60 37 73 50 105 82 72 19 97 74 87 18 54 21 63 99 53 30 43 33 10 65 78 55 35 12 100 77 90 44 80 11 47 14 89 92 59 16 104 81 48 61 38 15 224 231 232 239
5 83 63 30 108 75 42 9 107 74 64 41 31 109 86 99 20 33 10 98 111 88 68 45 22 12 25 100 90 57 70 47 14 102 79 92 69 46 59 91 94 48 84 2 15 18 93 224 231 232 239
83 68 19 49 52 84 39 50 72 108 14 47 9 80 31 61 107 12 42 97 64 110 48 59 81 13 65 109 86 99 89 23 111 26 91 10 73 24 54 57 8 38 90 102 18 228 229 236 237
94 100 103 86 30 11 80 61 12 62 65 46 106 23 25 56 9 89 70 24 54 107 27 57 8 97 87 38 110 60 93 74 77 88 91 18 4 35 19 49 22 52 3 33 63 55 6 229 230 237 238
95 88 111 91 18 68 19 49 103 3 33 85 69 72 86 104 25 47 80 61 42 96 45 75 48 78 59 51 81 62 13 65 46 108 79 97 4 110 26 40 21 43 109 27 57 8 77 229 230 237 238
77 108 70 85 12 42 43 73 59 41 13 110 100 23 111 24 88 54 6 78 66 39 20 72 90 103 93 102 47 105 49 1 63 64 45 75 51 107 84 46 106 11 56 9 228 229 236 237
108 88 91 105 4 35 7 37 68 49 21 82 63 6 66 50 72 34 30 14 16 31 64 45 75 97 78 81 65 79 26 56 109 10 70 43 73 76 27 106 8 87 90 41 93 104 230 231 238 239
50 91 16 19 60 39 96 63 105 85 62 52 44 107 97 74 9 1 12 54 15 48 109 86 76 13 89 66 98 88 78 55 23 4 37 110 100 21 43 24 27 70 92 59 226 227 234 235
91 51 62 65 97 110 9 89 42 109 45 99 75 27 57 59 60 90 13 74 111 4 100 68 10 93 70 21 85 8 92 105 53 49 80 106 96 33 63 66 48 78 229 230 237 238
68 51 13 65 105 25 26 56 9 10 40 107 21 110 27 8 60 76 89 2 111 4 78 19 52 3 33 6 66 39 20 34 72 47 1 61 12 42 64 45 48 227 228 235 236
69 104 81 84 30 14 44 47 31 73 64 48 59 62 85 98 75 97 110 23 4 56 21 43 24 54 89 27 57 8 38 111 78 100 90 16 80 49 3 63 55 6 102 39 20 53 227 228 235 236
104 53 34 103 84 30 11 14 9 1 80 31 61 42 64 15 97 48 78 59 62 92 65 46 98 96 23 4 7 37 10 89 21 73 24 27 57 38 60 88 2 19 22 105 55 6 66 230 231 238 239
21 64 7 41 31 96 109 99 53 33 23 88 55 45 22 35 100 16 44 80 57 34 47 89 20 102 46 26 11 38 103 9 106 60 15 30 105 82 52 97 51 87 224 225 232 233
64 43 24 54 90 27 103 8 80 38 60 92 105 82 16 84 22 33 55 6 20 73 34 11 65 47 1 31 97 74 87 15 59 51 62 109 76 89 79 23 78 37 227 228 235 236
61 100 55 90 103 39 34 102 79 82 25 47 9 1 84 12 15 48 59 106 73 62 75 4 26 40 43 24 54 27 41 109 86 99 111 2 88 65 78 35 19 3 227 228 235 236
100 12 42 75 76 92 65 46 96 106 4 56 7 37 89 43 54 27 8 38 41 74 107 35 19 49 82 6 85 66 111 39 99 103 11 14 25 47 102 80 230 231 238 239
19 103 96 40 72 85 62 39 52 107 84 6 74 87 31 44 109 76 89 66 56 33 11 14 111 88 65 55 45 15 25 110 90 57 24 37 82 26 4 7 81 38 224 225 232 233
103 1 105 3 81 62 92 107 98 44 25 26 40 12 42 73 76 87 60 90 13 93 74 23 109 4 35 70 22 54 55 6 66 20 99 102 53 84 230 231 238 239
39 81 2 106 86 16 53 1 3 85 98 20 65 42 34 97 74 110 44 109 25 26 9 79 56 12 46 88 78 90 57 70 4 7 37 22 82 24 59 72 49 225 226 233 234
81 34 93 30 11 44 102 47 1 31 15 78 59 62 13 84 65 46 79 106 96 86 4 26 56 7 37 43 24 98 76 27 41 110 87 89 49 22 55 6 111 66 228 229 236 237
14 24 102 79 92 1 12 59 49 26 16 15 51 106 73 7 10 62 52 8 42 84 97 87 41 54 2 99 89 43 56 3 23 98 6 22 35 110 90 57 70 224 225 232 233
24 74 87 41 1 12 15 86 76 89 66 13 33 98 65 45 25 110 7 10 47 37 92 82 18 48 51 16 93 106 60 96 20 72 75 42 224 225 232 233
73 110 87 35 22 3 33 55 89 53 111 44 25 90 47 80 1 31 42 15 45 59 84 23 4 26 56 37 93 10 96 43 54 27 57 8 41 105 2 228 229 236 237
110 75 76 87 60 13 93 107 88 23 4 37 10 82 55 6 8 38 111 102 53 84 47 49 33 66 97 20 51 62 98 30 96 25 56 42 230 231 238 239
74 75 8 107 72 97 18 86 76 35 16 22 52 33 111 63 88 34 80 44 102 25 105 82 12 15 13 65 46 106 96 23 56 10 40 70 228 229 236 237
75 18 16 102 49 52 3 63 6 66 53 93 96 44 47 1 42 15 45 48 51 62 13 97 109 23 76 25 26 56 9 43 54 111 88 60 228 229 236 237
106 107 16 33 6 85 66 109 72 86 30 11 25 47 1 31 45 97 48 51 65 98 79 96 4 7 89 70 76 57 87 38 41 93 88 2 230 231 238 239
107 8 38 60 41 72 105 35 49 3 82 33 55 6 66 53 34 86 84 11 47 1 80 12 42 45 48 79 4 26 56 7 37 10 40 230 231 238 239
66 4 93 10 43 27 38 60 72 87 16 109 86 99 63 55 6 89 20 88 78 30 44 25 47 70 31 42 45 79 92 51 82 13 65 46 227 228 235 236
12 90 44 80 57 37 89 102 92 13 49 26 16 48 38 8 70 60 27 105 72 52 42 3 87 6 53 56 33 98 88 65 55 45 224 231 232 239
51 6 8 38 20 80 57 60 30 2 105 82 44 59 16 49 3 33 15 45 63 25 26 10 52 40 42 43 54 109 99 76 7 111 78 22 226 227 234 235
23 109 86 56 33 98 7 10 55 35 8 90 57 34 18 79 2 4 16 6 48 38 93 70 63 105 11 52 42 1 15 31 96 224 225 232 233
109 4 7 89 40 54 76 41 93 18 2 35 52 63 20 99 72 53 34 30 11 25 1 42 45 48 78 62 13 92 46 79 96 230 231 238 239
43 87 44 7 37 86 40 89 79 46 27 8 88 57 47 35 16 3 33 92 82 20 48 84 30 25 96 1 31 53 42 85 62 65 226 227 234 235
87 54 97 57 38 89 18 35 111 88 49 52 3 82 33 85 86 102 84 92 25 47 80 31 42 15 48 59 65 105 7 37 9 10 40 70 229 230 237 238
96 99 7 22 52 82 111 38 20 53 34 18 2 102 1 31 3 33 63 92 65 46 79 25 26 70 76 27 57 60 229 230 237 238
99 4 7 37 10 40 76 38 60 90 93 88 18 2 35 49 22 52 3 82 55 20 111 84 11 25 47 9 80 15 45 13 92 65 98 79 230 231 238 239
55 13 86 4 7 85 8 38 97 41 18 2 79 35 88 3 33 78 20 53 34 57 60 102 105 72 31 42 45 48 226 227 234 235
1 90 80 34 70 82 49 26 18 93 63 20 72 85 62 65 9 41 44 76 53 56 46 98 111 78 45 35 2 224 231 232 239
90 80 31 15 48 46 111 56 37 10 54 76 27 8 41 18 92 2 49 22 52 3 82 6 85 20 53 93 30 11 44 47 229 230 237 238
7 11 86 76 20 33 10 3 111 78 45 22 57 34 47 37 102 79 82 59 13 16 48 60 30 85 52 42 84 224 231 232 239
88 79 97 4 56 10 40 76 27 57 89 38 41 3 82 63 6 85 20 53 34 86 30 11 44 47 9 15 59 105 229 230 237 238
13 45 22 35 80 34 47 10 102 79 92 46 49 26 48 15 93 27 63 40 6 52 42 97 2 41 31 44 76 89 111 224 231 232 239
65 111 80 93 52 54 82 72 84 47 49 33 63 48 20 85 98 56 15 45 27 57 59 60 41 227 228 235 236
111 79 26 37 40 57 8 2 82 33 85 72 53 34 86 84 30 44 25 9 31 45 48 78 62 92 230 231 238 239
70 31 33 63 15 89 48 59 62 78 11 25 56 9 10 40 54 57 102 60 92 37 49 6 105 34 72 18 30 2 44 228 229 236 237
16 60 37 27 40 105 82 85 62 42 41 54 31 63 76 53 33 4 78 35 80 57 89 102 2 49 3 48 25 38 224 225 232 233
85 93 2 86 33 6 20 53 34 97 25 89 9 80 31 15 48 78 4 26 102 10 40 105 76 57 8 38 60 41 229 230 237 238
80 9 48 78 59 84 56 37 10 54 27 41 98 18 97 35 52 33 20 72 34 11 25 228 229 236 237
45 79 46 82 27 8 48 38 60 18 2 35 72 52 22 3 6 84 20 86 44 25 98 9 78 226 227 234 235
41 38 53 89 18 2 35 78 22 3 34 47 11 82 59 49 15 48 93 60 63 105 72 4 26 62 52 225 226 233 234
92 11 44 25 47 31 42 46 89 54 76 27 57 8 38 105 18 2 97 49 22 52 3 33 63 53 98 229 230 237 238
42 47 18 2 22 48 20 34 82 25 72 31 15 54 76 53 56 9 10 27 226 227 234 235
2 27 40 30 105 52 54 31 86 63 53 10 78 44 34 47 4 89 102 79 46 82 49 26 48 18 224 231 232 239
27 97 31 44 86 76 46 25 34 37 79 72 49 84 38 4 26 10 93 40 53 30 105 62 18 224 225 232 233
62 78 102 20 34 84 11 44 93 47 9 63 15 105 59 72 97 4 26 10 40 76 89 8 60 98 227 228 235 236
78 46 26 102 79 82 54 57 84 105 3 33 63 6 72 53 97 47 9 228 229 236 237
8 97 54 31 44 11 56 33 98 22 47 37 46 82 49 48 25 15 93 63 40 105 52 224 231 232 239
31 57 37 102 46 82 59 38 93 63 40 105 52 30 11 54 44 76 53 56 33 35 26 225 226 233 234
86 26 37 10 40 54 72 18 22 3 82 6 20 34 84 30 9 48 59 60 93 46 79 102 229 230 237 238
4 76 53 30 20 98 22 34 47 102 79 59 25 38 60 40 72 49 3 84 97 224 231 232 239
76 97 26 56 37 38 22 52 33 63 102 105 72 82 30 84 44 25 46 98 228 229 236 237
97 57 102 35 52 3 33 20 72 53 84 30 98 9 15 59 26 229 230 237 238
9 44 57 34 11 89 102 56 46 59 48 3 38 6 60 40 82 49 52 84 18 63 33 35 224 231 232 239
44 10 40 46 59 49 18 93 35 37 60 38 20 52 15 56 98 11 26 226 227 234 235
38 20 54 30 56 15 47 89 102 82 59 26 10 63 35 22 225 226 233 234
10 53 89 22 35 25 57 37 79 82 59 3 26 6 48 15 93 60 40 30 105 224 231 232 239
40 35 22 6 98 20 34 11 102 79 15 59 48 93 26 60 37 63 72 52 18 225 226 233 234
54 18 98 22 3 33 20 34 79 82 59 30 11 25 48 60 63 46 84 226 227 234 235
60 49 22 52 3 89 79 30 48 102 56 84 63 227 228 235 236
35 63 105 53 56 3 57 6 47 34 79 46 82 59 49 11 25 225 226 233 234
11 56 59 49 26 25 15 93 37 30 105 82 3 72 6 18 20 33 98 22 224 231 232 239
6 15 18 93 20 105 3 52 53 89 56 33 98 25 34 47 37 102 224 231 232 239
15 57 46 26 48 18 72 89 56 98 22 224 225 232 233
57 89 46 26 37 102 82 72 84 33 93 20 53 30 227 228 235 236
30 79 46 59 49 22 3 48 63 72 52 84 53 89 98 37 225 226 233 234
79 59 46 37 84 93 72 18 98 33 63 48 20 34 89 228 229 236 237
20 105 53 89 98 47 37 102 49 26 224 225 232 233
3 18 93 63 84 53 56 33 98 22 25 47 46 59 26 224 231 232 239
18 72 52 84 89 56 98 34 59 49 26 25 93 63 224 225 232 233
37 53 98 25 46 48 33 105 82 72 52 225 226 233 234
105 84 22 52 82 63 53 34 25 47 46 56 102 230 231 238 239
53 26 84 98 49 52 47 102 46 226 227 234 235
34 93 63 52 56 98 22 102 59 49 225 226 233 234
47 72 48 84 63 56 98 226 227 234 235
26 46 98 25 49 84 63 22 224 225 232 233
63 49 22 46 56 227 228 235 236
84 72 93 49 33 56 89 52 82 229 230 237 238
22 93 98 52 89 46 25 102 59 48 224 225 232 233
93 52 82 46 102 56 72 98 229 230 237 238
46 82 49 48 72 33 89 226 227 234 235
49 72 52 89 59 226 227 234 235
56 89 102 82 59 52 72 227 228 235 236
52 59 72 226 227 234 235
72 33 98 102 228 229 236 237
102 48 59 98 33 230 231 238 239
98 82 48 89 230 231 238 239
82 25 33 228 229 236 237
89 33 59 229 230 237 238
59 25 33 227 228 235 236
33 48 225 226 233 234
48 226 227 234 235
25 224 225 232 233
125 200 177 190 144 134 222 123 189 192 169 146 124 171 148 161 128 203 216 170 183 160 137 150 116 130 119 205 182 218 162 129 120 217 207 184 220 164 154 131 186 163 176 133 113 201 178 155 132 168 145 210 223 224 231 232 239
200 177 220 210 219 209 222 119 152 185 136 188 211 169 201 150 186 223 170 213 117 202 180 112 134 164 145 175 118 197 148 214 181 132 162 204 195 198 196 159 140 113 192 124 208 176 187 190 141 163 193 174 229 230 237 238
129 170 183 137 173 150 117 140 128 182 112 218 115 185 152 142 184 174 141 196 123 153 166 143 133 121 124 221 198 175 188 165 135 220 210 223 177 213 167 180 157 134 189 202 179 192 146 149 201 204 138 216 224 225 232 233
170 160 210 187 177 219 209 186 123 126 156 138 198 121 122 124 155 191 141 223 153 213 203 135 116 147 149 214 164 204 118 148 194 184 151 132 165 193 206 173 130 142 114 205 128 185 161 112 127 217 227 228 235 236
188 219 209 222 135 138 168 149 182 166 211 169 201 150 191 172 183 223 213 190 203 130 117 205 161 145 175 167 132 184 194 165 146 216 206 196 121 113 143 195 208 154 127 157 160 141 163 144 197 158 210 228 229 236 237
219 218 169 120 199 172 202 153 215 217 117 221 128 112 213 115 194 145 167 118 211 223 162 165 195 146 179 126 156 137 159 192 143 173 154 206 157 209 190 171 144 174 204 135 119 149 152 182 133 166 230 231 238 239
148 183 196 173 163 205 123 218 195 185 137 162 175 152 121 113 124 127 207 184 197 164 144 154 222 176 153 135 116 198 211 165 122 178 136 210 212 130 179 215 169 114 159 117 191 181 158 203 216 193 225 226 233 234
183 178 132 162 146 186 199 189 142 211 126 156 137 159 113 143 124 154 223 127 141 171 177 158 214 168 194 133 136 166 139 169 153 205 195 185 114 128 217 131 161 112 220 134 197 164 115 145 118 228 229 236 237
167 196 198 175 135 116 207 149 197 122 187 133 155 177 209 153 222 176 189 211 178 117 161 112 223 164 115 213 145 190 203 163 165 202 215 192 169 205 142 126 204 181 137 194 159 184 143 124 216 160 226 227 234 235
196 214 120 150 151 204 181 165 195 179 130 114 147 159 113 175 176 190 207 144 174 220 197 142 209 123 222 126 138 168 221 198 155 211 127 157 187 201 223 189 117 202 149 180 182 134 164 166 229 230 237 238
141 144 180 222 212 182 159 149 128 214 181 134 194 115 171 118 132 216 173 150 163 205 218 195 208 126 137 140 121 207 174 154 209 186 199 176 153 156 221 211 165 201 155 145 210 223 177 190 225 226 233 234
144 190 180 212 202 179 215 192 169 116 119 214 204 181 133 134 194 171 136 184 151 120 173 163 172 208 185 162 152 112 143 115 207 220 187 164 186 176 123 221 198 211 137 138 122 158 139 225 226 233 234
120 121 186 199 153 208 221 198 201 178 155 210 114 117 222 115 212 202 179 192 146 159 136 126 191 204 181 138 128 216 113 137 173 150 127 140 130 215 182 185 217 207 184 197 174 151 116 131 119 224 231 232 239
121 179 156 192 169 123 136 214 191 168 204 114 138 128 180 216 160 137 173 127 118 215 205 182 172 149 207 161 197 164 209 186 163 166 218 221 175 165 155 132 145 220 210 154 119 157 199 224 231 232 239
112 117 182 139 116 152 119 184 161 197 174 151 164 131 206 209 176 143 221 165 142 155 145 135 177 147 124 222 212 202 179 169 123 136 113 126 201 214 204 138 203 193 173 150 127 140 224 231 232 239
117 195 185 115 175 217 207 184 174 164 131 209 199 153 166 143 156 123 221 198 211 165 201 132 168 180 147 124 137 179 215 192 182 136 149 204 181 161 151 128 203 150 130 218 224 231 232 239
195 147 128 180 161 164 145 118 178 181 205 142 210 126 137 159 140 192 143 173 176 222 187 190 174 177 158 211 201 138 119 149 203 182 155 185 139 212 202 172 215 153 189 204 114 228 229 236 237
118 160 173 150 130 172 208 162 139 152 114 119 132 217 184 220 113 174 164 186 199 176 153 133 123 221 201 178 155 122 158 135 203 157 134 147 137 202 215 192 182 126 191 151 128 193 224 231 232 239
160 151 212 146 179 169 214 204 126 194 184 161 140 113 143 127 173 208 162 135 207 138 220 119 149 210 187 152 177 155 139 150 209 222 176 189 211 201 191 114 168 147 128 223 213 115 203 226 227 234 235
189 220 182 185 209 222 212 135 119 180 134 223 136 166 213 178 193 181 132 162 179 215 192 142 214 128 159 217 194 131 161 113 143 115 145 175 127 187 216 206 174 177 208 156 138 140 228 229 236 237
220 203 130 116 149 180 213 164 115 194 197 178 151 211 214 198 212 126 128 159 140 192 157 190 177 210 191 222 208 135 138 201 152 182 124 155 166 139 218 169 199 202 186 230 231 238 239
162 203 114 206 173 131 161 145 151 208 132 175 146 207 184 142 123 126 156 137 159 140 186 199 176 124 157 221 168 223 190 180 138 222 152 212 202 155 192 169 139 182 191 181 226 227 234 235
203 163 193 207 146 177 210 142 123 126 140 143 173 124 154 155 221 185 211 199 202 158 223 213 135 116 168 215 152 133 197 151 204 153 198 130 114 131 113 175 132 229 230 237 238
180 171 163 205 174 208 217 207 187 137 168 119 149 122 152 133 155 186 222 166 199 139 221 191 114 116 147 128 190 131 134 175 151 182 146 194 184 156 113 173 154 127 227 228 235 236
133 176 119 208 175 155 135 177 130 134 147 212 128 202 115 159 136 201 132 191 168 138 193 173 150 215 113 205 124 218 127 149 139 152 142 207 184 197 151 187 164 116 163 199 224 225 232 233
176 136 212 166 202 139 192 172 182 204 130 193 206 161 115 151 218 208 185 146 207 197 210 123 187 156 137 143 124 154 157 163 174 211 158 178 213 116 149 152 227 228 235 236
153 154 139 186 150 166 156 221 198 168 210 128 223 213 134 145 132 212 202 192 146 169 182 214 142 194 126 137 140 143 124 216 127 173 218 172 208 185 149 122 177 225 226 233 234
154 212 156 169 159 130 201 214 191 181 147 134 115 145 173 205 182 123 217 126 207 184 140 174 113 127 209 186 163 199 166 178 155 135 138 149 210 122 223 177 136 150 226 227 234 235
131 215 205 185 139 175 217 114 197 174 187 164 199 166 156 221 198 211 178 168 145 126 223 177 190 113 134 124 147 127 222 212 146 182 149 204 181 158 194 116 122 193 163 140 224 225 232 233
215 161 192 143 145 206 157 163 193 216 204 158 210 191 123 208 126 137 138 140 124 155 185 187 172 186 222 221 147 182 134 213 164 166 197 132 184 165 130 128 230 231 238 239
156 159 122 152 204 139 181 158 194 206 163 116 119 175 134 115 145 217 151 197 174 164 209 199 126 128 221 113 143 211 165 201 177 190 157 123 135 192 137 169 226 227 234 235
159 169 137 113 214 191 181 216 193 206 173 163 185 152 175 155 136 217 150 164 177 209 130 222 199 114 198 211 134 165 178 168 223 213 212 142 179 126 226 227 234 235
114 139 142 119 174 151 187 209 163 199 123 198 175 165 132 168 122 135 210 177 157 222 212 179 169 149 214 194 171 161 115 216 150 127 130 218 113 172 185 224 231 232 239
115 127 140 182 218 172 139 184 174 187 186 166 221 211 165 201 178 155 145 223 177 190 134 212 202 146 136 149 116 204 181 194 171 138 128 216 206 224 231 232 239
127 137 222 179 204 181 158 171 151 128 216 163 130 172 185 139 175 217 207 197 209 199 221 198 211 165 201 178 155 132 168 210 223 177 190 134 224 225 232 233
174 213 190 212 202 192 147 182 161 134 145 151 194 165 216 142 123 208 185 143 175 124 217 171 197 187 158 116 168 119 221 201 139 150 172 227 228 235 236
213 158 210 218 123 208 119 149 182 185 136 166 139 150 172 222 186 221 130 116 161 134 197 178 151 181 132 211 146 212 142 214 140 206 190 171 163 193 230 231 238 239
134 140 218 172 208 152 142 197 116 187 199 221 211 178 130 135 223 128 190 212 192 169 182 136 139 204 194 161 126 151 216 173 224 225 232 233
140 146 191 204 158 194 161 216 193 126 173 124 205 172 152 217 207 186 163 166 143 136 208 139 198 211 165 201 178 145 210 223 190 128 202 225 226 233 234
166 209 155 150 221 198 211 201 210 223 177 190 161 222 145 202 151 182 214 204 181 206 173 143 124 157 172 163 217 207 184 197 187 119 149 226 227 234 235
209 150 205 186 214 217 147 128 197 132 146 198 179 142 123 126 210 173 124 187 171 207 158 211 135 116 138 119 149 223 201 152 182 155 185 229 230 237 238
126 136 214 204 181 158 194 124 216 193 206 150 205 172 208 185 139 175 122 186 143 211 132 168 135 177 147 202 192 182 224 225 232 233
136 199 221 201 168 145 210 190 157 147 137 222 116 212 179 122 192 146 214 191 158 216 163 205 218 208 185 139 175 152 142 207 151 187 123 224 225 232 233
186 187 172 184 222 130 198 147 223 181 165 179 192 142 214 137 204 194 113 157 193 171 206 158 205 218 208 135 168 122 182 197 155 228 229 236 237
187 222 212 130 116 147 194 145 178 181 216 184 179 205 142 208 217 113 143 207 124 177 199 221 198 138 201 168 119 139 169 172 228 229 236 237
218 222 194 145 175 197 178 132 211 165 146 179 212 142 192 143 173 124 206 171 163 193 177 207 158 191 208 138 122 201 182 169 199 150 172 130 230 231 238 239
178 135 116 138 168 119 205 149 155 217 147 128 161 221 164 145 201 132 146 210 223 142 123 202 157 191 204 181 171 158 216 193 206 227 228 235 236
177 190 212 192 205 152 214 181 217 151 193 206 130 185 198 143 132 146 158 222 199 142 123 137 124 155 171 227 228 235 236
116 208 142 155 132 147 212 179 192 169 146 123 201 214 191 171 138 216 193 173 172 149 185 152 119 217 164 206 163 130 143 224 231 232 239
208 211 147 119 194 197 223 184 130 142 143 145 175 216 204 158 137 168 122 152 182 155 210 139 169 199 202 221 229 230 237 238
190 202 138 168 191 122 185 169 150 172 216 193 206 130 217 207 145 175 132 184 165 146 179 199 137 201 173 223 171 163 228 229 236 237
163 193 151 146 172 130 214 142 181 217 171 184 113 145 216 198 138 197 210 152 124 155 221 168 135 147 149 226 227 234 235
135 221 198 165 155 119 122 157 147 222 179 214 130 181 194 171 128 193 206 150 132 205 182 172 185 217 207 184 151 164 124 224 225 232 233
221 168 119 122 139 169 199 150 205 217 147 161 145 151 132 165 146 142 123 173 206 157 222 158 230 231 238 239
147 172 175 164 138 122 198 165 155 168 210 157 222 212 202 145 169 149 146 181 158 123 216 193 137 173 113 143 124 225 226 233 234
137 181 171 123 193 150 182 185 139 194 207 184 161 151 164 206 119 175 165 145 223 130 157 113 179 192 224 225 232 233
211 216 138 149 122 185 139 150 172 202 164 197 181 132 179 223 123 212 192 143 173 171 204 217 191 230 231 238 239
169 143 199 124 157 158 138 152 182 214 191 204 194 171 130 216 193 161 145 151 132 172 185 165 146 217 207 227 228 235 236
119 123 132 168 122 157 124 222 179 192 146 191 181 158 194 113 171 161 128 206 150 205 172 139 184 164 199 224 231 232 239
171 142 212 123 179 192 143 124 158 216 193 206 173 138 168 149 172 122 185 152 155 139 207 184 197 128 164 165 146 227 228 235 236
216 184 165 179 113 192 124 206 157 223 204 207 158 168 201 199 172 202 128 161 145 197 151 230 231 238 239
182 113 143 173 145 175 210 212 152 155 191 193 206 149 205 165 146 197 179 228 229 236 237
161 205 172 175 142 217 207 143 157 199 158 198 152 223 155 139 212 192 130 214 191 128 194 145 193 151 173 226 227 234 235
179 113 124 157 172 205 138 168 149 152 155 139 150 199 130 128 210 164 175 132 123 214 191 204 194 227 228 235 236
222 157 139 199 172 202 205 122 150 151 184 198 212 192 145 206 193 146 210 123 168 201 230 231 238 239
173 202 165 146 214 191 181 142 123 206 113 124 185 217 197 168 149 122 198 210 128 227 228 235 236
212 204 207 191 149 122 152 139 202 184 130 128 145 175 197 223 181 198 113 192 143 230 231 238 239
139 168 145 158 157 192 146 204 181 194 206 138 122 205 175 165 217 197 210 224 225 232 233
193 146 142 214 204 143 157 158 198 138 168 149 122 152 172 184 199 130 201 128 164 145 175 228 229 236 237
143 202 146 214 191 204 181 194 151 206 150 175 132 152 217 207 142 145 223 157 225 226 233 234
202 124 158 223 168 201 152 155 199 150 172 214 204 175 197 181 165 205 198 142 207 210 229 230 237 238
198 138 149 122 155 185 151 181 130 207 164 199 132 165 123 223 124 157 205 158 204 217 229 230 237 238
214 142 113 192 206 157 210 138 168 122 155 199 150 205 223 130 128 164 197 151 181 230 231 238 239
172 128 145 191 223 142 205 217 194 184 138 168 152 151 207 130 210 227 228 235 236
207 223 164 194 175 184 217 142 123 192 206 157 210 191 138 122 201 152 229 230 237 238
223 158 210 191 199 130 164 197 132 146 142 123 192 206 230 231 238 239
113 192 149 204 138 128 205 185 175 142 217 184 197 164 199 201 145 122 158 210 157 124 224 231 232 239
199 150 201 128 164 151 132 204 123 192 205 138 149 122 152 229 230 237 238
157 191 158 138 122 152 206 205 185 175 130 217 184 128 164 145 151 201 142 123 226 227 234 235
128 185 152 123 164 155 132 210 122 191 181 158 138 206 224 225 232 233
205 164 145 175 197 151 181 165 124 158 191 152 206 155 185 184 210 229 230 237 238
158 138 124 155 194 149 152 175 217 132 165 201 146 168 226 227 234 235
150 132 146 165 155 210 192 201 191 204 194 149 122 206 185 175 217 197 151 225 226 233 234
185 164 175 151 181 132 184 146 142 191 204 168 122 155 130 228 229 236 237
192 204 194 191 164 145 201 132 184 146 142 123 228 229 236 237
123 201 191 168 181 194 184 197 130 165 132 145 210 224 231 232 239
201 138 168 124 149 164 204 181 132 184 165 146 206 229 230 237 238
142 191 204 181 175 217 184 197 124 168 149 225 226 233 234
122 165 132 210 146 149 191 204 181 194 151 175 152 217 184 197 224 231 232 239
132 206 152 217 130 165 155 145 124 138 224 225 232 233
206 184 165 146 217 124 204 168 130 164 194 175 197 229 230 237 238
124 149 204 194 138 184 197 164 168 145 224 231 232 239
184 145 175 155 191 168 151 194 228 229 236 237
146 175 197 138 164 165 130 149 191 194 225 226 233 234
152 165 145 168 151 181 138 149 217 197 164 225 226 233 234
130 217 151 164 165 168 149 204 138 224 225 232 233
217 210 191 168 149 155 151 181 230 231 238 239
151 175 165 197 210 138 149 204 225 226 233 234
210 138 197 164 175 191 155 230 231 238 239
191 155 194 138 181 165 197 164 228 229 236 237
155 149 168 181 164 226 227 234 235
204 194 197 165 229 230 237 238
165 175 197 181 194 226 227 234 235
168 181 194 227 228 235 236
138 149 194 164 224 225 232 233
175 164 181 194 227 228 235 236
181 194 227 228 235 236
145 197 194 225 226 233 234
164 149 226 227 234 235
149 194 225 226 233 234
194 228 229 236 237
197 229 230 237 238
224
225
226
227
228
229
230
231
232
233
234
235
236
237
238
239
