#/usr/local/lib/python3.10/dist-packages/colab_kernel_launcher.py -f /root/.local/share/jupyter/runtime/kernel-dea7114a-48f2-47cd-9840-9590734c419b.json
# GMT Thu May 23 16:28:33 2024
# 
15 21 30 9 34 20 29 24 7 32 10 2 5 36 8 31 40 11 17 26 35 85 86 92 93
21 37 7 32 27 36 22 31 40 10 2 30 25 3 14 6 23 9 1 4 86 87 93 94
30 18 10 29 2 13 16 40 8 11 22 3 6 39 0 38 33 12 25 88 89 95 96
7 26 35 16 11 2 34 20 29 37 0 14 23 9 3 1 41 27 4 84 85 91 92
26 2 24 34 8 33 11 0 28 37 32 20 41 12 27 36 4 40 35 87 88 94 95
35 18 10 2 36 32 5 16 27 19 11 22 6 38 9 1 23 34 88 89 95 96
18 8 3 34 29 38 24 33 19 28 37 9 10 12 5 32 41 27 36 86 87 93 94
29 32 41 25 31 6 28 17 1 23 10 38 2 33 13 24 14 87 88 94 95
32 22 41 40 6 8 1 31 20 25 34 9 10 12 27 88 89 95 96
0 5 23 9 36 4 22 31 40 17 3 16 2 25 11 6 1 10 84 90 91 97
5 41 36 31 40 16 1 4 34 20 2 19 37 14 23 9 13 84 90 91 97
41 2 19 38 39 14 25 6 36 28 1 20 31 12 23 89 90 96 97
8 2 13 31 40 6 39 34 20 24 33 4 10 19 28 23 84 85 91 92
37 22 33 17 28 11 1 20 12 39 25 34 2 27 19 40 89 90 96 97
23 11 22 25 34 38 33 1 12 10 4 40 19 86 87 93 94
11 9 2 27 36 31 17 16 39 34 20 38 33 84 85 91 92
2 13 3 16 6 33 10 19 84 90 91 97
14 24 33 28 3 9 12 4 27 36 31 17 39 34 20 38 85 86 92 93
24 6 17 31 40 9 1 12 25 4 10 38 13 19 22 87 88 94 95
22 10 27 16 3 39 6 17 9 1 4 38 33 86 87 93 94
33 17 28 9 36 10 13 16 27 19 88 89 95 96
6 34 19 28 9 27 40 17 12 16 84 85 91 92
34 17 1 20 39 13 16 3 88 89 95 96
9 3 25 10 28 27 13 84 85 91 92
10 3 17 12 4 28 84 85 91 92
25 17 28 36 31 40 3 13 16 20 39 87 88 94 95
3 19 36 13 17 12 16 20 38 84 90 91 97
19 1 27 36 31 4 39 20 28 86 87 93 94
28 39 20 12 31 13 16 27 87 88 94 95
17 39 38 13 27 12 4 85 86 92 93
39 20 12 4 13 36 38 1 31 89 90 96 97
16 36 31 20 38 1 4 85 86 92 93
31 38 27 40 4 88 89 95 96
27 13 12 4 87 88 94 95
36 38 13 40 4 89 90 96 97
13 40 1 38 12 85 86 92 93
38 1 20 40 89 90 96 97
40 1 20 12 89 90 96 97
12 20 4 85 86 92 93
20 86 87 93 94
1 4 84 90 91 97
4 84 90 91 97
49 59 68 63 53 44 47 67 62 71 80 52 42 56 65 43 83 78 55 82 46 84 85 91 92
59 81 67 62 80 75 61 79 58 42 53 74 83 78 48 82 68 77 51 43 85 86 92 93
57 72 67 54 76 46 66 75 70 79 74 60 52 44 47 55 83 69 78 53 68 85 86 92 93
72 68 60 52 71 44 66 58 82 69 64 48 81 76 42 43 65 79 74 67 88 89 95 96
68 81 63 47 66 55 58 71 80 50 75 42 70 79 83 69 77 87 88 94 95
81 70 62 54 46 47 79 44 63 64 55 78 82 50 61 53 43 73 89 90 96 97
60 77 50 63 58 48 42 62 71 80 66 75 70 79 46 55 74 69 64 86 87 93 94
77 71 83 63 78 47 66 55 69 61 64 56 67 80 51 79 54 76 88 89 95 96
50 51 44 47 78 64 42 58 45 76 71 80 66 46 52 70 79 65 84 85 91 92
51 42 45 76 62 71 80 66 48 56 43 46 79 74 55 73 54 58 84 85 91 92
82 83 52 71 47 69 53 64 75 48 78 70 43 62 65 54 76 89 90 96 97
83 63 74 47 61 42 64 56 45 67 78 43 73 62 76 89 90 96 97
63 79 74 78 64 52 58 61 67 45 71 80 70 54 46 86 87 93 94
79 56 48 42 53 43 73 80 52 44 47 89 90 96 97
53 56 65 46 78 55 73 54 58 45 67 76 62 71 70 84 85 91 92
56 66 75 61 48 43 54 46 64 73 52 44 55 62 80 85 86 92 93
65 64 48 67 76 71 66 75 70 54 52 44 47 73 58 61 86 87 93 94
52 69 64 45 48 58 46 76 80 61 47 42 84 85 91 92
69 44 64 55 66 58 78 42 67 48 62 71 80 46 87 88 94 95
67 76 80 70 54 74 44 73 55 58 48 87 88 94 95
76 70 43 54 46 74 55 58 61 75 88 89 95 96
45 48 66 75 61 47 44 74 64 73 54 58 43 71 80 84 90 91 97
48 80 66 70 74 55 73 54 43 84 85 91 92
66 73 46 44 71 55 75 61 42 87 88 94 95
75 70 62 73 78 71 47 58 61 42 64 88 89 95 96
71 78 73 70 46 80 87 88 94 95
78 55 58 61 43 62 73 46 89 90 96 97
74 64 55 61 42 43 73 62 54 47 88 89 95 96
42 46 55 44 62 80 43 84 90 91 97
64 44 61 62 54 80 86 87 93 94
44 54 58 62 47 46 43 84 90 91 97
80 70 73 89 90 96 97
61 54 47 58 62 70 86 87 93 94
70 43 73 47 55 87 88 94 95
73 58 43 54 88 89 95 96
47 43 46 62 84 90 91 97
55 62 46 85 86 92 93
62 46 86 87 93 94
58 54 85 86 92 93
54 43 85 86 92 93
43 84 90 91 97
46 84 90 91 97
84
85
86
87
88
89
90
91
92
93
94
95
96
97
