#/usr/local/lib/python3.10/dist-packages/colab_kernel_launcher.py -f /root/.local/share/jupyter/runtime/kernel-dea7114a-48f2-47cd-9840-9590734c419b.json
# GMT Thu May 23 16:19:58 2024
# 
15 21 30 14 16 57 43 29 47 56 33 32 18 64 59 63 49 58 0 142 143
21 55 36 40 35 13 67 62 48 66 61 24 42 17 20 56 4 51 143 144
47 53 57 65 28 12 23 69 29 63 49 58 32 5 30 19 38 11 148 149
53 28 9 20 31 42 43 7 10 22 32 16 11 68 41 52 58 6 149 150
30 7 18 29 2 69 64 5 59 16 6 67 62 39 52 33 51 145 146
55 66 32 16 46 19 14 44 59 67 9 39 1 50 23 12 10 40 150 151
66 28 50 45 56 10 40 2 59 68 62 65 46 14 44 33 67 152 153
59 64 5 35 8 11 44 25 1 58 12 18 65 69 48 150 151
64 43 32 35 13 24 27 57 19 65 17 39 20 69 68 18 151 152
18 26 35 3 6 0 25 34 20 23 10 2 4 68 27 142 143
26 10 67 16 61 29 56 65 37 46 14 25 17 41 68 23 36 45 144 145
35 46 50 54 40 5 24 16 11 14 33 62 39 56 42 146 147
17 67 48 57 25 34 43 2 42 5 41 50 45 6 22 63 142 143
67 1 23 42 56 37 48 10 29 46 57 38 11 152 153
9 63 48 25 34 52 10 65 69 7 46 36 45 13 31 2 16 140 141
63 40 29 51 4 62 37 27 57 8 38 2 36 39 45 151 152
40 41 49 13 22 52 56 6 36 1 4 60 34 46 147 148
41 51 32 19 69 14 54 28 31 20 4 62 48 52 10 147 148
0 5 51 69 46 36 8 12 7 44 62 48 25 34 61 24 1 140 153
5 46 3 27 45 31 12 39 62 52 42 19 13 140 141
51 6 49 11 1 57 48 10 23 60 4 32 24 7 149 150
25 43 61 38 33 50 27 36 22 3 6 68 39 144 145
43 6 50 68 39 31 42 4 2 57 61 65 11 22 147 148
3 6 24 28 14 27 54 22 49 62 48 34 61 20 29 38 140 153
6 61 56 24 10 19 27 44 12 20 140 141
14 60 46 68 36 45 54 44 16 39 48 38 141 142
61 36 42 34 37 32 69 16 19 49 22 33 151 152
24 60 27 36 44 20 12 7 2 13 42 28 143 144
32 69 54 11 31 57 52 38 56 33 37 145 146
69 13 54 8 19 33 50 42 4 56 152 153
13 65 68 36 31 11 58 62 39 29 23 7 141 142
65 11 1 44 33 28 50 46 57 2 52 152 153
16 60 37 27 8 58 62 39 48 1 142 143
57 50 68 34 37 8 38 49 44 150 151
28 39 38 56 37 20 23 4 2 31 27 8 144 145
7 58 62 34 29 33 37 60 46 1 68 54 140 141
48 58 42 52 27 19 22 44 148 149
58 10 46 2 54 60 36 39 1 45 56 150 151
29 20 10 33 37 27 8 19 60 46 144 145
33 42 1 60 45 54 62 11 145 146
42 36 44 39 31 12 38 147 148
38 20 31 46 23 68 49 34 22 146 147
2 45 62 20 56 4 1 60 140 153
45 8 11 52 22 56 36 50 54 148 149
10 12 52 19 60 8 50 141 142
60 49 11 44 31 50 23 34 151 152
1 52 23 4 50 49 11 140 153
39 52 68 19 11 146 147
46 8 49 56 148 149
36 37 54 31 34 146 147
49 54 11 22 44 31 52 37 148 149
56 23 4 27 150 151
54 68 19 22 52 44 50 149 150
50 19 22 20 37 149 150
22 27 19 11 31 4 143 144
27 68 12 23 37 144 145
68 8 44 12 152 153
34 23 12 4 62 52 8 145 146
12 62 52 20 19 8 31 141 142
20 4 37 23 31 143 144
31 37 8 145 146
23 52 4 44 143 144
4 44 8 140 153
37 62 8 146 147
19 62 11 142 143
52 149 150
62 151 152
44 8 147 148
8 140 141
11 141 142
85 91 76 127 122 117 126 89 93 80 72 75 116 134 97 106 133 96 105 142 143
91 77 106 124 80 75 78 114 118 95 104 108 76 87 82 74 130 139 143 144
106 123 99 113 108 107 78 70 125 95 138 76 124 98 71 109 137 146 147
123 71 90 93 96 136 135 80 99 72 102 75 83 89 130 108 134 122 149 150
77 96 133 132 136 126 94 112 107 70 84 93 135 130 116 102 111 74 140 141
96 80 75 94 131 126 112 70 107 139 71 134 138 82 115 128 144 145
87 128 137 136 104 131 83 93 78 84 102 129 97 115 124 92 119 71 142 143
128 80 112 75 131 135 127 100 72 117 129 138 109 71 114 126 115 150 151
137 71 82 88 135 110 72 129 113 75 105 125 78 119 70 122 139 152 153
88 114 84 70 136 95 104 117 94 112 89 98 79 130 139 125 138 133 142 143
114 126 121 82 112 74 75 94 97 130 100 116 119 81 118 122 147 148
70 84 135 121 125 102 138 97 83 92 73 86 108 117 140 153
84 81 121 93 135 130 120 115 119 86 118 127 136 104 126 141 142
81 79 126 135 139 74 75 92 101 105 100 109 127 136 113 90 108 141 142
110 129 115 124 133 102 105 97 108 92 118 127 136 76 121 71 130 139 147 148
129 133 94 86 127 92 132 136 117 98 109 120 93 130 80 150 151
99 138 95 100 79 93 82 132 122 131 94 97 78 89 135 116 134 144 145
138 121 94 97 100 111 103 133 136 98 112 107 79 152 153
103 126 73 95 90 82 130 74 134 120 115 133 102 83 97 100 109 113 145 146
126 98 112 72 124 139 97 100 108 122 111 150 151
95 122 121 116 134 89 120 97 115 92 76 71 119 100 144 145
122 120 74 134 124 72 102 113 86 78 119 73 149 150
80 133 86 118 127 104 90 94 98 93 130 78 125 141 142
133 112 75 132 83 116 78 98 109 115 136 151 152
92 98 93 102 130 101 73 105 79 118 131 94 112 143 144
98 127 131 117 107 90 74 115 124 101 86 144 145
73 94 89 79 130 97 101 119 82 100 118 136 104 90 108 140 153
94 130 116 119 79 109 104 113 107 143 144
113 139 76 124 79 119 101 74 131 105 121 86 108 147 148
139 132 105 116 89 100 111 120 93 115 104 152 153
121 124 86 117 78 120 79 118 131 112 125 105 149 150
117 118 101 125 134 120 72 124 75 83 105 78 148 149
118 93 135 102 75 97 116 78 108 125 148 149
76 112 107 116 74 130 134 120 101 82 100 90 132 140 141
115 102 83 105 132 127 135 82 125 148 149
124 75 78 127 136 131 120 74 107 149 150
132 109 71 120 82 112 105 127 89 100 119 111 151 152
72 97 101 86 127 104 108 89 107 75 71 134 140 153
97 101 89 71 127 112 144 145
93 136 71 79 116 134 74 89 143 144
89 125 111 82 75 127 104 108 142 143
102 90 101 136 104 79 135 116 75 145 146
83 130 111 119 86 109 104 131 108 107 82 74 141 142
130 78 108 135 151 152
105 116 125 134 119 109 127 108 146 147
71 104 135 116 79 82 86 140 153
127 86 100 78 150 151
136 109 90 82 111 152 153
109 79 131 82 112 111 107 134 146 147
101 104 107 78 125 120 90 119 82 145 146
116 125 119 131 135 148 149
125 86 100 79 74 107 150 151
86 111 119 104 131 74 142 143
134 78 90 120 112 107 151 152
108 135 75 100 146 147
104 90 75 111 145 146
79 131 90 112 107 140 141
131 90 120 119 111 151 152
112 107 74 147 148
90 107 75 78 100 143 144
82 120 74 141 142
111 100 120 119 74 107 135 147 148
75 140 141
100 78 145 146
120 135 74 149 150
107 146 147
119 135 148 149
135 152 153
78 140 141
74 140 153
140
141
142
143
144
145
146
147
148
149
150
151
152
153
