#/usr/local/lib/python3.10/dist-packages/colab_kernel_launcher.py -f /root/.local/share/jupyter/runtime/kernel-6c0fbf18-c276-4b2d-9452-8819c27dba4d.json
# GMT Sat May 25 00:52:54 2024
# 
7 26 12 21 30 16 2 5 39 25 34 20 38 24 33 10 28 37 0 14 23 32 27 36 13 22 31 4 8 80 84 85 88 89 93 94 97
26 10 2 5 13 16 34 29 38 19 33 0 11 28 37 22 32 3 17 9 1 20 12 27 4 31 15 35 81 82 86 87 90 91 95 96
15 39 3 14 25 6 1 12 34 4 20 38 33 19 37 23 18 10 2 13 36 8 22 31 11 0 17 35 80 81 85 86 89 90 94 95
39 9 10 12 23 4 32 5 34 27 2 21 22 24 13 6 30 19 8 38 0 1 31 14 3 33 25 83 84 87 88 92 93 96 97
18 35 8 21 30 14 6 0 11 1 25 34 20 38 33 19 28 37 23 17 9 2 12 4 13 32 36 22 81 82 85 86 89 90 94 95
35 10 29 36 32 13 24 19 30 8 11 0 14 3 33 25 6 38 17 28 9 37 1 31 20 23 82 83 87 88 91 92 96 97
0 5 14 23 9 27 36 4 17 3 21 2 30 25 34 11 29 38 6 24 33 1 10 80 83 84 87 88 92 93 96 97
5 3 27 36 22 31 8 17 12 21 30 25 11 6 4 20 29 38 24 33 10 19 28 37 32 80 84 85 88 89 92 93 97
8 2 36 13 22 31 17 12 21 16 11 3 1 25 34 38 24 4 10 19 28 37 23 80 84 85 88 89 93 94 97
21 37 32 27 31 10 2 30 13 16 25 34 14 29 38 33 6 28 23 17 9 20 12 81 82 85 86 90 91 94 95
37 22 33 16 6 36 17 11 1 31 12 23 25 38 34 10 4 32 13 24 30 83 84 87 88 92 93 96 97
11 14 23 9 10 2 27 36 13 22 31 17 12 16 3 25 29 24 33 19 28 80 81 84 85 89 90 93 94
14 33 19 28 3 6 9 1 12 4 27 22 31 17 30 16 25 13 34 20 38 80 81 85 86 89 90 93 94
23 3 6 34 17 29 38 24 33 1 20 28 12 9 32 27 16 30 19 81 82 86 87 90 91 94 95
10 27 36 3 17 30 16 9 1 34 29 38 24 33 19 28 32 13 80 81 84 85 89 90 93 94 97
27 2 22 13 16 36 31 19 30 3 9 1 20 12 29 38 4 28 32 82 83 86 87 90 91 95 96
33 38 6 17 9 20 31 12 36 29 2 32 24 16 34 82 83 87 88 91 92 96 97
38 25 36 28 9 1 31 20 29 24 30 19 22 83 84 87 88 92 93 96 97
36 32 13 24 16 30 19 22 3 6 28 9 1 31 20 4 83 84 87 88 91 92 96 97
2 32 13 22 31 3 12 30 16 25 34 20 6 24 19 28 9 4 80 83 84 88 89 92 93 97
32 13 24 16 6 19 20 31 3 17 34 9 12 4 30 82 83 87 88 91 92 95 96
25 34 29 17 9 12 24 19 31 22 3 13 16 20 30 81 82 86 87 90 91 95 96
34 17 28 9 1 31 12 4 29 24 16 30 22 82 83 87 88 91 92 96 97
3 6 24 19 9 4 13 31 17 12 30 16 29 80 83 84 88 89 92 93 97
6 29 24 19 28 13 4 22 31 17 12 30 20 1 80 84 85 88 89 93 94 97
22 28 13 19 31 30 17 9 1 12 4 29 81 82 85 86 90 91 94 95
28 29 17 1 20 12 31 24 13 16 19 82 83 86 87 91 92 95 96
24 9 1 20 30 4 29 13 16 81 82 86 87 90 91 95 96
12 29 13 31 1 16 4 80 81 84 85 89 90 93 94
30 9 29 16 31 17 1 82 83 86 87 91 92 95 96
9 20 29 19 1 4 17 80 81 84 85 88 89 93 94 97
29 31 17 1 20 4 13 16 82 83 86 87 91 92 95 96
19 17 1 4 13 16 20 81 82 85 86 90 91 94 95
16 17 13 20 1 4 80 81 85 86 89 90 94 95
31 20 4 82 83 86 87 91 92 95 96
17 20 4 80 81 85 86 89 90 94 95
13 1 20 80 81 84 85 89 90 93 94
20 4 1 81 82 85 86 90 91 94 95
4 1 80 83 84 88 89 92 93 97
1 80 83 84 88 89 92 93 96 97
55 61 70 54 43 46 49 41 52 44 60 78 64 73 47 68 77 63 72 58 50 42 53 67 76 71 40 51 66 80 81 85 86 89 90 94 95
61 47 72 67 76 71 66 42 70 45 56 48 59 40 79 74 54 78 64 46 68 63 57 49 41 60 52 44 81 82 85 86 90 91 94 95
47 57 66 75 52 56 42 45 79 65 69 78 50 68 77 40 54 49 43 46 41 72 58 67 76 53 48 80 84 85 88 89 93 94 97
57 79 74 60 69 78 64 59 45 68 63 56 48 40 51 54 43 72 67 76 46 62 75 49 70 52 44 80 81 85 86 89 90 94 95
70 66 49 69 42 44 64 56 71 75 59 51 62 54 43 68 79 74 41 78 60 73 63 77 72 65 82 83 86 87 91 92 95 96
66 58 79 50 42 45 64 56 69 48 73 51 40 77 62 65 46 49 41 60 63 52 67 76 75 81 82 86 87 90 91 95 96
58 48 54 56 46 40 51 41 65 74 69 64 73 59 77 49 50 42 52 45 53 72 67 76 62 71 81 82 85 86 89 90 94 95
79 49 50 60 52 44 72 45 74 77 67 42 62 64 53 75 46 76 78 41 71 43 73 65 83 84 87 88 92 93 96 97
75 69 42 76 72 45 64 53 56 51 40 43 73 65 78 68 49 77 41 71 63 52 44 74 82 83 87 88 91 92 96 97
69 72 76 65 46 71 68 41 60 63 52 44 74 50 78 42 73 77 67 48 59 62 54 82 83 86 87 91 92 95 96
72 42 62 54 76 64 56 48 40 41 60 71 68 74 49 50 78 63 44 45 82 83 87 88 91 92 95 96
40 45 54 49 67 44 53 71 48 43 56 42 65 74 51 78 46 64 50 59 68 80 83 84 87 88 92 93 96 97
45 43 62 71 48 56 65 41 51 46 74 60 78 42 73 50 59 77 54 53 80 84 85 88 89 92 93 97
48 67 76 53 62 52 51 43 46 65 78 64 73 44 50 59 68 77 54 63 80 84 85 88 89 93 94 97
54 51 64 59 68 43 46 49 41 52 44 76 62 71 56 65 53 60 80 81 85 86 89 90 93 94
51 63 49 50 42 77 44 67 53 71 52 43 46 65 60 78 64 73 59 80 81 84 85 89 90 93 94
63 62 43 74 64 73 41 60 68 77 52 49 50 44 76 71 53 56 59 81 82 86 87 90 91 94 95
50 67 76 62 43 52 46 56 49 41 44 78 64 73 59 77 42 80 81 84 85 89 90 93 94 97
67 42 64 76 71 59 46 49 41 60 74 52 78 44 73 68 77 82 83 86 87 90 91 95 96
76 78 64 53 56 59 62 43 73 65 49 52 44 74 83 84 87 88 91 92 96 97
73 78 43 77 65 68 49 41 71 52 42 53 59 74 62 82 83 87 88 91 92 96 97
78 46 68 41 71 60 52 74 77 53 59 43 83 84 87 88 92 93 96 97
65 74 68 49 52 44 64 77 42 71 62 43 53 56 46 81 82 86 87 90 91 95 96
74 46 68 41 60 71 52 77 53 56 59 62 43 82 83 87 88 91 92 96 97
42 53 62 43 56 60 46 64 59 68 77 49 80 83 84 88 89 92 93 97
43 46 64 44 53 62 52 56 41 60 80 83 84 88 89 92 93 97
46 59 49 53 44 71 56 60 41 80 84 85 88 89 93 94 97
62 68 77 59 71 49 41 60 52 44 64 81 82 85 86 90 91 94 95
68 77 49 60 52 44 53 64 56 59 82 83 86 87 91 92 95 96
64 71 60 53 56 77 59 81 82 86 87 90 91 95 96
77 56 71 60 49 44 59 83 84 87 88 92 93 96 97
52 59 53 41 56 44 80 81 84 85 89 90 93 94
49 60 41 53 71 80 81 84 85 88 89 93 94 97
59 41 71 56 60 81 82 85 86 90 91 94 95
56 71 53 41 44 80 81 85 86 89 90 94 95
71 53 60 44 82 83 86 87 91 92 95 96
53 41 60 44 80 81 84 85 89 90 93 94
60 44 41 81 82 85 86 90 91 94 95
44 41 80 83 84 88 89 92 93 97
41 80 83 84 88 89 92 93 96 97
80
81
82
83
84
85
86
87
88
89
90
91
92
93
94
95
96
97
