#/usr/local/lib/python3.10/dist-packages/colab_kernel_launcher.py -f /root/.local/share/jupyter/runtime/kernel-6c0fbf18-c276-4b2d-9452-8819c27dba4d.json
# GMT Sat May 25 03:18:18 2024
# 
12 123 100 77 90 80 57 34 37 122 14 112 89 69 82 59 36 26 16 4 91 71 8 103 70 60 50 128 105 85 2 75 5 42 19 0 107 120 3 97 87 54 31 129 132 109 66 23 121 111 88 55 45 9 22 35 110 270 278 279 287
123 42 64 78 130 92 95 46 112 132 56 7 70 134 43 124 73 24 27 8 87 38 41 120 77 126 107 121 5 35 19 49 22 101 82 6 115 17 50 102 34 86 116 67 119 129 122 103 30 128 25 47 28 9 1 80 277 278 286 287
24 97 14 74 41 1 44 129 109 99 66 33 134 65 101 78 55 68 35 133 25 110 77 80 47 37 69 36 81 58 2 38 28 126 19 116 0 93 106 83 27 63 17 20 30 128 118 95 108 39 75 117 130 107 11 84 270 271 279 280
97 27 57 8 38 60 41 113 93 58 125 18 102 5 19 0 114 22 127 52 36 17 34 119 128 11 131 44 108 98 28 1 80 31 42 15 94 78 29 59 51 62 13 46 79 122 96 56 134 37 10 89 40 21 73 275 276 284 285
55 84 32 126 46 129 73 86 23 118 95 7 108 85 62 98 75 27 130 74 110 87 64 77 109 18 122 66 35 16 19 49 22 124 3 101 33 78 36 68 20 100 34 113 57 60 30 11 9 1 42 127 104 94 71 272 273 281 282
84 69 105 72 53 67 117 2 126 16 116 47 19 106 49 33 78 20 118 85 98 65 120 110 87 14 25 26 28 9 10 42 122 15 45 75 89 76 60 71 13 74 134 111 88 91 133 23 4 113 7 68 22 52 54 274 275 283 284
1 113 103 57 34 70 37 125 92 69 36 49 104 94 71 48 15 28 126 93 129 83 60 96 73 27 17 7 20 105 118 72 62 75 65 19 117 9 107 74 8 44 86 43 56 33 46 131 101 78 45 133 2 270 278 279 287
113 80 42 15 48 59 32 62 92 126 98 109 112 96 26 118 56 37 9 89 40 54 76 27 106 130 8 38 41 93 104 107 88 119 110 132 91 35 16 68 49 134 3 85 66 17 50 102 83 103 30 11 28 276 277 285 286
88 118 46 98 79 107 23 110 56 7 10 40 70 132 73 109 54 76 87 38 77 58 101 2 133 5 100 52 63 6 17 39 69 115 92 72 53 34 86 127 117 30 11 25 126 31 61 42 96 15 45 59 51 62 274 275 283 284
118 91 18 105 16 68 49 101 82 63 6 66 128 69 99 131 50 34 86 130 120 30 14 132 80 15 108 59 81 32 111 134 92 65 95 46 98 79 23 56 7 10 40 70 54 27 106 57 38 41 58 276 277 285 286
107 131 106 57 8 87 41 104 58 103 2 122 68 19 112 49 22 101 3 33 63 6 85 17 39 20 83 98 100 126 11 44 25 47 9 125 61 45 51 81 32 95 79 119 26 37 89 40 70 43 54 276 277 285 286
131 79 23 56 37 89 40 101 43 85 115 57 8 38 69 71 116 58 130 103 2 16 19 80 52 63 36 111 83 114 65 95 125 67 112 11 47 28 31 61 15 94 75 76 106 108 132 120 62 13 92 46 126 277 278 286 287
0 5 126 70 106 60 37 73 50 27 40 115 105 82 95 49 85 42 19 94 87 64 54 31 129 53 66 20 33 23 108 65 32 133 100 77 122 112 125 102 56 69 59 36 134 26 3 124 16 114 104 48 25 28 270 278 279 287
5 83 50 27 40 17 128 105 72 85 62 52 32 117 9 74 87 64 8 119 122 99 53 121 13 68 45 22 35 110 4 90 103 57 47 37 125 115 92 46 82 124 6 81 94 71 48 38 51 116 93 106 270 278 279 287
99 127 96 104 117 23 10 89 126 70 21 43 116 54 76 87 60 90 93 108 91 2 130 3 82 63 6 109 39 53 83 86 121 134 111 11 44 133 47 9 80 103 42 45 75 29 112 32 125 62 13 92 95 114 275 276 284 285
127 102 53 133 86 116 119 100 103 30 16 31 15 48 78 51 81 111 13 92 114 65 95 125 79 112 11 96 23 56 128 10 40 70 43 73 57 90 41 120 104 77 4 37 3 82 33 63 6 66 17 39 20 277 278 286 287
83 104 117 22 33 63 66 39 20 116 72 129 53 34 67 85 98 44 25 47 28 9 80 31 130 42 110 45 48 29 59 13 132 65 109 46 122 134 26 101 56 70 133 100 57 38 103 112 115 2 274 275 283 284
11 14 112 102 79 56 69 59 36 49 124 16 101 114 58 61 15 93 60 73 50 27 82 75 52 42 74 87 41 21 119 132 86 76 53 66 43 20 33 108 121 111 65 68 45 35 100 80 270 278 279 287
14 125 115 9 92 69 46 36 114 13 58 94 38 51 93 60 96 4 27 63 95 108 85 39 52 8 117 130 120 74 54 31 44 21 76 53 89 66 43 56 33 3 23 6 134 65 101 35 25 110 90 34 270 278 279 287
65 134 13 101 91 58 100 23 4 80 70 7 37 52 125 115 105 82 38 53 94 18 129 16 47 86 3 63 17 48 95 75 34 110 87 30 67 25 109 122 61 42 43 15 45 79 60 273 274 282 283
134 95 125 23 89 54 57 8 90 120 71 74 126 77 124 4 35 7 37 68 49 22 101 6 85 36 66 39 102 34 86 130 16 28 80 61 15 94 75 17 48 29 51 81 32 111 277 278 286 287
6 48 51 126 116 106 60 73 50 63 40 2 20 105 75 3 52 29 42 120 41 54 8 21 132 86 122 33 121 98 45 35 133 90 67 103 80 57 70 37 112 4 69 26 39 104 81 94 270 278 279 287
48 90 57 125 30 115 92 59 25 72 49 28 114 15 45 29 61 32 126 116 46 93 129 106 60 63 105 23 95 37 62 52 40 38 87 64 54 119 132 122 89 35 121 19 111 22 78 68 272 273 281 282
57 130 28 120 9 110 31 64 29 32 46 98 111 78 91 68 26 58 7 100 67 103 80 8 41 112 125 79 92 59 81 61 22 3 33 116 20 60 73 128 105 108 85 30 272 273 281 282
130 8 41 93 104 126 77 110 35 68 19 22 101 82 66 39 20 72 53 34 100 117 44 132 80 31 94 75 78 29 51 81 32 13 114 125 79 96 4 129 26 7 70 54 76 27 277 278 286 287
77 108 40 70 76 120 13 87 58 112 23 4 21 22 52 111 54 36 8 69 20 50 53 67 90 80 93 2 125 102 115 92 105 19 61 15 45 114 117 94 62 34 129 106 25 26 9 95 274 275 283 284
108 58 18 105 35 49 21 22 125 3 33 63 36 124 114 86 117 30 44 16 47 80 31 64 94 128 81 32 62 13 92 95 98 79 110 25 56 109 9 89 54 27 106 38 60 90 276 277 285 286
50 91 2 104 81 58 94 35 71 49 51 126 17 60 39 96 63 34 105 95 72 85 75 52 28 9 87 64 54 42 15 129 45 132 76 53 66 111 78 37 100 80 27 70 115 69 18 114 272 273 281 282
91 128 51 32 98 120 110 28 89 31 132 109 73 15 122 27 112 29 121 111 58 101 133 103 68 40 93 52 54 102 115 92 41 105 72 53 67 114 18 2 47 106 119 3 33 64 36 78 20 275 276 284 285
49 126 73 63 30 47 28 62 52 29 74 51 87 64 46 54 96 132 109 76 89 56 26 9 121 10 111 43 101 38 41 80 18 125 79 115 4 92 16 82 19 3 114 39 272 273 281 282
126 101 52 33 51 86 116 67 98 132 30 44 45 78 29 59 62 93 95 109 96 7 37 10 89 70 54 76 106 87 41 102 74 104 58 122 103 2 35 68 277 278 286 287
29 68 35 133 100 67 2 102 19 79 69 22 82 3 36 17 124 104 61 38 51 93 73 40 28 105 62 52 42 13 74 87 64 41 54 31 44 119 132 4 76 7 21 98 27 8 270 271 279 280
68 116 129 96 128 105 85 23 25 7 9 10 21 8 41 119 132 109 86 18 121 2 4 124 3 36 103 20 70 53 102 92 69 30 114 104 28 117 31 61 15 45 273 274 282 283
40 2 44 129 35 109 122 76 3 56 36 39 98 20 111 34 133 30 90 80 25 9 112 31 92 15 69 82 59 124 114 61 93 23 106 63 27 95 8 72 38 42 117 271 272 280 281
80 90 103 31 61 42 75 51 92 62 105 79 81 117 26 56 7 37 116 70 129 73 8 71 18 22 3 132 36 122 66 112 69 34 67 111 100 274 275 283 284
33 38 116 93 4 73 7 63 21 95 85 75 120 74 51 64 18 54 44 132 86 89 43 3 17 20 101 35 110 100 90 30 37 28 102 46 82 124 81 58 94 71 271 272 280 281
38 36 74 20 34 119 86 76 66 121 25 98 111 101 78 45 133 100 90 89 92 69 82 23 4 7 81 58 94 27 8 93 73 63 128 35 85 39 19 3 271 272 280 281
128 122 105 2 35 16 101 63 66 39 102 53 67 119 100 103 30 117 44 42 64 15 129 78 81 62 13 92 46 109 112 96 26 56 10 70 43 76 60 90 41 71 74 58 110 277 278 286 287
42 90 44 47 122 89 125 102 46 19 124 114 104 81 58 71 34 93 106 60 73 30 115 105 72 28 74 13 54 129 96 132 66 43 23 98 9 78 110 271 272 280 281
2 95 39 52 117 74 51 64 31 129 21 119 132 109 63 23 121 98 101 32 45 22 35 110 90 44 47 4 89 79 92 69 36 124 16 114 18 116 60 270 278 279 287
3 15 18 103 116 106 27 17 115 105 95 72 85 62 117 120 31 44 129 132 98 45 22 25 110 100 90 34 122 112 125 79 69 82 13 58 71 270 278 279 287
15 67 103 70 47 79 92 46 26 39 16 114 51 18 93 60 73 17 30 52 7 32 120 41 54 8 31 44 119 122 76 89 43 56 98 101 78 35 270 271 279 280
8 74 64 41 44 129 21 119 53 56 23 98 111 32 133 67 34 37 125 46 26 124 16 104 94 71 61 18 116 106 27 63 95 39 75 19 117 270 278 279 287
94 133 39 20 100 72 103 67 47 61 104 117 75 51 116 46 106 96 79 23 98 37 10 73 54 27 60 41 93 58 132 109 122 18 124 22 52 63 36 66 275 276 284 285
133 75 78 81 32 62 13 92 46 125 110 96 23 37 89 70 54 27 87 120 71 104 119 121 122 103 35 19 82 85 36 115 66 39 69 72 132 30 44 129 47 9 277 278 286 287
73 110 22 109 63 122 36 66 69 20 53 34 111 100 90 103 28 9 31 64 115 59 82 13 117 56 37 116 93 10 43 27 41 105 95 98 75 58 273 274 282 283
110 45 76 27 106 60 41 13 23 4 7 112 10 21 22 54 36 71 53 100 103 47 125 66 20 51 92 117 95 79 30 116 96 26 9 61 276 277 285 286
106 120 52 63 39 109 72 102 112 67 124 28 45 75 78 51 32 62 95 115 46 114 117 26 9 10 70 43 129 76 27 87 119 60 41 74 18 276 277 285 286
39 117 129 86 53 85 17 62 20 32 74 87 64 67 119 109 122 26 76 112 79 56 46 27 111 124 13 58 90 103 70 7 115 22 69 59 271 272 280 281
117 71 102 53 116 100 18 103 16 47 19 64 17 78 20 51 114 98 96 44 9 89 61 75 132 92 93 74 46 124 105 37 22 115 276 277 285 286
100 105 64 75 59 114 93 95 46 129 23 7 37 70 21 90 120 119 16 19 52 85 111 124 20 101 51 86 103 30 47 125 102 9 31 275 276 284 285
13 22 35 34 47 10 122 112 125 69 46 82 59 36 124 61 28 4 18 93 27 63 72 85 75 52 19 51 41 44 119 76 53 43 20 23 111 270 278 279 287
4 96 109 86 53 30 66 10 121 98 22 120 87 67 44 34 47 132 102 79 56 92 69 46 23 59 124 16 101 104 61 103 37 105 95 72 52 9 21 270 278 279 287
96 7 21 85 111 66 124 101 69 53 34 18 125 105 61 45 75 78 104 32 92 95 116 119 25 56 28 9 70 76 27 59 71 93 74 58 132 109 275 276 284 285
32 78 58 35 103 47 125 102 79 115 69 21 82 59 36 20 71 51 30 19 95 17 52 41 54 44 109 25 76 26 53 89 66 10 46 98 27 271 272 280 281
78 62 103 56 102 37 79 10 82 70 21 76 114 74 116 93 129 35 16 52 85 63 98 36 17 69 53 34 67 109 89 9 121 75 51 274 275 283 284
51 81 20 90 34 70 102 115 69 59 72 47 31 45 71 61 116 129 86 95 62 10 52 67 112 89 79 121 7 19 21 272 273 281 282
74 71 72 120 87 58 132 109 89 79 19 52 111 124 36 66 17 69 20 53 112 44 115 47 28 9 45 104 81 23 56 37 10 21 43 273 274 282 283
23 109 86 43 121 111 7 101 9 47 37 122 102 18 79 59 36 26 16 124 19 114 104 81 58 116 70 41 54 44 270 271 279 280
109 121 37 89 70 43 76 27 90 58 112 18 19 22 114 52 85 66 17 69 20 72 129 30 28 64 81 95 119 98 122 276 277 285 286
72 114 18 116 129 119 63 36 66 85 98 75 67 87 25 43 45 59 60 62 121 111 46 124 101 81 90 103 26 37 22 54 102 92 105 69 82 273 274 282 283
114 124 34 30 47 61 125 64 75 59 111 95 46 98 112 116 129 26 119 37 70 21 43 27 90 71 18 105 17 69 121 276 277 285 286
95 111 18 35 82 36 66 69 102 105 44 25 61 129 75 46 79 56 7 37 54 132 112 60 121 275 276 284 285
7 21 119 132 76 66 56 121 111 35 90 67 47 37 89 69 82 36 26 124 104 81 71 93 60 17 30 115 62 120 64 54 31 270 278 279 287
21 41 10 119 132 86 63 66 121 111 18 22 35 67 44 34 47 122 112 89 125 102 79 56 92 46 26 81 58 25 61 93 70 85 52 270 271 279 280
34 124 28 104 58 93 60 63 105 52 120 64 41 44 76 53 66 18 121 17 67 47 112 102 115 69 30 82 36 271 272 280 281
124 98 44 47 31 61 43 45 59 60 90 93 46 121 26 10 70 85 27 115 41 71 53 119 22 82 36 20 81 277 278 286 287
104 102 53 86 67 30 119 132 25 122 28 9 61 64 45 121 111 62 46 98 26 56 10 43 54 27 87 71 58 116 19 101 85 275 276 284 285
37 129 132 86 101 45 90 67 26 10 89 102 92 27 59 58 116 70 35 19 82 36 62 30 271 272 280 281
129 22 115 116 67 122 103 35 16 47 63 20 62 125 79 25 26 56 10 89 45 75 87 60 93 105 277 278 286 287
70 61 64 86 122 17 89 46 98 111 101 56 54 112 79 115 41 81 19 66 53 85 120 87 273 274 282 283
17 71 25 16 103 116 60 115 85 120 87 41 18 9 119 86 63 53 43 20 111 45 22 35 122 89 102 92 82 26 81 270 271 279 280
71 53 87 67 76 89 44 25 28 9 31 61 121 111 64 59 62 90 103 26 115 10 81 60 58 93 18 19 22 85 63 273 274 282 283
116 22 63 85 86 67 44 47 64 75 62 92 46 98 132 122 26 10 43 76 87 90 58 125 16 276 277 285 286
41 27 54 132 86 122 53 66 121 19 58 20 67 115 30 59 25 31 61 93 60 63 26 62 52 10 271 272 280 281
90 61 64 120 45 81 119 46 79 112 10 89 43 87 115 105 22 52 63 36 93 67 30 44 98 25 28 275 276 284 285
26 119 86 53 89 98 111 101 58 67 47 112 79 115 92 93 27 63 30 105 85 62 52 120 64 270 271 279 280
119 89 43 60 102 18 105 85 81 53 67 132 122 44 25 47 121 9 31 61 75 76 59 93 79 276 277 285 286
105 18 19 82 120 20 67 122 121 28 89 61 75 76 59 60 62 92 112 115 56 101 43 87 276 277 285 286
18 115 62 19 120 87 64 31 44 86 16 53 121 101 45 35 47 122 112 125 102 92 69 46 81 103 270 271 279 280
115 103 30 47 31 61 64 81 111 62 120 132 122 43 121 93 19 82 85 66 102 67 276 277 285 286
79 30 111 101 44 47 9 31 61 43 45 59 60 46 125 54 27 93 35 16 22 64 67 89 274 275 283 284
58 98 75 46 87 64 25 10 66 121 101 67 103 35 112 22 52 54 20 63 31 272 273 281 282
10 31 86 122 76 89 66 111 101 45 35 67 47 112 102 92 82 59 36 16 81 28 27 85 52 120 64 270 278 279 287
31 47 112 92 46 82 81 16 22 60 63 30 120 25 64 54 132 122 53 89 43 56 121 98 35 271 272 280 281
62 67 19 92 44 25 47 61 45 59 75 46 120 87 64 56 132 86 76 43 66 60 111 273 274 282 283
27 120 87 16 54 132 122 76 46 121 111 35 103 125 82 59 28 60 63 270 271 279 280
120 60 93 16 19 121 22 82 69 102 53 86 67 125 28 75 59 92 25 56 9 89 43 54 277 278 286 287
20 81 61 28 93 75 86 76 53 43 121 98 101 22 25 103 47 112 125 102 82 59 270 271 279 280
81 103 30 125 28 61 64 59 85 54 76 60 87 132 112 35 16 22 63 111 36 101 274 275 283 284
112 44 59 60 92 93 101 85 103 35 16 19 22 52 82 66 53 122 276 277 285 286
125 44 25 28 9 75 98 56 43 60 93 121 16 19 52 82 36 69 132 53 103 277 278 286 287
86 56 54 85 16 19 52 82 63 36 122 67 30 44 25 101 47 45 75 103 60 102 92 274 275 283 284
75 16 92 82 22 36 66 69 53 47 61 46 87 132 25 89 56 43 101 274 275 283 284
35 60 87 64 54 132 56 111 101 45 16 22 69 46 82 36 61 271 272 280 281
60 87 67 122 89 101 44 47 28 59 102 43 63 85 273 274 282 283
103 64 45 46 56 28 43 59 93 22 101 36 66 102 16 275 276 284 285
111 54 76 87 16 36 69 53 30 25 122 61 45 121 92 276 277 285 286
122 25 56 28 89 121 85 30 16 63 92 46 277 278 286 287
87 132 121 98 52 63 69 30 44 28 61 64 45 59 93 46 56 274 275 283 284
45 67 92 46 82 43 19 22 64 76 53 30 66 56 25 121 9 272 273 281 282
64 54 67 102 92 69 16 53 30 44 25 47 9 59 76 56 273 274 282 283
36 61 30 25 63 9 85 54 66 43 67 47 82 59 271 272 280 281
61 53 102 69 82 44 25 28 9 46 85 98 16 19 52 273 274 282 283
28 102 69 46 82 25 9 93 63 85 52 132 66 121 16 19 270 271 279 280
98 121 56 52 63 66 67 30 44 47 9 89 76 59 93 275 276 284 285
121 56 89 43 76 19 101 66 53 44 25 47 9 277 278 286 287
101 9 89 43 93 19 82 63 53 102 47 59 275 276 284 285
30 102 69 46 82 59 19 44 76 66 43 9 271 272 280 281
102 25 9 59 92 89 43 54 76 93 22 63 67 275 276 284 285
52 63 16 19 85 22 132 76 56 44 9 69 82 59 43 272 273 281 282
25 89 56 69 9 82 85 19 132 76 66 44 270 271 279 280
53 22 85 54 132 67 43 92 272 273 281 282
46 22 93 85 16 76 272 273 281 282
56 132 43 69 82 93 63 44 85 272 273 281 282
132 9 89 22 66 44 47 277 278 286 287
76 54 63 66 69 82 67 44 47 59 85 274 275 283 284
9 92 69 16 63 43 22 270 278 279 287
44 69 59 93 54 271 272 280 281
54 16 19 67 82 59 93 63 272 273 281 282
22 89 66 67 92 82 270 271 279 280
69 16 92 82 273 274 282 283
89 85 93 16 47 59 274 275 283 284
67 85 43 16 19 273 274 282 283
16 85 66 43 47 92 59 270 271 279 280
93 82 63 59 275 276 284 285
82 19 66 274 275 283 284
47 92 43 272 273 281 282
63 85 273 274 282 283
43 66 19 59 85 271 272 280 281
66 19 92 59 273 274 282 283
59 19 272 273 281 282
85 19 274 275 283 284
92 19 275 276 284 285
19 270 271 279 280
147 258 212 248 202 179 169 182 257 214 227 204 181 148 269 161 139 226 216 145 193 206 183 160 173 150 163 195 207 220 174 187 164 177 154 135 255 232 209 186 199 153 189 166 254 231 267 198 211 188 201 168 243 136 170 268 245 270 278 279 287
258 177 150 180 232 183 213 164 167 246 268 197 227 200 230 247 267 158 139 191 172 269 259 211 162 241 143 222 173 195 176 255 239 223 245 256 153 170 203 184 236 138 262 201 218 169 221 202 254 264 165 146 160 182 166 196 277 278 286 287
148 223 200 190 167 268 248 202 169 182 145 257 237 214 204 217 194 171 259 151 239 160 163 228 195 175 152 143 263 240 207 243 197 174 187 164 252 242 232 186 166 264 156 254 135 221 234 224 201 178 155 168 266 158 233 246 270 278 279 287
223 253 230 200 243 181 255 245 161 142 175 178 189 257 162 192 222 173 176 206 266 137 268 235 225 203 154 184 187 138 217 168 190 141 171 204 155 227 207 188 218 169 221 249 239 149 160 261 136 215 241 150 164 186 240 274 275 283 284
167 236 164 180 170 268 235 238 158 139 260 214 227 157 217 174 143 249 183 173 261 153 251 228 264 165 218 195 149 175 154 240 166 138 230 243 220 150 197 200 177 242 255 176 244 234 160 211 161 178 144 168 233 269 162 271 272 280 281
236 197 200 230 181 191 145 175 189 265 192 143 222 173 255 225 245 206 193 244 226 153 247 139 203 184 157 187 138 217 168 198 190 204 155 185 188 202 235 219 237 250 149 163 215 166 249 262 150 180 252 210 232 186 216 275 276 284 285
158 267 234 201 178 266 213 190 156 180 143 235 212 248 215 169 182 172 153 227 204 181 217 194 139 140 184 151 157 193 229 155 163 208 198 175 250 263 146 253 174 164 177 252 242 150 219 232 186 222 176 166 179 254 270 271 279 280
267 264 191 142 144 224 175 205 208 159 211 162 192 173 195 255 206 228 239 212 245 153 139 140 151 157 187 220 171 250 152 155 234 218 221 251 219 165 146 252 149 215 177 229 180 183 213 246 197 249 181 233 244 231 277 278 286 287
159 232 149 176 189 144 179 254 150 244 201 178 191 256 246 190 203 268 160 235 142 248 225 192 156 205 257 250 227 181 217 171 226 153 239 229 206 183 140 163 261 238 251 135 228 195 141 162 152 155 230 220 174 177 252 255 270 271 279 280
232 162 268 222 173 195 176 261 209 193 226 260 237 137 240 140 151 157 239 252 171 174 204 218 169 251 264 241 202 219 165 146 266 179 243 233 182 144 136 265 242 213 194 216 200 234 139 259 224 156 208 275 276 284 285
151 228 205 241 195 185 152 250 240 207 220 197 174 210 164 262 154 136 150 186 199 176 189 221 198 234 188 168 246 200 213 203 170 235 143 248 257 237 214 191 227 204 181 259 249 226 239 216 229 138 206 160 261 270 271 279 280
228 157 265 138 198 255 171 174 235 186 202 247 219 146 149 160 246 259 182 249 144 136 150 210 183 213 164 248 238 181 212 237 142 262 205 252 229 178 208 189 192 222 225 206 209 193 153 253 230 266 140 170 275 276 284 285
152 193 206 163 261 205 135 218 138 141 165 253 230 174 187 177 255 146 186 149 199 176 153 166 264 156 254 231 244 198 234 211 201 155 191 243 246 213 180 139 212 248 225 142 202 247 260 237 214 184 161 259 239 270 271 279 280
193 243 220 233 186 200 242 245 212 160 244 145 224 214 162 269 259 213 235 248 225 139 140 205 170 142 247 156 157 204 194 143 173 188 249 206 219 196 153 165 137 264 218 195 231 182 208 198 166 138 253 272 273 281 282
190 219 241 218 231 208 221 263 266 220 145 197 173 242 255 176 199 254 244 247 224 214 191 140 170 135 246 157 138 168 213 226 141 203 155 268 169 238 192 165 260 146 237 179 240 217 207 163 144 177 216 229 272 273 281 282
219 141 260 171 201 143 250 173 227 204 188 218 249 262 239 252 229 153 261 170 184 231 138 168 213 155 185 186 197 220 242 254 177 221 178 208 180 192 206 209 246 259 268 235 248 238 175 156 187 189 274 275 283 284
231 257 142 172 154 156 269 141 220 259 143 174 207 218 169 268 202 235 248 137 149 260 182 250 135 138 150 210 262 186 200 214 251 264 241 160 191 145 253 205 266 177 178 208 233 192 194 209 255 212 226 275 276 284 285
257 263 149 161 191 205 178 262 211 241 222 194 255 245 226 256 170 266 203 187 189 171 265 143 253 204 234 185 188 248 221 251 153 165 137 252 184 259 198 199 150 229 180 197 169 200 233 244 247 260 146 277 278 286 287
164 180 235 248 202 215 169 182 172 214 227 217 184 239 216 229 196 173 218 195 149 185 160 163 144 136 253 150 220 174 210 187 177 252 255 209 199 176 179 264 254 244 161 224 266 233 269 162 143 270 271 279 280
253 153 254 184 157 138 217 220 171 201 204 155 207 237 188 169 248 221 202 238 252 179 144 196 177 199 229 210 213 194 216 269 227 200 181 247 139 161 191 142 211 195 225 176 206 209 212 242 262 276 277 285 286
182 215 192 160 144 166 247 250 180 194 184 249 262 239 216 183 186 139 161 218 142 195 156 178 240 162 143 220 255 153 199 140 170 254 221 135 234 157 211 224 168 201 191 246 203 165 146 225 272 273 281 282
215 163 225 144 166 199 150 210 186 227 240 181 214 249 191 261 175 251 156 178 218 189 211 143 195 176 266 242 137 245 170 203 154 157 138 168 198 244 171 201 234 204 224 185 188 169 256 202 165 268 160 274 275 283 284
136 248 202 192 205 247 260 237 214 250 194 171 184 138 141 216 196 186 261 153 218 208 165 142 263 155 220 187 200 144 242 255 209 245 222 212 189 166 179 156 234 211 224 145 266 246 213 203 170 268 137 270 278 279 287
248 166 199 262 213 200 261 264 263 145 224 241 265 222 176 206 239 245 153 240 137 139 170 135 217 198 141 220 171 201 174 204 234 185 207 169 221 202 235 260 250 179 163 276 277 285 286
175 176 189 264 140 254 244 154 188 157 141 171 266 233 155 269 246 200 180 268 245 235 163 247 260 214 227 150 217 216 206 196 195 208 156 263 240 207 243 173 220 177 252 265 242 255 209 222 199 271 272 280 281
176 255 162 143 173 174 222 199 189 179 153 178 140 170 256 246 157 138 155 235 260 214 146 217 184 163 144 249 239 216 229 150 196 186 264 195 208 263 240 230 220 142 187 271 272 280 281
234 262 252 139 191 142 261 251 241 162 192 143 173 195 225 209 263 226 153 140 170 245 203 135 217 155 202 256 269 165 179 160 268 163 196 238 199 210 186 197 237 250 200 233 214 275 276 284 285
262 185 237 188 169 251 155 235 238 149 150 183 194 186 216 197 227 230 181 214 244 161 144 205 208 241 222 173 195 225 255 206 245 153 259 154 184 156 157 138 217 168 198 171 250 174 277 278 286 287
141 183 163 241 218 195 185 198 137 142 263 155 240 243 135 220 197 210 138 187 154 252 265 242 245 212 189 179 156 188 191 266 233 246 180 170 160 235 238 192 214 139 250 227 259 239 216 206 270 278 279 287
183 174 235 202 238 237 250 160 184 163 180 206 186 251 264 241 263 240 230 161 172 197 233 145 187 200 156 265 162 242 143 255 209 245 222 199 254 221 201 214 191 269 246 135 259 157 213 203 272 273 281 282
200 269 246 259 226 225 205 187 237 250 204 207 249 239 252 137 140 170 218 208 138 266 155 186 220 255 245 222 165 212 161 254 163 177 178 224 180 162 194 195 256 273 274 282 283
269 230 146 160 161 145 205 177 178 189 211 222 225 255 206 209 261 256 153 139 140 172 203 187 138 168 201 173 155 207 237 188 218 202 254 235 265 238 137 252 179 213 243 186 246 197 277 278 286 287
173 252 168 242 199 169 264 254 221 201 165 149 256 160 233 144 213 245 235 192 224 260 237 227 259 156 239 229 261 238 251 205 208 198 240 137 230 140 197 157 138 271 272 280 281
252 174 204 260 237 188 238 137 154 184 217 254 216 202 233 214 165 146 265 149 255 163 144 196 178 208 210 192 194 197 227 209 212 242 256 161 191 268 172 203 276 277 285 286
212 243 220 178 192 245 224 170 214 142 172 203 256 187 246 226 174 155 207 188 202 225 238 165 137 260 237 227 240 135 196 198 210 239 186 242 197 169 251 241 254 179 160 163 144 274 275 283 284
243 242 268 139 140 157 260 217 168 250 220 201 185 188 169 249 202 238 137 261 149 179 264 163 166 196 199 150 229 210 186 197 233 214 146 160 161 144 145 205 241 192 222 256 225 209 276 277 285 286
184 261 238 251 208 146 263 230 207 220 135 197 210 187 177 150 180 186 199 189 264 254 188 224 191 172 256 246 178 143 268 225 202 153 247 140 170 154 138 168 229 196 272 273 281 282
261 135 187 217 220 201 174 204 268 218 249 251 165 149 163 144 177 150 180 213 214 244 263 161 142 145 205 178 189 225 207 209 239 264 254 226 153 238 137 170 266 154 277 278 286 287
156 199 189 254 211 168 266 233 153 203 170 245 140 235 192 138 224 181 259 249 216 229 146 206 196 144 205 241 218 172 185 165 217 230 220 197 210 187 265 209 186 270 271 279 280
199 162 143 260 227 204 217 207 170 239 216 229 206 198 174 264 185 188 169 165 179 163 242 144 255 245 177 150 194 254 244 211 201 214 256 246 226 191 145 273 274 282 283
168 238 205 241 195 208 185 145 240 207 162 197 174 177 242 189 179 264 254 244 211 154 188 178 157 180 225 202 192 169 149 247 260 144 166 249 226 216 229 206 196 271 272 280 281
208 209 222 140 154 135 244 198 221 171 211 266 256 246 226 235 179 160 225 163 177 150 260 194 217 249 139 161 191 142 264 241 218 162 143 240 206 230 220 255 273 274 282 283
209 192 265 245 254 153 244 170 154 135 256 187 246 198 171 213 186 268 202 238 165 247 149 160 250 240 163 217 144 166 196 197 251 264 191 263 172 145 220 178 273 274 282 283
160 169 150 247 224 237 181 171 161 226 238 251 195 240 207 177 242 142 154 157 221 198 155 188 165 201 210 246 213 149 245 225 202 179 192 270 271 279 280
169 249 239 229 206 186 238 218 185 263 240 220 197 177 145 265 264 254 244 188 224 178 153 191 137 246 203 157 180 138 268 202 192 205 172 250 146 271 272 280 281
174 216 218 170 221 263 230 197 210 187 177 265 242 222 189 202 165 149 161 211 224 201 178 181 162 246 259 213 203 180 235 238 192 237 157 194 171 271 272 280 281
216 204 226 185 186 225 238 165 146 149 260 237 227 217 196 180 210 249 213 194 181 251 264 241 221 161 205 230 178 189 211 192 265 207 140 247 198 171 259 274 275 283 284
185 137 239 186 138 238 171 241 198 263 230 220 197 210 187 165 146 149 242 163 222 177 150 264 180 244 221 224 266 233 213 161 268 145 192 247 260 214 227 204 153 249 272 273 281 282
177 235 202 247 214 140 181 194 249 138 239 196 205 165 240 217 163 210 150 265 186 222 189 264 211 161 142 256 172 144 203 180 143 271 272 280 281
137 207 210 242 186 222 189 166 244 221 198 211 201 178 191 145 246 203 180 157 245 225 202 179 247 224 260 214 227 204 181 217 249 226 163 251 205 241 218 270 278 279 287
197 203 140 187 138 260 237 204 217 188 259 165 146 179 198 150 180 263 240 230 194 207 186 210 139 191 142 201 162 192 195 233 273 274 282 283
157 163 188 240 230 139 210 187 245 189 179 254 224 201 191 153 266 256 213 226 203 135 268 155 172 247 214 194 171 249 144 239 229 206 150 270 271 279 280
163 138 192 172 247 217 194 171 259 226 146 229 206 196 144 218 250 207 220 255 186 222 166 264 162 178 153 203 170 140 270 271 279 280
149 172 247 237 250 204 194 171 161 259 249 226 239 206 150 251 218 195 139 142 165 263 145 220 210 143 154 179 140 211 178 155 233 268 225 202 270 278 279 287
135 238 251 172 162 142 263 240 207 187 265 186 222 166 143 254 221 198 211 188 155 256 233 180 235 225 179 192 146 214 227 204 181 171 138 249 239 206 196 150 270 278 279 287
201 206 161 189 192 143 240 230 210 265 255 170 154 244 138 198 171 233 203 146 235 225 202 144 150 180 237 214 250 227 204 194 186 259 181 273 274 282 283
206 222 254 244 221 266 166 256 180 268 181 225 247 260 237 172 205 178 189 162 239 229 251 241 140 240 154 230 138 210 273 274 282 283
166 145 247 214 250 227 204 181 217 259 249 226 251 138 264 241 198 263 220 210 187 146 242 255 222 144 179 254 221 211 188 224 256 246 203 180 139 268 271 272 280 281
260 165 146 268 196 210 249 181 139 161 191 172 145 224 192 143 222 225 242 263 226 256 266 140 203 198 171 155 188 218 221 251 235 238 277 278 286 287
205 264 254 244 198 150 211 194 181 213 268 245 235 161 225 145 178 189 237 195 227 217 259 229 139 140 172 238 241 143 202 165 255 222 179 273 274 282 283
170 218 230 210 255 142 189 254 162 143 221 211 188 224 266 233 246 203 180 140 245 154 172 194 171 165 226 229 144 251 150 271 272 280 281
218 249 203 154 138 264 241 202 233 179 144 265 196 245 213 186 256 246 139 142 226 145 178 211 235 192 238 247 250 227 274 275 283 284
230 259 235 203 154 220 171 204 237 207 250 188 240 202 249 239 165 196 264 241 150 210 186 227 161 145 178 189 244 162 143 222 195 225 275 276 284 285
150 238 237 214 227 204 194 146 161 249 144 251 195 240 220 210 187 142 145 265 255 179 244 221 191 270 271 279 280
192 242 255 144 245 180 221 224 233 213 226 203 142 268 235 237 214 250 194 207 259 249 171 240 220 146 179 272 273 281 282
242 143 195 239 226 153 240 140 244 154 187 138 171 256 246 259 188 221 233 235 146 196 229 194 181 251 264 254 191 172 263 276 277 285 286
153 165 263 240 210 187 154 222 254 211 224 178 256 233 202 146 247 227 204 181 217 194 171 259 196 139 162 198 270 271 279 280
165 237 217 140 194 259 249 226 186 251 146 263 220 210 265 222 189 188 178 191 180 162 143 225 172 271 272 280 281
246 268 191 172 178 250 189 195 249 245 251 264 154 138 198 263 220 266 155 207 188 202 235 238 180 213 256 276 277 285 286
241 154 138 217 198 204 155 244 207 221 235 238 179 268 210 194 227 250 249 191 172 224 178 189 251 264 211 162 195 263 226 265 276 277 285 286
171 196 186 195 198 220 255 179 139 188 224 145 178 191 162 233 143 235 225 238 140 237 227 259 226 239 271 272 280 281
238 250 196 213 227 233 251 264 224 263 178 266 265 226 244 139 140 142 172 187 217 189 256 143 204 275 276 284 285
220 264 138 266 198 188 255 146 254 244 144 196 226 191 237 145 250 162 143 239 229 274 275 283 284
180 225 202 237 250 181 217 161 145 249 226 229 143 186 263 187 138 265 264 188 191 266 256 144 213 272 273 281 282
204 229 263 194 266 233 210 181 265 245 222 139 191 142 172 254 244 211 189 162 235 154 138 247 250 240 249 273 274 282 283
264 203 207 237 221 235 249 181 233 214 244 247 179 191 178 210 211 226 256 259 240 277 278 286 287
211 255 245 139 161 142 172 145 189 247 143 256 259 140 225 154 198 237 250 155 240 188 202 249 239 144 210 265 274 275 283 284
255 143 195 226 240 139 140 203 187 207 268 237 213 194 186 181 233 214 244 191 142 266 144 277 278 286 287
189 222 162 244 266 233 213 245 235 202 155 188 247 214 227 146 249 226 229 198 181 161 172 272 273 281 282
256 263 266 247 161 142 172 145 224 143 239 226 240 203 187 138 198 207 237 188 221 202 146 229 210 186 227 277 278 286 287
263 259 240 140 154 138 217 250 207 237 188 202 179 196 210 227 249 181 244 266 139 161 265 162 195 225 277 278 286 287
161 254 221 224 191 233 203 214 250 194 139 249 186 251 198 240 140 210 187 154 265 245 222 155 179 270 271 279 280
254 142 172 224 143 195 221 266 154 250 265 268 251 146 144 210 213 194 181 214 244 276 277 285 286
225 265 245 244 214 247 172 145 224 162 143 222 237 250 227 154 239 217 207 251 221 266 179 275 276 284 285
214 266 146 259 179 178 210 247 237 250 217 191 172 229 162 143 140 187 222 244 274 275 283 284
266 240 172 145 178 162 250 221 235 140 154 187 155 186 188 247 146 179 144 268 229 213 181 277 278 286 287
239 221 265 146 244 144 196 229 210 213 194 227 233 191 247 145 250 222 195 251 140 203 138 217 275 276 284 285
145 179 146 244 221 139 142 191 233 213 203 268 202 247 250 227 138 259 229 186 251 162 207 154 270 278 279 287
235 229 210 227 181 251 139 224 195 245 226 244 138 217 198 259 155 268 237 275 276 284 285
237 249 144 139 142 222 247 268 203 154 138 198 155 207 188 250 240 275 276 284 285
249 259 179 250 194 233 251 191 142 172 224 178 240 140 187 276 277 285 286
226 233 179 244 162 247 222 194 142 172 203 217 227 240 188 229 140 213 155 275 276 284 285
143 222 221 224 155 191 213 140 268 227 229 196 162 250 240 139 154 142 270 278 279 287
222 162 244 224 139 203 138 207 221 247 250 196 210 213 194 181 191 142 274 275 283 284
154 251 207 140 265 138 221 188 178 155 146 233 203 268 227 181 194 139 142 229 196 270 271 279 280
251 217 198 250 207 221 202 196 229 265 213 194 186 244 172 224 162 195 268 276 277 285 286
146 247 224 142 227 181 259 196 195 172 162 250 217 187 198 188 203 268 202 270 278 279 287
247 144 259 196 268 194 227 139 142 172 224 207 221 187 198 202 233 276 277 285 286
138 162 250 240 265 178 268 202 227 229 196 270 278 279 287
250 198 181 144 224 162 245 268 142 207 276 277 285 286
172 221 178 191 233 245 202 179 144 224 181 162 196 195 240 155 187 265 271 272 280 281
259 202 233 179 268 210 213 194 195 227 181 240 139 203 207 187 217 229 277 278 286 287
202 229 194 195 181 142 210 245 224 179 227 273 274 282 283
139 244 221 155 210 245 179 194 203 196 195 162 142 240 207 229 265 270 278 279 287
244 178 162 195 140 203 187 179 196 265 210 245 181 276 277 285 286
196 155 227 179 229 144 194 240 207 142 178 233 140 213 203 268 245 187 273 274 282 283
140 198 142 240 187 265 221 224 178 155 233 203 181 270 278 279 287
144 224 181 195 207 229 186 198 188 155 233 213 142 245 270 278 279 287
203 181 240 142 265 245 195 221 224 268 155 273 274 282 283
229 155 213 194 181 142 224 178 265 162 245 187 217 275 276 284 285
142 188 155 191 245 217 162 187 265 270 278 279 287
162 245 178 213 217 194 195 198 188 240 270 271 279 280
224 268 240 207 221 198 213 186 265 245 274 275 283 284
179 227 194 195 155 207 187 265 233 213 245 271 272 280 281
210 245 207 194 186 265 181 191 233 274 275 283 284
245 194 195 265 268 213 233 191 276 277 285 286
195 265 155 186 188 213 268 181 207 178 273 274 282 283
265 240 217 198 155 207 188 213 194 233 178 277 278 286 287
155 198 207 221 188 191 213 268 227 217 194 270 271 279 280
187 198 240 188 191 213 268 181 227 217 272 273 281 282
221 191 178 207 217 186 213 194 181 227 274 275 283 284
186 268 227 240 217 194 233 272 273 281 282
178 181 268 217 207 198 271 272 280 281
188 198 233 191 213 227 207 272 273 281 282
181 213 194 198 207 191 272 273 281 282
268 191 217 233 277 278 286 287
191 233 198 207 272 273 281 282
240 207 276 277 285 286
233 207 217 213 227 275 276 284 285
217 227 198 207 274 275 283 284
227 275 276 284 285
198 194 213 273 274 282 283
213 274 275 283 284
194 272 273 281 282
207 273 274 282 283
270
271
272
273
274
275
276
277
278
279
280
281
282
283
284
285
286
287
