#/usr/local/lib/python3.10/dist-packages/colab_kernel_launcher.py -f /root/.local/share/jupyter/runtime/kernel-dea7114a-48f2-47cd-9840-9590734c419b.json
# GMT Thu May 23 22:00:47 2024
# 
15 21 39 3 14 16 25 9 1 34 4 20 29 38 33 19 7 28 18 10 2 36 22 40 11 17 35 84 85 90 91 95 96
21 37 7 18 32 27 36 31 26 35 2 5 16 19 0 39 25 3 29 38 24 6 23 17 9 1 85 86 90 91 96 97
7 17 35 2 5 39 25 34 38 24 33 10 19 28 37 0 14 6 1 32 41 13 40 4 8 84 89 90 94 95 99
17 10 34 2 20 29 38 5 28 37 13 23 16 11 14 32 6 22 31 40 35 30 1 4 85 86 90 91 95 96
26 30 18 13 24 16 38 8 33 0 11 28 22 32 3 6 9 1 20 41 12 27 36 4 31 40 86 87 91 92 96 97
30 18 9 10 29 2 4 5 41 13 16 40 35 19 11 3 14 34 0 1 20 23 12 37 25 86 87 92 93 97 98
18 35 8 16 6 39 0 34 20 29 38 24 19 37 23 9 10 2 12 4 13 36 22 85 86 90 91 95 96
39 28 10 23 32 41 37 27 29 2 22 6 36 40 19 8 38 11 0 1 14 3 33 87 88 93 94 98 99
35 10 29 41 36 5 24 16 11 0 22 3 33 38 28 9 37 20 31 23 12 87 88 92 93 97 98
29 32 41 36 25 6 31 40 28 9 23 12 10 33 37 13 19 11 0 14 86 87 91 92 97 98
32 2 41 14 13 24 40 16 6 8 0 20 3 28 34 9 10 38 23 37 4 87 88 92 93 97 98
8 9 2 5 41 27 22 31 40 12 0 3 25 34 38 24 33 4 19 28 37 23 84 85 89 90 94 95 99
9 0 25 11 20 24 33 6 10 14 1 4 37 41 27 22 2 16 84 85 89 90 94 95 99
0 5 14 37 41 27 36 4 13 40 3 38 6 1 19 28 84 88 89 93 94 98 99
5 3 41 27 36 22 31 40 25 1 11 4 34 38 24 10 28 37 14 13 84 88 89 94 95 99
40 41 13 16 27 38 11 22 3 14 33 6 28 23 4 34 88 89 93 94 98 99
41 2 16 27 19 22 14 6 28 1 20 12 23 37 10 88 89 93 94 98 99
37 14 16 36 11 1 23 12 25 34 24 13 19 87 88 92 93 98 99
14 11 24 33 28 6 1 12 4 36 31 2 13 34 84 85 90 91 95 96
11 23 10 4 36 13 22 31 3 25 34 20 38 24 33 84 85 89 90 94 95
23 3 6 38 24 1 20 12 10 27 4 36 16 19 85 86 91 92 96 97
10 36 22 31 12 6 16 25 4 34 33 19 28 84 85 89 90 94 95
36 2 13 24 27 19 3 25 1 20 12 4 34 87 88 92 93 98 99
2 27 22 31 3 12 25 34 20 6 24 33 28 4 84 88 89 93 94 99
25 34 38 28 12 4 24 19 27 31 22 13 16 1 86 87 91 92 96 97
34 28 20 31 12 38 13 24 27 22 33 87 88 92 93 97 98
3 6 19 28 4 27 22 31 12 16 1 20 84 88 89 93 94 99
6 38 33 4 27 22 31 16 20 1 84 89 90 94 95 99
22 28 13 19 31 20 12 24 33 85 86 91 92 96 97
28 38 33 4 31 24 16 86 87 91 92 97 98
24 27 31 20 12 13 33 16 86 87 91 92 96 97
33 1 31 20 12 13 16 27 19 87 88 92 93 97 98
16 27 31 20 38 19 1 85 86 90 91 95 96
31 27 19 1 20 12 4 86 87 92 93 97 98
27 13 1 20 12 38 4 86 87 91 92 96 97
38 1 20 12 13 19 87 88 93 94 98 99
19 1 12 4 13 20 85 86 90 91 95 96
12 20 13 1 84 85 89 90 95 96
13 1 20 4 84 85 89 90 95 96
20 85 86 90 91 96 97
4 84 88 89 94 95 99
1 84 88 89 93 94 98 99
68 72 81 52 47 55 66 58 76 71 50 75 70 79 74 45 67 48 59 51 43 83 69 78 82 57 77 86 87 91 92 96 97
72 60 44 63 47 83 58 73 82 69 77 64 56 45 48 70 59 76 43 80 62 65 54 79 74 67 86 87 92 93 97 98
81 57 70 59 51 62 83 76 49 69 71 44 63 64 66 77 55 58 48 78 82 50 42 73 45 75 87 88 93 94 98 99
57 45 56 58 67 48 54 76 46 71 80 66 75 61 70 79 60 44 55 83 69 78 50 64 82 84 85 90 91 95 96
49 77 54 63 58 44 67 62 71 80 66 75 52 61 70 79 56 51 45 48 74 78 64 73 82 46 84 89 90 94 95 99
77 52 71 63 74 82 47 66 55 58 69 61 50 42 53 56 80 70 62 54 65 46 76 87 88 92 93 97 98
50 51 60 44 47 69 55 64 59 54 42 63 45 48 43 67 62 66 52 61 79 56 65 84 85 89 90 94 95 99
51 42 67 53 62 71 80 61 70 56 79 65 74 83 60 64 73 82 44 59 54 63 58 84 85 89 90 94 95 99
82 83 71 44 63 47 55 69 53 64 45 78 59 70 73 54 65 46 76 79 88 89 93 94 98 99
83 44 63 74 47 55 58 69 42 53 45 67 48 78 70 59 62 73 46 60 52 88 89 93 94 98 99
42 47 79 74 60 69 78 46 55 64 45 54 63 44 53 62 80 48 75 43 52 70 84 88 89 93 94 98 99
47 73 59 63 58 67 43 48 76 71 80 44 66 75 61 56 65 74 60 55 84 88 89 94 95 99
60 45 56 58 48 53 43 62 80 75 61 65 59 44 54 55 74 78 64 73 85 86 90 91 95 96
53 56 65 52 44 79 74 46 78 55 64 73 59 54 63 58 48 62 71 75 70 84 85 89 90 94 95
56 75 61 45 65 48 43 46 69 78 64 73 59 63 52 55 76 71 84 85 90 91 95 96
65 45 67 76 71 66 43 62 70 79 54 52 44 74 73 55 58 61 85 86 91 92 96 97
52 69 78 64 73 45 54 63 67 43 46 76 80 66 75 61 79 74 84 85 89 90 94 95
69 44 63 66 58 48 59 43 62 54 71 46 75 70 79 74 86 87 91 92 96 97
78 71 63 80 79 58 64 45 75 67 59 70 43 73 46 76 87 88 92 93 98 99
75 80 45 67 59 70 43 62 54 63 66 55 58 61 76 87 88 92 93 97 98
80 48 70 43 62 46 76 79 44 63 74 55 66 58 61 64 87 88 93 94 98 99
67 76 71 70 54 46 66 79 61 74 73 64 58 48 62 86 87 91 92 96 97
76 48 70 43 54 44 74 66 55 58 61 64 45 87 88 92 93 97 98
44 64 73 59 45 58 62 71 48 79 46 84 88 89 93 94 99
45 48 79 46 55 64 73 54 43 71 84 88 89 93 94 99
48 71 66 61 64 73 63 62 43 84 89 90 94 95 99
58 55 63 62 66 70 43 46 85 86 90 91 95 96
54 62 66 61 79 74 64 73 43 59 84 85 89 90 95 96
63 74 64 55 61 66 59 46 85 86 90 91 96 97
71 73 59 43 62 46 79 55 61 64 86 87 91 92 97 98
74 55 43 62 73 70 59 79 46 87 88 92 93 97 98
64 61 59 43 66 85 86 91 92 96 97
73 55 66 79 61 43 46 86 87 92 93 97 98
61 59 46 55 62 66 79 85 86 90 91 95 96
79 59 62 46 66 87 88 92 93 98 99
70 59 43 62 46 55 66 86 87 91 92 97 98
59 62 43 46 85 86 90 91 95 96
66 62 46 55 86 87 91 92 96 97
55 43 84 85 89 90 95 96
62 85 86 90 91 96 97
46 43 84 88 89 94 95 99
43 84 88 89 93 94 98 99
84
85
86
87
88
89
90
91
92
93
94
95
96
97
98
99
