#/usr/local/lib/python3.10/dist-packages/colab_kernel_launcher.py -f /root/.local/share/jupyter/runtime/kernel-dea7114a-48f2-47cd-9840-9590734c419b.json
# GMT Thu May 23 17:09:42 2024
# 
15 30 14 16 25 9 1 34 4 38 33 19 7 28 37 23 32 18 10 2 13 41 27 36 8 22 31 0 11 17 26 84 85 89 90 94 95
30 26 18 7 9 10 29 2 21 4 5 41 13 24 36 31 40 27 19 11 28 17 39 34 0 23 12 37 32 25 86 87 91 92 95 96
26 18 10 2 21 16 34 29 38 19 33 11 28 37 32 3 14 25 6 17 9 1 20 41 12 23 27 31 35 85 86 90 91 95 96
18 35 21 14 3 16 6 39 0 11 34 20 33 19 23 17 10 2 12 4 5 13 32 41 27 36 31 40 85 86 89 90 94 95
7 35 21 16 11 2 5 39 25 34 29 38 24 10 19 28 37 14 9 3 6 1 32 27 36 13 31 40 8 84 88 89 93 94 97
35 29 2 41 21 36 40 5 13 24 16 27 19 8 11 0 22 3 33 6 38 17 28 37 20 31 12 23 86 87 91 92 96 97
29 32 41 36 6 40 9 1 20 23 12 4 39 34 10 38 2 37 5 13 24 16 27 8 19 11 0 86 87 90 91 95 96
32 21 41 14 36 13 16 6 39 8 0 1 20 31 3 25 28 17 10 38 12 23 37 4 27 86 87 91 92 95 96
41 2 5 24 13 16 27 8 19 38 0 3 33 25 36 28 9 1 20 31 23 12 34 10 87 88 92 93 96 97
21 37 27 22 31 10 5 13 19 8 0 39 34 14 24 33 6 28 23 17 9 1 20 12 4 85 86 90 91 94 95
37 22 14 6 36 17 28 11 0 31 20 12 38 34 9 10 4 5 24 27 8 19 40 87 88 91 92 96 97
0 14 36 4 22 31 40 8 17 3 12 2 39 25 34 11 38 6 33 1 10 19 84 87 88 92 93 97
14 11 24 33 19 28 3 23 6 9 27 36 22 31 17 16 25 10 2 39 8 20 38 84 85 89 90 93 94
11 23 9 2 4 5 36 13 22 31 40 16 6 39 25 34 38 1 24 33 28 84 85 88 89 93 94
23 22 6 39 25 34 24 1 20 28 9 10 2 27 4 5 40 13 16 8 85 86 90 91 94 95
33 38 3 25 6 17 28 9 1 20 31 12 4 36 40 10 5 13 24 16 27 8 86 87 91 92 96 97
38 25 36 17 28 9 31 20 4 40 34 2 5 24 16 8 19 22 3 87 88 91 92 96 97
10 36 22 3 17 12 39 6 16 9 1 4 34 20 24 19 2 84 85 88 89 93 94
36 5 24 16 8 22 3 25 6 40 28 39 20 12 4 34 87 88 91 92 96 97
2 27 13 22 31 40 8 17 3 12 39 20 6 28 9 4 1 84 87 88 92 93 97
3 6 24 19 28 5 9 22 31 40 17 12 16 25 1 39 34 20 84 88 89 92 93 97
6 34 24 19 28 9 22 31 17 12 39 25 20 1 84 88 89 93 94 97
24 27 17 31 9 1 20 12 25 4 5 13 16 8 22 85 86 90 91 95 96
22 27 5 13 16 8 19 31 40 39 25 17 1 20 4 34 85 86 90 91 94 95
16 27 31 40 17 13 8 39 25 28 9 12 4 84 85 89 90 94 95
25 17 9 12 5 19 27 31 40 13 8 1 39 85 86 90 91 95 96
34 17 1 31 12 4 39 5 13 27 8 19 40 86 87 91 92 96 97
27 5 19 8 40 39 9 1 20 12 28 86 87 90 91 95 96
19 17 9 1 31 40 12 4 39 13 8 85 86 89 90 94 95
28 39 17 1 20 4 31 40 5 13 8 86 87 90 91 95 96
39 17 9 20 12 4 5 13 1 87 88 92 93 96 97
17 20 5 13 8 31 9 84 85 89 90 94 95
40 5 13 8 9 1 31 20 12 4 87 88 92 93 96 97
13 8 1 20 9 12 4 5 84 85 89 90 93 94
31 5 20 12 86 87 91 92 95 96
5 8 1 4 20 9 84 88 89 92 93 97
9 20 1 4 84 85 88 89 93 94
12 20 8 1 4 84 85 89 90 93 94
8 1 4 84 88 89 93 94 97
20 4 85 86 89 90 94 95
1 4 84 87 88 92 93 97
4 84 88 89 92 93 97
57 63 72 81 58 67 48 76 46 62 71 80 66 75 61 70 65 74 60 52 44 47 55 69 78 64 73 82 53 42 59 84 85 89 90 94 95
63 79 74 83 69 64 73 82 52 77 72 47 55 58 61 50 53 67 76 56 45 71 75 70 65 59 51 43 62 54 85 86 90 91 94 95
49 59 68 77 54 72 58 53 44 47 67 76 71 66 75 52 61 79 42 56 65 51 48 43 74 60 69 64 73 46 50 84 88 89 93 94 97
59 81 52 67 62 71 66 75 61 70 79 55 58 45 56 74 83 60 69 78 48 64 73 82 68 77 72 54 84 85 89 90 94 95
68 72 60 81 52 47 66 58 76 71 80 50 75 42 70 79 74 56 45 67 48 51 62 83 54 78 46 73 82 85 86 90 91 95 96
72 60 51 52 71 44 46 47 83 66 78 58 73 82 50 64 56 45 48 42 43 62 75 65 79 67 86 87 91 92 95 96
60 45 56 48 81 53 42 43 76 62 71 80 66 75 65 51 52 54 46 47 55 74 83 69 64 82 85 86 89 90 94 95
81 70 51 62 54 65 46 74 83 76 79 71 44 64 66 55 58 48 82 61 50 80 43 73 45 56 67 87 88 92 93 96 97
77 52 71 44 83 78 82 47 55 66 58 69 50 61 42 53 64 45 75 67 80 70 43 79 62 65 46 76 86 87 91 92 96 97
71 74 78 73 70 51 43 62 54 65 46 76 52 80 44 47 55 66 58 50 61 45 86 87 90 91 95 96
74 64 78 55 66 82 58 48 50 61 42 43 62 45 70 52 80 54 65 79 46 47 69 86 87 91 92 95 96
82 83 52 44 47 55 66 69 61 50 80 53 64 56 75 67 78 70 62 73 46 79 87 88 92 93 96 97
83 47 66 55 58 69 61 80 53 42 64 56 75 67 48 51 43 62 65 54 46 76 79 87 88 92 93 96 97
79 64 56 45 75 48 78 70 42 43 73 54 65 67 76 51 52 55 66 69 50 87 88 91 92 96 97
53 56 65 51 52 47 69 55 64 73 54 50 58 45 48 67 76 42 62 80 43 75 61 70 84 85 88 89 93 94
56 42 66 75 61 45 65 51 43 54 46 69 78 64 58 67 55 76 50 62 84 85 89 90 93 94
42 65 51 69 78 46 55 64 73 50 45 54 58 44 67 76 80 48 66 61 84 87 88 92 93 97
65 67 76 66 75 70 54 51 44 69 78 47 73 55 58 50 61 85 86 90 91 94 95
52 78 64 73 45 54 48 58 51 43 46 76 80 75 61 70 44 47 84 85 88 89 93 94
78 44 80 47 66 55 58 61 50 45 48 70 51 43 62 54 46 76 87 88 91 92 96 97
67 76 80 75 70 47 66 61 44 69 73 64 48 50 43 62 85 86 90 91 95 96
76 48 51 43 62 54 46 80 44 47 66 58 69 64 86 87 91 92 96 97
45 48 75 61 70 47 51 44 46 55 64 73 50 58 62 80 84 88 89 92 93 97
48 80 66 75 61 70 51 46 47 69 64 73 44 43 84 88 89 93 94 97
64 70 44 55 58 50 51 62 54 80 66 85 86 90 91 94 95
70 80 75 43 62 54 46 44 73 47 66 69 50 86 87 90 91 95 96
66 73 51 43 62 44 47 58 50 85 86 90 91 95 96
75 51 43 62 73 54 46 44 55 69 50 61 86 87 91 92 96 97
58 44 69 55 50 80 61 43 54 46 84 85 89 90 94 95
54 44 47 80 50 69 51 55 73 46 84 85 89 90 93 94
51 62 80 61 69 55 73 44 47 84 85 88 89 93 94
73 44 47 80 69 50 61 43 62 86 87 91 92 95 96
44 69 55 50 62 47 46 43 84 87 88 92 93 97
69 47 55 61 43 80 46 86 87 90 91 95 96
80 62 46 47 55 50 61 87 88 91 92 96 97
61 43 46 55 62 50 85 86 89 90 94 95
55 50 43 62 46 84 85 89 90 93 94
47 43 46 62 84 88 89 92 93 97
50 43 46 84 88 89 93 94 97
62 43 85 86 89 90 94 95
46 43 84 88 89 92 93 97
43 84 87 88 92 93 97
84
85
86
87
88
89
90
91
92
93
94
95
96
97
