#/usr/local/lib/python3.10/dist-packages/colab_kernel_launcher.py -f /root/.local/share/jupyter/runtime/kernel-2119b688-3f38-4b5a-b3d6-e140ef2e0719.json
# GMT Fri May 24 11:48:08 2024
# 
17 58 71 48 25 61 2 38 5 70 0 60 3 73 50 27 6 30 72 62 39 52 29 42 19 11 74 51 14 64 41 18 54 21 9 1 12 15 63 53 66 43 20 33 13 23 65 55 32 68 45 22 35 4 7 67 44 57 10 34 47 24 37 8 69 46 59 49 26 152 155 156 159 160 163 164 167
58 48 62 50 51 75 65 46 74 64 11 44 25 26 28 9 10 40 12 66 42 27 57 29 41 13 68 23 4 5 70 35 7 37 21 22 24 54 55 69 6 36 59 8 38 72 39 20 53 71 61 18 30 2 16 60 47 73 19 49 63 0 1 31 3 33 15 45 154 155 158 159 162 163 166 167
36 71 48 61 38 51 11 14 60 73 25 50 63 40 28 9 1 31 12 15 72 62 29 52 65 32 42 13 74 64 41 54 23 4 26 7 53 10 66 43 21 56 24 27 8 68 45 18 67 57 70 47 5 35 37 16 19 0 22 3 33 46 59 6 49 39 20 34 152 153 156 157 160 161 164 165
71 66 39 69 20 50 53 34 74 67 30 11 14 25 47 28 9 1 31 61 12 42 64 15 45 48 29 59 51 32 62 13 65 46 4 26 56 7 37 10 70 21 43 24 54 27 57 8 41 18 73 2 5 35 16 68 49 0 72 22 52 3 33 75 55 6 154 155 158 159 162 163 166 167
28 67 3 57 34 47 6 37 20 69 46 59 11 14 48 61 25 9 12 70 15 60 73 50 63 40 30 13 72 62 39 75 52 29 42 23 4 26 74 51 7 64 41 10 54 31 21 44 24 27 8 53 66 43 56 33 65 18 55 32 68 45 5 16 19 0 152 153 156 157 160 161 164 165
67 9 1 31 61 12 42 64 15 45 48 29 59 60 32 62 13 46 23 4 26 56 37 72 10 40 21 75 43 24 54 55 27 57 8 38 41 74 18 2 5 35 16 19 49 0 22 52 3 33 63 6 66 68 20 51 53 65 70 30 11 44 25 69 47 154 155 158 159 162 163 166 167
29 32 68 45 18 57 34 70 47 2 5 16 19 0 69 22 46 3 6 49 20 48 38 51 11 60 73 14 50 63 25 40 9 1 12 72 62 39 75 52 42 13 64 41 54 31 44 23 4 26 7 53 66 43 10 56 33 21 24 27 8 65 55 152 153 156 157 160 161 164 165
32 55 68 13 45 35 57 34 70 47 23 37 4 5 7 69 21 22 59 24 72 49 6 39 8 20 48 61 38 51 30 2 60 73 50 14 63 40 16 19 0 1 31 3 75 52 42 74 64 41 54 44 25 26 53 43 9 10 56 33 12 46 27 152 153 156 157 160 161 164 165
8 9 74 51 64 41 31 44 21 11 53 66 43 20 33 10 23 2 65 5 55 68 45 22 35 12 0 3 6 34 47 24 37 14 69 46 59 13 49 26 16 48 1 25 61 15 18 70 73 50 27 63 40 30 72 39 52 42 4 19 7 152 155 156 159 160 163 164 167
9 44 57 34 11 47 24 14 69 46 59 13 2 26 5 16 68 0 48 3 25 61 38 15 6 70 60 37 73 50 27 40 72 49 62 39 52 1 74 51 64 41 21 63 53 30 66 43 20 33 10 75 4 65 7 55 45 22 35 12 152 155 156 159 160 163 164 167
0 5 70 60 37 73 50 27 4 72 49 62 39 52 6 42 19 74 51 64 41 18 54 21 63 53 30 66 43 20 33 10 23 75 55 68 45 22 35 12 2 44 57 34 11 47 24 1 56 69 46 13 26 3 16 48 25 38 15 152 155 156 159 160 163 164 167
5 60 73 3 27 63 40 30 7 72 62 75 52 42 19 74 64 41 54 31 44 21 1 11 53 66 43 56 33 10 23 13 65 45 22 35 25 4 34 70 24 37 14 69 46 59 49 26 39 16 6 48 61 38 2 15 51 18 152 155 156 159 160 163 164 167
40 41 2 35 16 19 53 22 66 3 43 33 56 6 39 20 65 34 55 68 45 30 57 14 47 25 1 31 12 15 69 46 59 49 13 48 61 51 23 4 26 60 7 73 37 50 63 10 21 24 27 72 38 62 75 52 42 74 18 64 153 154 157 158 161 162 165 166
41 42 21 24 27 74 38 64 54 44 53 18 66 56 2 35 16 19 55 22 68 3 45 33 6 20 34 57 70 47 30 11 69 46 59 49 1 31 12 15 48 13 60 73 50 63 23 72 4 26 62 7 37 52 10 65 153 154 157 158 161 162 165 166
6 48 61 38 51 18 60 73 50 27 2 30 7 20 72 1 62 3 52 65 42 19 74 64 31 44 21 11 53 66 43 56 33 10 46 23 13 55 68 22 35 12 25 57 34 70 47 24 14 4 59 49 26 39 16 152 155 156 159 160 163 164 167
48 39 20 34 57 70 30 11 69 44 59 25 72 47 1 31 12 42 15 45 61 51 13 46 60 73 63 53 23 4 26 7 37 75 10 52 65 21 43 24 27 38 64 54 18 66 2 56 35 16 19 3 55 33 153 154 157 158 161 162 165 166
11 14 7 56 10 69 46 59 13 49 26 16 25 61 38 15 70 60 2 37 50 4 27 30 72 39 75 52 42 19 74 51 64 18 54 31 21 63 53 66 43 1 33 23 65 55 68 45 22 35 12 44 57 34 47 152 155 156 159 160 163 164 167
14 24 37 69 46 12 59 49 26 16 13 61 38 15 51 18 60 73 50 4 63 7 30 10 72 62 39 75 52 42 19 74 64 54 31 44 21 2 53 66 43 20 56 33 3 23 65 55 68 45 22 35 25 57 34 70 47 152 155 156 159 160 163 164 167
68 59 51 62 13 65 73 46 23 75 25 26 56 7 37 10 21 43 24 54 27 57 38 60 18 2 4 35 19 49 22 3 33 63 55 66 39 20 50 70 34 69 30 72 44 47 1 31 61 12 42 64 15 154 155 158 159 162 163 166 167
42 44 57 47 18 2 69 4 46 35 59 16 49 19 22 3 33 39 61 20 70 73 50 25 72 62 75 52 31 12 15 74 51 64 63 53 66 43 56 23 26 7 37 10 65 21 55 24 45 27 38 153 154 157 158 161 162 165 166
33 38 70 23 60 4 73 26 7 63 10 21 24 72 62 39 75 52 74 64 18 54 44 2 16 19 53 66 43 22 56 3 20 55 30 57 34 47 37 25 1 31 12 69 46 15 49 13 61 152 153 156 157 160 161 164 165
38 74 51 20 64 54 34 53 66 43 30 56 25 65 1 31 55 12 45 15 13 44 57 47 69 23 59 4 26 49 7 37 10 21 24 27 61 70 60 50 18 2 72 35 16 62 75 52 19 22 3 153 154 157 158 161 162 165 166
73 74 35 16 19 49 22 52 3 63 55 66 69 20 50 72 34 30 44 25 47 1 31 61 64 15 45 59 51 62 13 65 46 4 26 56 7 37 10 70 21 43 24 54 27 57 60 75 18 2 154 155 158 159 162 163 166 167
74 75 24 54 27 57 60 72 18 2 35 16 19 49 22 52 3 63 55 66 69 20 50 51 53 34 30 47 1 31 61 12 64 15 45 59 62 65 46 23 4 26 56 7 37 10 70 21 43 154 155 158 159 162 163 166 167
25 34 15 47 56 69 46 59 26 61 10 12 70 60 37 50 27 13 72 49 62 39 23 4 7 51 64 19 54 21 31 22 20 53 66 43 75 65 18 55 2 45 35 16 1 44 57 152 153 156 157 160 161 164 165
34 1 12 15 61 51 13 60 50 63 72 23 4 62 39 26 52 7 10 21 24 27 64 54 44 66 43 18 56 2 16 65 19 55 22 45 3 35 20 57 70 37 69 30 46 59 49 152 153 156 157 160 161 164 165
44 47 10 12 43 24 27 69 46 59 49 18 51 4 35 7 37 60 19 50 21 63 22 3 39 20 62 75 52 30 64 2 54 16 31 53 66 15 56 13 65 55 45 23 57 26 70 153 154 157 158 161 162 165 166
47 57 70 1 31 12 15 45 59 72 49 13 46 61 4 26 7 37 60 50 63 21 43 24 27 62 75 52 65 18 64 2 54 16 19 22 3 53 66 56 39 20 55 30 153 154 157 158 161 162 165 166
10 54 31 4 53 66 43 7 20 56 23 65 55 45 35 12 57 70 24 37 2 69 59 49 3 26 39 16 61 15 51 18 60 50 27 63 30 1 62 75 52 64 152 155 156 159 160 163 164 167
54 21 64 43 24 27 66 56 18 65 2 55 35 19 49 22 52 3 57 39 70 20 50 53 69 59 30 61 1 31 12 15 45 60 51 13 63 46 72 75 23 4 26 7 37 153 154 157 158 161 162 165 166
3 15 18 70 60 27 63 30 7 72 1 62 39 75 52 19 51 31 53 66 43 20 56 23 65 55 45 22 12 57 24 37 2 4 69 59 13 49 26 16 61 152 155 156 159 160 163 164 167
15 57 70 37 69 46 59 49 26 39 16 1 12 51 18 13 60 50 27 63 30 62 75 52 4 7 64 31 21 53 66 43 20 56 23 2 65 55 45 22 35 152 155 156 159 160 163 164 167
24 64 31 1 53 66 56 13 65 55 45 35 23 4 7 57 21 37 69 46 59 49 26 18 2 61 51 16 19 22 60 50 27 63 20 30 72 62 39 52 152 153 156 157 160 161 164 165
75 18 2 4 35 16 19 49 22 52 63 55 66 39 69 20 50 72 53 30 1 31 61 12 64 45 59 51 62 13 65 46 23 26 56 7 37 70 21 43 27 57 60 154 155 158 159 162 163 166 167
66 23 4 26 56 21 43 27 57 72 18 2 35 16 19 49 22 52 63 55 39 20 50 30 70 1 31 12 64 45 69 59 51 62 13 46 154 155 158 159 162 163 166 167
13 65 55 45 22 35 37 12 69 59 49 26 16 61 4 18 7 70 60 50 27 63 30 72 62 52 19 51 2 64 31 21 1 53 43 56 23 152 155 156 159 160 163 164 167
65 23 4 70 7 37 21 22 52 55 69 39 72 53 18 2 35 16 19 49 1 31 64 20 50 51 62 46 30 26 61 43 45 27 57 59 60 154 155 158 159 162 163 166 167
16 70 60 37 50 27 30 72 39 19 1 12 51 64 31 21 63 53 43 20 4 7 55 45 22 35 57 56 69 46 59 2 49 26 61 152 155 156 159 160 163 164 167
70 1 31 61 63 45 59 51 62 46 26 56 12 43 27 57 60 23 4 35 37 49 22 52 55 39 69 20 50 53 72 18 2 154 155 158 159 162 163 166 167
55 61 46 63 23 4 7 37 62 43 64 18 2 56 35 19 49 22 52 39 20 50 53 57 60 30 69 59 72 1 31 45 153 154 157 158 161 162 165 166
61 39 20 50 53 69 30 1 31 12 45 59 51 63 46 72 62 23 4 26 56 7 37 21 43 64 57 60 18 2 35 19 49 22 52 154 155 158 159 162 163 166 167
7 21 2 63 53 43 20 56 23 45 22 35 57 37 46 1 59 49 60 50 27 4 30 72 62 39 52 19 51 64 18 31 152 155 156 159 160 163 164 167
21 31 63 53 43 23 18 45 22 35 2 19 57 20 56 69 46 59 49 26 12 60 37 50 30 72 62 39 52 4 51 152 153 156 157 160 161 164 165
57 1 12 64 51 46 4 56 37 43 27 69 59 72 18 2 35 19 49 22 52 39 20 60 50 53 63 62 30 154 155 158 159 162 163 166 167
18 30 72 62 39 52 19 51 64 31 53 1 20 56 23 45 22 35 37 12 69 46 49 26 2 50 27 63 152 155 156 159 160 163 164 167
30 2 69 46 4 59 19 22 20 51 60 63 72 62 39 52 1 12 64 31 53 43 56 23 26 45 27 35 37 152 153 156 157 160 161 164 165
59 31 12 45 69 51 46 23 4 26 56 37 60 63 43 27 72 62 64 2 35 19 49 22 52 39 50 154 155 158 159 162 163 166 167
60 35 49 22 52 20 50 51 53 1 31 12 45 46 69 72 23 4 26 56 37 43 27 39 63 62 2 154 155 158 159 162 163 166 167
45 23 69 4 46 26 37 43 27 51 50 63 2 35 72 62 19 52 22 39 20 64 56 1 12 153 154 157 158 161 162 165 166
31 27 37 69 46 49 39 2 51 19 22 50 63 20 72 62 52 64 1 12 53 56 35 23 4 26 152 153 156 157 160 161 164 165
2 27 72 62 39 52 19 51 64 63 53 56 23 22 35 12 4 46 49 26 1 152 155 156 159 160 163 164 167
27 19 20 43 56 46 35 1 12 37 69 72 49 23 4 51 26 22 50 63 53 62 52 152 153 156 157 160 161 164 165
51 39 20 50 69 72 49 1 46 53 26 62 52 12 43 64 56 35 37 19 22 153 154 157 158 161 162 165 166
43 64 23 4 26 37 56 46 35 19 22 69 39 49 20 50 63 1 53 12 62 52 153 154 157 158 161 162 165 166
64 69 72 35 19 49 22 52 39 50 53 1 12 62 46 23 4 26 56 37 154 155 158 159 162 163 166 167
35 50 63 72 62 39 52 23 4 26 53 56 19 22 37 20 69 1 12 152 153 156 157 160 161 164 165
37 63 1 53 12 56 23 26 69 46 49 50 19 72 20 62 39 152 153 156 157 160 161 164 165
1 4 49 26 39 50 63 20 72 62 52 19 53 56 46 23 22 12 152 155 156 159 160 163 164 167
39 50 63 19 53 62 20 52 26 56 12 46 23 4 22 69 72 49 153 154 157 158 161 162 165 166
62 19 49 22 69 20 50 53 63 12 72 46 23 4 26 56 154 155 158 159 162 163 166 167
50 19 49 22 20 63 72 52 12 53 46 56 23 4 26 69 153 154 157 158 161 162 165 166
69 12 46 23 4 26 19 49 22 52 63 20 72 53 154 155 158 159 162 163 166 167
20 4 63 72 52 19 53 56 23 22 12 46 26 152 153 156 157 160 161 164 165
12 46 49 26 4 52 19 63 53 56 23 22 152 155 156 159 160 163 164 167
4 63 53 46 23 49 52 19 152 155 156 159 160 163 164 167
63 19 49 22 52 72 53 46 23 26 56 154 155 158 159 162 163 166 167
23 53 56 46 49 26 19 22 72 52 152 153 156 157 160 161 164 165
53 26 22 19 49 52 56 72 153 154 157 158 161 162 165 166
56 26 19 49 22 52 72 46 153 154 157 158 161 162 165 166
22 52 46 72 49 152 153 156 157 160 161 164 165
46 26 49 52 19 153 154 157 158 161 162 165 166
49 72 52 19 153 154 157 158 161 162 165 166
72 19 26 52 154 155 158 159 162 163 166 167
19 52 26 152 153 156 157 160 161 164 165
26 152 153 156 157 160 161 164 165
52 153 154 157 158 161 162 165 166
93 134 124 101 78 114 81 104 92 146 76 136 79 149 126 103 82 116 106 148 138 115 151 128 87 150 127 140 117 94 130 107 97 85 77 91 139 129 142 119 96 132 109 89 99 141 131 108 144 121 98 111 80 83 143 120 133 86 110 123 100 113 84 145 122 135 112 125 102 152 155 156 159 160 163 164 167
134 124 138 126 127 151 108 141 110 122 150 140 87 90 120 101 102 132 104 85 86 116 88 142 118 119 103 133 105 117 89 143 99 81 111 83 113 97 98 128 100 130 131 145 82 135 114 148 96 129 147 137 94 106 78 92 136 123 149 95 125 139 76 77 107 79 109 121 154 155 158 159 162 163 166 167
112 147 124 137 114 127 106 87 90 136 101 126 139 116 104 85 77 107 88 91 148 138 151 105 128 141 108 118 89 150 117 130 120 99 80 102 83 129 86 142 119 97 100 103 84 131 144 121 94 143 133 146 123 111 113 92 95 76 98 79 145 122 135 82 125 115 96 110 152 153 156 157 160 161 164 165
147 142 115 145 96 126 110 150 143 106 87 90 120 123 104 85 77 107 137 88 118 140 91 121 124 105 135 127 108 138 89 141 122 99 80 102 132 83 113 86 116 146 97 119 100 130 103 133 84 136 117 149 78 81 111 92 144 95 76 148 98 128 79 109 151 131 82 154 155 158 159 162 163 166 167
104 143 79 110 123 82 113 96 145 135 125 87 90 124 137 101 114 77 88 146 91 136 149 126 139 116 106 89 148 138 115 151 105 99 80 102 150 127 83 140 117 86 130 107 97 120 100 103 84 129 142 119 132 109 141 94 131 108 144 121 111 81 92 95 76 152 153 156 157 160 161 164 165
143 85 77 107 137 88 118 140 91 121 124 105 135 136 108 138 89 122 149 132 83 113 148 86 97 119 100 130 131 103 133 114 115 117 150 94 81 111 92 95 125 76 98 128 79 109 139 82 142 144 96 126 127 129 110 141 146 106 87 90 120 101 145 123 154 155 158 159 162 163 166 167
84 85 150 127 140 117 107 120 97 87 129 142 119 96 132 109 86 99 141 81 131 108 144 121 98 111 88 76 79 82 133 110 123 100 113 90 145 122 135 89 125 102 92 124 77 101 137 91 94 136 149 126 139 116 106 148 138 115 151 128 105 118 80 95 83 152 155 156 159 160 163 164 167
85 133 110 87 123 100 90 132 145 99 135 89 78 102 81 92 144 76 124 79 101 137 114 91 82 146 136 113 149 126 103 116 138 115 105 95 77 150 127 140 117 130 107 97 139 129 106 142 119 96 109 86 151 80 141 118 83 131 108 121 98 111 88 152 155 156 159 160 163 164 167
76 81 146 136 113 80 116 83 148 125 138 115 128 105 82 118 95 150 117 94 130 107 97 139 106 142 119 96 109 86 99 151 141 131 108 144 121 98 111 88 120 133 110 87 123 100 77 90 132 145 122 135 89 102 79 92 124 101 137 114 91 152 155 156 159 160 163 164 167
81 136 149 79 126 103 139 116 106 83 148 151 128 105 118 95 108 150 140 117 130 107 120 97 77 87 129 119 96 132 109 86 99 89 141 131 144 121 98 88 101 80 133 110 146 123 100 113 90 122 135 125 102 115 124 137 114 78 91 127 94 152 155 156 159 160 163 164 167
116 117 130 78 120 111 92 95 129 98 142 79 119 109 132 82 115 141 110 131 144 121 106 133 90 146 123 101 77 107 88 145 122 135 105 125 108 89 124 137 127 99 80 102 136 149 113 126 139 97 100 103 148 114 138 151 128 118 150 140 153 154 157 158 161 162 165 166
117 97 100 103 150 114 115 140 130 120 129 94 119 132 78 111 92 95 131 98 144 79 121 82 96 110 133 123 106 87 145 122 135 90 125 101 77 107 88 91 124 137 105 127 108 89 136 149 126 139 99 148 102 138 83 151 128 86 153 154 157 158 161 162 165 166
82 124 137 114 91 94 136 149 126 103 139 78 106 83 96 148 77 138 151 79 128 105 118 95 108 150 130 107 120 87 129 142 119 132 109 122 99 89 131 144 121 98 111 88 101 133 110 123 100 113 90 80 145 135 125 102 115 92 152 155 156 159 160 163 164 167
124 115 96 110 133 146 106 87 145 90 120 135 101 148 125 77 88 118 91 121 105 137 127 108 89 122 136 149 126 139 129 99 80 102 113 151 86 128 141 97 119 100 103 150 140 130 94 142 78 132 111 95 98 79 109 144 153 154 157 158 161 162 165 166
87 90 83 132 86 145 135 125 102 92 101 137 114 91 146 136 78 113 149 126 80 103 106 79 148 138 115 151 128 105 118 95 150 127 140 94 107 97 139 129 142 119 77 109 99 141 108 144 121 98 111 88 120 133 110 123 152 155 156 159 160 163 164 167
90 100 113 77 145 122 88 135 125 102 92 89 114 91 127 94 136 149 126 80 103 139 83 86 148 138 115 128 105 118 95 108 150 140 130 107 97 78 129 119 96 132 109 79 99 141 131 144 121 98 101 133 110 146 123 152 155 156 159 160 163 164 167
105 144 121 111 94 133 110 146 123 78 113 92 145 122 79 135 125 137 114 127 149 126 139 101 106 77 148 91 138 115 151 128 118 89 150 140 130 107 120 99 80 102 83 129 142 119 86 132 109 97 100 103 141 131 152 153 156 157 160 161 164 165
144 135 127 138 89 141 149 122 99 151 102 132 83 86 97 119 100 150 130 133 114 136 94 78 80 111 92 95 125 98 128 79 109 139 131 142 115 96 126 146 129 110 145 106 148 120 77 107 88 118 140 91 121 154 155 158 159 162 163 166 167
97 140 83 130 107 86 139 129 142 119 109 99 141 131 94 121 98 78 92 120 110 79 123 96 132 145 122 135 125 102 101 137 114 77 146 88 136 91 113 149 103 106 89 148 138 115 151 128 118 150 80 127 152 153 156 157 160 161 164 165
140 119 100 103 133 114 136 146 145 94 148 78 111 95 125 98 128 79 109 139 131 115 96 126 129 149 110 151 141 120 101 123 77 107 137 88 150 118 91 121 135 127 108 138 89 122 142 99 80 132 83 113 86 154 155 158 159 162 163 166 167
149 150 111 92 95 125 128 79 139 131 115 96 126 148 129 110 106 120 101 123 77 107 137 88 118 91 121 135 127 108 138 89 141 122 99 80 102 132 83 113 86 146 100 130 103 133 114 136 151 94 78 154 155 158 159 162 163 166 167
150 100 114 136 148 94 78 111 92 95 98 128 79 109 139 131 142 115 145 96 126 127 129 110 120 101 123 77 107 137 88 118 91 121 108 138 89 141 122 99 80 102 132 83 113 86 146 119 154 155 158 159 162 163 166 167
109 114 146 99 136 80 102 126 83 139 86 100 148 103 138 151 128 118 127 94 130 120 78 92 95 129 142 119 98 132 79 96 141 131 121 111 106 133 110 123 113 101 77 145 122 91 125 108 89 137 152 153 156 157 160 161 164 165
114 127 96 130 110 129 142 119 106 132 101 141 77 107 131 88 121 91 108 89 120 133 123 145 135 80 102 125 83 86 100 137 146 136 126 139 94 78 148 111 92 138 115 151 128 95 118 98 79 153 154 157 158 161 162 165 166
101 110 91 123 132 145 122 135 102 137 86 88 100 136 113 103 89 148 125 138 115 128 99 80 83 127 95 130 98 79 139 96 129 106 142 119 151 141 94 131 108 78 121 111 92 120 133 152 153 156 157 160 161 164 165
110 77 107 88 91 137 127 89 136 139 148 99 80 138 115 151 102 128 83 118 86 100 103 130 120 129 142 119 94 132 92 141 95 98 79 111 96 133 146 113 145 106 135 125 152 153 156 157 160 161 164 165
120 123 86 88 118 119 100 103 145 122 135 125 137 94 127 80 111 83 113 136 95 126 139 98 79 115 96 148 138 151 128 106 130 92 77 107 129 142 91 132 108 141 131 99 102 153 154 157 158 161 162 165 166
123 133 146 77 107 88 118 91 121 145 135 148 125 108 89 122 137 127 99 80 102 83 136 86 126 119 100 103 138 151 141 94 78 130 111 92 95 98 79 129 142 132 96 131 106 153 154 157 158 161 162 165 166
86 130 107 80 129 142 119 83 96 132 99 89 131 121 98 111 88 133 146 100 113 78 135 125 79 102 115 92 137 91 127 94 136 126 103 139 106 148 151 128 118 95 108 152 155 156 159 160 163 164 167
130 119 100 103 142 132 94 141 78 131 111 92 95 125 98 128 133 115 146 96 126 129 145 135 106 137 77 107 88 118 91 121 127 108 89 139 122 148 138 151 99 80 102 83 153 154 157 158 161 162 165 166
78 126 103 106 83 148 138 115 151 128 118 95 127 107 139 129 142 119 96 132 99 141 131 108 121 98 111 88 133 100 113 80 145 122 135 89 125 102 79 92 137 91 94 146 77 136 152 155 156 159 160 163 164 167
126 111 92 137 95 125 98 79 136 115 96 139 148 138 151 128 106 77 107 88 118 91 121 108 89 129 142 122 141 99 80 102 83 113 119 100 133 103 146 145 135 94 153 154 157 158 161 162 165 166
79 91 94 146 136 139 106 148 77 138 115 151 128 118 127 107 129 142 119 96 132 141 131 108 121 98 111 88 133 100 113 145 122 135 89 125 102 137 152 155 156 159 160 163 164 167
91 133 146 100 113 145 122 135 125 115 92 77 88 137 127 94 89 136 139 106 148 138 151 128 80 118 83 108 107 129 142 119 96 132 99 131 121 111 152 155 156 159 160 163 164 167
100 88 129 142 119 89 141 131 108 121 111 99 80 83 133 146 113 145 122 135 125 102 94 137 92 95 98 136 103 96 106 148 138 115 151 128 118 152 153 156 157 160 161 164 165
142 99 80 102 132 83 113 119 103 133 136 148 151 111 92 95 125 98 128 139 131 115 96 129 106 146 77 137 88 118 121 145 135 127 108 138 89 122 154 155 158 159 162 163 166 167
89 141 131 108 121 98 111 133 113 88 122 135 125 102 92 137 80 83 146 136 103 139 106 148 138 115 151 128 118 95 77 129 119 96 132 152 155 156 159 160 163 164 167
141 99 80 83 113 98 128 131 145 148 129 94 111 92 95 125 77 107 139 96 127 108 138 151 122 106 102 132 137 88 118 119 121 103 133 135 136 154 155 158 159 162 163 166 167
92 146 136 113 103 106 148 138 115 151 118 95 77 88 127 94 107 139 129 119 96 99 83 131 108 121 98 111 133 132 145 122 135 125 137 152 155 156 159 160 163 164 167
146 77 107 137 139 121 135 127 108 138 122 102 132 88 118 119 103 133 136 99 80 111 83 113 95 125 98 128 131 115 145 96 129 148 151 94 106 154 155 158 159 162 163 166 167
131 137 108 122 139 99 102 83 113 138 151 119 103 94 132 111 95 125 98 128 115 96 127 133 136 106 145 135 77 107 88 118 121 153 154 157 158 161 162 165 166
137 115 96 129 145 106 77 107 88 121 127 108 139 122 148 138 99 80 102 132 83 113 119 103 133 136 111 95 125 98 128 154 155 158 159 162 163 166 167
133 77 107 88 118 121 127 108 122 99 80 102 132 83 113 119 103 145 135 148 94 111 125 98 128 96 136 129 139 151 106 154 155 158 159 162 163 166 167
83 139 129 119 96 132 99 108 121 111 113 145 122 77 135 125 102 136 103 80 106 138 115 151 118 95 127 94 107 152 155 156 159 160 163 164 167
94 106 148 138 115 151 128 118 95 127 107 129 77 119 96 132 99 108 121 98 113 88 145 122 135 125 102 136 80 103 139 152 155 156 159 160 163 164 167
106 145 122 80 135 125 98 96 127 136 139 148 138 115 151 128 77 118 108 107 129 119 132 102 121 103 113 152 153 156 157 160 161 164 165
135 77 107 88 118 145 127 108 122 99 80 102 132 113 136 139 103 138 151 111 95 125 98 115 96 129 154 155 158 159 162 163 166 167
136 111 95 98 128 127 129 107 88 118 121 108 122 145 148 99 80 102 113 119 103 115 139 138 154 155 158 159 162 163 166 167
121 99 145 80 122 102 113 119 103 139 111 148 138 95 151 98 115 96 129 132 77 107 88 118 153 154 157 158 161 162 165 166
107 103 113 145 122 125 115 127 95 98 139 96 148 138 151 128 118 108 77 88 129 132 111 99 80 102 152 153 156 157 160 161 164 165
103 95 96 119 132 122 111 77 88 113 145 148 125 115 99 80 127 102 98 139 129 138 151 128 118 108 152 153 156 157 160 161 164 165
108 111 99 113 80 145 148 125 115 96 127 139 95 77 138 151 128 118 102 129 132 88 122 152 153 156 157 160 161 164 165
127 115 145 148 125 77 122 139 129 102 138 151 128 88 118 119 132 99 80 111 113 95 98 153 154 157 158 161 162 165 166
119 80 102 113 132 122 111 95 98 145 148 115 96 139 129 88 118 138 151 128 153 154 157 158 161 162 165 166
111 139 148 138 151 128 118 99 80 102 129 132 95 98 113 96 122 125 77 88 152 153 156 157 160 161 164 165
113 139 77 129 88 99 102 145 122 125 80 95 98 96 138 115 151 128 118 152 153 156 157 160 161 164 165
77 80 145 125 102 115 139 96 148 138 151 128 118 95 132 122 99 98 152 155 156 159 160 163 164 167
115 139 95 129 138 151 96 128 118 102 132 88 122 99 80 98 145 125 153 154 157 158 161 162 165 166
138 95 98 128 145 129 139 88 118 148 151 122 80 102 132 154 155 158 159 162 163 166 167
145 88 118 151 122 99 80 102 132 95 125 128 96 148 129 154 155 158 159 162 163 166 167
96 139 148 151 128 118 95 129 132 99 98 88 122 125 102 152 153 156 157 160 161 164 165
88 122 125 102 80 148 151 128 118 95 139 132 99 98 152 155 156 159 160 163 164 167
80 139 129 151 118 98 132 122 99 102 148 125 128 95 152 155 156 159 160 163 164 167
139 95 125 98 128 148 151 122 99 102 154 155 158 159 162 163 166 167
151 95 125 98 128 148 129 122 99 132 154 155 158 159 162 163 166 167
118 122 125 95 98 148 128 129 132 99 102 153 154 157 158 161 162 165 166
99 129 132 122 125 102 95 98 148 128 152 153 156 157 160 161 164 165
129 98 95 125 128 132 122 148 153 154 157 158 161 162 165 166
95 148 128 132 98 122 125 102 152 153 156 157 160 161 164 165
132 102 125 98 128 148 153 154 157 158 161 162 165 166
98 128 122 148 125 102 152 153 156 157 160 161 164 165
122 102 125 148 128 153 154 157 158 161 162 165 166
148 125 128 154 155 158 159 162 163 166 167
125 128 102 153 154 157 158 161 162 165 166
102 128 152 153 156 157 160 161 164 165
128 153 154 157 158 161 162 165 166
152
153
154
155
156
157
158
159
160
161
162
163
164
165
166
167
