#/usr/local/lib/python3.10/dist-packages/colab_kernel_launcher.py -f /root/.local/share/jupyter/runtime/kernel-6c0fbf18-c276-4b2d-9452-8819c27dba4d.json
# GMT Sat May 25 00:37:45 2024
# 
6 18 11 3 13 2 15 4 8 17 5 10 19 0 12 1 14 16 9 40 42 43 44 45 47 48 49 50 52 53 54 55 57
18 8 19 12 15 4 5 11 13 17 1 3 14 7 9 10 16 2 41 42 43 44 46 47 48 49 51 52 53 54 56 57
7 17 10 19 0 12 14 5 16 9 1 11 3 13 2 15 4 8 40 42 43 44 45 47 48 49 50 52 53 54 55 57
17 9 13 1 14 3 16 12 2 4 8 11 0 15 19 5 41 42 43 44 46 47 48 49 51 52 53 54 56 57
4 9 2 11 13 15 8 0 10 19 1 3 5 14 16 40 42 43 44 45 47 48 49 50 52 53 54 55 57
9 8 10 19 12 0 14 5 16 1 3 11 15 2 40 41 42 43 45 46 47 48 50 51 52 53 55 56 57
3 13 15 8 10 19 1 12 14 16 11 2 0 40 41 42 44 45 46 47 49 50 51 52 54 55 56 57
13 19 12 14 16 2 8 5 11 0 1 10 15 40 41 43 44 45 46 48 49 50 51 53 54 55 56
5 10 0 19 12 14 16 1 11 2 15 8 40 42 43 44 45 47 48 49 50 52 53 54 55 57
10 1 15 19 12 14 2 8 16 11 0 40 41 42 43 45 46 47 48 50 51 52 53 55 56 57
8 11 1 15 2 19 12 0 16 40 41 42 43 45 46 47 48 50 51 52 53 55 56 57
0 14 16 2 11 15 1 19 12 40 41 42 44 45 46 47 49 50 51 52 54 55 56 57
19 1 14 16 12 2 11 41 42 43 44 46 47 48 49 51 52 53 54 56 57
11 14 2 16 15 12 40 41 42 43 45 46 47 48 50 51 52 53 55 56 57
14 15 1 16 12 2 40 41 43 44 45 46 48 49 50 51 53 54 55 56
2 15 1 12 40 41 42 44 45 46 47 49 50 51 52 54 55 56 57
1 15 12 16 40 41 42 44 45 46 47 49 50 51 52 54 55 56 57
15 16 12 40 41 43 44 45 46 48 49 50 51 53 54 55 56
12 16 40 41 43 44 45 46 48 49 50 51 53 54 55 56
16 41 42 43 44 46 47 48 49 51 52 53 54 56 57
26 38 31 23 33 22 35 24 28 37 25 30 20 32 21 34 27 36 29 40 42 43 44 45 47 48 49 50 52 53 54 55 57
38 28 39 32 35 24 25 33 31 20 37 21 23 34 29 30 36 22 41 42 43 44 46 47 48 49 51 52 53 54 56 57
27 37 30 39 20 32 34 25 36 29 21 31 23 33 22 35 24 28 40 42 43 44 45 47 48 49 50 52 53 54 55 57
37 29 33 23 34 36 30 32 22 24 28 20 31 35 39 25 41 42 43 44 46 47 48 49 51 52 53 54 56 57
24 29 22 31 33 35 28 20 30 39 21 23 32 25 36 40 42 43 44 45 47 48 49 50 52 53 54 55 57
29 28 30 39 32 20 34 25 21 23 31 33 22 35 40 41 42 43 45 46 47 48 50 51 52 53 55 56 57
23 33 28 30 39 21 32 25 34 36 31 22 20 40 41 42 44 45 46 47 49 50 51 52 54 55 56 57
33 39 32 34 36 22 28 25 31 21 30 35 40 41 43 44 45 46 48 49 50 51 53 54 55 56
25 30 20 39 32 34 36 21 22 35 28 40 42 43 44 45 47 48 49 50 52 53 54 55 57
30 21 35 39 34 22 28 36 31 20 40 41 42 43 45 46 47 48 50 51 52 53 55 56 57
28 31 21 35 39 32 20 34 36 40 41 42 43 45 46 47 48 50 51 52 53 55 56 57
20 34 36 22 31 35 21 39 32 40 41 42 44 45 46 47 49 50 51 52 54 55 56 57
39 21 34 36 32 22 31 35 41 42 43 44 46 47 48 49 51 52 53 54 56 57
31 34 22 36 21 35 32 40 41 42 43 45 46 47 48 50 51 52 53 55 56 57
34 35 21 36 32 22 40 41 43 44 45 46 48 49 50 51 53 54 55 56
22 35 21 32 36 40 41 42 44 45 46 47 49 50 51 52 54 55 56 57
21 35 32 36 40 41 42 44 45 46 47 49 50 51 52 54 55 56 57
35 36 32 40 41 43 44 45 46 48 49 50 51 53 54 55 56
32 36 40 41 43 44 45 46 48 49 50 51 53 54 55 56
36 41 42 43 44 46 47 48 49 51 52 53 54 56 57
40
41
42
43
44
45
46
47
48
49
50
51
52
53
54
55
56
57
