#/usr/local/lib/python3.10/dist-packages/colab_kernel_launcher.py -f /root/.local/share/jupyter/runtime/kernel-2b515d16-c871-48c9-ad2b-cd6ecd503099.json
# GMT Thu May 23 12:57:50 2024
# 
32 101 29 23 4 79 8 94 2 138 151 85 17 140 153 142 131 144 91 133 135 69 24 124 137 84 126 139 60 73 128 3 62 75 64 132 53 68 136 70 114 48 30 63 0 105 15 65 9 98 111 13 58 104 38 159 1 31 150 86 99 25 10 321 322
101 13 126 139 11 128 7 37 121 39 123 84 14 114 127 78 116 118 57 107 8 120 91 122 111 113 100 102 0 94 98 119 108 9 24 110 88 154 33 156 67 105 147 1 80 31 61 149 95 151 25 10 89 140 74 144 68 49 133 146 137 51 325 326
16 93 27 95 150 97 18 152 99 33 88 10 22 156 77 90 158 79 147 0 94 28 149 85 127 9 129 21 65 133 135 137 58 139 60 73 62 117 51 119 132 53 66 4 55 110 123 125 59 114 48 61 105 39 52 41 54 45 89 157 49 3 159 320 321
93 80 69 142 155 14 146 159 78 23 8 87 72 152 128 141 143 6 85 17 51 30 121 134 64 60 125 54 129 88 131 82 120 109 67 122 111 124 31 61 12 76 126 102 40 106 19 97 110 83 34 47 9 62 13 92 26 56 90 71 86 35 324 325
35 106 150 42 26 7 44 156 103 145 92 14 136 96 138 151 72 4 74 87 142 27 131 144 146 6 135 126 60 62 130 64 24 119 132 18 68 22 70 112 59 114 61 116 63 105 118 39 52 10 109 122 56 98 58 0 155 47 36 157 91 159 321 322
106 107 69 20 109 122 48 29 59 117 27 57 87 2 66 17 112 154 100 11 145 79 149 43 73 54 58 88 82 33 142 86 67 133 12 42 148 89 40 70 74 128 130 143 0 72 121 123 136 62 13 125 114 96 127 56 60 90 41 71 105 325 326
76 107 120 10 21 122 111 124 68 49 102 115 47 119 51 95 110 152 112 154 156 158 39 69 20 94 14 149 25 98 140 153 87 27 8 133 148 66 11 126 64 86 15 45 75 132 43 24 54 79 58 136 22 33 125 138 129 1 61 12 42 131 323 324
107 130 145 55 17 121 100 125 138 15 114 127 79 116 129 43 131 88 18 52 124 67 31 12 115 42 117 159 10 70 21 152 19 49 154 102 156 47 158 51 92 26 56 60 90 153 142 157 39 50 133 84 25 135 48 78 139 4 128 141 325 326
95 157 5 148 14 44 29 59 141 57 87 38 123 136 36 66 129 75 118 131 43 58 111 100 3 33 115 67 117 1 31 42 10 89 21 99 156 19 49 0 145 158 72 105 147 47 28 9 51 138 81 151 62 92 153 155 60 90 71 144 324 325
157 14 129 29 153 138 72 151 132 36 115 17 51 81 96 64 139 90 79 124 154 152 133 82 33 112 1 61 12 46 89 155 55 85 74 104 119 149 19 0 53 113 28 13 92 126 77 26 135 116 146 105 5 80 39 69 20 114 65 328 329
29 45 100 113 34 47 5 102 115 51 25 148 150 154 27 77 90 37 79 92 147 17 81 11 83 30 85 74 87 131 146 122 22 82 3 124 128 141 117 53 10 55 110 125 46 127 61 103 50 63 39 13 120 41 54 26 7 43 111 320 321
34 147 25 81 23 85 4 27 89 131 144 65 146 135 124 15 128 75 117 24 66 134 68 22 110 123 57 70 125 59 1 12 116 50 118 10 21 56 98 111 19 113 47 115 49 28 104 51 13 40 108 7 97 44 141 143 77 37 158 92 14 321 322
147 113 117 28 111 62 145 26 56 141 41 124 69 20 133 84 44 59 4 57 121 2 6 100 130 30 64 45 79 149 43 73 24 54 77 58 52 82 116 67 146 61 12 42 144 46 150 10 70 21 154 123 68 19 49 0 72 102 328 329
9 90 145 79 134 81 149 83 17 138 72 85 127 19 1 131 144 65 78 137 71 113 73 115 128 119 53 108 121 44 112 125 46 59 5 114 116 50 105 52 94 96 98 111 153 45 47 23 91 25 27 82 99 20 33 154 75 156 320 329
90 97 110 81 13 7 60 103 5 94 39 50 96 138 151 84 44 78 155 23 27 146 38 135 137 6 85 17 126 128 11 130 143 132 121 73 24 114 22 3 82 129 86 67 61 65 122 89 40 100 74 102 115 19 104 324 325
69 104 31 61 12 42 108 46 97 21 99 154 19 49 145 158 94 51 13 98 153 87 37 41 144 146 5 148 20 82 71 14 126 44 73 86 59 143 119 79 8 123 2 136 112 72 127 30 122 24 54 111 124 58 113 22 63 323 324
104 20 50 84 142 44 155 144 78 4 135 27 57 137 126 2 141 55 85 36 66 17 143 100 132 121 79 136 88 116 82 63 118 109 1 31 42 111 46 113 70 159 68 49 0 108 53 152 47 51 62 92 96 26 158 71 149 138 325 326
113 59 140 27 87 38 155 91 6 36 135 139 98 141 73 24 54 77 58 88 119 134 22 136 86 1 61 127 65 116 40 70 0 72 115 47 28 117 111 62 13 92 96 7 60 41 152 105 20 50 145 158 103 84 14 326 327
25 155 36 91 146 38 159 27 40 97 99 141 33 88 2 143 156 17 28 85 5 87 20 65 18 78 120 135 126 12 73 115 128 49 117 21 132 66 108 57 15 59 114 103 24 37 158 105 118 39 41 30 98 111 45 100 320 321
20 38 159 97 31 152 86 99 154 22 156 24 92 83 72 140 153 2 87 129 142 89 131 144 65 133 11 80 15 148 82 71 139 60 62 75 77 119 53 121 134 55 68 57 59 127 116 63 6 39 120 19 109 122 320 321
36 48 14 63 118 52 23 4 109 56 111 45 58 100 6 91 38 159 51 11 15 108 99 145 79 22 33 39 81 94 136 149 83 151 72 85 140 153 87 142 21 131 67 135 19 0 124 71 84 126 75 117 121 134 5 59 114 321 322
48 58 17 30 159 51 150 97 99 18 22 3 92 42 81 94 149 46 83 96 138 85 21 140 153 155 144 0 91 146 47 28 137 71 84 139 60 73 141 75 130 132 134 39 136 125 14 44 114 129 50 63 23 52 54 109 56 124 322 323
13 143 156 24 145 37 92 83 138 30 153 74 142 1 133 67 10 122 14 135 126 4 139 115 75 117 119 121 134 11 112 125 59 127 63 105 41 54 56 98 45 102 49 159 27 148 6 108 42 31 44 0 99 320 329
155 123 74 38 151 2 17 62 30 145 96 26 56 15 45 120 143 124 54 39 99 122 103 33 63 158 127 108 131 12 42 57 87 110 10 70 21 149 100 130 159 0 64 94 98 43 126 141 37 135 67 31 50 65 328 329
120 27 57 8 38 110 154 21 6 156 145 158 0 15 94 98 109 151 43 24 153 18 144 52 33 63 133 146 67 80 61 12 150 114 65 128 10 40 143 74 49 121 134 123 28 127 51 62 26 41 105 124 39 99 44 108 326 327
45 123 57 112 125 46 59 27 8 38 63 2 105 52 109 30 56 15 100 47 49 91 159 22 150 3 42 143 156 103 145 79 92 136 151 0 153 129 142 89 133 146 7 124 139 60 117 130 39 77 44 121 134 55 321 322
58 143 77 12 66 42 27 57 125 6 114 61 30 116 63 109 122 111 37 22 102 159 31 150 46 152 99 154 156 23 145 81 149 2 83 96 138 151 85 98 140 89 131 144 41 146 80 148 54 82 71 126 322 323
18 115 3 130 64 53 66 1 121 110 125 10 46 103 4 41 96 17 98 49 91 159 148 108 150 84 97 152 44 14 141 24 158 79 92 28 70 83 30 72 6 85 140 74 129 21 142 0 131 15 23 144 133 146 80 135 71 320 321
115 14 44 3 63 108 59 122 12 42 87 124 110 6 30 159 64 15 94 156 7 37 158 22 149 1 80 114 46 142 10 89 144 133 148 8 38 72 53 150 2 126 139 47 81 130 143 71 121 5 127 326 327
50 51 6 17 150 97 152 15 88 43 24 92 149 22 3 83 96 87 1 31 12 42 142 89 131 133 40 21 135 124 137 71 49 126 139 75 130 64 132 55 37 110 123 114 5 103 105 118 52 44 109 98 111 8 322 323
27 5 41 54 56 111 14 102 117 51 40 108 2 6 99 33 46 156 39 94 149 83 24 138 98 3 131 78 146 135 82 137 126 10 21 128 141 75 130 64 77 132 68 123 59 127 7 129 320 321
11 112 125 59 114 103 118 3 39 41 43 98 10 49 38 148 82 150 99 141 154 88 22 143 145 158 92 26 94 83 17 138 151 72 140 129 131 78 12 67 80 56 8 71 60 2 73 62 64 119 66 0 108 55 68 320 329
112 24 117 54 39 119 88 52 82 152 154 1 31 61 156 46 158 10 40 21 74 151 0 53 83 142 62 148 56 7 37 137 150 71 5 80 130 84 121 108 123 136 138 23 114 127 57 116 129 2 118 6 66 17 326 327
30 125 127 116 118 39 52 109 122 26 7 98 91 159 40 14 42 84 97 44 86 33 23 154 37 92 81 6 94 138 85 0 129 131 144 133 146 80 137 22 139 60 73 128 62 119 66 121 10 68 320 321
125 64 148 98 79 150 73 24 54 77 88 143 22 82 63 86 67 134 80 136 65 127 10 89 40 70 21 123 19 102 117 28 51 152 118 154 84 156 145 158 149 57 138 110 2 153 55 119 326 327
122 128 87 91 19 94 75 79 109 158 43 77 37 22 82 86 67 142 144 80 159 65 46 14 44 10 89 150 74 139 68 130 38 53 132 145 117 134 17 136 92 56 71 5 39 118 135 63 108 326 327
128 22 82 33 136 63 138 67 80 31 61 12 42 129 46 89 21 74 68 19 53 28 159 62 92 126 7 71 124 105 5 156 39 99 84 78 59 23 153 142 133 66 119 64 109 130 43 132 77 327 328
4 109 43 153 100 23 148 40 82 3 139 31 152 33 154 1 77 132 92 26 81 15 136 28 17 138 151 127 140 74 131 12 67 80 124 5 73 7 49 53 108 121 55 110 123 44 46 114 116 37 2 39 94 320 329
109 38 123 2 55 6 129 118 64 75 111 124 73 24 54 88 52 82 63 117 159 67 1 80 31 154 89 40 72 53 83 138 28 51 81 62 142 96 131 26 7 146 60 148 103 44 108 132 325 326
64 123 70 72 114 52 116 129 61 42 111 124 10 40 21 102 117 49 53 47 28 97 62 26 56 103 41 158 92 105 94 96 138 14 140 74 89 148 137 6 126 17 73 86 141 75 130 134 323 324
123 94 140 79 142 73 88 135 148 52 137 150 116 67 141 12 130 143 65 21 19 72 102 53 117 81 133 37 124 60 126 105 118 84 97 78 59 23 57 121 2 55 6 85 66 100 326 327
17 105 41 43 153 102 38 5 40 42 84 97 14 31 99 141 33 154 88 156 37 92 134 26 136 149 83 87 15 63 65 67 126 60 3 73 75 117 51 119 108 55 44 10 320 321
22 126 60 7 143 5 136 57 72 129 105 65 2 100 47 102 117 51 40 108 42 110 31 152 86 33 88 103 145 158 39 12 138 151 153 142 89 23 91 80 135 137 71 320 321
126 52 130 86 80 134 42 46 89 40 70 140 19 49 133 53 83 111 62 96 56 41 71 105 84 78 156 23 38 72 102 121 151 6 94 148 73 24 103 141 154 326 327
57 15 100 43 24 54 117 33 1 31 152 86 99 154 79 92 94 49 0 149 83 138 85 47 74 51 78 91 7 146 148 82 39 60 62 130 121 23 136 8 70 59 72 114 63 105 65 322 323
31 67 148 124 5 139 62 117 14 77 132 53 66 134 55 116 52 41 111 3 108 1 152 12 44 86 99 143 156 37 158 92 81 136 19 151 74 87 89 131 144 78 26 146 320 321
67 12 137 46 10 21 117 130 77 119 19 134 53 70 47 62 129 7 41 5 100 102 14 59 159 97 152 99 154 143 156 51 103 15 149 83 151 39 74 131 144 52 33 323 324
110 131 75 60 41 3 97 117 119 12 121 87 91 10 40 154 114 100 19 49 98 149 28 73 142 7 144 71 146 135 148 152 14 59 74 143 23 68 134 102 83 136 47 51 81 127 96 56 325 326
131 91 89 40 55 85 68 19 98 77 56 7 86 80 99 65 84 129 78 59 146 87 72 148 2 152 143 60 132 145 79 54 138 3 82 97 127 61 42 46 327 328
3 5 139 1 62 130 114 116 105 39 43 47 49 159 148 40 150 42 84 97 33 154 77 24 158 81 94 15 136 83 138 151 85 140 153 74 8 21 142 23 78 146 80 82 137 71 320 329
5 108 44 156 103 145 37 158 79 26 94 15 136 28 0 83 72 74 87 8 21 142 89 23 144 65 78 135 124 71 139 60 141 62 130 119 68 127 63 118 41 56 98 320 329
75 63 103 116 105 61 12 42 65 46 10 40 70 98 68 53 148 108 97 152 26 56 88 60 41 71 158 79 39 83 96 14 153 129 38 2 124 66 0 15 130 77 119 132 24 54 134 323 324
8 41 54 43 56 0 38 159 148 108 42 7 86 99 141 88 143 156 77 37 26 15 136 28 149 70 85 153 21 89 10 144 65 78 146 14 135 137 71 60 73 130 119 53 66 134 55 68 46 127 320 329
94 136 28 81 129 56 7 37 60 41 39 100 78 59 108 87 38 152 99 55 66 158 96 79 138 98 73 54 52 63 80 61 12 139 65 70 130 119 121 19 324 325
52 139 60 6 77 53 121 15 43 114 129 105 118 54 56 12 100 46 102 117 159 19 49 152 86 154 88 156 158 37 81 41 96 140 153 87 44 144 78 80 135 148 23 124 322 323
38 43 100 102 49 159 42 6 97 88 15 143 77 145 158 79 134 81 136 70 138 72 85 74 129 142 65 1 78 133 137 10 21 139 60 73 62 19 117 53 121 46 7 103 321 322
79 121 134 43 62 77 114 26 127 7 37 116 129 124 59 74 102 68 97 51 156 60 145 105 81 73 149 85 98 153 33 144 1 135 150 21 55 49 0 132 323 324
121 54 61 42 40 21 49 145 158 72 102 53 28 51 81 62 151 140 153 56 7 37 118 99 135 148 137 139 78 143 87 91 134 136 85 66 100 326 327
98 134 23 136 72 83 127 116 129 6 60 111 54 102 159 1 103 70 55 158 105 49 140 28 43 73 62 92 144 146 26 148 150 139 130 14 89 132 325 326
134 140 43 54 144 37 82 86 116 137 80 10 74 68 19 49 132 2 47 81 26 56 71 124 105 118 99 103 44 78 150 23 12 87 21 145 55 130 149 327 328
139 82 63 86 80 61 42 46 89 40 149 74 151 19 142 136 28 62 56 150 71 141 124 143 39 118 84 44 97 127 108 59 140 2 55 66 100 130 43 24 327 328
12 80 14 135 82 137 62 130 119 132 66 61 105 118 39 41 54 96 100 49 148 150 97 152 88 143 156 81 15 28 149 70 151 19 129 63 133 320 329
91 65 74 23 100 102 47 119 51 62 108 97 99 156 103 145 105 84 149 96 33 63 42 46 133 146 10 40 70 21 150 19 141 28 43 73 88 37 138 41 86 127 116 129 1 80 324 325
136 28 43 153 56 7 142 135 1 65 44 89 141 74 102 53 132 47 66 51 81 62 105 24 39 99 133 33 63 97 127 108 42 55 327 328
135 137 1 42 65 46 129 40 70 19 49 0 72 132 83 117 28 26 56 133 14 97 108 59 23 2 6 158 15 149 43 73 24 82 146 159 327 328
137 86 1 80 61 145 129 10 40 49 53 132 83 117 51 111 92 96 7 41 71 118 103 133 44 59 154 156 87 149 6 100 140 153 142 15 144 43 148 88 150 327 328
65 78 80 10 21 6 82 19 49 28 7 118 46 44 100 23 102 51 62 97 26 99 60 41 103 145 24 105 81 96 63 85 140 74 142 61 42 323 324
78 100 40 70 68 0 97 86 99 154 88 156 103 26 56 41 71 149 138 85 39 140 87 89 144 133 146 80 148 119 43 73 24 54 127 77 118 33 63 323 324
68 83 96 153 87 89 33 63 146 148 82 1 84 46 10 130 77 0 72 127 28 116 51 62 105 26 56 41 111 102 117 108 150 97 88 6 103 145 158 81 15 149 323 324
83 49 0 72 53 151 85 47 28 140 51 142 89 26 60 71 141 14 44 130 2 55 105 111 73 100 77 82 63 159 150 80 99 154 88 40 74 324 325
86 150 37 130 80 84 14 59 116 6 51 124 100 60 102 73 24 54 159 119 82 33 97 1 42 103 158 105 85 96 140 87 142 53 89 47 28 133 148 324 325
80 42 82 150 84 40 143 49 0 119 138 26 37 129 60 71 118 111 44 102 23 108 97 103 15 145 158 92 81 87 142 89 324 325
82 119 70 114 53 116 105 51 81 7 111 41 71 108 97 152 23 99 154 88 145 158 21 55 6 66 151 140 142 54 133 63 324 325
140 19 49 132 117 47 81 62 92 56 7 60 71 105 39 99 154 114 103 133 158 97 108 151 153 142 55 6 146 148 150 43 24 77 63 61 70 327 328
40 142 89 124 71 23 117 119 53 15 127 61 24 41 54 56 100 49 42 84 152 44 19 99 0 88 103 158 28 37 151 72 153 321 322
142 19 49 132 117 47 28 51 81 111 92 56 37 124 39 118 133 127 59 148 55 85 15 143 145 43 73 63 1 61 327 328
53 81 151 74 87 148 46 10 21 73 66 55 47 59 72 114 26 116 129 41 54 111 124 14 102 117 2 152 6 154 103 145 92 322 323
81 158 47 28 96 26 85 153 71 87 89 144 39 14 59 84 141 6 66 15 114 129 43 124 46 119 21 74 152 19 88 324 325
49 44 153 2 71 60 73 0 62 15 66 43 24 55 59 114 127 61 10 152 141 7 143 145 158 39 322 323
96 19 154 156 103 145 26 151 41 153 71 54 39 133 14 44 150 42 87 85 138 0 116 129 118 111 124 100 102 61 46 10 70 108 59 97 23 325 326
150 116 138 72 102 2 51 60 143 124 54 118 99 88 84 1 154 70 156 55 85 158 119 130 151 153 92 77 26 7 37 41 328 329
42 124 39 14 117 51 119 132 66 46 15 43 89 159 1 84 97 99 88 156 149 151 127 63 144 7 133 321 322
47 158 23 74 89 144 146 71 60 24 119 132 55 59 72 46 127 61 116 10 21 105 118 54 19 51 26 37 41 152 39 88 143 103 14 321 322
158 28 92 7 41 105 103 14 97 127 119 43 88 116 1 144 148 129 10 70 19 0 151 132 328 329
0 151 127 19 74 10 56 60 62 130 51 66 59 37 118 54 111 153 100 159 148 84 33 154 143 77 24 145 15 320 329
19 72 85 74 129 23 141 62 117 130 119 66 14 55 46 59 116 105 118 111 102 159 108 97 154 92 320 321
63 55 117 130 15 43 24 127 116 37 33 118 1 46 148 108 84 152 143 77 26 92 70 39 153 74 144 71 322 323
37 28 141 77 26 7 92 149 151 85 127 87 144 133 124 2 119 66 44 59 114 118 41 54 1 43 111 100 102 84 321 322
56 99 145 2 55 151 15 74 87 144 24 133 146 130 46 77 132 59 114 127 61 116 105 118 51 26 111 97 322 323
99 7 108 84 103 97 145 59 23 87 138 151 2 85 66 144 148 43 54 114 127 10 21 111 28 62 92 325 326
116 55 66 141 143 119 132 73 54 88 138 127 72 102 51 154 26 41 145 105 103 84 14 97 59 144 133 148 2 326 327
28 70 138 72 153 26 7 73 62 130 6 59 114 61 39 43 111 159 1 84 10 21 44 154 88 156 77 320 321
41 152 44 88 143 103 92 149 72 33 133 146 1 71 73 141 21 66 61 7 54 14 23 108 321 322
143 92 141 71 156 102 144 146 159 148 51 111 152 15 60 154 124 39 118 103 33 127 46 10 70 21 100 130 327 328
118 159 2 119 55 6 66 100 15 73 54 149 33 151 144 114 46 146 21 148 152 130 132 92 26 44 59 87 326 327
159 144 103 127 23 151 2 55 6 85 130 124 43 24 88 152 61 46 10 70 74 153 138 132 111 156 26 71 328 329
97 117 39 44 108 87 103 6 66 149 151 73 24 88 33 61 10 89 21 114 72 26 7 325 326
7 141 88 77 24 92 26 15 87 129 144 146 14 62 66 55 59 114 105 39 2 111 100 89 152 320 329
92 156 51 149 138 71 151 84 44 59 23 141 2 55 6 66 127 88 33 46 70 74 152 324 325
145 154 62 26 141 60 71 39 146 23 148 138 87 72 117 55 100 15 24 54 88 103 133 61 21 328 329
60 152 88 156 10 153 74 89 133 146 26 84 62 77 119 44 59 23 61 6 102 117 43 322 323
154 26 71 84 14 148 127 151 2 55 85 66 149 100 73 141 1 46 129 89 70 74 153 51 328 329
2 105 102 1 141 33 88 77 24 15 70 138 151 6 74 87 146 14 73 62 117 130 119 108 55 44 320 329
105 108 6 152 151 33 61 133 146 55 85 100 132 77 129 14 111 74 23 117 325 326
100 23 87 72 85 111 15 117 43 152 33 156 103 1 138 151 21 144 133 146 77 141 84 325 326
138 151 144 62 146 114 84 44 108 102 132 6 66 130 124 43 88 127 1 70 21 55 119 327 328
151 153 51 71 124 103 84 108 85 149 130 15 24 54 146 61 114 129 89 328 329
14 152 33 156 24 15 72 153 87 89 124 71 141 117 130 119 132 46 59 127 103 320 329
55 43 24 54 124 102 21 152 156 103 85 74 133 146 71 141 77 66 114 322 323
54 119 66 6 59 114 127 103 24 111 102 46 21 141 88 77 85 89 62 117 322 323
156 124 39 103 133 84 44 108 59 85 66 149 43 77 88 146 129 10 89 153 102 132 328 329
43 132 70 129 15 117 51 1 10 88 149 153 74 89 144 133 148 71 141 321 322
44 84 152 88 77 149 21 6 72 85 129 15 146 33 119 132 70 114 61 111 321 322
15 59 61 84 103 24 39 149 72 153 21 23 144 146 1 71 73 320 329
51 33 89 21 6 133 71 141 130 132 66 70 114 46 10 111 26 152 322 323
59 148 33 77 74 87 89 144 133 62 127 61 6 322 323
73 119 132 33 1 46 114 127 10 70 21 111 102 62 26 71 103 149 85 153 74 141 323 324
119 33 1 61 10 70 74 62 77 71 39 114 144 146 152 85 130 132 326 327
6 129 102 108 1 152 26 72 85 153 87 21 23 146 71 84 114 127 320 329
129 85 77 88 1 61 114 89 62 26 71 124 24 103 84 127 108 149 327 328
70 89 144 24 141 130 1 61 132 46 114 127 23 62 148 108 152 33 66 74 87 323 324
108 117 152 153 77 88 133 146 124 132 10 89 72 102 62 111 325 326
66 33 111 61 102 21 152 62 149 153 74 87 89 144 146 23 141 132 114 323 324
85 72 62 26 117 88 23 149 87 89 144 133 148 132 46 21 324 325
130 33 1 61 74 117 62 124 39 103 84 127 144 141 132 327 328
132 24 149 77 1 61 146 114 46 141 72 102 26 124 103 327 328
1 124 71 141 62 61 152 88 103 39 153 21 10 133 320 329
10 146 117 33 103 24 149 72 153 74 87 320 329
24 46 103 111 102 148 84 149 153 144 133 124 141 320 321
33 26 46 114 23 102 148 84 141 77 149 21 72 153 74 89 71 321 322
114 146 148 152 77 89 133 62 117 39 23 153 326 327
146 89 72 117 103 133 152 141 61 328 329
26 149 74 144 133 117 127 61 111 102 21 320 321
148 144 74 152 111 62 71 103 88 141 153 328 329
72 149 153 87 89 133 84 23 111 124 39 61 46 21 323 324
149 111 124 39 84 23 87 77 141 152 89 328 329
46 133 84 39 117 77 127 88 103 23 74 87 321 322
133 74 117 39 23 87 77 103 61 327 328
21 124 102 84 141 77 127 320 321
141 23 102 111 71 124 84 87 88 327 328
89 71 111 102 117 88 61 324 325
74 87 144 77 39 102 61 323 324
87 111 102 62 84 23 153 144 124 324 325
152 127 23 153 88 61 117 111 77 328 329
144 102 124 39 84 23 61 328 329
23 111 102 84 77 153 117 103 320 321
117 103 84 127 124 326 327
111 77 102 124 39 84 325 326
127 77 61 84 326 327
84 61 62 39 324 325
103 77 124 325 326
61 124 102 153 322 323
77 102 88 39 323 324
88 71 102 153 124 324 325
62 71 39 322 323
153 71 39 328 329
102 124 325 326
124 326 327
71 323 324
39 321 322
173 248 261 195 250 305 318 186 307 188 167 177 311 245 179 300 313 289 236 249 291 304 238 293 229 284 176 218 286 178 220 233 275 168 226 281 294 215 270 217 223 278 280 201 269 203 271 192 205 260 194 172 251 187 166 255 268 189 202 191 204 160 193 320 329
248 292 220 281 283 195 296 285 199 180 287 265 278 183 164 282 187 217 162 260 273 245 196 262 317 264 190 253 266 224 175 235 268 239 257 270 312 184 214 314 218 182 212 193 246 309 161 191 221 172 300 291 234 251 209 308 232 297 286 192 301 222 324 325
204 315 262 209 264 165 195 266 257 174 246 259 314 237 250 183 172 187 241 254 296 309 298 166 196 247 302 249 175 304 225 293 306 240 295 203 229 242 284 218 231 178 286 167 197 301 222 235 176 281 270 230 272 219 287 208 263 265 198 162 216 258 321 322
315 289 185 283 183 232 311 213 277 207 222 252 256 216 175 280 214 278 229 282 178 312 316 163 193 257 208 287 291 302 172 202 266 217 270 300 170 200 215 275 317 260 290 179 307 258 288 169 301 197 182 261 231 195 176 161 240 191 180 274 255 174 328 329
192 261 303 195 316 250 263 305 239 307 199 241 309 177 234 171 304 238 165 229 284 231 244 299 178 233 301 163 224 279 281 294 215 228 272 219 287 221 289 179 265 278 225 280 201 269 282 273 207 196 209 198 211 255 268 310 270 246 259 185 193 321 322
261 286 186 216 290 303 220 165 195 281 294 259 283 296 244 285 257 208 189 219 217 247 215 166 226 260 254 277 235 319 258 266 239 279 203 233 270 312 314 182 193 246 176 161 240 221 172 255 185 200 313 253 164 304 179 213 243 308 211 241 325 326
195 266 200 255 244 257 246 259 303 180 252 296 311 234 247 289 304 162 306 166 177 231 175 233 301 222 235 224 237 279 292 226 294 178 215 283 182 193 230 285 208 221 210 265 278 199 280 170 181 271 205 160 273 262 194 196 198 321 322
266 269 259 263 185 273 189 275 319 236 217 247 279 270 312 215 166 196 226 272 190 171 254 235 318 218 242 223 227 304 317 293 172 206 297 310 170 200 230 286 299 301 292 213 207 188 283 296 211 241 222 298 167 276 289 250 278 291 325 326
296 318 254 188 203 311 286 218 313 167 182 212 304 317 246 276 227 306 240 180 225 301 189 253 234 264 294 168 292 243 307 277 207 226 177 211 271 300 256 220 280 265 178 293 163 287 191 217 247 206 281 170 230 181 215 275 209 160 327 328
318 277 211 271 222 252 167 197 220 299 280 284 165 176 199 282 287 272 183 236 247 198 270 251 281 215 245 226 279 309 260 190 171 175 254 235 307 203 184 301 212 163 246 276 306 191 202 274 225 304 289 249 230 253 283 264 298 262 292 194 328 329
289 200 181 317 260 319 179 160 254 297 299 169 286 290 303 167 305 242 294 276 227 191 221 180 185 170 264 293 183 164 168 198 162 277 207 211 241 222 256 205 220 231 165 184 214 314 199 278 316 163 193 257 268 272 187 300 313 327 328
273 307 208 238 189 219 300 168 198 302 270 251 291 215 196 226 293 306 260 295 308 171 175 254 258 269 288 214 279 178 163 240 221 225 255 276 181 253 264 282 164 228 179 209 232 262 317 277 211 271 216 197 310 220 250 265 199 259 210 326 327
307 277 241 252 186 167 197 220 299 231 295 165 176 180 244 287 219 236 187 217 247 215 166 177 290 190 224 235 258 288 269 309 203 233 184 214 311 267 218 182 212 163 240 202 304 255 312 200 230 314 234 264 228 209 262 292 243 328 329
190 272 285 219 287 208 221 278 199 212 280 214 203 260 207 275 196 317 176 198 211 189 191 246 183 303 187 168 305 252 162 254 243 171 245 300 313 175 234 304 169 225 293 284 297 182 231 286 299 220 172 277 290 279 281 181 228 283 230 320 321
272 256 284 235 239 275 233 277 199 178 242 193 202 270 170 215 245 260 209 300 213 302 258 317 188 222 237 267 216 167 197 310 201 246 288 165 176 290 303 180 259 225 255 305 281 294 268 298 183 287 217 198 162 291 177 280 271 326 327
180 264 319 211 268 310 202 257 312 161 263 305 239 186 241 254 188 256 162 234 236 249 183 225 238 306 229 284 297 288 178 224 237 279 292 213 226 281 228 283 206 274 208 276 170 210 223 265 278 212 280 201 179 216 207 262 320 321
264 300 291 304 208 238 189 306 164 236 247 297 286 299 162 301 245 226 290 171 224 254 283 233 237 178 242 223 265 278 246 280 269 161 221 172 202 271 284 200 230 181 234 228 160 310 169 211 252 256 216 197 250 231 199 325 326
183 269 203 205 260 196 179 198 319 253 255 268 257 301 193 303 237 305 252 186 188 230 243 298 174 300 313 302 291 304 225 168 218 166 299 233 275 277 290 175 224 213 226 169 217 285 206 182 208 276 212 161 172 267 214 320 321
269 164 198 283 285 162 260 171 175 258 239 271 284 203 214 275 317 223 277 319 227 161 172 202 270 225 255 206 170 249 200 181 253 305 228 243 311 211 241 222 302 291 306 308 265 297 199 299 263 185 257 189 268 219 279 292 325 326
215 221 276 278 291 203 225 184 284 163 260 220 262 275 191 202 206 255 268 181 209 160 194 305 207 188 254 243 167 245 313 201 234 236 238 293 306 253 174 189 244 299 246 235 187 290 168 303 230 171 274 205 322 323
221 196 227 295 231 175 205 222 235 203 237 226 178 182 212 163 283 191 223 206 265 170 181 282 258 209 160 213 194 262 317 251 207 253 211 255 268 186 216 165 176 303 316 210 305 174 185 254 247 217 168 249 291 293 322 323
185 249 196 251 306 198 319 255 202 179 299 168 259 303 188 309 243 311 232 245 300 234 247 302 291 304 178 238 280 227 240 282 286 172 233 288 222 224 181 292 270 217 175 206 169 184 197 210 254 167 201 182 256 271 205 161 320 321
217 267 258 260 214 275 212 163 193 310 202 314 303 316 170 200 181 252 254 179 309 245 300 313 188 247 238 251 216 167 227 201 242 284 176 231 244 199 301 222 208 189 281 228 232 287 166 196 276 177 223 225 322 323
267 168 198 232 290 303 251 292 177 294 283 224 235 274 287 276 233 184 278 218 178 263 242 161 202 279 170 249 200 234 179 209 160 314 213 243 194 258 241 252 309 256 186 167 311 220 250 201 313 302 165 304 199 210 174 295 189 297 253 325 326
277 229 178 193 300 161 191 302 236 187 206 317 270 306 170 200 181 260 297 310 179 254 194 258 188 169 233 237 281 186 216 197 231 298 287 274 255 174 280 249 234 228 198 262 162 207 319 241 171 312 220 214 326 327
236 280 200 230 284 262 275 213 194 319 188 211 222 255 270 312 259 220 201 165 250 241 254 174 208 247 164 260 249 198 304 317 238 293 253 308 226 177 297 286 205 235 301 292 239 283 182 212 223 227 274 191 172 202 291 323 324
280 312 275 171 205 309 258 239 203 214 313 302 242 193 246 295 191 202 274 206 286 170 249 234 164 209 294 232 213 194 285 241 256 220 250 201 282 265 165 176 284 199 229 259 257 208 189 268 219 319 326 327
208 218 262 275 319 255 203 270 178 316 263 172 241 206 298 245 258 170 181 234 249 291 179 160 238 194 229 188 231 244 299 288 301 186 167 197 303 224 279 226 281 294 189 276 223 265 225 187 198 282 216 322 323
218 224 279 172 202 283 285 196 274 179 209 223 205 225 194 188 282 203 284 167 253 161 310 257 200 316 263 164 168 198 213 162 207 298 177 245 211 300 171 302 186 216 201 238 293 240 295 184 214 242 286 220 163 193 322 323
178 275 290 211 176 213 281 228 170 263 276 214 256 271 171 317 198 187 255 268 310 202 244 191 312 174 259 193 182 237 305 252 186 241 230 162 298 232 249 291 175 238 227 240 295 286 299 233 320 321
275 244 276 193 291 282 187 247 245 226 317 260 319 160 254 239 188 314 316 182 242 176 161 191 298 274 206 300 313 200 230 179 232 262 243 194 310 162 286 177 292 220 201 281 294 283 199 229 210 326 327
229 319 172 225 270 312 181 259 250 263 228 160 241 254 309 207 243 298 313 234 186 167 197 302 304 293 306 165 242 297 174 286 299 288 219 303 237 292 239 168 198 162 177 274 287 276 205 282 260 182 193 223 262 227 323 324
168 214 203 258 160 260 262 198 189 310 244 312 259 193 165 303 250 252 186 254 309 230 298 164 179 313 181 302 249 170 304 238 172 293 166 240 174 297 233 169 290 211 224 213 281 294 228 206 276 210 265 320 329
285 293 254 205 297 310 203 233 184 299 288 303 212 193 246 294 161 191 172 274 287 249 200 230 181 262 194 207 188 169 256 216 250 201 231 265 176 312 199 259 210 314 174 316 257 238 189 219 247 198 311 270 166 226 177 326 327
203 224 237 226 239 281 294 283 219 177 274 210 278 225 163 317 161 257 259 181 314 316 250 263 254 256 169 298 313 186 167 197 249 304 251 240 176 295 199 297 244 220 233 301 189 222 235 321 322
224 283 184 230 163 223 291 191 172 282 271 284 200 181 317 179 160 319 253 213 188 169 257 270 211 197 265 309 210 245 249 164 293 306 187 227 198 295 242 286 196 177 290 175 237 279 292 239 281 294 323 324
161 227 174 295 308 163 244 286 167 235 290 237 171 213 226 228 283 166 287 210 265 278 212 225 201 207 209 253 255 257 193 206 303 316 250 184 199 254 175 177 298 311 179 313 181 249 291 304 172 320 329
227 172 284 297 286 299 233 288 200 181 290 237 279 209 283 207 188 222 276 265 186 282 271 189 219 319 253 268 257 312 246 162 166 226 177 303 316 252 175 241 298 311 184 214 300 313 182 212 238 240 242 323 324
164 271 247 194 262 196 251 306 198 319 253 187 255 246 314 250 292 305 239 294 228 175 309 230 177 298 311 300 234 170 291 238 293 174 231 220 167 288 209 222 290 211 213 226 206 219 274 197 278 212 201 214 320 329
283 205 300 239 302 317 163 297 299 240 191 172 202 290 274 305 249 200 253 209 160 232 262 213 291 211 271 293 201 265 319 263 244 174 257 189 219 187 270 251 245 226 177 260 326 327
196 276 223 265 212 201 282 216 258 271 205 207 262 251 198 253 255 257 184 250 254 298 191 232 245 302 249 170 181 291 306 240 308 179 242 284 297 194 244 286 220 233 188 169 222 186 226 228 219 321 322
256 179 314 232 243 263 162 265 177 171 186 216 258 220 300 231 165 214 199 306 295 308 223 310 189 286 172 247 290 292 181 281 166 226 298 209 205 235 188 278 167 197 271 284 246 176 225 170 200 257 312 325 326
182 286 220 288 167 290 237 279 226 281 165 232 174 274 276 210 265 225 201 282 216 166 194 262 171 319 255 202 314 206 163 316 305 239 199 254 188 245 181 234 291 304 238 179 293 306 242 169 320 321
286 242 223 257 303 292 305 202 270 298 200 230 287 300 234 279 213 169 222 237 288 220 176 244 174 187 262 311 166 177 211 260 304 205 319 284 308 233 214 301 314 326 327
198 214 216 258 205 189 260 308 200 310 202 244 246 237 250 294 254 311 300 234 291 240 282 242 297 170 299 233 211 194 292 213 281 188 228 206 263 276 165 199 321 322
258 281 228 247 274 287 166 226 241 175 205 235 250 271 214 262 319 212 242 193 279 238 270 251 170 263 181 265 309 160 254 313 207 222 216 197 231 310 176 240 210 225 255 290 303 253 325 326
281 291 184 163 242 193 319 191 274 225 170 249 181 314 228 179 262 194 207 211 271 222 252 300 313 186 250 231 304 317 165 308 174 257 238 219 288 303 187 162 175 326 327
163 165 299 167 290 279 292 213 287 278 201 271 260 262 209 253 200 268 310 257 191 246 301 193 314 237 250 184 186 175 309 230 311 232 179 300 234 247 170 304 238 293 306 282 174 176 320 329
165 187 189 202 191 312 246 259 193 314 186 199 254 175 309 243 298 245 300 247 181 249 225 176 244 167 288 301 290 279 292 213 226 294 270 230 206 166 287 162 276 216 260 211 253 320 329
235 270 212 193 274 191 278 202 282 230 234 262 209 213 188 255 268 259 197 220 201 316 250 239 199 210 254 174 189 313 302 249 291 304 187 238 293 162 284 226 297 288 175 290 233 184 294 323 324
270 250 265 282 259 223 238 172 202 314 245 274 316 179 254 309 233 302 197 231 306 319 295 308 210 255 288 234 290 292 305 243 207 298 226 211 222 300 276 171 325 326
184 213 294 167 219 274 287 263 276 210 223 278 199 174 214 271 205 262 251 319 253 166 200 189 202 250 239 252 186 309 298 311 232 313 234 302 249 291 304 238 306 295 297 299 220 233 222 320 321
237 290 305 287 206 278 200 219 271 284 232 213 162 177 211 319 171 220 201 257 214 199 263 193 311 245 202 187 302 249 304 181 166 251 306 240 308 242 297 310 244 312 301 188 169 323 324
244 319 240 191 255 206 312 170 246 189 314 316 228 265 243 298 177 311 300 171 186 216 251 214 297 193 223 288 238 301 290 292 172 202 200 230 166 209 278 169 271 167 197 212 242 324 325
205 274 287 276 223 162 278 166 214 171 271 175 268 193 257 259 314 202 303 316 263 181 311 232 245 160 300 313 249 169 225 295 308 186 197 284 297 231 201 220 233 222 279 226 321 322
242 299 191 292 234 209 274 194 276 265 241 222 201 231 260 199 238 189 219 312 246 259 202 187 316 181 166 243 311 175 245 313 247 302 169 233 304 251 306 223 284 297 324 325
200 249 304 306 240 231 220 233 288 187 290 162 279 213 226 177 294 228 282 207 209 251 211 253 268 202 257 246 160 314 303 263 188 252 232 300 313 234 321 322
172 174 295 284 176 299 220 211 228 206 219 263 265 278 214 207 262 209 319 255 189 202 166 312 314 303 316 252 294 186 254 177 232 245 234 247 291 238 306 320 329
254 243 194 287 211 216 197 250 282 284 210 174 268 187 257 251 162 314 166 245 160 298 311 300 212 223 308 297 310 202 225 288 179 324 325
212 299 162 166 292 171 294 228 274 287 223 278 214 216 271 260 206 262 253 268 179 209 160 310 257 194 312 188 303 316 239 252 186 167 309 176 245 199 247 249 174 306 240 297 322 323
299 274 255 170 249 230 309 234 228 179 313 262 302 292 243 306 211 241 271 222 186 220 265 176 199 210 293 174 238 268 219 251 245 226 279 260 290 160 169 297 327 328
187 176 214 271 260 207 209 319 211 255 202 191 312 166 259 171 305 239 252 241 243 298 300 247 302 238 293 306 295 220 233 288 301 160 169 230 274 287 186 167 223 320 321
170 302 291 304 238 293 308 284 176 288 301 213 206 219 274 265 201 214 194 162 262 317 166 251 319 268 189 259 303 316 263 252 186 188 309 298 311 179 320 329
302 249 230 181 234 179 209 232 188 169 241 252 312 314 250 231 284 259 210 282 293 189 268 219 291 304 317 247 306 251 308 310 303 288 214 297 295 246 240 274 327 328
228 243 300 169 313 249 304 238 293 193 306 295 308 225 233 206 290 294 209 160 230 213 207 222 278 216 220 271 176 319 189 219 253 255 246 314 162 166 226 305 323 324
243 179 160 309 232 213 194 298 311 245 207 222 249 291 216 167 197 293 231 308 284 288 189 219 274 287 226 278 171 282 239 214 260 317 193 253 268 225 206 316 263 234 305 324 325
284 191 206 314 251 279 209 309 194 311 188 169 222 252 201 231 308 246 276 310 210 225 301 290 249 292 268 305 162 287 211 241 265 282 223 326 327
246 297 167 310 197 301 176 303 225 189 219 287 276 232 162 241 171 220 239 233 319 255 257 305 206 309 300 247 213 249 304 317 207 251 188 293 222 295 324 325
297 303 240 206 249 234 294 160 213 292 207 186 201 176 210 174 257 287 238 219 291 247 251 309 166 311 279 313 171 304 317 233 214 301 327 328
249 295 207 301 222 303 171 279 292 201 219 202 271 260 262 181 175 312 259 233 214 193 265 309 176 240 313 206 324 325
291 245 234 290 179 209 213 194 288 216 316 276 176 309 274 238 189 308 226 177 241 301 171 220 233 298 300 193 223 191 202 206 327 328
179 311 232 300 160 313 306 282 295 231 220 288 301 290 279 206 263 276 278 177 201 175 262 253 308 255 310 257 314 239 188 309 320 321
239 294 207 169 274 186 216 167 197 276 201 278 210 282 271 260 238 317 319 253 268 312 211 314 305 252 241 233 309 311 300 193 247 293 295 310 288 290 209 292 194 323 324
294 169 214 193 295 308 176 240 301 274 303 230 253 234 213 292 194 207 177 211 222 171 216 201 265 199 210 282 263 223 189 312 247 314 251 166 298 327 328
223 166 279 169 287 167 276 193 265 191 260 262 319 308 268 162 207 188 259 177 316 250 186 216 305 252 241 230 298 210 245 174 293 306 202 282 295 322 323
300 262 213 169 271 186 216 167 220 250 201 265 314 263 287 219 245 177 304 317 260 306 310 233 214 240 255 181 327 328
181 238 293 160 240 295 216 211 268 206 174 276 197 210 313 162 194 177 262 251 319 175 310 191 259 305 241 188 309 311 287 320 321
169 171 305 175 188 298 245 304 293 240 174 295 160 231 209 222 211 213 219 263 210 278 201 271 313 317 162 306 319 253 308 257 191 314 303 316 320 329
171 206 274 263 197 210 260 207 262 317 319 255 189 312 314 305 186 175 188 309 177 311 245 234 304 225 238 282 174 176 162 222 211 292 160 320 329
303 186 197 276 316 176 240 210 174 309 189 268 253 313 298 247 213 166 312 220 265 259 193 257 206 245 279 260 209 160 207 327 328
167 301 316 186 175 188 298 232 234 247 225 293 306 282 174 295 220 222 279 213 263 214 162 216 260 194 317 251 253 308 310 191 320 329
310 276 176 240 210 174 308 298 247 232 292 162 166 226 241 305 175 220 250 259 282 263 257 314 279 290 209 213 288 311 188 313 252 216 319 328 329
230 175 295 231 288 176 191 279 206 209 265 278 207 282 211 216 262 251 253 199 210 257 174 312 193 259 189 314 316 202 305 309 311 245 247 323 324
160 177 245 287 247 304 293 240 282 174 216 220 209 222 211 226 268 206 274 276 197 210 278 214 271 313 194 251 257 301 193 316 305 252 320 329
176 308 257 312 259 301 250 305 177 287 234 247 238 240 282 295 222 211 226 268 219 162 271 207 262 317 251 319 320 321
241 316 194 263 188 265 309 311 197 245 201 313 231 247 317 306 253 174 308 288 290 177 298 175 274 278 214 193 271 225 319 279 255 257 209 324 325
316 186 314 265 278 282 312 263 293 174 257 268 251 245 177 279 260 290 175 288 233 295 276 306 240 304 255 317 234 213 292 194 188 328 329
194 189 298 232 247 162 304 166 240 231 220 233 222 292 193 206 219 191 263 278 214 216 271 207 251 253 257 314 250 197 252 321 322
232 313 247 260 188 304 222 238 251 306 186 240 216 197 295 308 201 231 301 210 290 174 219 298 213 287 162 166 282 175 220 268 259 250 263 252 265 323 324
199 319 213 202 314 250 309 311 193 245 313 234 247 304 251 293 240 295 308 166 288 175 290 292 197 276 210 191 225 282 271 189 260 220 321 322
319 293 174 308 257 219 317 251 166 245 260 175 214 282 202 225 262 213 207 211 271 231 295 265 328 329
197 259 250 186 252 298 311 174 238 306 240 282 295 231 233 222 290 292 213 226 274 278 214 216 313 260 262 317 251 308 255 321 322
276 245 292 233 214 240 202 225 282 253 207 271 222 252 314 186 250 305 311 174 313 257 238 189 219 295 162 326 327
308 240 210 189 219 253 234 312 292 162 207 271 252 214 278 259 282 268 202 166 245 226 279 260 209 175 288 188 233 295 328 329
250 257 312 259 314 186 201 231 305 252 174 238 189 304 251 293 306 295 226 177 288 274 193 278 206 271 234 209 188 324 325
257 201 210 166 177 317 233 306 295 193 288 290 292 298 287 278 207 188 222 252 271 325 326
305 271 252 186 301 220 231 259 274 238 253 298 292 312 166 177 290 233 282 263 193 240 191 255 206 234 279 209 213 288 328 329
201 312 259 162 314 263 252 298 245 234 304 238 191 231 288 222 226 206 287 210 265 214 271 262 211 255 268 321 322
262 189 219 311 226 177 260 301 292 298 287 191 225 234 271 279 222 312 314 259 210 265 325 326
162 265 214 313 260 301 177 166 234 247 225 238 240 174 231 220 233 222 290 292 226 219 274 320 329
265 177 312 175 191 293 306 295 251 288 290 186 216 274 287 231 225 174 238 253 317 325 326
259 231 312 210 263 189 311 251 313 166 226 177 293 295 288 292 240 225 274 287 278 213 207 188 211 252 325 326
238 260 255 312 188 211 263 216 252 309 311 313 189 295 288 226 279 274 278 323 324
260 219 166 245 175 233 268 312 263 202 311 313 209 304 317 295 252 186 301 325 326
314 231 278 293 174 268 219 311 251 166 245 290 282 312 301 295 306 240 274 255 206 253 328 329
214 226 177 219 216 317 202 253 206 268 298 186 304 240 210 174 220 288 222 322 323
206 231 301 222 193 226 202 219 282 271 317 209 211 253 312 174 263 298 234 177 304 321 322
219 175 317 251 253 312 301 202 298 313 234 247 209 225 211 186 220 288 292 189 274 322 323
211 210 263 309 247 304 240 209 222 292 226 278 282 271 220 177 255 312 322 323
220 311 234 247 213 317 207 293 186 231 301 210 274 225 166 282 322 323
245 278 282 271 216 231 210 189 252 311 166 313 317 306 295 233 290 292 240 234 324 325
210 166 253 268 175 193 311 202 293 231 209 207 279 292 226 287 278 282 216 317 322 323
189 317 253 268 202 191 312 298 234 247 225 240 231 222 290 213 274 320 321
174 209 268 191 188 309 313 225 306 231 233 301 222 166 287 263 320 329
233 279 202 225 274 287 209 271 207 188 216 253 309 313 177 251 295 288 290 323 324
279 287 263 293 282 240 191 202 255 251 209 207 222 252 216 311 313 268 312 288 301 226 175 298 326 327
175 282 207 317 251 255 193 263 186 188 309 298 234 247 304 293 231 288 301 292 226 320 329
295 240 225 255 209 292 207 188 252 278 263 247 166 226 177 282 193 327 328
287 193 191 274 225 234 209 293 306 207 188 271 288 290 231 278 268 226 177 326 327
290 202 255 253 213 271 222 252 309 311 278 313 268 293 251 327 328
240 225 288 209 222 231 278 282 255 177 252 311 193 304 317 324 325
207 252 309 298 311 313 247 231 288 301 191 271 317 268 312 263 321 322
252 263 216 309 298 306 301 251 166 282 271 191 202 225 253 234 255 268 312 213 324 325
177 271 313 317 251 312 186 309 166 311 234 225 293 320 321
301 191 274 225 253 234 271 222 216 293 193 268 247 309 166 226 288 312 327 328
293 209 213 292 188 309 186 231 317 268 253 247 278 191 202 327 328
311 213 188 317 278 263 268 247 251 166 309 288 191 274 255 328 329
263 186 216 231 202 247 251 166 306 209 188 288 191 274 278 253 325 326
255 306 226 278 282 191 225 312 234 213 309 313 186 216 231 324 325
306 253 234 298 222 186 231 282 268 247 312 226 309 313 202 328 329
213 309 298 247 193 304 191 226 186 278 225 271 322 323
309 292 247 166 226 288 317 191 202 274 225 253 209 328 329
292 313 274 253 234 271 222 298 186 216 247 288 327 328
312 268 253 251 313 193 225 209 188 271 216 328 329
209 234 231 288 193 317 251 268 186 322 323
166 225 202 191 298 313 304 274 320 329
253 317 278 193 251 274 186 231 324 325
317 313 298 282 202 251 288 188 222 274 304 328 329
251 282 234 271 222 268 186 288 188 324 325
274 288 191 225 278 216 313 326 327
226 191 222 216 313 247 323 324
271 247 304 216 268 325 326
288 234 216 231 268 247 327 328
193 216 202 191 298 304 225 188 231 321 322
247 282 188 222 298 304 324 325
282 191 216 231 326 327
191 225 268 313 234 188 304 320 321
225 231 278 268 313 234 323 324
304 234 222 186 278 268 202 328 329
234 323 324
202 268 278 216 186 321 322
186 188 298 278 320 321
216 298 313 278 188 268 322 323
222 298 313 322 323
278 188 268 326 327
231 298 188 268 323 324
298 268 327 328
188 320 321
313 328 329
268 325 326
320
321
322
323
324
325
326
327
328
329
