#/usr/local/lib/python3.10/dist-packages/colab_kernel_launcher.py -f /root/.local/share/jupyter/runtime/kernel-6c0fbf18-c276-4b2d-9452-8819c27dba4d.json
# GMT Sat May 25 01:21:21 2024
# 
15 21 14 3 16 25 6 9 1 12 4 20 29 24 19 7 28 23 18 10 2 5 13 27 8 22 11 0 17 60 61 63 64 66 67 69 70 72 73 75 76
21 7 18 27 22 10 26 2 5 13 16 19 8 0 11 25 3 14 29 24 6 28 23 9 1 20 12 4 61 62 64 65 67 68 70 71 73 74 76 77
7 17 26 12 16 11 2 5 25 20 24 10 19 28 0 14 23 9 3 6 1 18 27 13 22 4 8 60 62 63 65 66 68 69 71 72 74 75 77
17 10 25 2 20 29 24 19 5 28 13 23 16 8 11 0 14 3 18 27 6 22 26 9 1 12 4 60 61 63 64 66 67 69 70 72 73 75 76
18 26 8 14 16 6 11 0 1 25 20 29 24 19 28 23 9 10 2 12 4 5 13 27 22 60 61 63 64 66 67 69 70 72 73 75 76
26 10 2 5 24 13 16 29 8 19 11 0 28 22 3 14 25 6 9 1 20 12 23 27 4 61 62 64 65 67 68 70 71 73 74 76 77
8 9 2 5 27 13 22 12 0 16 11 3 6 1 25 20 29 24 4 19 28 14 23 60 62 63 65 66 68 69 71 72 74 75 77
9 0 3 25 11 20 29 24 6 10 19 28 14 1 23 27 13 22 2 12 5 16 60 62 63 65 66 68 69 71 72 74 75 77
0 5 14 23 27 4 13 22 3 12 16 2 25 20 29 6 24 1 10 19 28 60 62 63 65 66 68 69 71 72 74 75 77
5 3 27 22 12 16 25 1 11 6 4 20 29 2 24 10 19 14 23 13 60 62 63 65 66 68 69 71 72 74 75 77
14 11 24 28 3 23 6 1 12 4 27 22 16 25 10 2 13 20 29 60 61 63 64 66 67 69 70 72 73 75 76
11 23 10 2 4 27 13 22 12 16 3 6 25 20 29 1 24 19 28 60 61 63 64 66 67 69 70 72 73 75 76
23 22 3 6 25 29 1 20 28 12 10 2 27 4 13 16 19 61 62 64 65 67 68 70 71 73 74 76 77
10 27 22 3 12 6 16 25 1 4 20 29 24 19 28 2 13 60 61 63 64 66 67 69 70 72 73 75 76
27 2 22 24 16 19 3 25 6 1 20 12 29 4 28 61 62 64 65 67 68 70 71 73 74 76 77
3 6 24 19 28 2 4 13 22 12 16 25 1 20 29 60 62 63 65 66 68 69 71 72 74 75 77
6 29 24 19 28 13 4 22 2 12 16 20 1 60 62 63 65 66 68 69 71 72 74 75 77
22 28 2 13 16 19 25 1 20 4 29 24 61 62 64 65 67 68 70 71 73 74 76 77
28 25 29 1 20 12 4 2 13 24 16 19 61 62 64 65 67 68 70 71 73 74 76 77
24 1 20 12 25 4 2 29 13 16 19 61 62 64 65 67 68 70 71 73 74 76 77
16 13 25 20 29 19 1 12 4 60 61 63 64 66 67 69 70 72 73 75 76
12 2 25 20 29 19 13 1 4 60 61 63 64 66 67 69 70 72 73 75 76
25 29 4 19 2 13 1 20 61 62 64 65 67 68 70 71 73 74 76 77
29 1 20 4 2 13 19 61 62 64 65 67 68 70 71 73 74 76 77
2 13 20 19 4 1 60 62 63 65 66 68 69 71 72 74 75 77
19 1 4 13 20 60 61 63 64 66 67 69 70 72 73 75 76
13 1 20 4 60 61 63 64 66 67 69 70 72 73 75 76
20 4 61 62 64 65 67 68 70 71 73 74 76 77
4 1 60 62 63 65 66 68 69 71 72 74 75 77
1 60 62 63 65 66 68 69 71 72 74 75 77
45 51 44 33 46 55 36 39 31 42 34 50 59 54 49 37 58 53 48 40 32 35 43 57 38 52 41 30 56 60 61 63 64 66 67 69 70 72 73 75 76
51 37 48 57 52 40 56 32 35 43 46 38 49 41 30 55 44 59 54 36 58 53 47 39 31 50 42 34 61 62 64 65 67 68 70 71 73 74 76 77
37 47 56 42 46 41 32 35 55 50 59 54 40 49 58 30 44 53 39 33 36 31 57 43 52 34 38 60 62 63 65 66 68 69 71 72 74 75 77
47 40 55 32 50 59 54 49 35 58 43 53 46 38 30 41 33 44 48 57 36 52 56 39 31 42 34 60 61 63 64 66 67 69 70 72 73 75 76
48 56 38 44 33 46 36 41 30 31 55 50 59 54 49 58 53 39 40 32 42 34 35 43 57 52 60 61 63 64 66 67 69 70 72 73 75 76
56 40 32 35 43 54 46 59 49 38 30 41 58 52 44 33 55 36 39 31 53 42 57 34 61 62 64 65 67 68 70 71 73 74 76 77
38 39 32 35 57 43 52 42 30 46 41 33 31 55 50 59 54 34 40 49 58 44 53 60 62 63 65 66 68 69 71 72 74 75 77
39 30 33 55 41 50 59 54 36 40 49 58 44 31 34 53 57 43 32 42 35 46 60 62 63 65 66 68 69 71 72 74 75 77
30 35 44 53 57 34 43 52 33 42 46 32 41 50 59 36 54 31 40 49 58 60 62 63 65 66 68 69 71 72 74 75 77
35 33 57 52 42 46 55 31 41 36 34 50 59 32 54 40 58 44 53 43 60 62 63 65 66 68 69 71 72 74 75 77
41 44 53 40 32 34 57 43 52 42 46 33 36 55 50 59 31 49 58 60 61 63 64 66 67 69 70 72 73 75 76
44 54 49 58 33 36 31 42 34 57 52 46 55 40 32 43 50 59 60 61 63 64 66 67 69 70 72 73 75 76
53 52 33 36 55 59 54 31 50 58 42 40 32 57 34 43 46 49 61 62 64 65 67 68 70 71 73 74 76 77
40 57 52 33 42 36 46 55 31 34 50 59 54 49 58 43 60 61 63 64 66 67 69 70 72 73 75 76
57 32 52 43 54 49 33 55 36 31 50 42 59 34 58 61 62 64 65 67 68 70 71 73 74 76 77
33 36 54 49 58 32 34 43 52 42 46 55 31 50 59 60 62 63 65 66 68 69 71 72 74 75 77
36 59 54 49 58 43 34 52 32 42 46 55 50 31 60 62 63 65 66 68 69 71 72 74 75 77
52 58 32 43 46 49 55 31 50 42 34 59 54 61 62 64 65 67 68 70 71 73 74 76 77
58 55 59 31 50 42 34 32 54 46 49 61 62 64 65 67 68 70 71 73 74 76 77
54 31 50 42 55 34 32 59 43 46 49 61 62 64 65 67 68 70 71 73 74 76 77
46 32 43 55 50 59 49 31 42 34 60 61 63 64 66 67 69 70 72 73 75 76
42 32 55 50 59 49 43 34 60 61 63 64 66 67 69 70 72 73 75 76
55 59 34 49 32 43 31 50 61 62 64 65 67 68 70 71 73 74 76 77
59 31 50 32 43 49 61 62 64 65 67 68 70 71 73 74 76 77
32 43 50 49 34 31 60 62 63 65 66 68 69 71 72 74 75 77
49 31 34 43 50 60 61 63 64 66 67 69 70 72 73 75 76
43 31 50 34 60 61 63 64 66 67 69 70 72 73 75 76
50 34 31 61 62 64 65 67 68 70 71 73 74 76 77
34 31 60 62 63 65 66 68 69 71 72 74 75 77
31 60 62 63 65 66 68 69 71 72 74 75 77
60
61
62
63
64
65
66
67
68
69
70
71
72
73
74
75
76
77
