#/usr/local/lib/python3.10/dist-packages/colab_kernel_launcher.py -f /root/.local/share/jupyter/runtime/kernel-ccf9b1d1-ce2b-4d6c-8d13-48aff858ef78.json
# GMT Mon May 27 10:46:23 2024
# 
15 21 1 14 3 16 18 10 12 2 6 4 20 11 0 17 5 19 7 9 13 44 45 47 48 49 50 52 53 54 55 56 57 59 60 61 62
21 17 5 7 18 9 13 1 14 3 16 20 10 12 2 6 8 19 11 0 45 46 47 48 50 51 52 53 55 56 57 58 60 61 62 63
6 18 11 20 3 13 2 4 8 17 5 10 19 12 1 14 7 16 9 44 46 47 48 49 51 52 53 54 55 56 58 59 60 61 63
18 8 19 12 4 5 11 13 0 17 1 3 7 9 20 10 16 2 45 46 47 48 49 50 52 53 54 55 57 58 59 60 62 63
16 20 11 0 5 19 7 9 13 1 14 3 10 12 2 4 8 44 45 47 48 49 50 52 53 54 55 57 58 59 60 61 62
20 10 12 4 8 19 0 11 17 1 5 7 9 13 14 3 45 46 47 48 50 51 52 53 55 56 57 58 59 60 62 63
7 17 10 19 0 12 14 5 1 11 3 13 2 4 8 44 46 47 48 49 51 52 53 54 56 57 58 59 60 61 63
17 9 13 1 14 3 10 12 2 4 8 0 11 5 19 44 45 47 48 49 50 52 53 54 55 57 58 59 60 62 63
4 9 2 11 13 8 0 10 19 1 3 12 5 14 44 45 46 48 49 50 51 53 54 55 56 58 59 60 61 63
9 8 10 19 12 0 14 5 1 3 11 13 2 44 45 46 47 48 49 51 52 53 54 56 57 58 59 61 62 63
3 13 8 10 19 1 12 5 14 2 0 44 45 46 48 49 50 51 53 54 55 56 58 59 60 61 62 63
13 19 14 2 8 5 11 0 1 10 44 45 46 47 49 50 51 52 54 55 56 57 59 60 61 62
8 11 1 2 10 19 12 0 14 5 44 46 47 48 49 51 52 53 54 56 57 58 59 61 62 63
0 5 14 2 11 1 10 19 12 44 45 46 47 48 50 51 52 53 55 56 57 58 60 61 62 63
5 19 12 14 1 11 2 44 46 47 48 49 50 51 53 54 55 56 58 59 60 61 63
19 14 10 12 2 11 45 46 47 48 50 51 52 53 54 55 57 58 59 60 62 63
11 14 2 1 10 12 44 45 46 47 49 50 51 52 54 55 56 57 58 59 61 62 63
14 1 10 12 2 44 45 47 48 49 50 51 52 54 55 56 57 59 60 61 62
2 1 10 12 44 45 46 48 49 50 51 53 54 55 56 57 58 60 61 62 63
1 10 12 44 45 46 48 49 50 51 52 53 55 56 57 58 60 61 62 63
10 12 44 45 46 47 49 50 51 52 53 54 56 57 58 59 61 62 63
12 44 45 46 47 49 50 51 52 54 55 56 57 59 60 61 62 63
28 40 33 42 35 24 37 26 30 39 27 32 41 22 34 43 23 36 29 38 31 44 46 47 48 49 51 52 53 54 55 56 58 59 60 61 63
40 30 41 34 43 37 26 27 33 35 39 23 25 36 29 31 42 32 38 24 45 46 47 48 49 50 52 53 54 55 57 58 59 60 62 63
38 42 33 22 37 39 27 41 29 31 35 43 23 36 25 32 34 26 30 44 45 47 48 49 50 52 53 54 55 57 58 59 60 61 62
42 32 34 24 26 30 41 43 22 33 37 39 23 27 29 31 35 25 45 46 47 48 50 51 52 53 55 56 57 58 59 60 62 63
29 39 32 41 22 34 43 36 27 31 23 33 25 35 24 37 26 44 46 47 48 49 51 52 53 54 56 57 58 59 60 61 63
39 43 31 35 23 36 25 32 34 24 26 30 33 22 37 41 44 45 47 48 49 50 52 53 54 55 57 58 59 60 62 63
26 31 24 33 35 37 30 22 32 41 25 34 43 27 36 44 45 46 48 49 50 51 53 54 55 56 58 59 60 61 63
31 30 32 34 22 43 36 27 23 25 33 35 37 24 44 45 46 47 48 49 51 52 53 54 56 57 58 59 61 62 63
25 35 37 30 32 41 23 34 43 27 36 33 24 22 44 45 46 48 49 50 51 53 54 55 56 58 59 60 61 62 63
35 41 43 34 36 24 30 27 33 22 23 37 44 45 46 47 49 50 51 52 54 55 56 57 59 60 61 62
27 32 22 41 34 43 36 23 33 24 37 30 44 46 47 48 49 50 51 53 54 55 56 58 59 60 61 63
32 23 37 41 34 43 36 24 30 33 22 44 45 46 47 49 50 51 52 53 54 56 57 58 59 61 62 63
30 33 23 37 24 41 34 22 43 36 44 46 47 48 49 51 52 53 54 56 57 58 59 61 62 63
22 36 24 33 37 23 41 34 43 44 45 46 47 48 50 51 52 53 55 56 57 58 60 61 62 63
43 23 36 34 24 41 33 45 46 47 48 50 51 52 53 55 56 57 58 60 61 62 63
41 23 36 34 24 33 37 45 46 47 48 50 51 52 53 54 55 57 58 59 60 62 63
36 33 37 23 34 24 44 45 47 48 49 50 51 52 54 55 56 57 59 60 61 62
24 33 37 23 34 44 45 46 48 49 50 51 53 54 55 56 57 58 60 61 62 63
33 23 37 44 45 46 47 49 50 51 52 54 55 56 57 58 59 61 62 63
23 37 34 44 45 46 48 49 50 51 52 53 55 56 57 58 60 61 62 63
37 34 44 45 47 48 49 50 52 53 54 55 56 57 59 60 61 62
34 44 45 46 47 49 50 51 52 54 55 56 57 59 60 61 62 63
44
45
46
47
48
49
50
51
52
53
54
55
56
57
58
59
60
61
62
63
