#/usr/local/lib/python3.10/dist-packages/colab_kernel_launcher.py -f /root/.local/share/jupyter/runtime/kernel-6c0fbf18-c276-4b2d-9452-8819c27dba4d.json
# GMT Sat May 25 04:22:30 2024
# 
65 278 80 93 40 269 69 203 139 260 49 207 64 34 130 77 119 66 121 242 202 244 37 125 246 127 248 250 171 184 173 175 14 296 188 230 298 124 287 300 23 247 4 289 102 170 53 225 159 47 282 174 295 163 284 288 88 279 105 160 283 96 285 274 74 27 57 614 615
278 44 212 59 93 153 134 236 4 217 27 221 102 304 185 51 160 111 164 243 277 15 45 258 209 203 303 237 267 305 271 84 163 283 127 161 112 31 244 274 225 42 46 280 21 295 179 183 262 247 79 260 73 279 137 26 239 171 22 101 41 116 229 20 50 114 627 628
247 255 268 82 33 67 272 1 31 263 121 193 10 40 70 204 104 198 256 98 128 302 156 253 190 101 297 86 165 286 169 39 114 84 44 178 212 242 172 153 296 187 298 138 221 72 102 276 185 2 215 36 200 130 164 11 271 284 260 222 173 203 262 188 133 625 626
255 98 128 241 9 73 54 107 88 18 239 101 33 304 295 248 229 180 297 95 70 74 187 49 221 136 219 249 200 51 13 243 56 37 228 143 124 154 16 237 271 99 103 182 44 262 48 277 266 23 225 27 57 8 2 259 21 155 261 198 100 263 305 202 0 75 626 627
32 101 29 143 8 281 83 217 151 87 276 131 265 188 80 69 24 126 139 128 249 183 264 119 200 121 244 257 191 112 21 59 180 72 169 303 252 294 107 54 230 122 243 28 111 234 34 302 102 22 49 170 38 280 93 214 40 16 295 95 216 150 297 218 273 44 275 612 613
101 126 7 264 90 41 71 134 189 246 44 180 248 195 186 27 87 254 109 111 21 55 85 179 115 170 64 15 45 280 172 79 216 284 176 54 152 88 112 275 22 3 277 103 86 145 105 226 162 46 217 89 261 144 199 267 83 214 135 148 203 28 150 616 617
49 270 204 151 44 193 261 74 129 76 210 265 186 199 38 146 80 201 69 190 194 11 62 75 117 24 68 125 59 22 3 61 250 305 105 118 12 42 107 241 96 164 298 10 100 4 236 291 225 172 106 227 95 229 207 99 26 154 37 224 266 79 160 81 613 614
270 262 283 266 298 28 51 276 289 96 90 41 105 218 248 199 284 39 50 273 263 286 14 148 208 48 261 78 108 242 59 142 8 38 110 140 91 121 2 215 155 55 36 100 179 75 79 256 188 304 141 171 86 295 210 180 31 42 259 288 89 70 290 104 198 187 626 627
250 260 273 55 238 130 277 202 266 64 241 9 73 24 13 107 88 37 263 82 135 116 67 146 248 180 31 233 258 291 134 138 19 38 83 185 166 117 47 145 56 90 222 184 35 69 20 50 122 18 152 182 216 167 29 131 161 280 244 12 176 27 57 110 91 625 626
260 52 180 1 80 125 148 40 263 265 238 206 157 236 187 53 83 185 215 166 81 245 194 145 175 26 90 120 222 154 184 218 237 99 233 301 152 290 292 48 131 210 191 4 283 225 240 298 110 287 204 55 269 75 109 284 181 273 192 286 262 156 264 626 627
269 273 218 180 80 31 263 144 277 178 25 40 212 104 217 68 221 2 28 81 111 62 13 92 139 90 41 173 154 184 5 207 267 152 182 265 33 63 127 161 112 299 23 244 42 301 57 8 189 223 21 234 202 232 262 128 181 9 43 226 88 37 171 254 67 626 627
273 7 220 90 288 5 169 281 48 78 242 23 4 8 251 102 132 6 160 111 194 145 94 258 79 124 304 256 207 24 237 58 182 133 163 235 3 82 97 127 67 210 244 225 303 95 189 10 174 70 155 68 232 300 266 289 113 128 241 192 264 56 627 628
7 20 3 90 211 266 200 15 136 193 85 274 21 63 76 197 10 144 186 146 67 80 201 243 135 256 302 115 117 238 11 253 53 68 246 167 59 301 61 103 116 237 107 283 296 109 285 56 98 287 300 100 221 102 36 170 91 214 27 40 42 84 97 218 31 612 629
29 234 34 5 16 102 115 91 51 214 227 295 95 42 84 154 8 90 92 6 17 215 83 204 30 72 15 85 252 265 122 256 22 1 262 62 183 304 196 117 185 240 174 187 21 110 178 191 301 248 290 303 103 50 292 28 105 173 186 13 120 175 109 164 219 612 613
185 279 43 24 77 107 230 219 116 287 161 208 289 12 291 212 225 110 140 170 174 155 282 203 93 168 205 220 132 211 13 189 56 204 259 305 252 99 265 103 254 133 148 25 245 302 76 227 55 115 100 130 30 15 94 98 128 79 109 143 173 237 621 622
279 117 9 292 111 92 281 194 205 26 296 285 143 154 35 16 99 233 133 84 231 282 210 112 284 195 8 87 38 2 204 155 66 119 149 183 147 98 126 107 58 88 190 141 165 67 146 300 150 229 95 178 193 89 272 93 74 238 297 236 68 232 53 132 627 628
56 165 286 167 209 103 213 147 36 17 138 72 206 219 15 140 195 142 276 144 78 199 188 256 192 16 249 262 31 42 75 119 240 132 25 10 121 176 191 246 4 19 53 34 63 120 13 243 298 300 100 102 5 157 91 225 20 93 216 229 163 110 614 615
165 60 120 275 35 209 39 20 253 266 163 187 14 44 97 127 257 248 57 8 182 195 184 85 254 149 100 190 94 45 179 181 236 291 43 73 24 172 126 58 227 174 3 33 284 297 231 233 301 1 235 277 148 10 40 215 123 217 285 208 53 265 160 111 620 621
138 204 217 140 287 83 208 98 263 155 92 280 126 107 258 120 71 86 196 251 264 114 198 200 78 108 23 4 27 8 261 303 173 294 85 36 81 254 175 100 168 289 181 223 291 304 225 118 88 240 133 163 220 233 167 288 1 31 12 169 171 281 55 149 619 620
204 68 177 254 47 51 111 126 245 258 300 60 120 291 169 20 133 84 14 178 220 233 127 108 235 303 187 87 294 121 136 196 55 36 200 272 160 194 208 221 124 214 24 188 271 182 52 82 146 131 161 264 80 253 268 170 123 153 104 149 623 624
50 91 172 6 93 214 227 17 284 152 154 88 211 158 200 213 272 261 208 142 276 252 188 203 192 73 249 141 62 183 117 251 47 28 9 240 253 13 53 121 242 134 176 68 123 244 257 57 70 114 103 20 118 239 14 25 54 230 98 23 113 302 291 613 614
91 252 188 109 177 287 179 23 234 223 236 183 104 172 227 119 282 51 62 284 45 154 167 290 39 18 151 285 219 142 265 157 133 146 10 201 214 70 21 85 256 190 126 139 128 209 9 43 253 77 58 202 123 125 71 180 301 127 35 80 171 616 617
262 18 141 171 180 1 265 233 144 125 208 159 10 242 93 134 206 251 293 166 196 200 230 297 299 145 96 175 258 209 90 41 71 303 222 203 154 182 235 108 140 193 155 85 168 179 202 232 275 45 177 128 266 211 162 256 24 137 88 626 627
74 219 261 276 210 68 0 144 212 53 133 146 267 47 192 139 130 251 77 134 39 123 244 246 44 235 116 129 23 27 228 72 122 164 55 36 166 179 30 223 157 170 172 293 240 174 95 216 229 43 297 231 99 167 222 169 1 12 160 81 149 151 206 615 616
219 206 68 294 228 230 196 47 285 111 164 223 60 280 105 184 271 69 133 163 63 108 131 112 266 27 106 87 110 189 140 121 259 85 115 179 130 183 0 213 252 34 267 158 243 201 249 82 304 253 180 242 20 297 46 125 299 159 10 89 301 623 624
148 168 280 44 150 205 4 209 8 72 113 198 253 266 117 189 51 111 92 26 206 71 143 263 184 305 35 252 54 186 99 122 133 298 190 97 127 300 142 302 172 121 240 174 176 119 130 30 220 64 45 222 235 109 237 158 281 283 164 22 287 135 619 620
168 25 167 248 261 48 182 184 197 23 186 57 254 175 245 85 192 149 30 11 291 15 94 238 73 176 156 178 107 137 18 290 224 116 171 226 228 283 95 46 272 129 274 276 223 265 19 225 102 201 216 9 81 160 111 62 209 71 211 154 191 84 259 620 621
220 26 139 120 124 154 266 35 39 118 257 122 163 197 97 4 76 8 87 254 140 200 245 149 100 30 164 64 147 158 295 297 58 18 141 33 222 146 303 237 180 292 80 31 12 226 296 178 129 70 21 285 157 102 53 83 267 166 181 28 81 160 623 624
239 286 170 121 2 55 85 264 119 198 149 194 11 228 272 252 235 186 216 210 243 61 195 42 258 144 95 46 249 159 89 304 70 251 172 238 217 232 0 151 288 47 211 51 81 160 145 224 96 190 281 241 296 5 16 287 103 133 197 25 291 212 23 57 625 626
286 173 124 5 299 39 69 152 103 163 186 4 195 225 27 87 38 300 55 36 115 232 213 64 147 162 43 24 226 156 58 137 141 201 22 235 265 3 63 86 199 150 229 1 259 227 208 10 153 104 134 206 281 221 72 34 136 215 166 28 13 205 627 628
132 160 281 215 73 24 126 77 88 151 285 140 261 274 33 63 155 86 265 157 212 135 125 89 40 70 21 205 139 123 196 264 198 102 242 257 81 92 259 180 301 248 60 237 124 186 241 296 118 298 181 302 293 27 229 231 55 152 288 235 45 98 79 618 619
160 83 34 226 17 111 92 294 263 265 69 20 267 122 152 44 63 203 271 207 12 87 6 85 66 202 257 259 158 195 237 9 54 186 107 188 243 52 82 135 300 234 181 1 291 114 95 40 174 163 297 231 299 68 233 102 620 621
118 225 159 295 36 30 178 64 167 109 24 107 88 283 217 22 272 116 153 274 155 80 210 265 157 114 267 104 271 192 205 19 194 102 143 117 145 51 81 189 244 257 259 301 71 182 195 129 39 131 173 296 230 122 97 108 232 4 302 27 57 87 617 618
225 20 256 133 163 300 97 108 234 172 57 8 227 2 242 297 6 149 100 164 288 64 75 303 79 226 43 188 152 22 3 276 146 150 195 267 189 89 174 70 198 217 202 151 266 136 111 92 205 60 90 305 5 265 16 624 625
51 235 169 20 103 92 213 268 33 94 215 83 164 206 210 78 199 201 135 0 271 15 194 128 141 196 209 43 143 187 200 244 257 59 72 31 248 303 195 129 63 305 54 298 190 111 287 47 291 183 304 172 161 53 174 95 108 275 614 615
235 81 130 30 249 228 45 154 73 207 299 88 163 288 22 186 33 237 116 131 80 46 155 300 68 19 232 98 177 162 271 92 107 137 190 60 120 218 35 16 180 39 20 114 197 261 59 153 252 106 57 221 267 136 6 200 17 624 625
71 150 271 231 152 86 99 288 209 211 266 40 70 268 94 149 210 9 252 144 188 201 37 41 192 139 194 75 117 198 240 121 257 246 303 129 2 55 6 173 186 17 228 296 111 15 166 100 113 289 170 43 159 280 293 106 295 95 22 52 615 616
150 116 152 95 275 44 25 198 211 266 200 23 257 246 2 117 261 303 305 197 173 241 60 177 190 124 181 88 103 183 22 3 63 172 97 240 174 229 242 163 176 31 42 299 169 158 171 226 0 228 230 272 274 208 137 265 199 141 212 280 619 620
90 163 152 99 275 26 209 222 169 292 105 147 94 96 151 84 14 98 25 263 197 265 267 214 137 192 66 194 249 75 119 121 242 43 123 136 58 88 259 237 12 228 120 243 111 124 245 10 287 179 113 234 291 72 161 216 28 616 617
163 41 143 124 238 174 152 133 14 131 161 23 224 106 87 171 2 217 164 285 11 15 94 276 147 265 128 199 162 24 77 249 116 264 198 95 242 123 153 104 195 305 102 113 252 173 136 117 254 9 177 37 289 620 621
34 268 215 96 23 4 27 195 142 263 131 265 199 67 69 82 124 58 302 62 119 253 66 3 46 167 301 114 303 237 226 120 41 296 109 177 98 45 221 155 102 115 157 28 159 293 214 106 295 95 108 152 99 16 88 35 211 79 213 14 613 614
268 162 264 156 190 141 37 285 201 41 120 218 229 280 84 127 261 59 123 112 4 275 106 8 251 2 136 85 115 230 100 243 175 75 139 274 109 124 43 188 77 107 152 52 82 63 116 131 302 61 46 259 193 89 253 234 257 134 179 19 232 213 626 627
106 107 254 175 296 230 243 111 14 287 78 59 115 183 304 238 76 57 227 119 110 36 299 154 11 64 228 43 162 217 58 88 18 274 197 67 31 12 214 258 205 89 40 126 196 209 130 251 53 200 123 92 246 180 193 114 116 60 294 105 617 618
107 8 196 72 251 264 198 266 187 55 36 17 189 191 246 259 94 75 180 237 184 186 18 175 166 300 181 1 46 159 227 229 284 110 68 288 277 211 224 13 26 60 274 208 197 84 203 78 258 271 23 4 207 617 618
92 209 222 143 277 81 96 140 153 16 142 263 39 69 84 133 44 201 124 258 192 205 194 251 264 55 253 17 200 189 11 64 127 182 292 186 228 120 63 243 164 285 177 298 179 221 170 238 280 214 295 271 97 83 275 167 616 617
209 156 26 141 37 288 120 290 303 86 224 35 169 180 294 99 197 25 159 108 287 276 210 87 151 267 121 216 6 111 11 75 79 253 184 188 122 152 182 259 161 191 305 31 252 176 76 256 193 70 179 19 293 158 227 623 624
4 96 230 0 45 276 157 104 159 214 284 218 33 275 277 77 145 26 15 136 19 195 8 129 263 76 12 254 188 243 190 137 58 113 181 115 249 62 196 117 66 244 57 233 288 59 182 292 105 173 94 41 162 612 629
96 68 19 288 156 169 224 158 105 226 81 151 164 153 274 208 142 5 210 39 20 214 271 205 207 76 87 266 187 21 55 6 85 66 257 30 64 15 182 28 173 175 230 52 82 124 86 113 289 304 104 238 293 240 10 110 231 299 616 617
212 274 289 178 208 25 89 70 59 123 267 280 8 72 83 200 266 205 26 257 173 124 154 272 24 188 305 78 161 256 258 300 304 115 100 130 253 19 244 128 158 192 9 288 43 222 303 77 58 190 37 281 215 135 116 146 283 199 1 623 624
274 242 93 123 134 300 151 53 113 166 117 230 264 245 205 26 297 228 299 143 301 35 207 188 20 152 246 97 176 27 6 85 17 198 100 11 232 213 158 275 181 211 162 192 43 73 54 137 141 254 180 1 61 89 70 627 628
97 287 179 126 16 170 238 240 174 108 110 59 167 76 156 57 211 103 292 147 55 215 36 66 149 153 94 155 146 267 135 18 258 3 63 141 61 187 121 89 40 189 123 244 248 261 83 129 28 173 294 186 120 241 13 188 298 616 617
287 127 78 242 272 112 23 76 166 230 100 194 15 94 158 143 173 124 203 73 237 54 188 58 122 186 246 67 146 280 161 305 61 195 12 42 170 134 179 0 102 53 113 177 117 211 275 201 41 120 199 84 44 129 627 628
83 281 19 149 206 140 261 195 81 155 37 254 41 5 124 137 192 20 128 304 44 25 251 143 264 240 187 121 242 176 2 193 169 6 116 305 11 73 102 115 291 238 82 63 214 67 161 229 31 167 10 70 277 103 213 615 616
41 218 38 207 99 288 17 94 136 206 140 24 87 142 76 252 265 3 146 80 135 82 137 258 139 73 141 304 121 242 19 0 176 57 70 125 46 59 9 127 169 182 171 226 294 230 285 298 5 100 221 234 25 170 95 613 614
127 166 119 302 94 98 161 174 43 54 58 154 167 288 169 67 292 147 151 10 261 123 142 263 210 157 199 53 256 111 13 207 141 60 39 69 122 14 259 108 195 237 23 252 76 294 186 57 38 110 121 298 21 245 66 618 619
166 78 112 215 283 27 57 206 36 280 45 158 218 73 207 275 77 18 22 33 253 266 86 12 191 114 46 193 140 261 195 155 153 252 254 19 72 102 53 298 300 126 170 172 293 120 229 124 35 231 178 99 222 290 224 237 620 621
60 176 110 22 52 88 169 211 224 158 292 105 147 281 215 21 162 283 55 217 140 261 153 76 133 82 258 26 139 194 128 130 119 253 187 299 180 193 182 173 294 2 120 6 67 188 17 243 245 179 100 234 181 223 240 295 18 614 615
176 120 188 243 173 124 177 43 181 302 122 3 82 167 161 112 295 76 301 10 89 40 21 155 104 226 281 294 64 53 128 158 9 208 276 199 203 271 207 14 25 196 157 189 38 244 246 182 303 164 175 252 15 75 241 621 622
187 217 143 73 221 77 58 171 52 82 267 280 86 214 129 275 10 40 174 21 251 253 266 136 117 181 305 26 199 241 188 105 256 5 192 122 238 78 293 227 110 140 121 55 17 149 179 164 11 281 294 45 215 147 622 623
217 285 53 215 196 47 223 200 145 175 26 139 207 69 251 103 133 244 161 191 214 38 303 110 170 155 6 36 66 241 130 296 243 298 232 245 238 156 137 171 201 82 33 242 146 233 1 80 31 114 125 281 228 283 623 624
281 266 136 117 230 62 124 184 39 99 103 133 246 131 161 191 57 8 87 38 2 253 85 36 238 100 294 277 94 45 75 109 256 24 300 245 58 137 141 22 135 86 218 16 61 114 227 89 70 153 104 206 157 627 628
151 294 228 162 285 136 47 221 276 199 145 280 37 201 282 203 124 105 152 154 264 211 48 108 131 244 257 38 195 55 85 305 241 45 75 245 289 58 170 18 141 172 22 227 86 297 299 114 95 301 169 70 158 292 134 619 620
294 121 6 36 66 164 94 228 222 173 256 73 237 188 18 52 186 3 216 246 63 210 46 259 253 21 234 123 153 68 19 72 102 241 192 62 13 201 254 5 248 229 263 208 25 78 108 236 27 240 8 87 628 629
266 47 264 13 190 146 180 80 114 44 208 108 93 172 87 249 230 81 224 175 139 256 283 285 103 182 265 131 161 291 1 244 76 259 170 284 10 40 21 155 85 257 149 19 232 183 113 626 627
271 248 20 14 227 178 89 93 240 38 53 196 296 66 230 285 81 62 228 45 258 75 184 280 293 256 188 267 99 84 186 3 78 210 161 244 57 121 115 238 179 19 0 94 98 128 79 28 192 9 226 156 137 626 627
81 156 290 224 47 228 164 142 155 39 199 133 146 44 137 139 145 134 6 189 123 178 11 246 259 180 237 73 24 296 188 18 109 243 190 223 80 12 291 304 227 119 282 295 70 110 152 233 19 288 88 615 616
20 238 214 295 95 108 5 16 31 88 222 24 200 202 140 261 2 263 276 78 67 80 203 258 128 183 117 130 18 251 66 242 68 123 299 70 248 290 61 6 305 19 109 43 98 111 232 221 47 289 36 612 613
78 46 100 113 181 102 117 293 161 282 295 95 216 72 86 233 28 9 288 222 62 290 145 226 147 16 206 69 44 131 265 133 135 27 205 249 36 66 264 119 11 253 200 121 45 125 43 24 54 171 105 296 243 615 616
179 193 248 112 12 197 252 296 174 155 85 115 190 149 130 0 304 177 128 158 162 229 156 137 297 231 3 116 67 114 125 25 206 93 153 104 263 223 38 265 113 111 258 164 251 173 253 244 14 246 621 622
143 295 62 229 297 141 135 171 95 173 14 149 296 89 164 108 93 232 208 68 289 87 38 102 214 6 203 216 207 45 154 264 253 145 200 193 206 112 195 76 140 241 175 243 245 119 192 64 304 109 172 293 9 240 619 620
295 173 237 267 69 122 182 84 167 246 59 280 112 12 57 193 253 21 305 6 198 149 232 64 75 147 79 211 241 24 54 275 137 82 284 146 218 261 206 38 102 136 47 200 17 111 243 11 228 292 628 629
55 182 252 24 18 245 115 42 104 161 10 152 112 233 154 156 292 105 13 98 140 261 276 210 5 254 80 201 82 84 126 128 130 8 251 64 121 6 202 244 136 178 299 191 246 259 59 301 614 615
182 115 66 291 30 94 75 98 297 79 109 58 171 292 226 146 215 169 61 206 178 129 68 0 181 28 62 164 175 198 37 200 202 39 193 84 14 263 48 142 296 188 243 256 8 87 140 170 621 622
242 173 73 24 237 3 82 216 63 146 191 42 275 95 189 170 193 223 174 155 149 19 259 47 241 156 26 120 105 35 169 229 39 233 304 227 178 240 221 72 290 303 85 36 164 224 296 285 228 625 626
8 228 54 175 234 36 291 38 159 280 161 218 31 44 222 35 77 24 215 15 136 85 153 195 263 197 186 267 80 14 82 203 137 18 73 194 115 196 119 174 178 233 125 167 180 116 39 612 629
27 120 45 25 289 157 104 38 159 293 93 174 216 2 152 86 99 275 167 277 290 15 37 147 202 94 144 199 133 146 267 67 135 69 137 258 194 62 77 240 200 134 189 136 191 112 125 292 252 186 612 613
120 231 211 119 30 11 149 283 98 79 109 54 153 276 22 267 86 61 42 249 141 251 68 121 72 257 13 237 129 173 186 296 243 105 69 99 300 234 84 14 159 280 112 240 282 23 229 618 619
25 276 102 223 170 291 104 38 161 282 203 277 77 17 79 200 215 257 28 272 129 197 131 144 135 256 245 126 302 117 251 172 253 174 108 229 231 0 48 13 226 39 52 94 22 296 3 30 285 298 221 612 613
276 10 70 172 123 289 236 221 102 249 194 224 139 173 124 154 5 256 237 133 167 244 12 87 193 174 36 115 66 257 198 149 302 202 183 64 94 75 98 79 158 192 24 171 82 146 31 144 283 197 627 628
11 112 59 180 116 305 283 230 100 234 47 157 104 146 93 227 84 152 154 35 77 198 24 145 79 202 17 140 195 129 21 63 76 186 133 267 203 258 58 126 2 302 249 62 75 196 238 0 189 110 299 612 629
112 298 124 94 126 302 223 170 293 88 82 218 154 1 61 277 224 10 40 21 85 215 206 19 98 144 157 47 133 13 201 135 37 207 105 141 5 35 80 99 200 134 178 125 259 114 116 131 173 175 617 618
16 227 40 161 282 205 31 275 10 277 158 200 147 215 28 149 191 259 140 195 208 129 21 263 210 131 67 256 69 203 245 75 196 117 174 108 297 189 110 44 248 290 116 305 105 162 283 98 300 221 155 291 159 612 629
227 39 152 84 197 48 108 206 189 140 2 115 66 149 257 272 64 261 109 263 162 305 207 156 241 201 52 186 3 33 63 67 300 214 114 153 244 102 53 117 111 13 226 194 175 205 203 154 624 625
57 228 164 285 111 113 24 289 102 170 291 104 238 293 214 108 231 12 21 79 226 0 162 283 87 208 263 144 201 203 84 126 139 251 264 66 134 23 178 299 125 59 301 193 2 303 173 614 615
228 231 221 299 233 2 85 115 290 66 305 194 175 205 15 75 241 296 184 18 103 133 291 186 3 63 161 195 12 140 277 181 261 226 26 37 218 180 300 114 129 108 293 59 123 253 624 625
117 226 18 84 33 206 221 42 155 210 46 214 256 137 207 249 141 109 264 77 88 134 178 191 259 114 241 243 124 68 234 87 302 102 236 291 47 159 119 17 240 161 282 231 275 105 617 618
139 297 82 178 299 135 86 154 80 12 42 156 211 224 95 10 70 93 104 208 221 136 144 267 201 62 26 258 37 152 207 99 122 257 246 259 303 38 305 197 110 121 254 6 36 190 30 0 302 240 77 619 620
297 222 105 24 39 69 122 18 133 265 3 82 108 191 142 42 259 189 10 40 174 100 0 213 296 98 192 9 264 245 37 171 302 135 95 14 208 159 299 123 301 157 236 289 87 194 175 277 45 628 629
254 284 125 110 170 89 155 234 264 277 238 202 113 158 47 192 226 156 263 26 190 86 218 39 208 108 93 102 121 249 230 100 292 305 64 283 109 184 43 207 188 289 291 3 216 191 142 1 80 31 625 626
284 184 5 252 282 99 122 103 14 44 231 261 191 240 234 36 149 130 164 194 300 177 128 237 267 304 293 18 201 186 216 246 135 280 180 290 303 189 178 129 89 223 40 174 70 153 296 232 0 53 47 175 205 627 628
222 299 246 301 184 218 35 207 39 69 226 103 186 296 167 230 108 59 298 142 140 170 2 174 155 119 198 30 202 128 277 181 24 156 58 141 171 52 86 199 1 305 144 95 40 134 206 236 113 215 238 624 625
22 126 62 304 196 264 198 253 70 191 125 14 61 171 184 52 188 43 298 232 245 45 100 234 181 236 104 229 218 31 44 18 154 167 145 202 12 272 140 10 21 197 133 146 67 69 190 9 192 612 613
126 52 3 196 251 264 198 145 200 1 42 189 202 110 259 193 40 21 19 0 256 232 245 234 302 291 39 244 14 44 108 237 23 283 66 17 221 223 265 64 280 109 214 135 203 73 258 152 207 275 618 619
231 236 173 154 280 282 133 167 48 191 42 189 193 115 259 183 0 213 15 94 147 98 43 73 13 156 137 256 190 141 82 86 302 146 169 199 180 1 95 253 197 10 59 23 19 303 38 72 2 241 17 296 624 625
173 110 6 178 299 17 288 301 100 130 237 292 213 158 215 283 18 232 33 135 12 258 159 21 207 275 68 253 261 303 195 186 39 133 14 300 59 249 238 621 622
66 169 292 184 105 18 175 109 230 52 122 243 111 232 113 12 42 236 282 174 218 207 288 147 149 26 263 39 144 146 14 44 135 69 258 84 128 38 196 251 119 240 6 123 178 125 301 614 615
169 17 145 207 196 211 24 54 84 82 33 191 12 184 197 121 241 10 115 256 177 134 149 100 245 300 0 181 236 28 58 233 288 301 303 226 230 108 59 272 93 232 38 210 72 201 214 620 621
43 200 70 191 301 193 61 305 252 52 186 241 109 230 164 298 124 58 300 223 236 93 218 86 21 275 167 288 103 158 213 226 202 162 283 26 76 89 210 265 199 5 135 82 205 249 613 614
249 290 305 82 33 116 67 285 110 89 40 123 153 119 202 19 0 113 47 181 162 245 26 201 135 180 99 233 144 261 197 142 23 236 256 121 136 215 302 85 251 164 79 158 24 188 288 301 625 626
290 200 111 145 26 45 258 203 24 54 122 84 186 3 131 210 161 296 214 244 298 42 110 223 40 21 119 293 183 128 162 264 13 77 156 37 82 86 5 80 263 159 89 93 123 206 251 102 2 136 196 628 629
238 3 191 142 195 87 21 115 251 119 183 64 147 109 244 181 28 162 192 77 58 190 305 135 86 241 218 1 61 114 197 14 159 104 280 157 68 53 136 215 264 175 124 272 237 625 626
221 108 93 172 153 289 215 196 291 36 17 164 175 15 79 154 184 207 253 122 152 103 133 131 191 61 12 189 252 10 256 183 53 98 177 211 293 240 190 141 37 135 116 237 125 624 625
240 241 207 54 188 69 186 33 131 42 189 140 121 223 70 104 68 19 113 158 181 28 162 9 190 37 86 146 265 80 243 208 48 123 304 23 253 215 200 224 292 124 184 625 626
241 110 170 17 149 30 261 202 213 64 98 177 128 73 256 298 18 300 52 135 31 42 193 223 93 123 157 68 19 0 72 230 111 145 224 154 99 122 44 186 167 161 264 625 626
230 76 292 136 200 15 75 289 158 267 73 207 24 54 188 88 52 42 144 95 46 170 159 257 223 174 123 68 183 213 263 113 177 28 243 62 258 180 84 197 44 142 624 625
119 180 301 261 303 237 252 175 296 188 177 232 245 95 170 40 282 0 98 288 9 13 211 224 158 213 26 149 39 263 48 146 267 201 87 38 152 194 128 36 130 200 189 244 618 619
180 256 192 205 128 73 24 54 198 77 171 63 244 257 67 1 303 197 10 123 190 0 102 234 177 62 13 229 154 292 133 14 44 215 142 206 38 170 6 621 622
224 233 288 17 145 205 124 154 207 39 69 99 103 133 84 108 210 23 12 110 140 85 275 277 30 202 213 75 147 177 181 261 171 82 252 116 67 199 256 31 298 300 234 159 251 157 68 102 2 624 625
233 175 280 45 124 105 188 69 103 52 3 131 161 142 1 195 76 140 121 261 193 223 85 130 64 243 113 109 245 300 181 211 58 88 141 293 199 299 197 44 178 303 237 59 23 283 87 6 624 625
17 103 292 52 296 109 153 300 234 236 157 170 159 172 5 40 282 229 218 31 86 35 213 26 206 87 129 197 210 265 199 146 267 190 124 192 64 12 253 174 110 46 288 301 612 613
94 123 136 53 191 28 248 237 37 188 109 164 245 39 289 236 157 291 95 110 152 99 147 64 9 261 54 197 210 199 52 33 133 214 67 203 137 192 194 183 70 93 68 19 616 617
123 153 142 88 82 116 207 128 42 251 253 40 134 21 257 246 19 301 113 184 47 9 62 296 177 232 105 5 84 275 167 76 211 110 171 2 213 226 215 618 619
200 28 141 232 116 199 80 31 210 223 134 207 38 136 30 15 248 261 124 184 263 99 122 103 3 300 76 87 291 70 155 6 198 149 130 98 622 623
52 207 75 64 253 244 178 72 61 105 3 33 54 122 285 177 98 245 113 302 102 10 291 104 93 0 154 275 167 88 13 213 226 37 147 162 272 35 87 208 263 131 199 80 190 192 614 615
24 64 9 53 121 125 246 61 162 243 298 23 100 47 223 115 236 170 104 293 84 152 33 154 88 277 213 193 1 263 89 190 181 62 75 612 613
64 72 303 33 63 186 12 42 243 124 245 40 289 102 115 172 93 53 282 216 108 154 167 288 88 26 211 283 39 206 140 23 146 267 256 203 2 84 86 141 45 614 615
115 14 171 33 184 252 122 12 85 36 100 159 293 15 45 216 109 77 277 213 226 67 285 140 153 263 10 104 199 133 214 68 102 137 111 251 198 134 244 259 99 193 617 618
15 244 257 70 246 46 301 237 171 292 184 186 122 285 177 155 47 38 280 172 214 95 218 154 167 79 283 30 272 153 129 142 263 197 131 124 192 205 128 196 130 77 198 53 134 612 629
244 128 207 302 77 156 137 122 171 80 114 46 125 189 129 10 234 292 153 232 183 0 113 47 28 192 62 190 280 105 199 99 197 44 259 110 136 625 626
175 174 6 164 75 147 79 263 223 73 156 58 137 201 31 42 275 196 144 125 264 198 253 157 19 301 72 102 53 13 296 124 234 302 69 122 103 293 282 167 131 621 622
216 234 35 199 304 39 69 144 84 129 159 48 108 172 299 206 246 87 38 85 36 130 203 184 280 103 133 86 131 80 42 46 125 189 253 134 272 213 147 177 263 211 9 111 243 26 171 201 258 623 624
234 167 210 142 23 189 140 121 174 130 45 75 177 73 54 77 301 190 33 292 214 61 144 129 89 223 289 153 104 19 280 113 62 275 145 277 37 203 39 261 44 303 624 625
301 149 100 304 30 164 243 258 109 203 122 186 3 299 1 42 114 144 110 189 140 129 68 232 183 72 177 9 62 226 26 141 135 35 199 133 178 208 172 628 629
36 303 63 292 54 285 45 100 293 214 40 229 152 88 156 18 3 202 259 142 76 197 10 80 201 205 73 194 9 128 304 13 130 121 299 191 5 46 193 114 613 614
303 283 130 177 158 156 141 186 246 116 293 61 195 178 159 40 174 93 232 296 136 211 9 264 245 205 105 35 39 133 84 197 161 191 142 300 170 628 629
110 252 243 54 69 111 245 103 48 291 183 70 154 237 158 0 226 79 149 142 263 37 223 157 146 201 214 5 207 196 202 2 191 259 30 197 617 618
252 121 223 40 21 155 100 130 79 109 211 162 190 86 5 80 95 89 256 59 153 104 236 72 53 47 30 205 154 207 18 103 133 186 33 298 48 108 131 1 195 625 626
237 293 194 45 54 77 152 283 3 296 67 146 131 161 195 223 153 232 0 181 9 111 156 26 37 5 218 39 103 59 172 236 140 215 624 625
293 39 48 291 161 23 87 38 193 155 6 232 277 177 79 158 226 298 58 18 300 265 33 63 280 248 89 272 172 257 134 236 68 196 28 264 243 194 205 37 203 628 629
3 194 9 253 53 189 63 184 54 243 298 111 232 300 113 155 223 229 218 44 211 37 158 147 202 28 30 72 193 195 76 199 133 267 80 201 14 612 629
196 88 213 226 86 114 125 40 267 214 104 53 113 275 47 62 253 145 202 257 105 5 35 261 69 99 197 186 167 108 59 256 23 245 76 87 2 183 147 177 162 622 623
167 181 26 172 105 54 229 69 299 277 215 85 130 30 265 75 128 109 73 258 77 194 37 198 31 61 44 159 259 10 59 23 305 197 68 188 245 620 621
272 102 136 47 264 245 194 205 26 154 277 35 263 133 14 261 108 59 161 191 121 174 298 100 300 213 302 158 73 267 77 58 88 18 190 201 299 186 265 63 61 12 42 95 125 259 129 208 627 628
298 191 142 206 76 289 140 170 155 100 213 75 98 177 54 171 201 186 63 67 146 214 114 257 202 232 113 181 9 62 26 5 35 99 152 14 44 261 291 628 629
170 186 48 245 289 302 291 172 299 147 277 213 88 135 146 1 42 263 210 125 265 10 89 280 70 207 72 102 53 9 111 62 189 246 261 621 622
161 190 5 35 289 181 14 291 183 304 48 172 59 142 85 130 226 215 152 223 63 135 203 61 114 70 21 68 72 147 47 28 13 184 145 620 621
190 264 46 253 21 104 206 53 98 177 197 156 26 141 300 35 84 129 229 153 23 157 72 121 296 145 79 289 54 280 58 88 18 33 146 622 623
73 77 257 299 12 42 246 46 116 70 105 19 245 113 47 28 9 289 174 108 86 288 277 44 158 48 147 162 206 208 131 144 146 267 203 205 54 304 18 615 616
77 251 13 253 189 202 136 67 191 125 1 193 61 114 116 129 184 10 186 109 111 245 289 102 282 288 39 171 292 14 33 283 285 100 89 157 280 93 28 615 616
191 0 79 158 162 58 18 63 80 42 144 178 70 285 13 26 205 194 35 275 188 264 103 14 44 257 131 23 193 248 189 174 6 149 243 256 622 623
31 80 192 84 183 251 253 68 70 246 46 248 61 184 305 186 177 232 300 100 113 302 236 18 40 282 95 218 99 88 156 21 149 283 72 142 263 76 131 146 612 613
80 93 203 205 10 21 194 141 189 136 47 248 171 131 243 39 232 223 236 104 282 174 229 152 288 211 75 162 85 206 140 87 155 197 89 615 616
149 53 305 197 9 296 26 232 289 5 69 99 122 23 76 38 158 130 75 109 199 267 159 203 63 86 67 194 61 12 42 251 89 40 21 619 620
61 188 135 30 258 45 128 75 264 299 125 246 248 63 184 305 296 164 285 111 0 282 174 229 275 288 35 156 211 79 147 44 202 283 72 206 208 263 76 210 199 614 615
188 42 76 46 10 299 0 162 283 88 37 210 265 5 280 264 68 198 211 189 145 195 75 263 99 103 133 67 131 291 251 622 623
136 128 164 223 267 5 35 137 14 89 154 59 251 264 72 189 193 248 30 195 197 124 39 69 232 122 103 33 63 48 291 304 299 85 100 130 277 619 620
121 245 82 33 172 12 114 46 89 70 275 156 102 53 285 210 105 5 256 84 48 141 251 87 38 253 257 125 246 100 195 129 618 619
93 140 153 263 210 157 205 87 38 2 130 145 202 45 75 116 129 305 197 131 63 133 109 232 1 76 181 236 304 70 282 68 19 53 277 103 162 285 5 616 617
140 256 113 232 236 37 135 105 178 39 133 277 44 171 48 108 59 213 85 223 199 100 267 159 98 192 207 211 189 202 46 305 619 620
98 68 53 193 116 184 305 177 302 69 102 236 172 82 33 282 218 178 99 211 103 292 19 206 79 47 100 9 142 280 258 192 5 35 141 14 253 616 617
82 251 264 299 246 19 193 53 184 47 62 109 26 289 157 39 44 95 48 218 42 156 145 21 213 45 85 79 87 9 54 199 18 201 135 615 616
257 109 211 37 135 146 302 248 199 1 304 114 44 172 157 236 102 2 283 164 154 35 256 99 122 152 63 48 108 288 214 12 87 174 130 259 0 626 627
142 289 236 304 72 53 113 174 9 13 124 213 99 283 122 133 84 285 108 59 153 208 155 157 85 192 194 45 79 54 202 246 259 193 67 125 129 619 620
18 62 198 253 178 299 125 116 171 292 162 54 296 243 13 289 236 159 40 282 205 44 156 12 147 30 6 261 195 210 256 203 245 612 613
100 48 116 131 30 181 174 218 154 33 288 12 226 147 283 285 197 144 265 157 256 258 205 194 207 141 183 264 134 616 617
26 86 33 103 13 213 202 215 72 206 261 153 76 210 146 256 69 251 198 116 292 1 45 289 302 102 223 236 104 282 218 612 613
86 192 194 207 141 251 125 259 23 248 111 45 113 289 223 54 159 280 282 174 108 218 152 67 275 288 12 215 85 162 89 144 157 201 203 616 617
58 75 264 42 248 129 292 45 122 9 177 111 13 113 37 223 157 214 108 229 46 14 288 156 226 153 195 197 144 199 201 5 35 54 137 84 205 33 128 614 615
75 178 246 33 116 171 105 226 186 46 21 300 289 72 95 152 145 147 39 215 48 195 87 135 6 245 258 181 45 183 198 134 615 616
33 302 198 299 14 114 48 116 54 296 113 30 47 102 38 282 229 205 218 207 141 275 10 259 129 76 197 89 210 0 144 67 245 612 613
0 70 19 21 76 186 1 69 258 5 181 236 130 172 46 288 116 54 296 30 232 47 291 38 214 152 99 275 198 145 158 13 28 612 629
70 199 135 205 141 130 114 248 292 226 232 113 302 236 159 282 39 69 95 229 152 156 277 145 79 202 72 261 195 615 616
19 30 85 153 208 144 9 146 267 201 135 124 137 192 181 5 198 14 299 248 103 184 6 109 164 236 104 282 42 207 88 145 158 612 613
68 206 195 54 155 144 141 198 253 134 299 28 305 186 37 122 243 164 285 300 289 236 291 104 280 174 229 23 275 156 211 103 615 616
128 189 195 42 114 184 46 197 89 177 232 300 53 183 159 111 229 37 299 154 156 213 226 59 210 2 137 205 194 207 79 109 251 145 618 619
42 203 245 39 251 46 59 103 171 105 162 296 164 177 155 289 236 280 214 152 207 158 79 147 215 193 265 186 133 613 614
47 226 162 206 195 210 144 133 67 45 194 183 251 178 1 12 114 46 48 10 63 105 243 164 232 9 104 280 108 229 277 14 613 614
153 208 263 72 199 102 28 198 122 193 48 184 305 38 296 243 245 289 291 183 304 109 172 137 218 37 114 144 46 162 10 89 620 621
193 265 177 79 158 28 162 9 156 114 299 14 159 288 89 59 172 104 292 226 53 145 223 280 282 54 69 205 103 12 248 622 623
46 133 201 45 203 137 141 130 251 189 12 299 171 184 54 164 28 289 104 95 1 152 154 275 288 88 277 211 202 283 206 261 195 210 613 614
156 62 13 264 39 248 44 186 256 177 192 181 291 304 172 137 141 292 63 215 67 146 162 12 206 144 95 199 267 205 207 620 621
304 122 152 84 210 1 214 259 40 174 21 134 198 130 202 147 158 146 35 248 199 282 263 144 172 157 300 38 30 205 124 256 207 39 305 628 629
72 215 85 28 76 210 13 35 198 59 125 246 114 248 122 124 302 54 223 39 183 63 282 108 299 12 288 277 21 171 213 615 616
215 113 111 145 154 69 99 122 152 14 275 131 264 87 189 6 45 54 137 245 258 141 171 63 214 95 229 129 159 40 623 624
218 5 197 48 172 206 157 38 259 2 6 30 194 158 258 300 302 152 251 299 95 288 125 189 159 89 174 183 296 147 211 291 37 171 623 624
88 264 299 125 84 14 184 48 177 245 2 157 104 30 159 280 172 214 79 152 63 213 226 147 202 199 133 192 28 194 207 616 617
261 198 289 202 147 158 181 111 62 99 178 265 251 243 79 154 256 54 152 246 116 67 131 305 12 283 285 626 627
5 282 108 44 35 277 145 206 195 197 199 67 14 135 124 84 130 264 299 125 292 305 122 164 177 113 155 289 236 612 629
10 197 89 23 133 14 192 194 251 125 48 63 105 296 285 45 113 102 157 6 172 229 37 158 213 1 208 612 629
35 40 282 211 103 202 283 259 85 195 89 144 67 6 203 124 198 299 125 171 184 285 111 300 223 157 291 104 38 280 172 214 613 614
40 76 144 265 39 146 137 23 194 6 30 246 114 48 116 292 63 184 186 243 177 289 12 172 99 288 158 9 283 37 613 614
62 277 213 283 1 208 197 133 267 137 258 37 253 189 246 39 248 44 171 292 305 177 300 2 113 6 157 214 45 108 229 152 99 54 154 614 615
53 283 85 89 144 192 194 251 198 9 13 116 296 164 111 232 124 245 300 102 223 172 2 154 275 211 147 614 615
245 264 277 131 76 259 6 183 265 147 137 141 302 201 199 197 206 23 243 194 205 282 69 99 625 626
264 13 137 135 199 263 14 89 206 157 236 111 45 203 105 292 210 259 155 202 232 147 162 626 627
116 6 85 207 30 134 54 125 129 171 131 1 114 124 302 183 159 28 111 84 48 155 157 76 38 146 214 256 2 617 618
9 145 134 147 28 76 265 199 122 135 192 302 236 130 108 162 283 109 89 6 95 84 205 207 198 612 629
282 39 69 178 172 288 236 30 258 256 54 137 265 1 214 195 114 21 299 104 134 198 202 292 102 147 181 162 300 205 135 627 628
159 69 265 14 44 201 59 203 38 198 6 145 154 195 54 305 122 177 236 125 291 183 134 299 288 211 111 37 105 208 620 621
21 263 23 122 243 135 69 203 174 59 39 162 283 285 177 155 289 102 223 280 229 211 145 134 30 195 612 613
263 104 113 226 205 124 103 300 38 85 30 164 45 258 288 256 246 63 296 144 125 189 626 627
48 181 302 102 223 104 45 108 154 103 213 195 131 199 146 267 67 201 214 135 137 13 37 183 130 251 134 178 44 184 105 2 111 613 614
256 214 114 155 104 213 305 296 13 289 291 229 44 208 275 23 38 130 30 194 210 626 627
145 288 111 171 37 226 105 84 223 199 280 203 192 6 130 253 45 189 124 248 103 63 67 131 177 181 291 178 299 619 620
69 147 28 206 155 210 265 199 39 203 137 192 205 44 194 141 183 79 134 299 259 30 129 164 111 124 289 615 616
113 202 283 197 210 2 144 146 203 124 109 130 198 67 125 1 89 164 285 177 289 181 172 288 84 213 617 618
202 147 206 28 13 141 201 258 39 99 84 246 292 283 285 124 184 152 103 267 12 277 85 211 104 622 623
13 158 206 195 87 1 89 210 146 267 122 135 192 302 183 2 198 248 162 164 45 289 223 108 229 44 275 612 629
111 277 76 226 210 79 214 203 137 63 178 89 131 186 28 243 124 99 288 617 618
277 229 99 283 197 178 131 291 2 6 130 243 288 177 158 109 171 201 246 144 95 125 223 104 302 157 183 627 628
229 124 154 184 99 131 210 189 2 155 248 85 198 45 79 226 171 144 95 299 172 292 283 28 267 280 624 625
14 104 280 172 95 275 213 259 208 267 258 181 2 174 178 299 246 39 164 177 300 155 612 629
39 288 226 85 210 199 267 137 246 248 1 54 296 45 289 613 614
6 184 177 45 300 38 1 259 85 206 76 265 199 67 124 137 192 194 251 134 189 178 246 59 612 629
243 288 195 155 296 183 289 181 267 37 114 129 208 89 134 206 248 258 122 103 63 625 626
288 194 207 108 131 291 275 137 37 146 248 305 208 89 206 157 2 627 628
213 205 37 154 99 122 103 131 206 155 85 30 164 194 292 183 45 109 162 285 141 1 114 125 189 104 157 623 624
99 280 152 105 147 208 155 30 267 201 45 203 137 54 63 67 1 95 292 184 291 616 617
280 114 178 208 59 251 164 258 79 283 125 155 232 211 192 275 141 37 201 248 627 628
102 162 283 59 164 87 144 133 267 258 205 114 131 302 172 211 103 292 617 618
85 129 289 302 236 152 44 87 197 144 214 258 67 1 12 134 189 178 125 246 248 616 617
38 155 223 23 205 154 275 259 195 129 131 199 258 192 302 183 130 251 174 246 59 103 63 184 613 614
236 285 59 76 275 147 177 109 253 181 211 54 201 63 67 265 1 114 208 302 206 37 203 105 624 625
285 251 258 207 186 131 195 299 253 155 134 183 181 211 291 141 171 199 114 144 125 197 178 129 89 59 172 627 628
134 208 144 267 258 192 205 141 114 125 104 189 178 171 184 296 164 289 181 302 133 172 59 152 76 211 158 30 618 619
122 183 251 87 172 45 28 162 283 164 205 152 23 154 275 211 248 197 131 186 135 192 618 619
183 133 248 195 305 197 199 125 300 192 251 177 137 146 296 178 129 108 210 223 201 130 30 621 622
194 186 63 67 226 95 296 189 89 265 201 105 184 152 246 206 59 23 177 54 622 623
87 162 296 109 181 28 174 84 59 76 197 89 210 131 144 146 45 130 251 178 67 1 129 171 292 616 617
162 189 246 30 195 186 54 300 192 76 171 226 28 164 206 214 114 95 59 275 157 23 620 621
23 177 291 84 211 158 147 28 208 2 203 258 192 198 253 189 178 171 63 305 226 12 283 612 613
177 248 195 30 192 302 1 299 114 104 28 208 201 103 108 621 622
124 158 171 292 208 199 201 135 203 141 198 186 105 300 103 172 618 619
103 211 164 76 155 144 265 146 267 137 205 141 130 67 305 59 617 618
283 292 45 258 203 207 291 152 246 12 189 147 79 137 141 248 206 627 628
108 223 211 30 135 203 137 258 207 251 253 104 299 114 248 186 296 617 618
54 2 59 30 171 105 223 157 158 206 37 89 265 146 130 614 615
206 147 210 28 59 248 305 2 30 258 79 141 201 172 623 624
223 76 2 302 205 109 184 299 146 210 296 189 289 267 147 37 105 114 624 625
30 292 184 232 104 275 79 259 129 76 197 267 67 137 192 181 1 174 612 613
59 289 172 95 84 154 158 129 76 197 89 210 199 267 198 246 614 615
164 296 79 109 1 12 198 104 147 28 186 141 181 251 174 178 620 621
2 296 232 300 89 291 104 158 259 208 76 197 265 67 203 137 192 174 299 248 612 629
76 232 172 28 37 211 292 105 208 157 198 253 63 246 1 171 184 615 616
226 253 205 203 133 300 214 302 198 130 79 158 171 232 289 95 129 208 157 624 625
296 45 158 302 141 171 265 210 144 125 129 628 629
172 44 265 155 251 198 79 305 141 12 114 174 621 622
291 131 251 130 258 158 267 246 135 199 144 259 208 104 205 105 628 629
154 178 211 158 133 155 201 63 259 248 1 12 114 89 147 620 621
129 265 157 201 214 135 203 137 258 207 251 67 95 184 232 181 302 105 275 158 292 12 618 619
131 89 104 28 171 292 114 267 203 152 275 251 195 184 197 67 618 619
207 135 205 214 105 275 186 1 248 147 258 109 181 192 623 624
152 105 289 157 258 275 253 125 246 248 305 232 619 620
248 130 137 259 12 300 302 28 205 37 203 84 44 210 267 625 626
299 45 292 109 203 267 186 63 1 198 137 628 629
251 114 95 198 275 232 28 84 44 625 626
184 174 135 67 1 267 214 178 89 205 189 195 84 302 621 622
133 95 84 192 253 130 259 79 195 63 67 300 181 618 619
174 305 84 300 12 28 137 232 67 146 265 125 203 211 246 621 622
45 125 114 292 232 289 302 214 147 265 181 130 613 614
178 109 267 214 205 146 1 12 155 195 305 147 114 44 157 208 621 622
195 300 141 171 292 275 84 1 265 622 623
214 258 205 84 67 1 189 155 130 147 158 259 141 623 624
181 259 265 192 79 137 253 67 144 125 157 203 275 84 621 622
186 79 137 267 105 259 305 63 621 622
197 155 205 28 198 37 135 105 109 622 623
189 109 300 192 114 125 104 289 210 198 305 622 623
147 232 292 109 137 155 67 146 1 203 144 253 619 620
305 198 232 258 109 211 171 201 259 104 157 267 44 289 628 629
192 12 246 171 84 44 155 208 79 258 622 623
130 63 12 289 157 275 84 210 265 199 201 135 109 618 619
135 12 114 211 259 300 302 84 44 158 79 109 265 201 618 619
302 246 63 259 158 109 275 171 199 157 267 84 628 629
84 144 198 253 246 114 37 289 615 616
89 210 146 253 125 44 12 232 79 37 1 616 617
95 146 44 141 253 171 79 300 1 12 211 158 292 105 208 144 616 617
12 253 246 104 259 63 1 146 612 629
246 144 208 28 37 203 259 210 198 625 626
198 63 146 1 292 105 201 622 623
63 105 1 300 157 275 79 210 265 67 614 615
109 125 292 79 232 144 201 203 258 141 44 617 618
144 146 104 28 253 44 292 137 67 208 114 157 619 620
146 259 171 300 292 141 267 619 620
210 28 105 267 155 253 79 201 623 624
28 208 265 267 201 125 171 232 104 612 613
155 104 232 300 265 201 275 211 37 253 620 621
141 232 208 265 157 258 205 137 619 620
125 79 253 114 259 157 37 105 158 618 619
137 114 171 289 105 203 205 619 620
114 258 105 44 617 618
208 104 258 275 37 211 253 79 158 201 292 67 623 624
67 205 292 105 211 199 201 203 614 615
205 104 157 79 201 623 624
171 105 44 199 621 622
265 292 105 275 158 626 627
104 199 275 211 37 617 618
199 44 157 79 158 622 623
259 267 201 292 275 1 626 627
267 211 300 626 627
157 201 275 211 79 37 105 620 621
44 201 258 232 300 613 614
37 275 158 203 232 289 613 614
275 211 627 628
289 258 79 253 292 628 629
292 201 628 629
105 211 79 617 618
203 253 232 622 623
201 232 622 623
253 625 626
158 79 258 620 621
1 258 612 629
258 626 627
79 232 615 616
232 300 624 625
300 211 628 629
211 623 624
355 576 389 444 580 380 516 450 439 560 452 441 388 364 377 553 445 566 306 381 423 544 546 480 550 484 324 552 367 488 369 490 411 545 318 358 534 360 536 591 331 404 472 593 606 406 474 310 531 465 412 588 535 577 458 471 332 460 343 383 517 506 341 322 453 442 563 613 614
576 408 453 591 604 442 387 582 584 332 545 460 311 554 424 539 569 469 484 403 537 354 365 497 512 382 527 416 308 461 574 336 470 549 500 370 400 351 385 562 573 364 610 447 328 407 492 552 422 601 307 386 520 531 348 561 431 565 495 529 540 596 399 459 474 504 626 627
556 566 579 529 480 391 342 421 544 474 504 436 489 572 574 349 330 551 532 496 507 407 358 422 456 535 539 431 564 331 376 518 429 557 329 444 359 340 603 491 308 521 323 357 338 368 596 500 317 534 426 411 578 409 469 309 403 354 584 437 516 467 448 520 348 416 397 625 626
566 309 572 422 475 505 348 431 484 514 395 529 518 548 563 512 463 508 325 306 557 408 438 491 334 315 511 313 377 490 311 524 322 424 558 326 539 469 433 600 418 310 602 501 363 495 593 342 421 555 372 323 504 538 321 400 381 385 468 513 330 432 383 364 447 626 627
332 592 392 513 594 407 462 517 453 466 587 510 378 459 326 448 569 505 560 388 509 430 500 489 557 323 370 425 546 372 493 427 361 603 363 605 365 486 607 541 475 609 422 543 477 492 428 591 351 593 340 408 476 327 465 399 533 346 480 601 535 577 469 590 416 612 613
592 362 313 564 366 445 601 449 411 322 605 539 356 428 409 320 609 492 552 497 482 540 312 342 504 436 336 599 583 351 453 434 385 415 468 532 432 462 413 324 447 507 456 307 520 580 318 420 371 529 346 327 518 429 374 527 359 572 389 491 442 502 551 581 530 511 627 628
486 507 425 562 575 564 381 579 464 568 324 493 328 473 563 510 450 395 346 492 399 459 444 604 551 606 438 340 453 542 531 357 466 319 533 402 481 537 430 539 528 541 345 424 596 598 439 390 519 521 478 589 536 448 329 591 525 482 412 363 593 314 344 527 342 573 621 622
507 579 401 376 459 410 440 510 552 378 457 340 423 545 417 558 547 451 560 402 343 347 538 551 479 430 460 311 540 553 595 542 424 458 409 403 601 335 535 418 524 482 314 393 541 530 543 312 532 587 464 514 330 529 432 394 447 328 309 388 373 452 577 511 622 623
565 571 553 464 606 462 443 496 477 599 560 377 601 471 452 475 386 326 450 331 465 414 598 611 587 600 602 408 312 525 372 536 582 549 530 534 564 396 575 588 479 430 577 562 330 579 375 581 458 409 583 328 541 339 572 467 448 501 482 561 416 495 427 529 346 440 626 627
571 395 559 376 327 563 440 601 325 378 457 334 536 357 466 417 319 451 530 481 511 366 347 560 377 554 345 375 356 593 458 409 390 584 384 365 448 542 588 314 590 540 342 555 372 506 323 425 336 317 585 400 381 453 385 468 360 413 394 328 541 339 422 505 318 531 626 627
491 585 379 545 413 602 523 536 388 578 591 514 318 516 371 465 316 346 429 577 474 511 524 325 489 581 483 517 334 506 338 368 561 508 402 447 343 396 441 494 549 354 496 564 498 553 608 542 314 557 397 533 601 493 372 548 466 603 451 321 541 385 464 530 621 622
585 521 609 598 417 451 402 343 426 560 479 490 311 345 375 326 405 356 569 488 503 433 418 448 590 495 397 427 308 525 342 474 485 489 583 351 381 528 498 379 360 462 443 577 496 441 392 373 606 550 367 450 584 514 529 559 548 578 478 563 508 325 605 457 340 627 628
362 471 392 329 528 396 517 519 466 400 523 446 567 393 448 569 450 330 384 324 339 430 564 377 498 432 553 379 555 436 570 383 425 438 559 427 561 482 603 550 376 497 541 554 596 411 532 479 492 413 534 426 481 483 604 404 593 485 347 595 421 544 533 467 414 403 614 615
471 343 557 570 504 517 559 428 409 350 574 433 418 552 329 609 361 312 342 560 481 549 483 604 485 553 434 385 415 608 476 610 478 599 364 533 324 447 328 482 524 607 386 337 541 475 596 352 435 316 521 399 429 440 514 457 359 516 334 518 368 398 520 509 620 621
348 573 386 562 496 553 379 478 370 359 601 561 361 497 352 420 541 323 475 596 609 543 490 532 321 413 468 589 402 470 591 483 404 538 351 527 353 584 476 465 454 467 307 577 511 458 447 316 327 528 572 587 400 455 389 510 578 567 448 382 437 492 560 452 613 614
573 371 401 503 454 514 478 440 542 493 374 596 527 359 572 598 423 353 536 387 549 451 313 580 515 396 426 377 595 424 409 320 492 403 329 531 363 397 574 529 461 312 525 323 474 317 568 370 321 351 611 464 415 468 547 315 432 383 541 358 608 610 386 367 626 627
408 587 521 350 331 403 365 591 310 448 382 582 333 503 505 520 441 454 575 336 498 434 436 570 506 427 440 508 309 373 488 386 337 560 316 395 415 399 604 417 538 606 419 553 608 378 410 423 465 467 482 313 343 605 539 377 581 311 462 345 464 519 466 617 618
587 389 423 502 555 570 402 343 534 564 366 347 377 528 430 509 341 543 558 375 326 608 390 541 522 567 384 329 605 529 609 425 436 400 381 602 385 591 562 606 432 462 443 545 496 597 477 339 422 535 367 318 431 454 533 518 410 440 512 542 523 527 627 628
315 396 385 506 398 440 561 453 374 309 563 376 433 325 514 448 382 437 558 371 373 386 441 375 443 564 364 377 553 500 421 542 555 610 544 436 546 601 427 313 361 552 543 343 356 411 479 534 415 349 417 538 351 527 395 397 331 344 520 401 511 524 458 568 394 612 629
396 469 590 482 603 526 418 462 377 530 532 375 455 356 402 457 525 446 580 365 461 516 329 463 393 520 575 456 577 391 445 555 370 438 572 506 495 605 324 607 554 543 477 307 386 367 413 534 352 415 316 327 472 380 608 529 597 423 599 546 480 401 616 617
375 410 544 337 522 403 416 327 526 460 374 398 359 340 453 508 521 455 334 402 368 525 567 527 448 516 584 518 311 562 454 356 388 511 570 425 363 548 561 550 484 372 554 336 609 317 543 435 370 321 611 351 600 492 413 483 430 364 606 419 373 615 616
410 580 514 320 503 403 335 505 452 575 382 333 363 443 577 434 312 342 372 323 557 570 425 321 381 561 482 404 429 349 379 364 422 490 328 388 481 538 371 401 593 606 487 529 421 463 423 465 599 533 588 469 590 537 579 334 338 530 519 455 523 457 345 617 618
320 474 529 307 463 357 599 535 335 577 337 405 326 515 528 583 530 451 506 508 319 521 442 334 455 313 499 512 459 580 380 501 393 516 558 371 452 430 364 498 447 423 383 312 561 495 416 605 418 431 352 607 475 488 356 598 490 411 358 413 536 483 593 461 612 629
474 454 473 403 488 418 490 505 333 391 608 470 555 476 489 321 544 557 330 462 526 324 369 441 543 598 519 589 420 602 352 591 538 580 429 457 419 588 472 522 338 417 319 513 402 581 343 515 570 504 559 345 497 510 458 409 439 390 469 552 620 621
347 577 344 526 581 528 342 596 451 385 589 389 402 523 446 567 501 569 503 558 450 439 452 386 575 379 568 368 327 546 372 493 506 440 325 374 550 376 497 418 552 420 554 475 543 435 358 413 468 602 591 351 364 419 540 353 608 529 463 597 586 601 522 613 614
577 560 377 441 311 307 386 601 326 371 454 484 465 395 399 440 609 542 444 557 419 342 555 387 511 564 597 449 490 599 562 513 360 541 473 403 414 437 520 412 416 427 346 406 436 306 553 453 404 434 487 547 349 319 443 526 626 627
454 322 337 584 352 467 380 440 500 515 314 419 517 423 519 398 317 402 554 567 426 569 430 490 341 439 549 339 564 354 384 498 557 478 533 327 535 312 391 469 603 425 605 594 370 541 340 475 596 385 521 534 523 457 578 358 580 514 422 452 619 620
336 418 539 499 541 433 354 367 488 543 356 477 611 345 536 604 419 540 340 463 322 344 465 599 346 601 401 414 403 335 537 581 594 394 515 570 462 464 466 400 589 510 444 512 338 321 501 503 395 384 518 575 568 502 423 425 546 438 559 493 327 416 612 613
418 351 485 606 421 423 345 465 599 364 467 480 581 473 337 412 475 352 532 361 455 406 457 325 580 527 359 448 505 518 452 441 575 313 456 407 434 555 436 557 356 572 390 354 365 563 399 497 431 552 444 329 501 422 543 323 417 602 617 618
469 542 610 449 460 531 341 535 428 331 365 581 583 412 314 477 598 532 416 397 361 372 580 514 370 400 468 562 432 413 443 394 328 388 513 422 559 371 450 548 550 395 327 497 440 567 359 438 558 600 442 357 417 368 313 540 487 608 366 620 621
401 584 452 562 345 356 496 390 511 331 365 436 557 559 314 344 506 427 312 372 552 607 433 435 437 413 481 379 330 549 604 417 538 606 328 369 595 529 542 373 610 531 307 412 467 371 376 405 380 515 528 517 389 574 589 444 512 567 580 527 516 616 617
584 350 395 537 493 546 389 521 506 323 536 417 470 481 511 564 445 479 509 513 405 600 439 390 541 492 369 516 497 448 606 337 367 501 382 412 416 446 586 327 461 504 590 436 568 306 340 419 404 483 498 570 551 581 462 545 554 326 569 627 628
560 412 446 568 376 327 583 440 572 508 489 561 574 553 464 487 398 545 313 477 366 341 505 345 405 539 478 599 601 344 557 607 391 555 387 466 500 600 321 445 385 449 509 591 349 330 543 394 582 428 439 369 422 575 337 550 501 625 626
398 515 462 596 334 517 530 387 338 457 569 326 437 390 518 496 564 553 487 363 434 568 489 436 308 546 559 493 440 603 429 550 605 431 552 607 379 324 426 547 481 328 358 309 388 415 483 417 538 540 386 318 595 608 421 597 316 480 601 414 473 594 616 617
515 496 447 477 594 426 609 356 534 602 536 578 538 384 580 593 478 459 595 310 363 314 393 323 387 466 524 511 568 400 381 583 559 509 460 572 360 488 439 473 422 497 501 431 604 499 316 346 551 606 540 455 608 555 508 325 404 434 546 535 623 624
403 593 595 476 597 544 478 480 601 414 605 526 329 594 407 528 583 475 397 598 411 372 470 591 459 400 582 463 452 394 324 358 388 369 445 373 434 502 449 504 371 316 550 563 484 499 567 488 378 422 490 437 353 338 549 496 616 617
593 414 365 493 333 546 527 427 472 502 421 589 436 549 500 321 445 415 449 430 460 324 358 492 373 452 437 467 497 598 482 416 476 602 499 346 376 510 425 597 591 389 453 599 423 547 551 581 383 590 411 524 554 456 558 435 465 627 628
334 530 519 508 521 563 499 391 512 580 514 437 505 322 430 443 498 445 421 568 368 557 329 357 425 546 438 561 416 550 323 431 473 365 354 598 466 358 479 600 402 536 349 525 606 353 529 531 533 535 335 456 590 511 337 458 392 581 517 612 613
530 539 357 338 541 481 600 479 311 513 580 458 439 339 354 365 516 586 448 520 588 314 446 397 327 312 406 306 351 561 404 330 554 462 422 547 524 322 337 604 551 431 608 395 376 597 610 459 599 512 493 325 601 535 340 442 521 624 625
435 582 327 505 465 370 522 404 434 385 458 349 502 413 364 557 449 570 328 358 440 422 495 442 563 307 337 326 499 420 567 543 611 399 429 547 481 329 374 483 604 496 389 542 555 387 489 368 599 533 467 351 482 411 526 405 354 433 521 514 448 569 618 619
582 465 365 606 440 444 325 546 378 438 586 308 472 502 588 525 357 466 338 368 470 317 579 430 562 513 405 552 437 382 427 480 461 361 421 372 563 544 436 508 538 553 453 483 464 517 547 498 603 462 605 496 328 596 609 554 386 539 450 352 503 627 628
521 472 589 368 470 343 377 531 588 350 579 473 384 516 467 583 333 393 563 312 421 372 552 504 406 436 317 489 370 321 611 558 385 415 349 562 564 447 540 328 339 441 544 520 337 546 352 535 548 550 399 459 528 541 374 623 624
361 367 422 369 558 479 492 481 536 470 551 309 485 419 366 608 542 318 423 533 467 601 405 539 594 394 359 517 411 510 404 525 393 395 341 326 496 509 443 511 329 434 310 568 370 504 559 372 506 323 357 442 317 552 365 607 499 321 433 351 614 615
367 342 323 441 575 368 423 548 328 416 339 539 307 337 477 532 600 534 468 481 604 472 306 359 463 476 597 586 399 520 412 357 338 319 467 579 366 405 526 311 322 583 356 451 464 385 350 508 455 589 354 335 391 314 382 395 371 518 439 614 615
319 407 462 383 517 343 574 321 442 313 389 446 448 382 329 452 562 496 388 498 310 379 314 555 489 610 370 559 480 548 537 429 473 420 609 409 356 598 611 479 413 589 360 591 417 538 461 529 476 331 344 465 586 412 533 522 458 579 392 526 339 612 629
407 445 513 313 557 493 550 497 431 552 350 607 499 501 477 492 363 314 549 308 604 430 312 391 485 606 553 306 531 351 385 588 535 349 379 482 383 460 328 358 583 464 411 532 386 466 455 371 523 591 395 346 376 567 580 461 503 310 340 562 456 616 617
377 524 373 513 337 506 389 444 457 306 525 359 448 382 353 384 518 439 443 564 498 553 500 341 381 383 561 335 365 484 344 596 609 611 312 492 323 413 481 536 483 604 370 485 406 419 595 529 597 330 478 588 480 358 339 615 616
539 402 481 586 321 534 351 590 411 345 488 473 574 467 448 501 482 427 376 510 327 504 455 406 370 483 415 551 564 468 608 368 542 383 364 447 599 548 341 475 535 431 503 537 414 440 600 329 310 547 393 344 359 389 308 624 625
590 426 460 490 475 326 537 354 335 365 578 512 542 382 546 416 446 574 391 421 425 406 489 321 379 324 601 603 392 452 605 456 307 386 520 550 501 531 607 420 609 598 499 346 480 559 399 463 508 306 591 604 389 553 487 517 357 466 627 628
579 441 392 411 524 554 583 345 405 569 503 533 465 354 567 414 459 463 493 310 523 333 472 502 312 500 317 511 534 608 430 509 610 349 473 552 605 337 598 446 600 461 589 544 591 508 489 306 572 595 483 434 464 597 547 338 532 496 627 628
322 412 588 392 460 316 504 451 385 519 400 442 497 323 457 329 384 505 494 386 496 564 500 555 368 489 610 557 559 480 548 310 495 537 541 488 609 543 343 356 411 466 479 600 468 589 349 538 338 459 461 353 595 476 397 518 344 586 599 612 629
412 426 345 405 549 604 409 551 331 540 595 365 597 489 610 478 533 344 522 603 416 458 312 460 581 528 596 321 534 468 360 523 383 591 516 450 439 452 307 346 500 555 557 325 572 359 493 440 508 488 609 543 366 545 600 311 617 618
363 413 534 547 428 591 404 606 419 330 595 487 597 423 465 599 533 467 601 307 416 526 473 462 583 409 519 325 402 359 512 353 393 448 516 313 343 373 496 388 443 311 379 568 610 381 350 354 548 482 310 563 333 314 376 499 411 492 614 615
413 378 504 451 572 493 506 323 508 429 497 321 490 330 558 600 364 426 415 428 549 604 606 608 476 489 610 352 395 535 603 325 306 473 528 359 404 353 464 519 468 510 578 512 514 527 503 356 520 335 500 555 617 618
308 477 598 545 358 589 360 538 606 395 342 463 397 518 531 331 533 307 575 535 390 524 337 339 394 462 383 504 451 387 508 400 563 523 323 391 580 380 501 569 369 329 384 386 388 430 311 324 366 379 372 427 561 495 605 497 431 433 475 596 612 629
477 421 357 436 451 370 379 424 554 324 309 558 422 452 562 307 483 496 538 352 555 597 531 440 546 438 389 404 432 583 543 447 343 598 519 366 600 441 475 456 578 525 405 580 514 384 459 586 448 329 522 393 457 511 524 427 621 622
313 326 447 339 570 583 387 508 563 455 510 523 323 444 378 512 567 380 327 316 306 329 452 549 562 496 509 364 366 500 555 502 370 372 352 365 554 310 411 424 345 481 349 525 351 406 595 529 542 397 599 399 333 335 458 612 629
387 541 462 517 598 400 391 514 406 448 569 461 311 341 345 505 399 350 445 329 502 449 440 561 372 497 431 444 321 433 501 422 543 490 545 349 330 481 494 428 496 358 309 339 485 373 610 531 371 586 346 327 482 603 416 405 460 473 615 616
541 436 317 511 544 400 546 559 415 603 360 424 439 339 609 598 516 382 371 416 485 597 374 389 483 464 353 487 498 462 447 526 366 426 411 514 331 567 580 414 329 463 558 314 562 564 421 506 624 625
445 482 484 441 318 371 352 464 519 466 327 512 310 444 459 580 359 461 516 465 520 509 456 513 430 411 311 502 424 326 356 451 350 495 550 384 437 567 543 503 492 323 602 604 306 472 606 321 487 385 555 597 489 544 546 601 535 619 620
482 562 449 430 483 538 551 606 540 364 487 324 458 439 546 603 382 537 594 528 421 306 600 453 523 536 514 383 343 518 452 575 588 509 513 350 429 559 572 463 314 438 510 552 488 417 490 611 470 451 400 621 622
343 447 449 464 519 574 442 563 455 341 510 457 391 382 503 437 335 562 314 430 364 485 608 500 327 342 323 381 423 544 425 601 537 350 431 488 409 339 545 600 468 536 318 349 470 525 459 463 344 456 390 524 613 614
444 523 457 580 340 419 527 404 338 368 575 522 511 386 502 356 570 506 561 552 438 558 600 372 547 481 406 536 496 366 485 595 608 476 424 544 428 588 601 358 537 437 605 473 462 583 596 464 598 519 532 327 466 589 425 619 620
523 325 578 591 378 423 353 357 417 490 568 581 356 557 428 409 488 561 354 550 497 520 314 446 427 312 323 547 425 485 602 549 562 489 604 434 553 608 487 555 379 360 432 383 462 601 369 441 475 450 596 543 518 534 623 624
389 325 306 508 391 459 516 505 518 439 452 366 575 500 502 331 570 504 382 433 554 475 488 422 543 479 538 485 349 360 540 608 364 421 324 544 339 599 520 373 467 588 480 414 416 352 460 594 376 327 583 380 615 616
430 588 373 535 605 460 416 397 427 475 376 425 453 468 589 580 448 516 575 392 443 456 511 386 326 356 513 331 384 335 559 380 574 374 431 499 554 342 357 490 602 604 496 551 544 328 599 369 533 618 619
588 490 475 535 599 405 409 514 384 414 578 393 557 472 461 525 421 555 372 436 549 415 449 360 324 309 586 386 501 371 352 431 416 603 316 376 380 544 519 572 419 483 423 487 589 602 357 338 581 402 595 426 627 628
463 536 512 350 335 429 595 518 465 393 520 509 522 423 312 524 417 500 436 568 321 366 493 360 394 369 569 448 558 382 494 352 427 496 425 597 374 478 419 601 368 605 526 473 583 422 464 532 311 479 386 345 589 620 621
536 457 427 442 602 455 481 400 381 404 509 586 349 379 494 575 383 364 394 324 458 488 339 568 516 318 450 495 446 476 499 374 378 419 547 517 549 532 462 402 511 553 411 490 557 505 424 390 331 550 624 625
342 475 543 598 358 600 371 534 547 481 329 417 472 485 527 476 531 317 346 522 416 458 462 572 519 466 589 402 307 337 391 512 580 380 437 494 441 509 443 564 498 390 366 370 359 427 429 311 552 352 607 326 554 613 614
475 357 451 511 381 513 426 449 570 559 405 390 369 433 512 437 567 569 346 391 483 496 436 551 540 419 404 385 489 544 478 599 533 546 601 364 548 607 311 545 431 479 600 350 384 365 393 516 620 621
402 526 374 594 344 353 519 411 532 323 455 457 446 450 505 562 309 443 564 434 397 438 427 372 429 563 431 400 488 501 490 437 349 481 415 604 328 358 417 392 373 553 421 337 478 533 425 546 467 537 616 617
526 511 568 311 572 341 494 561 345 458 439 390 350 473 512 329 310 558 547 495 562 391 525 606 317 489 555 400 544 599 379 603 522 369 607 528 441 452 505 456 318 602 484 465 316 578 327 527 595 374 457 423 502 466 623 624
419 466 510 457 525 333 323 452 575 511 553 555 379 504 364 438 324 440 328 309 339 442 607 433 488 371 352 316 395 534 380 481 549 470 591 604 374 595 487 542 423 338 368 533 480 537 411 311 473 449 462 617 618
466 423 353 323 600 589 470 580 460 569 341 324 409 439 354 414 568 393 493 436 550 400 351 381 464 609 611 330 432 547 447 549 328 551 553 456 476 489 420 599 546 467 376 399 429 605 325 594 620 621
350 595 421 518 531 599 520 467 524 528 449 570 462 318 385 563 510 312 499 391 580 569 321 450 492 428 562 349 388 509 608 328 339 423 425 546 307 548 603 374 495 331 473 365 433 488 543 424 545 589 481 415 485 613 614
595 484 537 354 567 604 329 606 393 527 397 599 461 574 312 323 455 485 500 534 381 594 385 443 394 324 492 339 456 386 501 559 510 429 440 438 610 517 468 581 532 311 341 554 505 345 326 405 628 629
465 345 405 390 586 562 433 384 522 564 333 393 555 391 317 552 434 460 545 383 492 309 483 422 538 542 610 446 544 395 346 376 461 480 548 425 605 438 581 528 598 417 368 468 426 525 514 527 620 621
331 353 516 520 467 511 337 458 314 405 381 341 583 517 451 506 374 508 376 578 512 380 369 324 426 373 386 428 441 485 432 366 608 542 434 368 610 357 438 601 427 306 321 473 420 354 424 358 479 481 406 307 612 613
353 464 453 344 501 503 439 317 373 494 441 496 498 390 513 330 434 447 489 610 557 324 328 359 440 442 376 307 337 499 420 352 422 424 481 417 340 551 485 421 338 597 531 586 533 537 311 392 345 394 449 596 517 613 614
484 516 381 479 575 330 443 428 458 409 500 388 422 583 437 504 572 386 337 574 508 416 476 563 459 455 488 609 404 483 496 485 540 553 487 542 489 426 441 544 550 605 607 335 528 429 448 598 532 427 472 391 372 323 436 514 481 621 622
525 596 440 512 532 378 359 534 502 368 500 321 597 531 586 509 460 409 390 309 339 570 448 416 376 519 370 453 483 434 562 517 468 432 383 443 608 358 388 557 441 373 546 559 341 386 371 450 607 478 623 624
596 555 417 549 500 317 511 609 428 598 492 497 580 318 531 561 393 352 476 312 504 599 455 325 400 340 404 434 415 517 468 498 551 532 383 575 447 328 535 558 569 514 335 365 578 429 310 344 557 628 629
598 442 323 317 451 351 415 509 513 330 543 364 409 309 339 369 373 586 501 318 352 476 427 395 559 440 504 406 325 489 568 453 462 545 426 441 341 554 371 518 597 399 478 344 378 628 629
534 344 605 552 472 502 391 609 500 600 381 366 589 415 360 394 448 307 318 531 416 495 581 570 425 508 519 453 517 569 383 562 524 551 386 345 326 356 450 390 555 533 557 335 478 459 559 601 624 625
442 600 385 379 470 364 358 529 422 452 509 511 524 395 500 568 380 502 557 329 504 310 517 451 572 438 574 323 357 501 611 503 558 426 505 481 424 405 428 369 354 433 414 533 467 333 397 346 312 528 425 583 619 620
440 569 516 450 383 364 328 496 373 498 553 500 548 561 563 609 611 368 558 481 591 472 540 608 529 345 542 544 439 599 433 601 458 314 528 583 312 508 306 321 351 381 618 619
354 485 406 527 533 359 603 458 392 324 309 574 578 391 459 501 514 448 382 306 505 386 441 388 498 511 553 500 513 489 436 449 425 385 311 341 563 497 552 554 411 545 358 492 314 360 415 428 470 613 614
485 433 437 467 393 558 492 602 494 549 551 455 606 540 306 487 370 610 404 533 468 601 447 581 422 452 307 589 510 316 395 380 514 344 359 323 522 470 513 366 479 572 405 356 508 458 339 621 622
426 524 397 421 462 464 317 532 351 508 457 578 512 349 330 446 567 364 309 452 392 509 386 337 318 443 456 432 436 380 340 429 563 497 499 501 543 492 366 494 483 604 551 472 326 356 608 544 535 618 619
307 373 494 443 432 553 366 379 610 383 504 559 506 561 429 607 420 490 547 481 349 483 404 538 540 529 421 520 522 535 416 337 405 581 352 328 449 517 532 574 589 510 457 578 327 450 318 612 629
373 443 568 489 423 436 546 548 603 550 497 607 368 545 311 341 483 404 551 326 487 608 586 533 467 480 314 392 460 372 357 409 385 370 508 589 349 360 580 393 514 364 382 328 358 452 388 614 615
458 542 476 597 411 548 550 473 384 365 464 310 382 333 344 378 468 397 427 470 391 461 451 516 415 449 379 522 330 568 460 559 572 318 495 510 346 499 554 425 611 547 604 606 553 619 620
542 382 333 314 495 446 327 540 425 455 406 508 351 483 385 561 432 447 358 554 452 611 505 386 547 371 352 395 346 518 380 512 310 438 340 601 472 502 603 506 417 451 481 594 609 479 624 625
356 531 405 460 449 517 330 464 574 508 455 457 512 446 459 569 518 439 441 509 364 487 500 568 610 557 493 495 416 376 431 365 433 488 609 547 360 428 549 483 333 461 608 529 597 613 614
531 439 551 564 553 497 555 329 310 333 416 476 427 550 470 594 609 404 479 532 498 349 360 494 589 462 443 578 492 309 473 422 516 337 420 480 510 399 429 581 493 561 574 552 451 490 624 625
544 326 405 567 339 520 333 564 416 446 397 427 529 327 555 557 425 548 404 550 605 498 607 532 432 394 496 392 422 591 512 493 457 359 472 570 511 561 574 563 449 528 341 330 625 626
433 553 529 597 404 546 360 524 537 432 473 594 358 339 392 519 431 457 470 591 346 399 310 520 423 417 368 434 447 506 495 563 428 497 390 552 414 365 609 545 479 492 314 344 481 397 604 323 618 619
603 562 330 494 390 492 473 467 501 495 446 397 529 480 510 540 325 568 519 400 602 453 483 434 464 517 551 581 441 505 420 450 431 533 605 512 329 493 609 374 546 344 457 472 423 502 321 628 629
555 609 611 309 522 339 473 600 437 516 589 352 376 461 504 586 438 551 368 532 411 456 345 405 567 414 365 493 472 608 406 549 317 511 601 370 464 513 394 625 626
321 429 550 497 352 488 369 411 600 547 468 538 606 344 478 522 414 390 513 581 528 583 317 453 323 378 446 327 503 386 575 388 509 498 318 511 324 368 504 438 561 306 612 629
429 385 448 450 360 452 586 575 509 522 358 443 447 337 318 557 420 438 316 346 399 380 497 567 609 611 503 479 357 604 411 341 405 409 467 414 605 329 460 581 393 464 519 457 470 618 619
494 316 480 550 425 607 406 436 528 306 370 532 434 415 379 578 591 462 394 580 447 518 586 371 509 522 395 500 478 502 493 374 504 517 572 457 423 312 372 497 470 554 567 501 345 538 488 606 309 388 369 608 610 557 622 623
326 533 390 337 460 449 506 589 457 578 446 514 437 558 384 317 452 562 498 489 610 381 423 557 559 480 372 605 352 422 316 369 411 424 545 547 360 481 349 470 591 351 472 527 529 397 612 613
312 609 422 490 545 600 371 602 349 483 404 538 406 533 333 535 352 473 394 449 341 583 517 451 345 455 378 459 380 514 450 518 318 564 498 553 489 436 570 370 425 506 563 497 612 629
609 470 400 351 381 594 483 464 449 528 468 562 607 328 392 480 559 493 325 538 568 378 423 600 551 368 366 460 490 554 345 558 439 537 518 414 416 461 628 629
513 599 546 328 358 422 386 594 503 543 365 399 314 591 604 378 359 527 540 372 506 529 417 500 451 481 479 345 424 568 390 388 339 473 384 561 499 569 346 391 455 549 487 498 608 379 443 623 624
599 424 428 409 537 437 501 382 393 344 476 427 510 455 489 400 547 562 360 462 394 328 309 441 554 371 503 533 346 478 563 572 417 368 549 449 479 509 490 628 629
425 349 330 554 424 364 409 611 481 422 483 496 606 432 416 316 346 478 535 374 340 600 468 470 311 514 335 365 586 399 520 522 447 421 372 417 438 561 381 618 619
511 594 422 583 505 450 431 503 316 395 527 516 359 438 562 357 449 509 411 490 570 311 345 428 501 611 446 476 499 480 391 606 489 381 498 394 605 623 624
414 487 421 423 601 522 456 537 329 318 393 344 594 583 391 574 510 306 370 578 400 569 379 383 324 509 432 553 447 568 610 352 557 346 506 548 561 380 495 310 605 497 359 422 558 492 428 417 617 618
405 517 409 451 365 508 310 468 589 393 448 569 461 516 439 562 434 568 383 364 394 502 324 436 557 388 339 559 506 548 420 490 479 374 415 428 549 470 483 604 406 597 616 617
446 545 602 306 549 540 487 357 476 489 533 601 537 341 605 424 460 607 439 390 464 384 519 600 382 333 393 578 470 527 586 520 381 564 415 428 570 504 328 309 451 493 552 431 567 611 619 620
545 397 506 504 406 436 572 561 519 574 370 351 381 385 528 330 360 567 558 388 551 371 553 431 514 316 610 546 601 493 605 532 611 509 460 311 524 341 424 390 518 384 310 382 527 344 625 626
344 547 591 472 540 461 329 333 314 478 520 467 524 392 462 464 519 574 459 580 380 501 569 437 450 371 492 505 388 509 327 432 608 421 436 427 548 374 338 352 488 543 613 614
547 314 416 495 427 504 351 453 464 558 517 498 549 562 443 447 606 369 535 386 548 316 395 518 399 478 325 527 502 338 451 481 597 490 524 575 537 384 365 467 329 501 625 626
490 535 421 455 581 594 370 381 517 434 415 532 330 394 324 447 441 456 431 520 498 459 504 572 574 495 368 550 451 607 479 311 558 424 409 604 467 382 314 546 621 622
509 601 456 337 594 607 503 399 325 589 359 472 516 470 451 575 564 390 492 384 335 517 365 572 467 501 512 611 455 558 562 498 379 360 364 443 324 496 339 622 623
601 439 473 552 335 497 580 561 416 499 574 391 421 372 563 436 306 351 330 443 496 328 358 337 352 478 546 314 359 357 583 594 628 629
550 562 564 379 330 543 394 610 358 337 371 552 450 495 499 504 600 374 306 519 378 338 368 451 586 366 575 505 581 503 514 570 384 478 493 546 476 506 569 455 406 549 625 626
481 382 393 406 436 470 591 512 394 441 392 386 570 504 572 493 325 378 457 438 357 549 604 496 411 487 597 409 439 546 335 448 605 621 622
522 540 557 450 546 548 478 310 314 378 543 472 600 406 317 451 415 449 349 597 424 324 409 533 575 339 422 337 501 371 416 499 480 327 455 325 578 453 434 569 517 468 496 604 564 623 624
540 473 611 497 448 549 397 606 608 504 317 557 370 404 483 487 468 379 360 383 364 447 309 543 337 352 514 316 529 327 493 325 378 457 564 502 506 581 570 411 524 503 533 624 625
379 369 337 431 371 488 422 543 346 327 600 602 374 428 591 340 406 529 476 399 366 460 473 594 583 400 510 333 567 380 501 382 503 384 518 439 441 388 381 557 615 616
365 518 586 330 528 449 572 385 519 453 574 352 455 510 316 346 514 371 338 564 498 432 368 436 345 416 497 607 488 329 422 424 479 600 415 323 404 417 614 615
384 606 608 529 467 325 378 537 594 338 572 385 400 455 510 512 404 580 393 448 569 505 575 496 498 323 546 438 506 548 370 381 607 488 543 411 369 479 470 604 538 551 615 616
606 580 561 333 495 397 461 589 538 370 381 385 487 517 562 330 532 309 369 605 422 431 533 459 310 378 457 591 340 506 366 311 424 558 409 488 628 629
397 602 551 406 359 476 489 423 478 480 357 338 416 537 594 528 324 339 457 470 591 567 448 393 450 352 452 520 564 325 370 500 568 340 504 559 383 552 607 499 392 420 341 616 617
323 345 479 600 602 470 483 604 527 340 461 529 518 478 311 399 520 535 583 383 517 451 572 455 378 512 558 492 505 366 608 370 318 374 612 613
314 602 415 604 338 449 383 572 385 453 574 508 376 510 391 310 327 382 316 505 318 439 428 575 388 564 421 489 502 436 357 559 374 554 409 369 611 345 612 629
372 488 611 411 532 364 358 591 538 318 533 316 480 524 392 594 528 462 357 508 400 510 578 512 567 580 380 341 382 345 575 496 551 434 436 383 493 374 497 420 614 615
488 351 548 385 537 330 360 607 432 443 309 339 519 456 420 514 316 395 346 376 529 586 340 524 581 357 451 559 561 460 499 611 335 505 448 562 496 551 621 622
391 501 422 611 479 378 428 549 470 483 538 338 368 406 608 421 533 467 594 528 451 310 382 453 450 505 439 385 441 496 489 436 557 337 548 561 495 431 376 554 616 617
501 436 325 340 546 462 535 552 528 456 386 420 371 589 591 333 457 472 520 500 411 345 424 519 409 563 512 503 495 558 505 499 316 346 327 622 623
473 470 317 366 330 360 548 537 324 390 605 339 607 519 333 479 514 325 520 468 349 432 524 504 574 420 431 554 567 569 329 374 438 423 549 338 368 620 621
370 563 605 607 499 543 602 417 327 476 460 394 528 409 366 519 532 341 508 455 345 510 380 569 520 456 553 392 447 489 351 383 504 559 427 548 614 615
563 381 340 569 468 551 443 447 358 524 558 371 376 335 399 512 607 374 611 472 600 357 470 500 597 424 586 428 439 309 552 369 437 516 581 572 499 406 626 627
497 604 489 381 498 483 385 415 468 432 364 324 328 548 309 441 528 583 532 578 591 505 338 451 575 449 411 390 467 499 333 416 327 602 455 622 623
604 382 574 504 489 583 528 468 349 543 364 394 388 456 535 580 352 559 493 325 568 527 378 457 572 553 357 554 569 409 503 607 628 629
383 502 493 337 499 554 352 611 437 316 558 346 335 380 428 549 329 538 553 487 476 597 480 416 341 330 462 409 519 453 369 578 406 327 586 441 562 388 615 616
502 364 532 600 328 369 456 337 420 352 529 499 316 376 478 575 374 557 417 368 559 510 460 554 567 424 558 562 551 495 476 427 597 548 317 537 434 415 594 607 468 349 622 623
529 569 335 493 553 608 610 557 436 500 451 559 381 479 460 360 394 611 492 392 422 516 589 346 380 459 455 378 359 453 468 357 432 456 624 625
420 505 518 406 520 575 381 385 349 360 434 447 568 570 438 559 358 493 369 427 386 318 554 567 503 437 479 380 439 325 359 551 489 535 460 528 583 517 464 532 589 310 393 512 580 516 617 618
505 495 376 325 359 438 453 569 558 549 390 564 335 467 546 427 535 461 537 528 400 449 349 330 589 462 443 394 328 358 492 339 527 518 586 622 623
461 543 611 399 479 602 496 487 476 597 610 351 381 480 366 449 524 330 528 439 390 583 532 468 333 580 327 421 586 325 575 498 394 504 328 559 388 493 506 452 311 371 431 620 621
543 421 406 404 434 464 443 324 388 452 386 431 597 586 376 459 504 325 306 438 423 570 517 368 441 411 554 424 558 439 537 549 476 624 625
480 503 324 309 339 553 487 608 333 393 597 476 535 455 325 434 385 468 349 600 328 538 441 337 371 478 524 378 438 570 504 472 519 574 357 338 368 510 351 567 621 622
392 498 341 557 449 438 559 371 506 548 508 431 552 554 378 437 479 492 357 415 317 406 385 423 360 345 324 369 605 382 451 464 411 316 400 380 578 512 404 567 448 340 450 518 616 617
427 437 479 600 492 360 428 551 472 328 309 476 489 478 546 371 352 395 537 460 583 306 517 510 338 457 459 569 450 439 310 570 504 561 421 618 619
437 538 478 546 467 404 605 432 594 607 464 479 311 341 468 459 472 527 399 329 452 441 423 456 524 357 460 559 451 360 424 364 428 499 409 309 611 503 492 352 618 619
394 489 610 493 366 506 341 605 411 382 393 591 608 476 597 317 535 385 537 349 330 360 517 339 572 532 400 386 578 459 503 380 439 452 562 359 434 447 616 617
489 324 328 309 369 611 492 395 498 553 533 487 338 528 441 602 591 516 518 333 393 378 438 423 524 436 351 479 621 622
325 457 580 388 564 364 553 608 434 381 559 548 416 605 310 611 424 492 468 360 470 357 346 324 456 390 341 583 451 574 316 400 612 613
330 504 493 352 311 611 479 360 483 406 340 478 533 456 337 449 570 462 583 464 455 328 378 514 569 371 428 564 306 366 487 423 612 613
504 339 422 549 386 538 551 371 478 310 438 472 594 417 470 519 318 476 568 327 421 455 517 436 453 483 487 622 623
369 432 557 546 438 351 374 495 349 594 607 611 532 479 415 470 591 346 476 518 467 340 460 449 462 517 385 574 345 558 452 329 386 318 428 443 498 614 615
432 557 570 451 506 337 508 611 558 306 423 538 417 368 553 608 434 546 341 528 462 310 479 382 393 470 459 406 317 516 351 520 441 575 443 564 360 456 424 460 618 619
327 558 492 386 443 553 359 374 416 431 554 411 532 600 602 351 472 516 333 568 581 324 341 517 385 519 376 378 380 393 612 613
406 499 422 329 558 333 479 600 470 551 472 553 381 385 546 349 524 324 451 455 589 578 591 527 340 439 575 496 500 570 341 572 561 508 616 617
499 503 400 340 453 404 434 549 498 564 443 608 388 557 546 450 605 395 335 310 600 457 602 591 470 597 518 460 345 581 309 339 508 393 376 622 623
364 570 559 385 333 495 431 411 600 492 470 591 608 476 416 451 532 453 574 589 580 380 569 360 496 345 443 390 366 309 339 614 615
309 366 568 357 495 605 310 431 352 345 358 602 470 417 338 472 518 333 346 335 524 447 449 400 512 459 580 448 516 492 441 388 564 498 612 629
395 569 516 441 564 553 568 357 317 495 311 431 552 607 554 558 335 492 329 428 483 382 333 608 597 610 478 306 351 381 537 583 464 453 574 455 468 512 371 616 617
569 376 459 374 378 359 340 453 581 487 357 460 311 524 390 567 518 448 493 457 476 610 549 317 400 381 605 360 339 589 626 627
610 607 439 492 448 561 510 421 374 538 483 385 415 487 468 570 368 532 558 514 597 548 329 333 393 378 457 423 417 589 549 317 351 381 366 345 628 629
385 561 605 422 424 558 417 472 380 597 310 374 535 537 528 572 532 360 404 358 318 316 390 434 447 615 616
561 415 349 496 422 452 554 386 318 450 352 594 346 374 457 359 589 423 338 366 586 341 335 520 574 416 421 306 400 351 626 627
338 449 583 329 572 464 453 574 508 510 503 450 439 386 311 562 575 388 500 368 374 495 431 424 371 349 538 586 357 535 416 537 339 460 581 594 612 613
449 535 594 607 464 479 602 591 310 527 378 450 456 366 568 583 424 495 409 390 611 503 492 562 421 483 564 436 487 608 476 619 620
374 503 439 452 496 564 498 500 316 559 495 376 340 552 479 600 492 602 415 483 417 538 487 467 535 333 581 528 462 517 409 615 616
518 450 503 316 399 533 512 575 378 423 357 360 324 409 439 558 562 318 333 421 546 306 537 434 468 528 496 532 388 456 623 624
572 570 551 462 443 580 452 311 341 431 335 399 493 333 393 527 423 549 351 411 349 324 492 516 586 559 581 508 359 483 626 627
607 317 583 564 528 479 324 611 520 580 371 352 431 346 380 508 568 306 340 453 498 532 311 409 390 537 548 578 329 628 629
443 337 548 495 316 306 359 558 340 492 417 368 538 476 341 467 535 390 524 335 460 329 333 510 436 567 459 317 351 452 360 619 620
483 574 495 393 400 381 464 498 487 548 594 583 399 459 589 378 438 578 580 366 575 524 424 568 559 621 622
574 468 600 417 597 439 533 514 548 493 382 393 317 564 381 434 479 562 360 492 339 386 318 371 431 495 316 510 459 538 568 626 627
376 448 503 439 452 551 498 500 447 559 548 416 316 552 554 340 415 428 549 472 527 476 341 524 335 594 462 517 451 455 459 380 393 615 616
448 551 487 438 340 546 535 368 460 581 528 411 453 428 409 510 459 333 400 381 557 506 360 328 358 388 479 371 619 620
381 552 554 318 602 538 378 520 467 390 581 570 506 519 345 457 512 567 329 575 500 447 493 548 495 615 616
386 441 496 564 456 378 508 605 357 554 366 602 415 470 586 382 460 581 594 583 453 578 404 358 450 615 616
441 557 570 378 510 340 357 417 558 602 538 345 439 546 310 524 393 460 317 400 415 472 527 388 586 520 422 575 618 619
464 345 472 487 476 597 382 537 317 581 528 351 519 349 462 447 516 337 318 586 450 520 352 562 316 564 557 340 620 621
306 567 380 393 503 329 439 564 553 366 434 554 424 358 400 468 417 472 527 575 335 524 447 339 581 528 328 570 341 517 317 453 508 612 629
498 559 337 371 450 431 567 611 438 549 453 411 537 528 532 393 457 472 580 527 455 317 351 434 581 492 388 622 623
559 422 352 478 459 557 438 487 417 551 451 580 311 554 597 409 537 548 467 512 495 567 625 626
415 382 552 404 428 538 472 608 476 586 467 337 524 594 528 583 517 532 457 512 357 514 368 411 496 564 409 434 335 506 617 618
462 368 570 517 366 552 335 329 549 382 333 551 436 533 467 351 447 519 452 472 352 527 459 520 378 457 620 621
478 580 527 428 409 390 516 467 575 524 570 404 434 510 468 349 447 388 496 431 487 346 399 340 605 357 519 479 460 311 591 621 622
580 527 359 438 340 551 500 528 594 341 492 335 333 416 495 597 455 324 328 524 554 456 352 627 628
378 468 589 591 404 393 450 358 575 500 371 436 335 508 329 431 503 424 479 602 366 417 551 537 517 453 615 616
450 346 438 557 368 510 366 554 341 538 553 608 333 393 476 421 548 436 400 404 434 528 349 360 532 455 388 339 457 514 619 620
345 586 346 409 311 400 468 578 404 393 318 439 562 456 390 368 436 506 337 358 600 360 602 549 613 614
551 570 382 393 421 455 436 508 519 358 388 524 533 594 399 459 600 417 368 470 451 597 366 528 625 626
570 578 535 337 352 316 399 380 459 310 557 457 417 500 366 605 390 492 608 346 597 436 508 538 568 404 487 626 627
422 456 447 548 431 371 602 472 399 546 535 311 409 578 591 567 527 382 452 416 562 575 617 618
456 452 500 431 399 508 423 492 366 411 349 439 476 328 358 533 548 318 352 594 583 519 532 468 578 470 591 459 368 516 447 619 620
508 434 368 608 390 503 557 535 548 393 438 472 436 479 428 324 533 575 337 316 517 455 519 622 623
554 575 317 404 468 360 324 447 431 316 470 451 366 460 411 611 409 390 335 382 597 421 625 626
575 337 371 514 368 500 366 528 460 562 492 335 329 520 495 600 351 553 404 468 496 328 626 627
366 524 416 328 358 528 583 451 411 578 452 568 557 548 495 552 310 602 317 535 614 615
524 341 424 503 514 310 333 457 416 567 472 506 455 470 404 608 339 520 380 459 517 586 447 623 624
357 453 457 512 567 527 503 564 390 447 349 495 611 424 316 358 346 360 310 417 487 421 594 614 615
516 514 564 457 359 368 594 460 311 424 589 602 390 467 329 333 455 400 583 517 453 349 552 567 339 337 371 623 624
567 519 434 417 535 537 399 512 493 382 527 557 472 421 506 500 317 351 528 360 424 439 611 495 510 626 627
341 467 537 581 517 455 589 459 310 439 317 487 546 438 416 352 611 424 428 417 351 472 527 476 520 613 614
467 538 390 335 546 329 382 333 583 400 404 512 388 339 586 318 316 557 399 611 503 492 549 620 621
562 337 605 316 380 538 600 368 586 311 535 424 533 557 455 470 549 492 339 568 626 627
586 533 548 493 546 611 400 351 591 349 360 328 358 339 520 337 371 431 519 553 404 434 487 517 368 532 627 628
329 349 538 316 310 533 390 447 339 453 459 503 564 500 438 359 493 352 318 612 613
349 493 548 495 558 479 600 602 470 533 316 409 578 512 380 514 496 390 434 568 368 613 614
416 602 390 423 382 548 537 404 455 589 512 328 311 564 500 568 436 438 617 618
452 500 346 568 380 506 359 340 451 611 602 424 553 608 535 382 460 421 583 453 512 324 503 318 619 620
583 417 581 460 503 537 578 382 527 476 421 500 317 388 495 380 459 493 472 627 628
470 594 436 591 527 360 328 388 581 318 517 371 316 510 455 340 468 496 311 620 621
368 409 339 512 380 514 346 434 552 424 479 591 487 608 421 537 614 615
527 335 512 493 597 500 317 451 460 424 324 328 358 476 564 359 404 487 468 535 447 552 514 624 625
514 399 493 359 581 460 552 428 439 390 382 333 393 421 546 535 468 528 447 578 371 352 316 623 624
417 578 459 503 351 496 324 500 388 436 337 495 431 479 600 428 549 409 605 460 617 618
457 311 581 439 335 393 455 400 496 453 360 487 388 431 316 346 519 380 619 620
535 528 428 333 393 510 519 351 487 608 597 520 318 316 380 578 472 423 506 624 625
333 360 591 359 335 337 352 409 451 510 512 393 390 434 447 557 438 548 605 552 358 612 613
360 438 493 548 495 351 424 468 421 460 359 340 400 382 436 614 615
594 317 528 311 600 428 390 537 520 393 589 519 400 453 496 358 388 611 380 459 438 340 423 627 628
382 602 316 538 472 359 519 532 459 310 439 317 434 506 358 431 318 479 615 616
528 537 311 602 324 358 388 339 520 493 438 472 624 625
476 439 455 436 317 400 351 434 519 532 324 447 328 578 431 346 399 340 506 411 621 622
581 439 533 546 557 472 421 506 549 404 428 339 611 589 371 538 359 438 340 423 517 627 628
328 434 568 436 431 611 411 310 479 549 538 351 421 423 359 589 316 439 612 613
317 611 424 468 589 591 404 346 337 568 451 506 453 510 578 503 558 423 359 493 537 612 629
421 335 602 318 472 423 546 351 404 519 455 578 512 316 500 493 506 411 617 618
424 548 351 404 459 520 346 447 568 359 340 506 431 552 335 472 553 393 617 618
578 538 487 517 532 428 390 503 335 548 310 455 549 519 400 564 337 318 431 589 602 316 627 628
538 558 506 553 404 434 324 388 520 318 316 346 493 340 517 597 411 409 624 625
602 546 436 549 564 608 428 492 339 510 399 438 340 553 600 496 558 335 548 512 628 629
335 340 597 533 346 310 339 519 400 371 324 564 447 568 436 316 358 468 591 404 612 613
472 532 600 310 434 358 506 552 611 380 438 453 468 460 605 620 621
532 506 451 460 558 390 520 608 352 548 537 487 496 388 311 493 624 625
597 409 512 589 549 404 434 339 552 337 318 346 399 459 493 451 600 311 628 629
358 500 447 351 605 552 558 428 608 399 533 517 311 496 564 614 615
409 411 453 468 510 318 520 340 404 447 568 506 388 431 346 380 553 617 618
546 495 346 510 568 340 434 447 549 553 399 557 548 411 625 626
324 423 495 537 605 600 591 399 520 533 453 400 512 380 553 612 613
439 340 517 453 510 520 310 393 447 611 503 558 337 618 619
605 564 337 380 519 359 453 434 608 487 496 390 533 537 310 423 436 628 629
591 438 500 351 492 318 495 568 400 553 487 608 558 371 627 628
564 316 346 459 428 390 548 310 455 400 351 626 627
393 549 359 487 399 537 589 496 553 447 318 600 316 616 617
557 589 388 346 459 503 512 310 549 500 479 625 626
589 451 552 520 495 553 453 468 371 503 533 399 380 512 310 627 628
553 337 346 380 359 371 459 438 423 506 436 625 626
479 400 428 318 568 517 359 552 447 558 411 311 621 622
316 503 318 438 311 552 600 492 510 612 629
503 434 468 517 506 447 510 512 558 399 549 548 428 611 337 622 623
495 434 487 468 549 337 380 493 438 311 506 510 436 400 622 623
600 428 455 438 340 453 487 611 493 310 628 629
500 388 339 318 346 493 438 496 460 411 428 510 512 558 548 622 623
434 552 318 399 519 455 510 568 506 618 619
318 549 608 568 423 431 352 411 311 346 451 453 371 492 612 629
549 455 351 487 468 371 352 533 428 625 626
337 388 310 552 468 351 346 339 612 613
436 558 380 453 512 496 438 493 618 619
492 455 537 380 459 310 359 519 411 611 621 622
388 423 548 431 552 487 311 399 537 460 510 351 512 390 615 616
438 455 352 493 506 552 487 533 537 618 619
339 359 352 411 399 520 346 451 371 612 613
399 390 447 568 506 552 611 558 428 352 608 533 340 517 519 411 453 616 617
611 351 453 496 371 431 548 380 459 451 390 628 629
447 517 506 510 380 460 519 619 620
519 552 460 311 608 537 520 346 568 493 623 624
552 431 380 459 340 506 496 411 390 533 537 625 626
371 311 352 608 453 510 404 614 615
517 493 537 459 423 623 624
359 455 459 520 340 411 311 428 487 608 537 614 615
455 311 428 351 404 510 619 620
468 510 451 533 400 340 520 620 621
512 423 520 533 460 390 558 400 510 623 624
568 431 533 380 608 340 451 311 537 510 453 626 627
340 310 428 423 431 346 460 451 506 613 614
506 431 310 451 510 411 400 622 623
423 453 346 520 431 428 310 533 351 617 618
453 558 390 310 548 459 520 619 620
537 411 428 404 487 431 533 624 625
533 510 404 520 624 625
460 411 404 493 428 510 352 620 621
351 310 390 451 510 613 614
428 548 400 459 346 380 487 618 619
493 380 496 310 404 622 623
400 431 558 487 404 520 352 380 616 617
431 618 619
496 380 487 558 459 622 623
608 352 459 390 628 629
487 558 311 310 451 411 621 622
346 548 404 510 613 614
311 451 459 352 404 612 629
558 404 548 520 625 626
520 459 548 352 623 624
459 451 390 620 621
510 623 624
352 451 310 613 614
310 390 380 612 629
411 404 380 617 618
451 380 619 620
390 615 616
548 380 625 626
404 616 617
380 615 616
612
613
614
615
616
617
618
619
620
621
622
623
624
625
626
627
628
629
