#/usr/local/lib/python3.10/dist-packages/colab_kernel_launcher.py -f /root/.local/share/jupyter/runtime/kernel-dea7114a-48f2-47cd-9840-9590734c419b.json
# GMT Thu May 23 18:53:14 2024
# 
44 155 168 115 159 51 35 161 95 97 165 99 77 90 23 42 79 200 81 202 136 204 96 6 72 193 153 74 195 87 142 15 146 67 201 126 62 130 64 185 119 53 174 187 134 176 189 25 112 48 4 116 50 63 105 109 56 13 111 421 422
155 129 93 104 188 72 102 53 132 179 136 66 17 172 45 75 161 174 139 90 105 69 112 61 27 106 121 208 40 21 149 159 0 147 109 205 43 207 13 196 107 58 88 198 37 187 71 135 67 146 202 150 1 80 193 114 144 182 429 430
32 101 23 37 158 147 81 202 94 162 140 195 87 142 11 76 78 80 201 135 82 203 84 60 183 75 196 64 77 123 136 70 21 114 127 48 61 63 105 65 54 175 122 28 43 181 7 36 38 93 40 97 110 152 165 86 33 46 88 421 422
101 92 139 207 26 56 37 209 60 90 41 187 5 35 50 123 178 97 48 78 29 182 195 184 23 173 27 38 188 2 124 179 113 168 183 106 79 163 176 110 18 112 22 158 105 147 160 61 164 70 93 197 157 49 199 133 150 205 425 426
104 206 69 84 197 29 199 203 27 87 192 2 207 128 85 36 66 196 185 198 119 64 94 134 189 112 18 171 82 33 63 173 67 188 122 166 89 40 170 117 19 0 108 53 34 165 28 9 51 13 37 71 202 162 35 138 151 39 425 426
206 138 68 183 0 113 181 51 160 92 175 90 41 71 154 184 35 209 118 99 182 84 197 167 48 59 161 142 176 208 106 8 55 85 36 64 15 45 98 203 162 24 58 88 141 171 201 67 146 95 189 129 193 10 40 70 21 172 432 433
16 93 148 163 99 154 88 209 35 77 198 145 79 147 94 28 149 83 30 151 85 195 208 129 13 21 78 201 122 135 190 203 137 194 128 14 196 117 119 108 4 55 68 110 116 118 160 107 15 96 109 43 98 47 102 36 157 91 159 420 421
93 140 80 84 201 135 148 203 205 38 72 194 128 2 6 17 81 145 200 30 189 123 138 193 182 195 18 131 173 82 63 120 122 190 111 126 46 181 40 21 74 161 108 68 0 97 165 99 154 47 9 92 7 162 41 425 426
21 208 129 76 144 199 133 19 69 190 124 192 126 196 130 132 176 125 167 180 48 169 61 182 50 173 96 177 111 2 6 36 170 91 11 25 146 106 15 27 148 161 29 42 97 31 141 77 94 149 1 191 85 74 420 421
208 187 202 0 132 196 81 111 13 209 194 56 60 143 5 118 99 50 103 163 197 25 167 59 142 27 106 38 110 121 204 55 85 36 115 198 149 100 11 45 147 162 192 24 156 58 137 186 135 61 42 114 65 95 125 432 433
34 147 81 202 151 193 85 74 89 131 78 199 133 188 122 69 190 82 192 205 181 194 75 185 119 132 66 121 22 178 112 1 31 48 103 52 120 175 164 19 113 9 106 40 95 108 26 150 152 165 207 99 5 20 145 158 79 200 421 422
147 202 9 81 13 193 145 37 41 120 5 99 177 133 179 192 48 59 170 23 4 27 38 174 91 2 136 165 85 36 180 100 30 11 64 128 162 164 3 63 86 116 146 201 80 61 161 114 65 205 207 123 72 428 429
180 201 149 164 64 94 45 194 24 198 126 77 152 52 82 63 135 67 146 150 1 80 31 12 182 195 144 197 186 74 19 151 132 166 9 81 92 96 26 60 139 90 105 39 20 99 163 14 178 48 127 108 131 76 106 115 17 431 432
201 12 65 46 178 129 70 153 49 0 53 132 113 136 196 200 111 90 143 188 118 69 152 163 197 48 59 191 176 76 27 8 87 189 140 91 185 168 30 11 15 45 98 192 126 156 107 18 22 203 135 205 432 433
56 165 99 154 167 209 27 38 90 158 2 55 204 138 15 140 76 9 24 188 148 203 22 3 124 71 205 139 73 128 196 130 185 77 66 191 4 59 127 184 118 28 186 120 164 98 111 166 100 168 102 157 39 50 106 161 422 423
165 7 37 139 120 196 118 50 200 189 97 48 78 204 112 142 76 106 184 2 66 17 175 119 100 130 177 190 0 15 75 128 158 109 162 170 9 172 18 3 116 67 146 65 46 74 68 102 117 199 164 96 430 431
138 204 164 19 98 47 126 77 137 71 205 116 139 152 35 196 39 69 50 65 185 129 189 29 178 4 102 136 184 17 51 81 111 188 130 45 75 181 170 24 118 133 127 1 61 12 42 156 46 125 91 158 89 70 74 428 429
204 19 49 72 26 7 171 60 41 105 35 169 199 114 84 163 48 29 108 112 23 76 57 8 121 185 66 200 160 179 164 194 175 45 139 128 109 43 24 54 18 182 22 207 195 42 95 125 189 140 40 174 123 134 432 433
9 90 11 13 134 3 15 136 70 17 85 140 1 184 65 186 67 80 14 177 190 124 137 58 192 181 73 106 53 108 121 42 189 125 167 48 158 94 175 45 87 91 25 146 27 84 152 33 75 209 35 156 420 433
90 163 176 97 13 7 60 41 71 145 94 69 20 162 48 29 59 142 4 192 6 36 17 126 30 11 196 45 185 187 73 178 191 77 18 127 52 3 131 173 186 12 42 10 89 115 19 49 117 72 53 425 426
50 91 172 106 161 95 108 150 11 152 15 86 99 209 156 24 79 149 3 87 31 12 197 46 131 10 203 137 58 126 194 75 130 47 28 64 13 174 121 57 178 125 127 5 35 184 52 54 109 164 166 38 422 423
91 14 89 59 168 8 72 66 163 176 97 26 60 154 156 145 54 158 92 84 162 78 142 42 57 87 144 133 146 6 135 148 203 150 192 205 139 49 0 141 130 28 132 13 121 77 189 52 125 67 114 80 425 426
69 159 61 12 42 95 176 110 152 10 209 19 145 158 92 160 149 47 28 62 76 144 78 135 39 150 14 139 86 183 4 119 132 2 70 55 125 114 30 195 129 184 107 188 109 122 164 177 58 166 157 67 423 424
129 40 70 55 36 66 144 199 94 137 150 205 194 141 13 209 126 82 134 136 35 191 31 114 125 14 10 89 29 173 68 177 102 117 168 47 181 172 96 120 71 176 167 39 99 156 84 3 78 108 57 140 427 428
132 160 73 149 58 18 22 52 82 63 199 31 65 95 125 148 89 40 205 123 141 19 198 83 145 187 47 189 13 92 193 182 195 171 122 14 179 78 108 168 112 170 27 38 55 36 152 100 156 64 109 427 428
160 113 47 17 51 81 111 62 162 145 26 60 139 71 3 33 97 127 108 205 131 142 194 196 209 110 149 0 64 15 128 79 109 195 28 184 173 77 58 82 86 116 168 114 65 144 172 185 159 10 174 178 38 429 430
30 112 19 114 169 171 28 173 107 120 41 13 54 175 98 111 179 20 14 150 42 31 99 209 27 35 103 92 17 151 15 195 89 78 24 133 188 135 18 190 82 203 192 183 75 53 174 25 121 189 123 57 70 421 422
112 11 190 64 94 166 45 179 113 79 161 174 22 163 97 76 158 10 55 85 151 19 142 144 146 62 13 77 135 7 150 71 86 207 196 198 187 29 136 191 57 87 72 102 116 118 6 120 111 122 426 427
163 41 105 39 20 103 127 108 131 142 4 76 27 8 110 140 55 6 66 164 119 149 100 130 94 197 162 156 137 192 82 194 146 185 198 95 46 189 159 10 40 123 153 102 28 175 177 96 166 179 429 430
7 20 141 154 88 143 156 198 24 200 26 15 28 70 19 140 87 63 133 146 122 14 190 139 181 62 183 130 64 119 108 121 176 189 110 105 118 39 173 107 41 175 96 109 166 89 49 25 106 148 161 95 84 420 433
106 107 39 177 124 113 48 168 78 176 85 11 169 64 98 162 73 88 153 52 86 67 144 199 146 31 148 190 70 194 209 130 143 68 49 198 72 83 134 191 125 193 26 60 118 105 186 426 427
107 185 2 66 17 121 136 11 178 75 116 184 43 58 18 175 188 63 113 1 61 115 170 183 117 10 161 40 70 176 110 49 0 102 53 81 62 77 162 151 142 5 144 199 203 48 59 192 4 194 207 141 426 427
55 61 116 63 118 120 188 109 122 22 183 42 159 172 46 161 95 176 97 110 152 88 156 169 145 81 94 13 151 85 98 197 35 157 39 203 192 73 196 198 2 79 6 68 202 51 178 70 191 11 422 423
61 17 188 148 190 124 71 139 181 73 128 183 75 130 66 189 33 70 193 31 42 116 105 118 173 120 175 122 111 100 170 47 161 26 152 41 207 88 156 103 200 81 202 136 23 140 74 197 199 423 424
41 152 2 17 158 92 94 149 96 72 195 144 22 33 190 31 192 84 126 139 194 128 75 10 130 185 198 134 0 176 123 169 182 105 186 164 35 98 111 166 58 179 20 47 168 102 157 161 174 421 422
127 166 179 119 181 0 94 45 176 88 167 63 156 169 86 116 1 80 114 151 123 142 72 53 146 47 51 62 192 205 194 128 130 120 185 5 200 39 20 136 122 78 171 184 173 76 8 38 2 66 17 427 428
166 29 59 142 76 8 38 121 136 36 17 149 100 130 199 145 15 203 109 43 196 209 198 146 31 191 65 125 193 89 70 19 53 113 47 162 51 111 13 156 37 139 71 124 105 5 103 133 84 430 431
168 167 29 131 184 142 76 177 85 36 115 119 164 170 64 94 45 172 174 187 24 54 137 141 150 80 144 95 157 72 151 113 47 205 111 62 13 92 96 37 60 198 5 35 202 118 20 103 133 430 431
29 45 113 157 38 51 84 97 31 23 86 4 143 35 156 200 151 15 140 195 76 197 89 122 22 82 3 60 181 73 128 141 62 174 10 134 123 57 191 19 46 182 63 39 186 13 120 162 111 420 421
45 57 46 114 38 52 186 6 109 164 47 115 24 159 172 154 156 145 136 149 83 96 151 85 197 89 131 28 199 190 37 137 126 139 73 194 128 5 183 75 196 39 185 198 68 189 422 423
48 58 181 11 115 172 53 95 24 22 1 31 94 162 151 85 98 195 142 76 199 146 135 71 139 73 207 196 121 189 114 182 116 105 118 4 186 8 38 54 175 188 2 111 422 423
58 42 187 79 121 176 68 136 178 6 116 19 171 63 184 105 186 28 164 177 124 113 157 159 97 86 154 167 88 145 2 47 151 153 87 11 142 89 144 67 203 20 84 126 73 194 33 128 422 423
15 110 125 46 105 118 54 109 179 100 47 36 49 14 95 4 84 20 167 2 35 6 103 92 39 81 96 74 76 23 144 65 67 135 148 124 71 205 194 141 75 130 64 185 119 420 421
110 120 105 111 99 84 185 174 42 27 121 176 10 40 6 85 36 114 171 64 94 28 164 52 71 5 35 80 20 205 139 14 25 194 128 59 23 4 68 8 83 136 2 193 92 182 11 197 426 427
92 158 62 202 94 136 96 140 20 84 133 25 59 192 23 57 8 130 17 187 193 79 182 73 171 105 118 186 22 52 3 63 109 164 177 67 179 113 31 46 157 95 99 72 83 154 167 425 426
18 115 3 183 196 53 68 123 178 167 169 184 52 54 175 43 100 113 47 102 170 148 150 205 97 31 14 209 143 35 24 145 79 8 28 70 19 87 0 23 144 199 67 188 135 203 137 139 73 420 421
115 171 3 33 63 97 186 12 57 124 6 117 100 161 176 24 209 156 169 37 202 114 65 95 46 25 10 70 197 74 68 135 38 205 126 139 207 141 62 196 185 198 60 71 121 189 105 191 125 193 426 427
37 86 156 77 134 35 151 72 74 14 142 76 197 65 186 188 23 122 135 137 71 126 2 36 17 75 117 185 119 66 123 191 125 24 46 114 33 120 54 31 43 177 100 89 170 19 148 95 150 421 422
27 120 122 43 164 100 181 36 38 51 95 154 11 145 39 81 202 83 24 153 87 67 80 1 12 135 190 124 207 128 62 185 77 119 134 176 123 136 70 125 59 169 182 116 184 118 420 421
120 38 2 154 209 17 156 119 0 149 151 43 73 140 88 144 22 86 135 190 203 80 31 205 114 25 141 196 4 83 111 13 60 71 188 35 124 20 84 14 59 159 172 161 427 428
154 161 174 145 96 156 20 158 84 14 148 25 142 76 140 157 6 66 130 11 98 207 143 196 209 198 187 122 141 202 3 82 33 63 86 150 1 12 42 144 184 123 68 53 181 28 51 62 429 430
161 190 5 118 99 84 25 97 23 176 178 121 2 171 100 11 173 64 94 162 43 199 82 63 12 205 114 46 207 10 198 187 200 0 191 136 81 62 197 96 60 188 429 430
113 202 57 144 199 85 36 188 190 124 137 192 126 139 109 194 207 24 185 119 52 33 136 67 191 31 42 65 46 171 10 70 164 102 53 181 28 170 117 111 13 209 20 158 84 426 427
11 167 59 103 171 3 39 173 175 43 102 36 146 82 97 207 99 88 22 143 200 142 65 186 133 67 80 14 203 124 8 126 181 128 6 75 196 172 64 121 178 420 433
176 124 105 190 54 118 152 3 167 63 67 131 121 89 174 70 130 98 141 171 116 146 203 5 169 172 187 157 4 8 38 151 136 117 193 17 182 96 75 430 431
1 67 148 192 60 141 62 117 119 53 200 121 13 134 68 189 2 169 171 184 54 122 177 98 111 179 49 159 108 150 31 86 33 22 143 145 158 79 39 81 149 140 153 87 8 76 131 144 420 433
67 31 137 192 84 183 187 200 134 53 136 70 191 26 20 100 102 172 38 152 207 167 143 156 51 145 158 79 64 149 85 43 153 195 89 199 146 80 148 82 423 424
143 187 137 88 141 22 156 35 158 114 14 162 59 123 134 153 57 87 83 146 2 159 117 36 17 81 111 150 96 60 209 198 145 200 122 202 133 33 76 188 70 85 190 192 19 49 0 79 28 428 429
187 73 24 54 137 52 3 82 46 125 89 70 172 68 189 102 83 191 47 193 81 62 195 145 197 26 71 124 169 39 99 133 84 178 78 108 23 76 8 140 100 130 164 158 431 432
179 193 142 197 76 87 186 121 130 0 64 94 162 24 126 77 137 88 86 146 114 65 95 148 89 40 172 153 134 38 102 83 117 28 203 62 164 175 139 105 5 200 39 133 167 63 430 431
66 169 182 116 24 184 118 33 111 157 46 172 95 152 49 86 207 99 167 156 158 62 202 96 151 72 142 144 146 188 148 71 205 8 130 2 77 119 6 36 134 123 178 70 193 423 424
169 17 203 205 139 196 209 105 73 54 118 133 3 33 131 76 199 119 149 100 19 94 79 158 109 162 43 174 62 137 146 35 80 65 125 173 14 25 159 108 123 68 57 8 53 430 431
85 182 195 116 171 184 131 72 83 51 181 26 152 84 25 145 38 149 2 96 98 17 140 89 157 75 148 54 86 22 141 52 82 63 119 42 202 46 123 178 40 424 425
182 17 119 149 185 109 24 126 86 116 80 42 125 10 40 123 153 19 72 102 205 51 111 62 209 96 175 198 60 5 20 193 122 152 167 108 186 23 188 8 87 140 431 432
43 185 77 4 119 200 38 136 2 125 36 17 193 63 54 181 49 170 159 172 53 174 42 95 108 88 209 81 13 140 153 74 142 76 131 144 135 137 205 60 73 207 141 62 183 421 422
185 122 167 63 80 144 95 174 203 74 119 19 49 0 72 53 83 47 126 191 105 184 20 133 84 190 172 4 194 76 38 2 164 145 98 79 109 431 432
59 100 102 172 54 207 52 33 77 145 158 42 83 74 19 49 197 89 144 53 65 133 47 28 203 51 124 137 192 205 60 181 194 62 64 198 35 123 25 171 63 57 162 36 422 423
31 82 192 84 194 20 25 119 121 23 191 125 46 114 6 63 184 162 164 98 111 100 24 102 157 22 40 12 99 88 209 156 81 136 19 83 151 74 133 421 422
17 171 184 175 96 13 102 49 25 172 5 148 84 14 99 20 209 35 79 149 72 87 63 197 144 65 122 203 183 117 51 119 53 174 178 46 420 421
174 105 54 199 152 103 188 33 167 190 108 192 131 87 170 40 6 79 158 28 88 171 82 125 159 203 123 74 68 38 196 53 198 47 200 51 111 62 189 193 60 430 431
131 190 121 10 40 70 19 49 0 47 178 158 171 173 35 20 114 23 4 146 159 87 72 203 2 205 6 36 152 51 141 209 198 75 200 136 24 39 3 33 197 133 42 188 427 428
190 42 76 65 189 170 70 149 193 49 83 98 47 96 141 192 71 105 5 150 114 108 172 136 36 51 145 175 139 109 73 54 88 152 33 205 86 431 432
77 73 13 22 134 123 178 125 114 195 65 46 70 186 175 109 124 181 183 62 172 26 95 71 35 24 171 33 149 162 12 98 153 78 75 192 84 139 86 207 28 424 425
105 96 167 209 145 158 103 52 142 144 135 137 19 49 64 53 83 119 200 134 125 26 114 195 86 186 80 20 188 95 177 14 111 8 159 426 427
3 126 60 181 128 183 117 51 121 123 57 125 167 103 52 173 96 102 49 170 42 86 207 99 141 88 81 94 28 149 70 83 19 87 197 23 144 188 122 203 71 420 433
126 63 130 86 116 200 80 10 195 74 197 68 0 186 83 188 98 192 181 128 170 60 71 39 114 78 156 123 158 75 109 135 73 137 54 118 88 122 103 427 428
149 72 83 195 197 81 111 62 13 177 103 78 57 8 2 158 94 75 98 73 54 199 150 146 152 207 12 42 196 46 148 10 189 74 19 49 428 429
195 119 94 98 128 13 156 26 171 116 144 14 178 159 78 4 38 151 2 164 194 145 96 207 173 124 184 209 198 122 202 186 97 76 140 199 193 70 432 433
38 109 98 111 8 159 172 2 84 205 97 99 209 200 134 202 94 70 22 76 133 80 137 71 73 128 75 0 130 68 189 123 46 35 421 422
79 121 178 191 125 26 71 173 188 109 122 177 181 157 23 117 68 159 72 95 2 152 103 145 158 202 54 39 63 89 199 12 135 46 150 70 128 19 0 64 200 424 425
121 73 24 177 88 82 80 172 42 114 95 10 70 74 19 0 72 53 111 13 96 153 142 60 157 133 135 103 14 205 78 207 189 36 171 427 428
98 134 123 8 114 184 51 118 173 186 175 188 60 117 172 82 63 108 12 99 167 162 49 140 153 142 144 146 203 86 205 5 139 207 128 65 25 425 426
134 128 140 54 88 33 148 203 86 205 194 207 95 198 10 40 123 19 178 191 83 117 47 184 51 173 26 188 35 39 157 170 122 103 159 150 8 158 130 64 427 428
139 135 80 158 171 10 89 70 49 153 102 142 47 28 13 192 60 194 124 39 200 103 133 189 78 57 8 197 173 36 0 94 24 54 428 429
40 142 20 133 14 135 82 203 124 183 117 130 53 68 189 123 125 114 171 184 24 52 162 109 122 33 177 111 47 170 10 97 152 19 88 103 200 26 151 74 421 422
73 119 52 33 12 65 193 118 188 0 164 72 157 159 26 95 150 39 20 167 103 158 23 83 96 151 153 87 197 89 144 78 64 124 192 128 423 424
94 136 53 83 193 13 116 171 118 186 164 39 20 100 181 172 152 36 103 158 88 197 144 199 52 133 148 137 42 207 141 196 200 189 425 426
136 173 142 71 159 5 148 20 203 137 205 207 74 196 209 23 8 72 117 47 199 175 192 103 133 33 63 108 87 70 167 156 428 429
188 42 170 181 162 26 141 22 146 80 65 144 14 148 178 153 209 23 157 87 72 200 2 189 193 60 124 118 33 431 432
140 123 177 72 13 170 96 26 60 35 167 156 25 171 4 57 87 153 142 6 144 199 146 159 124 152 194 54 141 137 88 65 46 125 89 70 184 428 429
10 142 89 124 71 205 60 181 194 141 183 117 130 5 193 63 52 186 175 164 100 2 49 6 172 108 42 152 86 20 22 200 39 81 96 72 420 433
142 172 47 28 124 35 103 84 25 151 164 78 23 57 146 2 100 64 75 128 24 202 22 52 33 63 116 171 184 428 429
128 189 202 22 116 46 186 123 68 19 49 102 170 47 51 96 26 60 167 5 156 99 84 14 162 78 151 76 133 150 152 130 200 427 428
114 199 148 75 192 141 198 22 52 33 80 95 116 89 173 68 177 72 124 83 47 51 81 183 39 99 162 23 8 157 426 427
199 65 144 46 159 153 19 49 72 200 181 51 111 62 26 124 20 103 133 148 178 8 2 64 75 158 88 152 86 150 80 42 432 433
26 86 202 96 5 153 87 25 135 82 71 192 181 141 117 6 64 198 68 24 184 52 173 65 109 164 177 12 100 47 157 170 159 95 108 0 420 421
86 137 71 141 5 35 130 200 25 193 4 118 186 6 36 175 109 177 124 75 119 52 82 63 99 49 64 197 28 133 62 424 425
137 198 145 200 193 49 0 72 173 186 170 183 39 25 108 167 156 4 158 8 6 36 164 130 64 75 197 203 150 82 194 207 141 428 429
70 64 144 133 13 205 52 194 125 8 118 2 162 177 111 150 63 156 12 42 57 83 151 193 423 424
80 12 82 194 207 74 72 200 123 28 191 125 13 171 71 25 100 78 117 8 97 152 6 209 103 64 83 24 96 151 63 89 157 146 424 425
24 198 119 53 189 178 191 167 116 63 184 173 14 54 109 111 157 97 209 35 151 72 65 25 122 205 19 183 130 420 421
198 88 171 52 135 116 159 74 157 4 68 151 83 111 62 145 173 39 118 20 122 152 103 167 203 12 6 183 64 109 432 433
65 133 36 82 150 71 141 130 13 68 189 178 171 25 111 23 183 53 172 2 51 97 99 145 96 33 63 151 153 197 57 423 424
63 183 117 64 54 103 116 102 157 172 150 205 141 158 81 39 72 153 14 76 133 12 124 423 424
123 153 144 22 52 33 150 196 145 89 202 68 193 102 53 184 47 13 175 96 84 97 108 167 156 36 151 427 428
100 193 116 23 4 173 175 2 109 164 6 124 51 102 64 117 108 22 33 46 153 19 144 83 28 150 62 207 141 71 119 20 202 84 191 425 426
193 130 19 49 183 64 158 22 116 95 178 153 23 2 47 164 145 175 75 173 5 54 118 152 186 108 57 170 431 432
141 194 52 135 116 202 25 177 47 51 170 35 122 103 97 108 156 158 12 87 164 6 130 49 157 28 152 428 429
194 33 46 125 148 172 157 19 49 151 102 117 28 207 200 20 133 84 97 108 191 197 57 130 64 75 158 54 431 432
12 14 135 82 71 62 196 130 51 119 68 178 171 184 118 173 54 177 153 36 49 170 4 25 159 8 2 84 205 6 33 28 83 151 76 23 146 420 433
144 159 192 205 72 83 209 5 35 39 197 20 173 186 133 25 108 177 4 2 52 151 153 428 429
42 35 183 196 51 53 23 57 167 6 118 54 175 177 111 157 49 170 22 33 159 148 82 205 99 158 0 74 87 421 422
0 191 4 151 184 78 133 122 14 203 124 181 117 119 108 178 118 173 164 177 153 146 159 148 150 207 33 75 209 156 81 420 433
191 75 192 158 54 156 171 82 116 95 46 148 178 25 159 89 153 4 53 51 81 62 175 124 184 99 122 200 186 167 202 170 36 130 431 432
19 96 151 72 74 133 203 60 64 119 4 116 173 186 49 170 172 150 97 35 156 202 420 421
68 96 153 54 87 52 135 203 192 205 207 75 25 119 200 116 62 164 124 35 170 117 159 172 108 150 97 152 167 88 158 423 424
96 8 53 145 62 60 39 133 150 205 207 76 196 57 87 130 64 186 109 22 52 183 23 425 426
130 22 173 95 46 157 172 117 81 111 162 151 39 99 84 14 97 4 87 205 196 119 427 428
28 145 202 89 20 124 71 60 181 183 4 51 53 2 125 46 167 116 171 118 173 54 164 111 84 33 209 156 420 421
145 167 35 39 84 78 146 203 57 8 150 2 207 117 209 51 64 189 202 173 175 177 76 89 83 428 429
46 148 124 183 196 117 57 125 171 184 186 162 109 177 13 51 22 95 35 99 88 103 81 4 74 76 422 423
5 150 207 22 35 156 158 151 74 197 89 133 25 146 82 203 71 192 60 181 183 75 119 189 57 178 125 116 184 162 175 47 102 49 420 433
13 22 156 83 76 23 78 122 14 135 4 60 62 196 51 119 167 103 159 148 108 150 97 20 420 433
22 183 64 171 118 54 175 164 2 6 102 36 170 117 150 167 156 103 39 133 25 135 124 71 205 420 421
49 74 89 186 8 146 6 192 62 117 51 53 33 116 54 175 109 164 111 148 108 84 202 20 422 423
153 157 72 81 192 205 207 71 200 39 118 99 152 133 84 178 14 108 184 76 175 177 170 172 52 135 146 95 429 430
81 47 62 162 83 71 87 197 157 39 20 14 148 25 192 76 8 2 200 125 75 184 52 102 159 119 95 108 152 424 425
53 74 89 78 135 148 203 71 60 207 62 183 196 189 57 175 111 124 14 25 157 95 150 51 158 422 423
39 159 152 88 103 74 78 135 82 71 84 207 183 196 178 184 175 124 47 23 170 421 422
159 133 78 23 4 207 57 87 151 2 200 189 202 175 146 183 172 74 102 167 117 35 150 429 430
99 60 35 20 14 156 78 202 8 87 2 6 197 146 135 183 119 178 125 89 171 184 173 122 72 164 47 425 426
83 202 151 47 51 62 197 89 146 203 183 23 189 76 116 184 177 111 181 102 157 170 97 88 209 103 424 425
202 177 71 116 35 20 95 178 172 157 151 102 200 51 175 64 75 173 152 103 203 189 209 89 432 433
14 102 170 148 108 207 33 74 122 82 124 71 192 62 183 75 196 8 167 171 186 162 109 47 420 433
102 97 78 164 23 4 76 87 6 135 88 33 178 95 173 109 74 111 181 117 47 172 62 60 20 425 426
148 125 89 203 152 207 4 196 209 72 47 197 54 186 118 122 133 177 33 183 57 162 52 428 429
97 71 181 172 119 78 23 76 57 2 6 64 75 157 54 133 88 135 82 205 209 89 74 47 51 175 177 425 426
25 89 157 170 95 150 4 84 205 33 88 184 197 186 60 62 183 117 108 167 52 162 175 109 420 421
89 135 183 196 62 119 178 116 118 173 109 122 177 124 181 6 36 88 151 424 425
116 6 75 200 54 125 171 118 186 175 122 177 181 72 111 152 167 71 20 8 426 427
156 124 152 103 184 78 76 192 6 36 170 88 52 173 164 95 72 117 429 430
71 207 209 51 124 183 75 57 171 118 162 109 164 111 33 423 424
20 51 172 95 84 200 4 2 74 146 82 203 205 117 119 57 52 36 420 421
51 151 87 157 203 75 196 64 57 118 54 122 23 4 183 172 88 422 423
6 118 52 186 109 122 164 36 157 170 172 88 158 87 8 76 78 135 203 64 119 420 433
4 111 36 170 84 152 207 75 151 72 135 60 196 172 119 108 189 57 167 162 420 433
167 170 183 35 133 84 57 36 75 158 109 88 82 74 157 197 430 431
164 87 117 124 52 82 33 146 76 189 74 197 47 181 172 108 429 430
119 118 88 103 186 133 122 74 157 23 72 152 196 36 75 426 427
84 157 88 8 151 60 133 150 33 183 64 184 122 124 181 424 425
157 78 23 72 151 117 209 109 124 197 175 125 177 74 172 47 146 429 430
103 170 62 172 75 178 171 87 36 146 203 192 205 152 209 125 118 173 133 23 8 181 47 425 426
170 133 173 186 108 76 57 36 109 54 171 125 203 151 196 209 60 430 431
122 183 57 172 36 75 109 162 117 200 111 62 54 175 33 108 181 427 428
183 152 33 76 74 177 181 162 35 108 23 72 109 54 431 432
172 108 2 200 162 88 181 74 72 178 124 430 431
133 125 62 135 196 75 184 197 173 186 52 427 428
152 150 178 23 57 8 36 124 203 52 82 189 184 111 192 429 430
57 111 54 117 52 47 74 87 197 78 135 82 205 200 23 8 178 125 173 422 423
64 72 52 118 109 181 95 62 88 74 197 23 203 205 423 424
60 162 151 74 47 192 207 62 196 189 72 23 184 118 36 177 54 108 423 424
173 2 178 88 82 162 197 186 35 175 192 76 8 87 430 431
87 175 74 177 181 95 150 209 158 23 8 36 135 124 192 196 54 82 178 424 425
175 75 109 88 171 52 82 203 135 189 111 177 181 78 108 430 431
36 52 162 209 151 197 82 124 205 196 117 35 421 422
181 33 200 78 177 109 162 88 135 150 8 124 207 118 431 432
52 2 196 178 33 186 117 150 47 158 151 35 82 422 423
196 171 33 135 200 118 78 108 189 192 54 432 433
177 189 8 197 158 54 88 171 135 178 125 117 47 118 108 200 430 431
189 158 109 88 33 146 150 72 47 62 184 35 118 2 431 432
33 23 171 150 207 209 72 74 197 186 421 422
186 75 158 109 88 146 74 23 72 151 2 184 76 192 431 432
200 171 82 146 197 75 124 78 108 158 109 432 433
207 178 74 72 117 205 75 184 54 118 432 433
135 95 125 197 124 118 78 171 109 54 203 428 429
158 62 108 76 88 95 192 74 72 429 430
72 76 78 150 35 54 423 424
75 125 151 23 76 197 146 82 192 424 425
109 125 171 88 82 150 47 35 426 427
203 95 178 74 151 117 205 209 162 432 433
76 117 162 197 78 146 178 125 184 424 425
192 146 150 117 111 171 118 23 8 82 431 432
125 146 150 54 88 82 95 74 184 78 108 427 428
74 78 82 150 178 184 8 111 423 424
151 162 117 47 205 197 54 429 430
146 95 205 62 118 78 209 162 197 428 429
95 78 178 88 111 82 117 209 162 197 425 426
88 35 171 78 2 108 424 425
162 2 117 111 184 78 178 171 150 429 430
205 8 78 171 432 433
8 47 108 150 209 23 62 178 118 420 433
2 23 124 62 420 433
62 82 178 171 23 111 150 423 424
171 118 82 47 23 430 431
118 117 35 426 427
111 209 184 124 35 426 427
124 178 108 23 427 428
184 150 209 78 431 432
78 117 108 150 209 23 82 54 424 425
54 178 47 197 82 422 423
82 117 108 209 424 425
150 35 429 430
35 197 117 47 421 422
209 23 117 47 432 433
23 108 420 421
47 422 423
178 197 117 430 431
197 432 433
117 426 427
108 426 427
231 418 220 352 273 286 288 409 229 398 290 268 402 349 270 272 393 285 406 274 395 329 276 397 278 375 269 324 262 264 374 376 310 323 257 367 221 250 292 239 415 296 417 298 232 287 234 368 410 236 412 238 359 401 348 240 282 416 297 420 421
418 382 363 348 259 312 244 323 327 257 391 219 291 370 321 302 419 415 217 247 300 251 353 383 413 328 279 313 343 294 224 318 371 322 248 301 380 331 384 295 227 378 329 310 274 357 336 287 317 400 232 213 296 409 222 252 256 299 432 433
305 367 409 356 360 224 235 349 404 239 340 233 395 329 301 399 412 212 388 216 227 390 337 394 398 264 374 389 310 262 213 292 380 327 290 371 256 307 320 299 250 303 311 366 229 259 313 368 282 263 244 370 261 361 416 308 363 365 270 425 426
367 358 254 235 282 411 346 291 404 417 240 355 285 300 289 319 353 412 401 414 268 232 213 243 405 307 394 322 241 286 316 398 335 387 284 259 210 382 244 373 388 366 347 236 247 379 281 345 296 326 215 226 383 249 230 372 260 429 430
244 357 235 306 348 403 363 237 405 218 356 332 345 279 240 400 292 281 349 404 338 393 327 276 399 213 243 322 269 241 258 379 326 381 315 328 262 385 253 229 210 259 223 303 360 252 373 307 254 375 364 298 311 353 245 355 421 422
357 323 399 327 291 242 272 223 416 355 306 394 407 300 396 334 215 249 309 294 307 233 395 267 325 377 329 221 225 368 381 383 253 268 298 363 296 356 341 369 411 358 371 354 335 360 350 415 250 280 417 303 333 344 259 263 293 428 429
266 375 417 233 298 355 212 289 302 370 265 216 412 304 346 306 348 365 407 219 234 290 411 358 400 262 334 402 294 270 226 351 241 285 327 287 397 280 401 229 259 324 337 392 381 273 328 383 317 242 223 385 374 389 310 230 382 239 362 422 423
375 402 300 330 226 406 419 249 328 313 343 269 414 341 371 322 233 403 392 320 350 394 212 216 295 276 398 359 289 378 368 393 253 264 228 351 292 243 386 273 356 211 241 252 379 324 335 235 220 280 229 263 293 346 242 413 430 431
219 300 213 238 359 401 348 282 295 341 354 275 277 332 345 210 281 336 391 327 261 274 395 329 263 276 386 320 390 324 258 379 315 249 251 372 306 361 253 214 363 255 257 299 235 248 216 239 373 415 228 351 406 298 419 353 366 420 433
300 373 217 419 311 366 281 313 315 226 372 348 254 352 365 409 301 343 286 237 248 411 413 212 360 246 404 340 353 255 410 287 298 403 337 243 339 381 383 211 252 330 385 256 387 310 378 312 278 229 314 327 318 257 425 426
323 414 361 233 350 297 248 352 301 265 295 246 356 221 413 304 415 308 404 338 234 317 397 386 333 277 335 211 271 252 324 392 339 383 284 385 387 229 389 293 391 257 238 369 382 247 251 315 364 226 377 279 230 309 260 224 426 427
342 370 234 264 298 363 232 311 273 365 277 354 211 290 252 356 339 360 299 415 284 351 406 419 395 346 261 242 401 403 306 236 270 281 381 394 315 215 249 398 400 313 254 307 239 391 341 393 237 297 248 386 295 240 225 304 255 338 319 427 428
370 293 212 346 257 272 302 372 221 374 416 270 251 334 332 228 362 224 254 269 322 417 419 320 350 397 410 310 414 210 390 289 238 394 283 287 292 387 356 226 360 391 211 220 299 280 384 386 348 388 377 218 248 361 312 429 430
235 257 220 371 413 239 307 241 218 243 285 419 245 366 287 408 289 302 344 291 412 293 414 348 230 407 354 396 288 277 398 411 332 402 336 270 325 406 327 382 276 397 318 386 333 254 388 269 258 326 247 328 253 363 420 421
281 360 373 307 364 222 275 256 313 289 304 346 293 416 286 299 257 288 409 343 398 236 270 402 415 349 393 249 287 329 333 388 322 233 267 248 315 276 240 319 221 274 225 255 365 234 301 369 268 303 228 232 243 273 423 424
360 296 326 413 402 415 362 404 354 335 406 419 258 233 412 237 218 282 401 212 246 261 321 407 396 349 315 283 234 264 391 294 380 395 337 341 352 271 256 350 301 366 325 259 372 361 374 238 363 223 365 409 429 430
373 251 330 353 309 294 337 288 371 322 237 218 320 212 265 216 295 246 276 329 255 283 234 336 268 298 243 273 417 345 326 356 419 271 222 354 335 412 369 220 299 280 401 303 363 405 394 312 293 396 327 242 400 270 429 430
293 229 259 210 304 372 306 348 361 363 297 242 365 217 409 251 411 345 358 336 395 239 233 344 237 218 403 337 216 246 276 326 240 396 317 274 255 289 387 376 389 283 287 312 325 213 243 318 222 362 311 366 424 425
246 258 224 260 328 383 330 233 374 387 255 268 212 378 216 259 380 248 369 382 303 250 307 362 234 377 313 247 368 412 304 211 241 350 220 354 411 345 336 283 395 236 217 263 276 397 331 386 245 335 256 269 403 230 421 422
258 378 391 312 221 263 384 253 234 320 419 243 366 313 302 306 295 416 308 352 407 299 409 301 345 400 347 242 223 349 270 417 236 217 247 272 393 274 395 289 410 245 280 322 335 269 282 403 324 271 394 214 218 330 422 423
251 218 362 254 417 377 240 291 282 350 297 365 354 288 232 345 400 292 413 334 404 393 285 406 344 386 333 267 335 269 403 242 326 339 273 275 396 330 372 264 332 387 245 308 378 325 224 259 239 261 371 233 214 421 422
270 386 307 232 298 302 359 372 306 363 229 259 297 263 407 288 409 301 257 238 290 347 415 296 338 285 215 395 287 230 410 331 344 399 346 280 401 269 233 237 341 383 275 330 277 376 391 314 249 318 423 424
386 349 234 389 249 279 232 243 377 395 277 371 322 352 271 222 380 384 295 284 378 416 257 311 411 296 356 379 415 230 417 294 369 333 363 348 412 237 297 248 282 414 390 216 405 261 394 374 385 396 430 431
327 368 294 359 213 292 243 414 288 318 363 271 316 267 256 265 358 274 417 308 289 406 353 253 272 268 331 344 399 412 217 388 403 337 245 226 324 239 303 334 376 297 248 312 216 227 384 285 366 379 426 427
368 321 355 405 330 215 328 230 332 362 313 400 254 376 307 337 391 341 352 267 297 301 384 365 265 325 240 221 255 308 381 372 287 366 347 374 351 262 292 273 211 241 271 222 252 411 358 250 402 214 210 408 410 429 430
286 330 398 220 280 319 332 400 278 229 378 391 263 382 371 272 366 379 215 260 315 291 224 361 239 350 214 365 237 267 248 354 288 409 290 274 225 338 351 419 340 353 253 234 264 399 262 273 390 403 277 241 252 275 396 424 425
330 362 320 301 212 221 210 359 372 308 414 348 416 264 228 232 343 277 413 290 241 324 256 338 393 340 314 331 346 257 238 261 242 302 405 247 383 398 332 374 226 279 309 389 378 313 294 224 382 384 427 428
349 311 262 345 296 290 222 252 256 339 314 278 259 263 257 409 291 306 417 215 245 419 408 230 309 260 343 294 254 392 297 212 383 216 227 385 398 310 340 240 221 210 389 225 304 319 380 393 234 298 384 228 428 429
288 376 389 310 378 391 280 314 369 303 371 384 318 238 364 298 419 247 302 245 416 279 230 354 269 358 336 404 338 265 216 276 408 331 255 399 346 388 322 390 403 337 268 396 398 319 332 374 241 222 321 424 425
376 383 214 316 218 248 361 301 331 295 325 227 355 304 255 413 289 319 415 404 347 406 232 311 296 412 401 354 335 390 339 392 405 220 299 280 365 333 314 229 402 257 238 261 242 321 223 336 366 217 247 313 379 430 431
307 389 391 325 314 230 382 260 316 329 318 364 311 366 267 379 297 248 313 265 227 240 374 308 304 352 407 283 268 228 413 292 402 406 290 252 397 344 250 399 278 259 210 337 394 272 385 247 334 425 426
389 239 269 403 371 320 331 325 304 255 393 289 319 336 287 317 217 351 247 213 211 290 241 271 220 299 416 333 284 363 348 409 257 238 223 402 415 221 385 383 364 408 397 249 328 230 399 362 313 377 430 431
260 314 303 318 294 255 364 366 253 232 306 348 361 295 350 363 284 211 252 341 290 411 345 402 415 210 351 272 340 238 274 265 399 236 320 333 269 215 271 392 326 381 273 328 383 396 224 317 332 374 233 214 325 422 423
314 294 224 365 239 356 358 400 297 415 336 212 265 216 295 276 227 393 406 240 221 410 331 344 335 253 283 232 262 292 383 398 241 252 321 275 378 280 325 382 259 320 377 242 419 379 306 355 348 361 249 425 426
320 328 385 398 264 400 391 213 393 382 329 271 237 297 301 388 220 379 319 359 361 317 352 292 296 411 215 290 241 413 224 351 269 406 419 340 408 233 214 282 312 399 335 261 405 221 236 394 407 426 427
328 301 371 384 325 310 388 274 319 381 264 228 213 273 416 296 326 350 271 275 256 362 406 238 261 344 302 333 346 236 247 335 348 403 339 226 394 309 341 396 254 239 318 322 336 378 267 297 393 426 427
218 317 385 378 316 237 358 217 241 417 309 364 232 353 355 302 223 236 291 225 346 280 240 282 416 363 284 352 275 343 398 224 334 226 402 338 340 274 408 329 221 331 401 322 269 390 392 313 394 383 420 433
317 340 295 331 344 399 335 348 274 255 285 392 394 283 383 396 298 228 385 398 311 262 213 292 334 277 378 393 275 256 284 322 364 377 366 308 238 272 223 372 414 361 363 215 230 356 345 239 402 233 338 426 427
364 371 384 217 334 215 381 294 254 318 269 233 214 297 248 365 331 295 227 411 310 240 402 225 417 353 253 287 397 362 399 262 273 356 341 403 211 290 222 392 405 396 250 280 284 363 387 393 261 336 429 430
371 215 245 391 358 382 269 322 384 233 237 267 212 377 295 276 381 310 372 319 283 234 264 287 366 232 262 326 277 290 252 275 354 419 299 250 280 363 278 412 401 405 306 217 247 385 429 430
257 289 302 304 414 212 352 277 398 411 358 279 417 253 234 340 408 329 243 399 333 346 252 390 282 379 271 326 250 381 315 396 210 387 312 223 369 382 303 247 384 318 215 298 224 422 423
294 312 380 277 316 275 220 239 366 233 278 355 282 263 412 304 359 242 308 255 285 411 345 347 417 353 395 408 329 410 331 344 399 346 388 335 337 392 339 229 396 319 253 332 268 310 247 424 425
312 224 254 239 361 214 352 237 354 212 295 227 413 310 221 274 304 255 308 406 395 283 397 333 296 277 324 392 252 396 299 385 319 332 303 400 334 259 210 282 263 380 238 261 322 215 245 249 279 425 426
211 277 290 411 345 358 400 334 415 336 404 230 272 393 408 331 223 265 399 212 269 403 392 394 262 396 332 391 325 261 303 316 237 250 362 254 245 366 304 414 306 295 416 284 405 297 301 222 343 420 433
277 334 347 336 283 285 265 340 210 344 333 388 322 315 247 385 369 316 233 237 267 248 212 377 311 353 313 412 359 414 306 361 295 416 350 352 228 354 232 262 301 343 398 358 413 423 424
353 397 272 223 230 299 239 374 318 303 284 363 214 378 248 358 261 240 417 225 406 419 315 408 249 410 412 343 401 213 292 392 222 407 350 331 385 220 295 325 329 310 402 274 308 253 283 428 429
397 264 366 298 311 262 243 356 390 241 415 417 369 299 250 384 280 382 229 393 210 401 346 238 403 291 242 321 302 407 236 247 334 215 400 332 392 318 214 301 331 212 276 227 225 387 338 319 431 432
295 392 381 394 396 282 321 223 325 303 316 215 245 318 224 254 377 311 214 372 212 361 265 227 297 365 274 255 285 345 358 400 402 228 292 408 329 290 412 335 390 424 425
392 227 329 221 308 319 372 253 336 287 268 262 356 379 390 416 324 335 388 299 250 280 382 344 210 361 415 242 223 406 408 215 245 401 332 362 343 405 224 407 297 248 380 331 431 432
308 331 399 214 346 348 282 390 337 326 216 227 341 343 255 319 387 400 334 380 262 213 384 318 220 280 372 414 289 350 253 223 298 356 217 345 402 290 362 417 275 340 224 254 395 408 425 426
331 385 398 334 232 262 243 273 391 380 393 220 299 280 362 366 238 261 291 236 247 407 343 249 230 309 358 415 404 417 338 237 248 301 344 333 329 310 403 221 274 427 428
329 390 350 298 394 341 232 243 273 385 241 252 316 301 238 366 242 302 287 381 236 372 215 279 309 269 345 233 267 248 415 362 216 340 261 291 310 306 410 344 255 399 348 426 427
390 310 221 402 406 264 408 332 243 377 296 356 401 403 405 339 250 384 344 398 282 263 393 291 302 306 236 247 215 245 226 249 309 343 224 337 382 322 352 316 267 350 325 276 227 431 432
301 383 396 254 299 239 269 387 284 321 378 325 263 316 291 242 272 362 377 315 372 361 271 354 411 400 402 259 274 351 419 253 283 298 333 348 403 296 215 381 394 425 426
304 333 346 322 324 291 302 326 217 391 269 316 309 366 276 313 240 221 412 414 306 253 283 363 228 354 409 262 213 343 356 411 296 358 413 252 402 275 256 393 299 250 280 284 229 425 426
333 319 298 345 413 232 262 347 326 404 417 290 340 395 408 299 344 346 278 259 263 405 407 396 321 343 272 306 387 400 380 309 369 313 384 318 233 316 267 366 212 414 361 427 428
384 279 409 332 228 213 377 400 341 391 252 237 280 265 216 359 229 338 223 336 287 366 381 262 356 245 271 324 339 220 269 303 284 348 248 361 408 212 410 291 321 399 430 431
262 336 212 351 393 216 227 408 410 265 280 253 394 275 222 310 220 380 303 296 377 298 366 289 247 372 348 361 416 350 284 405 299 354 239 345 233 400 413 422 423
336 355 335 348 299 250 280 405 278 343 398 402 291 378 382 315 230 324 224 254 377 381 383 237 359 372 216 227 352 310 365 225 255 285 411 289 319 345 413 347 362 417 427 428
341 400 220 250 325 378 284 310 380 229 395 338 238 242 223 287 377 217 381 383 290 372 230 324 303 214 415 216 227 362 321 240 221 306 410 283 234 414 268 403 350 292 243 273 337 222 427 428
400 352 406 252 335 399 350 380 365 401 263 391 302 306 217 345 404 315 245 226 309 358 369 267 297 395 212 227 355 385 289 268 332 362 343 413 213 356 431 432
253 287 289 410 237 212 388 216 324 221 381 273 396 264 332 255 391 232 243 259 380 369 382 303 263 309 250 313 355 291 359 348 416 363 365 215 345 358 279 285 421 422
287 268 289 217 291 335 324 405 220 280 383 239 284 233 387 321 263 391 380 272 236 245 234 249 366 381 224 273 359 361 237 267 297 354 409 276 356 240 345 402 362 424 425
239 369 261 296 417 419 247 410 302 412 346 414 306 348 403 405 407 345 279 292 404 338 285 263 344 399 280 401 322 229 210 313 326 381 249 396 236 374 387 420 421
290 252 408 261 242 223 324 337 405 326 383 396 245 398 319 279 230 254 393 214 382 267 265 227 309 419 311 274 355 302 315 372 234 306 264 297 365 243 273 354 424 425
283 395 408 232 213 410 335 324 379 326 278 210 282 321 261 247 318 296 309 298 224 313 289 291 412 414 306 237 248 212 405 216 407 354 409 240 274 345 413 334 404 417 338 351 423 424
395 298 296 271 354 220 250 284 378 415 229 210 263 406 387 238 372 261 291 272 412 217 401 381 245 249 309 324 343 224 382 316 267 248 325 276 227 221 274 338 383 431 432
274 346 232 273 381 222 252 332 387 220 250 369 318 272 309 355 215 291 359 372 249 284 297 354 214 356 267 279 292 413 402 415 296 351 240 221 285 406 410 423 424
346 383 289 361 374 416 298 352 311 296 326 275 347 224 417 303 284 419 344 278 282 263 276 261 272 240 306 394 255 285 334 315 385 332 402 318 220 325 377 340 428 429
241 398 345 279 347 402 415 404 272 406 340 408 410 267 388 401 335 271 326 339 216 227 381 275 396 372 264 321 255 234 369 303 417 377 298 245 313 302 416 238 223 343 236 421 422
398 222 265 359 238 347 217 232 311 356 275 388 303 214 237 267 297 248 263 399 412 276 227 414 403 240 374 306 405 225 255 407 334 394 409 249 279 431 432
268 272 393 406 276 289 410 344 280 401 335 265 326 381 259 273 210 383 275 396 223 310 247 369 382 226 362 309 366 313 233 248 212 414 242 363 297 221 411 245 358 279 413 402 351 422 423
272 313 289 359 271 282 416 352 220 407 343 345 358 404 285 406 340 236 217 276 278 401 335 249 403 324 254 394 269 372 214 319 332 212 378 225 417 309 264 377 423 424
378 403 377 337 322 407 214 267 248 385 387 365 265 227 374 393 225 382 338 298 326 222 324 354 339 220 344 278 259 261 321 302 247 315 399 412 279 230 332 430 431
403 340 409 338 402 223 351 247 381 311 292 226 271 256 335 382 233 361 355 306 394 279 415 362 343 396 243 377 318 222 316 416 216 325 405 431 432
220 411 358 334 226 340 217 399 215 335 324 337 271 273 315 383 264 332 214 321 310 325 259 248 318 252 362 243 419 410 236 291 227 361 229 405 420 433
311 338 340 410 215 344 249 279 401 348 337 405 339 233 383 212 387 310 210 393 225 298 228 232 313 296 222 359 361 250 280 284 352 365 407 214 229 259 409 411 413 238 425 426
411 369 280 412 229 406 391 291 321 374 404 355 385 236 334 245 313 407 377 248 350 380 365 265 408 225 255 338 289 402 264 347 228 351 381 232 213 292 432 433
269 240 365 255 380 369 234 264 318 362 296 232 351 359 361 350 363 339 229 259 407 263 345 261 223 402 276 249 399 322 377 379 233 273 306 319 227 422 423
310 324 337 303 339 385 276 334 261 369 382 318 298 228 213 273 296 366 379 313 271 359 250 407 278 229 409 413 402 247 338 408 410 230 388 254 425 426
227 374 321 363 365 259 369 382 215 226 316 358 250 252 224 230 351 245 408 355 344 359 280 348 352 409 332 292 413 406 222 267 388 256 420 421
393 213 243 377 273 337 396 252 380 265 229 387 238 302 366 236 381 296 356 315 379 226 279 309 275 348 267 361 325 321 417 285 319 264 431 432
215 237 289 236 238 359 210 348 363 284 405 352 222 413 334 415 391 338 408 276 223 278 401 335 256 271 326 394 264 385 325 380 248 382 420 433
237 385 332 230 387 233 214 261 318 309 377 245 366 313 355 249 238 414 234 361 416 350 228 242 363 222 279 334 347 410 401 322 339 273 394 275 420 421
408 298 228 217 247 213 292 226 275 256 358 250 214 348 238 291 321 223 374 404 221 236 245 249 362 377 352 233 316 417 276 225 338 289 432 433
324 409 356 369 221 358 347 289 415 234 264 213 243 273 399 414 335 275 350 280 385 278 229 261 380 242 382 236 279 224 381 322 359 374 297 265 426 427
409 354 256 335 339 369 280 284 229 263 410 291 321 355 247 394 226 249 279 309 313 254 322 233 214 350 325 276 359 366 298 228 213 273 296 326 222 432 433
334 316 256 377 229 259 374 319 352 365 223 369 358 326 415 362 404 338 224 284 410 344 399 278 297 401 282 350 216 261 291 255 309 313 213 273 427 428
222 413 285 276 278 335 256 271 381 315 372 264 242 255 365 299 248 316 250 252 415 228 296 230 243 366 355 247 238 359 414 416 213 339 352 354 275 420 433
280 339 255 407 343 234 338 351 285 313 278 229 315 319 303 316 279 230 254 243 417 298 252 302 291 412 363 240 284 423 424
339 216 325 345 347 319 415 362 351 223 340 217 355 226 401 271 230 275 224 254 233 248 282 212 380 221 236 225 255 388 249 379 332 381 213 322 374 316 297 363 427 428
229 361 284 299 354 275 356 223 345 413 217 402 351 226 278 267 401 322 214 337 271 381 212 385 387 365 259 228 296 417 419 420 421
352 250 348 263 242 236 379 315 226 279 224 337 365 316 297 265 325 402 415 240 225 255 285 419 338 319 347 298 228 232 292 273 381 394 271 428 429
278 414 306 348 363 234 407 228 354 213 243 292 415 404 250 289 410 214 388 401 322 282 315 383 226 230 325 380 224 212 313 355 240 221 291 412 225 255 359 423 424
414 259 210 263 391 372 402 291 306 217 351 315 245 388 337 303 325 410 340 374 285 383 264 347 332 228 362 292 243 271 405 275 399 350 365 432 433
250 354 249 343 358 347 402 233 351 285 406 388 322 225 381 394 383 264 243 387 255 365 325 210 377 298 419 355 238 242 350 284 297 421 422
351 404 247 345 296 355 410 226 256 401 303 344 407 233 282 385 387 291 391 306 380 279 230 309 332 254 377 213 216 240 210 285 289 238 347 362 428 429
404 232 345 296 326 252 256 369 284 344 348 282 361 261 242 223 415 236 383 315 379 343 224 416 337 318 322 380 212 325 221 225 285 319 234 347 228 431 432
406 243 296 356 252 256 358 388 303 417 321 374 355 385 412 383 394 226 249 332 313 396 377 318 322 405 267 248 212 340 221 255 372 432 433
354 413 344 210 223 399 306 236 217 332 224 254 316 267 297 212 216 276 340 366 379 234 347 372 232 213 292 345 271 275 335 428 429
261 366 230 224 254 359 306 361 407 299 216 358 279 292 413 347 225 296 338 234 217 412 282 271 405 256 264 319 332 325 369 422 423
366 321 302 217 226 279 405 362 313 396 316 391 365 325 276 359 285 234 213 256 358 369 348 263 238 429 430
259 224 405 297 248 343 356 345 413 347 216 210 225 255 344 401 322 232 243 271 313 315 365 325 380 382 238 318 410 245 291 359 422 423
306 355 302 359 416 350 245 407 356 228 224 254 273 417 297 265 344 276 210 381 234 383 319 332 232 226 256 425 426
319 344 399 337 326 394 240 228 325 232 271 275 299 379 303 355 359 416 238 363 242 223 343 315 226 402 230 309 340 410 426 427
344 363 264 345 296 347 271 399 214 248 282 379 238 242 302 374 315 245 279 230 337 318 233 362 267 412 359 285 361 427 428
347 419 271 410 256 412 401 348 303 284 405 282 242 321 223 302 380 315 245 249 279 343 254 337 322 359 216 325 374 221 338 356 234 213 428 429
296 415 226 275 254 412 335 233 326 381 212 383 276 321 289 316 292 273 309 355 359 284 363 263 365 407 424 425
340 405 381 292 396 271 299 391 284 369 382 210 362 238 321 302 419 217 247 315 372 245 348 361 249 309 322 343 417 265 255 285 289 388 427 428
417 217 356 245 275 407 303 382 416 263 212 216 410 240 374 255 394 396 213 318 252 316 256 399 350 387 432 433
252 245 226 230 285 265 248 254 335 394 315 264 374 387 321 380 232 243 369 292 309 419 410 302 214 416 238 242 217 247 421 422
238 355 302 291 412 348 223 416 350 217 299 396 356 332 345 233 322 256 271 394 242 213 362 309 420 421
355 377 321 359 230 309 224 318 233 348 413 265 216 240 285 289 332 228 232 292 243 326 387 271 256 391 380 210 263 388 428 429
210 214 282 337 350 343 224 226 402 391 217 263 318 322 256 313 372 385 240 374 242 363 380 369 292 243 419 232 289 236 420 433
256 236 356 292 402 415 234 213 243 263 399 267 335 271 216 223 247 303 316 309 254 410 412 361 363 212 405 407 299 422 423
217 243 213 419 245 289 223 236 416 273 396 292 413 226 263 276 318 265 388 379 394 249 321 382 303 415 362 420 433
335 345 402 298 243 410 399 401 275 337 303 263 223 380 382 249 254 233 214 412 359 316 248 361 365 427 428
326 265 325 240 399 388 228 394 271 374 303 380 282 242 302 362 236 377 419 379 249 230 359 313 361 254 350 322 233 267 358 426 427
224 325 362 223 350 405 407 275 343 226 402 228 214 338 399 267 221 322 377 271 273 213 321 420 433
223 234 412 225 348 299 233 275 343 345 413 325 338 285 399 337 394 315 372 321 382 358 318 420 433
419 236 247 226 309 407 358 254 388 363 214 348 297 265 240 225 234 332 228 213 292 322 275 350 380 359 387 391 432 433
245 359 348 361 363 407 216 345 358 279 221 338 276 243 267 388 322 381 315 249 383 387 365 369 382 421 422
230 248 362 243 298 348 212 405 407 233 343 221 356 345 279 402 391 338 379 271 381 396 372 264 255 420 421
248 387 255 214 382 212 415 298 225 410 291 363 292 325 276 265 399 267 401 322 236 337 315 421 422
321 379 316 267 361 216 276 350 365 225 255 343 264 232 213 299 348 303 284 405 383 396 385 380 369 309 318 426 427
254 249 362 361 363 240 299 396 343 332 234 413 228 276 265 267 322 337 379 271 313 381 394 383 212 421 422
212 315 372 316 358 232 302 236 291 412 350 297 273 407 343 345 402 265 267 379 420 433
315 225 285 234 264 350 232 363 292 271 345 358 265 338 337 226 396 385 284 391 325 233 369 316 426 427
332 380 267 216 381 247 365 356 369 275 358 413 362 291 401 337 394 264 228 213 243 273 427 428
380 383 396 377 385 337 387 322 391 350 359 240 289 356 416 379 358 263 302 412 247 249 394 430 431
249 382 242 240 298 379 234 291 348 297 365 407 299 356 292 216 338 232 271 394 374 387 325 421 422
382 350 216 359 225 412 338 289 372 264 232 213 243 379 271 275 358 284 361 291 242 221 416 430 431
233 374 214 316 309 247 410 291 348 363 297 299 396 401 322 213 273 383 420 421
374 379 282 381 383 265 291 385 234 343 232 213 292 243 337 322 275 365 399 401 405 387 402 279 358 388 429 430
325 213 396 225 289 234 379 226 271 416 363 214 282 302 399 388 309 426 427
265 264 385 232 243 316 309 322 298 359 416 350 297 303 358 279 402 415 338 214 285 276 410 282 225 422 423
240 381 273 394 372 264 385 236 255 303 313 247 410 416 284 299 275 343 345 228 292 391 285 388 421 422
363 282 263 413 236 410 279 412 318 322 216 276 391 225 213 292 243 429 430
302 350 405 279 407 343 356 415 391 338 276 221 388 401 225 255 379 234 264 372 232 292 271 303 316 377 425 426
379 255 264 298 362 213 243 273 337 405 394 396 385 387 289 242 236 388 356 299 318 214 282 263 430 431
232 276 410 388 401 264 385 255 221 303 263 309 313 412 242 284 405 420 421
385 316 350 276 359 285 264 298 381 292 243 412 401 282 263 291 242 396 387 391 309 337 430 431
377 391 264 309 228 388 297 383 365 216 416 276 338 372 413 226 410 369 299 214 282 387 430 431
316 309 387 313 214 369 285 350 243 407 356 413 402 299 338 282 410 242 236 247 394 383 396 426 427
216 381 275 264 309 247 289 214 236 416 284 365 407 279 292 228 338 221 388 322 420 433
383 388 221 255 338 234 356 299 412 291 242 416 247 394 279 387 313 391 430 431
221 394 264 299 369 303 214 415 228 362 291 225 359 348 337 350 405 407 396 391 338 420 433
345 271 284 399 282 401 350 394 387 402 313 337 297 388 416 356 369 428 429
399 338 264 228 303 348 236 226 362 396 318 350 401 365 276 359 225 255 431 432
228 285 267 313 214 273 242 303 362 309 289 236 348 284 297 299 275 343 413 402 391 420 421
285 401 322 213 337 313 394 271 372 362 298 226 412 348 416 297 407 356 292 402 225 234 424 425
350 396 282 263 391 291 318 372 416 365 402 415 275 299 428 429
396 387 299 348 413 242 412 401 309 405 313 243 273 431 432
255 381 394 372 369 303 298 359 297 343 413 247 402 391 422 423
213 267 388 273 358 243 298 291 282 297 407 299 226 420 433
289 337 247 381 387 267 303 263 362 225 313 412 372 279 361 356 358 413 338 410 424 425
391 318 401 267 416 365 359 236 247 292 226 358 388 299 284 276 431 432
214 365 358 309 234 225 359 416 273 407 343 226 402 263 267 313 420 433
234 263 401 264 242 369 318 362 309 410 291 361 416 284 405 275 356 415 420 421
275 343 413 402 415 338 410 388 247 263 298 313 264 359 361 365 271 423 424
343 242 372 247 337 318 402 415 362 410 388 225 338 405 407 298 427 428
348 242 394 387 225 369 298 313 273 284 428 429
358 271 303 410 242 405 387 276 225 298 372 361 247 356 428 429
338 292 271 394 284 282 242 226 279 381 267 365 225 427 428
273 225 276 372 226 387 299 303 415 309 236 284 297 407 279 413 423 424
337 369 264 298 247 361 416 263 413 236 410 412 388 381 297 387 427 428
299 407 263 401 405 387 267 225 318 362 309 412 359 271 424 425
407 413 402 410 279 309 369 267 297 394 292 356 405 432 433
271 365 263 303 242 416 297 356 423 424
402 356 284 313 267 415 431 432
264 276 322 225 372 303 291 282 284 405 297 292 422 423
356 284 412 388 405 236 279 313 322 365 226 428 429
282 359 372 361 416 236 303 413 415 291 412 388 242 279 309 267 313 423 424
359 405 313 322 225 416 243 362 412 428 429
401 387 292 226 388 361 291 415 362 412 322 365 276 431 432
415 369 236 413 279 309 313 405 365 225 387 381 432 433
372 410 361 276 225 394 279 313 365 226 369 284 429 430
410 226 369 413 412 225 318 297 432 433
361 263 416 291 226 362 309 318 412 292 284 429 430
303 365 369 267 297 412 405 298 243 263 247 425 426
369 313 413 267 276 405 394 387 284 263 381 236 429 430
243 226 263 225 318 362 298 412 405 421 422
236 298 247 416 226 405 276 225 387 318 420 421
247 279 225 318 267 388 381 226 365 421 422
413 263 279 362 318 267 297 416 298 432 433
362 279 322 267 291 429 430
313 388 292 425 426
381 225 298 284 263 279 309 267 430 431
309 279 276 388 322 263 425 426
365 276 242 225 388 416 429 430
322 298 284 279 297 426 427
263 292 242 387 318 225 422 423
394 276 225 387 388 318 431 432
267 387 291 416 292 226 388 422 423
279 298 291 242 416 388 423 424
318 297 276 412 405 226 291 242 426 427
276 298 284 226 423 424
292 284 388 291 242 387 424 425
298 388 387 416 242 424 425
405 242 297 432 433
226 291 412 387 420 421
387 225 416 430 431
291 242 416 297 424 425
412 297 284 432 433
388 284 242 297 430 431
284 225 416 423 424
416 432 433
242 297 421 422
297 424 425
225 420 421
420
421
422
423
424
425
426
427
428
429
430
431
432
433
