#/usr/local/lib/python3.10/dist-packages/colab_kernel_launcher.py -f /root/.local/share/jupyter/runtime/kernel-dea7114a-48f2-47cd-9840-9590734c419b.json
# GMT Thu May 23 21:05:09 2024
# 
13 88 65 78 55 32 45 22 35 11 77 90 67 80 57 34 47 9 10 24 37 12 14 79 69 46 59 49 26 16 91 81 58 71 48 25 61 38 4 5 7 70 83 60 73 50 63 40 6 8 85 62 39 75 52 29 42 74 51 87 2 64 41 31 0 86 3 76 53 89 43 20 56 33 23 186 190 191 194 195 199
88 65 46 79 23 4 26 7 37 10 40 70 54 76 27 57 87 89 60 41 71 74 77 58 91 18 5 35 16 90 68 19 49 0 22 52 3 82 33 63 55 6 85 66 17 39 20 50 92 72 53 83 34 86 30 11 44 47 28 9 1 80 61 42 64 15 45 75 48 29 59 51 81 62 189 190 194 195 198 199
17 58 71 25 2 38 28 70 0 83 3 73 50 27 40 30 72 85 62 39 75 52 29 42 19 84 11 51 87 14 64 41 18 54 31 21 1 12 86 15 63 76 53 43 20 33 65 55 32 68 22 77 90 7 44 80 57 10 34 47 24 37 89 8 79 92 69 82 59 36 49 26 91 81 186 190 191 195 196 199
58 48 85 62 50 51 75 32 65 34 74 87 64 77 11 14 44 25 26 56 9 10 89 12 66 42 43 79 57 29 91 67 23 4 5 70 35 37 22 24 92 54 55 69 6 36 82 59 38 72 39 53 81 84 61 18 30 2 83 16 47 73 19 49 63 0 1 31 3 33 15 45 187 188 192 193 197 198
36 71 48 84 61 38 30 83 60 73 25 50 63 40 28 9 1 31 12 15 72 62 29 65 32 42 74 41 77 54 23 4 86 7 76 53 89 10 66 43 21 56 24 8 78 55 68 45 18 90 67 57 2 70 47 5 35 37 16 19 0 79 92 3 69 82 59 6 49 39 20 91 81 186 187 191 192 196 197
71 66 39 69 20 50 53 34 74 87 67 77 30 86 11 14 89 44 25 47 28 9 1 61 12 42 64 15 45 78 48 29 51 32 62 65 90 80 23 56 7 92 37 82 10 70 43 24 27 57 91 8 60 41 18 83 2 5 16 68 49 72 22 85 52 3 33 75 63 55 6 188 189 193 194 197 198
55 84 61 32 46 83 73 86 63 4 26 37 85 10 40 75 21 43 65 24 54 27 41 74 87 67 18 76 89 2 66 79 56 35 16 19 49 0 22 52 33 78 91 6 39 20 50 51 53 34 90 80 70 11 92 44 69 25 82 59 47 28 9 1 31 42 45 81 48 187 188 192 193 197 198
84 6 66 8 38 92 69 53 83 67 18 2 35 16 47 19 49 0 1 80 31 33 63 48 78 20 50 51 81 85 34 65 46 79 30 87 14 44 25 26 28 9 10 12 42 43 73 15 45 75 89 76 27 57 59 41 74 77 91 23 4 5 7 37 40 70 21 22 52 82 24 189 190 193 194 198 199
29 32 68 45 35 90 67 18 80 57 70 47 2 37 5 16 79 0 92 69 82 3 59 6 49 20 91 81 48 61 51 11 83 60 73 14 63 40 28 30 9 1 72 15 85 62 39 75 52 42 74 87 64 54 44 23 86 4 26 7 89 43 56 33 21 24 27 8 65 186 187 191 192 195 196
32 78 91 68 45 35 67 80 57 34 70 47 23 4 5 79 92 69 21 22 82 59 72 49 39 8 20 81 61 38 51 30 83 2 73 50 14 63 40 19 0 1 31 3 85 62 75 52 65 74 87 64 41 77 54 44 11 86 76 53 66 28 9 10 56 12 46 27 186 187 191 192 195 196
47 80 44 57 25 70 28 9 1 31 12 42 15 79 45 92 69 82 59 72 49 46 48 61 51 23 4 26 7 83 37 60 10 40 63 43 24 27 8 41 62 52 65 74 18 87 2 54 5 35 19 22 3 89 66 56 34 78 91 68 30 11 90 67 14 187 188 192 193 196 197
80 90 1 61 12 42 15 45 48 78 59 51 92 82 65 46 79 23 4 26 7 40 70 21 83 73 24 54 76 86 27 8 38 60 41 74 77 85 18 2 5 35 87 16 68 49 0 22 52 3 33 63 6 66 69 89 20 50 72 67 91 30 11 14 44 25 189 190 193 194 198 199
8 9 87 64 41 54 31 44 11 86 76 53 89 43 20 56 33 10 23 65 5 68 45 22 35 12 0 3 77 6 90 67 57 34 24 14 79 69 46 82 59 49 26 16 91 1 25 38 15 18 70 83 73 50 27 63 30 72 62 39 75 52 42 4 19 7 186 190 191 194 195 199
9 67 44 57 34 11 24 89 79 92 69 46 23 2 5 16 91 81 0 48 3 61 38 15 6 28 70 83 60 73 50 40 82 85 62 39 52 1 51 64 18 54 31 21 86 63 76 53 30 66 43 20 33 10 75 4 65 42 78 7 22 35 12 87 186 190 191 194 195 199
40 41 77 2 44 5 35 16 86 19 0 76 53 22 66 3 43 33 56 6 39 20 78 34 68 45 30 90 67 57 14 70 25 28 1 79 92 82 49 91 81 48 61 83 26 60 7 73 37 50 63 10 21 24 27 38 85 62 75 52 42 74 87 18 187 188 191 192 196 197
41 42 21 24 27 74 38 87 64 77 54 86 76 53 89 18 66 56 5 19 0 78 22 20 90 67 34 70 79 30 92 11 69 46 82 59 49 25 28 1 31 91 12 81 15 48 61 83 60 73 50 63 23 72 85 26 62 7 75 37 52 10 65 187 188 191 192 196 197
0 5 70 60 37 73 50 27 7 82 72 49 62 39 52 6 42 19 74 51 87 64 31 21 76 53 30 43 20 33 23 75 68 45 35 12 2 77 90 67 44 57 34 24 1 14 89 56 92 69 46 59 26 3 16 91 81 48 25 61 28 186 189 190 194 195 198 199
5 60 73 3 50 63 30 7 72 85 62 75 52 42 19 74 87 64 54 31 44 21 11 86 89 43 20 33 23 65 45 22 35 12 25 4 90 67 57 34 70 24 37 14 79 92 69 46 82 59 49 26 39 81 48 61 38 2 28 18 186 189 190 194 195 199
11 14 89 79 56 92 69 46 59 26 16 91 48 25 61 38 15 70 83 60 2 37 73 27 30 82 3 72 85 6 62 39 52 74 51 87 64 18 54 31 21 86 63 76 53 66 43 20 1 33 23 78 68 45 22 35 12 90 67 44 34 186 190 191 194 195 199
14 24 79 92 69 46 82 12 59 26 16 91 81 48 38 15 51 28 83 73 50 4 27 63 7 30 10 72 85 62 39 52 19 74 87 64 77 54 31 44 21 2 86 76 89 66 43 20 33 3 6 65 45 22 35 25 90 67 57 34 70 186 190 191 195 196 199
50 91 81 16 61 19 49 51 22 3 33 6 83 60 39 20 63 72 85 62 75 52 30 44 28 87 1 64 31 77 12 54 42 15 76 53 66 46 78 68 23 4 26 7 10 21 90 67 24 57 27 70 38 79 92 69 82 18 187 188 192 193 196 197
91 51 81 62 34 65 30 44 25 26 28 31 61 12 42 43 73 15 45 75 27 57 59 60 90 74 46 77 23 4 56 37 10 22 82 24 6 85 38 39 69 72 53 83 67 2 35 16 49 1 3 33 66 78 20 189 190 194 195 198 199
68 59 51 62 83 65 73 46 85 23 75 25 26 56 7 37 10 21 24 54 87 27 57 77 38 60 86 76 89 2 4 35 16 78 19 49 22 52 3 33 63 6 66 20 70 53 34 67 69 82 72 44 28 81 1 31 12 42 64 15 45 48 188 189 193 194 197 198
21 64 7 31 10 86 63 76 53 66 43 23 65 78 18 22 35 2 16 77 90 19 67 44 57 34 3 24 6 89 79 56 69 46 59 49 26 81 25 61 28 1 70 12 83 60 37 73 27 30 82 72 85 62 42 74 4 51 87 186 187 190 191 195 196
64 24 54 90 27 67 57 38 60 69 82 18 72 2 19 49 22 52 3 63 6 39 20 83 53 34 85 30 75 65 44 25 28 1 31 61 74 42 87 15 45 77 48 59 51 62 76 46 89 79 23 4 78 26 56 7 37 10 188 189 192 193 197 198
77 70 85 12 42 73 27 57 59 60 74 87 23 89 4 35 79 7 37 52 24 54 6 78 66 39 81 69 20 72 53 90 18 2 19 49 31 61 3 63 15 45 75 48 51 62 34 65 46 83 44 25 26 56 28 10 188 189 193 194 198 199
42 67 44 57 18 89 79 2 92 59 16 49 19 22 3 33 6 81 48 61 20 70 83 60 73 30 82 25 85 62 75 52 12 15 51 87 54 86 63 76 53 66 43 56 26 37 10 78 24 45 27 38 187 188 191 192 196 197
73 74 87 19 22 3 86 6 76 66 39 69 72 53 34 67 78 30 44 90 1 31 61 12 15 45 48 59 92 51 82 65 46 81 23 4 26 56 7 37 10 70 83 43 24 54 27 57 38 85 75 18 2 188 189 193 194 197 198
74 75 24 27 38 60 72 87 86 2 76 89 35 79 49 22 3 33 63 6 78 66 69 20 53 34 67 90 30 44 25 92 28 82 61 12 15 45 48 81 59 62 46 83 23 4 26 56 7 37 70 85 43 188 189 193 194 198 199
6 61 38 15 51 28 83 60 27 63 2 30 7 20 72 85 62 75 3 52 65 19 87 54 31 44 86 76 89 66 43 56 10 23 45 35 12 25 34 70 24 37 79 4 92 69 82 49 39 16 81 186 189 190 194 195 199
33 38 70 23 83 60 4 26 7 63 10 24 72 27 85 62 39 52 51 54 44 2 86 16 76 19 53 66 43 22 56 3 20 65 45 35 90 57 34 37 25 28 1 31 12 92 69 46 15 59 49 81 48 61 186 187 191 192 195 196
38 51 87 20 54 34 86 76 53 66 43 30 56 28 65 1 78 31 12 45 15 90 44 89 79 92 69 46 82 23 4 26 49 7 37 10 24 27 61 70 60 63 18 2 72 35 16 39 75 52 19 3 186 187 191 192 196 197
25 34 89 79 56 92 59 26 81 48 61 28 10 12 70 24 60 37 82 72 85 62 52 23 7 51 87 19 54 31 22 3 86 20 76 53 30 66 43 75 65 18 78 45 35 16 1 90 67 57 186 187 190 191 195 196
34 28 1 81 12 48 15 61 51 60 72 85 4 62 39 75 26 52 7 10 24 27 87 54 44 86 76 89 66 18 56 2 16 65 22 45 3 35 90 57 79 92 69 30 46 59 49 186 187 191 192 196 197
44 10 12 27 46 82 59 49 81 48 61 18 51 4 35 7 83 60 19 63 22 3 72 85 75 52 30 54 16 28 86 31 53 89 66 15 56 65 78 45 90 23 57 26 70 187 188 191 192 196 197
39 81 48 61 51 18 2 83 35 16 19 53 1 31 3 15 85 75 20 52 65 87 54 67 30 76 28 89 66 10 43 79 12 56 46 27 78 45 90 60 4 7 37 92 22 69 82 59 72 49 186 187 191 192 196 197
81 69 20 51 53 67 90 30 28 92 1 82 15 45 78 59 62 65 46 79 83 23 4 56 37 10 43 85 24 54 76 27 57 60 72 18 2 35 89 16 19 49 22 52 63 66 189 190 193 194 198 199
10 54 31 86 76 53 89 66 43 7 20 56 23 65 78 45 22 35 90 67 57 70 37 2 46 82 49 26 48 61 15 51 18 60 27 63 30 1 72 85 62 75 52 19 186 190 191 194 195 199
54 87 43 24 27 86 76 89 66 18 65 2 78 35 16 19 49 22 3 90 67 57 70 20 53 79 92 69 59 30 61 1 31 15 48 83 63 46 85 62 75 23 26 7 37 187 188 192 193 197 198
3 15 18 70 83 60 27 63 30 7 72 1 85 62 52 19 87 31 86 76 53 66 43 23 78 45 22 35 12 37 2 4 79 92 69 46 82 49 16 48 61 186 189 190 194 195 199
15 90 57 70 24 37 79 92 69 46 82 59 26 16 1 48 12 61 51 28 18 30 72 75 4 19 7 87 31 86 53 89 66 43 20 56 23 2 65 78 45 22 35 186 190 191 195 196 199
22 28 83 63 30 85 62 4 75 65 7 87 86 76 66 56 18 46 2 16 78 45 90 20 67 57 70 24 37 79 92 69 82 72 26 1 12 48 61 51 186 187 190 191 195 196
28 57 37 20 79 92 46 59 48 61 1 12 70 60 30 85 62 75 52 23 4 51 7 87 31 24 27 86 76 53 89 66 43 56 65 18 78 45 2 35 16 19 90 186 187 191 192 195 196
24 31 1 12 86 66 43 56 23 4 7 90 67 57 37 79 92 69 82 49 26 18 2 48 61 51 16 19 83 60 27 63 20 30 72 85 62 75 52 186 187 190 191 195 196
75 90 18 2 4 35 16 79 19 92 49 82 52 63 66 69 20 72 67 30 83 31 61 12 85 45 48 59 51 62 46 86 23 76 26 89 70 43 57 60 188 189 193 194 198 199
66 23 4 26 56 7 37 43 27 57 60 72 85 2 87 16 19 49 52 86 63 76 89 20 53 78 31 61 12 45 79 92 69 59 82 62 65 188 189 192 193 197 198
65 78 23 4 70 37 52 92 82 72 53 18 35 16 19 49 1 86 48 51 85 62 46 87 30 67 26 61 12 76 43 89 45 79 27 57 59 60 188 189 192 193 197 198
78 46 90 23 4 56 7 37 79 92 82 70 43 76 27 57 60 18 83 35 16 19 49 52 85 63 69 20 72 53 67 87 30 86 1 31 61 12 45 59 51 188 189 193 194 198 199
51 20 90 57 70 60 18 30 92 69 82 59 16 31 45 48 46 83 86 63 53 26 85 62 52 12 43 27 67 76 89 79 4 35 7 19 187 188 192 193 196 197
43 87 4 7 37 86 76 89 79 56 46 27 45 18 90 67 2 57 70 35 16 19 92 59 49 20 61 30 83 60 63 31 53 12 85 62 52 187 188 191 192 196 197
87 27 57 60 89 18 2 4 16 19 49 52 69 20 90 83 86 67 92 30 1 31 45 48 59 62 46 79 23 26 56 7 37 70 189 190 194 195 198 199
16 70 83 60 37 27 82 72 85 62 52 19 1 12 18 31 86 63 76 53 23 7 35 90 67 57 56 92 69 46 59 2 49 61 186 190 191 195 196 199
70 1 31 61 86 45 76 89 48 59 46 26 56 90 12 27 79 60 35 7 37 19 83 52 53 72 85 67 30 2 188 189 193 194 197 198
35 83 60 72 85 62 23 4 26 7 86 76 53 56 18 2 45 19 90 67 57 37 20 79 92 69 46 59 30 61 1 31 12 186 187 191 192 196 197
83 19 49 52 82 72 53 67 85 1 61 12 48 59 62 46 86 79 89 23 4 26 56 37 76 27 57 90 60 92 18 189 190 193 194 198 199
48 90 67 57 30 92 69 82 59 72 49 1 31 12 45 61 46 60 63 23 4 26 7 85 37 62 27 18 76 89 79 2 56 19 187 188 192 193 196 197
61 90 67 79 92 69 82 30 1 31 12 45 63 72 62 23 4 56 7 37 27 57 86 76 89 18 19 188 189 192 193 197 198
1 90 4 79 92 69 82 59 49 26 18 60 27 63 30 7 20 72 85 62 52 19 31 86 89 56 46 23 12 2 186 189 190 194 195 199
90 31 12 45 59 46 79 23 4 26 56 7 37 89 76 27 57 60 2 19 49 52 85 72 53 86 67 189 190 194 195 198 199
57 31 12 45 86 76 89 46 23 4 26 56 7 37 27 69 82 18 2 19 52 60 53 63 85 62 30 187 188 192 193 197 198
7 86 63 53 56 23 67 89 79 92 69 46 59 49 26 60 27 4 30 72 85 62 52 19 18 186 190 191 194 195 199
59 30 67 31 79 69 82 46 23 4 26 56 60 63 72 62 18 2 19 49 86 52 76 89 20 53 187 188 192 193 197 198
18 30 72 85 62 31 76 53 89 20 56 23 45 67 37 79 92 12 46 49 2 60 4 27 63 186 190 191 195 196 199
30 79 92 2 69 46 49 20 63 72 52 12 31 86 53 56 23 26 45 67 37 186 187 191 192 195 196
60 19 52 67 20 53 76 89 31 12 45 46 92 69 82 72 23 26 37 27 86 85 62 2 188 189 192 193 197 198
67 31 12 45 62 46 23 4 26 56 72 85 27 86 76 2 52 63 20 53 79 92 69 82 188 189 193 194 197 198
85 2 86 19 49 52 82 63 69 20 53 89 31 12 45 46 26 92 27 189 190 193 194 198 199
69 31 12 86 62 4 26 56 37 76 89 27 2 19 49 52 63 92 20 82 53 188 189 193 194 197 198
45 79 23 4 82 26 49 37 27 63 2 62 19 52 20 76 53 89 56 31 187 188 191 192 196 197
31 37 92 46 49 2 19 20 72 52 12 86 76 53 89 56 23 4 26 186 187 191 192 195 196
2 27 72 62 52 19 63 76 20 56 23 12 37 89 92 82 49 186 189 190 194 195 199
27 19 86 76 20 56 46 12 37 79 92 82 72 26 63 53 52 186 187 191 192 195 196
20 4 63 72 62 52 86 76 89 56 23 12 37 79 92 46 82 49 26 186 187 190 191 195 196 199
12 89 79 46 82 49 62 52 19 63 76 53 56 23 186 190 191 194 195 199
23 86 76 53 89 37 79 92 46 82 4 49 26 63 62 186 187 190 191 195 196
86 4 26 37 72 49 52 82 63 53 89 76 62 46 79 189 190 193 194 198 199
89 26 56 76 4 19 49 52 92 72 53 63 62 79 189 190 194 195 198 199
62 19 49 52 79 92 82 63 72 46 4 26 56 188 189 192 193 197 198
4 63 76 53 79 56 92 46 26 37 82 72 49 52 19 186 189 190 194 195 199
46 26 79 82 49 37 63 72 52 76 53 56 187 188 191 192 196 197
79 76 92 82 56 37 72 19 49 63 188 189 193 194 198 199
63 37 49 52 72 53 76 26 92 82 188 189 192 193 197 198
76 26 56 37 19 49 92 72 53 188 189 193 194 198 199
92 26 56 37 19 49 52 72 53 189 190 194 195 198 199
37 53 56 26 49 19 82 72 52 186 187 191 192 196 197
26 53 56 82 49 72 19 186 187 190 191 195 196
19 72 52 53 56 82 49 186 190 191 195 196 199
53 49 52 56 82 72 187 188 192 193 196 197
49 56 82 187 188 192 193 196 197
56 82 52 72 187 188 192 193 197 198
72 52 82 188 189 193 194 197 198
52 82 187 188 192 193 196 197
82 189 190 193 194 198 199
106 181 158 171 148 125 161 138 115 128 104 160 173 150 127 103 117 130 105 107 172 185 139 175 152 129 142 109 184 174 151 164 141 118 131 108 111 98 100 163 153 166 143 120 133 110 99 101 165 178 155 168 145 122 135 112 177 144 180 95 157 134 147 124 137 93 94 179 96 169 159 136 113 126 116 186 190 191 194 195 199
181 158 116 97 119 149 100 130 163 114 136 147 169 120 180 182 131 153 134 164 167 170 151 184 111 98 128 109 161 112 142 93 115 145 96 126 156 148 99 178 129 159 132 162 113 143 185 165 146 176 127 179 177 123 104 107 137 121 94 124 154 105 135 157 108 138 168 141 171 122 144 174 125 155 189 190 194 195 198 199
129 164 141 177 131 144 123 176 153 166 118 143 156 133 102 94 105 108 165 178 168 122 145 125 135 180 134 170 137 116 97 119 179 100 169 146 182 103 159 136 114 149 117 120 101 161 138 151 111 183 160 173 150 95 163 140 98 128 130 109 93 115 185 96 162 126 139 152 99 110 132 127 174 186 187 191 192 196 197
164 159 110 132 113 146 127 167 180 160 170 123 104 169 182 137 118 121 102 124 108 171 141 122 152 144 125 155 158 139 183 173 97 119 172 149 100 185 130 175 103 133 163 114 136 117 147 120 101 131 174 151 111 176 166 95 98 128 109 161 112 142 165 115 178 145 96 126 168 156 148 99 188 189 193 194 197 198
148 177 154 139 176 166 179 156 116 97 119 130 178 103 155 133 136 158 117 147 120 101 131 167 180 157 160 169 182 95 159 172 149 98 128 109 142 93 145 96 126 171 184 99 161 110 132 143 144 146 127 150 163 153 123 104 185 137 118 175 140 165 121 102 94 124 105 108 138 174 141 122 187 188 192 193 197 198
177 99 159 101 131 132 185 162 146 176 160 111 95 128 140 112 93 94 124 154 96 126 156 157 110 141 171 113 143 174 125 178 158 123 104 180 118 149 121 102 103 105 135 179 136 166 108 138 182 169 120 122 152 153 134 167 151 184 116 98 183 100 130 161 133 163 114 145 175 117 147 189 190 193 194 198 199
122 125 161 138 128 170 183 160 111 173 150 127 163 140 95 98 109 112 172 185 162 115 139 175 96 152 99 113 174 151 141 154 176 166 107 143 156 121 123 105 165 132 168 145 167 180 157 134 147 124 137 116 179 97 119 169 100 146 182 159 136 103 149 126 114 117 120 101 158 186 187 191 192 195 196
125 184 161 138 151 128 183 160 173 127 163 140 116 130 97 100 172 185 162 115 175 152 117 165 142 132 101 174 154 131 144 111 123 95 153 166 143 107 156 133 112 94 96 108 155 168 145 135 180 157 134 170 147 137 104 118 169 119 146 182 159 121 102 103 149 126 105 139 120 186 187 191 192 195 196
140 173 137 150 118 163 121 102 94 124 105 135 108 172 138 162 175 152 142 139 174 154 144 116 97 119 176 100 130 153 166 103 133 114 136 117 131 178 134 155 168 158 167 111 180 157 170 95 147 98 128 109 112 179 93 115 169 146 182 126 159 99 149 110 113 127 171 184 183 160 187 188 192 193 196 197
173 121 183 102 124 154 135 157 108 138 152 175 158 139 172 116 97 119 149 100 130 103 133 163 114 136 176 166 117 147 169 179 120 150 101 131 153 167 170 178 151 111 95 98 128 180 109 161 112 142 115 145 96 126 156 159 110 132 162 182 113 143 165 146 160 123 104 107 118 189 190 193 194 198 199
101 102 167 180 157 147 124 104 179 146 136 113 149 126 103 116 95 158 171 161 138 115 128 93 96 99 160 150 127 117 107 172 185 162 175 152 142 119 109 184 174 151 141 94 118 131 108 111 163 176 153 166 143 120 156 133 110 123 165 155 132 168 145 135 97 112 100 186 190 191 194 195 199
102 183 160 137 150 127 104 117 107 182 172 149 162 139 116 152 95 119 98 184 161 174 151 93 96 118 131 108 99 121 163 153 130 166 143 120 133 110 175 165 142 178 155 132 94 167 144 157 134 111 124 114 179 156 123 159 136 113 103 158 135 171 100 138 115 105 180 186 190 191 194 195 199
93 98 163 153 166 143 120 97 100 175 165 142 178 155 145 99 135 112 167 144 180 157 134 111 147 124 114 179 156 169 146 123 159 113 103 116 168 158 171 115 105 95 183 160 137 150 127 117 94 107 182 172 149 185 139 152 119 96 109 184 174 151 141 118 154 108 121 186 189 190 194 195 198 199
98 176 153 166 96 120 156 133 123 100 165 145 135 112 167 157 170 147 137 114 94 104 179 169 146 182 159 136 113 149 126 103 116 158 171 161 138 115 151 105 118 97 183 160 150 127 163 117 130 172 185 162 139 175 142 119 132 99 174 141 154 108 121 111 186 189 190 194 195 199
133 134 170 95 137 128 109 112 169 146 182 115 159 126 149 99 132 113 158 171 161 151 123 183 104 150 107 118 121 94 124 172 185 108 162 139 175 152 142 174 141 154 144 97 119 153 100 166 130 143 156 103 114 117 120 165 131 178 155 168 145 135 180 157 187 188 191 192 196 197
134 114 117 120 167 132 180 157 170 147 137 179 146 182 111 159 136 149 95 128 109 112 171 115 161 96 138 126 151 110 183 160 127 150 163 172 123 185 104 162 175 152 107 142 94 184 105 108 141 154 144 176 153 143 156 116 165 97 178 119 100 168 145 103 158 187 188 191 192 196 197
176 128 109 161 112 142 145 96 156 99 159 110 132 113 165 146 127 160 123 178 107 137 118 121 94 154 105 135 157 108 138 180 168 141 171 152 174 158 179 172 116 97 119 149 100 130 184 103 163 136 166 117 147 120 150 131 183 153 167 170 151 185 111 95 189 190 193 194 198 199
104 107 182 100 172 149 185 162 139 152 142 119 109 184 174 151 141 118 154 131 108 121 163 153 130 166 143 97 120 110 123 175 96 178 99 155 132 168 145 167 144 111 147 124 179 156 169 146 159 136 113 94 126 116 161 115 128 170 183 160 137 150 127 186 190 191 194 195 199
107 117 172 185 94 139 175 105 152 142 109 184 174 151 141 154 131 108 144 121 111 153 166 143 120 156 110 100 123 103 178 155 145 135 112 167 180 170 137 114 95 179 169 146 182 159 136 113 149 126 96 99 158 171 161 138 115 128 118 183 160 127 163 186 190 191 195 196 199
99 141 154 108 166 143 156 95 110 100 113 178 94 155 168 96 145 135 112 167 180 157 170 147 124 114 179 169 146 182 159 136 149 103 139 116 184 161 138 115 151 128 105 118 183 160 150 127 163 172 97 185 175 152 142 119 132 109 174 186 189 190 194 195 199
141 151 110 132 113 183 127 160 150 163 123 185 162 175 137 152 118 142 121 124 105 135 108 174 144 139 153 166 143 156 146 116 119 178 130 155 168 103 145 136 117 120 131 167 157 170 147 179 182 159 172 149 128 112 115 171 184 126 161 187 188 192 193 196 197
183 94 124 105 135 157 108 138 168 152 144 174 155 158 139 172 116 119 149 100 130 103 182 184 163 114 147 169 120 150 180 153 167 170 151 111 185 95 128 109 112 142 115 96 175 126 156 178 159 110 143 165 127 179 160 137 118 121 189 190 194 195 198 199
143 184 95 174 151 128 109 154 142 144 115 96 126 110 153 132 166 113 178 168 137 118 121 167 180 94 157 124 170 105 147 135 108 138 179 169 146 182 159 139 149 158 171 161 116 97 130 114 136 160 163 131 185 162 175 152 111 187 188 192 193 196 197
184 144 155 127 158 123 118 121 182 124 154 105 166 108 138 168 169 120 150 180 152 153 167 139 170 151 116 97 149 100 130 161 103 163 114 115 145 175 147 178 131 132 185 165 146 160 111 95 128 109 112 142 96 126 156 159 110 113 189 190 194 195 198 199
161 152 144 155 158 166 139 168 118 119 149 100 103 114 136 117 147 180 150 170 131 153 179 151 111 97 128 109 112 142 145 96 126 156 159 110 132 113 163 146 127 185 162 123 137 121 174 94 154 105 135 157 108 138 188 189 193 194 197 198
114 157 147 124 103 179 156 169 146 159 171 111 138 115 128 109 170 112 160 137 150 127 117 110 182 113 172 149 185 162 139 152 142 119 174 151 118 154 131 121 94 105 153 108 166 120 175 165 178 155 132 168 135 167 97 144 180 186 187 190 191 195 196
157 136 147 150 131 153 163 151 185 175 111 95 174 112 142 115 145 96 126 156 110 113 146 127 179 178 123 168 158 118 121 94 124 154 167 135 180 138 170 152 144 155 169 139 182 159 116 97 171 119 149 100 130 103 188 189 192 193 197 198
170 163 178 105 135 136 166 169 120 150 152 153 167 180 151 97 128 172 130 117 147 171 131 132 174 162 113 146 160 123 109 185 112 142 94 124 154 96 126 156 108 138 110 144 155 127 158 179 137 118 119 149 121 103 188 189 193 194 198 199
166 167 128 109 112 142 115 145 96 126 156 179 169 159 110 132 162 165 146 127 171 123 121 94 105 138 172 152 185 144 155 175 139 174 97 119 149 100 130 103 163 136 120 150 131 153 178 168 151 111 95 188 189 193 194 197 198
167 168 117 120 150 131 153 165 180 151 111 179 169 128 172 109 112 142 96 126 156 171 110 162 144 146 127 160 137 118 185 121 175 94 124 154 105 135 108 138 174 152 155 158 139 116 119 100 130 103 136 188 189 193 194 198 199
118 127 110 182 172 149 185 162 139 152 119 174 151 154 121 105 163 153 175 165 142 178 155 132 135 116 97 100 180 112 147 124 115 96 179 156 113 169 159 126 158 111 171 95 138 109 94 137 150 186 187 190 191 195 196
127 121 94 124 108 154 131 144 156 165 116 178 97 155 132 119 100 135 103 120 180 137 169 146 182 111 149 95 109 158 171 112 115 138 96 128 110 113 160 150 163 130 185 162 139 175 152 142 186 187 191 192 196 197
137 103 135 136 117 172 185 120 162 175 142 151 154 111 97 128 100 130 153 112 156 115 126 131 132 113 165 178 155 168 145 180 95 147 109 121 179 124 169 146 182 159 108 149 110 138 116 150 119 163 187 188 191 192 196 197
132 174 144 111 95 109 112 146 94 124 96 126 108 178 110 155 168 113 145 158 135 180 160 119 121 182 159 103 136 172 105 139 120 138 151 150 163 153 97 100 130 185 115 162 175 117 152 165 131 186 187 191 192 196 197
174 162 113 144 160 123 121 185 94 175 124 154 105 135 108 138 171 152 158 139 172 179 97 119 100 130 163 136 178 117 147 169 120 150 131 153 165 128 182 109 112 142 115 96 126 159 189 190 193 194 198 199
95 120 110 123 165 155 168 145 135 112 144 180 147 124 179 156 169 159 136 113 149 126 103 116 158 115 128 105 160 117 130 97 182 172 185 162 139 175 152 142 119 96 154 131 108 121 111 163 94 186 189 190 194 195 199
96 108 163 153 110 123 100 165 94 155 168 145 135 112 180 147 169 146 182 159 136 113 149 126 103 116 158 171 138 115 128 160 150 130 97 172 162 139 175 142 109 151 154 131 186 189 190 194 195 199
108 160 150 117 130 172 162 139 152 119 109 105 154 131 144 111 153 110 123 165 178 155 168 145 97 112 100 180 147 179 169 146 182 159 136 113 126 158 171 138 115 151 186 190 191 195 196 199
115 121 153 146 123 178 155 168 145 158 100 135 103 180 147 124 179 182 159 136 126 116 109 112 138 151 110 113 150 163 117 130 120 172 185 175 152 165 142 119 105 131 144 186 187 190 191 195 196
121 150 110 130 113 162 139 175 152 142 151 154 94 163 153 156 123 155 168 145 135 116 119 144 100 180 103 147 117 120 179 169 182 159 136 149 126 158 111 171 138 128 112 186 187 191 192 195 196
117 180 147 124 94 105 179 146 182 159 136 149 158 171 138 128 116 100 160 103 150 163 130 185 139 175 152 142 119 151 154 131 144 109 112 153 120 156 110 113 123 165 178 168 145 135 186 187 190 191 195 196
168 151 111 97 128 109 172 112 185 175 126 156 159 110 162 165 146 160 123 94 124 105 135 178 138 144 155 158 139 180 179 169 119 149 100 130 103 136 147 120 150 131 171 153 188 189 193 194 198 199
159 97 119 149 130 103 147 120 131 153 165 178 180 128 109 142 145 179 126 169 182 110 113 171 163 94 154 105 135 172 185 162 152 144 155 158 139 188 189 192 193 197 198
158 171 116 163 100 130 103 145 185 162 165 146 111 109 112 142 94 179 124 126 110 113 144 178 155 123 160 119 149 154 105 169 135 136 182 138 172 120 150 152 188 189 192 193 197 198
144 151 131 113 150 163 153 111 123 162 175 152 165 109 94 124 126 138 110 154 179 146 178 155 145 105 135 136 120 180 160 169 182 172 149 116 97 128 100 112 171 187 188 192 193 196 197
109 163 120 110 123 175 165 178 155 145 135 112 105 147 124 156 169 146 136 113 116 97 100 171 103 138 128 160 150 182 172 149 162 139 152 151 154 131 186 190 191 195 196 199
163 94 124 156 138 169 110 182 152 155 139 171 119 149 103 105 135 136 147 120 172 153 116 100 130 142 131 162 113 146 165 178 111 180 188 189 193 194 197 198
128 153 156 165 178 155 145 135 116 97 100 169 146 182 136 149 111 171 138 151 112 160 150 110 130 113 172 185 162 139 175 152 123 154 131 94 124 105 186 187 191 192 196 197
154 110 160 113 146 172 162 175 123 124 105 138 152 156 139 165 178 155 116 97 149 130 136 180 147 120 150 131 153 179 169 182 151 111 171 112 142 145 126 188 189 192 193 197 198
94 160 150 130 97 172 185 162 175 152 142 119 131 111 153 120 156 110 123 165 178 145 112 180 147 124 179 146 136 149 126 103 139 116 171 151 186 189 190 194 195 199
150 124 105 135 138 179 182 139 116 119 151 100 130 103 136 147 160 120 131 172 185 162 165 111 112 142 145 110 113 153 156 178 155 123 187 188 192 193 197 198
152 123 160 124 105 135 138 172 185 162 175 139 116 97 119 149 100 130 103 156 136 147 131 155 180 112 179 145 126 182 171 187 188 192 193 197 198
153 142 145 160 113 146 169 182 172 123 171 124 135 139 185 162 175 165 116 97 119 149 100 103 120 131 179 156 178 111 155 188 189 192 193 197 198
110 131 120 123 165 178 155 145 135 112 180 111 147 124 105 179 169 136 149 126 171 138 97 160 103 130 172 185 162 175 119 186 190 191 195 196 199
160 124 135 155 139 116 97 119 100 130 165 103 136 147 120 131 180 151 111 169 112 142 145 126 156 171 113 146 123 172 185 175 188 189 193 194 197 198
178 151 111 179 145 175 126 156 162 165 180 123 124 105 135 138 171 155 172 116 97 119 149 100 130 103 185 136 147 169 120 189 190 193 194 198 199
138 172 116 162 97 139 119 100 130 136 120 131 156 111 165 155 112 145 126 113 147 179 169 182 123 149 124 105 151 187 188 191 192 196 197
162 123 124 105 179 135 155 180 116 97 149 130 136 169 147 182 120 131 151 171 111 112 142 145 126 156 185 113 175 165 146 188 189 193 194 197 198
151 155 139 180 119 149 103 169 182 105 135 136 172 171 116 130 185 147 175 131 165 113 146 111 112 142 124 126 187 188 192 193 197 198
103 124 169 97 146 182 136 100 113 149 126 171 105 130 139 119 131 111 120 156 123 165 155 145 135 112 180 186 190 191 194 195 199
124 120 130 185 139 175 142 111 131 112 156 165 155 135 123 105 179 169 146 182 136 126 171 116 97 119 100 186 187 191 192 195 196
120 180 147 112 179 169 182 113 126 139 171 105 172 185 175 165 142 131 97 156 146 123 145 135 111 186 187 191 192 195 196
155 171 111 112 142 145 126 172 185 175 113 146 123 156 105 135 165 180 116 100 130 179 169 136 147 188 189 192 193 197 198
171 116 97 149 100 130 172 185 136 147 169 131 111 112 142 145 126 156 113 165 146 180 123 179 182 105 135 188 189 193 194 198 199
113 97 100 156 165 145 135 111 147 112 179 169 146 136 149 126 116 105 130 185 139 175 142 119 186 187 190 191 195 196 199
105 130 182 172 185 139 175 119 97 100 131 123 165 145 135 112 111 147 179 169 146 136 116 186 190 191 194 195 199
116 179 169 146 182 136 126 100 130 111 172 185 139 175 97 142 119 131 156 123 165 145 180 147 186 187 190 191 195 196
179 97 119 100 136 147 131 165 111 142 145 175 126 156 180 146 123 135 169 139 172 189 190 193 194 198 199
136 147 97 119 169 182 172 149 139 111 112 175 165 142 123 156 135 145 187 188 191 192 196 197
180 147 169 131 182 111 97 145 175 126 165 146 185 123 135 139 172 119 149 100 130 189 190 194 195 198 199
135 111 185 97 139 142 112 126 123 175 147 156 169 146 119 130 131 187 188 191 192 196 197
147 131 182 149 111 142 126 146 172 185 123 156 139 165 97 119 100 130 187 188 192 193 197 198
182 119 149 169 111 97 100 130 112 142 145 185 131 165 146 123 156 139 172 189 190 194 195 198 199
97 156 169 123 126 172 149 185 139 119 131 130 100 175 165 142 145 186 189 190 194 195 199
131 169 146 149 139 175 119 142 100 130 156 111 165 112 186 187 191 192 196 197
100 156 169 146 149 126 130 172 139 175 142 123 165 145 112 186 190 191 194 195 199
123 172 185 139 175 142 112 156 165 145 146 149 126 119 130 186 187 191 192 195 196
172 169 139 185 175 119 149 130 165 146 111 112 142 145 188 189 193 194 198 199
156 130 112 142 145 126 165 146 139 119 149 175 111 188 189 192 193 197 198
169 119 149 130 112 142 145 126 185 175 139 188 189 193 194 198 199
185 139 119 149 130 111 112 142 145 126 165 146 189 190 194 195 198 199
119 146 126 139 130 175 142 165 145 186 187 190 191 195 196
112 111 165 146 149 126 175 142 186 190 191 195 196 199
146 130 142 145 126 149 139 175 187 188 192 193 196 197
142 165 145 130 111 175 126 187 188 192 193 196 197
149 111 175 145 126 165 139 187 188 192 193 197 198
139 175 130 145 111 126 187 188 191 192 196 197
130 111 126 175 145 186 187 191 192 196 197
111 165 145 126 175 186 190 191 195 196 199
165 126 145 188 189 193 194 197 198
175 145 189 190 193 194 198 199
145 126 187 188 192 193 196 197
126 186 187 191 192 195 196
186
187
188
189
190
191
192
193
194
195
196
197
198
199
