#/usr/local/lib/python3.10/dist-packages/colab_kernel_launcher.py -f /root/.local/share/jupyter/runtime/kernel-2b515d16-c871-48c9-ad2b-cd6ecd503099.json
# GMT Thu May 23 12:31:29 2024
# 
72 137 104 18 84 74 2 5 129 49 0 96 3 33 95 32 65 67 130 110 87 100 77 14 44 9 61 43 27 79 57 29 59 121 134 124 91 133 90 126 26 7 93 68 40 22 54 125 8 92 38 69 82 71 53 284 285
137 34 135 86 119 122 14 9 64 15 94 48 78 29 32 62 13 92 125 98 131 112 23 4 7 37 10 89 43 73 24 138 87 90 41 93 74 58 88 18 2 35 16 68 19 49 52 55 6 17 39 118 20 99 288 289
4 119 96 99 76 1 121 65 55 32 45 22 110 87 123 80 57 112 79 92 46 23 13 124 68 104 58 71 25 61 38 136 5 93 106 37 2 27 17 7 82 95 85 39 29 19 94 84 74 54 31 8 129 21 280 289
119 10 21 101 73 24 127 8 38 60 102 74 58 103 5 35 16 19 49 0 82 33 6 85 36 69 133 50 67 132 96 44 25 134 9 80 12 42 64 75 29 59 32 123 62 65 126 95 46 91 135 138 23 287 288
23 132 109 76 43 56 121 134 88 101 32 8 100 113 67 112 79 92 69 46 59 36 26 124 114 0 91 22 104 71 28 126 70 83 60 50 118 14 85 39 42 1 12 120 97 74 87 64 41 31 129 96 280 281
132 56 7 9 10 21 43 24 54 106 57 139 38 120 71 74 104 88 121 124 2 5 16 68 49 52 3 63 55 39 118 99 102 53 113 100 84 117 28 64 97 127 78 29 108 111 92 114 95 125 98 109 96 288 289
24 97 64 54 9 15 99 43 33 131 101 78 55 32 35 113 10 80 70 125 102 79 92 59 49 114 91 127 18 104 94 48 61 38 16 103 139 93 106 50 40 20 118 95 85 62 39 75 52 117 130 11 280 281
97 54 27 57 8 90 58 88 18 102 138 2 5 16 68 49 114 22 127 3 6 17 69 139 129 106 67 84 30 14 131 25 28 9 80 31 61 12 130 94 107 48 110 59 51 13 37 111 40 70 21 43 285 286
32 101 55 133 100 113 67 80 34 7 69 21 22 82 36 49 39 20 127 81 117 48 61 51 18 116 129 30 2 14 16 128 0 105 108 15 130 64 41 77 54 25 26 43 56 46 98 134 111 281 282
101 62 13 92 139 116 129 96 26 56 108 54 130 8 87 90 110 41 71 93 122 112 5 124 21 36 66 133 20 123 113 34 100 135 84 30 14 105 16 47 28 31 61 114 42 127 104 15 48 78 59 286 287
43 110 87 77 54 26 122 131 8 41 55 45 58 133 123 18 113 103 70 47 35 135 22 115 33 69 34 127 71 48 139 93 129 106 83 25 50 63 9 31 138 12 108 85 62 75 130 74 282 283
110 73 131 27 57 59 60 41 74 120 105 112 10 40 70 52 82 54 55 6 36 38 111 124 83 86 18 103 84 2 5 47 19 125 80 31 64 66 17 50 51 92 117 30 139 96 14 44 25 9 286 287
16 93 37 73 27 30 82 118 95 62 127 117 130 12 84 15 64 41 31 129 99 76 53 108 121 111 88 68 35 133 100 80 57 47 122 135 112 92 69 59 36 5 0 81 48 25 61 139 280 281
93 68 0 130 82 33 120 66 69 50 65 109 67 122 99 30 11 25 47 114 31 12 64 75 123 136 113 60 92 77 135 79 115 56 10 127 89 70 55 27 87 38 139 58 88 128 118 108 285 286
17 58 94 38 5 106 83 73 50 27 6 138 128 75 42 19 107 74 51 87 54 129 9 12 63 99 53 66 20 56 33 13 108 121 88 22 35 133 123 100 113 80 34 122 135 112 125 8 102 36 91 280 281
58 108 34 130 107 120 74 64 77 44 56 99 42 57 29 111 41 124 90 103 5 35 135 112 21 22 102 52 6 36 59 8 38 20 53 127 104 30 126 116 96 47 49 63 1 138 105 45 283 284
35 106 60 96 73 29 138 118 85 62 75 52 42 130 84 26 120 74 87 27 86 122 99 76 98 111 65 68 45 133 123 100 113 57 70 115 46 82 49 114 104 14 94 25 38 136 1 116 281 282
106 19 63 85 66 39 69 20 102 112 100 134 84 44 133 28 136 61 113 12 42 15 45 78 29 59 135 62 13 92 125 98 126 139 116 76 27 8 87 38 60 104 131 91 105 2 5 130 286 287
55 84 61 83 63 128 26 95 131 108 85 130 38 107 41 74 64 79 121 19 49 134 0 111 52 3 78 6 39 50 133 51 136 34 103 70 30 125 69 82 47 31 12 42 117 48 71 282 283
84 6 36 39 92 67 127 104 94 126 139 129 49 1 80 33 128 20 51 95 108 65 46 120 11 44 25 26 10 86 122 75 89 29 59 60 91 113 90 68 70 21 82 135 112 285 286
96 122 37 68 22 6 111 36 39 133 86 67 136 2 138 80 3 33 63 64 15 45 75 127 51 104 117 62 95 46 126 25 128 10 118 12 42 108 73 76 57 59 130 107 120 77 285 286
122 128 26 89 70 29 60 90 41 74 104 91 105 7 37 22 54 36 66 69 133 20 99 83 113 116 100 30 49 31 63 45 75 108 81 123 136 92 114 95 46 79 109 112 125 11 287 288
1 113 80 70 37 115 59 36 26 124 127 71 61 38 15 126 18 116 129 83 27 40 118 95 75 19 130 107 74 41 31 8 44 21 109 0 86 76 66 56 33 46 131 13 78 25 2 123 100 136 280 289
113 124 64 15 45 108 51 81 13 126 95 139 98 129 79 109 118 37 89 40 73 76 57 90 41 71 74 104 2 121 22 3 6 36 133 123 83 103 30 11 115 28 287 288
0 5 126 103 70 60 37 50 27 40 138 115 82 85 6 42 117 51 139 31 86 63 20 10 111 88 65 78 45 120 12 90 67 80 14 135 112 79 56 13 134 26 91 81 25 61 28 280 289
5 83 60 73 50 40 138 30 128 95 62 29 19 117 120 64 54 8 44 86 76 89 98 134 111 45 12 133 25 100 80 57 47 14 135 102 26 127 71 48 2 51 129 280 289
83 114 127 19 117 3 6 50 116 53 128 95 11 14 44 47 9 31 107 42 64 45 75 48 78 29 59 109 46 134 7 37 91 40 70 21 73 76 27 136 57 38 90 125 92 18 284 285
6 48 61 51 139 116 129 60 27 128 118 95 75 52 19 117 130 107 74 87 64 77 21 109 56 10 78 22 123 103 34 47 37 125 115 92 82 59 36 39 124 104 71 280 289
48 133 136 90 34 67 112 30 102 11 59 47 28 114 12 127 104 15 81 94 61 116 46 129 128 105 98 75 65 27 107 8 74 77 109 86 76 89 2 124 22 78 91 33 282 283
11 14 89 125 7 79 10 69 46 59 49 26 8 91 81 71 28 60 37 73 50 128 82 29 42 117 18 54 129 109 86 99 76 53 20 33 131 121 98 111 65 78 22 133 77 90 80 34 280 289
14 102 115 49 81 13 94 71 38 15 18 50 27 40 7 138 105 85 39 75 52 8 42 120 74 64 31 21 109 66 56 3 121 111 65 78 133 25 100 67 34 70 47 280 281
38 117 130 74 51 87 20 54 34 86 121 28 65 9 31 15 100 13 44 80 112 89 69 82 49 134 7 94 116 60 73 63 40 18 128 2 95 19 42 22 281 282
117 99 125 102 53 100 18 47 19 3 82 129 66 111 34 114 67 131 30 28 73 45 75 57 29 59 62 46 88 121 91 105 26 56 37 70 21 22 52 115 8 87 287 288
94 133 39 53 103 86 135 102 105 44 47 80 114 127 12 42 45 51 81 62 13 92 46 79 138 95 7 98 9 89 40 54 120 57 8 60 77 91 99 121 19 124 66 82 36 285 286
9 90 80 47 135 112 79 56 2 91 71 25 136 28 126 116 50 138 128 49 85 29 19 130 41 54 139 109 63 99 76 30 66 33 108 75 111 42 120 12 133 123 100 280 289
90 61 12 42 107 15 120 45 75 62 109 79 99 134 124 37 10 73 76 27 71 77 88 135 125 102 18 105 19 52 33 63 36 53 129 34 118 95 108 44 25 28 285 286
49 126 139 116 50 44 118 47 95 62 130 29 120 87 46 86 76 53 66 25 131 121 40 134 88 65 27 8 123 125 2 115 69 82 59 19 124 104 81 282 283
126 22 85 51 114 98 112 44 25 28 134 42 64 78 111 13 123 65 46 125 77 107 109 124 56 7 89 40 54 127 76 27 87 41 74 104 88 91 121 103 2 68 19 288 289
40 77 54 2 109 22 66 3 36 20 88 34 45 100 135 112 12 115 92 82 59 29 124 91 104 71 51 136 139 26 7 37 128 105 27 8 85 52 130 120 64 281 282
77 85 12 98 76 130 71 120 87 112 79 7 68 22 134 52 111 124 36 91 39 81 20 123 136 103 102 138 92 105 82 61 33 45 127 107 62 34 129 86 25 28 284 285
41 42 21 120 8 74 54 53 89 18 131 98 19 22 68 123 20 100 67 80 57 47 112 102 115 46 28 114 91 12 104 51 136 129 60 138 105 85 7 37 10 281 282
42 112 79 59 134 19 114 3 33 36 71 136 34 60 50 30 118 85 127 15 130 107 74 64 54 63 76 53 66 56 26 121 37 88 21 27 282 283
73 74 68 22 86 99 36 76 89 53 111 67 78 30 133 123 100 47 28 80 61 135 125 115 92 13 124 114 104 81 116 54 27 60 105 71 118 85 75 18 2 284 285
74 75 54 27 107 120 18 89 79 68 22 3 33 111 63 88 91 53 123 136 102 25 82 31 61 15 29 13 46 128 10 70 284 285
18 138 3 39 130 64 109 99 89 66 131 15 121 134 111 78 45 22 80 57 34 37 135 102 10 79 69 82 26 127 81 71 28 103 116 70 2 27 280 281
138 103 133 105 2 19 3 85 20 111 53 34 65 98 130 30 44 129 25 61 75 29 108 95 46 125 79 109 26 7 27 8 87 118 102 104 135 116 139 288 289
25 34 15 125 92 69 134 26 114 28 103 70 37 50 27 13 128 118 95 85 62 29 107 51 64 8 33 98 111 2 123 44 57 280 281
34 124 28 91 31 12 50 128 95 62 10 21 130 107 120 8 54 44 99 89 131 121 98 111 88 78 45 133 47 112 79 115 69 46 82 281 282
39 81 71 51 2 50 19 128 95 131 108 62 98 130 107 120 64 67 109 26 76 112 28 89 66 134 29 68 45 100 136 80 47 135 37 125 115 21 36 104 281 282
81 20 50 133 123 67 103 44 125 102 105 31 45 75 127 59 13 46 116 129 86 26 56 7 37 10 118 21 131 98 71 120 87 109 112 68 22 52 3 134 88 284 285
91 128 51 62 131 108 98 120 44 26 31 61 109 15 111 124 100 7 103 10 70 21 54 102 115 53 67 127 2 47 139 129 33 20 285 286
128 105 68 19 82 33 63 85 36 115 69 99 50 53 67 100 30 47 28 31 45 129 29 65 46 125 98 109 131 112 26 7 37 60 107 288 289
2 50 30 105 95 62 87 129 21 109 76 20 33 10 108 111 78 133 67 44 102 92 46 3 114 127 71 136 103 116 60 280 289
50 61 19 103 60 20 95 108 85 62 120 47 31 15 13 66 56 121 78 68 123 10 100 67 80 8 135 112 125 79 92 69 124 282 283
62 78 133 80 70 52 3 92 82 20 114 104 71 30 139 116 12 15 59 85 13 46 107 120 64 56 10 86 99 89 66 57 98 134 283 284
22 28 139 30 95 75 65 7 10 54 44 89 66 56 33 121 134 19 133 103 57 70 47 102 79 115 92 59 114 104 61 280 281
28 80 57 47 37 20 125 92 124 61 136 139 63 13 118 108 85 107 120 26 10 21 44 129 27 99 76 56 131 68 100 19 281 282
8 130 51 87 31 21 99 53 10 88 78 68 45 123 37 135 112 102 92 36 13 61 103 139 27 63 118 108 52 29 19 280 289
130 88 124 19 52 66 118 20 99 53 86 116 67 30 47 61 12 64 78 13 92 46 98 79 136 129 89 21 135 288 289
54 87 99 89 56 131 121 134 111 123 100 3 70 20 53 125 69 82 114 44 104 45 60 51 46 105 118 85 7 120 282 283
133 75 127 29 13 95 46 112 56 37 70 21 87 60 120 104 88 103 19 3 33 20 134 114 100 129 31 12 135 288 289
19 139 27 30 85 75 29 107 87 99 76 53 66 131 65 68 123 100 67 57 70 115 82 36 10 51 280 281
139 52 3 36 118 99 100 103 136 44 61 12 15 45 127 78 29 59 51 114 95 125 98 109 56 7 10 89 60 134 124 105 288 289
75 80 112 102 79 115 92 52 33 63 114 127 67 136 103 116 61 95 12 45 107 65 87 129 99 56 70 111 88 57 78 284 285
12 100 44 57 47 112 89 102 92 36 13 26 114 7 61 15 103 60 27 29 107 120 129 109 63 66 20 121 98 78 280 289
100 105 64 45 127 104 92 46 79 21 131 108 57 71 120 85 134 111 69 124 67 98 103 44 80 31 286 287
13 65 78 68 47 10 135 112 82 127 71 61 116 7 115 105 108 52 107 120 51 87 64 31 109 86 3 76 53 89 56 280 289
65 78 68 136 70 7 10 135 21 52 125 102 115 92 105 53 114 71 47 63 118 131 108 85 98 107 30 67 44 26 61 76 89 27 29 121 283 284
51 36 20 103 80 70 125 30 92 69 44 3 33 104 71 116 86 118 108 26 85 98 10 52 64 67 76 89 37 88 21 282 283
109 131 121 37 134 89 124 70 76 57 87 60 136 107 112 3 127 33 63 85 102 116 129 67 15 29 59 92 95 79 286 287
87 107 120 27 57 121 98 82 63 66 136 20 53 86 125 102 115 92 124 114 29 46 118 95 108 26 37 70 21 285 286
103 115 3 33 114 127 92 79 129 44 26 10 131 27 60 7 37 21 82 121 134 66 102 86 30 135 47 125 286 287
15 67 80 47 37 135 125 102 115 69 46 26 114 61 136 116 60 63 118 52 29 7 10 120 31 129 86 66 33 131 78 45 280 281
61 67 80 112 102 79 115 124 127 104 71 31 59 95 10 27 60 86 99 76 89 66 131 68 3 283 284
124 114 98 79 131 112 47 45 78 59 92 123 105 68 136 85 118 69 99 125 86 116 52 3 63 20 111 287 288
60 64 52 3 33 76 79 121 134 30 47 31 136 45 80 70 115 114 127 56 7 37 57 118 95 131 85 283 284
36 136 129 63 95 108 107 44 26 86 89 10 66 21 56 27 134 88 45 57 37 112 125 115 69 33 114 127 281 282
85 86 68 82 95 66 69 120 67 30 99 112 121 29 59 123 79 26 56 125 102 76 114 71 285 286
3 136 70 30 115 7 118 52 107 120 86 89 33 131 121 98 111 88 45 67 57 125 92 69 46 82 114 104 280 289
136 66 127 79 30 129 76 27 59 120 123 46 134 107 88 7 37 52 115 118 99 71 102 67 80 288 289
80 135 125 59 105 116 70 76 27 57 71 118 95 108 98 120 33 63 66 53 121 67 88 30 284 285
68 116 129 46 108 120 99 76 89 79 121 88 78 52 33 70 135 67 112 125 115 92 44 114 127 104 31 71 283 284
116 52 63 127 20 99 53 67 131 120 108 111 92 79 26 7 37 121 10 21 76 27 57 104 107 88 125 287 288
21 10 86 76 53 108 111 78 123 67 44 57 135 125 20 79 92 69 59 104 70 30 115 52 280 281
105 118 131 82 33 107 64 120 66 53 95 67 79 47 89 31 45 76 78 59 92 46 135 26 56 7 37 10 99 286 287
92 31 78 46 114 127 27 95 88 52 63 20 67 98 285 286
79 131 134 88 44 31 76 46 102 127 56 7 104 70 57 53 118 107 64 89 284 285
131 134 37 10 89 70 27 115 118 69 82 33 64 111 53 95 125 67 98 129 108 123 288 289
108 88 7 135 82 20 114 127 86 129 47 31 45 118 78 29 120 26 56 27 57 121 286 287
10 31 44 86 89 20 56 98 134 88 37 102 69 63 118 52 107 64 280 289
31 67 57 70 125 115 46 82 59 114 52 30 44 86 99 76 66 33 98 26 123 281 282
102 114 44 47 29 118 98 107 26 56 71 88 134 111 123 63 135 125 115 86 286 287
114 67 47 135 115 45 112 26 37 89 70 118 104 88 20 99 287 288
78 135 112 7 76 27 57 71 95 63 66 69 20 44 89 47 121 134 45 29 59 284 285
20 71 7 27 63 118 52 44 129 86 56 134 45 123 67 57 82 59 26 280 281
125 134 47 64 29 111 56 76 71 33 118 69 99 287 288
134 112 129 26 70 57 71 123 7 52 135 66 69 99 45 127 29 111 288 289
115 47 33 63 45 29 118 59 46 112 26 56 89 121 104 88 123 69 67 287 288
107 71 104 112 52 82 33 63 66 121 53 67 123 30 64 127 95 129 26 56 286 287
64 123 70 69 82 104 71 33 63 53 86 98 29 99 66 121 111 88 26 37 283 284
123 45 98 112 26 7 89 71 121 135 52 82 33 66 69 53 86 67 44 287 288
57 120 45 99 89 46 121 111 56 67 27 69 127 52 129 63 44 283 284
88 98 120 76 71 121 52 82 33 63 135 86 127 104 30 44 129 29 59 285 286
47 70 135 59 46 127 71 95 52 86 99 76 53 56 98 282 283
70 129 63 86 89 121 26 82 127 104 7 95 67 30 284 285
99 7 76 27 120 52 82 63 69 53 86 45 135 95 286 287
46 111 45 27 29 135 104 71 37 52 120 86 76 53 66 282 283
111 26 56 76 27 129 52 63 118 53 86 30 44 29 59 121 286 287
120 52 82 30 44 45 59 112 7 89 287 288
98 121 26 7 37 104 129 52 82 33 66 118 30 44 45 286 287
121 56 76 104 82 33 63 66 135 86 30 59 287 288
129 52 69 53 33 112 89 29 59 288 289
27 89 135 112 82 7 30 118 52 280 281
71 53 89 45 29 59 26 104 52 33 63 284 285
89 56 76 7 127 104 30 63 118 29 285 286
67 56 7 52 66 30 112 69 283 284
44 135 69 82 104 37 63 86 53 66 26 282 283
104 53 29 59 95 56 7 82 66 286 287
7 76 53 66 37 135 69 82 52 280 289
45 69 82 37 127 63 95 86 53 30 282 283
56 86 26 112 59 33 127 53 30 63 118 283 284
29 37 112 69 30 118 86 53 66 281 282
76 37 112 69 53 127 95 284 285
127 86 37 66 118 288 289
37 66 59 33 118 95 52 30 281 282
135 59 95 52 33 118 69 53 30 288 289
52 63 26 282 283
53 63 95 86 66 82 59 282 283
86 69 63 66 30 59 285 286
26 112 63 30 280 281
30 69 63 118 33 281 282
33 95 112 69 82 59 281 282
66 95 63 69 59 82 283 284
69 118 95 63 112 283 284
59 112 63 283 284
82 112 284 285
63 283 284
118 95 287 288
112 287 288
95 285 286
172 241 218 231 208 198 273 263 240 207 174 210 147 242 255 162 222 199 189 254 221 257 234 188 224 201 279 256 233 269 246 142 213 190 140 171 258 248 215 205 247 204 217 151 272 249 226 262 165 216 206 168 149 150 261 281 282
241 202 153 266 186 256 269 268 258 271 196 149 229 180 167 247 260 230 250 233 228 231 158 145 159 192 222 203 225 179 160 239 212 253 223 226 224 242 187 168 140 141 220 152 254 182 244 234 257 215 237 218 169 191 286 287
204 273 263 240 194 230 167 207 197 178 252 265 245 158 212 244 156 257 211 140 224 192 279 256 233 236 193 235 271 225 151 215 205 154 165 270 149 141 171 237 201 182 227 188 169 199 262 186 229 228 144 231 166 147 283 284
273 234 185 278 215 218 169 153 265 219 252 147 177 229 161 183 164 230 181 244 247 198 228 231 142 175 208 159 162 192 173 195 225 179 209 160 239 190 212 242 193 223 254 207 240 271 257 184 165 187 201 275 182 288 289
157 198 234 211 188 165 145 168 243 143 213 180 278 170 268 235 225 179 215 169 182 159 257 154 181 161 149 259 236 249 226 239 193 183 261 238 251 208 185 263 240 253 147 220 197 174 252 148 232 186 222 199 254 231 267 280 281
198 202 238 215 270 247 237 214 217 272 249 262 149 150 216 152 183 219 271 197 181 264 263 276 207 220 163 144 210 175 147 255 176 222 199 212 160 193 254 267 158 170 269 223 156 159 141 171 143 268 245 185 283 284
175 246 236 213 203 180 268 235 225 202 182 163 247 224 147 150 161 194 164 167 272 193 206 238 251 158 205 218 208 185 145 156 159 240 253 230 220 197 210 252 255 186 222 199 264 254 165 188 168 276 171 266 279 281 282
246 189 225 179 209 160 239 212 242 193 223 174 226 207 274 243 251 151 154 184 165 187 220 171 201 237 188 218 169 202 153 205 235 255 186 238 219 254 236 196 177 229 210 183 213 194 167 230 214 228 271 231 245 286 287
141 253 230 243 174 210 154 275 144 219 222 199 156 146 244 188 201 178 266 279 269 223 278 170 160 212 225 202 169 182 159 260 237 214 181 171 259 151 226 262 206 173 150 186 163 261 274 218 231 185 152 240 280 289
253 264 254 267 215 257 218 248 232 205 266 235 186 279 219 252 268 196 149 150 229 210 161 167 197 260 230 211 214 244 247 158 245 156 274 143 222 203 195 146 209 263 193 276 223 174 207 243 170 154 168 287 288
228 258 186 238 270 237 250 150 210 213 194 239 148 229 181 211 251 145 276 156 230 208 243 159 173 176 275 252 209 160 255 190 232 223 174 226 254 267 244 257 224 234 170 187 266 168 220 201 182 278 199 285 286
258 158 145 159 189 143 222 203 195 225 268 209 160 212 242 193 223 174 256 243 224 170 151 165 187 149 220 262 234 237 188 202 232 264 205 238 249 263 276 266 196 150 210 183 265 227 200 211 233 244 277 267 287 288
140 145 256 200 190 180 147 268 189 192 146 267 159 257 247 214 191 227 158 148 259 236 272 216 193 170 206 160 271 215 251 205 195 185 250 207 174 154 275 219 196 209 143 264 254 231 244 211 188 201 178 155 280 289
145 200 236 143 190 170 147 248 202 215 192 159 149 260 237 181 148 239 216 229 206 196 163 261 238 274 251 205 165 250 263 164 177 255 232 222 179 146 244 221 201 178 142 155 168 266 158 279 256 280 289
234 263 190 240 212 223 243 174 252 265 255 151 245 154 184 277 220 171 185 188 169 199 191 221 153 232 279 205 219 278 235 248 180 210 194 216 197 148 230 233 262 158 142 189 222 203 195 146 206 285 286
217 248 225 152 182 213 167 270 181 211 260 153 237 214 240 272 249 262 163 177 261 161 162 274 192 251 264 194 195 146 148 178 221 209 160 190 266 158 170 142 265 245 171 203 215 188 191 247 224 174 186 168 150 284 285
248 231 158 144 159 189 162 143 173 195 176 206 179 160 190 212 242 193 254 267 207 142 266 279 187 201 278 215 218 169 199 191 202 232 270 219 260 151 166 259 272 150 167 227 178 200 261 230 181 211 286 287
209 244 151 171 201 152 185 268 191 235 271 153 215 186 270 227 163 259 180 161 262 216 194 229 219 200 261 264 218 240 276 243 156 208 189 162 192 143 173 195 265 242 206 232 179 160 222 267 283 284
244 190 242 174 226 270 240 224 154 249 187 262 168 220 201 155 185 271 237 188 218 199 191 221 238 263 144 150 180 265 161 183 213 194 197 181 254 267 231 158 256 208 192 222 173 286 287
147 269 161 236 226 203 239 143 251 146 195 208 263 240 207 184 220 197 187 164 177 262 242 232 176 166 156 165 178 155 168 279 233 167 180 144 255 268 245 215 192 169 182 247 237 214 171 280 289
269 272 161 192 164 195 225 206 274 212 223 226 256 259 224 276 257 156 187 159 275 220 171 188 267 160 191 254 238 249 252 279 154 184 165 166 229 182 183 215 216 199 230 181 260 211 153 270 231 245 288 289
158 278 255 245 235 212 192 270 247 237 181 194 236 272 154 226 239 229 206 196 155 238 274 208 185 230 207 164 262 149 148 277 267 221 188 276 266 243 210 200 144 213 203 280 281
278 245 142 257 208 220 222 203 206 237 267 160 223 254 205 238 270 224 151 154 149 201 152 215 218 199 200 232 235 277 249 250 231 264 144 196 177 150 183 213 164 167 197 178 242 272 214 256 288 289
165 174 262 275 229 196 186 277 254 208 151 178 276 168 149 150 266 152 256 210 190 180 153 255 222 192 257 144 191 236 193 170 261 251 205 218 185 154 260 250 263 230 184 220 197 280 281
174 254 231 267 171 152 188 201 178 276 169 256 153 200 235 212 163 215 182 150 270 164 224 227 148 194 249 193 196 261 238 274 251 156 195 208 185 146 250 160 275 242 186 281 282
184 187 149 275 152 265 219 232 181 189 264 252 188 201 243 256 200 190 162 143 173 146 176 245 179 225 270 214 227 142 154 259 168 249 171 193 155 169 261 238 251 205 218 250 151 207 197 166 210 282 283
187 275 171 265 242 219 232 222 264 221 211 191 266 279 163 233 177 236 190 183 268 167 202 205 270 260 237 214 142 272 249 159 262 143 229 206 146 196 271 179 238 251 195 208 207 282 283
190 267 142 221 156 276 266 176 160 225 192 151 171 152 194 155 272 226 262 239 153 193 229 206 186 271 261 238 251 205 218 144 166 250 240 161 183 181 252 265 219 255 199 282 283
267 223 226 207 224 170 154 168 220 185 215 169 191 221 202 254 186 265 279 252 149 194 216 178 230 211 263 266 247 264 272 142 144 162 192 173 203 195 146 255 206 288 289
182 263 240 230 197 252 232 186 254 143 173 179 160 276 266 243 210 151 245 225 215 192 257 247 260 227 153 236 272 203 239 216 183 163 271 251 180 218 195 164 208 185 167 148 282 283
263 215 221 251 232 186 238 219 252 272 180 210 164 167 178 181 233 276 250 261 142 156 159 162 192 173 277 195 225 179 160 239 212 242 226 256 207 279 262 243 170 220 287 288
142 167 212 202 179 215 192 159 257 149 270 247 214 181 161 236 226 203 239 216 193 173 150 271 251 208 152 220 275 144 229 186 222 176 189 143 264 231 221 155 243 256 223 280 289
202 231 208 230 210 159 189 275 143 219 176 179 222 193 277 211 224 170 151 236 171 203 185 245 169 225 153 257 260 237 163 144 166 226 262 161 183 206 194 167 148 200 181 274 283 284
242 277 224 151 154 168 171 279 155 237 268 205 186 163 247 260 166 250 150 161 167 197 148 262 230 181 211 214 261 274 208 189 243 143 146 225 206 179 160 265 223 255 286 287
277 193 272 223 207 259 240 270 262 243 224 170 151 220 152 185 237 188 218 191 232 186 265 219 249 180 213 164 227 181 211 214 274 266 250 231 245 156 279 208 159 189 162 203 195 146 160 288 289
162 168 266 256 233 180 193 268 215 192 169 205 161 260 237 214 250 194 249 262 229 206 173 261 274 156 218 243 220 197 164 177 265 255 199 151 176 179 264 254 149 221 152 188 224 155 280 281
168 146 177 252 265 222 176 231 154 201 276 266 279 256 233 155 223 200 213 170 245 179 192 270 166 191 181 194 171 259 226 148 193 206 196 274 208 156 240 230 281 282
194 237 164 167 148 236 181 229 196 261 274 205 218 195 208 156 192 146 176 197 179 232 199 264 151 254 149 201 171 266 155 233 223 200 245 163 270 177 224 260 282 283
237 197 148 178 230 243 245 156 208 254 192 143 173 146 193 223 226 224 151 149 152 270 155 169 199 205 262 236 261 196 274 251 229 180 161 183 285 286
159 279 233 236 213 235 225 192 143 260 146 249 226 216 206 183 163 274 205 152 250 220 197 275 252 219 199 176 166 264 150 221 211 188 178 191 276 266 280 281
279 143 203 195 146 179 212 272 259 270 262 151 154 220 171 218 169 221 232 254 205 186 238 249 166 177 210 161 216 148 178 230 260 214 247 231 245 144 288 289
179 257 211 224 201 266 233 223 213 203 180 173 215 192 250 227 249 166 196 261 167 274 169 218 195 240 230 210 163 200 191 177 265 161 232 164 199 281 282
257 239 211 265 223 240 266 222 206 259 191 251 235 207 170 149 171 201 183 155 216 167 169 262 199 230 186 250 274 264 163 144 150 276 161 192 195 225 255 227 287 288
152 240 230 220 177 154 219 186 199 189 274 166 156 144 155 210 200 170 255 235 212 215 192 270 247 191 146 171 236 216 173 271 163 261 151 238 251 218 149 250 280 289
240 155 185 188 169 232 205 186 219 256 236 163 177 210 183 213 271 197 227 178 200 230 214 250 231 262 156 195 251 264 160 191 193 223 238 276 171 286 287
218 205 197 230 243 144 265 196 219 255 150 222 213 167 181 214 224 256 236 156 208 245 143 160 212 193 247 250 227 272 154 201 215 188 284 285
183 227 163 259 166 272 249 177 239 180 164 186 261 195 231 208 276 220 210 252 265 255 232 146 199 212 201 266 170 200 225 169 215 192 153 205 270 247 214 282 283
227 213 260 197 178 200 181 214 259 261 238 274 251 156 208 189 231 143 222 225 206 160 193 226 275 252 265 255 232 170 151 154 254 155 266 268 235 163 177 150 161 285 286
176 188 224 201 276 233 154 236 203 180 149 245 212 169 270 259 163 272 144 249 166 262 239 193 229 150 206 161 196 167 238 197 156 265 255 143 173 199 189 160 254 231 221 281 282
188 276 220 197 210 170 151 255 212 189 155 211 224 169 201 191 256 233 200 203 268 166 177 161 164 167 247 250 259 229 206 264 231 173 282 283
235 274 251 156 189 243 143 222 146 206 212 255 226 151 154 266 220 171 256 236 169 268 232 271 247 163 260 166 196 177 150 210 249 167 197 239 200 230 181 233 214 285 286
274 186 271 236 163 166 149 150 229 197 148 200 230 264 276 161 173 275 146 225 255 223 226 207 270 243 224 170 156 201 203 185 169 153 288 289
236 239 261 206 178 276 224 275 255 189 245 185 215 169 191 221 232 219 266 196 210 271 213 216 230 211 153 270 233 214 250 272 163 285 286
239 163 144 166 196 150 180 161 213 216 197 233 268 270 247 260 156 143 222 173 203 160 223 207 251 151 155 185 275 199 252 221 265 232 255 245 186 254 286 287
230 220 171 185 169 205 252 261 144 166 177 161 164 232 189 173 203 195 146 225 160 212 223 268 170 271 238 285 286
161 148 216 193 251 205 208 185 156 275 252 229 219 196 199 166 264 254 231 221 151 211 154 178 149 210 223 213 167 180 225 280 281
193 144 201 164 256 200 213 203 268 245 238 205 260 214 226 191 219 271 251 151 231 154 207 185 167 153 265 232 186 212 282 283
199 208 250 170 210 149 275 252 185 219 255 222 186 254 211 201 266 163 223 200 203 191 268 197 181 225 224 260 272 189 261 283 284
208 191 153 223 186 225 238 196 177 270 260 148 200 181 272 249 216 219 261 251 231 189 143 206 207 222 221 201 185 283 284
153 195 220 149 262 275 219 186 221 211 201 276 266 243 223 200 180 146 170 255 148 268 212 225 215 224 260 181 171 272 249 229 206 160 173 271 261 238 280 289
185 207 210 163 222 166 189 177 264 180 231 164 167 148 181 256 233 213 203 268 156 225 216 170 206 196 238 251 149 155 282 283
200 156 189 192 207 160 252 206 251 264 151 231 154 220 233 210 169 265 232 222 212 221 201 266 164 256 167 148 226 203 215 283 284
211 270 247 260 214 207 259 170 271 201 261 238 186 243 275 144 166 219 255 150 210 164 264 254 197 231 181 213 268 212 225 215 195 284 285
143 276 256 223 213 268 215 149 270 247 226 229 160 196 173 163 261 238 205 250 207 220 164 177 262 275 252 189 264 156 201 280 289
276 206 191 251 254 252 154 229 171 155 197 169 260 214 247 250 245 163 166 177 180 164 195 225 212 226 207 259 224 189 220 288 289
189 243 233 170 151 268 212 215 192 169 260 214 259 272 216 149 261 238 180 195 167 181 265 255 232 156 173 146 221 160 282 283
243 220 171 245 203 232 205 256 151 259 150 180 213 216 167 233 214 163 144 177 222 261 225 178 264 212 223 226 266 224 275 156 286 287
149 207 197 262 154 252 232 163 264 156 155 256 233 213 180 212 192 169 224 259 226 216 206 150 271 144 195 250 280 289
207 201 264 254 221 186 233 213 163 144 177 212 150 180 215 164 270 250 272 262 271 238 173 160 191 220 275 252 219 283 284
216 260 144 166 180 213 167 197 229 148 181 214 264 231 173 203 195 275 212 254 221 170 151 154 266 259 201 215 169 191 225 186 238 284 285
260 197 178 233 231 272 262 144 156 261 192 203 255 259 224 275 155 221 232 186 266 249 252 163 196 271 150 210 287 288
225 266 256 173 160 223 250 154 262 261 191 221 186 163 275 166 196 180 210 213 164 167 148 181 285 286
224 148 178 245 233 171 201 173 221 238 219 270 166 150 226 213 197 261 214 251 180 192 164 275 252 285 286
272 196 213 233 214 266 231 261 264 245 144 156 173 203 195 146 255 223 226 259 151 171 201 221 251 232 254 219 249 288 289
261 268 271 250 252 163 180 210 181 262 233 214 192 203 160 265 256 170 154 155 169 232 287 288
268 262 264 245 192 222 203 223 275 259 151 171 169 251 205 265 249 271 144 166 196 270 177 180 164 167 197 148 178 250 288 289
220 233 265 255 232 222 219 254 144 196 177 256 180 213 164 148 192 259 173 195 249 146 206 160 284 285
166 259 249 226 229 173 154 195 155 197 210 232 222 163 264 254 150 201 266 256 213 180 212 156 205 250 171 280 281
259 150 229 180 210 213 178 181 226 203 195 255 270 221 251 254 256 252 170 171 264 201 155 215 233 205 231 275 265 287 288
264 205 219 201 155 232 233 214 247 245 180 213 266 164 195 167 148 178 181 275 226 206 160 287 288
255 201 155 271 221 186 252 196 210 167 214 247 250 231 245 222 146 148 178 160 212 226 287 288
178 270 146 214 191 181 249 206 170 171 195 250 197 262 275 265 219 186 222 177 231 167 201 148 266 256 223 245 192 281 282
270 181 214 266 247 245 195 146 206 223 262 201 191 251 232 265 238 219 180 210 275 167 288 289
186 195 170 171 275 252 219 221 163 164 181 245 212 215 247 250 229 271 282 283
167 156 171 226 173 271 151 197 210 155 275 252 265 219 144 233 164 203 245 169 280 281
221 231 160 170 151 154 265 245 201 155 215 169 256 150 180 197 181 212 249 252 192 173 146 251 284 285
231 205 171 249 213 262 163 177 150 180 222 195 275 265 232 226 156 256 203 285 286
213 249 203 212 271 251 155 275 265 169 191 205 254 266 196 177 256 210 181 215 284 285
160 256 233 150 203 170 245 215 247 156 249 229 173 163 238 155 252 219 222 280 281
151 252 229 219 150 156 254 266 245 212 215 247 214 249 206 271 163 238 205 250 280 289
252 215 169 266 250 265 163 177 164 197 181 212 214 256 245 192 222 206 191 287 288
171 164 177 191 233 180 245 212 192 154 214 250 155 226 229 196 271 238 281 282
191 146 197 170 232 222 154 156 254 173 155 201 169 223 203 180 250 262 229 206 219 196 251 282 283
223 254 173 203 146 266 170 154 247 155 205 226 219 229 251 196 177 210 164 284 285
215 232 195 146 206 266 170 245 247 229 150 180 271 164 148 284 285
262 196 210 169 233 247 163 271 177 192 164 212 275 170 156 155 251 232 249 287 288
251 238 219 249 144 229 197 214 256 156 192 222 173 195 271 226 286 287
201 265 219 222 169 196 247 150 164 148 249 206 250 283 284
266 226 256 238 154 205 247 249 163 150 164 148 288 289
249 271 196 150 210 197 148 181 233 247 265 192 173 146 212 226 154 250 232 286 287
271 245 163 144 196 177 229 164 197 181 226 256 156 173 205 265 238 232 233 288 289
146 155 170 245 247 214 148 229 206 196 173 197 210 164 177 154 275 219 144 222 280 289
205 210 177 164 212 256 156 173 203 238 247 214 170 229 206 155 169 283 284
197 155 226 206 144 219 212 256 203 245 170 154 283 284
148 226 229 163 238 195 177 154 265 232 222 254 256 233 210 180 170 245 212 169 144 280 289
233 192 173 203 250 206 154 254 169 232 275 265 144 196 177 229 238 285 286
229 150 180 164 275 222 245 254 203 155 238 169 247 219 250 285 286
254 265 155 232 163 196 150 210 164 181 247 192 173 287 288
256 222 173 203 226 155 238 164 250 275 245 265 287 288
195 164 181 250 206 219 196 192 173 210 275 170 222 212 282 283
163 196 232 222 144 170 212 154 214 181 280 281
245 156 192 222 250 155 169 210 164 286 287
156 177 169 203 144 150 250 275 265 196 280 281
155 210 177 275 154 180 212 144 247 181 226 206 280 281
196 226 206 177 180 164 219 203 247 214 250 283 284
238 144 180 210 181 203 170 154 169 232 214 286 287
170 219 144 154 192 169 214 226 164 210 281 282
219 154 275 265 144 210 181 247 284 285
144 203 173 150 154 275 265 177 192 169 247 214 280 289
203 177 210 192 154 169 265 222 283 284
177 206 169 250 150 164 180 173 212 214 181 281 282
181 226 265 232 154 150 281 282
275 169 232 265 180 214 247 222 173 288 289
265 169 150 214 247 206 287 288
226 150 164 214 192 250 154 285 286
250 180 210 222 164 212 173 286 287
169 232 281 282
212 247 214 154 210 284 285
164 206 222 247 280 281
150 206 173 222 180 192 247 214 280 289
210 173 284 285
206 214 173 154 283 284
214 232 180 284 285
247 192 222 173 232 180 286 287
222 180 192 284 285
180 154 281 282
192 173 232 282 283
173 154 281 282
154 280 281
232 285 286
280
281
282
283
284
285
286
287
288
289
