#/usr/local/lib/python3.10/dist-packages/colab_kernel_launcher.py -f /root/.local/share/jupyter/runtime/kernel-dea7114a-48f2-47cd-9840-9590734c419b.json
# GMT Thu May 23 16:26:20 2024
# 
15 21 14 53 66 70 24 33 42 51 28 37 23 2 83 60 82 41 59 45 8 49 0 169 170
21 7 50 68 36 10 35 72 19 58 62 80 43 52 14 3 47 33 23 79 56 83 170 171
7 17 35 12 77 81 44 71 80 34 43 56 24 70 65 74 78 64 32 36 54 31 168 169
17 39 66 52 2 42 37 16 65 51 14 46 73 59 45 31 49 35 9 1 12 72 169 170
47 53 71 48 70 28 9 39 20 74 83 64 73 82 10 59 2 54 49 32 30 67 174 175
53 28 23 42 67 57 75 70 27 65 29 24 74 69 49 39 68 63 44 58 6 175 176
26 30 24 16 66 43 70 8 42 28 22 3 9 60 69 78 1 55 64 20 68 54 58 171 172
30 65 2 60 64 68 36 45 54 16 31 11 14 72 6 71 28 66 61 38 33 172 173
55 66 61 79 5 27 38 22 3 74 33 25 64 6 59 36 20 50 23 18 37 40 176 177
66 20 50 12 34 2 78 59 68 5 16 46 19 0 60 3 14 76 178 179
36 62 80 10 56 5 27 19 79 3 46 64 50 6 49 58 39 23 4 173 174
62 74 83 78 39 64 73 1 68 20 50 23 59 51 43 71 80 54 70 49 11 177 178
71 9 50 61 12 42 18 48 82 59 43 24 68 38 49 11 33 44 25 178 179
59 73 29 40 51 43 38 67 75 9 58 4 34 37 74 10 176 177
73 5 24 13 16 68 57 63 81 76 9 39 75 69 50 45 34 37 40 179 180
35 41 54 40 49 5 13 16 19 11 0 22 81 3 67 25 56 4 34 79 172 173
5 65 74 68 63 22 31 40 58 16 6 76 38 2 24 10 14 23 168 181
65 54 69 78 82 68 14 63 81 23 51 75 34 18 37 27 46 22 177 178
29 32 68 6 31 9 20 77 4 61 38 56 2 37 19 79 74 83 60 22 14 171 172
32 82 50 68 77 24 39 8 20 3 25 75 61 10 38 51 4 18 27 83 172 173
70 82 0 11 69 58 3 63 34 12 51 54 18 37 52 78 13 178 179
82 42 81 4 27 57 19 22 52 14 74 11 20 50 45 34 67 180 181
8 9 83 51 46 64 54 63 40 3 77 6 72 81 1 43 61 20 33 19 168 169
9 44 43 33 6 14 83 51 69 23 18 45 31 40 12 168 169
80 42 72 4 64 56 37 78 51 13 54 0 11 79 52 41 3 33 25 180 181
74 75 24 16 68 41 52 78 28 39 69 61 37 2 179 180
40 41 45 58 16 19 72 48 75 14 43 39 1 12 60 69 173 174
41 13 60 69 46 50 68 14 54 25 28 81 67 34 18 57 43 10 173 174
28 76 22 25 38 6 83 68 10 45 63 2 31 16 27 11 171 172
76 39 20 31 50 78 72 77 48 51 43 13 24 27 19 0 60 44 25 179 180
0 14 23 75 56 60 27 22 3 2 81 39 57 25 61 11 1 168 181
14 37 1 46 77 10 72 13 67 38 169 170
48 63 20 31 23 12 81 45 52 79 51 19 22 60 3 44 33 77 25 175 176
63 10 51 54 57 46 78 60 64 6 11 1 31 23 18 177 178
23 81 58 39 57 75 25 56 12 79 2 170 171
6 57 61 38 33 19 13 83 64 31 44 12 11 168 169
57 83 20 69 78 45 58 18 37 13 46 75 19 3 44 176 177
68 2 54 38 52 3 44 58 178 179
33 38 42 83 4 18 77 81 58 19 11 39 61 172 173
38 25 69 45 34 37 10 75 52 42 22 173 174
10 49 58 12 1 81 52 61 18 79 83 46 168 169
83 19 52 77 58 31 50 42 72 75 180 181
22 37 78 19 50 45 72 4 43 56 18 24 170 171
25 61 4 60 37 46 2 72 81 1 44 171 172
61 81 1 50 12 45 43 78 13 27 19 177 178
75 1 69 42 64 56 67 51 4 16 52 179 180
37 81 43 52 18 4 60 46 173 174
2 31 12 67 43 42 4 79 60 46 168 181
24 69 64 49 44 20 4 58 13 42 51 11 171 172
1 81 56 18 4 79 27 45 31 3 20 168 181
81 34 67 54 49 52 72 180 181
12 67 44 11 51 46 50 45 13 16 169 170
16 79 78 46 72 58 67 44 34 43 4 169 170
79 77 44 72 64 20 56 34 45 67 60 180 181
45 27 3 44 20 42 77 174 175
50 72 58 56 11 3 60 64 175 176
42 77 58 67 39 31 34 78 27 174 175
54 60 51 43 46 49 44 67 34 176 177
39 56 46 69 72 49 58 19 3 173 174
78 27 19 49 11 52 31 18 180 181
49 13 51 60 27 19 44 77 20 175 176
58 77 72 20 176 177
51 13 31 34 52 175 176
13 64 27 3 67 20 56 4 18 169 170
4 77 34 11 20 56 168 181
43 64 72 27 11 3 174 175
64 11 52 20 56 77 177 178
69 46 52 3 44 77 34 18 67 178 179
44 27 60 31 34 174 175
31 52 19 77 18 172 173
72 56 34 27 77 179 180
77 46 11 56 179 180
60 27 67 34 177 178
20 56 170 171
56 67 27 176 177
52 18 46 67 175 176
67 18 46 178 179
46 11 174 175
19 18 11 170 171
27 3 171 172
11 168 169
34 18 172 173
3 168 181
18 170 171
101 154 155 132 109 104 122 140 108 84 158 144 153 130 139 166 116 152 115 133 114 96 161 169 170
154 120 122 95 123 145 110 140 160 94 159 124 107 119 121 149 111 141 103 106 158 167 178 179
120 137 150 113 136 116 119 111 95 163 158 162 139 148 157 166 109 112 110 156 165 160 173 174
137 131 132 134 135 88 151 146 155 164 150 159 91 119 95 84 161 136 125 147 156 90 175 176
131 141 150 140 135 85 96 88 99 163 118 129 158 167 102 91 153 134 138 133 89 106 174 175
99 114 160 146 155 141 127 88 108 117 135 121 94 89 158 167 148 143 152 161 133 142 169 170
114 93 167 139 148 152 161 97 147 100 115 142 151 160 146 123 85 122 117 135 107 172 173
151 161 85 115 135 126 148 129 132 155 144 127 138 130 122 95 84 136 167 147 153 178 179
161 107 89 86 105 144 97 108 139 90 133 122 123 142 115 148 110 112 179 180
113 116 115 112 104 142 102 123 136 145 94 135 121 89 97 108 100 92 103 84 153 106 171 172
116 157 143 98 97 108 147 156 133 85 104 160 141 150 127 149 135 96 102 111 172 173
93 147 92 87 109 127 95 104 122 117 103 112 85 159 163 153 107 125 102 138 110 100 168 169
147 132 135 126 103 149 86 106 136 85 142 134 107 165 129 140 150 159 177 178
92 102 163 139 162 148 166 134 84 95 87 165 160 123 141 136 145 122 112 121 98 168 169
124 125 138 133 142 108 100 122 160 159 87 90 123 96 107 163 88 149 158 144 91 130 173 174
125 86 105 100 163 167 123 130 148 166 98 87 109 85 110 146 102 159 136 94 173 174
132 138 90 104 165 129 102 160 121 164 94 86 140 149 105 127 167 106 153 175 176
138 94 162 127 143 152 87 128 165 109 160 85 104 107 96 88 91 121 176 177
102 90 156 123 145 121 158 167 96 144 153 88 157 143 91 115 170 171
90 150 145 112 107 97 163 153 162 139 166 143 115 119 105 95 156 85 168 169
84 107 149 158 130 139 148 157 129 88 110 96 166 146 123 150 104 85 168 181
107 156 165 98 87 155 126 104 91 162 86 111 110 128 170 171
150 164 112 85 142 104 96 94 158 105 97 111 144 136 128 160 178 179
105 148 91 152 129 110 86 166 103 146 155 123 159 109 145 98 117 96 170 171
148 127 100 111 130 95 106 149 117 85 157 91 121 94 177 178
94 111 110 119 123 109 156 155 164 122 117 86 144 139 143 168 169
111 167 144 108 97 166 152 95 87 146 141 136 145 110 112 91 171 172
109 118 127 145 112 89 108 91 162 121 143 110 119 98 133 128 171 172
118 165 146 155 164 141 110 127 145 122 86 149 162 166 95 152 129 87 133 119 128 172 173
157 167 135 119 100 149 152 103 133 144 106 128 165 164 153 104 145 88 179 180
167 119 100 103 144 106 163 158 104 121 86 135 165 180 181
86 134 129 133 142 128 146 164 145 104 126 103 89 85 168 181
127 162 134 142 128 96 159 163 140 149 100 95 106 87 174 175
134 156 142 119 108 164 145 130 98 117 163 149 144 123 143 96 129 175 176
145 156 112 159 110 129 158 119 152 95 98 177 178
87 108 126 89 139 166 143 100 156 142 155 123 122 140 168 181
108 162 130 115 128 96 156 164 141 136 122 89 100 171 172
135 143 122 95 85 129 159 136 96 144 126 139 119 175 176
98 117 121 85 153 139 152 106 115 119 160 146 155 141 122 169 170
117 126 104 163 149 153 162 129 97 100 156 155 95 123 136 172 173
164 165 85 126 140 129 91 159 143 89 119 160 130 155 180 181
126 146 155 141 123 85 96 149 158 162 89 130 152 100 133 174 175
162 119 149 130 103 95 144 106 85 142 88 121 180 181
85 165 143 115 96 168 181
165 88 140 91 159 89 97 119 130 141 95 155 180 181
91 96 128 146 104 122 140 152 97 106 133 168 169
96 146 141 140 103 121 133 169 170
119 163 130 142 89 159 110 172 173
100 163 153 143 115 166 128 122 103 88 169 170
163 141 130 103 133 156 112 88 159 97 180 181
141 115 152 129 140 121 146 155 136 128 176 177
143 152 97 130 146 139 142 121 144 153 176 177
152 97 153 149 106 136 142 159 140 178 179
112 146 159 122 140 121 88 144 166 89 97 95 171 172
146 166 121 156 160 103 144 177 178
155 115 140 158 97 95 128 159 178 179
129 160 159 123 104 158 88 110 133 174 175
88 166 156 160 128 136 122 149 106 168 181
166 160 130 103 106 128 139 153 104 180 181
121 142 158 153 130 103 173 174
97 153 139 133 156 160 159 104 169 170
153 130 106 128 158 142 178 179
139 140 149 89 130 103 106 104 160 176 177
140 123 115 89 144 130 103 176 177
136 104 158 89 103 133 159 128 175 176
149 103 122 123 115 156 177 178
89 106 115 133 142 110 156 168 181
115 160 106 144 104 128 110 172 173
159 133 95 179 180
156 110 130 95 123 179 180
133 144 106 128 175 176
142 158 103 104 110 176 177
110 160 106 144 171 172
160 122 158 179 180
130 123 174 175
103 158 95 170 171
123 144 128 173 174
104 158 170 171
122 158 128 173 174
144 95 177 178
158 179 180
95 168 169
106 128 170 171
128 174 175
168
169
170
171
172
173
174
175
176
177
178
179
180
181
