#/usr/local/lib/python3.10/dist-packages/colab_kernel_launcher.py -f /root/.local/share/jupyter/runtime/kernel-6c0fbf18-c276-4b2d-9452-8819c27dba4d.json
# GMT Sat May 25 01:43:54 2024
# 
15 21 30 14 3 16 25 6 9 1 12 4 20 29 24 19 7 28 23 32 18 10 2 5 13 27 8 22 31 11 0 17 26 66 67 69 70 72 73 75 76 78 79 81 82
21 18 7 32 27 22 31 10 26 2 30 5 13 16 8 19 0 11 25 14 3 29 24 6 28 23 17 9 1 20 12 4 66 67 69 70 72 73 75 76 78 79 81 82
7 17 26 12 30 16 11 2 5 25 20 29 24 10 19 28 0 14 23 9 3 6 1 32 18 27 13 22 31 4 8 66 68 69 71 72 74 75 77 78 80 81 83
17 10 25 2 20 29 24 19 5 28 13 23 16 8 0 11 14 3 32 18 27 6 22 31 26 9 30 1 12 4 66 67 69 70 72 73 75 76 78 79 81 82
30 26 18 9 10 29 2 4 5 13 24 16 31 27 19 8 11 22 3 14 6 28 0 1 20 12 23 32 25 67 68 70 71 73 74 76 77 79 80 82 83
26 18 10 2 5 13 24 16 29 8 19 0 11 28 22 32 3 14 25 6 9 1 20 12 23 27 4 31 67 68 70 71 73 74 76 77 79 80 82 83
18 8 3 14 16 6 11 0 1 25 20 29 24 19 28 23 9 10 2 12 4 5 13 32 27 22 31 66 67 69 70 72 73 75 76 78 79 81 82
29 32 25 31 6 28 9 1 20 12 23 4 10 2 5 24 13 16 27 19 8 0 11 22 3 14 67 68 70 71 73 74 76 77 79 80 82 83
32 2 22 14 24 13 16 6 19 8 0 11 1 20 31 3 25 28 9 10 12 23 4 5 27 67 68 70 71 73 74 76 77 79 80 82 83
8 9 2 5 27 13 22 31 12 0 16 11 3 6 1 25 20 24 4 10 19 28 14 23 66 68 69 71 72 74 75 77 78 80 81 83
9 0 3 25 11 20 24 6 10 19 28 14 1 4 23 27 13 22 31 2 12 5 16 66 68 69 71 72 74 75 77 78 80 81 83
0 5 14 23 27 4 13 22 31 3 12 16 2 25 11 20 6 24 1 10 19 28 66 68 69 71 72 74 75 77 78 80 81 83
5 3 27 22 31 12 16 25 1 11 6 4 20 2 24 10 19 28 14 23 13 66 68 69 71 72 74 75 77 78 80 81 83
11 14 23 10 2 4 27 13 22 31 12 16 3 6 25 20 1 24 19 28 66 67 69 70 72 73 75 76 78 79 81 82
14 24 19 28 3 23 6 1 12 4 27 22 31 16 25 10 2 13 20 66 67 69 70 72 73 75 76 78 79 81 82
23 22 3 6 25 24 1 20 28 12 10 2 27 4 31 13 16 19 67 68 70 71 73 74 76 77 79 80 82 83
10 27 22 31 3 12 6 16 25 1 4 20 24 19 28 2 13 66 68 69 71 72 74 75 77 78 80 81 83
27 2 22 13 24 16 31 19 3 25 6 1 20 12 4 28 67 68 70 71 73 74 76 77 79 80 82 83
2 13 22 31 3 12 16 25 20 6 24 19 28 4 1 66 68 69 71 72 74 75 77 78 80 81 83
3 6 24 19 28 4 13 22 31 12 16 25 1 20 66 68 69 71 72 74 75 77 78 80 81 83
6 24 19 28 13 4 22 31 12 16 25 20 1 66 68 69 71 72 74 75 77 78 80 81 83
22 28 13 16 19 31 25 1 20 12 4 24 67 68 70 71 73 74 76 77 79 80 82 83
28 25 1 20 12 4 31 24 13 16 19 67 68 70 71 73 74 76 77 79 80 82 83
24 31 1 20 12 25 4 13 16 19 67 68 70 71 73 74 76 77 79 80 82 83
16 31 13 25 20 19 1 12 4 66 67 69 70 72 73 75 76 78 79 81 82
12 25 20 19 13 31 1 4 66 67 69 70 72 73 75 76 78 79 81 82
25 4 19 31 13 1 20 67 68 70 71 73 74 76 77 79 80 82 83
31 13 19 1 20 4 67 68 70 71 73 74 76 77 79 80 82 83
19 1 4 13 20 66 67 69 70 72 73 75 76 78 79 81 82
13 1 20 4 66 67 69 70 72 73 75 76 78 79 81 82
20 4 1 66 67 69 70 72 73 75 76 78 79 81 82
4 1 66 68 69 71 72 74 75 77 78 80 81 83
1 66 68 69 71 72 74 75 77 78 80 81 83
48 54 63 36 47 49 58 39 42 34 45 37 53 62 57 52 40 61 56 65 51 43 35 38 46 60 41 55 64 33 44 50 59 66 67 69 70 72 73 75 76 78 79 81 82
54 51 40 65 60 55 64 43 59 35 63 38 46 49 52 41 33 44 58 36 47 62 57 39 61 56 50 42 34 53 45 37 66 67 69 70 72 73 75 76 78 79 81 82
40 50 59 45 63 49 44 35 38 58 53 62 57 43 52 61 33 47 56 42 36 39 34 65 51 60 46 55 64 37 41 66 68 69 71 72 74 75 77 78 80 81 83
50 43 58 35 53 62 57 38 52 61 46 56 49 41 33 44 36 47 65 51 60 39 55 64 59 42 63 34 45 37 66 67 69 70 72 73 75 76 78 79 81 82
63 59 51 42 43 62 35 37 38 57 46 49 64 60 52 41 44 55 36 47 39 61 33 34 53 45 56 65 58 67 68 70 71 73 74 76 77 79 80 82 83
59 51 43 35 38 46 57 49 62 52 41 33 44 61 55 65 47 36 58 39 42 34 53 56 45 60 37 64 67 68 70 71 73 74 76 77 79 80 82 83
51 41 47 36 49 39 33 44 34 58 53 62 57 52 61 56 42 43 35 45 37 38 46 65 60 55 64 66 67 69 70 72 73 75 76 78 79 81 82
62 65 58 39 64 61 42 34 53 45 56 37 43 35 38 46 57 49 60 52 41 44 33 55 36 47 67 68 70 71 73 74 76 77 79 80 82 83
65 35 55 47 46 57 49 39 41 52 33 44 34 53 64 36 58 61 42 43 45 56 37 38 60 67 68 70 71 73 74 76 77 79 80 82 83
41 42 35 38 60 46 55 64 45 33 49 44 36 39 34 58 53 57 37 43 52 61 47 56 66 68 69 71 72 74 75 77 78 80 81 83
42 33 36 58 44 53 57 39 43 52 61 47 34 37 56 60 46 55 64 35 45 38 49 66 68 69 71 72 74 75 77 78 80 81 83
33 38 47 56 60 37 46 55 64 36 45 49 35 58 44 53 39 57 34 43 52 61 66 68 69 71 72 74 75 77 78 80 81 83
38 36 60 55 64 45 49 58 34 44 39 37 53 35 57 43 52 61 47 56 46 66 68 69 71 72 74 75 77 78 80 81 83
47 44 57 52 61 36 56 39 34 45 37 60 55 64 49 58 43 35 46 53 66 67 69 70 72 73 75 76 78 79 81 82
44 56 43 35 37 60 46 55 64 45 49 36 39 58 53 34 57 52 61 66 67 69 70 72 73 75 76 78 79 81 82
56 55 36 39 58 57 34 53 61 45 43 35 60 37 64 46 49 52 67 68 70 71 73 74 76 77 79 80 82 83
43 60 55 64 36 45 39 49 58 34 37 53 57 52 61 35 46 66 68 69 71 72 74 75 77 78 80 81 83
60 35 55 46 57 49 64 52 36 58 39 34 53 45 37 61 67 68 70 71 73 74 76 77 79 80 82 83
35 46 55 64 36 45 49 58 53 39 57 52 61 37 34 66 68 69 71 72 74 75 77 78 80 81 83
36 39 57 52 61 37 46 55 64 45 49 58 34 53 66 68 69 71 72 74 75 77 78 80 81 83
39 57 52 61 46 37 55 64 45 49 58 53 34 66 68 69 71 72 74 75 77 78 80 81 83
55 61 46 49 52 64 58 34 53 45 37 57 67 68 70 71 73 74 76 77 79 80 82 83
61 58 34 53 45 37 64 57 46 49 52 67 68 70 71 73 74 76 77 79 80 82 83
57 64 34 53 45 58 37 46 49 52 67 68 70 71 73 74 76 77 79 80 82 83
49 64 46 58 53 52 34 45 37 66 67 69 70 72 73 75 76 78 79 81 82
45 58 53 52 46 64 34 37 66 67 69 70 72 73 75 76 78 79 81 82
58 37 52 64 46 34 53 67 68 70 71 73 74 76 77 79 80 82 83
64 46 52 34 53 37 67 68 70 71 73 74 76 77 79 80 82 83
52 34 37 46 53 66 67 69 70 72 73 75 76 78 79 81 82
46 34 53 37 66 67 69 70 72 73 75 76 78 79 81 82
53 37 34 66 67 69 70 72 73 75 76 78 79 81 82
37 34 66 68 69 71 72 74 75 77 78 80 81 83
34 66 68 69 71 72 74 75 77 78 80 81 83
66
67
68
69
70
71
72
73
74
75
76
77
78
79
80
81
82
83
