#/usr/local/lib/python3.10/dist-packages/colab_kernel_launcher.py -f /root/.local/share/jupyter/runtime/kernel-2119b688-3f38-4b5a-b3d6-e140ef2e0719.json
# GMT Fri May 24 11:18:04 2024
# 
17 58 48 25 61 2 38 5 28 16 70 0 60 3 27 6 40 30 62 39 52 29 42 19 11 14 64 41 18 54 21 9 15 63 53 66 43 20 56 13 23 65 55 32 68 45 22 35 4 7 67 44 57 10 34 47 24 37 8 69 46 59 36 49 26 144 147 148 151 152 155 156 159
58 48 62 50 51 32 65 34 46 64 11 14 44 25 56 28 9 10 12 66 42 27 57 41 13 68 67 23 4 5 70 35 7 37 21 22 52 24 54 55 69 6 36 59 8 38 39 53 71 61 18 30 2 16 60 47 49 63 1 31 3 33 15 45 146 147 150 151 154 155 158 159
36 71 48 38 51 11 14 60 25 50 63 40 28 9 1 31 12 15 62 29 52 65 32 42 64 54 44 23 4 26 7 53 10 66 43 21 56 24 27 8 55 68 45 18 67 57 2 70 47 5 16 19 0 22 3 69 33 46 59 49 39 20 34 145 146 149 150 153 154 157 158
71 66 39 69 20 50 53 34 67 30 11 14 44 25 47 28 9 1 31 61 12 42 64 15 45 48 29 59 51 32 62 13 65 46 23 4 26 7 37 10 40 70 21 24 54 27 57 38 60 41 18 2 5 35 16 68 19 49 0 22 33 55 6 146 147 150 151 154 155 158 159
28 67 22 3 57 34 47 6 37 69 46 59 49 11 14 48 61 25 38 9 1 12 70 60 50 63 40 30 13 62 39 52 42 23 4 26 51 7 64 10 54 31 24 27 8 53 66 43 56 65 18 55 32 68 45 2 35 5 16 19 0 144 145 148 149 152 153 156 157
67 9 1 31 61 12 42 64 15 45 48 29 59 60 32 62 13 23 4 26 56 7 37 40 21 43 24 54 55 27 57 8 39 41 18 2 5 19 49 0 22 52 3 33 63 66 68 20 50 51 53 34 65 70 30 14 44 25 69 47 146 147 150 151 154 155 158 159
29 32 68 45 35 18 57 70 47 2 37 16 19 0 69 46 3 59 6 49 20 48 61 38 51 11 60 14 50 63 25 40 30 9 1 12 15 62 39 52 42 13 64 41 31 44 23 4 26 7 53 66 43 10 56 33 21 24 27 65 55 144 145 148 149 152 153 156 157
32 55 68 13 45 35 57 70 47 23 5 7 69 21 22 59 24 49 6 8 20 48 61 38 51 18 30 2 50 14 63 40 16 19 0 1 31 3 15 62 52 65 42 64 41 54 11 25 26 53 66 43 10 56 33 12 46 27 144 145 148 149 152 153 156 157
8 9 51 64 41 54 31 44 21 11 53 66 43 56 33 10 23 2 55 45 35 12 0 3 6 57 34 47 24 37 14 69 46 59 13 49 26 16 48 1 25 61 38 15 18 70 60 50 27 63 40 30 62 39 52 42 4 19 7 144 147 148 151 152 155 156 159
9 44 57 34 11 47 24 14 56 69 46 23 59 13 2 26 5 16 68 0 48 3 25 61 38 15 6 70 60 37 50 27 40 49 62 52 19 1 51 64 41 18 54 31 21 63 43 20 10 4 42 7 55 45 22 35 12 144 147 148 151 152 155 156 159
0 5 70 60 37 50 27 4 40 7 49 62 39 52 6 42 19 51 64 41 18 54 31 63 53 30 66 43 20 33 10 65 55 68 45 22 35 2 44 34 11 47 1 14 56 69 46 59 13 26 3 16 48 25 61 38 144 147 148 151 152 155 156 159
5 60 3 50 27 63 30 7 62 52 42 19 64 41 54 31 44 21 1 11 53 66 43 20 56 33 10 23 13 65 55 68 45 22 35 12 25 4 57 34 47 24 37 14 46 59 49 39 16 6 48 38 2 15 51 18 144 147 148 151 152 155 156 159
40 41 54 2 44 35 16 19 53 22 66 3 43 33 56 6 20 65 34 55 68 45 30 11 57 14 25 1 31 12 15 69 46 49 13 48 61 51 23 26 60 7 37 50 63 10 21 24 27 38 62 52 42 18 64 145 146 149 150 153 154 157 158
41 21 24 38 39 64 54 44 53 18 66 43 56 2 35 16 19 55 22 68 3 45 33 20 34 70 47 30 11 69 46 59 14 49 25 1 31 15 48 61 51 13 60 50 63 23 4 26 62 7 37 52 10 65 145 146 149 150 153 154 157 158
6 48 61 38 15 51 18 60 50 27 63 2 30 7 20 1 62 3 52 65 42 19 64 54 31 44 21 11 53 43 56 33 10 46 23 13 55 45 22 35 12 25 57 34 47 24 37 4 69 59 49 26 39 16 144 147 148 151 152 155 156 159
48 39 20 34 57 70 11 69 14 59 25 47 49 1 31 12 42 15 45 61 51 13 46 60 50 63 53 23 4 26 37 62 10 52 65 21 43 24 27 38 54 18 66 2 56 16 19 22 3 33 145 146 149 150 153 154 157 158
11 14 56 10 69 46 59 49 26 16 61 38 15 70 60 37 50 4 27 30 3 62 39 52 42 19 51 64 18 54 31 21 63 53 43 20 1 33 23 65 55 68 45 22 35 44 57 34 47 24 144 147 148 151 152 155 156 159
14 24 37 1 46 12 59 49 16 13 61 38 15 51 18 60 50 4 27 63 7 30 10 62 52 42 19 64 54 31 44 2 53 66 43 20 56 33 3 23 65 55 45 35 25 57 34 70 47 144 147 148 151 152 155 156 159
68 59 51 62 13 65 46 23 25 26 56 7 37 10 21 43 24 54 27 57 60 18 2 4 35 16 19 49 22 52 3 33 63 55 66 39 20 50 70 34 69 30 44 47 1 31 61 12 42 64 15 146 147 150 151 154 155 158 159
21 64 7 31 10 63 53 66 43 33 23 65 55 18 45 22 35 2 16 19 44 57 34 3 47 24 20 56 69 59 49 26 25 61 38 1 70 12 60 15 37 30 13 62 39 52 42 4 51 144 145 148 149 152 153 156 157
64 43 24 54 27 57 38 60 70 2 35 16 19 49 22 52 3 33 63 55 39 20 50 34 30 65 44 25 1 31 61 12 42 15 45 59 51 13 46 66 4 26 56 7 37 10 146 147 150 151 154 155 158 159
33 38 70 23 60 4 26 50 7 63 10 27 62 39 52 42 51 18 54 44 2 16 19 53 66 22 3 20 65 55 45 35 30 57 34 47 37 25 1 31 12 69 46 15 59 49 61 144 145 148 149 152 153 156 157
38 51 20 54 34 53 43 30 56 25 65 1 31 55 45 15 13 44 57 47 69 46 23 4 49 7 37 10 24 27 61 70 60 50 63 18 2 35 16 62 39 52 19 22 3 145 146 149 150 153 154 157 158
25 34 15 47 56 69 46 59 26 61 10 12 24 60 37 27 13 49 62 39 52 42 23 4 7 51 19 22 3 63 20 53 30 43 65 18 55 2 45 35 16 1 57 144 145 148 149 152 153 156 157
34 1 31 12 61 51 13 60 50 63 23 4 39 26 52 7 42 10 24 54 44 53 66 43 18 56 2 16 65 19 55 22 45 3 20 57 70 47 69 30 46 59 49 144 145 148 149 152 153 156 157
10 54 31 44 4 66 43 7 20 56 23 13 65 55 45 22 35 12 57 70 47 24 37 2 69 46 59 49 3 39 16 61 15 51 60 27 63 1 62 52 19 144 147 148 151 152 155 156 159
54 43 24 27 66 56 18 65 2 55 35 16 49 22 52 3 57 39 70 20 50 53 69 59 30 44 61 31 12 42 45 60 51 13 63 46 62 23 4 26 7 37 146 147 150 151 154 155 158 159
2 50 27 30 7 39 52 42 19 31 63 53 66 43 20 23 65 55 45 35 12 44 47 37 4 69 46 59 13 49 26 3 16 61 15 18 70 1 60 144 147 148 151 152 155 156 159
50 35 16 61 19 49 51 22 3 60 39 20 63 62 52 30 44 47 31 12 42 15 45 13 53 66 46 56 65 23 26 7 37 43 24 57 27 70 69 59 18 145 146 149 150 153 154 157 158
3 15 18 70 60 27 30 1 62 39 52 42 19 51 31 53 66 43 20 56 55 45 22 35 12 57 47 24 37 4 69 46 59 13 49 26 16 144 147 148 151 152 155 156 159
15 57 70 47 24 37 69 46 59 26 39 16 1 12 61 51 13 27 63 30 62 52 4 42 19 7 31 44 53 66 43 20 56 23 65 55 45 22 35 144 147 148 151 152 155 156 159
22 13 60 63 53 30 62 4 52 65 7 42 31 44 66 43 56 18 46 16 55 19 45 35 20 57 70 47 24 37 27 59 49 26 39 1 12 61 144 145 148 149 152 153 156 157
24 31 1 44 12 53 66 43 56 65 55 45 35 23 4 7 57 70 47 37 69 46 26 18 61 51 16 19 60 27 63 20 30 62 39 52 144 145 148 149 152 153 156 157
66 23 26 56 7 37 43 27 57 60 18 35 16 19 49 52 63 55 39 20 53 30 44 47 70 1 31 61 42 45 69 59 51 62 13 65 46 146 147 150 151 154 155 158 159
13 65 55 45 35 57 47 37 12 69 46 59 26 16 61 4 18 7 70 27 63 30 62 39 52 42 19 51 31 44 1 43 20 56 23 144 147 148 151 152 155 156 159
65 23 4 70 7 52 69 39 53 18 35 16 47 19 49 31 63 20 51 62 46 30 44 26 56 61 12 42 45 27 57 59 60 146 147 150 151 154 155 158 159
16 70 60 37 27 30 39 42 19 1 12 18 63 53 43 20 23 4 7 45 44 57 47 56 69 46 59 49 26 61 144 147 148 151 152 155 156 159
70 47 1 31 61 45 59 62 46 26 56 12 42 43 27 57 60 23 4 35 7 19 49 52 55 39 69 20 53 18 30 44 146 147 150 151 154 155 158 159
55 61 63 23 4 26 37 62 43 27 56 35 19 49 52 39 20 51 53 57 60 30 44 69 59 47 1 31 12 42 45 146 147 150 151 154 155 158 159
61 39 20 53 69 30 44 47 1 31 42 59 51 63 46 62 23 4 26 7 37 43 27 60 18 35 19 49 52 146 147 150 151 154 155 158 159
47 57 1 31 12 42 45 69 59 49 46 51 23 4 7 37 60 43 27 62 52 18 35 53 56 39 20 30 145 146 149 150 153 154 157 158
57 31 12 42 45 51 46 23 26 56 7 37 43 27 69 59 18 35 19 49 52 39 60 53 63 62 30 44 146 147 150 151 154 155 158 159
7 63 53 20 56 23 45 35 12 44 37 69 46 1 59 49 26 60 27 4 30 62 39 42 19 51 18 144 147 148 151 152 155 156 159
59 30 44 31 12 42 69 51 46 23 4 26 56 37 60 43 27 62 18 35 19 52 39 20 53 146 147 150 151 154 155 158 159
18 30 62 39 42 19 51 31 53 1 43 20 56 23 45 35 37 12 69 46 49 26 4 27 63 144 145 148 149 152 153 156 157
30 69 46 4 49 19 20 51 60 63 39 52 1 12 31 44 53 43 56 23 26 27 35 37 144 145 148 149 152 153 156 157
60 35 19 49 20 51 53 44 1 31 12 42 45 69 23 4 26 56 37 43 27 63 62 146 147 150 151 154 155 158 159
45 23 69 4 46 26 49 43 51 63 35 62 52 39 20 53 56 44 1 31 12 42 145 146 149 150 153 154 157 158
31 27 37 46 49 39 51 19 63 20 62 42 1 12 44 53 43 56 35 4 26 144 145 148 149 152 153 156 157
27 19 44 43 56 35 12 37 69 49 39 23 4 51 26 63 53 62 52 42 144 145 148 149 152 153 156 157
51 39 20 44 49 1 46 63 26 62 52 12 42 43 56 23 4 35 37 19 145 146 149 150 153 154 157 158
43 44 23 4 26 37 56 35 19 69 49 20 63 1 53 12 42 62 52 145 146 149 150 153 154 157 158
35 63 62 39 52 23 4 26 44 53 19 37 20 69 46 49 1 12 144 145 148 149 152 153 156 157
37 63 1 53 12 56 44 23 26 69 46 49 4 20 62 39 52 42 145 146 149 150 153 154 157 158
1 4 69 49 26 39 63 20 62 52 42 19 44 53 56 46 23 12 144 147 148 151 152 155 156 159
44 12 42 69 46 49 4 19 63 39 20 62 52 53 56 23 26 145 146 149 150 153 154 157 158
39 63 19 53 62 20 42 26 56 12 46 23 4 69 49 145 146 149 150 153 154 157 158
62 19 52 69 20 63 12 42 46 23 4 26 56 146 147 150 151 154 155 158 159
69 12 42 46 23 4 26 19 49 52 63 20 53 146 147 150 151 154 155 158 159
20 52 42 19 53 56 23 12 46 49 26 144 145 148 149 152 153 156 157
12 46 49 26 4 52 42 19 63 53 56 23 144 147 148 151 152 155 156 159
4 63 53 42 46 23 26 49 52 19 144 147 148 151 152 155 156 159
63 19 49 52 53 46 26 56 42 146 147 150 151 154 155 158 159
42 46 19 52 53 56 23 26 145 146 149 150 153 154 157 158
23 53 56 46 49 26 52 144 145 148 149 152 153 156 157
53 26 19 49 52 56 46 145 146 149 150 153 154 157 158
19 52 56 46 26 144 145 148 149 152 153 156 157
56 26 49 52 46 146 147 150 151 154 155 158 159
49 52 46 26 145 146 149 150 153 154 157 158
46 52 145 146 149 150 153 154 157 158
26 52 144 145 148 149 152 153 156 157
52 145 146 149 150 153 154 157 158
89 130 143 120 97 133 74 110 77 100 88 132 75 122 99 78 102 134 111 124 101 114 91 123 86 136 113 90 126 103 93 81 73 84 87 138 115 92 128 105 85 137 127 104 140 117 94 107 76 79 139 116 129 82 106 119 96 109 80 141 118 131 108 121 98 144 147 148 151 152 155 156 159
130 120 134 122 123 137 106 118 136 83 86 116 98 128 100 81 82 112 84 138 114 115 99 129 101 113 85 95 76 77 142 107 79 109 93 94 124 96 126 127 141 131 110 111 92 125 143 133 90 102 74 88 132 119 91 121 135 72 73 103 75 105 87 117 146 147 150 151 154 155 158 159
108 143 120 133 123 83 86 132 97 122 135 112 100 81 73 103 84 87 134 101 124 137 104 114 85 136 113 126 95 76 98 79 125 82 138 115 128 96 99 80 127 140 90 139 129 74 142 119 77 107 109 88 91 72 94 75 141 105 131 78 121 111 92 106 145 146 149 150 153 154 157 158
143 138 111 141 92 122 125 106 139 83 86 97 119 100 81 73 133 84 114 136 87 117 120 101 131 123 104 134 85 137 118 95 76 128 79 82 112 142 93 115 96 99 80 110 132 113 90 74 77 107 88 140 91 121 72 94 124 75 105 135 127 78 146 147 150 151 154 155 158 159
100 139 94 129 106 119 78 109 92 141 118 131 121 83 86 120 133 97 110 81 73 84 142 87 132 122 135 112 102 134 111 101 114 95 76 98 123 136 113 82 126 103 93 116 96 99 80 138 115 128 105 137 90 127 104 140 117 107 77 88 91 144 145 148 149 152 153 156 157
139 81 73 103 84 114 136 87 117 120 101 131 132 104 134 85 118 95 76 98 128 79 109 82 112 93 96 127 99 129 80 110 111 113 90 74 77 107 88 91 121 94 75 135 78 138 140 92 122 123 125 106 137 142 102 83 86 116 97 141 119 146 147 150 151 154 155 158 159
101 104 140 117 107 90 106 142 119 109 77 88 91 72 141 94 118 75 131 78 121 92 133 110 123 83 132 122 135 97 112 102 73 84 87 134 111 124 114 85 136 113 126 103 116 95 76 98 79 125 115 82 128 105 93 96 99 80 137 144 145 148 149 152 153 156 157
104 127 140 85 117 107 129 106 142 119 95 109 76 77 79 141 93 94 131 96 78 111 80 92 120 110 123 90 102 74 122 86 135 112 88 91 72 73 103 75 87 124 137 114 136 113 126 116 83 97 98 125 115 81 82 128 105 84 118 144 145 148 149 152 153 156 157
80 81 136 113 126 103 116 93 125 138 92 128 105 82 95 74 137 77 127 140 117 94 107 84 72 75 78 129 106 119 96 109 86 141 118 131 85 121 98 88 120 73 97 133 87 90 142 132 122 99 135 112 102 134 111 124 76 91 144 147 148 151 152 155 156 159
81 116 129 106 83 96 86 128 141 118 95 131 98 77 88 140 72 120 75 97 133 110 87 78 142 132 109 122 112 121 111 124 91 73 123 136 113 90 126 103 135 125 102 138 115 92 105 82 76 137 114 79 127 117 94 107 84 144 147 148 151 152 155 156 159
72 77 142 132 122 99 76 112 79 121 134 111 124 78 114 91 123 136 113 90 126 103 93 135 125 102 138 115 92 105 82 95 137 127 117 94 107 84 74 116 106 83 119 73 86 128 141 118 131 85 98 75 88 120 97 133 110 87 144 147 148 151 152 155 156 159
77 132 122 99 135 112 102 79 134 124 114 91 136 113 103 116 93 83 138 115 92 128 105 82 95 85 137 127 140 117 94 107 84 76 129 106 142 119 96 109 86 141 131 121 98 111 88 78 120 133 74 87 123 90 144 147 148 151 152 155 156 159
112 113 126 74 116 107 91 125 94 138 75 115 105 128 111 92 137 106 127 140 102 83 129 86 119 97 73 103 84 87 118 121 85 120 133 123 95 76 98 132 79 109 122 135 82 93 96 99 110 134 124 114 90 136 145 146 149 150 153 154 157 158
113 114 96 99 110 111 136 126 116 125 138 115 128 74 107 88 91 94 140 75 117 78 92 106 129 142 119 102 83 141 118 131 86 121 97 73 103 84 87 120 133 85 132 122 135 95 76 98 134 109 124 82 145 146 149 150 153 154 157 158
78 120 133 110 123 90 132 122 99 135 74 102 79 92 73 134 75 124 137 114 91 136 103 93 83 125 138 115 105 118 95 85 127 140 117 94 107 84 97 129 106 142 119 96 109 86 76 141 131 121 98 111 88 144 147 148 151 152 155 156 159
120 111 92 106 129 142 102 83 86 116 131 97 119 121 73 103 84 114 87 117 133 123 85 118 132 122 95 76 98 79 109 134 82 124 93 115 96 99 136 126 90 138 74 128 107 88 91 94 75 105 140 145 146 149 150 153 154 157 158
83 86 79 128 82 141 118 131 85 121 98 88 97 133 110 87 142 132 74 109 76 99 102 75 134 111 124 114 91 123 136 90 126 103 93 135 125 138 115 73 105 95 137 127 140 94 84 116 129 106 96 144 147 148 151 152 155 156 159
86 96 109 73 141 118 84 131 121 98 88 85 133 110 87 123 90 132 122 76 99 135 79 102 82 111 124 114 136 126 103 116 74 125 115 92 105 75 95 127 140 117 94 107 97 129 106 142 119 144 147 148 151 152 155 156 159
140 131 123 134 85 137 118 95 97 98 128 79 109 82 93 115 96 126 99 129 90 74 76 107 91 121 94 124 75 105 135 127 138 111 92 122 142 125 106 141 102 119 73 103 133 84 136 87 117 146 147 150 151 154 155 158 159
93 136 79 126 103 135 125 138 115 105 95 137 127 90 117 94 107 74 88 91 116 129 106 75 119 96 128 141 118 131 121 98 97 133 110 73 142 84 132 87 109 122 99 102 85 134 111 114 76 123 144 145 148 149 152 153 156 157
136 96 126 99 110 132 142 141 90 74 107 88 94 75 105 127 111 92 122 125 106 102 137 116 97 119 73 103 133 84 114 117 131 123 134 85 118 138 95 76 98 128 79 109 82 146 147 150 151 154 155 158 159
114 116 129 90 141 76 118 107 131 88 121 91 94 75 105 111 133 92 106 142 132 122 102 97 134 73 124 103 84 87 123 85 126 135 138 115 128 95 79 109 137 127 96 117 99 110 145 146 149 150 153 154 157 158
105 110 142 95 132 76 98 122 79 135 82 96 99 134 111 124 123 90 126 116 74 88 91 125 138 115 94 128 75 92 137 127 117 102 129 106 119 109 97 103 118 87 131 85 133 144 145 148 149 152 153 156 157
110 123 92 126 106 125 138 115 102 128 97 137 73 103 127 84 117 87 85 116 129 119 141 118 95 131 76 98 121 79 109 82 96 99 133 142 132 135 90 74 107 88 134 111 124 91 75 145 146 149 150 153 154 157 158
97 106 87 119 128 141 131 82 84 142 96 132 109 122 99 85 121 134 111 124 95 76 79 123 91 126 103 94 75 92 125 102 138 115 137 90 127 74 107 88 73 116 129 144 145 148 149 152 153 156 157
106 73 103 84 87 123 132 122 135 95 76 134 111 98 124 79 82 96 99 126 116 125 138 115 128 74 88 137 91 127 94 117 75 107 129 142 109 141 118 121 144 145 148 149 152 153 156 157
116 119 82 84 115 99 141 118 131 121 133 90 123 76 107 79 109 132 91 122 135 94 75 111 92 124 102 74 126 88 73 103 125 138 87 128 137 127 117 95 129 98 142 145 146 149 150 153 154 157 158
119 129 142 103 84 87 117 141 131 121 85 118 133 123 95 76 98 79 109 132 82 122 135 115 99 134 124 137 90 74 126 107 88 91 94 125 138 128 111 92 127 102 145 146 149 150 153 154 157 158
74 122 99 102 79 134 111 124 91 123 126 103 135 125 138 115 128 82 95 137 127 117 94 107 129 96 109 76 141 118 131 85 121 98 75 88 133 90 142 73 132 144 147 148 151 152 155 156 159
122 107 88 91 121 123 94 75 132 111 92 134 124 102 73 103 84 126 87 117 125 138 118 128 137 95 76 98 79 109 82 115 96 129 99 142 141 90 145 146 149 150 153 154 157 158
75 87 90 142 132 99 135 79 73 134 111 124 91 126 103 125 138 115 92 128 82 95 137 127 117 107 84 129 96 76 141 118 131 85 121 98 88 133 144 147 148 151 152 155 156 159
87 142 96 109 141 131 98 111 88 73 84 133 123 90 85 132 99 135 102 134 124 76 91 79 82 126 103 125 138 115 92 95 137 127 117 94 107 144 147 148 151 152 155 156 159
94 85 132 135 102 134 76 124 137 79 82 126 103 138 128 90 118 95 88 91 107 92 129 142 96 109 99 131 121 98 111 73 84 133 123 144 145 148 149 152 153 156 157
96 126 84 125 138 115 128 85 137 127 107 95 76 79 82 129 142 109 141 118 131 121 98 90 133 88 91 132 99 135 92 102 134 111 124 144 145 148 149 152 153 156 157
138 76 98 128 79 109 115 126 99 129 132 90 107 88 121 124 135 127 92 125 102 142 73 103 133 84 117 141 131 123 134 85 137 118 146 147 150 151 154 155 158 159
85 137 127 117 107 129 82 109 84 141 118 131 121 98 88 133 76 90 79 142 132 99 135 102 134 111 91 123 126 103 73 125 115 92 128 144 147 148 151 152 155 156 159
137 95 76 142 79 109 82 124 126 127 141 111 125 90 107 91 73 103 135 92 123 134 102 98 128 133 84 115 117 99 129 132 146 147 150 151 154 155 158 159
88 142 132 99 102 134 111 124 91 73 84 123 90 126 103 135 125 115 92 95 79 127 82 117 129 128 141 118 121 98 133 144 147 148 151 152 155 156 159
142 73 103 133 135 117 131 123 134 98 128 82 84 115 126 129 95 107 79 109 91 121 124 127 111 141 125 90 102 146 147 150 151 154 155 158 159
127 133 118 135 95 98 79 109 82 134 115 126 90 128 107 91 121 124 111 92 123 125 129 132 102 141 131 73 103 84 117 146 147 150 151 154 155 158 159
133 111 92 125 141 102 73 103 84 117 131 123 134 95 76 98 128 79 109 82 115 126 99 129 132 90 107 91 121 124 146 147 150 151 154 155 158 159
129 73 103 84 117 123 118 95 76 98 128 109 82 115 126 99 141 131 90 107 121 124 111 92 132 125 135 134 102 146 147 150 151 154 155 158 159
79 135 115 92 128 82 117 107 84 109 141 118 73 131 121 98 132 76 102 134 111 124 91 123 90 126 103 144 147 148 151 152 155 156 159
131 102 73 84 117 141 123 118 95 76 98 128 109 132 82 135 115 126 134 90 107 91 121 124 111 92 125 146 147 150 151 154 155 158 159
90 102 134 124 91 123 103 125 73 115 128 95 117 107 109 82 84 118 121 98 76 99 135 144 145 148 149 152 153 156 157
102 141 118 76 121 91 92 123 132 135 134 124 73 84 126 103 125 115 128 95 98 82 117 99 144 145 148 149 152 153 156 157
132 107 91 121 92 123 125 103 117 118 141 95 76 98 128 109 82 115 126 99 111 135 134 146 147 150 151 154 155 158 159
117 141 76 118 98 121 109 82 115 99 123 135 107 134 91 124 111 92 126 125 128 73 103 84 145 146 149 150 153 154 157 158
126 115 99 128 107 91 121 124 111 92 125 141 73 103 84 123 135 118 134 95 76 109 146 147 150 151 154 155 158 159
99 103 91 92 115 128 118 107 73 84 109 141 121 95 76 123 98 82 135 125 134 124 144 145 148 149 152 153 156 157
123 92 141 121 73 103 118 125 98 134 82 124 84 115 128 95 107 109 91 145 146 149 150 153 154 157 158
107 135 134 111 124 95 76 82 125 128 91 109 92 141 118 121 103 84 144 145 148 149 152 153 156 157
109 135 73 103 125 84 128 95 98 82 141 118 121 76 91 92 111 124 145 146 149 150 153 154 157 158
73 76 141 121 98 111 135 92 134 124 103 125 115 128 82 118 95 84 144 147 148 151 152 155 156 159
111 135 91 125 103 92 124 98 82 115 84 118 95 76 141 121 145 146 149 150 153 154 157 158
103 141 118 121 135 92 134 125 115 128 95 76 98 144 145 148 149 152 153 156 157
82 76 125 115 128 95 84 141 118 121 98 135 134 124 91 144 147 148 151 152 155 156 159
134 91 121 124 141 92 125 135 84 118 95 76 128 115 146 147 150 151 154 155 158 159
141 84 118 95 98 115 91 121 124 135 92 125 146 147 150 151 154 155 158 159
92 76 135 124 91 125 115 128 95 84 118 121 98 144 145 148 149 152 153 156 157
84 118 98 76 124 91 135 125 115 144 147 148 151 152 155 156 159
76 135 125 115 128 118 95 98 124 144 147 148 151 152 155 156 159
135 91 121 124 125 118 95 98 128 115 146 147 150 151 154 155 158 159
115 95 98 118 91 121 125 124 145 146 149 150 153 154 157 158
95 125 128 118 121 91 124 144 145 148 149 152 153 156 157
125 98 91 121 124 128 118 145 146 149 150 153 154 157 158
91 124 128 118 121 98 144 145 148 149 152 153 156 157
128 98 121 124 118 146 147 150 151 154 155 158 159
118 98 121 124 145 146 149 150 153 154 157 158
121 124 98 145 146 149 150 153 154 157 158
98 124 144 145 148 149 152 153 156 157
124 145 146 149 150 153 154 157 158
144
145
146
147
148
149
150
151
152
153
154
155
156
157
158
159
