#/usr/local/lib/python3.10/dist-packages/colab_kernel_launcher.py -f /root/.local/share/jupyter/runtime/kernel-2119b688-3f38-4b5a-b3d6-e140ef2e0719.json
# GMT Fri May 24 12:54:33 2024
# 
13 88 22 143 77 9 24 145 37 158 92 15 30 151 72 19 140 21 142 1 76 89 144 82 124 16 137 58 71 4 115 128 62 75 51 64 119 55 68 123 57 112 167 59 127 61 103 116 105 118 39 160 162 54 96 109 3 164 111 32 45 100 113 155 12 36 25 38 27 148 161 6 95 108 29 31 152 86 99 20 33 336 343 344 351
88 56 119 132 60 71 134 5 35 136 125 39 69 50 84 14 44 25 78 29 59 107 4 27 38 164 2 113 55 6 36 17 115 117 159 64 15 45 75 161 95 79 150 163 97 110 152 165 43 99 52 82 33 63 92 67 162 1 80 31 61 46 98 70 21 131 144 133 146 68 0 135 148 72 34 137 47 28 51 32 339 340 347 348
44 155 102 115 41 49 91 93 106 148 39 95 150 163 84 97 14 152 165 143 156 23 145 158 42 8 160 81 94 136 83 96 21 151 153 87 142 76 133 67 80 9 122 24 82 58 18 126 60 73 3 141 62 64 31 53 121 134 68 110 123 57 10 112 125 46 167 103 19 105 38 52 107 54 56 32 100 11 113 26 337 338 345 346
155 129 74 153 68 8 72 102 53 83 17 81 62 92 11 145 26 45 75 60 139 90 120 163 143 24 39 118 122 103 133 63 158 108 131 142 27 106 57 87 164 121 166 40 70 55 6 85 115 157 100 130 159 19 0 94 34 43 73 126 77 107 137 7 37 22 82 67 5 35 16 150 1 80 20 114 65 95 125 342 343 350 351
32 101 143 35 90 23 37 158 79 92 160 149 162 96 138 151 85 17 153 87 11 76 144 91 146 80 148 69 82 137 20 84 126 139 18 60 128 3 75 130 132 66 121 27 55 59 72 6 48 61 63 0 105 118 52 107 122 28 9 56 111 7 115 22 104 159 51 106 16 31 108 42 97 165 10 33 154 46 336 337 344 345
101 126 11 128 26 56 37 130 60 71 5 121 134 39 99 123 84 125 114 78 29 59 116 129 118 131 76 57 120 91 85 66 17 113 100 30 102 115 0 104 45 117 159 98 106 79 119 9 163 24 54 58 18 112 154 167 52 82 33 103 86 145 158 105 16 147 149 162 95 164 70 142 49 72 53 83 47 137 51 81 339 340 347 348
76 107 120 122 74 124 68 19 49 0 102 115 53 159 47 28 9 106 163 56 7 37 152 165 60 154 16 103 158 39 69 20 147 160 81 14 162 83 96 151 59 164 85 153 87 142 8 78 91 133 93 55 135 36 148 137 150 126 139 64 86 75 128 141 130 77 43 145 24 121 18 123 136 63 127 118 46 338 339 346 347
107 27 57 8 38 132 145 85 36 123 11 125 138 64 15 45 79 116 129 73 24 54 120 103 109 122 3 82 63 67 113 12 115 42 65 95 159 10 70 21 163 104 165 68 49 0 154 102 83 156 47 28 9 51 62 77 162 7 164 90 71 140 105 142 16 50 133 135 148 48 29 59 137 150 23 141 340 341 348 349
95 157 133 5 35 146 135 148 69 20 50 137 150 84 126 48 78 29 128 143 119 57 134 2 55 66 17 127 11 116 94 118 120 73 24 164 77 58 124 18 166 113 52 33 63 104 80 61 106 65 163 97 110 89 40 112 74 154 156 103 145 72 53 83 147 162 96 51 138 81 98 140 90 71 144 339 340 347 348
157 164 84 14 148 129 25 108 59 93 138 27 159 87 72 151 102 132 2 36 66 81 111 30 15 94 45 75 60 139 79 109 143 118 58 52 33 97 67 131 1 12 106 46 91 121 10 89 21 85 104 100 49 53 147 98 128 161 47 163 92 167 26 7 141 37 41 120 135 105 5 150 80 39 20 50 114 65 144 342 343 350 351
136 158 94 160 98 109 149 28 9 43 73 164 153 56 22 82 144 116 146 159 16 114 65 14 139 25 141 154 143 23 4 145 38 72 102 83 2 117 138 36 66 17 51 111 11 75 60 90 120 124 105 54 39 118 69 122 18 133 84 3 33 48 127 78 112 61 42 161 106 87 110 165 40 70 6 119 156 49 341 342 349 350
158 51 81 62 92 26 7 37 139 105 35 118 20 122 152 14 78 29 108 23 27 106 8 87 2 163 6 66 17 165 119 100 30 167 94 45 147 98 9 162 58 137 18 164 141 22 52 3 33 135 86 67 146 42 114 65 125 129 25 40 70 21 74 153 4 138 68 19 49 72 102 53 132 113 342 343 350 351
34 147 25 160 81 94 29 149 138 72 85 4 153 74 142 2 144 65 78 133 80 135 69 30 71 15 126 62 75 130 64 119 55 3 123 70 125 46 1 12 48 61 50 105 21 120 162 54 109 43 164 19 45 166 113 102 115 36 49 91 9 38 93 106 161 108 26 7 163 86 99 16 143 35 77 20 145 37 92 336 337 344 345
147 113 47 9 51 111 92 145 26 141 90 41 120 71 124 35 16 69 84 25 127 78 29 142 23 4 27 57 38 91 2 55 6 85 115 66 17 119 130 30 11 64 15 94 98 128 109 149 162 24 54 77 137 153 22 33 116 159 1 42 114 65 144 110 150 140 129 10 152 93 154 134 19 102 83 342 343 350 351
53 160 81 162 24 138 151 18 87 52 89 144 78 146 31 12 135 46 137 10 139 60 62 19 0 119 79 121 134 47 43 70 112 125 59 72 114 127 7 116 41 118 65 5 35 120 122 56 111 124 166 58 29 23 93 106 38 161 108 150 97 165 6 36 17 86 99 154 167 30 156 103 15 92 337 338 345 346
160 132 83 113 17 51 62 11 145 96 26 164 90 120 71 166 143 124 105 35 39 20 103 84 14 3 63 48 127 78 29 108 131 42 27 110 140 91 21 6 36 115 119 75 98 128 28 9 73 54 156 37 22 82 86 116 80 31 144 129 159 40 161 70 123 74 163 165 138 68 19 167 151 102 342 343 350 351
139 163 52 33 165 135 86 116 67 154 167 80 31 65 46 125 25 10 40 21 93 151 164 68 49 72 102 142 132 83 47 159 111 92 26 56 150 90 41 152 71 141 124 5 16 39 69 50 122 133 84 14 48 127 29 108 140 27 57 8 87 121 55 6 17 119 130 166 98 43 73 54 58 18 341 342 349 350
163 41 71 105 5 35 16 39 69 20 122 103 133 14 25 127 108 4 27 106 38 121 6 85 115 17 164 100 30 15 98 128 54 126 77 156 58 141 22 3 82 63 86 67 146 150 1 80 31 61 42 114 65 46 10 93 123 74 104 134 138 19 0 83 47 28 145 26 7 342 343 350 351
37 152 165 86 28 99 143 11 145 79 92 81 94 20 127 14 63 131 144 133 146 80 23 122 135 27 8 60 6 36 30 132 0 108 121 55 68 110 123 57 24 46 167 114 18 50 105 162 16 96 1 12 43 56 98 111 45 166 113 25 47 89 38 159 4 106 148 161 150 42 84 97 336 337 344 345
152 41 135 69 20 50 114 165 84 14 148 25 167 48 127 78 29 112 142 23 27 87 38 72 91 121 55 85 115 153 166 100 30 11 145 15 75 143 161 73 58 137 122 18 22 52 33 63 86 116 67 131 12 42 46 110 140 10 89 40 70 21 104 134 19 102 83 113 98 47 81 62 56 342 343 350 351
56 165 86 99 8 38 90 145 2 92 55 81 83 30 138 85 15 153 87 142 131 144 43 24 54 78 67 135 148 82 3 60 16 1 12 117 130 46 119 132 66 10 40 121 134 68 57 70 49 114 127 61 116 63 105 47 118 51 122 11 98 166 58 35 91 161 14 150 29 97 110 337 338 345 346
165 7 41 124 154 35 118 69 20 14 127 78 29 108 112 23 27 57 38 140 121 2 55 17 119 149 130 64 94 75 128 109 9 43 24 54 126 77 156 58 52 63 135 116 67 146 167 80 61 65 46 125 129 93 74 153 4 138 68 151 102 132 83 113 92 145 96 26 342 343 350 351
9 90 132 24 145 134 81 15 28 149 83 138 72 85 140 1 21 10 131 78 133 67 80 14 124 58 0 71 113 60 73 49 62 106 119 66 42 123 57 125 59 114 61 103 105 118 98 111 4 153 166 100 8 89 2 104 25 159 82 29 84 18 31 20 33 154 75 22 143 336 343 344 351
90 97 62 99 112 154 26 7 41 71 145 149 20 162 84 14 153 78 59 133 27 8 87 38 148 36 30 141 64 15 75 132 79 121 134 43 24 54 123 77 125 114 127 22 33 129 67 118 131 80 61 12 120 46 164 111 124 10 89 70 113 102 68 19 0 159 72 93 83 161 28 339 340 347 348
50 91 104 159 6 17 30 150 11 84 15 45 99 167 143 145 92 18 149 3 83 96 72 1 12 129 89 131 65 146 10 40 21 82 137 58 71 19 49 60 73 62 130 77 66 134 55 110 57 70 41 112 125 59 127 5 16 61 20 63 105 118 52 25 120 162 54 29 98 166 113 8 38 337 338 345 346
91 118 65 120 14 25 74 100 68 102 115 72 104 117 2 159 36 66 161 51 26 15 60 154 167 24 92 105 149 3 33 63 48 78 140 153 142 12 42 27 57 87 144 133 146 10 70 6 85 126 0 128 143 28 132 134 77 58 7 52 82 125 138 41 114 127 16 116 129 80 339 340 347 348
69 104 117 1 12 42 161 65 97 110 10 40 167 68 19 145 92 149 162 96 138 151 51 62 85 98 89 144 35 16 20 82 137 150 86 48 29 75 143 23 77 119 132 27 8 38 121 134 123 2 70 112 55 6 125 66 72 116 64 45 118 120 24 111 58 166 3 33 63 67 338 339 346 347
104 99 140 153 84 142 131 97 59 133 4 148 27 38 137 2 128 141 55 85 36 66 100 11 119 94 75 134 98 79 73 24 54 114 127 18 22 33 63 105 118 86 67 120 122 80 61 164 111 46 89 70 115 93 117 159 106 68 19 0 108 72 150 51 62 26 16 138 151 39 339 340 347 348
129 70 55 36 119 100 159 19 49 135 64 94 137 150 28 43 73 141 126 77 58 130 143 22 52 116 67 1 31 61 114 14 131 59 123 74 4 68 8 38 83 113 166 2 117 47 17 92 30 11 96 161 15 75 60 71 105 5 54 39 3 33 63 48 149 162 42 27 140 121 341 342 349 350
113 78 29 59 27 142 110 131 144 85 36 148 30 11 124 64 15 94 79 109 128 43 73 24 130 77 132 52 3 33 63 123 86 1 80 31 46 25 10 40 70 21 93 74 122 49 47 28 51 81 111 159 62 92 161 26 41 16 167 143 39 145 103 14 340 341 348 349
27 16 41 166 58 36 117 23 51 93 40 29 42 31 6 86 17 167 35 11 156 79 92 39 28 149 162 96 24 30 151 98 153 89 144 78 67 1 12 124 84 60 73 141 62 75 66 134 55 123 112 59 72 127 48 61 7 116 105 118 65 336 337 344 345
132 24 54 149 162 126 164 18 140 63 142 67 133 114 135 10 40 21 141 4 19 49 143 72 83 134 81 138 96 60 41 105 35 16 39 118 20 122 14 166 97 127 78 29 112 23 106 57 161 121 2 6 85 115 119 100 130 154 167 11 64 15 94 75 79 109 341 342 349 350
25 102 36 146 10 93 106 40 150 23 19 8 141 33 156 17 145 79 92 134 68 11 81 72 87 63 65 120 133 122 135 124 58 71 126 12 60 115 128 62 117 51 64 21 55 110 0 112 125 46 48 39 52 94 7 41 22 3 96 109 164 98 153 166 16 1 336 337 344 345
71 150 67 99 167 61 12 143 156 46 103 79 92 10 40 149 19 0 72 140 153 87 142 89 28 144 51 62 133 146 135 82 124 137 60 126 35 141 77 59 110 123 112 4 127 118 36 17 162 30 11 122 98 111 15 45 100 115 43 24 54 159 22 52 3 63 338 339 346 347
150 135 86 116 35 16 80 20 14 148 48 78 29 108 59 4 87 72 102 36 66 51 111 30 145 15 45 75 120 143 124 54 39 122 84 22 3 97 127 161 131 142 61 42 106 121 167 40 55 119 68 0 94 162 83 79 151 164 47 28 153 77 342 343 350 351
7 86 99 154 22 35 92 28 138 30 72 85 19 87 142 63 10 0 131 65 78 146 67 122 14 82 16 137 126 60 115 128 62 75 117 51 64 119 66 108 68 123 57 46 114 127 61 103 4 39 52 120 41 162 54 109 43 164 98 111 6 153 45 166 102 93 42 336 343 344 351
48 166 100 102 11 115 49 117 45 159 51 161 43 24 86 22 1 12 42 81 149 162 83 85 10 40 21 153 87 142 89 131 0 80 82 137 126 60 141 26 130 143 41 119 66 16 55 20 123 112 14 72 114 61 116 105 23 118 52 8 120 38 54 109 122 111 124 337 338 345 346
166 59 112 142 23 4 106 8 87 38 151 121 55 85 66 17 149 100 30 164 11 15 75 43 24 54 77 58 122 18 22 116 146 131 1 80 65 110 140 159 89 40 70 93 153 134 49 83 51 111 62 92 126 96 26 141 41 135 124 5 16 99 167 342 343 350 351
39 117 2 106 161 108 17 42 97 11 99 167 145 5 105 81 149 41 18 83 140 153 74 89 144 78 146 135 148 21 82 36 126 19 0 128 15 62 143 77 66 68 22 59 116 35 63 31 65 120 54 67 14 122 10 43 100 47 23 4 102 115 336 337 344 345
117 99 18 84 162 82 33 97 108 151 164 67 140 153 31 61 12 142 106 57 144 146 10 40 70 115 148 19 49 0 64 98 79 43 145 92 77 121 123 22 52 125 138 127 114 65 131 120 89 74 124 8 102 83 47 159 6 36 51 81 45 75 154 167 105 156 24 54 340 341 348 349
23 109 111 10 21 45 47 4 36 49 19 0 38 93 106 108 84 97 31 99 141 143 77 79 5 26 20 30 14 85 140 153 87 142 89 131 65 146 8 67 135 2 82 124 137 17 126 60 75 51 121 134 68 123 125 22 3 61 103 63 52 1 12 120 336 337 344 345
109 134 106 57 8 87 38 123 112 125 2 114 55 17 116 100 30 64 120 79 164 111 124 73 24 54 22 3 159 86 161 12 42 110 46 10 89 74 145 68 19 49 0 149 102 83 138 28 140 51 92 142 144 146 60 148 105 5 16 137 20 99 126 14 130 97 78 29 340 341 348 349
83 49 94 138 151 98 131 144 26 146 60 41 148 124 35 128 14 143 59 119 121 123 57 38 112 2 55 6 36 66 17 116 105 118 30 15 79 164 77 58 22 3 159 108 1 31 61 12 97 110 46 99 167 40 21 156 338 339 346 347
124 161 67 61 106 154 110 70 55 100 0 149 64 94 79 153 142 62 77 58 26 146 41 148 116 137 35 128 143 78 145 93 74 134 4 68 8 38 102 2 127 140 6 36 17 131 30 11 133 45 120 73 126 54 99 18 103 22 82 340 341 348 349
161 154 35 118 20 99 84 148 97 127 29 131 112 57 110 140 167 55 36 66 119 100 30 64 94 45 162 128 164 43 73 54 77 156 58 137 52 135 86 116 146 1 114 65 144 125 10 89 74 134 138 19 151 102 47 51 111 26 60 120 342 343 350 351
41 8 38 154 36 103 145 92 81 94 15 149 138 153 24 142 18 131 33 146 67 80 137 31 12 84 126 73 128 141 62 40 119 66 134 123 57 46 28 114 116 118 26 65 120 122 35 98 16 58 20 100 47 115 49 29 93 106 4 108 336 337 344 345
99 26 106 5 16 110 103 97 145 29 59 149 38 151 2 142 6 36 131 11 94 45 148 98 126 73 24 54 128 141 77 58 18 130 143 63 119 67 80 31 61 42 112 65 46 114 127 40 70 21 93 118 49 0 122 28 100 81 62 102 92 339 340 347 348
57 120 15 45 98 111 102 115 159 22 33 93 106 108 1 31 42 46 154 103 145 94 49 0 149 96 153 28 74 87 89 131 144 78 133 67 135 82 35 16 20 60 141 130 64 119 66 68 123 70 59 2 127 61 6 116 63 105 118 30 337 338 345 346
120 8 87 38 21 85 66 17 145 0 94 149 98 79 151 24 54 58 142 22 33 133 86 116 135 31 61 42 65 46 126 128 141 89 70 143 93 19 134 81 62 131 60 5 35 16 118 84 97 78 59 159 112 340 341 348 349
29 45 16 36 20 159 51 93 106 14 148 42 31 86 143 145 79 92 6 17 94 149 96 138 30 140 142 89 78 67 18 135 82 137 58 126 60 128 12 75 130 64 119 55 68 123 125 46 59 114 61 103 105 118 162 164 336 337 344 345
45 123 70 112 125 4 46 8 63 2 118 52 6 17 162 164 15 58 100 47 43 159 51 106 18 22 33 154 167 42 143 156 103 79 92 81 94 149 138 151 0 140 153 87 144 28 65 78 148 82 26 141 16 62 75 20 77 119 55 337 338 345 346
15 110 112 127 63 105 118 52 54 111 5 58 102 49 14 38 51 93 40 4 42 8 31 154 143 35 6 103 24 145 79 11 26 81 94 149 17 30 151 85 19 140 144 3 80 18 75 10 130 64 77 66 121 134 55 68 336 343 344 351
110 118 131 60 133 105 24 54 111 18 126 3 33 63 78 108 61 12 106 87 112 40 70 6 85 100 19 49 0 64 94 98 79 28 151 164 43 73 77 22 86 5 35 135 148 31 20 65 14 74 4 68 134 47 66 92 127 30 116 26 340 341 348 349
118 2 6 85 115 30 167 156 73 24 77 58 18 149 22 82 63 86 140 42 65 146 10 89 21 93 74 137 128 141 72 130 28 111 62 96 127 5 35 20 84 14 122 78 108 59 126 8 87 340 341 348 349
8 54 96 43 164 111 47 102 159 93 106 42 97 31 141 5 35 156 145 92 28 149 70 17 72 85 4 140 74 131 144 78 146 122 14 135 82 16 126 18 62 130 64 11 121 134 55 68 3 46 167 114 1 103 116 52 336 343 344 351
154 145 96 26 5 35 103 84 148 97 127 162 112 164 4 87 140 121 6 85 115 17 149 100 130 30 64 128 79 143 73 24 58 137 141 52 63 135 67 131 1 31 61 42 114 46 125 10 70 123 74 134 19 102 28 51 111 62 92 342 343 350 351
11 112 46 167 114 103 3 52 162 43 98 153 47 10 49 38 40 82 42 33 143 35 156 145 134 26 81 94 70 17 138 30 85 140 87 21 63 144 65 78 67 14 58 2 115 6 75 130 51 64 108 55 68 123 336 343 344 351
112 64 94 79 115 43 73 54 159 22 3 97 167 31 61 12 42 106 10 55 85 162 164 142 47 133 146 62 135 105 128 141 5 35 130 65 84 14 121 108 123 93 138 4 114 87 38 72 102 116 66 17 111 122 340 341 348 349
43 64 119 66 121 123 125 6 36 72 114 127 116 63 52 65 122 24 100 18 47 3 115 33 49 159 51 1 40 21 46 167 156 103 145 81 94 149 162 96 151 85 153 74 26 133 146 67 5 16 135 148 82 128 62 143 337 338 345 346
64 123 58 72 3 63 116 131 65 1 12 164 111 100 102 115 0 108 97 156 103 60 92 105 81 94 162 20 96 98 153 74 87 59 144 78 133 80 135 82 2 137 55 6 128 30 75 130 143 119 66 121 134 338 339 346 347
84 102 115 67 16 1 80 31 61 20 65 46 97 14 10 167 156 103 38 72 94 149 138 151 51 81 98 140 87 26 75 131 24 54 18 126 3 33 63 78 42 21 55 6 125 36 66 114 127 116 0 28 122 111 82 339 340 347 348
102 97 78 164 140 4 87 144 2 133 146 36 66 100 137 30 128 141 79 130 143 145 77 3 33 63 125 138 86 67 114 127 80 31 61 46 40 21 122 93 111 115 106 81 60 156 16 103 339 340 347 348
103 115 51 81 62 159 26 75 24 63 97 149 162 151 12 42 153 55 6 85 36 66 146 30 19 0 73 130 143 77 58 145 22 82 123 80 31 61 114 127 116 14 40 59 93 133 4 122 111 38 72 126 339 340 347 348
115 3 78 108 12 42 21 55 6 85 100 30 94 79 28 73 24 167 58 22 52 86 67 16 80 31 138 114 140 10 89 40 70 74 133 146 4 68 137 128 141 81 111 130 121 134 35 127 340 341 348 349
122 128 87 119 100 30 49 94 98 79 28 73 77 58 151 164 22 52 67 142 16 80 31 159 114 46 10 89 40 93 74 141 4 68 130 38 72 2 134 17 51 62 125 96 127 5 24 20 33 340 341 348 349
128 22 52 86 67 1 12 114 65 131 89 40 70 21 93 74 68 19 0 47 159 62 92 126 96 60 167 5 162 127 78 59 164 4 153 106 38 121 2 133 6 66 135 30 94 141 130 54 77 58 341 342 349 350
1 67 80 148 5 126 141 62 75 130 119 0 66 134 55 70 114 6 116 52 162 54 47 36 49 38 159 51 106 42 97 86 33 167 22 156 24 79 92 26 28 149 96 30 151 72 153 74 87 142 10 131 144 336 343 344 351
67 61 12 42 46 126 40 21 75 55 119 70 125 47 28 35 98 111 20 59 93 106 4 108 38 97 86 36 66 17 143 30 79 94 60 151 72 85 89 131 133 135 148 82 338 339 346 347
123 75 153 144 73 18 135 22 52 82 33 63 137 116 141 80 61 12 114 65 70 21 93 74 19 47 28 111 133 92 96 26 60 105 5 16 159 108 59 4 156 121 2 85 66 17 162 100 151 340 341 348 349
36 61 63 162 4 111 100 2 17 49 38 159 86 143 156 18 145 79 92 33 81 149 96 138 12 85 153 74 10 133 80 148 19 82 62 75 130 119 26 66 121 68 5 35 125 46 59 336 337 344 345
61 17 135 148 137 126 73 77 119 58 66 121 134 22 52 33 70 12 116 63 46 98 19 93 106 97 5 143 20 92 94 59 96 138 72 85 4 87 38 142 144 2 78 133 146 337 338 345 346
38 20 162 14 100 89 93 106 40 2 108 86 156 79 134 81 94 70 72 3 33 87 131 78 31 12 146 82 10 126 75 130 51 119 66 28 68 125 46 167 127 35 16 336 337 344 345
126 33 63 97 86 116 80 31 42 125 10 89 70 127 140 74 131 98 28 111 92 96 60 105 35 167 78 59 156 87 149 121 164 85 66 51 142 100 30 75 146 159 137 24 58 18 341 342 349 350
59 159 93 148 54 108 18 86 52 33 141 156 145 31 12 79 92 46 10 85 153 74 142 0 131 65 78 133 47 28 51 60 73 62 35 16 66 134 14 70 167 127 105 96 55 6 98 111 337 338 345 346
131 89 85 119 130 98 47 92 26 86 116 16 80 20 125 164 153 78 142 108 93 4 72 148 137 6 17 81 141 30 96 94 75 73 24 82 33 127 31 12 42 106 46 341 342 349 350
3 5 18 60 62 75 130 51 121 68 4 125 0 127 116 63 162 54 96 111 47 159 40 108 31 86 141 143 24 145 92 26 28 30 151 6 140 74 21 142 89 10 144 65 80 14 135 16 58 336 343 344 351
5 97 86 33 167 22 143 156 24 81 28 149 96 17 138 30 72 19 153 74 87 142 89 10 144 65 12 146 135 148 82 137 18 77 119 66 134 125 46 2 116 63 105 162 54 164 47 49 159 93 106 336 343 344 351
80 93 42 148 65 46 21 141 130 143 19 49 0 119 121 125 138 51 127 26 60 35 111 14 4 106 108 2 55 6 66 17 30 156 145 79 151 77 85 18 140 153 22 33 89 133 338 339 346 347
87 162 74 164 4 100 72 47 28 93 108 167 35 16 143 156 92 78 138 151 140 153 142 2 144 55 146 148 30 137 130 73 54 119 18 22 114 42 116 65 46 105 10 339 340 347 348
17 116 52 164 153 100 47 89 18 86 33 35 156 77 24 145 92 26 81 28 30 151 19 140 74 21 142 78 82 137 58 60 62 130 66 108 121 68 10 46 114 336 343 344 351
79 121 47 28 125 58 26 127 16 20 164 111 14 100 78 74 68 106 108 51 167 30 156 75 145 92 24 162 138 18 85 52 33 63 89 144 133 135 46 82 137 55 19 143 119 338 339 346 347
121 73 54 77 58 18 33 63 116 159 12 114 89 21 93 68 49 47 28 149 162 51 111 151 140 153 142 60 133 146 20 135 97 78 108 134 2 55 6 125 138 119 127 340 341 348 349
98 134 68 125 138 114 2 6 51 81 30 96 75 60 54 159 52 82 33 97 108 31 40 21 85 149 94 151 164 140 153 142 73 58 26 22 135 148 137 20 141 130 89 74 339 340 347 348
134 140 153 142 73 24 54 77 18 146 52 82 33 135 86 116 31 141 70 93 19 49 72 47 81 164 60 20 159 14 63 97 127 78 12 21 100 30 149 162 75 341 342 349 350
10 21 142 133 146 14 135 148 18 73 141 62 130 66 55 125 52 162 4 111 100 2 49 159 97 31 33 156 24 81 94 96 138 30 85 19 153 74 336 343 344 351
21 142 144 135 137 58 73 75 130 51 108 55 125 20 46 14 116 105 4 162 111 2 100 47 6 146 159 93 106 42 31 141 33 22 35 145 94 149 138 30 85 127 140 74 336 337 344 345
73 77 22 33 31 12 42 125 65 114 127 116 70 105 68 19 49 0 111 100 47 28 51 62 106 108 86 20 167 156 81 94 162 96 138 140 142 30 146 148 137 24 141 18 143 338 339 346 347
77 143 58 52 138 31 114 127 46 70 4 72 2 47 51 159 106 97 167 54 20 18 14 105 149 162 96 151 85 12 55 78 146 30 148 19 137 75 86 141 28 338 339 346 347
12 14 82 60 75 130 0 51 119 66 68 167 116 105 52 54 96 153 100 47 40 2 6 31 22 143 156 24 145 92 26 81 138 151 74 142 63 144 78 133 146 336 343 344 351
18 62 119 66 55 68 4 105 96 164 93 148 40 42 97 31 20 141 22 24 92 81 94 149 70 2 138 30 6 85 140 74 142 144 133 135 82 336 343 344 351
75 22 114 127 164 40 70 111 74 100 68 159 148 47 51 62 97 86 60 143 156 145 35 92 94 149 96 138 140 89 144 146 82 66 0 130 119 338 339 346 347
94 72 125 47 28 127 92 26 60 164 100 78 108 2 167 6 66 105 149 138 151 140 24 52 82 33 63 133 135 148 137 42 89 130 74 49 339 340 347 348
33 60 62 130 119 66 20 68 14 125 127 4 105 52 54 2 164 111 106 97 35 156 31 92 81 138 72 140 19 135 82 137 336 337 344 345
52 2 130 119 70 72 24 22 54 42 58 100 46 40 108 49 0 97 28 143 156 51 26 81 162 96 138 35 16 20 74 144 78 133 146 82 137 337 338 345 346
65 78 133 146 93 135 148 6 82 137 19 49 86 119 72 31 46 14 111 100 159 2 47 108 62 26 167 156 24 54 81 162 96 63 85 153 74 89 144 338 339 346 347
78 46 100 70 93 68 97 28 167 51 62 156 81 35 16 151 85 20 14 89 144 4 55 130 119 24 54 114 127 338 339 346 347
142 89 40 70 93 49 159 47 28 51 111 96 26 105 20 149 164 97 108 153 4 144 2 148 85 66 58 137 63 116 31 42 46 125 341 342 349 350
26 86 81 28 149 96 138 16 140 153 74 14 135 82 4 137 141 130 6 119 125 127 24 63 54 111 100 47 49 51 93 108 19 42 97 31 336 337 344 345
86 137 141 130 14 125 138 114 72 2 119 58 108 22 97 167 145 46 92 40 55 85 162 74 96 151 68 140 19 153 0 89 144 47 28 62 148 339 340 347 348
137 31 42 145 125 40 70 19 72 47 28 51 81 62 35 16 133 97 127 167 156 149 162 55 85 66 151 119 153 58 63 141 341 342 349 350
70 0 89 144 146 28 141 16 31 119 68 49 105 2 164 51 111 100 60 93 106 148 20 97 14 63 156 81 55 66 151 85 153 30 338 339 346 347
89 40 144 133 4 135 68 148 19 72 47 28 81 62 119 35 14 164 42 55 6 85 93 0 108 24 54 167 58 156 145 149 162 16 138 31 339 340 347 348
42 60 62 130 119 108 68 114 96 164 24 153 22 159 93 106 82 97 141 40 156 4 19 0 149 85 28 140 74 63 144 133 337 338 345 346
93 20 14 146 159 148 4 141 2 143 6 51 81 127 24 116 63 31 46 19 49 0 97 47 28 114 156 92 149 151 339 340 347 348
0 4 151 85 19 140 63 133 14 16 62 130 119 66 108 55 68 2 125 167 162 164 111 100 146 159 106 148 97 20 141 24 145 81 28 149 336 343 344 351
63 6 30 68 58 114 162 16 96 31 40 106 47 28 62 92 60 149 35 138 72 153 74 144 135 338 339 346 347
40 35 16 144 20 133 14 148 60 141 130 55 30 125 116 24 105 54 22 164 58 100 47 31 159 51 19 143 156 92 149 96 138 151 140 74 336 337 344 345
81 28 105 62 151 85 140 35 16 20 133 146 14 82 141 130 72 145 55 6 66 51 127 54 22 111 46 119 97 338 339 346 347
72 149 162 19 49 151 85 140 144 133 146 148 141 130 145 125 2 116 47 111 159 106 108 97 167 156 55 92 105 338 339 346 347
135 46 125 143 74 68 19 49 138 47 28 92 96 60 105 35 20 97 108 4 167 2 55 100 162 151 164 24 58 22 82 341 342 349 350
46 146 148 24 62 130 66 55 125 114 116 19 54 111 28 47 49 51 22 108 167 143 145 92 96 144 337 338 345 346
143 62 92 58 22 156 125 149 151 74 153 4 68 2 159 6 148 51 60 105 145 24 97 106 140 55 100 47 341 342 349 350
49 151 14 85 140 153 74 133 146 2 6 58 60 62 130 51 66 55 68 125 167 127 116 31 162 54 96 111 159 106 28 108 92 20 337 338 345 346
19 96 151 85 140 144 146 58 62 119 66 14 68 125 167 116 2 164 159 106 148 108 20 35 145 149 336 343 344 351
96 145 149 151 164 60 140 153 35 54 20 133 146 14 148 141 130 55 85 125 114 127 82 100 31 106 119 74 97 339 340 347 348
22 60 141 119 66 16 55 125 127 105 54 164 111 58 6 100 47 97 35 24 92 149 138 74 144 133 336 337 344 345
35 97 156 16 145 14 151 140 4 74 144 133 6 82 30 141 119 66 68 116 105 54 164 58 100 28 336 337 344 345
140 119 138 68 51 62 92 20 114 133 97 127 149 106 151 153 55 85 130 148 58 145 82 31 341 342 349 350
153 47 51 111 145 60 20 127 108 106 85 149 100 30 159 58 141 167 156 31 114 342 343 350 351
16 148 82 20 141 156 28 30 151 85 144 14 130 51 119 108 55 68 167 105 162 111 100 159 336 343 344 351
62 145 92 149 151 133 28 141 51 130 66 60 20 114 116 105 100 2 6 30 97 54 167 337 338 345 346
116 55 30 141 119 125 127 31 114 74 68 47 111 92 60 105 20 151 14 108 4 106 146 2 340 341 348 349
24 119 55 125 167 114 127 20 164 100 51 106 108 31 145 138 74 146 336 337 344 345
28 149 138 151 85 146 14 60 130 6 127 105 164 111 159 108 97 156 336 337 344 345
148 31 144 125 14 4 138 68 47 51 111 145 133 106 55 6 119 100 130 30 167 164 82 342 343 350 351
97 20 106 14 105 55 6 85 162 164 144 141 31 145 74 125 138 68 114 127 339 340 347 348
100 114 127 2 164 55 6 111 51 106 58 167 149 151 68 144 133 146 60 125 339 340 347 348
20 159 108 31 156 14 145 92 30 82 60 114 127 105 162 58 47 336 343 344 351
92 47 149 138 151 144 133 4 141 55 114 58 82 31 106 74 108 339 340 347 348
145 111 156 162 105 144 108 138 2 30 54 58 133 127 74 341 342 349 350
60 167 156 31 105 55 74 47 82 130 66 14 68 125 4 2 111 30 54 108 337 338 345 346
164 167 4 6 85 66 51 130 58 146 31 74 119 156 141 105 144 14 342 343 350 351
167 54 106 6 130 162 156 58 141 82 146 159 4 138 151 2 51 111 342 343 350 351
2 105 162 54 111 106 156 149 138 85 144 133 58 130 108 55 68 4 336 343 344 351
105 6 66 51 30 149 162 138 151 82 31 146 85 141 68 130 125 159 106 340 341 348 349
159 114 144 133 106 151 6 85 130 30 74 119 138 47 111 141 342 343 350 351
55 54 156 146 14 141 6 68 125 337 338 345 346
119 54 58 106 156 149 14 144 146 4 141 6 51 340 341 348 349
162 151 66 51 30 54 133 82 31 149 156 141 146 114 125 138 68 342 343 350 351
4 111 47 106 82 141 156 68 138 151 85 6 144 133 108 125 114 54 336 343 344 351
54 6 127 111 31 108 156 151 85 74 144 133 146 130 337 338 345 346
114 146 30 141 82 31 125 138 74 133 111 156 14 149 151 6 144 340 341 348 349
47 149 151 74 6 133 146 141 130 66 31 106 108 156 337 338 345 346
133 125 74 68 156 51 149 151 144 106 85 66 138 31 341 342 349 350
127 58 156 125 151 144 108 6 85 66 341 342 349 350
14 51 108 31 156 138 82 130 66 68 336 343 344 351
58 130 66 68 125 30 149 138 85 82 141 337 338 345 346
130 68 111 156 149 151 108 146 66 341 342 349 350
146 74 138 51 111 108 66 156 30 149 151 82 31 341 342 349 350
31 125 111 106 149 151 85 336 337 344 345
149 111 6 82 125 342 343 350 351
125 141 82 74 51 156 151 144 340 341 348 349
74 68 144 111 66 51 108 156 138 151 85 338 339 346 347
151 111 6 85 144 156 342 343 350 351
51 144 108 337 338 345 346
82 141 68 106 108 156 66 30 138 144 338 339 346 347
106 111 66 30 144 141 68 138 340 341 348 349
144 68 6 66 30 341 342 349 350
6 156 138 30 66 336 343 344 351
30 111 108 68 336 337 344 345
111 108 340 341 348 349
66 108 138 85 338 339 346 347
141 156 85 341 342 349 350
85 156 339 340 347 348
68 108 156 338 339 346 347
138 108 156 341 342 349 350
156 342 343 350 351
108 340 341 348 349
200 269 197 203 324 258 313 191 326 172 247 315 176 321 242 255 310 179 194 299 312 246 259 301 314 235 248 173 237 250 292 188 252 186 228 171 230 245 180 223 236 282 295 216 297 198 218 231 187 273 183 275 288 277 290 211 177 332 181 213 226 268 281 215 270 204 272 285 206 327 261 274 208 329 169 199 331 278 193 201 256 336 337 344 345
269 230 181 260 294 179 296 309 239 203 207 188 267 304 182 295 265 246 227 191 286 299 244 195 275 176 277 279 189 223 204 334 268 198 270 168 262 213 243 247 287 177 211 331 192 320 245 226 256 186 322 190 220 171 201 271 254 235 313 273 184 315 169 328 233 263 319 332 178 257 238 321 261 310 172 325 217 301 215 196 339 340 347 348
197 334 268 202 323 215 173 270 204 325 217 188 259 272 206 327 219 261 182 193 316 208 329 263 331 199 254 322 176 311 324 170 205 260 174 315 304 306 198 183 308 242 297 310 244 312 246 237 190 294 228 241 169 230 243 221 234 178 302 278 291 238 293 187 214 335 227 295 271 218 196 177 273 207 288 330 222 194 211 266 336 337 344 345
202 315 193 328 249 304 251 306 240 191 172 308 321 170 233 174 185 303 179 305 226 239 183 294 307 296 230 243 285 300 221 186 223 190 278 291 225 238 280 293 227 295 199 229 271 284 218 231 273 286 207 178 189 275 211 168 281 283 217 259 177 206 327 181 316 329 276 194 265 212 333 254 267 322 311 324 258 313 205 326 336 337 344 345
315 285 196 260 294 313 264 194 205 292 273 203 184 286 188 271 301 193 295 276 310 244 195 176 206 304 333 223 174 283 287 298 183 262 326 213 243 277 330 211 241 192 332 275 186 190 250 201 231 325 284 314 299 327 169 248 210 282 312 263 278 308 297 178 320 257 208 238 322 291 242 306 236 217 168 240 251 342 343 350 351
307 331 220 235 248 199 180 324 282 263 214 257 208 238 261 291 242 272 302 319 172 236 187 217 321 240 221 300 323 281 312 215 196 219 249 230 224 175 318 205 288 239 309 273 173 311 237 267 218 313 290 271 182 295 244 274 206 278 259 204 234 185 287 268 298 198 168 334 183 262 213 296 177 211 241 222 275 305 256 186 341 342 349 350
331 258 239 322 273 203 207 286 237 267 290 320 193 265 216 299 329 280 310 191 244 195 176 206 308 289 170 223 253 185 332 268 298 179 232 296 247 326 277 330 211 241 192 222 245 324 226 305 256 309 190 201 235 318 169 248 180 233 312 214 316 297 189 291 302 325 217 319 221 300 251 281 285 177 279 181 228 342 343 350 351
174 216 229 284 231 168 275 288 330 222 277 290 211 266 213 268 281 270 204 325 208 329 169 199 212 333 201 214 256 190 311 192 313 247 328 249 196 251 185 198 319 240 187 308 242 255 323 244 178 299 312 259 193 314 248 182 316 250 292 252 294 188 309 230 243 171 298 245 287 179 300 223 304 225 280 293 227 282 336 343 344 351
216 334 204 281 198 270 283 217 272 183 327 329 221 276 192 320 186 201 324 258 260 199 180 210 262 330 306 253 178 308 310 187 168 246 235 316 215 305 239 252 241 309 194 230 311 209 232 287 300 247 173 203 184 289 207 188 291 280 293 227 193 240 282 295 229 284 297 218 231 273 191 172 233 176 288 206 290 292 337 338 345 346
205 320 333 254 196 309 181 311 179 194 175 326 249 262 304 317 253 188 295 242 244 312 301 248 290 176 226 294 228 241 189 283 243 219 198 300 168 234 183 236 278 291 212 225 177 293 192 335 284 218 190 201 286 207 328 220 222 184 199 332 224 266 321 213 268 281 215 217 272 261 172 274 187 329 318 210 252 336 337 344 345
320 258 209 288 273 184 237 267 282 252 182 316 212 297 335 265 295 276 227 324 280 310 191 244 328 176 255 206 319 330 289 304 283 334 268 298 179 313 232 213 327 329 192 226 256 186 271 301 322 284 314 248 199 180 210 233 263 293 278 308 178 208 189 272 287 187 217 221 251 285 215 196 177 279 245 309 342 343 350 351
224 333 254 267 256 258 326 170 247 189 204 185 251 264 168 253 308 321 255 310 323 244 257 299 312 211 192 246 301 314 248 303 316 220 171 305 252 184 296 169 199 180 298 232 214 234 208 302 225 293 187 217 282 221 284 286 233 181 330 277 179 194 332 279 334 226 270 203 325 272 207 188 218 327 261 329 182 212 318 337 338 345 346
333 239 311 292 322 273 173 184 237 267 218 290 271 252 212 265 295 246 276 299 280 191 244 225 176 259 170 189 323 234 298 198 179 168 183 262 213 211 241 192 294 324 275 226 256 220 250 201 231 303 254 284 235 318 248 229 312 293 316 297 193 327 178 208 238 242 321 272 302 236 217 270 304 285 332 194 342 343 350 351
265 334 258 239 294 270 285 252 182 212 193 246 267 191 335 195 225 176 271 326 328 253 234 317 319 198 332 266 308 321 183 243 310 323 222 301 314 226 305 318 220 250 231 254 235 296 309 248 298 311 263 214 313 289 302 178 238 189 236 187 217 168 295 240 221 251 284 297 286 275 288 230 181 277 264 292 339 340 347 348
334 295 246 280 310 191 244 195 225 176 319 289 204 283 234 185 328 287 268 262 296 247 277 211 222 245 275 186 190 171 201 231 235 299 169 180 233 278 297 257 238 291 272 302 236 270 285 215 330 249 279 230 181 260 324 194 309 209 303 292 322 273 173 184 318 286 188 267 218 335 271 301 252 316 342 343 350 351
177 258 179 192 313 247 302 194 196 317 251 306 295 189 310 231 312 288 180 301 290 303 237 292 184 305 239 228 283 296 217 230 274 234 276 289 223 278 280 214 227 173 326 286 207 328 220 222 277 198 266 321 255 323 191 325 259 193 206 261 208 263 252 186 199 254 267 309 201 256 311 203 324 336 343 344 351
258 278 219 249 322 194 175 324 239 271 203 184 207 237 317 188 218 330 306 252 182 266 321 246 227 310 191 325 172 259 301 244 225 255 170 223 294 296 198 309 298 183 243 289 302 304 293 186 295 220 231 284 297 254 235 299 169 248 199 210 288 290 279 208 189 281 217 168 285 240 261 274 276 339 340 347 348
237 272 285 327 261 169 199 229 210 276 233 214 178 208 189 267 324 217 168 326 221 249 196 219 253 308 242 194 175 257 228 209 312 246 173 316 207 250 318 239 252 212 193 241 296 243 172 287 195 225 176 206 289 302 291 170 304 293 185 240 282 297 286 275 288 192 279 292 226 281 231 283 235 338 339 346 347
272 218 271 252 310 323 312 246 191 172 303 225 259 296 223 253 204 185 268 287 232 262 213 302 266 304 293 222 245 226 186 190 220 171 201 273 275 169 248 199 180 279 292 233 263 214 178 257 208 261 285 327 329 240 270 318 251 278 196 335 219 249 230 324 313 326 228 209 328 239 306 339 340 347 348
297 323 189 283 234 325 268 327 187 217 168 316 262 318 247 277 211 294 245 226 256 175 300 313 190 250 302 235 304 184 199 229 218 282 212 261 301 191 236 240 270 170 185 249 279 230 183 213 228 209 273 173 192 335 324 290 252 326 295 276 328 317 180 319 332 225 255 321 278 310 341 342 349 350
323 193 257 227 291 321 172 236 206 240 304 185 219 249 198 313 194 183 213 329 288 292 273 192 286 267 335 186 301 171 201 326 246 280 310 229 180 195 225 255 308 259 289 208 238 189 223 283 325 317 268 298 327 168 262 277 294 245 256 239 303 254 284 235 203 184 318 199 188 233 312 263 342 343 350 351
193 270 325 259 261 195 250 263 318 210 191 252 201 322 256 203 247 260 302 194 179 196 238 319 173 231 312 233 246 248 290 303 292 305 239 281 294 228 296 230 298 219 232 189 221 234 276 278 291 225 293 214 335 229 326 181 273 286 207 220 275 175 222 190 264 277 198 213 184 336 337 344 345
212 215 270 283 325 209 217 259 219 261 203 329 207 276 318 252 182 254 267 256 311 324 313 326 180 210 260 176 249 251 264 189 253 198 244 183 312 246 301 235 248 211 305 294 175 228 241 201 296 309 230 285 298 184 287 169 199 289 278 291 238 208 214 229 218 206 196 332 266 279 213 268 337 338 345 346
215 326 328 262 330 191 195 176 206 253 308 321 242 310 244 185 246 314 316 183 213 250 305 294 241 211 296 309 230 243 232 234 289 302 291 199 280 180 293 214 295 229 178 189 233 275 288 187 168 266 226 268 281 196 270 283 325 217 261 194 329 276 209 318 203 184 254 322 207 188 324 271 337 338 345 346
230 311 201 247 260 249 262 169 199 229 180 210 306 319 240 321 208 189 244 299 259 301 303 316 250 221 292 239 219 181 243 285 232 245 300 209 304 203 280 188 282 295 275 288 290 332 225 176 206 266 279 268 170 283 204 185 325 274 329 263 318 278 254 267 211 322 337 338 345 346
207 285 261 185 210 198 194 267 280 335 256 271 313 173 260 328 249 262 317 209 251 171 201 266 321 242 255 312 195 301 314 303 316 189 204 305 252 254 168 245 287 196 234 291 304 225 238 175 190 240 229 284 184 199 188 220 235 182 290 178 211 332 279 292 191 172 217 176 336 337 344 345
285 326 328 186 271 317 330 201 319 235 308 321 210 310 214 312 278 259 301 178 208 238 223 283 305 168 277 311 211 313 181 245 275 226 256 194 304 220 209 254 203 248 218 233 286 299 182 288 227 236 206 251 170 327 234 287 185 249 329 264 183 213 243 335 273 192 222 340 341 348 349
172 264 277 266 268 257 191 204 259 327 261 274 208 263 318 252 254 188 201 322 169 243 256 190 245 179 300 192 313 181 194 183 196 317 238 306 295 187 242 176 310 299 312 235 290 303 184 281 173 283 175 296 219 232 287 221 276 289 291 280 293 335 227 282 271 284 273 209 330 222 336 343 344 351
264 267 187 322 335 324 271 170 219 249 260 317 330 179 194 319 332 266 228 321 310 173 203 325 188 218 186 252 171 201 231 246 294 309 244 195 300 204 234 198 293 306 217 168 183 243 295 247 196 299 211 192 181 226 256 277 175 190 292 235 281 184 283 169 248 229 233 263 178 257 276 242 278 191 339 340 347 348
292 329 235 280 199 229 210 274 335 289 208 189 253 283 328 187 217 168 330 247 277 321 245 226 175 327 209 239 303 316 318 203 184 248 282 263 257 246 227 313 261 236 304 195 225 176 255 206 270 221 306 295 308 185 279 299 213 243 288 241 192 286 290 252 190 201 340 341 348 349
329 173 203 286 267 218 271 252 316 295 276 227 299 310 191 244 274 225 206 259 289 170 335 234 317 198 179 232 330 326 277 311 332 211 241 192 222 294 245 324 305 256 309 190 171 231 229 180 210 233 312 214 291 321 236 217 168 281 304 196 328 181 175 228 288 342 343 350 351
204 229 284 182 218 286 220 233 288 209 330 191 332 176 279 213 268 281 325 206 327 198 261 274 208 318 210 322 256 311 324 186 313 326 171 317 169 199 319 240 253 321 310 244 257 178 189 299 312 246 303 250 305 252 296 243 298 287 300 221 223 236 173 184 293 214 227 188 336 337 344 345
267 327 274 228 239 276 203 335 182 324 271 227 328 191 317 330 244 195 176 206 319 259 170 321 223 234 185 299 198 179 262 213 266 247 305 318 294 245 190 231 300 254 302 304 169 199 229 280 282 178 257 208 238 261 242 288 187 217 168 221 332 196 249 181 339 340 347 348
295 232 183 213 327 266 247 277 245 275 186 322 171 324 254 184 169 317 330 332 257 208 242 310 236 325 251 301 281 196 305 219 181 260 179 175 288 239 311 300 203 302 188 218 271 182 306 246 280 191 299 195 225 176 255 259 289 170 223 185 341 342 349 350
181 311 203 245 313 194 183 304 238 251 185 306 198 308 242 255 310 169 257 299 191 246 301 314 235 248 290 303 186 228 241 283 176 243 298 219 170 287 300 221 278 179 293 214 220 275 330 222 171 211 332 268 281 180 325 259 195 208 263 276 318 199 168 254 201 336 343 344 351
326 219 279 260 313 175 288 173 286 188 290 271 182 299 310 274 225 327 259 223 253 283 287 179 232 213 243 296 222 324 275 226 256 332 190 220 171 201 231 303 235 318 169 248 199 180 210 282 233 263 214 293 316 178 257 238 302 306 236 187 319 221 300 342 343 350 351
183 278 291 225 238 227 229 284 273 288 209 330 222 277 173 226 268 281 270 283 206 274 195 208 263 318 252 256 271 247 260 179 249 262 196 317 251 185 306 198 253 308 255 312 233 246 301 314 248 316 250 184 239 294 186 241 296 298 245 287 302 168 336 343 344 351
278 286 299 301 290 222 279 294 231 210 244 225 255 259 280 208 189 322 223 335 253 282 187 328 330 319 332 211 241 321 245 275 190 220 312 325 235 203 248 188 318 263 257 296 227 242 311 300 313 176 206 270 251 304 170 293 306 219 249 260 198 194 340 341 348 349
328 170 304 249 260 330 332 209 311 322 203 188 218 290 301 252 182 171 201 231 280 310 210 195 274 225 259 289 189 283 287 317 198 168 213 243 266 277 211 241 294 245 324 256 175 309 284 235 184 169 248 229 312 263 214 316 178 208 238 291 242 321 206 319 342 343 350 351
260 311 271 219 262 304 317 228 209 239 319 308 203 184 310 188 182 301 303 227 305 176 255 296 170 223 300 185 302 179 291 280 241 222 245 186 275 330 190 220 171 250 277 332 266 281 169 248 199 229 283 214 327 178 257 208 238 261 274 263 276 318 240 221 251 322 339 340 347 348
186 283 296 171 243 298 219 287 300 184 234 302 225 214 335 282 229 271 218 231 286 209 222 185 266 213 268 259 206 327 261 274 316 276 199 182 201 190 311 245 192 249 196 317 170 306 319 240 253 308 242 255 244 312 233 314 248 290 250 226 239 175 336 343 344 351
283 252 201 246 286 276 227 290 180 244 195 332 274 255 259 189 223 253 234 325 268 168 213 247 277 211 322 256 190 220 250 317 199 319 214 308 321 178 238 261 314 191 236 176 240 318 294 309 298 311 179 287 209 291 273 173 203 188 340 341 348 349
229 185 250 179 252 213 294 241 296 309 243 211 222 289 302 236 190 220 171 238 169 180 284 231 273 286 178 288 189 330 279 217 168 221 270 261 274 219 335 184 311 324 218 182 317 227 306 319 240 321 242 255 195 176 206 244 257 299 170 314 337 338 345 346
246 178 208 238 189 261 217 263 276 240 221 196 322 335 256 271 313 194 175 247 228 209 249 262 330 203 306 255 310 182 312 227 259 314 305 176 206 252 223 234 287 300 179 232 213 241 282 245 273 286 220 171 201 231 275 288 235 290 332 338 339 346 347
218 219 261 274 263 179 213 254 322 335 256 192 247 304 317 190 306 319 308 321 255 244 214 312 301 314 178 235 248 303 305 239 168 294 243 298 196 232 287 221 302 223 175 291 280 293 282 173 184 271 284 273 286 220 182 288 222 277 266 191 337 338 345 346
286 327 170 287 185 198 232 243 322 335 266 247 277 241 245 275 256 317 220 250 231 319 332 254 235 308 310 169 199 210 282 214 314 178 316 261 305 318 296 240 270 281 298 196 300 249 175 306 209 273 188 290 227 280 191 244 225 255 340 341 348 349
195 288 173 209 222 290 211 279 213 226 182 268 281 270 217 327 219 176 221 263 318 210 185 201 322 179 313 249 262 251 192 253 266 308 321 242 255 310 244 299 312 316 250 239 178 241 309 243 298 232 187 300 234 289 302 236 291 225 194 284 231 220 336 337 344 345
288 274 225 176 255 206 170 189 253 234 185 324 287 213 243 330 247 319 241 192 308 321 226 171 301 254 235 180 210 305 282 263 178 257 238 298 242 300 217 302 270 221 281 304 279 175 209 290 203 184 271 182 325 227 327 280 340 341 348 349
239 254 322 335 169 256 324 271 313 247 208 189 262 304 317 306 236 217 240 253 321 221 255 310 244 219 301 305 209 294 241 173 184 296 188 298 300 182 227 291 282 225 176 284 234 330 277 198 290 232 268 325 192 226 274 263 276 220 171 338 339 346 347
198 293 214 227 187 282 196 220 209 222 277 194 279 226 281 270 173 259 188 276 252 199 191 335 203 176 247 170 249 304 317 251 319 179 253 308 310 257 312 233 314 316 171 294 241 243 169 180 245 287 221 178 223 291 225 238 336 337 344 345
293 179 301 232 262 266 247 305 318 211 294 275 256 296 250 300 169 180 282 178 238 291 242 236 187 217 168 270 196 249 279 325 194 175 228 273 173 203 184 335 271 252 182 324 227 313 191 317 330 274 176 319 170 308 321 223 234 185 268 312 340 341 348 349
252 270 325 261 274 248 263 233 254 335 242 191 313 176 221 251 262 330 319 219 253 266 255 213 243 257 299 312 259 314 173 303 294 231 287 300 210 225 302 291 304 234 282 168 196 211 241 332 268 175 190 250 339 340 347 348
270 182 317 330 191 206 325 259 170 314 234 303 316 268 318 179 262 266 311 222 300 245 256 289 302 304 190 220 201 231 235 169 248 180 284 299 275 208 238 290 279 236 187 281 240 251 327 196 219 249 276 228 280 335 173 324 188 339 340 347 348
255 275 242 279 268 281 221 251 327 249 263 276 194 318 173 256 324 188 182 262 317 227 225 206 310 257 312 259 223 253 301 316 305 232 294 247 296 309 192 300 289 220 171 250 231 304 254 169 248 199 180 284 214 273 208 189 339 340 347 348
275 298 259 170 300 185 268 291 304 179 306 232 262 213 243 247 241 192 256 271 290 201 279 254 169 248 210 233 263 178 257 276 242 236 187 221 266 196 249 194 175 319 332 209 308 273 325 188 301 314 182 303 227 318 191 296 340 341 348 349
169 235 303 316 250 305 228 175 296 309 298 168 234 302 223 236 291 304 225 282 284 231 268 325 206 261 274 208 263 276 318 210 322 256 311 247 262 317 251 306 319 240 253 308 176 310 257 299 259 301 314 336 343 344 351
235 180 210 294 296 223 300 289 302 236 291 304 238 280 196 282 284 194 273 330 332 266 233 227 261 274 276 318 335 185 219 313 179 232 213 249 262 228 251 306 253 321 226 312 190 220 171 231 259 301 248 316 250 338 339 346 347
274 188 277 279 227 244 176 287 276 170 223 253 234 185 322 335 268 179 232 243 266 211 192 222 319 245 256 190 171 250 201 254 314 180 316 263 178 208 294 261 242 311 236 240 251 289 196 291 304 249 282 194 284 209 299 173 340 341 348 349
277 289 302 291 259 280 282 253 234 185 232 262 243 211 241 192 250 201 231 327 318 233 263 322 335 178 257 208 238 324 261 236 240 330 319 308 321 219 310 299 312 194 175 314 303 316 173 305 294 271 309 276 227 300 340 341 348 349
190 294 228 241 296 287 302 184 291 304 188 238 240 282 284 231 273 290 211 332 226 185 268 281 325 219 261 208 276 318 210 322 214 256 203 324 313 247 249 262 196 251 253 266 308 242 310 259 168 301 303 250 305 336 337 344 345
294 220 250 248 302 180 178 257 208 299 236 187 217 266 196 245 296 228 273 203 188 282 182 276 227 324 191 225 240 317 259 289 319 332 223 253 234 185 321 262 243 327 316 241 305 192 318 290 322 341 342 349 350
225 279 268 211 281 192 222 325 327 276 180 254 335 311 189 271 247 262 168 330 319 253 196 219 257 194 175 301 314 248 209 303 316 173 188 296 309 234 302 236 304 206 280 227 223 284 231 273 179 337 338 345 346
291 308 247 310 312 325 222 314 245 226 171 250 318 254 248 199 298 311 282 313 178 208 238 242 304 236 168 240 281 249 301 175 228 209 203 188 327 276 280 244 206 289 170 234 185 317 287 319 332 340 341 348 349
296 171 201 231 254 284 248 210 233 263 299 178 238 236 187 168 240 281 327 279 194 335 273 271 317 330 276 227 319 280 191 244 206 289 301 253 234 316 268 179 232 243 309 241 192 222 313 245 226 341 342 349 350
299 259 289 208 238 189 253 242 268 236 187 217 168 232 221 251 281 335 194 209 284 203 184 330 188 282 263 332 312 327 170 219 279 179 311 243 228 300 211 241 192 222 226 308 250 201 231 199 180 210 214 341 342 349 350
176 222 279 168 268 281 206 327 261 316 210 254 256 203 247 262 304 196 238 185 319 253 242 191 312 180 314 303 250 184 305 226 228 241 243 298 287 179 300 302 223 335 271 284 231 273 336 343 344 351
179 227 282 271 284 273 209 321 281 217 327 210 199 254 203 175 302 194 249 262 317 238 251 173 306 319 240 253 187 308 310 191 248 290 184 305 228 243 298 219 232 287 300 234 276 236 336 343 344 351
220 228 241 309 243 185 298 245 287 302 213 280 282 192 231 273 201 222 290 266 199 279 180 210 226 281 263 187 217 168 318 254 335 196 219 271 194 262 317 330 251 173 203 253 188 242 310 257 182 312 301 303 337 338 345 346
232 304 222 238 240 282 171 284 233 199 290 214 279 189 268 281 325 187 217 327 261 221 263 276 219 322 335 256 175 228 273 173 203 317 188 251 253 182 321 244 312 191 259 314 316 250 170 309 243 298 311 213 234 247 289 338 339 346 347
304 262 247 196 321 209 254 284 314 203 184 263 305 309 311 313 206 240 221 300 251 170 306 234 185 279 308 192 222 290 301 171 201 180 244 259 178 189 335 298 187 217 341 342 349 350
185 168 209 330 222 211 257 217 327 184 263 318 210 182 199 254 309 256 311 245 313 247 317 238 251 306 319 187 308 244 312 301 248 303 250 226 171 298 219 287 300 221 280 227 282 336 343 344 351
206 188 209 330 211 332 266 268 257 191 217 259 263 276 318 309 256 311 247 249 262 251 240 308 171 310 244 312 303 305 226 228 241 298 219 287 300 221 289 196 223 236 335 194 175 273 184 336 337 344 345
247 289 211 280 209 203 188 290 332 182 268 227 325 191 327 261 240 263 276 170 219 254 335 324 313 317 330 253 171 201 310 257 312 259 199 210 314 244 248 214 316 250 187 217 168 287 338 339 346 347
289 192 222 290 226 171 254 284 248 199 210 282 257 208 238 189 242 335 324 236 187 217 168 313 240 251 317 219 175 310 228 312 325 173 301 188 271 182 227 280 298 300 259 170 223 253 234 306 287 213 243 340 341 348 349
250 248 199 287 208 238 302 280 187 240 221 284 273 249 175 332 279 228 281 173 203 325 327 182 227 191 254 335 256 271 189 223 234 262 317 251 306 168 213 253 243 310 241 192 222 226 201 305 338 339 346 347
222 300 234 302 335 227 213 273 192 268 171 325 199 261 316 318 178 311 324 245 221 249 317 251 306 240 194 175 242 310 209 244 203 301 248 188 290 303 305 182 226 228 241 191 298 337 338 345 346
180 248 182 303 184 219 287 221 276 223 236 214 335 282 175 271 284 209 211 266 279 213 257 325 259 327 316 208 318 199 188 309 322 203 324 192 194 249 262 306 319 240 187 308 242 310 312 301 314 336 343 344 351
199 248 303 184 309 245 287 221 236 191 280 282 170 231 273 233 209 330 332 266 279 213 268 259 327 171 210 201 322 311 271 262 187 306 240 308 242 257 194 314 336 337 344 345
248 261 210 303 233 214 305 318 178 189 309 298 311 217 168 196 282 194 228 173 184 290 281 263 170 223 234 324 243 273 251 241 192 319 253 171 231 259 301 338 339 346 347
259 233 290 227 242 268 236 240 251 327 249 263 276 194 213 243 280 228 322 317 171 266 321 244 312 325 223 187 196 241 302 226 256 175 254 173 284 339 340 347 348
171 175 219 221 302 223 236 214 168 271 231 273 330 266 213 217 327 316 318 210 254 188 311 203 245 313 194 249 262 196 317 251 306 187 308 189 310 244 257 191 233 314 303 226 336 343 344 351
262 240 280 196 282 284 194 209 332 203 279 188 182 227 322 223 324 234 313 168 213 317 330 319 308 211 245 226 256 312 231 301 314 233 214 189 311 261 300 302 236 187 339 340 347 348
261 308 268 310 327 227 316 191 318 309 170 298 311 234 313 302 213 243 211 241 226 231 290 210 281 214 178 238 223 242 287 236 187 322 335 282 324 245 194 175 330 332 266 339 340 347 348
308 242 287 236 221 251 281 196 175 303 273 188 282 301 324 182 276 227 191 330 244 319 321 223 253 234 312 298 314 213 318 241 309 226 305 290 231 210 233 214 208 341 342 349 350
173 263 210 256 203 271 313 196 317 168 251 240 187 321 189 310 257 178 312 316 305 309 243 298 287 300 221 234 302 236 238 280 214 282 170 284 209 330 211 332 279 226 325 327 219 336 343 344 351
236 251 266 321 242 244 257 314 303 241 178 298 311 189 245 187 217 168 221 240 196 219 273 175 228 290 203 184 281 263 191 318 254 322 256 324 223 234 271 338 339 346 347
251 187 317 240 196 257 312 194 175 301 314 228 303 316 309 182 311 191 170 282 284 213 290 332 279 192 268 201 231 276 318 233 254 256 178 208 238 189 271 338 339 346 347
257 310 178 238 312 301 314 303 316 187 217 240 318 170 309 219 298 300 228 209 280 282 191 290 332 279 268 223 168 263 241 192 322 335 226 273 254 317 184 306 319 321 339 340 347 348
310 242 302 306 187 281 327 249 279 194 175 322 228 209 273 271 182 276 321 191 316 234 298 213 243 211 256 309 284 210 282 263 214 341 342 349 350
210 303 184 241 243 219 287 221 234 191 223 214 282 284 273 330 211 279 192 213 268 217 263 254 309 178 208 256 189 311 324 245 313 187 238 319 196 231 175 301 314 337 338 345 346
187 240 253 242 312 233 301 290 175 309 243 184 234 214 335 284 273 209 330 211 279 268 217 327 316 263 276 201 322 324 245 192 313 194 249 317 336 343 344 351
189 231 244 191 301 303 226 228 298 219 287 276 223 184 280 214 227 182 284 273 209 330 211 266 279 321 217 327 208 263 309 201 192 313 302 249 196 238 306 253 336 337 344 345
221 249 192 306 319 266 321 242 244 303 214 305 178 241 309 298 311 287 300 302 223 211 238 280 227 240 194 209 231 273 233 268 327 263 276 170 335 324 271 337 338 345 346
249 324 271 196 317 175 253 266 228 321 268 312 188 303 318 227 254 309 244 298 240 311 300 219 306 243 192 226 290 281 233 327 287 238 276 242 280 168 338 339 346 347
240 168 253 266 321 211 244 325 226 314 175 316 209 241 254 188 243 298 313 227 306 284 279 281 287 201 280 335 256 214 238 223 273 338 339 346 347
254 298 311 188 300 302 182 306 191 282 170 290 213 268 281 241 192 327 226 263 256 271 214 273 238 317 319 332 266 217 168 301 314 303 245 339 340 347 348
284 305 318 223 243 311 300 302 192 231 282 233 263 178 208 242 217 168 281 219 322 335 175 324 228 209 313 273 184 319 182 321 191 325 301 316 340 341 348 349
305 313 178 208 238 306 242 217 168 300 196 219 279 194 175 209 273 203 184 188 290 271 182 276 227 322 191 170 330 234 319 332 268 321 243 325 266 192 226 256 318 309 341 342 349 350
242 217 312 301 314 303 316 196 175 309 243 298 311 300 203 188 182 282 290 223 219 268 325 263 211 241 192 322 335 231 273 233 306 178 208 253 338 339 346 347
233 301 314 208 303 316 318 241 243 311 287 196 300 211 226 238 175 282 203 214 290 332 268 281 191 327 170 276 194 280 213 322 228 324 313 317 201 319 253 266 321 312 325 338 339 346 347
219 324 271 319 253 266 321 244 312 325 314 303 241 309 192 300 313 175 302 306 184 178 290 279 226 281 228 170 327 287 223 209 203 256 337 338 345 346
324 313 194 209 322 188 290 182 276 227 191 223 234 317 268 298 211 241 335 226 309 201 314 318 332 263 316 325 321 306 168 300 196 342 343 350 351
302 211 192 312 226 256 303 316 309 263 214 196 279 194 332 228 273 188 290 271 301 231 276 318 322 335 234 287 298 330 168 213 243 341 342 349 350
196 313 317 321 194 244 314 290 243 191 287 170 280 214 335 227 271 231 192 211 327 316 178 309 256 203 245 336 337 344 345
313 322 335 279 309 228 303 330 273 184 319 332 188 227 170 253 234 298 213 243 311 192 256 201 231 280 244 263 214 208 238 217 266 341 342 349 350
203 263 194 256 184 317 306 319 253 321 312 170 301 314 303 316 228 287 300 234 238 282 209 211 266 279 213 268 325 217 327 336 337 344 345
311 194 175 309 303 330 319 276 321 306 325 314 170 327 316 213 243 228 322 290 271 301 201 231 280 244 214 178 223 298 217 168 266 341 342 349 350
318 184 188 279 213 241 192 226 256 271 301 201 280 214 322 335 178 238 223 317 268 217 266 319 245 325 342 343 350 351
192 287 234 175 335 182 332 266 279 191 268 281 327 316 263 276 322 245 319 244 314 290 303 228 241 243 298 336 337 344 345
182 325 327 208 178 263 188 201 194 317 306 253 321 244 290 303 228 309 298 287 300 170 223 238 214 335 227 231 273 209 330 332 279 336 343 344 351
209 322 271 317 306 244 201 314 316 228 309 243 178 208 245 287 234 168 223 280 214 175 290 211 213 226 281 327 276 336 337 344 345
327 282 271 244 319 170 253 298 226 256 290 201 231 178 238 287 168 300 281 335 309 228 184 342 343 350 351
214 314 213 303 316 241 245 287 300 223 238 178 273 168 332 279 226 268 325 175 184 322 335 256 271 191 306 319 253 312 337 338 345 346
184 316 263 188 309 178 194 168 317 306 231 244 312 301 303 226 241 243 300 223 282 211 266 321 213 281 325 217 336 343 344 351
316 312 178 170 279 194 228 301 231 238 223 253 287 268 217 168 335 213 266 241 245 226 309 303 342 343 350 351
188 201 322 194 253 170 244 191 301 314 241 309 243 298 245 300 223 227 178 213 226 268 281 325 217 336 343 344 351
191 211 332 266 178 213 208 263 175 317 306 319 253 321 301 314 226 241 300 223 273 330 336 337 344 345
211 287 234 223 170 238 280 282 332 279 213 226 268 325 276 322 317 330 319 266 194 244 312 301 314 228 298 337 338 345 346
322 194 175 228 273 227 244 319 325 223 253 317 268 298 243 266 245 256 309 231 314 178 208 306 300 281 279 342 343 350 351
332 335 306 319 170 223 253 279 213 243 241 226 201 231 314 280 263 178 208 238 217 266 330 245 309 228 303 282 227 342 343 350 351
335 273 290 201 276 223 234 317 217 266 330 241 245 175 309 314 312 263 306 281 342 343 350 351
306 319 217 168 281 266 325 245 194 175 303 276 227 300 234 213 241 226 301 201 231 280 244 208 223 287 341 342 349 350
319 330 217 321 325 276 227 244 170 268 243 245 226 256 309 231 282 178 208 342 343 350 351
223 290 226 178 208 280 271 330 253 325 243 245 300 170 238 227 282 213 337 338 345 346
227 281 276 201 309 245 178 208 321 168 301 303 175 300 234 280 282 231 273 330 266 279 337 338 345 346
268 170 290 234 279 281 213 276 226 256 280 273 263 208 303 245 194 228 298 339 340 347 348
281 276 280 244 321 312 253 234 303 213 243 241 298 226 256 287 300 201 178 238 168 325 279 175 228 340 341 348 349
228 256 271 178 208 317 330 253 266 321 217 301 314 241 243 298 287 300 234 170 290 279 226 263 337 338 345 346
170 330 279 321 325 217 208 263 309 201 256 317 238 231 314 290 303 175 243 298 280 282 271 336 343 344 351
287 271 201 290 280 208 238 217 168 266 245 317 282 325 276 298 279 300 243 340 341 348 349
325 276 300 279 298 241 226 256 290 280 244 208 238 168 266 245 194 175 273 330 282 342 343 350 351
330 279 273 290 271 301 280 244 253 317 298 168 241 245 309 282 312 321 342 343 350 351
238 244 312 314 303 309 208 280 271 217 266 279 276 201 231 321 338 339 346 347
276 244 226 314 175 303 231 309 263 298 178 208 217 282 194 279 340 341 348 349
241 300 231 280 168 194 175 253 266 244 234 312 301 303 213 226 298 338 339 346 347
303 282 217 168 300 194 175 271 301 280 253 234 266 321 245 226 314 201 341 342 349 350
243 280 201 231 273 266 194 317 321 312 314 309 245 338 339 346 347
245 298 226 300 178 208 290 279 194 263 271 201 266 244 321 312 234 314 168 338 339 346 347
298 201 282 263 178 217 194 273 321 301 244 253 309 266 341 342 349 350
280 213 256 271 201 231 244 178 208 253 266 312 314 194 309 300 282 234 340 341 348 349
300 317 226 256 312 314 208 309 168 175 273 234 341 342 349 350
234 273 201 208 168 256 175 253 321 244 312 301 314 309 282 338 339 346 347
301 263 208 279 194 312 282 314 253 256 290 231 341 342 349 350
231 168 213 282 271 201 266 279 178 263 256 194 314 290 338 339 346 347
208 244 282 290 266 217 178 256 317 175 253 336 337 344 345
244 290 279 168 263 256 271 317 314 213 226 201 338 339 346 347
178 266 213 201 271 194 317 253 336 343 344 351
263 314 309 253 213 256 271 273 175 312 339 340 347 348
194 201 314 282 273 279 217 336 337 344 345
201 271 273 279 213 217 309 317 253 312 314 290 336 337 344 345
168 175 271 266 321 213 256 317 336 343 344 351
314 312 273 290 271 253 266 317 256 341 342 349 350
217 253 321 290 226 213 273 266 256 317 337 338 345 346
175 309 256 317 312 282 271 273 266 321 213 336 343 344 351
309 279 290 321 213 266 226 341 342 349 350
312 279 290 271 253 321 341 342 349 350
317 273 271 253 321 266 226 342 343 350 351
271 253 213 266 256 279 339 340 347 348
282 213 226 256 279 273 253 340 341 348 349
266 279 339 340 347 348
290 253 321 273 340 341 348 349
213 226 256 337 338 345 346
273 226 321 340 341 348 349
226 337 338 345 346
253 279 321 339 340 347 348
256 321 339 340 347 348
279 321 340 341 348 349
321 342 343 350 351
336
337
338
339
340
341
342
343
344
345
346
347
348
349
350
351
