#/usr/local/lib/python3.10/dist-packages/colab_kernel_launcher.py -f /root/.local/share/jupyter/runtime/kernel-2b515d16-c871-48c9-ad2b-cd6ecd503099.json
# GMT Thu May 23 13:48:35 2024
# 
13 88 65 55 32 68 45 22 11 77 90 67 80 57 10 24 37 12 14 79 92 46 82 36 49 26 91 81 58 94 48 38 15 28 4 18 5 7 93 83 60 73 50 27 63 40 17 6 30 72 85 39 75 52 29 42 19 84 87 2 64 41 54 44 21 86 3 76 66 43 20 33 23 190 194 195 199
88 65 46 79 23 4 26 56 37 10 70 21 43 73 24 54 76 27 57 8 87 89 38 41 71 74 58 91 18 2 5 35 90 68 0 22 82 33 63 55 36 17 39 20 50 53 83 34 67 84 94 30 11 14 25 47 9 1 31 61 12 42 64 15 75 48 78 29 59 51 32 62 193 194 198 199
16 93 70 83 37 73 50 27 40 17 82 11 85 14 62 39 75 52 29 42 19 12 84 15 74 51 87 64 41 18 31 21 76 66 43 20 33 4 65 78 55 68 45 35 8 77 90 67 44 80 34 47 24 79 56 92 69 46 59 2 36 49 26 5 91 81 58 94 3 48 61 6 38 190 194 195 199
93 19 0 52 3 82 33 63 6 85 36 66 69 20 50 51 53 83 34 65 67 11 14 44 25 47 28 9 31 61 42 15 45 75 76 48 78 29 59 60 62 92 77 23 56 37 10 89 40 70 21 94 43 24 54 55 27 57 8 87 38 90 41 71 72 86 58 18 2 5 35 193 194 198 199
17 58 94 48 25 61 2 5 28 70 0 83 60 73 50 27 40 30 72 62 39 75 52 29 42 19 84 11 74 51 87 14 64 41 18 54 31 86 76 53 66 43 20 56 23 65 78 55 32 68 45 35 7 67 44 80 57 10 34 24 37 8 92 69 46 59 36 49 26 81 190 194 195 199
58 85 62 51 75 32 65 34 46 74 87 64 77 11 14 44 25 26 28 9 40 89 12 42 43 79 27 57 29 41 78 91 68 67 80 23 4 5 35 37 21 22 52 24 92 54 55 6 36 8 38 72 39 20 53 94 71 84 61 18 30 83 49 1 3 33 15 45 192 193 197 198
55 84 61 46 73 63 23 4 26 7 37 85 10 62 40 75 54 27 8 38 41 87 64 77 76 89 2 66 79 56 5 35 0 22 52 3 78 91 6 36 39 20 50 51 53 90 80 57 70 60 30 11 14 92 25 59 47 72 9 1 12 42 45 81 94 48 29 191 192 196 197
84 6 36 8 39 92 69 72 83 67 18 35 47 19 49 0 1 80 31 61 33 63 64 48 78 20 50 51 32 85 34 65 46 79 11 87 25 26 9 10 42 43 73 15 45 75 89 76 27 57 29 59 74 77 91 23 4 5 90 7 40 70 21 22 52 82 24 193 194 198 199
28 67 22 3 34 6 37 20 79 92 69 46 82 59 36 49 91 81 14 48 61 25 38 1 12 15 83 60 73 63 40 30 72 85 62 39 75 52 29 42 23 26 51 7 87 41 10 54 31 21 44 24 8 76 53 89 66 43 56 33 65 18 78 68 35 5 19 90 0 190 191 195 196
67 31 12 64 15 45 81 94 29 71 59 60 62 46 83 73 23 4 26 56 7 37 72 10 85 21 75 43 24 54 27 57 38 41 77 18 86 76 2 89 5 35 19 49 0 22 52 33 78 36 66 20 50 51 53 65 80 30 11 14 79 44 92 25 47 192 193 197 198
29 32 68 77 18 80 34 47 2 37 5 19 92 22 46 3 59 36 6 20 91 81 94 48 38 51 11 83 60 73 63 25 40 30 9 1 12 72 15 62 39 75 74 87 64 54 31 23 86 4 26 76 7 53 89 66 43 10 33 21 27 65 78 190 191 195 196
32 78 91 45 35 90 80 57 70 47 23 37 5 7 79 69 21 22 82 59 24 72 49 6 39 8 20 81 94 61 38 51 30 83 2 60 73 14 63 40 0 1 31 3 85 15 62 52 65 42 74 87 64 41 77 54 44 86 25 76 26 53 43 10 56 33 46 190 191 195 196
47 80 44 57 70 9 1 31 12 42 15 79 45 69 82 59 72 49 46 81 71 48 61 51 23 4 26 37 60 73 10 50 40 63 43 27 8 38 85 41 75 52 65 18 87 77 2 54 5 0 22 76 3 33 66 6 36 56 34 78 68 30 11 90 14 191 192 196 197
80 9 31 61 64 15 45 75 48 59 51 92 62 82 65 46 79 81 23 4 26 56 7 10 40 70 21 43 73 24 76 86 27 8 38 41 71 85 18 2 5 35 87 68 19 0 52 3 63 36 69 89 20 50 72 53 34 91 30 11 14 44 25 193 194 198 199
8 9 74 51 87 64 54 31 44 21 11 76 53 89 66 43 20 56 33 10 2 78 5 68 45 35 12 0 3 77 57 24 37 79 92 69 46 82 59 49 81 94 71 1 25 15 70 83 60 73 50 27 40 30 72 85 39 75 52 4 19 7 190 194 195 199
9 44 34 11 24 14 89 79 56 92 69 46 23 59 5 91 68 81 0 71 48 3 61 38 6 70 83 60 37 73 27 40 82 49 85 62 39 52 94 1 74 51 64 41 18 54 21 63 76 53 30 66 43 20 10 75 4 65 42 78 45 22 35 87 190 194 195 199
0 5 70 83 60 37 73 50 27 4 7 82 49 39 52 6 42 19 51 87 64 41 54 31 21 86 76 53 30 43 20 33 23 65 78 68 45 35 12 2 77 90 44 57 34 11 24 1 14 89 79 56 92 69 59 26 3 81 71 25 15 190 194 195 199
5 83 60 73 3 50 27 63 30 7 72 85 62 75 42 19 74 87 41 77 31 21 11 86 76 53 89 66 43 20 56 33 65 78 45 22 12 25 4 90 57 34 37 14 79 69 59 36 49 91 81 71 48 38 2 51 190 194 195 199
40 41 77 2 44 35 86 53 89 22 66 3 43 33 56 6 36 39 20 65 78 34 68 45 30 90 11 57 70 25 31 12 92 69 82 59 49 94 71 48 61 51 23 4 83 73 37 50 10 21 24 27 38 85 62 42 87 18 64 191 192 196 197
41 21 24 74 38 39 77 54 44 86 53 89 18 66 43 2 35 19 78 3 45 6 36 90 34 70 79 30 69 82 59 14 49 25 1 31 12 15 71 48 61 51 83 60 73 50 63 23 72 4 85 26 7 75 37 10 65 191 192 196 197
83 68 19 49 94 22 52 3 33 63 36 66 20 50 72 34 30 11 85 14 44 25 1 61 12 64 15 45 87 48 78 59 81 62 65 46 86 79 4 56 7 37 91 70 21 73 24 54 27 57 90 60 71 74 92 18 193 194 198 199
11 14 7 79 56 10 69 59 49 26 91 81 94 71 48 25 61 15 70 2 37 50 4 30 82 6 62 39 75 52 42 74 51 87 64 54 31 21 86 63 76 53 1 33 23 78 68 45 22 35 90 44 57 34 24 190 194 195 199
14 92 46 12 36 49 91 94 71 61 38 15 51 18 60 4 27 63 7 30 10 72 85 62 39 75 42 19 74 87 64 77 54 31 44 21 2 86 76 53 66 43 20 33 3 23 6 78 45 22 35 25 90 34 70 190 194 195 199
6 48 61 38 51 18 60 27 63 2 62 75 3 52 65 19 74 87 64 77 54 31 44 86 76 53 89 66 43 56 33 23 78 91 68 45 22 35 12 25 90 57 34 70 24 79 4 92 69 82 59 36 49 39 81 94 71 190 194 195 199
48 36 39 20 34 57 70 30 92 69 44 59 72 49 1 31 12 42 81 45 94 71 61 60 73 50 63 23 4 26 85 62 10 52 65 21 43 24 38 74 87 64 77 54 86 18 89 66 56 35 19 78 3 91 68 191 192 196 197
94 39 69 20 50 72 34 86 30 1 31 12 42 64 75 59 81 62 92 46 79 23 25 26 56 7 37 70 21 43 73 24 54 27 57 87 38 90 74 77 91 18 2 4 68 19 49 22 52 82 33 63 85 36 66 193 194 198 199
68 59 51 65 46 85 23 75 26 56 7 37 10 21 43 24 87 27 57 77 38 60 76 89 79 18 2 4 35 78 91 19 49 22 52 3 33 63 90 39 50 53 34 92 69 82 72 44 81 1 71 12 42 15 45 192 193 197 198
21 64 7 31 10 86 53 66 43 33 23 18 22 2 90 57 3 89 20 79 56 92 46 59 36 26 91 25 61 38 1 70 12 60 15 37 73 50 27 30 82 72 85 62 39 75 74 4 51 87 190 191 195 196
64 24 54 90 27 57 38 60 70 92 69 82 72 81 71 3 33 63 36 39 20 50 53 73 86 85 30 75 65 44 25 1 61 12 74 42 15 45 77 59 51 46 89 66 23 4 78 91 26 7 10 192 193 197 198
77 70 85 42 76 27 57 59 71 74 23 89 35 79 7 52 24 54 36 78 66 91 38 39 81 69 50 72 90 18 30 2 92 82 19 49 1 31 61 63 15 45 75 51 34 65 46 86 44 25 26 10 193 194 198 199
33 38 70 23 60 73 26 50 7 63 10 24 72 27 85 62 52 42 74 87 18 54 44 2 76 53 66 43 22 56 3 20 65 78 90 57 25 1 79 12 92 69 46 15 59 36 91 81 71 61 190 191 195 196
38 74 51 20 34 86 76 53 30 56 65 1 78 31 12 15 90 44 57 89 79 69 82 4 49 7 37 10 91 81 24 71 61 70 60 73 50 63 18 2 35 85 39 52 19 42 22 3 191 192 196 197
44 10 12 43 24 92 69 46 82 59 49 91 71 61 51 37 60 19 73 50 63 22 3 36 39 72 85 62 34 87 30 2 54 86 1 31 76 53 66 15 56 65 78 45 25 57 26 70 191 192 196 197
39 81 71 18 2 73 35 50 86 19 1 31 15 85 62 75 20 52 65 42 74 87 54 30 26 76 89 10 56 12 46 27 91 45 90 70 23 60 4 7 37 22 69 82 59 36 49 191 192 196 197
81 69 91 20 50 51 53 34 90 25 92 1 31 61 12 42 15 45 78 59 62 65 46 79 86 23 26 56 10 70 24 54 27 60 71 72 74 87 18 2 35 19 49 22 52 3 63 66 193 194 198 199
10 54 31 86 76 89 66 7 20 23 35 12 25 90 57 34 70 24 37 2 79 92 69 46 82 59 36 3 26 91 71 61 18 60 73 27 30 1 72 85 75 52 42 74 87 190 194 195 199
54 74 87 24 27 86 76 89 66 56 65 2 35 19 22 52 3 90 36 57 20 53 34 79 69 59 30 25 71 1 31 12 42 15 45 60 51 73 63 46 72 85 75 23 4 191 192 196 197
2 50 30 7 72 85 62 75 42 19 74 51 87 31 63 76 53 66 43 20 56 23 78 45 35 90 57 34 24 37 79 92 46 82 49 3 91 25 61 15 18 70 60 190 194 195 199
50 35 71 61 22 36 60 73 20 63 34 72 85 62 75 52 30 25 87 1 12 42 45 86 53 89 66 46 65 78 23 4 26 7 37 43 24 27 70 79 92 69 82 18 191 192 196 197
3 15 18 70 60 73 27 63 30 1 85 75 52 19 74 51 31 86 76 53 89 66 43 20 56 23 35 12 25 57 34 37 4 79 92 69 46 82 59 49 26 91 71 190 194 195 199
15 90 57 34 70 24 37 92 69 46 82 36 26 91 1 71 12 18 60 73 27 63 30 85 62 75 4 42 7 74 31 86 76 53 89 66 43 20 56 78 45 22 35 190 194 195 199
22 73 63 53 85 62 4 75 52 65 7 42 74 87 86 76 89 66 43 18 46 23 78 19 35 25 90 20 57 34 70 24 37 27 79 92 36 72 49 26 1 12 71 61 51 190 191 195 196
66 71 23 4 26 56 7 37 73 43 24 57 60 72 85 75 18 74 87 35 19 49 52 86 63 89 36 20 78 30 90 25 70 1 31 61 42 79 69 62 65 192 193 197 198
71 69 20 74 87 86 76 89 25 1 61 12 42 45 78 59 51 62 46 90 4 26 79 7 92 82 70 43 24 27 91 60 18 73 19 49 72 85 52 75 63 192 193 197 198
65 78 91 90 23 4 70 7 37 52 24 92 36 69 82 53 73 49 1 86 31 63 20 51 62 75 34 46 87 25 56 61 12 76 42 43 45 79 59 60 192 193 197 198
78 62 46 90 23 4 26 56 37 79 92 82 70 43 73 76 27 74 18 35 52 85 36 20 34 30 25 89 1 31 61 42 45 59 91 51 193 194 198 199
51 91 36 20 90 57 70 60 30 92 69 82 72 49 45 61 74 46 73 86 53 25 26 62 75 12 42 24 87 76 89 79 23 4 35 7 37 191 192 196 197
91 62 34 79 26 89 61 42 43 73 45 75 76 27 57 87 59 60 90 74 23 4 56 7 37 52 82 24 85 92 72 53 86 18 19 1 63 20 193 194 198 199
24 74 1 12 76 53 89 43 56 35 23 4 7 57 70 37 79 69 46 82 59 49 26 18 61 19 73 27 63 20 72 62 75 42 190 191 195 196
74 27 57 60 72 87 18 86 76 89 35 79 19 63 36 69 20 34 30 25 92 82 1 31 61 12 42 45 59 62 46 23 4 56 37 70 43 192 193 197 198
70 1 31 61 63 86 89 59 62 25 26 56 42 43 27 57 79 60 92 82 23 7 19 52 73 36 20 53 34 72 85 30 192 193 197 198
36 60 73 25 63 1 72 62 75 52 42 23 4 26 86 7 76 53 89 43 56 27 45 90 57 35 37 19 79 92 69 82 59 49 20 190 191 195 196
61 90 20 53 34 92 69 82 30 1 31 12 59 46 72 85 62 75 4 26 56 7 37 87 27 57 60 86 76 89 18 35 19 52 192 193 197 198
1 90 57 37 4 92 82 59 49 60 27 63 30 7 85 62 75 52 42 19 87 31 86 76 89 43 56 46 23 45 12 25 190 194 195 199
90 31 45 75 59 62 46 79 23 26 56 37 89 43 76 27 57 87 18 92 35 19 49 52 63 69 20 72 53 34 86 30 25 193 194 198 199
57 31 87 12 42 45 86 89 23 4 26 56 7 27 92 69 82 59 18 35 19 49 52 20 73 53 63 34 85 30 25 192 193 197 198
7 86 63 76 53 43 20 23 45 35 12 34 37 92 46 82 49 26 25 60 73 27 4 30 72 85 62 75 52 42 19 18 31 190 194 195 199
18 30 85 75 52 42 19 87 31 76 53 89 43 20 56 45 34 79 92 69 46 82 59 49 26 25 60 73 27 63 190 194 195 199
30 79 92 69 46 82 4 59 49 19 20 60 73 72 62 75 42 12 87 31 86 76 89 43 56 23 45 35 190 191 195 196
59 25 31 12 45 92 82 46 23 56 60 63 43 27 72 85 62 87 35 49 52 76 89 53 34 192 193 197 198
60 35 19 49 87 20 53 76 34 79 25 31 12 42 45 46 92 82 72 23 4 37 86 63 85 62 75 192 193 197 198
85 86 35 19 52 63 69 72 53 34 87 89 31 12 42 75 62 46 4 26 56 37 43 73 76 27 193 194 198 199
69 25 31 73 12 86 45 75 46 23 4 26 56 37 43 76 89 27 79 35 19 49 52 63 92 20 82 72 34 192 193 197 198
31 34 37 79 92 46 82 19 63 72 62 75 52 42 87 12 86 53 89 43 56 45 35 23 26 190 191 195 196
62 19 49 52 79 82 53 34 73 63 12 42 45 75 46 87 23 4 26 56 37 76 43 89 27 192 193 197 198
73 87 35 19 49 63 86 76 89 20 72 34 25 12 42 45 92 82 23 4 56 43 27 75 192 193 197 198
87 27 89 4 35 19 82 63 20 72 34 86 92 12 42 45 46 79 26 37 193 194 198 199
20 4 72 75 52 19 86 53 89 43 45 25 34 12 37 46 49 26 190 191 195 196
35 63 72 75 52 42 23 4 26 27 86 76 53 89 43 56 19 34 79 92 46 82 12 190 191 195 196
42 4 46 49 19 34 82 25 72 12 86 63 76 53 43 56 23 45 27 191 192 196 197
19 27 72 75 52 86 53 89 43 56 23 45 12 25 34 37 79 92 82 49 4 190 191 195 196
4 86 63 53 75 45 12 89 79 56 92 46 26 37 72 49 52 190 194 195 199
86 26 56 37 43 72 49 52 82 63 53 34 25 12 45 76 46 79 193 194 198 199
25 89 79 92 46 26 12 37 27 82 72 49 52 23 63 53 43 75 45 190 191 195 196
34 12 63 72 23 75 26 27 76 53 89 56 37 92 46 82 49 190 191 195 196
46 26 43 45 79 82 49 63 72 75 52 53 89 56 191 192 196 197
27 76 89 37 79 92 82 72 49 23 26 63 53 75 52 190 191 195 196
79 12 43 45 75 76 23 26 56 37 72 53 49 52 63 89 193 194 198 199
12 37 89 92 82 49 72 75 52 63 53 23 45 190 194 195 199
45 92 23 82 26 49 37 63 52 76 89 56 191 192 196 197
63 49 52 72 75 76 26 43 82 192 193 197 198
23 76 89 43 56 37 92 49 52 190 191 195 196
76 26 37 43 89 49 52 92 72 82 53 75 193 194 198 199
37 53 43 56 26 89 49 82 72 75 52 190 191 195 196
92 75 26 56 89 49 82 72 53 193 194 198 199
26 53 89 43 56 82 49 72 75 52 190 191 195 196
75 49 52 53 56 43 192 193 197 198
53 49 52 89 56 43 82 72 191 192 196 197
72 49 43 89 56 192 193 197 198
89 56 52 82 193 194 198 199
56 43 82 49 52 191 192 196 197
49 52 43 82 191 192 196 197
52 82 43 191 192 196 197
43 82 191 192 196 197
82 193 194 198 199
108 183 160 173 127 140 130 106 172 185 162 175 152 129 142 105 132 109 187 164 141 177 154 144 111 176 153 189 166 143 120 133 110 123 99 100 188 165 178 155 168 145 122 135 112 101 125 103 180 157 134 170 147 124 137 114 179 169 182 97 159 149 139 95 96 98 184 161 138 115 151 128 118 190 194 195 199
183 160 141 174 118 99 121 151 102 132 105 135 165 116 168 119 149 171 122 152 103 182 133 155 166 169 172 113 97 100 130 111 185 163 144 98 177 128 101 180 131 161 134 115 145 187 167 178 129 181 162 179 189 125 106 139 123 104 96 188 126 156 107 110 140 170 143 173 154 146 176 127 193 194 198 199
111 188 178 155 132 168 145 122 135 112 125 177 106 167 109 170 147 124 137 104 96 107 179 110 146 159 113 149 126 116 158 171 148 161 138 115 128 99 160 102 150 163 140 117 130 103 172 185 162 152 129 119 184 151 187 164 141 154 97 144 100 95 176 153 189 98 166 143 120 133 123 190 194 195 199
188 163 114 144 95 175 117 98 158 101 180 131 112 134 164 115 145 146 176 148 178 160 179 125 106 109 139 120 142 104 126 107 137 159 110 140 170 171 143 173 124 154 155 127 157 187 141 172 174 118 121 132 105 184 135 165 189 119 150 152 103 133 185 136 166 169 181 153 97 130 193 194 198 199
123 162 117 175 129 142 101 132 174 187 164 177 154 131 144 186 176 106 153 109 143 156 120 104 96 107 165 110 178 168 145 158 135 125 167 180 157 134 170 147 124 137 179 121 146 182 136 105 149 126 116 139 119 148 184 161 138 151 128 160 113 173 150 127 163 100 172 114 185 95 190 191 195 196
162 104 96 126 156 107 137 159 110 140 176 143 189 124 154 155 179 141 118 99 121 151 102 132 167 180 135 116 170 138 149 150 152 103 133 134 136 169 153 113 181 184 130 114 144 95 117 147 173 101 131 186 161 163 112 145 146 148 129 160 185 175 106 109 187 120 164 142 177 192 193 197 198
124 127 163 140 130 172 185 113 175 152 129 165 97 100 174 95 187 164 141 98 131 101 144 112 186 166 156 133 146 178 155 168 109 145 158 120 104 96 107 167 110 157 134 147 137 179 169 182 159 136 126 181 99 121 171 102 148 184 161 138 105 151 128 119 122 103 173 150 190 191 195 196
127 173 150 186 140 153 130 185 152 129 165 142 132 100 102 174 187 116 117 177 154 119 167 144 101 134 103 176 166 143 179 156 146 113 178 97 168 145 109 158 114 126 98 180 110 157 170 112 147 160 137 159 136 172 149 181 120 171 121 148 184 161 138 105 151 107 141 122 190 191 195 196
142 175 139 152 120 165 104 126 107 137 110 174 140 187 164 167 144 176 189 166 143 179 156 146 99 121 102 132 155 105 145 135 116 119 122 103 133 180 136 170 147 160 113 172 97 149 130 114 181 95 117 171 148 184 128 161 131 151 112 115 129 150 163 153 125 106 185 109 191 192 196 197
175 96 126 156 110 140 170 143 173 154 146 187 157 160 141 174 176 189 179 118 99 121 151 102 132 105 135 116 178 168 119 171 181 152 133 155 136 166 169 172 180 97 100 130 182 163 114 144 95 117 147 98 158 150 101 131 161 112 134 164 145 148 129 186 125 106 109 193 194 198 199
103 104 179 169 182 159 136 149 106 181 148 184 161 138 115 151 128 105 118 97 160 173 100 150 163 140 130 107 95 98 172 101 185 152 129 174 141 154 131 144 186 176 153 166 143 96 120 156 133 113 165 178 155 168 122 158 135 125 180 157 134 137 99 114 102 190 194 195 199
104 139 152 129 184 174 151 187 164 141 118 154 97 121 100 163 176 153 95 166 143 156 110 178 155 132 168 145 122 112 177 167 144 180 157 134 147 114 96 179 146 159 136 113 149 126 116 181 158 171 148 125 138 128 105 170 160 137 173 102 150 140 117 130 107 190 194 195 199
135 136 172 97 139 100 181 114 171 148 184 117 98 138 128 151 101 131 112 115 129 150 140 125 185 109 165 120 96 126 107 164 141 177 154 144 176 189 166 156 146 118 99 178 121 155 102 168 132 145 158 105 116 119 122 180 157 170 147 137 169 182 113 159 191 192 196 197
136 137 116 119 169 133 159 172 139 181 171 113 161 138 97 100 114 95 173 150 98 140 128 153 131 115 185 129 152 165 174 125 187 164 109 144 120 96 126 186 107 176 189 143 179 156 146 178 168 145 158 118 167 99 180 121 157 102 170 132 147 105 160 191 192 196 197
101 143 156 133 146 113 168 145 122 97 112 125 115 167 95 180 96 170 147 160 137 114 169 182 159 172 149 126 139 116 181 171 148 184 138 151 128 105 141 173 186 163 140 153 130 107 120 185 165 119 174 99 100 187 164 177 154 144 121 134 176 189 166 190 194 195 199
143 131 153 112 134 152 165 125 187 164 109 139 154 120 144 107 137 110 176 140 166 179 156 146 141 178 155 168 158 148 99 121 102 132 157 105 147 160 116 138 119 122 133 169 182 159 149 181 113 184 161 174 151 100 114 117 173 98 150 128 191 192 196 197
106 109 102 174 105 187 164 141 154 131 121 186 153 189 166 120 156 133 110 178 155 97 132 168 99 122 125 177 167 180 157 134 170 147 137 114 179 169 182 159 113 149 181 158 171 161 138 95 115 96 128 118 160 173 150 163 117 130 172 185 139 152 129 119 190 194 195 199
109 174 187 96 164 177 107 154 131 121 186 176 153 133 110 113 178 168 99 122 158 112 102 125 105 167 157 134 170 147 137 114 179 159 172 139 116 97 181 100 171 148 184 161 138 115 151 95 98 118 160 173 150 163 140 117 130 185 152 165 190 194 195 199
163 154 146 157 178 160 168 180 170 121 151 102 132 105 116 138 119 169 182 122 172 133 155 171 153 184 174 113 97 130 186 114 144 147 98 128 158 131 161 112 115 145 165 148 129 187 164 177 167 176 189 126 166 156 107 179 137 159 110 140 192 193 197 198
116 159 102 126 105 181 161 128 160 173 150 140 117 97 100 185 114 139 95 152 129 98 119 112 184 115 151 187 164 141 154 144 186 189 166 120 156 133 165 107 178 155 110 132 168 145 122 125 177 167 180 157 134 147 137 169 99 146 182 190 191 195 196
159 138 185 122 152 133 155 153 164 113 167 97 100 130 189 114 144 95 179 117 147 98 128 158 150 131 112 134 145 178 148 168 129 181 180 125 170 160 139 120 96 126 137 182 110 140 146 157 141 184 161 118 173 99 186 121 132 192 193 197 198
172 165 180 107 137 138 168 171 122 155 166 182 153 184 99 100 130 174 102 132 117 147 119 149 131 186 133 134 176 115 145 167 148 185 113 125 97 187 177 114 144 96 126 156 98 128 158 110 140 112 146 160 178 181 139 120 151 193 194 198 199
137 139 152 113 174 97 187 164 99 100 141 144 114 117 186 131 153 166 156 115 129 165 178 155 168 145 125 120 167 180 157 170 96 147 126 107 110 169 146 182 149 181 171 148 121 102 132 105 160 173 150 119 140 191 192 196 197
128 133 165 118 178 155 99 121 145 102 158 119 167 180 157 134 170 179 169 146 182 113 149 139 181 171 114 148 95 161 117 151 98 115 160 173 150 140 125 152 129 132 120 174 107 187 141 177 110 154 131 144 186 153 189 166 190 191 195 196
133 131 179 112 169 146 182 115 149 129 181 148 161 138 125 151 160 96 173 126 150 107 140 110 185 139 152 184 187 177 118 154 99 144 132 105 186 176 189 166 122 156 165 178 145 113 97 100 167 130 134 147 114 95 191 192 196 197
120 129 110 112 174 151 141 131 121 186 176 153 166 105 107 165 119 178 155 132 145 122 177 167 144 157 134 147 189 118 179 169 102 182 114 149 117 98 181 158 115 171 148 125 161 138 170 160 113 173 150 97 96 152 190 191 195 196
129 186 126 176 153 189 166 156 146 178 155 168 145 167 118 99 157 170 121 147 102 105 119 179 169 122 149 139 181 184 138 113 151 97 100 160 173 114 95 140 98 130 185 152 165 187 164 125 141 177 154 144 190 191 195 196
139 105 107 138 119 174 187 122 141 154 144 186 176 153 189 156 113 146 99 100 130 178 132 155 114 168 145 158 117 98 134 115 167 180 157 170 179 182 125 97 181 96 126 148 161 110 151 112 150 140 185 118 152 165 191 192 196 197
134 176 189 166 179 156 113 97 168 145 181 158 114 148 95 96 126 98 180 112 157 147 160 169 182 149 125 121 171 184 151 141 173 150 186 140 153 185 152 165 118 155 99 100 117 164 177 119 154 167 131 144 191 192 196 197
176 164 186 115 146 148 185 187 96 126 156 140 170 154 157 179 160 141 178 118 99 121 102 132 165 138 180 168 119 149 122 152 155 166 167 169 153 113 97 100 130 184 114 144 95 117 158 150 131 112 193 194 198 199
105 149 126 181 171 148 184 138 102 115 151 118 160 173 150 117 153 130 107 185 152 165 132 97 100 174 141 95 154 98 121 186 189 156 110 146 113 178 155 145 122 112 125 96 157 170 147 114 169 182 190 194 195 199
149 169 182 138 119 122 184 161 113 160 97 173 150 100 130 114 144 95 117 147 98 185 112 152 165 115 145 148 187 164 177 154 186 189 166 156 96 126 110 140 178 146 168 141 167 180 157 170 99 102 132 179 191 192 196 197
97 145 125 102 167 180 157 170 147 179 169 146 181 158 171 161 138 115 160 173 140 117 130 107 185 99 184 164 177 154 131 98 186 153 189 166 156 110 100 113 165 96 178 155 168 190 194 195 199
145 100 153 189 130 166 146 95 117 131 155 168 115 158 167 157 170 147 125 179 169 182 126 107 140 181 171 148 184 141 160 173 121 102 132 185 138 119 152 122 165 174 177 154 113 191 192 196 197
117 155 168 158 148 125 157 170 160 102 169 182 126 181 171 184 161 138 151 141 118 100 173 150 186 95 153 98 130 112 152 119 122 164 177 154 131 167 144 121 96 189 107 166 179 156 110 146 190 191 195 196
169 170 119 122 152 155 167 182 153 113 181 171 184 100 130 174 114 144 95 147 158 150 131 173 161 112 186 164 115 146 148 125 177 96 107 110 189 157 160 141 178 118 99 151 132 165 180 192 193 197 198
170 153 185 113 99 130 174 114 144 147 98 158 150 131 112 164 186 115 189 148 95 126 156 180 110 154 146 157 179 141 118 171 121 184 151 102 132 165 168 119 122 152 173 166 192 193 197 198
161 166 179 118 99 121 151 102 178 168 138 119 152 155 167 180 153 113 114 144 147 181 98 158 171 150 184 131 112 115 148 173 125 185 165 96 126 156 107 140 174 154 146 177 157 160 141 186 192 193 197 198
166 112 164 115 148 182 125 171 184 96 126 156 107 110 154 146 157 160 141 185 118 99 121 174 102 187 132 177 119 152 189 179 113 178 168 100 95 167 180 147 98 158 150 192 193 197 198
160 173 185 99 102 147 119 131 177 167 179 113 100 130 178 168 144 95 96 181 126 158 112 115 146 157 141 182 125 151 107 171 138 184 110 140 174 154 192 193 197 198
173 141 185 118 99 121 151 132 174 177 138 168 119 171 122 152 189 179 153 178 100 130 114 95 147 98 180 158 150 112 115 167 148 182 125 184 96 126 156 140 186 193 194 198 199
146 186 153 131 115 185 152 155 113 187 177 154 95 96 126 98 110 140 189 112 179 156 168 158 148 121 180 157 147 107 150 138 119 122 182 151 118 130 102 191 192 196 197
186 157 174 125 121 184 107 138 168 110 140 171 152 182 155 185 141 153 118 99 151 102 132 165 147 177 119 150 180 164 148 181 189 130 114 95 96 98 158 131 112 115 193 194 198 199
119 182 126 110 181 171 148 184 138 140 118 99 102 185 152 165 174 187 164 141 131 144 121 113 153 189 114 95 98 178 155 168 122 158 125 167 180 157 147 190 191 195 196
138 182 118 99 102 181 171 174 151 122 150 140 152 165 100 130 114 95 98 187 177 154 112 167 115 189 179 156 125 178 155 168 158 96 148 107 110 180 157 147 191 192 196 197
182 168 152 153 184 113 100 130 114 144 95 98 177 158 150 180 131 112 164 115 185 167 178 181 179 187 96 126 156 189 110 140 154 141 174 118 121 151 102 132 165 193 194 198 199
130 178 155 168 158 167 157 118 99 121 122 148 184 151 113 150 153 100 114 95 185 98 152 112 115 174 187 164 141 177 154 131 144 125 189 156 126 107 110 190 191 195 196
178 114 144 98 177 179 158 150 131 112 164 167 148 125 180 96 126 107 140 154 157 141 181 174 118 99 121 151 102 132 165 171 153 187 113 193 194 198 199
131 179 156 125 155 168 158 126 110 167 180 157 118 121 181 102 171 148 151 122 150 140 185 152 165 100 132 114 174 98 164 141 177 154 112 144 115 189 190 191 195 196
110 185 165 132 187 177 154 144 189 96 107 156 113 155 122 158 112 180 147 99 114 102 179 126 181 171 148 184 115 151 118 100 140 153 95 190 194 195 199
150 156 141 168 181 158 118 121 102 180 157 122 113 171 184 174 151 100 114 144 147 98 115 148 185 152 165 155 164 177 167 96 107 189 191 192 196 197
156 112 115 165 148 174 187 164 177 125 189 96 126 107 140 154 168 158 141 167 157 118 121 102 132 122 152 181 171 184 153 100 114 144 95 192 193 197 198
96 185 152 165 132 99 187 164 177 154 144 98 179 100 113 168 122 158 125 115 167 157 147 114 126 95 181 171 148 184 151 141 118 107 190 194 195 199
185 126 154 157 141 174 118 99 102 132 184 168 171 122 153 113 187 100 114 95 147 98 189 177 158 180 112 115 167 148 179 125 193 194 198 199
102 181 171 100 148 115 151 140 107 152 132 184 174 187 164 141 177 144 121 153 165 168 99 112 167 180 147 114 179 113 126 190 194 195 199
152 126 171 184 141 118 99 121 151 153 132 122 174 187 164 177 167 113 100 189 179 114 147 112 115 158 157 125 192 193 197 198
154 125 165 126 107 140 174 187 164 177 189 118 99 121 151 155 158 167 180 157 153 179 100 114 95 147 98 171 184 112 148 192 193 197 198
113 125 98 167 180 157 126 181 171 184 95 115 118 112 140 132 174 187 144 121 189 165 155 99 100 168 122 190 194 195 199
125 174 187 164 141 177 99 100 144 98 189 112 115 155 158 180 95 107 181 151 118 121 140 153 122 165 132 190 191 195 196
165 95 126 98 158 140 171 112 184 157 141 121 151 122 155 187 177 189 118 100 132 144 147 168 164 115 167 179 192 193 197 198
112 100 95 155 98 168 167 180 147 114 126 107 181 158 171 148 115 151 118 132 184 174 164 141 177 144 190 194 195 199
179 187 164 148 189 114 144 95 126 98 158 115 157 180 141 151 107 168 184 171 122 153 99 100 132 147 177 193 194 198 199
180 153 100 181 114 144 95 147 98 177 164 115 148 184 107 140 141 174 118 99 121 151 187 168 171 122 155 193 194 198 199
164 189 126 168 107 181 140 157 141 118 99 121 151 132 171 184 122 174 155 100 114 95 98 187 115 177 167 148 192 193 197 198
140 187 118 141 121 144 132 189 122 155 158 100 167 95 98 115 181 171 148 184 151 126 107 153 191 192 196 197
153 157 121 181 171 184 107 122 118 99 100 132 147 187 177 167 115 189 155 168 114 144 158 126 98 192 193 197 198
126 122 132 174 187 141 177 189 114 155 158 115 147 107 181 171 148 184 151 99 121 190 191 195 196
168 100 114 95 98 158 181 115 148 107 174 187 157 177 189 99 121 151 132 122 155 192 193 197 198
115 189 99 155 122 158 167 157 147 100 98 148 151 107 174 187 177 144 121 190 191 195 196
189 95 107 157 187 141 174 118 121 151 132 184 171 122 155 99 100 114 147 98 177 193 194 198 199
107 132 184 174 177 144 121 155 122 167 157 147 100 114 95 181 158 171 151 118 190 194 195 199
118 181 171 184 151 132 174 187 141 177 99 100 144 121 114 95 98 155 122 167 157 147 190 191 195 196
181 99 121 151 132 122 167 100 95 147 98 177 158 148 171 155 141 174 187 193 194 198 199
155 144 95 147 98 148 171 184 174 187 177 167 99 121 151 132 122 158 157 192 193 197 198
100 98 167 157 147 114 171 148 184 99 132 174 187 121 190 194 195 199
114 122 158 157 98 171 184 132 174 141 177 144 121 99 190 191 195 196
98 122 158 167 157 171 148 151 132 99 174 141 95 144 121 190 194 195 199
157 95 147 187 148 158 167 141 121 151 132 184 122 192 193 197 198
99 158 148 95 184 174 151 187 141 122 177 167 144 147 190 194 195 199
141 122 174 187 144 132 158 167 147 95 171 148 184 191 192 196 197
144 158 167 95 147 148 184 151 121 132 174 187 177 191 192 196 197
122 95 171 184 151 132 174 187 177 158 148 147 190 191 195 196
174 171 187 121 151 132 167 148 95 147 158 184 193 194 198 199
95 132 177 167 147 158 171 148 184 187 121 190 194 195 199
158 132 148 171 121 151 187 192 193 197 198
171 121 132 184 147 187 167 177 148 193 194 198 199
187 121 151 184 147 177 167 148 193 194 198 199
132 151 121 177 167 147 190 191 195 196
121 151 177 167 147 190 191 195 196
148 147 184 177 191 192 196 197
184 151 177 193 194 198 199
151 177 167 191 192 196 197
167 147 177 192 193 197 198
177 147 193 194 198 199
147 191 192 196 197
190
191
192
193
194
195
196
197
198
199
