#/usr/local/lib/python3.10/dist-packages/colab_kernel_launcher.py -f /root/.local/share/jupyter/runtime/kernel-6c0fbf18-c276-4b2d-9452-8819c27dba4d.json
# GMT Sat May 25 00:50:15 2024
# 
15 21 30 6 9 1 53 48 43 52 29 24 33 42 51 19 7 28 10 5 13 46 50 27 36 45 40 49 11 17 26 108 109 114 115 120 121
21 46 18 32 41 50 36 22 40 26 2 30 13 8 19 44 11 39 34 43 14 47 24 33 42 28 23 1 20 12 109 110 115 116 121 122
36 53 10 48 29 2 43 52 38 32 5 27 30 19 0 22 14 41 6 17 44 9 1 20 31 4 34 18 7 111 112 117 118 123 124
53 28 9 48 1 31 20 50 12 4 43 26 45 34 18 27 10 29 2 32 5 13 35 16 38 11 0 52 44 112 113 118 119 124 125
7 17 26 35 30 16 2 39 25 43 52 29 33 10 19 37 0 14 23 3 51 41 18 27 45 22 40 49 4 108 113 114 119 120 125
17 25 34 52 47 42 19 28 37 16 8 11 3 14 46 41 50 27 6 31 40 26 35 9 30 1 12 4 108 109 114 115 120 121
30 26 18 9 29 4 50 24 16 49 27 35 8 19 6 48 34 0 52 1 38 47 33 42 12 37 110 111 116 117 122 123
26 18 39 10 2 13 16 34 43 52 47 51 11 37 3 9 1 20 41 12 45 4 49 35 44 109 110 115 116 121 122
18 35 8 3 14 6 11 25 43 29 38 47 28 23 9 10 12 51 13 32 41 50 45 22 31 109 110 115 116 121 122
39 28 48 43 20 47 51 4 32 5 46 41 34 27 29 35 24 13 50 16 6 40 49 44 1 31 3 25 111 112 117 118 123 124
35 10 29 50 45 40 49 5 13 44 16 19 11 3 48 43 47 51 9 37 1 12 23 4 110 111 116 117 122 123
29 41 45 25 6 44 28 1 20 12 48 52 38 47 42 37 24 13 16 8 22 46 3 110 111 116 117 122 123
41 42 51 2 27 11 46 22 14 3 45 33 49 6 9 20 12 34 48 43 52 47 10 111 112 117 118 123 124
0 5 9 51 32 50 27 45 13 22 31 12 16 2 49 44 25 34 43 52 20 38 6 24 33 42 10 108 113 114 119 120 125
5 3 50 27 45 31 8 44 25 1 6 4 43 20 38 2 33 42 51 10 28 37 14 32 13 108 113 114 119 120 125
8 2 51 32 50 27 45 31 40 44 11 6 48 25 43 20 24 33 42 4 10 19 28 37 23 108 113 114 119 120 125
11 14 23 51 2 37 46 50 13 22 31 40 12 16 6 44 43 38 1 24 42 28 108 109 114 115 120 121
14 51 19 28 37 3 23 1 12 50 4 31 44 16 25 10 2 13 48 34 52 47 20 108 109 114 115 120 121
46 22 13 19 50 38 49 3 33 44 28 9 23 12 42 4 43 48 34 45 51 10 40 2 112 113 118 119 124 125
23 3 25 34 43 52 38 24 42 37 10 51 2 32 50 27 4 45 31 49 44 16 19 109 110 115 116 121 122
10 27 45 22 3 12 1 48 43 24 33 42 51 19 28 37 50 108 109 114 115 120 121
27 22 13 16 45 49 44 3 25 6 1 48 34 52 38 47 51 37 110 111 116 117 122 123
42 33 25 6 44 48 1 52 20 34 37 40 51 32 24 50 45 49 111 112 117 118 123 124
51 47 38 1 31 20 25 9 48 43 24 37 19 22 112 113 118 119 124 125
2 32 13 22 40 49 3 12 16 44 48 25 20 38 6 24 33 37 108 113 114 119 120 125
32 22 50 13 40 49 16 1 31 3 28 34 43 9 38 47 33 12 37 4 110 111 116 117 122 123
25 34 38 33 9 4 24 37 19 50 31 40 22 13 6 20 49 109 110 115 116 121 122
34 28 20 31 48 52 47 37 16 19 50 22 45 49 44 110 111 116 117 122 123
44 47 40 12 4 43 19 50 22 3 6 28 48 111 112 117 118 123 124
47 33 52 28 9 31 4 45 50 40 43 13 19 38 22 3 112 113 118 119 124 125
45 40 43 24 16 19 38 52 22 6 9 31 49 112 113 118 119 124 125
33 37 6 28 9 31 20 12 4 40 49 24 13 16 19 48 110 111 116 117 122 123
3 24 19 37 4 50 13 40 49 1 48 20 38 108 113 114 119 120 125
24 6 40 49 9 1 12 43 52 38 28 16 19 22 109 110 115 116 121 122
22 13 16 19 50 49 6 1 4 48 52 109 110 115 116 121 122
48 28 9 31 20 12 37 52 16 38 112 113 118 119 124 125
28 38 6 37 12 4 31 40 13 16 19 110 111 116 117 122 123
9 49 43 20 38 6 1 37 50 13 40 12 108 109 114 115 120 121
49 40 16 50 38 6 31 20 12 112 113 118 119 124 125
6 43 52 19 37 12 16 108 113 114 119 120 125
43 20 31 4 40 13 111 112 117 118 123 124
40 13 16 19 52 1 20 4 111 112 117 118 123 124
52 1 20 50 12 4 16 19 38 112 113 118 119 124 125
50 19 4 37 112 113 118 119 124 125
38 1 31 20 12 37 19 111 112 117 118 123 124
19 31 4 109 110 115 116 121 122
37 31 12 4 111 112 117 118 123 124
16 31 13 20 1 108 109 114 115 120 121
13 31 1 20 12 108 109 114 115 120 121
1 4 12 20 108 113 114 119 120 125
12 31 108 109 114 115 120 121
31 20 4 110 111 116 117 122 123
20 4 109 110 115 116 121 122
4 108 113 114 119 120 125
61 71 80 75 84 70 56 59 107 79 88 74 83 92 78 96 91 54 77 57 60 100 55 81 90 99 67 76 85 103 58 108 113 114 119 120 125
71 107 93 102 64 79 88 106 101 73 59 82 91 67 62 54 105 100 86 104 72 90 99 60 85 103 80 84 66 69 108 109 114 115 120 121
90 107 83 56 92 101 86 59 105 89 67 78 84 54 76 68 87 100 95 104 99 94 103 98 63 74 66 69 72 111 112 117 118 123 124
107 101 82 63 85 96 97 72 91 81 64 83 94 75 76 86 59 67 70 100 73 92 93 95 68 57 87 79 112 113 118 119 124 125
69 84 93 70 79 60 63 55 102 106 58 83 92 78 87 105 73 82 91 77 86 72 64 56 104 99 62 85 94 108 109 114 115 120 121
84 80 63 64 75 59 95 67 70 85 94 81 89 98 73 65 93 102 88 54 106 55 92 74 87 96 91 110 111 116 117 122 123
101 98 102 79 106 60 105 82 93 74 96 80 99 91 94 56 75 103 97 78 89 81 100 92 65 54 95 68 112 113 118 119 124 125
80 93 64 59 70 102 88 97 106 83 62 65 54 82 91 86 57 79 60 63 55 77 66 85 94 89 98 109 110 115 116 121 122
93 82 63 64 97 74 106 96 58 86 100 95 88 72 91 56 75 67 78 89 104 70 60 103 62 111 112 117 118 123 124
72 89 75 57 70 60 102 65 88 106 74 92 82 91 77 63 64 105 58 59 100 67 86 104 81 76 109 110 115 116 121 122
89 64 56 104 99 103 59 67 78 98 70 54 65 76 68 57 79 102 60 96 63 91 55 66 88 110 111 116 117 122 123
83 86 95 104 79 60 94 98 63 74 77 58 102 88 97 106 92 56 91 78 70 81 62 73 65 57 110 111 116 117 122 123
86 56 95 68 70 60 98 62 73 55 74 102 88 97 106 92 87 96 66 77 100 58 81 110 111 116 117 122 123
95 56 75 59 67 78 81 54 100 76 57 99 87 103 82 55 74 66 58 88 102 91 106 64 111 112 117 118 123 124
75 91 100 81 76 94 59 67 70 62 73 54 79 97 68 92 96 77 63 55 74 66 58 105 109 110 115 116 121 122
91 76 68 54 74 85 98 102 97 106 79 88 63 64 58 81 104 103 111 112 117 118 123 124
60 102 88 106 92 78 87 64 73 82 58 81 99 76 94 56 62 98 66 79 74 108 113 114 119 120 125
102 82 63 55 74 96 106 94 105 97 78 70 100 54 65 76 57 68 104 112 113 118 119 124 125
104 56 97 59 70 81 103 92 105 65 54 68 87 98 79 63 55 85 77 58 88 99 112 113 118 119 124 125
65 68 77 64 56 58 59 81 76 103 66 70 57 98 79 106 74 92 55 78 87 96 73 108 109 114 115 120 121
68 54 78 105 73 57 100 66 58 81 99 76 94 103 56 59 67 88 97 106 62 108 109 114 115 120 121
100 78 70 73 62 54 103 98 63 85 74 96 58 97 106 81 64 94 56 112 113 118 119 124 125
54 77 99 67 85 62 57 66 56 79 97 74 87 96 55 64 82 108 113 114 119 120 125
77 57 79 97 78 55 66 64 105 56 81 58 99 59 85 94 103 67 98 73 62 109 110 115 116 121 122
56 67 85 103 62 70 88 97 92 96 64 73 59 63 55 108 113 114 119 120 125
64 99 85 98 66 63 88 97 92 78 87 96 105 82 62 108 109 114 115 120 121
99 94 97 78 67 70 81 76 105 57 98 87 82 74 85 66 58 103 112 113 118 119 124 125
98 105 63 66 59 67 81 62 76 103 87 82 85 74 106 88 111 112 117 118 123 124
79 97 92 87 82 63 66 78 105 85 94 67 70 62 55 74 109 110 115 116 121 122
97 82 66 106 59 67 105 70 62 92 76 57 87 111 112 117 118 123 124
76 82 81 70 73 62 85 94 57 63 66 58 88 92 96 105 109 110 115 116 121 122
82 57 88 92 87 63 55 74 58 94 103 59 67 73 110 111 116 117 122 123
78 57 85 94 63 55 74 88 106 96 87 105 70 62 109 110 115 116 121 122
57 87 96 73 63 58 81 67 94 62 66 55 88 92 108 113 114 119 120 125
87 63 55 85 105 58 94 103 59 67 81 62 73 110 111 116 117 122 123
96 55 106 85 66 88 94 105 59 67 103 73 62 92 111 112 117 118 123 124
105 67 70 62 103 88 63 94 58 59 81 73 112 113 118 119 124 125
70 94 67 62 88 74 63 66 58 108 109 114 115 120 121
63 103 74 55 67 85 108 109 114 115 120 121
103 58 59 67 81 73 92 74 66 106 112 113 118 119 124 125
88 55 85 106 92 59 94 110 111 116 117 122 123
94 67 81 73 92 85 66 111 112 117 118 123 124
106 74 85 66 58 59 62 73 92 112 113 118 119 124 125
85 59 92 81 73 55 74 110 111 116 117 122 123
92 55 66 59 73 111 112 117 118 123 124
73 55 66 58 59 74 62 109 110 115 116 121 122
67 81 62 55 108 109 114 115 120 121
81 59 74 66 58 110 111 116 117 122 123
59 66 58 108 113 114 119 120 125
66 62 55 108 109 114 115 120 121
62 55 58 108 113 114 119 120 125
55 58 74 108 113 114 119 120 125
74 58 109 110 115 116 121 122
58 108 113 114 119 120 125
108
109
110
111
112
113
114
115
116
117
118
119
120
121
122
123
124
125
