#/usr/local/lib/python3.10/dist-packages/colab_kernel_launcher.py -f /root/.local/share/jupyter/runtime/kernel-2b515d16-c871-48c9-ad2b-cd6ecd503099.json
# GMT Thu May 23 13:14:51 2024
# 
55 84 61 32 13 83 4 7 37 10 40 75 21 43 24 27 8 38 41 74 64 77 67 18 76 2 66 79 56 35 16 19 49 0 22 52 3 33 78 6 36 17 58 39 20 50 51 53 80 70 30 11 14 44 25 82 59 47 72 1 12 42 15 48 71 172 173 177 178
84 36 66 8 39 69 53 67 2 16 19 49 0 1 80 31 61 3 33 63 64 17 48 50 51 81 32 65 46 79 11 14 44 25 26 56 28 9 12 42 73 15 45 76 57 29 60 41 71 77 58 23 5 7 37 68 40 70 21 22 52 82 24 54 173 174 178 179
28 67 22 80 57 34 47 17 37 20 79 69 46 82 59 49 81 11 58 14 48 61 25 38 9 1 12 15 83 60 73 63 40 30 13 72 62 75 52 42 23 4 26 74 51 41 31 21 44 24 76 53 43 33 65 32 68 45 2 35 5 16 77 0 170 171 175 176
67 9 31 61 12 42 64 15 45 81 59 60 62 13 46 73 23 4 26 7 72 10 40 21 75 43 24 54 8 39 41 74 58 18 76 5 35 16 19 49 52 3 63 6 36 66 68 17 20 53 34 65 80 70 30 11 79 44 25 69 47 82 172 173 177 178
47 80 44 57 70 9 31 12 42 15 79 45 69 82 59 29 72 49 32 46 81 71 48 4 26 83 7 37 60 73 50 40 43 24 27 8 38 62 75 52 65 74 18 64 77 2 54 5 16 0 22 53 33 6 36 56 17 20 34 68 30 14 171 172 176 177
80 9 31 12 64 45 75 78 29 51 32 62 82 46 79 81 23 4 26 7 10 40 21 43 83 24 54 27 57 8 60 41 71 77 58 18 2 5 35 16 68 19 49 0 22 52 3 33 63 6 39 69 20 50 34 30 11 14 44 25 173 174 178 179
8 9 51 64 54 31 44 11 76 53 66 20 33 10 23 2 65 78 5 32 68 45 22 35 12 3 57 34 24 37 14 79 69 82 36 49 26 16 81 58 71 48 1 25 61 15 18 60 50 63 40 17 30 62 75 52 42 4 19 7 170 174 175 179
9 44 57 34 11 14 79 69 59 36 13 2 26 5 16 68 81 48 3 25 61 38 6 70 83 60 50 27 40 17 82 49 62 39 52 29 19 1 74 51 64 41 18 54 21 63 76 30 66 43 20 75 4 65 42 7 32 12 77 170 174 175 179
0 5 83 60 37 73 27 4 40 17 7 82 49 62 29 6 19 74 51 64 41 18 54 31 21 63 76 66 20 33 23 75 65 78 32 68 22 35 12 77 44 57 34 24 1 14 79 69 59 36 13 26 3 16 81 58 25 61 38 15 170 174 175 179
5 83 73 50 27 63 40 7 72 62 75 52 29 42 19 32 74 64 77 54 31 1 11 76 53 43 20 56 33 10 23 13 78 68 45 22 35 12 4 34 70 24 37 14 79 69 46 59 49 26 6 81 71 61 38 2 18 170 174 175 179
83 35 68 19 49 22 52 3 6 36 66 17 39 69 50 72 53 34 11 14 25 1 31 12 42 64 15 45 75 48 78 59 51 81 32 62 13 65 46 23 4 26 56 10 70 43 73 24 54 57 38 60 41 74 77 58 18 2 173 174 178 179
11 14 7 56 10 36 13 26 16 81 58 71 61 15 70 60 2 37 73 50 4 17 30 82 3 72 62 39 75 29 42 19 74 51 64 41 18 54 31 21 63 76 53 66 43 20 78 32 68 45 22 35 12 77 57 24 170 174 175 179
14 24 79 1 69 46 82 59 49 26 16 81 13 71 61 38 51 18 60 50 63 40 17 7 10 62 75 52 29 42 19 74 64 41 77 54 31 2 53 66 20 56 33 3 23 6 78 68 45 35 25 57 34 70 170 174 175 179
6 48 61 38 15 51 18 60 50 27 63 40 2 17 30 7 20 1 62 3 52 42 19 32 64 41 77 54 44 21 66 43 33 10 46 23 78 68 45 22 58 35 25 34 70 24 37 79 69 82 59 49 26 39 16 71 170 174 175 179
48 36 58 17 39 20 34 70 30 69 82 44 59 25 72 1 12 42 15 45 29 51 32 13 46 60 73 63 53 23 4 26 7 37 75 52 65 21 43 24 27 74 41 54 18 76 66 79 2 56 35 16 22 78 3 33 68 171 172 176 177
29 68 45 35 77 18 70 2 37 16 19 22 82 3 36 49 17 20 81 58 71 61 38 51 60 73 50 63 40 30 72 15 62 39 75 52 42 13 74 64 41 31 44 23 4 26 76 7 53 66 43 56 33 21 24 27 170 171 175 176
68 59 51 32 62 13 46 23 75 56 37 10 40 43 24 74 54 27 57 77 38 60 58 79 18 35 49 52 33 36 66 17 39 20 50 53 34 69 82 30 72 44 81 1 31 61 42 64 15 45 173 174 178 179
21 64 7 41 54 31 10 63 76 53 66 43 33 23 78 18 32 35 2 16 77 44 34 3 24 17 79 56 46 59 36 49 26 58 71 25 61 38 70 12 73 50 27 40 30 13 72 39 75 52 42 74 4 51 170 171 175 176
64 43 24 54 27 38 60 70 18 72 16 19 49 22 52 33 63 36 17 39 50 53 73 34 30 65 44 1 31 12 74 15 45 59 32 62 13 76 46 66 79 23 78 26 56 7 37 10 40 172 173 177 178
40 77 54 44 35 16 19 76 53 22 66 3 43 56 36 39 20 78 34 45 30 57 70 25 31 12 79 15 32 13 81 71 61 51 23 4 60 37 50 63 10 72 38 62 75 52 42 74 18 171 172 176 177
77 70 12 42 43 73 76 27 59 60 41 71 13 58 23 4 35 79 7 37 24 78 66 38 39 81 20 50 72 53 18 30 2 16 19 31 61 3 15 45 17 51 32 62 34 44 25 26 56 173 174 178 179
41 42 24 27 74 38 39 54 76 53 18 56 35 16 19 78 22 3 45 33 58 36 20 57 70 79 30 69 46 82 59 1 12 15 71 61 32 13 73 50 63 23 72 4 26 62 7 75 37 10 171 172 176 177
42 44 57 79 69 46 35 59 16 49 19 22 3 36 58 17 71 39 61 20 34 70 60 82 62 75 52 31 12 15 51 63 76 53 66 43 56 23 7 37 10 65 78 24 27 38 171 172 176 177
33 38 70 23 60 4 73 50 7 63 10 24 72 62 39 52 74 18 54 44 2 16 76 19 53 66 43 22 56 3 17 20 45 35 30 57 34 37 25 1 31 79 46 82 59 49 13 71 61 170 171 175 176
38 17 74 51 54 34 76 43 30 56 25 65 1 78 12 45 15 32 13 44 69 46 82 23 59 4 26 49 7 37 10 81 58 71 70 73 50 18 2 72 16 62 39 52 19 22 3 171 172 176 177
73 74 35 16 19 22 52 3 63 17 39 69 20 50 72 34 78 44 25 1 31 61 12 15 45 79 59 51 62 82 13 65 46 81 23 26 56 37 10 70 43 24 27 57 71 75 58 18 2 173 174 178 179
74 75 24 54 27 60 72 2 76 35 79 16 19 49 22 52 63 36 66 17 39 20 50 51 53 34 30 82 1 31 61 12 15 45 59 32 62 13 65 46 23 4 26 37 70 173 174 178 179
25 34 17 56 69 46 59 36 26 81 58 71 61 10 70 24 60 37 50 13 82 72 62 39 52 23 4 19 54 22 63 20 76 53 30 66 43 18 78 32 2 45 35 16 1 44 57 170 171 175 176
34 31 81 12 58 71 15 61 32 13 60 72 23 62 75 7 10 24 27 54 76 53 43 18 2 65 78 19 45 3 35 57 70 37 79 69 30 46 82 59 36 49 171 172 176 177
39 81 71 51 18 2 35 50 16 63 53 31 3 15 17 62 75 20 52 65 32 54 30 66 10 79 12 46 27 13 45 58 57 70 4 7 37 22 69 82 24 72 49 171 172 176 177
81 69 20 50 51 53 1 61 12 15 45 75 78 32 13 65 46 23 4 56 7 37 10 70 24 54 76 27 57 60 71 72 18 2 35 19 49 22 52 3 63 36 66 17 173 174 178 179
44 10 12 43 24 79 27 69 46 58 71 61 18 51 4 7 37 19 50 22 3 36 20 72 75 52 30 2 54 1 31 53 66 15 56 17 32 13 65 78 23 26 70 171 172 176 177
10 54 31 76 4 53 7 20 56 13 65 78 45 22 12 57 70 24 79 69 46 59 36 49 26 71 61 15 51 18 60 50 27 63 17 30 1 72 62 52 19 32 170 174 175 179
54 43 24 27 66 56 65 2 78 16 52 3 17 57 20 50 69 82 59 30 71 61 1 31 12 15 45 60 51 32 13 63 46 72 62 26 7 37 172 173 177 178
2 50 7 75 52 19 51 31 63 53 66 43 56 23 65 32 22 35 12 57 24 37 4 79 69 46 82 59 13 49 26 3 16 58 71 61 15 70 60 170 174 175 179
50 58 35 71 16 19 51 22 36 17 20 63 72 62 75 52 30 12 32 76 53 66 46 65 78 23 4 26 7 37 43 57 79 69 82 59 171 172 176 177
22 13 53 30 62 4 75 65 7 32 31 76 66 43 56 18 46 23 16 78 19 45 58 3 35 17 20 57 70 27 79 69 36 49 1 71 61 170 171 175 176
24 31 1 15 76 53 66 43 56 65 78 32 35 23 4 57 37 79 69 59 49 26 58 61 19 3 60 63 17 30 62 75 52 170 171 175 176
75 58 18 4 35 16 49 82 3 63 36 66 20 72 53 30 1 31 61 12 15 45 32 62 65 46 23 76 26 56 37 70 43 57 78 60 173 174 178 179
66 71 4 56 7 37 27 60 58 18 19 49 52 3 63 76 36 17 20 53 78 30 70 1 31 61 15 69 59 51 82 32 13 65 46 172 173 177 178
71 17 69 20 53 30 76 1 31 12 15 59 51 32 62 13 65 23 26 79 56 7 37 82 70 43 27 60 58 18 35 16 19 72 3 63 173 174 178 179
13 65 78 45 57 37 79 69 82 59 36 49 16 58 61 15 7 70 60 63 17 30 72 62 52 19 51 31 1 53 43 20 23 170 174 175 179
65 58 23 4 70 7 37 52 36 69 82 72 53 19 49 1 31 63 17 20 51 32 62 46 26 56 61 12 76 43 15 45 79 27 57 59 60 172 173 177 178
35 60 63 32 52 23 4 27 76 53 43 56 78 45 58 16 19 3 57 70 17 37 46 82 59 36 49 30 61 51 1 31 12 171 172 176 177
36 51 30 60 63 1 31 12 15 72 62 32 4 26 7 53 43 56 27 78 45 58 18 57 70 37 19 3 69 46 82 59 17 49 20 171 172 176 177
61 17 70 53 79 69 82 30 1 31 12 15 45 59 51 32 46 72 62 23 4 56 7 37 18 78 19 49 52 3 172 173 177 178
7 63 76 43 20 56 78 32 45 12 37 79 69 1 59 26 16 58 70 60 27 4 17 72 62 52 19 51 18 170 174 175 179
57 1 31 12 15 45 32 76 46 78 23 4 26 56 58 37 43 70 79 69 82 59 72 18 16 19 49 3 17 20 60 53 62 30 172 173 177 178
59 70 1 31 15 45 79 69 82 46 23 4 26 56 37 60 43 27 72 58 18 16 19 49 52 76 20 78 172 173 177 178
18 30 3 62 19 51 16 76 1 43 20 56 15 23 17 78 37 79 46 82 49 26 58 60 4 27 63 170 171 175 176
30 79 69 46 82 4 16 49 19 3 17 72 52 1 12 32 15 31 43 23 26 78 45 58 27 70 37 170 171 175 176
70 3 63 15 45 51 62 78 26 56 43 27 79 60 82 58 23 37 19 52 20 53 72 173 174 178 179
17 60 3 27 62 52 51 31 12 15 76 53 43 20 78 32 4 37 79 69 46 82 170 171 175 176
45 32 79 23 69 4 46 26 49 43 27 51 60 63 72 16 62 19 52 76 56 1 12 15 58 171 172 176 177
69 1 31 12 51 32 62 46 4 26 37 76 27 79 60 58 78 16 19 49 52 82 72 53 173 174 178 179
58 62 51 26 56 76 12 43 79 27 78 23 4 52 82 72 20 19 49 63 1 31 3 172 173 177 178
31 27 79 46 82 49 16 51 3 60 63 20 72 62 52 32 1 12 15 56 78 26 170 171 175 176
62 78 52 3 79 20 1 12 15 72 51 32 46 23 4 26 37 76 43 172 173 177 178
78 23 4 26 37 82 43 27 60 16 19 49 52 3 63 20 53 1 12 15 51 173 174 178 179
20 51 4 60 27 63 72 52 16 1 3 76 53 43 56 23 15 46 26 170 171 175 176
12 46 82 49 16 15 60 27 72 52 19 3 76 53 43 56 23 32 1 170 174 175 179
32 23 37 4 79 82 49 63 16 3 15 76 26 43 56 46 27 170 171 175 176
51 60 82 72 16 49 1 3 15 46 63 26 52 27 76 56 23 4 19 172 173 177 178
43 4 26 37 76 79 46 27 3 82 72 49 63 1 53 52 171 172 176 177
60 19 49 52 3 53 76 79 1 46 82 23 4 26 56 37 27 172 173 177 178
15 79 46 26 16 1 27 63 72 52 4 19 53 56 23 170 174 175 179
27 16 19 3 76 56 46 1 37 79 82 72 49 23 4 26 63 53 170 171 175 176
79 1 76 26 56 37 72 53 16 49 52 3 63 173 174 178 179
4 63 76 53 1 56 26 16 82 72 3 52 170 174 175 179
63 37 19 49 3 72 53 16 1 76 46 23 26 56 172 173 177 178
23 76 53 56 37 46 82 49 16 3 72 170 171 175 176
76 26 56 37 16 19 49 52 72 82 53 1 46 173 174 178 179
3 72 1 52 53 56 46 82 49 26 170 174 175 179
16 37 82 72 52 19 1 53 46 49 26 170 174 175 179
37 1 56 49 19 82 72 52 171 172 176 177
1 49 26 72 19 53 46 170 174 175 179
19 72 53 56 46 82 49 170 171 175 176
53 26 49 56 46 82 172 173 177 178
49 46 56 26 82 171 172 176 177
56 26 82 52 72 46 172 173 177 178
26 72 52 170 171 175 176
46 82 72 171 172 176 177
82 52 72 173 174 178 179
52 72 172 173 177 178
72 173 174 178 179
102 143 156 110 146 87 90 113 101 155 85 168 145 88 158 135 112 125 115 147 124 160 114 127 104 169 99 149 126 103 139 116 106 86 161 151 128 105 141 118 98 150 163 117 153 107 120 162 92 152 129 165 142 95 119 109 122 93 164 154 131 167 144 134 166 170 171 175 176
143 160 117 150 119 131 159 149 162 99 129 110 111 141 161 125 97 127 128 164 112 142 114 126 163 153 165 108 89 90 155 120 92 122 106 137 109 139 154 121 144 93 123 157 124 138 166 156 169 146 103 115 87 101 132 104 134 148 85 86 116 88 100 130 172 173 177 178
113 152 107 165 88 142 119 91 105 164 154 131 167 134 166 96 156 99 133 110 123 94 97 100 168 158 135 148 125 115 98 157 124 160 137 127 108 169 89 136 92 149 95 139 106 129 109 161 138 151 128 141 118 150 103 140 117 153 130 87 120 101 162 85 170 171 175 176
152 94 86 116 146 127 100 130 166 114 156 147 131 168 158 108 89 92 122 157 95 125 106 128 139 140 112 142 93 123 124 126 159 162 103 87 90 101 85 107 137 88 118 148 163 91 121 151 153 105 135 136 138 119 165 155 115 96 164 129 110 154 132 172 173 177 178
114 117 153 130 120 103 165 142 155 87 122 101 104 164 85 154 107 88 144 121 134 105 166 133 146 123 136 168 145 158 99 135 148 110 125 115 86 97 100 124 160 127 98 169 149 126 139 116 129 108 111 161 92 138 151 141 118 106 109 112 163 140 170 171 175 176
117 163 140 153 98 165 142 119 155 132 108 122 92 164 154 106 167 157 134 91 124 93 105 166 156 133 123 136 103 115 87 158 135 99 148 125 101 104 85 86 116 88 100 147 127 149 126 139 129 96 110 161 111 151 128 94 95 141 118 97 112 170 171 175 176
132 165 129 142 110 155 94 86 116 127 100 164 154 167 144 157 134 98 131 166 133 169 146 136 89 111 168 92 122 145 158 95 125 148 106 128 93 126 137 150 159 103 149 87 139 120 101 85 107 161 88 138 118 151 91 121 141 124 119 163 115 99 171 172 176 177
165 94 86 116 146 97 127 149 100 160 133 163 144 136 147 98 167 150 169 108 111 141 92 122 95 125 155 128 168 139 112 142 123 126 156 159 162 103 120 101 153 104 134 85 107 88 118 140 121 151 124 154 135 119 115 96 99 129 173 174 178 179
93 94 169 159 136 149 139 116 129 106 96 161 151 128 105 141 118 87 150 163 140 153 130 107 97 85 88 162 142 119 109 122 164 154 167 144 121 98 111 101 166 156 133 110 146 123 100 155 168 145 112 148 125 115 157 147 124 127 89 92 170 174 175 179
94 129 142 96 99 164 141 154 108 144 121 98 87 111 90 101 153 166 85 133 88 146 123 100 91 155 145 158 135 112 125 167 157 134 137 86 169 159 136 149 126 103 139 116 148 161 138 115 128 105 118 95 160 150 127 163 92 130 120 170 174 175 179
125 126 162 87 129 120 101 104 85 138 107 151 88 128 118 121 124 105 150 163 140 153 130 96 99 110 86 116 97 164 100 154 131 167 144 98 166 156 133 146 136 89 168 111 135 148 109 112 157 147 160 137 169 159 103 171 172 176 177
126 106 109 159 123 124 149 162 139 129 161 103 151 128 141 87 90 120 101 104 85 163 140 107 88 118 91 121 142 115 96 154 167 144 99 110 86 116 97 100 169 146 168 145 158 148 108 157 89 111 147 92 160 122 137 95 171 172 176 177
90 168 145 88 135 148 115 92 147 160 137 127 104 159 149 162 139 116 129 106 86 161 138 151 128 105 141 118 98 150 140 153 130 107 97 110 89 119 155 109 122 99 164 154 131 167 144 121 134 111 124 91 166 156 133 169 123 87 136 103 170 174 175 179
168 120 153 104 134 107 137 88 167 169 118 140 121 151 124 154 135 157 138 119 115 96 99 86 116 146 97 127 149 130 160 133 144 136 166 147 98 131 164 89 141 122 95 155 158 109 139 161 112 123 145 156 159 162 103 173 174 178 179
96 99 92 141 95 154 131 144 121 98 134 111 166 133 110 123 100 145 87 122 158 135 89 112 115 88 91 147 160 127 104 169 159 136 103 139 106 148 161 138 151 128 85 86 118 108 150 163 140 153 107 97 162 129 142 119 170 174 175 179
99 109 131 167 97 121 134 111 101 166 98 156 133 146 123 100 103 145 158 135 89 148 92 95 147 127 104 169 159 149 162 139 87 161 138 151 128 105 141 85 118 88 91 150 163 153 130 107 120 110 142 155 170 174 175 179
91 133 146 123 100 136 103 145 158 148 87 115 105 157 85 86 147 160 88 137 150 127 159 149 139 116 129 106 161 138 151 128 95 131 108 98 140 153 130 107 120 110 142 119 155 109 122 164 89 167 121 134 124 101 166 156 170 174 175 179
133 121 124 105 142 155 167 144 110 157 134 127 166 130 156 169 146 136 98 131 145 138 108 89 111 122 147 160 95 137 150 106 128 109 112 123 159 149 162 139 103 161 164 87 141 120 101 85 107 88 140 118 171 172 176 177
153 136 147 98 158 108 160 110 111 122 95 106 128 109 159 112 162 123 145 161 164 87 120 101 163 104 134 85 107 137 88 118 140 151 124 105 135 155 138 119 154 167 115 157 166 86 156 169 127 130 173 174 178 179
106 149 92 139 138 151 128 118 108 150 163 140 130 107 120 104 129 142 88 109 105 164 141 154 131 121 134 111 166 156 110 146 123 86 155 97 145 100 122 112 115 98 167 157 147 124 137 127 159 89 136 170 171 175 176
149 128 139 112 142 123 145 154 167 103 157 87 120 104 156 134 85 169 107 88 148 121 124 105 135 138 119 115 160 150 129 110 86 116 159 127 100 130 162 144 147 131 151 164 89 141 92 122 95 172 173 177 178
162 155 127 128 158 112 142 144 145 156 98 159 108 89 120 164 92 122 107 137 109 139 140 121 151 123 124 166 154 105 157 103 101 104 134 85 86 116 146 88 148 130 136 169 147 119 131 110 111 141 173 174 178 179
118 123 155 108 89 135 92 148 95 109 157 112 147 124 137 127 136 103 129 87 101 161 104 85 151 141 88 105 150 163 120 142 119 122 110 86 116 164 154 167 100 144 134 98 166 156 146 170 171 175 176
123 121 169 136 105 139 119 161 138 141 110 150 86 163 116 140 97 100 98 129 142 164 154 131 144 89 134 92 122 95 166 146 155 145 135 157 120 101 124 160 137 104 85 127 107 171 172 176 177
158 159 120 101 104 134 85 137 148 140 121 161 151 124 154 105 135 157 138 119 163 129 110 86 116 146 127 100 130 164 144 136 147 167 98 150 166 169 108 89 111 141 122 95 128 112 142 145 156 160 87 173 174 178 179
159 160 109 139 112 145 156 103 87 161 101 104 134 85 137 148 121 163 151 124 154 105 135 136 138 119 129 167 86 116 146 127 100 166 144 169 98 150 131 108 89 111 92 122 95 155 173 174 178 179
110 119 164 141 154 131 144 121 111 95 97 155 109 145 122 135 98 134 147 124 137 108 89 169 92 139 116 105 161 138 115 151 128 150 103 163 140 87 130 85 86 129 142 170 171 175 176
119 116 166 97 156 100 146 136 98 135 148 157 108 89 147 124 160 111 92 127 95 109 169 112 129 138 151 128 103 101 150 163 104 140 107 130 88 105 155 164 115 131 167 144 134 171 172 176 177
129 95 127 164 112 154 167 144 134 166 146 103 136 89 120 92 122 145 135 148 107 88 121 124 105 157 160 137 115 87 139 85 86 116 161 138 151 100 141 150 142 155 171 172 176 177
95 139 138 151 128 105 141 98 150 163 140 107 120 97 155 109 122 164 131 167 85 144 121 134 88 111 124 101 166 156 169 146 100 145 135 112 148 86 147 160 137 127 104 170 174 175 179
139 109 112 161 103 150 87 163 120 104 85 107 137 88 121 142 155 105 164 154 167 115 156 86 116 127 100 130 145 98 148 131 157 147 160 108 89 111 122 169 172 173 177 178
87 135 112 115 92 147 160 127 104 169 116 148 161 138 151 128 105 108 150 130 107 97 142 85 109 122 89 164 167 144 98 111 88 101 166 156 146 103 155 86 145 170 174 175 179
135 166 120 156 101 146 104 134 136 107 88 121 105 148 157 147 115 169 86 116 97 130 161 98 138 151 141 163 140 108 89 92 122 128 109 142 112 155 164 167 144 103 171 172 176 177
107 148 138 115 147 150 92 127 116 161 151 128 141 108 101 163 140 104 85 130 88 120 142 109 122 154 144 121 157 134 111 124 86 97 156 169 146 100 136 170 171 175 176
109 116 86 97 161 151 128 141 98 150 163 140 130 120 108 89 92 142 155 122 164 154 131 144 121 134 111 103 166 156 136 101 104 85 88 145 148 105 124 160 137 170 171 175 176
160 120 101 164 104 167 137 88 148 140 121 151 124 154 105 166 157 115 85 86 116 97 127 100 130 144 136 147 169 150 131 108 141 92 122 155 112 142 163 145 156 173 174 178 179
98 150 163 130 142 122 97 164 154 131 167 144 134 111 166 156 146 100 89 92 155 145 115 157 147 127 104 169 136 116 85 88 161 151 141 108 170 174 175 179
150 108 89 155 92 122 137 154 167 138 166 156 169 103 120 101 104 134 85 86 116 148 147 131 115 111 141 146 97 128 151 130 164 112 142 144 172 173 177 178
163 131 108 111 141 92 122 164 161 112 142 145 166 156 169 103 101 104 134 85 137 88 148 121 151 124 154 157 115 86 116 146 97 127 100 130 144 173 174 178 179
120 145 157 147 124 137 127 108 89 169 111 92 112 161 138 151 128 141 103 140 130 101 85 88 142 105 131 144 121 134 115 156 146 136 86 116 97 171 172 176 177
121 169 146 136 115 145 148 86 116 97 100 157 147 137 127 108 111 161 138 128 141 140 130 103 155 101 104 164 88 131 167 134 124 105 171 172 176 177
140 146 131 148 108 89 111 92 122 147 128 112 103 151 164 141 101 104 85 137 88 124 105 136 138 142 155 115 154 167 157 86 116 97 127 100 130 166 172 173 177 178
146 124 105 155 138 164 154 167 115 166 156 86 169 97 127 100 130 144 148 131 157 147 108 89 122 128 112 145 101 134 85 137 88 172 173 177 178
142 86 116 97 100 161 131 89 111 122 128 155 164 154 157 103 166 101 156 169 104 134 137 88 124 105 145 138 148 147 115 172 173 177 178
92 161 138 151 128 105 141 85 88 130 97 122 164 154 131 167 134 111 166 156 155 112 89 157 147 137 127 104 169 136 103 116 170 174 175 179
103 115 137 127 169 136 101 161 151 86 128 105 141 100 108 130 122 164 154 131 167 144 134 111 166 156 155 145 89 112 170 171 175 176
115 154 131 167 89 144 101 104 88 166 105 136 145 148 157 147 124 85 86 97 100 169 116 161 151 128 141 108 112 155 170 171 175 176
145 101 104 134 137 88 105 136 138 161 164 86 116 127 100 130 155 144 131 154 167 157 108 111 156 122 128 112 124 148 147 172 173 177 178
155 85 148 100 130 161 144 147 131 111 141 127 128 112 164 167 166 156 89 122 104 137 151 154 105 138 173 174 178 179
156 105 138 161 86 116 97 127 100 130 144 136 147 131 108 89 111 164 141 122 128 166 101 104 134 157 137 173 174 178 179
169 151 124 157 138 101 104 134 85 86 116 148 105 131 164 141 97 127 128 100 130 161 108 89 122 167 173 174 178 179
130 154 89 131 167 144 111 122 128 112 136 148 157 101 147 104 85 137 88 124 105 138 141 116 97 127 100 171 172 176 177
154 166 116 97 127 136 147 108 89 111 141 128 161 112 164 104 134 137 88 148 124 167 157 138 173 174 178 179
166 136 138 167 116 97 100 144 147 131 108 89 111 141 122 112 157 101 104 134 85 137 148 173 174 178 179
112 101 116 104 88 161 151 128 141 131 86 97 100 122 164 144 157 134 124 108 89 136 111 148 138 147 170 171 175 176
136 105 167 144 157 101 134 85 86 116 100 131 148 147 137 97 127 161 151 164 141 108 89 122 104 172 173 177 178
128 108 89 111 122 161 151 141 104 85 88 144 157 124 105 148 138 97 100 147 137 171 172 176 177
88 148 147 124 137 127 104 116 161 138 105 108 122 89 164 144 134 111 101 170 174 175 179
86 122 164 167 144 134 111 100 148 105 147 127 104 116 85 161 138 151 141 97 170 174 175 179
151 108 89 111 141 157 101 104 85 137 148 161 124 105 138 97 100 144 167 131 172 173 177 178
127 89 131 144 101 134 85 124 167 157 147 137 97 148 161 138 108 171 172 176 177
116 164 131 167 144 124 101 104 157 147 137 97 100 161 138 89 111 170 171 175 176
101 122 157 147 124 137 104 100 148 161 105 89 164 131 144 111 85 170 174 175 179
100 122 164 131 167 111 97 148 157 137 89 104 161 138 105 141 108 85 170 174 175 179
124 148 104 138 85 105 137 111 161 164 97 141 108 89 122 144 157 171 172 176 177
147 104 134 85 137 167 138 148 97 144 157 131 108 89 141 172 173 177 178
105 148 157 137 85 161 138 97 122 164 131 167 144 134 111 170 171 175 176
89 148 161 97 141 131 108 111 157 134 137 104 170 174 175 179
148 104 137 157 161 144 131 108 141 97 167 172 173 177 178
108 161 138 141 164 131 167 144 134 111 104 85 157 137 97 170 171 175 176
161 111 122 134 85 157 167 138 97 144 173 174 178 179
122 138 97 141 111 164 131 144 134 137 171 172 176 177
85 167 157 134 137 138 97 141 131 144 170 174 175 179
104 157 137 138 97 164 167 134 111 170 171 175 176
138 111 134 137 164 141 97 131 167 172 173 177 178
97 164 131 167 134 111 157 137 141 170 174 175 179
131 111 164 167 144 134 157 137 141 171 172 176 177
134 137 141 111 164 167 171 172 176 177
141 111 167 144 157 172 173 177 178
111 167 144 157 137 170 171 175 176
167 144 164 137 157 173 174 178 179
157 164 144 173 174 178 179
144 164 137 172 173 177 178
137 164 172 173 177 178
164 173 174 178 179
170
171
172
173
174
175
176
177
178
179
