#/usr/local/lib/python3.10/dist-packages/colab_kernel_launcher.py -f /root/.local/share/jupyter/runtime/kernel-4e96f4f6-3ff9-4b57-9774-52bcdd39bbb8.json
# GMT Mon May 27 20:49:40 2024
# 
17 58 71 48 25 61 38 5 28 16 0 60 3 50 27 6 40 72 62 39 75 52 29 42 19 11 74 51 14 64 41 18 54 31 21 9 1 12 15 63 76 53 66 43 20 56 33 13 23 65 78 55 32 68 45 22 35 4 77 7 67 57 10 34 24 37 8 46 59 49 26 160 163 164 167 168 171 172 175 176 179
58 48 62 50 51 75 32 65 34 46 64 77 11 14 44 25 26 56 28 10 76 40 12 66 42 27 57 41 13 78 68 67 23 4 5 70 35 7 37 21 22 52 24 54 55 69 6 36 59 8 72 39 20 53 71 61 18 30 2 16 60 47 73 49 63 0 1 31 3 45 161 162 165 166 169 170 173 174 177 178
28 67 22 57 34 47 6 37 20 79 69 59 36 49 11 71 14 48 61 25 38 9 1 12 70 15 73 50 40 30 13 72 62 39 75 52 29 42 23 4 26 74 51 7 41 10 54 21 44 24 27 8 53 66 33 65 18 78 55 32 68 45 2 35 5 16 77 19 0 160 161 164 165 168 169 172 173 176 177
67 1 31 61 12 15 45 48 29 59 60 32 62 13 46 73 23 4 26 56 7 37 72 10 40 21 43 24 54 27 57 8 39 41 74 77 18 76 2 5 16 19 49 0 22 52 3 33 63 78 36 66 68 20 50 51 53 34 65 70 30 11 14 79 44 25 69 47 162 163 166 167 170 171 174 175 178 179
29 32 68 45 35 77 18 57 34 70 47 2 37 5 16 19 79 0 69 22 46 3 59 36 6 49 20 71 48 61 38 51 11 73 50 40 30 9 1 12 72 15 62 39 75 42 13 74 64 54 31 44 23 4 26 7 53 66 43 10 56 33 21 24 27 8 65 78 160 161 164 165 168 169 172 173 176 177
32 78 68 45 35 57 34 70 47 23 37 4 5 7 79 69 21 22 59 24 72 6 39 8 20 71 48 38 51 30 2 60 50 14 63 40 16 19 0 31 3 15 62 75 52 65 42 74 64 41 77 54 44 11 25 76 26 53 66 43 9 10 56 12 46 27 160 161 164 165 168 169 172 173 176 177
8 9 74 51 64 41 54 31 44 11 76 53 66 43 56 33 10 23 2 65 78 5 55 68 45 35 12 0 3 77 6 34 47 14 79 69 46 59 36 49 26 16 71 48 25 61 38 15 18 70 60 50 27 63 40 30 72 62 39 75 52 42 4 19 7 160 163 164 167 168 171 172 175 176 179
9 57 11 47 24 14 79 56 46 23 36 13 2 26 16 68 0 71 48 3 25 61 38 15 6 70 60 37 73 50 27 40 72 49 62 39 52 19 74 51 64 41 18 54 31 63 76 53 30 66 43 20 33 10 75 4 65 42 78 7 55 45 22 35 12 77 160 163 164 167 168 171 172 175 176 179
0 5 70 60 37 73 50 27 4 40 7 72 49 62 39 52 6 42 19 74 51 64 41 18 54 31 21 63 53 30 66 20 75 65 78 55 68 45 22 35 12 2 44 57 34 11 47 24 1 14 79 46 36 13 26 3 16 71 48 25 61 38 15 160 163 164 167 168 171 172 175 176 179
5 60 73 3 50 27 30 7 62 75 52 42 19 74 64 41 77 54 31 44 11 76 53 66 43 20 56 33 10 13 65 55 68 45 22 35 12 25 4 57 34 70 47 24 37 14 79 46 59 36 49 26 39 16 6 71 48 61 38 2 15 51 18 160 163 164 167 168 171 172 175 176 179
40 41 77 54 2 44 35 16 19 76 22 3 43 33 56 6 36 39 20 65 78 34 55 68 45 11 57 14 70 25 1 31 12 79 15 69 46 59 49 13 71 61 51 23 4 60 7 73 37 50 63 10 21 24 27 72 38 62 75 42 74 64 161 162 165 166 169 170 173 174 177 178
41 42 21 24 27 74 38 64 77 54 44 76 53 18 66 43 56 2 35 16 78 55 22 68 3 45 6 36 20 34 57 70 47 79 30 11 69 46 59 14 1 31 12 15 71 48 61 51 13 60 73 50 63 72 4 26 62 7 75 52 65 161 162 165 166 169 170 173 174 177 178
6 48 38 51 18 60 73 63 2 30 7 72 1 62 75 3 52 65 42 19 74 64 77 54 31 44 21 11 76 53 66 43 56 10 23 13 78 55 68 45 22 35 12 25 57 34 70 47 24 37 14 79 69 59 36 49 26 39 16 71 160 163 164 167 168 171 172 175 176 179
48 39 20 34 57 70 30 11 69 14 44 25 72 47 49 1 31 12 15 45 71 61 51 13 46 60 73 50 63 53 4 26 7 37 62 10 52 65 21 43 24 27 38 74 64 77 54 18 66 79 56 35 16 19 78 3 55 33 68 161 162 165 166 169 170 173 174 177 178
11 14 7 79 56 10 69 46 59 13 26 71 25 61 38 15 70 2 37 73 50 4 27 30 3 72 62 39 75 52 42 74 51 64 18 54 31 21 63 76 53 43 20 1 33 23 78 55 68 45 22 12 77 44 57 47 24 160 163 164 167 168 171 172 175 176 179
14 24 37 79 1 69 46 12 59 36 49 26 16 13 71 61 38 15 51 18 60 73 50 27 63 7 30 10 62 39 75 52 42 19 64 77 54 31 44 21 76 53 20 56 33 3 23 65 78 55 68 45 22 35 25 57 47 160 163 164 167 168 171 172 175 176 179
68 59 62 13 65 73 46 23 75 25 26 56 37 10 21 43 24 74 54 27 57 77 38 60 76 79 18 2 4 78 19 49 22 3 33 63 55 36 66 39 20 50 70 34 69 30 72 44 1 71 61 12 42 64 15 162 163 166 167 170 171 174 175 178 179
77 70 12 43 73 76 59 60 13 74 23 4 35 79 7 37 21 22 52 24 54 55 36 78 66 38 39 69 20 72 53 18 30 2 16 47 19 49 1 31 3 33 63 64 45 75 51 62 34 65 46 44 26 56 10 162 163 166 167 170 171 174 175 178 179
42 44 57 47 18 69 4 46 35 59 16 49 19 22 3 33 36 71 34 70 60 73 50 25 72 62 75 1 52 31 12 15 74 51 64 13 54 63 76 53 66 43 56 23 26 7 37 10 65 21 78 55 24 45 27 38 161 162 165 166 169 170 173 174 177 178
33 38 70 23 60 4 73 26 50 7 63 10 21 24 72 27 39 75 52 74 51 64 18 54 44 2 16 76 19 53 66 43 22 56 20 78 55 45 35 30 57 34 47 37 25 1 31 79 12 69 46 15 59 36 49 13 71 160 161 164 165 168 169 172 173 176 177
38 36 74 51 20 54 76 53 66 43 30 56 25 65 1 31 55 12 45 15 13 57 47 79 69 46 23 59 4 26 49 7 37 10 21 24 27 61 70 60 73 50 63 18 35 16 62 39 75 52 19 22 3 160 161 164 165 168 169 172 173 176 177
73 74 35 16 19 49 52 3 63 55 36 76 66 39 69 20 50 72 53 34 78 30 44 25 47 1 31 61 64 15 45 51 62 13 65 46 23 4 26 56 7 37 10 21 24 54 27 57 60 71 75 18 2 162 163 166 167 170 171 174 175 178 179
74 75 24 27 57 60 72 2 76 35 79 16 19 49 22 52 3 63 55 78 66 39 20 50 51 53 30 44 25 47 1 31 61 12 64 15 45 59 13 65 46 23 4 26 56 7 37 10 70 21 43 162 163 166 167 170 171 174 175 178 179
44 47 10 12 43 24 79 27 46 59 49 71 61 51 4 35 37 60 19 50 21 63 22 3 36 39 20 72 62 75 52 34 30 64 2 54 16 1 31 76 53 66 56 13 78 55 23 25 57 26 70 161 162 165 166 169 170 173 174 177 178
47 57 25 70 1 31 12 15 79 45 69 59 72 49 13 46 71 61 51 23 4 26 7 37 60 10 50 63 21 43 24 62 75 52 65 18 2 54 35 16 19 22 76 3 66 36 56 20 34 30 161 162 165 166 169 170 173 174 177 178
10 54 31 21 4 43 7 20 56 23 13 65 78 55 45 22 35 12 25 57 34 70 2 79 69 46 59 36 49 3 26 39 16 71 61 15 51 18 60 27 63 30 1 72 62 52 19 64 160 163 164 167 168 171 172 175 176 179
54 64 43 24 27 76 66 56 18 65 78 55 35 16 19 22 52 3 36 57 39 70 20 50 53 34 79 69 30 25 71 1 31 12 15 45 60 51 13 63 46 72 23 4 26 7 161 162 165 166 169 170 173 174 177 178
2 50 30 7 72 62 39 75 52 19 51 64 21 63 76 53 66 43 20 23 65 78 55 45 22 35 12 57 34 24 37 4 79 69 46 59 36 13 49 26 3 16 71 25 61 15 18 70 1 60 160 163 164 167 168 171 172 175 176 179
50 35 71 16 61 19 49 51 22 3 36 60 39 63 34 75 52 30 25 1 64 31 12 15 45 76 13 53 66 56 65 78 55 23 26 7 37 21 43 24 57 27 70 79 69 59 161 162 165 166 169 170 173 174 177 178
3 15 18 70 60 27 30 72 1 62 39 75 52 19 51 64 21 76 53 66 43 20 56 23 65 78 55 45 22 35 12 25 34 37 4 79 69 46 59 49 26 16 71 61 160 163 164 167 168 171 172 175 176 179
15 25 57 34 70 24 37 79 69 46 59 36 49 26 39 1 71 12 51 18 60 27 63 30 72 62 75 52 19 7 64 31 21 76 53 66 43 20 56 23 65 78 55 45 22 160 163 164 167 168 171 172 175 176 179
22 13 60 63 53 30 62 4 75 52 65 21 31 76 66 43 56 18 23 16 78 19 45 35 25 20 34 70 24 37 27 79 69 59 36 72 49 26 39 1 12 71 61 160 161 164 165 168 169 172 173 176 177
24 64 31 12 76 53 66 43 56 13 65 78 55 45 35 23 25 4 57 34 70 37 79 69 46 59 49 26 18 71 61 51 19 60 27 63 20 30 72 39 75 52 160 161 164 165 168 169 172 173 176 177
75 18 4 35 16 79 19 49 52 63 55 36 69 20 72 53 34 1 61 12 64 45 59 51 62 13 65 46 76 25 26 56 7 37 70 21 43 27 57 78 60 71 162 163 166 167 170 171 174 175 178 179
66 71 23 4 26 56 7 37 21 43 27 57 60 18 35 16 19 49 52 63 76 55 36 39 20 53 78 30 25 70 1 31 61 12 64 45 79 59 51 62 65 46 162 163 166 167 170 171 174 175 178 179
71 20 53 34 30 76 25 1 31 61 12 64 45 78 59 51 62 13 65 46 23 4 26 79 7 37 70 21 43 27 57 60 18 35 16 49 72 52 63 55 162 163 166 167 170 171 174 175 178 179
13 65 78 55 45 35 57 34 37 12 79 69 46 36 49 26 16 25 61 4 18 7 70 60 27 63 30 72 39 52 64 31 21 1 76 53 43 20 56 23 160 163 164 167 168 171 172 175 176 179
65 23 4 70 37 52 36 69 72 53 18 35 16 19 49 1 31 64 20 51 62 34 46 30 25 26 56 61 12 76 43 45 79 27 57 59 60 162 163 166 167 170 171 174 175 178 179
78 62 46 4 56 7 37 79 70 21 43 76 27 57 60 18 35 16 19 49 52 63 55 36 39 69 20 72 53 30 25 1 31 61 12 45 59 162 163 166 167 170 171 174 175 178 179
55 61 46 63 23 4 26 7 37 62 21 43 27 64 18 76 79 35 16 49 52 36 39 20 51 34 57 70 60 30 69 25 59 72 1 31 12 45 161 162 165 166 169 170 173 174 177 178
61 36 39 20 70 53 34 69 30 25 1 31 12 45 59 51 63 46 72 62 23 4 26 56 7 37 21 43 64 27 57 76 18 35 16 19 49 52 162 163 166 167 170 171 174 175 178 179
25 79 69 46 59 36 26 12 60 37 27 72 49 62 39 52 23 4 7 51 64 19 21 31 63 76 30 43 18 45 35 16 57 160 161 164 165 168 169 172 173 176 177
57 1 31 12 64 45 76 46 23 4 26 56 7 37 21 27 70 69 59 72 18 35 16 19 52 36 39 20 60 53 34 62 30 161 162 165 166 169 170 173 174 177 178
7 21 63 76 53 43 20 56 23 45 35 12 34 37 79 69 46 1 59 36 49 26 16 70 27 4 72 62 39 52 19 51 64 18 160 163 164 167 168 171 172 175 176 179
21 31 63 76 53 43 23 18 45 16 19 34 20 79 56 69 59 36 49 26 1 70 12 60 37 27 30 72 62 39 52 4 51 160 161 164 165 168 169 172 173 176 177
59 30 70 1 31 12 45 79 69 51 46 23 4 26 56 37 60 63 43 72 62 18 64 19 49 52 76 36 39 20 53 34 161 162 165 166 169 170 173 174 177 178
18 30 72 62 39 52 19 64 31 76 53 43 20 56 23 45 35 34 37 79 12 69 46 36 26 70 60 4 27 63 160 163 164 167 168 171 172 175 176 179
30 69 46 4 36 16 49 19 20 51 60 63 72 62 39 52 1 12 64 31 76 53 43 23 27 35 34 70 37 160 161 164 165 168 169 172 173 176 177
60 16 19 49 64 52 36 20 53 76 34 79 1 31 45 70 46 69 72 23 26 56 37 43 27 39 63 62 162 163 166 167 170 171 174 175 178 179
70 1 31 63 64 76 51 62 26 56 12 43 79 23 4 35 37 19 49 52 36 39 20 53 34 72 162 163 166 167 170 171 174 175 178 179
45 79 23 69 46 26 37 43 51 63 35 16 62 19 52 36 39 20 64 34 76 53 56 1 31 161 162 165 166 169 170 173 174 177 178
31 34 27 37 79 69 46 36 49 39 51 63 20 72 62 52 64 1 12 76 43 56 35 23 4 26 160 161 164 165 168 169 172 173 176 177
62 35 16 19 49 79 36 69 39 20 53 34 1 63 12 72 51 46 64 23 4 56 76 43 27 162 163 166 167 170 171 174 175 178 179
12 34 37 69 46 36 49 16 4 27 39 52 51 63 53 43 20 56 23 1 35 160 163 164 167 168 171 172 175 176 179
43 64 23 4 26 37 79 56 46 27 35 16 69 36 72 39 49 20 34 51 63 1 52 161 162 165 166 169 170 173 174 177 178
64 27 69 72 35 16 19 49 52 63 36 39 53 34 1 51 76 46 79 23 4 26 56 37 162 163 166 167 170 171 174 175 178 179
37 63 1 76 53 23 26 79 69 49 4 35 19 36 72 20 39 52 34 51 160 161 164 165 168 169 172 173 176 177
1 34 4 79 69 36 49 26 16 51 27 20 72 52 19 76 53 56 46 23 35 160 163 164 167 168 171 172 175 176 179
36 51 63 72 52 23 26 76 53 56 27 35 16 19 79 69 46 49 39 20 34 160 161 164 165 168 169 172 173 176 177
16 27 72 39 52 19 51 63 76 53 20 23 4 35 34 79 56 69 46 49 26 160 163 164 167 168 171 172 175 176 179
35 63 39 52 23 4 27 76 53 56 19 20 34 79 69 46 49 51 160 161 164 165 168 169 172 173 176 177
34 51 63 72 4 39 26 52 27 76 53 56 19 20 79 69 46 49 160 161 164 165 168 169 172 173 176 177
27 19 76 20 56 46 79 69 72 49 39 23 4 51 26 63 53 160 161 164 165 168 169 172 173 176 177
51 39 20 69 72 49 46 63 53 26 52 76 79 4 19 161 162 165 166 169 170 173 174 177 178
39 63 19 53 20 26 76 56 46 23 4 69 72 49 160 161 164 165 168 169 172 173 176 177
20 4 63 72 19 53 56 79 69 46 49 26 160 161 164 165 168 169 172 173 176 177
4 63 76 53 79 56 69 46 23 72 52 19 160 163 164 167 168 171 172 175 176 179
63 19 49 52 72 53 76 23 56 79 69 162 163 166 167 170 171 174 175 178 179
23 76 53 56 79 69 46 49 26 19 72 52 160 161 164 165 168 169 172 173 176 177
76 26 56 79 19 49 52 69 72 46 162 163 166 167 170 171 174 175 178 179
79 46 26 56 69 72 53 19 49 52 162 163 166 167 170 171 174 175 178 179
53 26 19 49 52 56 46 69 72 161 162 165 166 169 170 173 174 177 178
46 26 69 49 72 19 56 161 162 165 166 169 170 173 174 177 178
19 72 52 56 69 49 26 160 163 164 167 168 171 172 175 176 179
56 26 69 49 52 72 161 162 165 166 169 170 173 174 177 178
69 26 49 52 72 162 163 166 167 170 171 174 175 178 179
49 72 26 161 162 165 166 169 170 173 174 177 178
26 52 160 161 164 165 168 169 172 173 176 177
72 52 162 163 166 167 170 171 174 175 178 179
52 161 162 165 166 169 170 173 174 177 178
97 138 151 128 141 82 118 85 108 96 150 80 140 83 153 130 107 86 120 110 152 142 119 155 132 109 122 99 91 154 131 94 144 121 98 134 111 89 81 92 95 143 156 133 123 100 136 113 93 103 145 158 135 148 115 84 157 87 147 124 137 90 114 127 104 117 88 126 139 116 106 160 163 164 167 168 171 172 175 176 179
138 128 142 130 131 112 145 114 126 154 144 157 91 94 124 105 106 136 108 89 90 156 120 92 146 122 123 159 107 137 109 121 93 158 148 147 103 84 85 150 87 101 132 104 134 135 149 86 116 139 88 118 152 100 133 151 141 98 110 82 140 127 153 99 129 143 81 83 113 125 161 162 165 166 169 170 173 174 177 178
116 151 128 141 118 131 110 91 94 140 153 105 130 143 120 108 89 81 92 95 152 142 155 109 132 145 112 122 93 154 121 157 134 124 103 84 106 87 156 133 90 123 136 104 107 88 135 125 98 147 137 82 150 127 85 115 117 99 80 159 102 83 149 113 126 139 119 100 114 160 161 164 165 168 169 172 173 176 177
151 146 119 149 100 130 114 154 147 157 91 156 94 124 127 108 89 81 111 92 144 95 125 158 128 109 139 131 112 142 145 126 103 84 106 159 136 87 117 90 120 150 101 123 104 134 107 137 118 140 121 98 153 82 85 115 96 148 99 129 80 102 83 113 155 143 135 86 162 163 166 167 170 171 174 175 178 179
108 147 102 83 137 114 127 86 117 100 149 126 139 129 91 94 128 141 105 89 81 92 150 95 140 153 130 143 120 110 93 142 119 155 132 109 122 103 84 106 154 131 144 121 90 134 111 101 124 104 107 88 156 133 146 123 136 113 135 112 148 125 82 115 85 96 99 160 161 164 165 168 169 172 173 176 177
147 89 81 111 141 92 122 144 95 125 128 109 139 112 93 126 153 103 84 106 136 117 152 90 120 101 155 123 134 135 107 137 118 119 154 157 98 156 82 85 115 96 99 129 102 83 113 143 158 86 146 148 100 130 131 133 114 150 110 91 94 159 124 105 149 127 162 163 166 167 170 171 174 175 178 179
109 112 148 125 115 157 137 114 127 82 117 85 99 80 149 126 83 139 86 129 100 128 141 118 131 91 140 153 94 130 143 105 120 110 89 81 92 152 95 142 119 155 132 122 93 144 134 111 124 103 106 156 87 133 146 123 90 136 113 101 104 107 145 158 135 160 161 164 165 168 169 172 173 176 177
112 158 135 148 93 125 115 137 114 150 127 103 117 84 85 87 159 149 101 102 139 104 152 129 86 119 88 128 118 131 98 110 82 153 130 94 143 120 96 99 80 81 111 83 95 142 132 145 122 144 157 134 124 91 105 156 106 133 146 123 89 90 136 113 92 160 161 164 165 168 169 172 173 176 177
88 89 154 131 144 121 134 124 101 91 156 133 123 100 136 113 90 103 82 145 158 85 135 148 125 102 115 92 80 83 157 86 114 127 104 117 159 149 126 139 93 129 106 96 81 105 141 118 95 98 150 140 153 130 107 143 120 110 142 119 155 132 122 84 99 87 160 163 164 167 168 171 172 175 176 179
89 137 114 127 104 94 159 136 149 126 103 93 82 106 85 148 80 128 105 141 118 95 150 117 153 130 107 120 152 129 142 119 132 99 81 131 144 121 98 134 111 101 143 156 133 110 146 123 100 113 90 155 84 145 122 158 87 135 125 102 115 92 160 163 164 167 168 171 172 175 176 179
120 121 157 134 124 85 115 96 99 80 156 133 102 146 83 113 136 86 119 100 145 158 114 135 148 125 110 137 150 127 105 81 111 92 159 95 149 126 139 129 128 131 103 84 106 140 87 153 117 130 90 104 107 152 118 142 155 132 122 154 144 161 162 165 166 169 170 173 174 177 178
121 122 101 104 107 154 118 119 144 157 134 124 156 133 98 146 123 136 82 85 115 99 80 158 135 102 148 83 125 113 86 100 114 137 150 127 110 91 149 126 139 129 105 81 92 128 141 131 93 140 153 130 143 152 84 106 142 87 155 117 132 90 145 161 162 165 166 169 170 173 174 177 178
86 128 141 118 95 131 98 140 153 130 107 143 82 110 87 100 152 80 81 142 83 132 145 122 99 154 144 157 134 111 124 101 91 156 133 146 123 136 90 126 158 135 148 125 102 115 92 105 114 150 127 104 94 84 85 149 139 129 106 119 96 160 163 164 167 168 171 172 175 176 179
128 119 100 114 137 150 91 149 94 124 139 105 152 127 129 81 111 92 122 95 141 131 93 126 140 153 130 143 133 84 106 87 117 142 155 90 145 101 123 104 107 118 154 144 157 134 98 146 82 136 85 115 96 99 80 102 158 83 135 161 162 165 166 169 170 173 174 177 178
91 94 87 159 136 90 149 139 93 129 106 96 105 141 118 95 150 82 117 84 85 107 110 83 152 142 119 155 132 122 99 154 131 144 98 134 111 101 143 156 133 146 123 80 113 103 158 135 148 125 102 115 92 157 124 137 114 127 104 160 163 164 167 168 171 172 175 176 179
94 104 159 81 149 126 139 129 106 96 93 141 118 95 131 98 140 153 130 84 107 143 87 110 90 152 142 119 155 122 99 154 144 157 134 124 101 82 85 156 133 123 100 136 80 113 83 103 145 158 135 148 125 102 115 105 114 150 127 160 163 164 167 168 171 172 175 176 179
148 139 131 142 145 153 126 103 155 106 136 87 117 101 123 104 154 134 107 157 118 140 156 159 98 82 84 85 115 96 158 99 129 102 132 83 113 143 135 146 119 100 130 150 133 114 110 152 124 81 111 141 92 122 144 95 125 162 163 166 167 170 171 174 175 178 179
101 144 87 134 111 90 143 156 133 123 113 103 145 158 135 98 102 115 82 85 96 157 99 124 80 137 114 127 104 100 159 149 126 139 106 105 141 118 81 150 140 95 117 153 130 107 110 93 152 142 119 155 132 122 154 84 131 160 161 164 165 168 169 172 173 176 177
144 104 134 107 137 118 140 150 149 98 152 82 85 115 96 99 129 80 102 132 83 113 143 119 100 130 133 114 110 124 105 127 81 111 141 92 154 122 95 157 139 131 142 93 156 126 146 103 84 158 106 136 87 117 162 163 166 167 170 171 174 175 178 179
157 150 92 122 153 156 107 137 139 140 93 154 103 84 85 115 159 117 102 104 134 135 158 146 118 119 149 100 130 152 133 98 110 82 96 127 129 80 81 111 141 113 143 125 155 131 142 114 145 126 105 106 136 90 162 163 166 167 170 171 174 175 178 179
122 124 137 98 159 82 149 84 85 115 139 96 129 99 80 102 83 113 119 141 114 150 140 153 130 110 105 152 142 155 81 132 111 92 95 154 131 93 143 156 146 123 103 106 87 117 90 145 135 104 125 118 161 162 165 166 169 170 173 174 177 178
113 118 150 103 140 84 153 106 130 87 143 90 104 152 107 142 119 155 132 154 134 82 85 96 156 99 80 146 123 102 136 83 145 158 125 115 110 137 114 127 117 105 81 111 159 92 149 126 95 129 93 141 160 161 164 165 168 169 172 173 176 177
118 154 131 100 134 114 156 146 123 136 105 145 81 158 111 135 92 125 95 93 124 137 127 159 149 126 103 139 106 129 87 117 90 141 150 140 153 130 143 85 152 115 96 142 119 155 132 99 80 83 160 161 164 165 168 169 172 173 176 177
105 114 95 127 159 136 149 126 106 141 90 92 150 104 140 117 153 130 107 93 152 129 103 84 85 154 87 131 134 111 102 83 143 100 156 133 110 146 123 155 145 98 158 135 82 125 115 96 80 124 137 160 161 164 165 168 169 172 173 176 177
114 81 92 95 141 131 93 140 153 130 84 142 119 155 106 132 87 154 124 156 133 146 123 98 136 82 85 96 145 158 99 135 80 102 125 83 115 100 137 150 117 159 149 110 126 139 129 160 161 164 165 168 169 172 173 176 177
90 134 111 124 156 133 146 123 87 100 136 103 93 145 158 135 125 102 115 92 137 150 127 104 117 85 159 80 139 129 106 119 96 141 95 131 98 140 153 130 107 143 110 81 152 142 155 132 99 160 163 164 167 168 171 172 175 176 179
134 154 123 104 107 156 136 98 145 82 135 85 115 99 129 80 102 132 83 137 119 100 130 133 159 139 110 124 127 141 81 92 95 125 140 153 93 143 126 152 142 155 103 84 106 87 117 161 162 165 166 169 170 173 174 177 178
82 130 107 110 87 152 142 155 132 99 154 131 111 143 156 133 146 123 100 136 103 145 158 135 125 102 115 92 124 137 80 127 117 159 126 139 93 129 106 83 96 141 95 150 81 140 153 160 163 164 167 168 171 172 175 176 179
130 115 96 99 129 131 80 102 83 140 119 153 100 143 142 155 132 124 127 154 81 111 92 95 156 93 133 146 136 145 158 135 103 84 106 87 117 104 137 107 150 159 149 98 161 162 165 166 169 170 173 174 177 178
102 93 140 153 143 133 110 142 84 155 132 145 87 154 111 124 146 123 136 98 126 103 96 158 135 99 80 125 83 115 100 150 127 104 117 107 159 149 139 152 129 106 119 92 95 131 160 161 164 165 168 169 172 173 176 177
104 154 111 81 124 92 95 156 133 123 136 93 145 158 135 115 103 84 87 127 117 159 149 126 139 129 106 98 141 85 131 96 80 83 140 153 107 143 100 110 152 142 119 155 132 160 161 164 165 168 169 172 173 176 177
154 155 107 137 140 152 98 156 85 115 159 96 99 129 80 132 143 158 146 119 149 100 131 133 110 124 127 81 111 141 92 95 125 142 93 145 126 103 106 136 87 117 150 123 162 163 166 167 170 171 174 175 178 179
155 84 85 115 96 159 99 129 132 83 143 135 146 119 149 100 152 133 110 124 127 81 111 141 92 95 125 139 131 93 126 103 156 106 136 87 150 123 153 107 137 158 140 162 163 166 167 170 171 174 175 178 179
146 103 84 136 87 117 153 123 107 137 140 152 98 85 115 96 99 129 80 132 83 143 156 135 119 100 133 158 110 124 127 150 81 111 141 92 125 159 149 139 131 142 93 145 126 162 163 166 167 170 171 174 175 178 179
93 145 158 125 115 137 127 117 92 159 126 139 129 106 96 141 95 84 98 85 87 150 140 107 143 110 152 142 132 99 131 111 124 80 81 83 156 133 123 100 103 160 163 164 167 168 171 172 175 176 179
145 158 103 84 150 87 117 132 135 149 119 152 133 98 85 115 96 127 99 153 81 111 83 143 100 131 142 126 110 124 106 136 141 92 123 125 159 107 137 139 140 162 163 166 167 170 171 174 175 178 179
158 142 126 103 84 106 136 87 117 159 150 153 156 137 140 98 85 115 96 129 80 132 83 143 119 149 100 152 133 110 124 127 81 111 92 95 125 139 131 162 163 166 167 170 171 174 175 178 179
135 141 153 143 103 84 106 87 117 142 107 98 156 159 85 115 96 99 129 80 132 83 119 100 131 133 137 150 140 110 124 149 139 127 152 111 92 95 125 161 162 165 166 169 170 173 174 177 178
141 119 100 150 133 159 110 124 127 81 111 92 95 125 139 131 153 143 126 152 142 103 84 136 87 117 123 107 137 140 156 98 85 115 99 129 80 132 83 162 163 166 167 170 171 174 175 178 179
95 137 150 127 117 159 149 126 139 129 106 119 96 81 92 131 98 140 107 143 110 152 142 132 84 99 87 111 124 156 133 123 136 103 85 125 80 160 163 164 167 168 171 172 175 176 179
87 143 156 85 123 100 136 80 103 125 115 92 124 127 117 159 149 81 139 129 106 96 153 107 84 110 152 142 119 132 99 131 98 111 160 163 164 167 168 171 172 175 176 179
127 137 150 111 92 159 149 152 131 103 84 106 117 140 153 143 123 107 142 132 98 85 115 96 99 80 156 83 133 136 119 100 110 161 162 165 166 169 170 173 174 177 178
137 111 92 125 131 156 126 103 84 106 136 117 123 107 150 159 149 139 152 98 85 115 96 99 129 80 132 83 119 100 140 153 133 143 110 124 161 162 165 166 169 170 173 174 177 178
139 110 124 150 81 111 92 125 159 149 131 126 103 84 136 117 140 153 143 123 107 152 98 85 115 96 99 129 80 132 83 156 100 133 161 162 165 166 169 170 173 174 177 178
98 110 83 152 142 119 132 99 131 111 124 96 156 133 80 81 123 100 136 103 125 117 159 92 149 126 129 150 140 84 85 153 107 143 160 163 164 167 168 171 172 175 176 179
110 159 149 126 84 96 129 83 100 140 153 143 152 142 119 80 132 81 92 111 124 156 133 123 136 106 107 115 150 117 160 161 164 165 168 169 172 173 176 177
85 140 153 83 107 143 152 142 132 99 111 124 81 156 133 123 136 125 115 84 150 117 149 126 129 106 119 96 131 160 163 164 167 168 171 172 175 176 179
140 115 96 99 129 80 132 83 100 131 133 156 159 124 81 111 125 150 126 149 152 106 136 117 107 119 153 143 142 162 163 166 167 170 171 174 175 178 179
150 80 81 111 83 125 156 131 126 106 136 123 107 103 84 115 117 99 129 132 153 119 149 100 133 152 124 162 163 166 167 170 171 174 175 178 179
125 159 103 149 84 126 106 129 117 123 107 131 153 143 115 152 96 142 99 80 132 83 100 156 133 136 124 81 111 92 161 162 165 166 169 170 173 174 177 178
111 107 117 159 149 126 129 119 96 131 99 80 83 153 143 100 152 142 132 92 124 156 133 123 136 103 84 106 160 161 164 165 168 169 172 173 176 177
107 96 99 124 80 83 156 100 123 126 115 81 92 159 149 152 129 119 103 84 131 106 153 143 132 160 161 164 165 168 169 172 173 176 177
142 96 99 129 80 132 83 159 149 119 100 133 124 153 81 143 92 152 131 126 103 84 106 136 156 123 162 163 166 167 170 171 174 175 178 179
92 124 117 159 149 126 129 106 96 84 153 119 132 99 80 83 131 133 100 136 103 81 115 160 163 164 167 168 171 172 175 176 179
131 119 100 149 124 96 129 80 81 83 126 153 143 133 123 159 103 84 115 117 161 162 165 166 169 170 173 174 177 178
83 153 152 81 119 132 99 156 133 123 100 136 103 115 117 84 159 149 126 80 129 106 96 160 163 164 167 168 171 172 175 176 179
115 153 152 119 132 84 124 133 123 136 96 99 80 117 100 159 149 126 129 81 160 161 164 165 168 169 172 173 176 177
81 117 84 159 106 119 96 153 143 100 152 132 99 124 80 156 133 123 136 126 103 160 163 164 167 168 171 172 175 176 179
153 96 129 80 132 143 156 149 100 152 133 159 126 103 84 136 117 123 162 163 166 167 170 171 174 175 178 179
119 96 143 99 133 80 100 132 124 106 156 159 126 103 84 117 149 152 129 160 161 164 165 168 169 172 173 176 177
124 123 159 149 126 129 84 117 99 143 152 96 80 156 133 136 103 161 162 165 166 169 170 173 174 177 178
96 117 152 132 99 143 156 133 123 100 103 159 136 149 126 129 106 80 160 163 164 167 168 171 172 175 176 179
149 126 103 84 106 136 117 123 156 159 99 80 132 143 100 152 133 162 163 166 167 170 171 174 175 178 179
159 123 156 126 103 84 106 136 117 152 133 99 129 80 132 143 100 162 163 166 167 170 171 174 175 178 179
100 143 132 99 80 156 133 123 136 103 117 126 129 106 160 161 164 165 168 169 172 173 176 177
84 143 133 123 80 136 126 103 106 117 152 129 132 99 160 163 164 167 168 171 172 175 176 179
143 117 99 129 132 152 133 126 103 106 123 162 163 166 167 170 171 174 175 178 179
103 156 123 136 117 126 129 106 99 80 152 132 160 161 164 165 168 169 172 173 176 177
156 106 136 117 123 99 129 80 132 152 133 162 163 166 167 170 171 174 175 178 179
117 80 133 123 136 126 99 152 160 161 164 165 168 169 172 173 176 177
123 106 136 126 99 80 152 129 133 132 161 162 165 166 169 170 173 174 177 178
80 152 129 132 99 136 126 106 160 163 164 167 168 171 172 175 176 179
126 106 129 152 132 99 133 136 161 162 165 166 169 170 173 174 177 178
99 132 136 129 106 160 163 164 167 168 171 172 175 176 179
136 106 132 133 152 161 162 165 166 169 170 173 174 177 178
133 106 129 132 152 161 162 165 166 169 170 173 174 177 178
129 152 132 106 161 162 165 166 169 170 173 174 177 178
106 152 132 160 161 164 165 168 169 172 173 176 177
152 132 162 163 166 167 170 171 174 175 178 179
132 161 162 165 166 169 170 173 174 177 178
160
161
162
163
164
165
166
167
168
169
170
171
172
173
174
175
176
177
178
179
