#/usr/local/lib/python3.10/dist-packages/colab_kernel_launcher.py -f /root/.local/share/jupyter/runtime/kernel-4e96f4f6-3ff9-4b57-9774-52bcdd39bbb8.json
# GMT Mon May 27 22:50:39 2024
# 
17 58 71 48 25 61 2 38 28 16 70 0 83 60 3 50 27 6 72 85 62 39 75 52 29 42 19 84 11 74 51 87 14 64 41 18 31 21 9 1 12 86 15 63 76 66 43 20 56 33 23 65 55 32 68 45 22 35 4 77 7 67 44 80 57 10 34 47 24 37 8 79 69 46 82 59 36 49 26 176 179 180 183 184 187 188 191 192 195
58 48 50 51 75 32 65 34 46 74 87 64 77 11 14 44 56 86 9 10 76 40 12 66 42 43 79 27 57 29 41 13 78 68 67 80 23 4 5 35 7 37 21 22 52 24 54 55 69 6 36 59 38 72 39 20 53 81 71 84 61 18 30 2 83 16 60 47 73 19 49 63 0 31 3 33 15 45 177 178 181 182 185 186 189 190 193 194
36 71 48 84 61 38 51 30 11 14 60 25 50 63 40 28 9 1 31 12 15 72 85 62 75 29 52 65 32 42 13 74 87 64 41 77 54 44 23 4 26 86 7 76 66 43 21 56 24 27 8 78 55 68 18 67 80 57 2 70 47 5 35 37 16 19 0 69 33 46 82 59 6 49 39 34 81 176 177 180 181 184 185 188 189 192 193
71 66 39 69 20 50 53 34 74 87 67 30 86 11 76 14 44 25 47 28 9 1 31 61 12 42 64 15 45 48 29 51 62 13 46 80 23 4 26 79 56 37 82 10 40 70 21 43 24 27 57 8 38 81 60 41 84 18 83 73 2 5 35 16 68 19 0 72 22 85 52 33 75 63 55 6 178 179 182 183 186 187 190 191 194 195
28 67 22 80 3 57 34 47 6 37 20 79 69 46 82 59 81 11 14 61 25 1 12 70 15 83 60 73 50 63 40 30 13 72 85 39 75 52 29 42 23 84 4 26 74 51 7 87 64 41 54 31 21 44 24 27 8 76 53 66 43 56 33 65 18 78 55 68 45 2 35 5 16 77 19 0 176 177 180 181 184 185 188 189 192 193
67 9 1 31 61 12 42 64 15 45 81 48 29 59 60 84 32 62 13 73 23 4 26 56 72 10 85 40 21 75 43 24 54 55 27 57 8 38 39 41 74 87 18 86 2 5 35 16 49 0 22 52 3 33 78 6 66 68 20 50 51 53 34 65 80 70 30 11 14 79 44 25 69 82 178 179 182 183 186 187 190 191 194 195
29 32 68 45 35 18 80 57 34 70 2 37 16 19 79 0 69 22 46 82 3 59 6 49 20 48 61 51 11 83 60 73 14 50 63 25 40 30 9 1 12 72 15 85 62 39 75 42 13 84 74 87 41 54 31 23 86 4 26 76 7 53 66 43 10 56 33 21 24 27 65 78 55 176 177 180 181 184 185 188 189 192 193
32 78 55 68 13 45 35 80 34 70 47 23 37 4 5 7 79 69 21 22 82 59 24 72 49 6 39 8 20 81 48 84 61 38 51 30 83 2 73 50 14 63 40 16 19 1 3 85 15 62 75 52 65 42 74 87 64 41 77 54 44 11 86 76 26 53 66 9 10 56 33 12 46 27 176 177 180 181 184 185 188 189 192 193
8 9 84 74 51 87 64 41 54 31 44 21 11 86 76 53 66 43 20 56 33 2 65 78 5 55 68 45 22 35 12 0 3 77 6 80 57 34 47 24 14 69 46 82 59 13 49 16 81 48 1 25 61 38 15 18 83 60 73 50 27 63 40 72 85 62 39 75 52 42 4 19 7 176 179 180 183 184 187 188 191 192 195
9 44 80 57 34 11 47 24 79 56 69 23 13 2 26 5 16 68 81 0 48 3 25 61 38 15 6 70 83 60 37 73 50 27 40 82 72 49 85 62 39 52 19 1 84 74 51 64 41 18 54 31 21 86 63 53 30 43 20 33 10 75 4 65 7 55 45 22 35 87 77 176 179 180 183 184 187 188 191 192 195
40 41 77 54 2 44 5 35 19 76 0 53 22 66 3 43 33 56 6 39 20 65 34 55 68 45 30 11 80 57 14 70 47 25 1 31 12 79 15 46 82 59 49 81 48 61 51 23 4 83 26 60 7 73 37 50 63 10 21 24 27 72 85 62 75 42 84 87 18 64 176 177 180 181 184 185 188 189 192 193
41 21 24 27 74 38 87 64 77 54 44 86 76 53 66 43 56 5 35 16 19 0 78 55 22 68 3 45 33 6 20 80 57 70 47 79 11 69 46 82 59 14 49 25 1 31 12 81 15 84 61 51 13 83 60 73 50 63 23 72 85 62 7 75 37 52 10 65 176 177 180 181 184 185 188 189 192 193
0 5 70 83 60 37 73 50 27 4 82 72 49 85 62 39 6 42 19 84 74 51 87 64 18 54 31 21 63 30 66 43 20 33 10 75 65 78 68 45 22 35 12 2 77 44 80 57 34 11 47 24 1 14 79 69 46 59 13 26 3 16 81 48 25 61 38 15 176 179 180 183 184 187 188 191 192 195
5 83 60 73 3 50 27 63 30 7 72 85 62 75 42 19 74 87 64 77 54 31 44 21 1 11 86 76 53 43 56 33 10 23 65 78 55 68 45 22 35 12 25 4 80 57 34 70 47 24 37 14 79 69 46 49 26 39 16 6 81 48 61 38 2 15 51 18 176 179 180 183 184 187 188 191 192 195
83 35 16 68 19 49 22 52 3 82 84 33 63 55 6 39 20 50 72 53 34 30 11 85 14 44 25 47 80 31 61 12 42 64 15 45 87 75 48 78 59 51 81 62 13 65 46 86 79 23 26 56 7 37 10 70 43 73 54 27 57 38 60 74 77 18 2 178 179 182 183 186 187 190 191 194 195
11 14 7 79 56 10 69 46 59 13 49 26 16 81 48 61 15 70 60 2 37 73 50 4 27 30 82 3 85 6 62 39 75 52 42 19 84 74 51 64 18 54 31 21 86 63 53 66 43 20 1 33 23 65 78 68 45 22 12 77 44 80 57 34 176 179 180 183 184 187 188 191 192 195
14 24 79 1 69 46 82 12 59 49 26 16 81 13 48 61 38 51 18 60 50 4 27 63 30 10 85 62 39 52 42 19 84 74 87 64 77 54 31 44 21 2 86 76 53 66 43 20 33 3 23 6 65 78 55 68 45 22 35 25 80 57 34 47 176 179 180 183 184 187 188 191 192 195
6 48 84 38 15 18 60 73 50 27 63 2 30 7 20 72 85 1 62 3 52 65 42 19 74 64 77 54 31 44 21 86 76 53 66 43 56 10 46 23 13 78 55 68 45 22 12 80 57 34 70 47 24 37 79 69 59 49 26 39 16 81 176 179 180 183 184 187 188 191 192 195
48 39 20 34 80 57 70 30 69 59 25 72 47 49 1 31 12 42 81 45 84 51 13 46 60 73 50 63 53 23 4 26 7 85 37 62 75 10 52 65 21 43 24 27 38 74 87 64 77 18 76 79 2 56 35 16 19 22 78 3 55 33 68 177 178 181 182 185 186 189 190 193 194
68 59 51 62 13 65 73 46 85 75 25 26 56 7 37 10 24 74 54 87 27 57 77 38 60 86 76 79 4 35 78 19 49 22 52 3 33 63 55 66 39 80 50 70 53 34 69 82 30 72 44 47 81 31 61 12 84 42 15 45 178 179 182 183 186 187 190 191 194 195
21 64 7 54 31 10 86 76 53 66 33 23 65 78 55 18 45 22 35 16 77 19 44 57 34 3 47 24 20 79 56 69 46 59 26 81 25 61 38 1 70 12 60 15 37 73 50 27 30 13 82 72 62 39 52 42 84 74 4 51 87 176 179 180 183 184 187 188 191 192 195
64 43 24 54 80 38 60 69 82 18 72 2 16 81 19 49 84 22 3 33 63 55 39 20 50 53 73 34 86 85 30 65 44 25 47 1 61 12 74 42 87 15 45 77 59 51 62 13 76 46 66 79 23 4 78 26 56 7 37 10 177 178 181 182 185 186 189 190 193 194
77 70 85 12 42 43 73 76 27 57 59 60 13 74 87 23 4 35 79 7 37 22 52 24 55 78 66 38 81 69 20 50 72 53 80 18 30 16 47 82 19 49 1 31 61 3 33 63 15 75 51 84 34 65 46 86 44 25 26 56 178 179 182 183 186 187 190 191 194 195
33 38 70 60 4 73 26 50 7 63 10 24 72 27 85 62 39 75 52 42 74 87 18 54 2 86 16 76 53 66 43 22 56 3 20 65 78 55 45 35 30 80 57 47 37 25 1 31 79 12 69 82 15 59 49 81 61 176 177 180 181 184 185 188 189 192 193
38 74 51 87 54 34 86 76 53 66 43 30 56 25 65 1 78 31 55 12 45 15 13 44 80 57 47 79 69 46 82 23 59 26 49 7 37 10 81 24 27 61 70 60 73 50 18 2 72 35 85 62 39 75 52 19 42 22 3 176 177 180 181 184 185 188 189 192 193
84 69 72 53 18 2 35 16 47 19 49 1 80 31 61 3 63 78 20 50 51 81 62 85 34 65 46 79 30 87 44 25 26 56 10 12 42 86 43 73 45 75 76 27 57 59 60 13 74 23 4 7 70 52 82 24 54 178 179 182 183 186 187 190 191 194 195
73 74 87 35 16 19 22 52 3 63 86 55 76 66 39 69 20 50 72 53 34 78 30 44 25 47 1 31 61 42 15 45 79 59 51 62 82 13 46 81 26 56 7 37 10 70 43 24 54 27 57 60 85 75 18 2 178 179 182 183 186 187 190 191 194 195
74 75 24 54 27 57 60 18 86 2 76 35 16 19 49 52 3 63 55 78 66 39 69 20 51 53 34 80 44 25 47 82 1 31 61 15 45 81 59 62 13 65 46 23 4 26 56 7 37 10 70 85 43 178 179 182 183 186 187 190 191 194 195
25 34 15 47 79 56 69 46 59 81 61 10 12 70 24 60 37 50 27 13 82 72 49 85 62 39 52 42 23 4 7 87 19 54 31 22 3 86 63 20 76 53 30 66 43 75 65 18 78 2 45 16 1 44 80 176 177 180 181 184 185 188 189 192 193
34 1 81 12 15 61 51 13 60 50 63 72 23 85 62 39 75 26 52 7 42 10 24 27 87 54 44 86 76 53 66 43 18 56 2 65 19 55 22 45 3 35 20 80 70 47 79 30 46 82 59 49 176 177 180 181 184 185 188 189 192 193
44 47 10 12 42 24 79 27 69 46 82 59 49 81 61 18 4 35 7 37 60 19 50 63 22 3 20 85 62 75 52 87 30 2 54 16 86 1 31 76 53 15 56 65 78 55 45 23 80 57 26 70 177 178 181 182 185 186 189 190 193 194
47 57 70 1 31 12 42 15 79 45 69 82 59 72 49 13 46 81 61 51 23 4 26 7 37 50 63 43 85 62 75 52 65 18 87 2 54 16 19 86 22 76 3 53 66 56 39 20 78 55 30 177 178 181 182 185 186 189 190 193 194
10 54 31 76 4 53 66 43 7 20 56 23 13 65 78 55 45 22 35 12 80 57 70 37 2 79 69 46 82 59 49 3 26 39 16 61 15 51 18 60 50 63 30 1 72 85 62 75 52 42 19 87 176 179 180 183 184 187 188 191 192 195
54 87 43 24 27 86 76 66 56 18 65 2 78 55 35 16 19 22 80 57 39 70 20 50 53 79 69 82 59 30 81 61 1 12 42 15 60 51 13 63 46 72 85 62 75 23 4 26 7 37 177 178 181 182 185 186 189 190 193 194
2 50 27 30 7 72 85 62 75 52 19 51 87 31 86 63 76 53 66 43 20 65 78 55 45 22 35 80 57 24 37 4 79 69 46 82 59 13 49 26 3 16 81 61 15 18 70 1 60 176 179 180 183 184 187 188 191 192 195
50 81 35 16 61 19 49 22 3 60 39 20 63 72 85 75 52 30 87 1 31 12 42 15 76 13 53 66 46 65 78 55 4 26 7 37 43 24 57 27 70 79 69 82 59 177 178 181 182 185 186 189 190 193 194
3 15 18 70 60 27 63 30 7 72 85 62 75 52 42 19 87 31 86 76 53 66 43 20 56 23 65 78 55 45 12 57 24 37 4 79 69 46 82 59 13 49 26 16 81 61 176 179 180 183 184 187 188 191 192 195
15 80 57 70 24 37 79 69 59 49 26 39 16 81 1 12 51 18 13 60 27 63 30 72 62 75 52 4 42 7 87 31 86 76 66 43 20 56 23 65 78 55 45 22 35 176 179 180 183 184 187 188 191 192 195
22 60 63 53 30 85 62 4 75 65 7 42 87 31 86 76 66 43 56 18 46 23 16 55 19 45 35 80 57 70 24 37 27 79 69 82 72 49 26 39 1 81 12 61 51 176 177 180 181 184 185 188 189 192 193
24 87 31 12 86 76 53 66 43 56 13 65 78 55 45 35 23 4 7 80 57 70 37 79 69 82 59 49 26 18 81 61 51 19 27 63 20 72 85 62 39 75 52 42 176 177 180 181 184 185 188 189 192 193
75 80 18 4 35 16 19 49 82 52 66 39 69 20 81 72 53 30 1 31 61 12 42 85 45 59 51 62 13 65 46 87 86 23 76 26 56 37 70 43 27 57 60 178 179 182 183 186 187 190 191 194 195
66 23 4 26 7 37 43 27 57 60 72 85 18 87 35 16 19 52 86 63 76 55 39 20 53 78 30 80 70 1 61 12 42 45 79 69 59 51 82 62 13 65 46 81 178 179 182 183 186 187 190 191 194 195
13 65 78 55 35 80 57 37 12 69 46 82 59 49 26 81 61 4 18 7 70 60 27 63 30 72 85 62 39 52 42 19 51 87 31 1 86 76 53 43 20 56 23 176 179 180 183 184 187 188 191 192 195
65 78 23 4 80 70 7 37 52 55 69 82 39 72 53 18 35 16 49 1 63 20 51 85 62 46 30 56 61 12 76 42 45 79 27 57 59 60 177 178 181 182 185 186 189 190 193 194
78 62 46 80 23 4 26 56 7 37 79 82 70 43 76 27 57 81 18 35 16 19 49 52 85 55 39 69 20 72 53 87 30 86 1 31 61 12 42 45 59 51 178 179 182 183 186 187 190 191 194 195
43 87 23 4 26 7 37 86 76 79 56 46 55 45 80 57 70 35 16 69 82 59 72 39 49 81 61 51 30 60 63 1 31 53 12 42 85 62 52 176 177 180 181 184 185 188 189 192 193
87 27 57 60 4 35 16 19 49 52 82 55 39 69 20 72 53 86 30 1 80 31 61 12 42 45 59 81 62 46 79 23 26 56 7 37 70 178 179 182 183 186 187 190 191 194 195
16 70 60 27 30 82 72 85 62 39 42 19 1 12 51 18 31 86 63 76 53 20 23 4 7 55 45 35 80 57 56 69 46 59 49 26 81 61 176 179 180 183 184 187 188 191 192 195
70 1 31 63 86 45 76 59 51 62 46 26 56 12 27 57 79 60 82 81 23 4 35 7 37 19 49 52 55 69 20 53 72 85 30 178 179 182 183 186 187 190 191 194 195
35 60 63 72 85 62 39 52 42 23 4 26 7 86 76 53 56 18 55 45 19 80 57 37 20 69 82 59 49 30 81 61 51 1 31 12 176 177 180 181 184 185 188 189 192 193
55 61 46 86 63 23 4 26 7 37 85 62 27 18 76 79 56 19 49 52 39 20 51 80 60 30 69 82 59 72 1 31 42 81 177 178 181 182 185 186 189 190 193 194
61 80 39 53 69 82 30 81 1 31 42 45 59 51 63 46 72 85 62 23 4 26 56 37 27 57 60 86 76 18 49 52 177 178 181 182 185 186 189 190 193 194
7 86 63 76 53 20 56 23 45 12 80 57 37 79 69 46 82 1 59 26 60 27 4 30 72 85 62 39 52 19 51 18 31 176 179 180 183 184 187 188 191 192 195
57 1 31 12 42 45 51 86 76 23 4 26 56 37 80 27 79 69 72 18 81 19 49 52 39 20 60 53 63 85 30 177 178 181 182 185 186 189 190 193 194
18 30 72 85 62 39 52 42 19 51 31 86 76 53 20 56 23 45 80 37 79 12 69 46 82 49 26 81 60 4 27 63 176 179 180 183 184 187 188 191 192 195
30 79 46 82 4 59 49 81 20 51 60 63 85 62 52 1 42 12 31 86 76 53 56 23 26 45 27 80 37 176 177 180 181 184 185 188 189 192 193
59 80 1 31 12 42 45 79 69 82 51 46 23 4 26 56 37 60 63 27 85 62 19 86 52 76 39 20 53 177 178 181 182 185 186 189 190 193 194
60 19 49 52 20 51 76 79 1 31 12 42 45 80 46 72 23 81 26 56 37 27 39 86 85 62 177 178 181 182 185 186 189 190 193 194
85 86 49 52 82 63 39 69 20 1 80 31 12 42 45 51 81 62 46 79 23 4 56 37 27 178 179 182 183 186 187 190 191 194 195
80 1 31 12 42 45 51 62 82 79 81 23 4 26 56 76 86 19 49 52 63 39 69 20 72 53 178 179 182 183 186 187 190 191 194 195
69 81 1 86 42 45 51 62 46 23 4 26 56 76 27 79 19 49 52 63 39 82 72 53 178 179 182 183 186 187 190 191 194 195
81 20 51 53 1 82 31 12 42 45 46 79 86 23 4 26 56 37 27 72 19 49 52 63 178 179 182 183 186 187 190 191 194 195
45 79 4 46 82 26 49 37 27 51 63 72 62 19 52 39 20 76 53 56 31 12 42 177 178 181 182 185 186 189 190 193 194
31 27 37 79 46 82 49 39 51 19 63 20 72 62 52 42 1 12 86 53 23 4 26 176 177 180 181 184 185 188 189 192 193
27 19 86 76 20 56 46 1 37 79 82 72 49 39 23 4 51 63 53 62 42 176 177 180 181 184 185 188 189 192 193
62 19 49 52 79 39 20 53 1 63 12 42 72 46 23 26 56 37 86 76 177 178 181 182 185 186 189 190 193 194
20 51 4 72 39 52 42 19 1 86 76 53 56 23 12 37 79 46 82 49 26 176 179 180 183 184 187 188 191 192 195
12 37 79 46 82 49 4 72 39 52 42 19 51 86 63 76 53 56 23 1 176 179 180 183 184 187 188 191 192 195
51 39 82 72 49 1 46 86 63 53 26 52 42 76 79 56 23 37 19 177 178 181 182 185 186 189 190 193 194
23 86 76 53 56 37 79 46 82 4 49 19 63 72 39 52 42 1 176 177 180 181 184 185 188 189 192 193
86 4 26 56 37 39 72 19 49 52 82 63 53 1 42 76 79 178 179 182 183 186 187 190 191 194 195
1 37 4 79 82 49 26 39 63 52 42 76 53 56 46 176 179 180 183 184 187 188 191 192 195
42 79 4 46 49 19 39 82 52 63 76 26 37 176 177 180 181 184 185 188 189 192 193
39 63 19 53 52 26 76 79 56 46 4 37 82 72 49 176 177 180 181 184 185 188 189 192 193
4 63 76 53 79 56 46 26 37 82 72 49 52 19 176 179 180 183 184 187 188 191 192 195
79 76 46 82 26 56 37 72 53 19 52 63 178 179 182 183 186 187 190 191 194 195
63 19 49 52 72 53 76 46 26 56 82 177 178 181 182 185 186 189 190 193 194
76 26 56 37 19 49 52 72 82 53 46 178 179 182 183 186 187 190 191 194 195
26 53 56 46 37 82 49 72 52 19 176 177 180 181 184 185 188 189 192 193
19 72 52 53 56 37 46 82 49 176 179 180 183 184 187 188 191 192 195
53 37 49 52 46 82 72 177 178 181 182 185 186 189 190 193 194
56 37 49 52 72 46 177 178 181 182 185 186 189 190 193 194
46 82 49 37 72 52 177 178 181 182 185 186 189 190 193 194
49 72 52 37 82 177 178 181 182 185 186 189 190 193 194
37 82 72 52 176 177 180 181 184 185 188 189 192 193
72 52 82 178 179 182 183 186 187 190 191 194 195
82 52 178 179 182 183 186 187 190 191 194 195
52 177 178 181 182 185 186 189 190 193 194
105 146 159 136 149 90 126 116 104 158 88 171 148 91 161 138 115 94 128 118 160 150 127 140 117 130 107 172 99 162 139 175 102 152 129 106 142 119 109 97 100 174 103 151 164 141 154 131 108 144 121 101 111 166 120 110 123 92 165 95 155 132 168 145 98 122 135 112 125 96 167 157 134 170 147 124 137 114 169 176 179 180 183 184 187 188 191 192 195
146 173 150 138 139 163 120 153 122 134 162 175 152 165 99 102 132 113 114 144 116 174 97 98 164 128 100 130 131 167 115 145 117 129 101 156 155 168 111 92 93 158 123 95 125 109 110 140 112 142 143 157 94 124 170 147 96 126 160 127 108 141 159 172 149 106 90 171 104 135 161 107 151 88 89 91 103 133 177 178 181 182 185 186 189 190 193 194
124 159 136 172 149 126 139 118 99 171 102 148 161 113 138 151 128 116 89 119 100 103 160 173 150 163 117 140 153 120 130 101 162 175 165 142 111 92 174 95 141 98 154 131 109 144 112 115 96 166 156 133 168 145 90 158 135 93 123 125 104 107 88 167 110 91 157 121 134 170 147 94 137 127 108 122 169 176 177 180 181 184 185 188 189 192 193
159 154 127 157 108 138 141 122 162 175 165 118 174 164 102 132 113 135 116 97 89 119 149 100 130 152 103 133 166 136 117 147 139 120 150 101 153 134 168 111 92 114 167 95 125 170 98 128 158 131 112 142 115 145 96 126 169 148 129 106 161 90 93 123 104 156 107 137 160 110 173 140 91 163 151 143 178 179 182 183 186 187 190 191 194 195
143 172 149 120 101 134 171 174 151 111 92 114 95 125 173 98 150 128 163 109 131 153 112 142 115 96 126 129 162 152 165 155 106 164 90 154 167 144 93 123 104 107 137 88 110 140 91 121 166 94 156 127 108 138 139 141 122 168 145 148 99 102 132 157 113 170 135 160 116 97 89 119 130 103 133 169 136 177 178 181 182 185 186 189 190 193 194
172 94 154 96 126 127 157 160 171 155 106 90 123 104 135 107 137 89 168 119 149 91 121 152 136 166 108 138 139 169 120 150 173 122 153 134 167 118 99 175 102 132 113 114 144 116 98 100 130 174 131 161 103 133 163 164 115 145 117 148 129 101 165 111 92 93 95 125 156 128 158 109 110 112 142 178 179 182 183 186 187 190 191 194 195
116 155 110 168 91 145 122 135 94 125 108 167 157 134 170 137 169 99 102 136 149 113 97 89 100 103 171 148 161 151 128 101 160 173 127 163 140 117 130 111 92 114 162 175 152 129 98 142 119 109 132 112 115 174 96 164 141 154 131 144 121 153 106 120 156 133 90 123 93 104 165 107 88 176 177 180 181 184 185 188 189 192 193
155 97 119 149 100 130 152 103 133 169 136 117 147 148 120 101 134 171 161 92 114 144 95 125 160 98 128 109 163 112 142 115 145 96 126 127 129 162 175 165 106 164 90 93 123 104 107 137 110 140 91 121 151 166 94 154 156 108 138 139 141 122 153 168 158 118 99 102 167 132 113 157 135 170 178 179 182 183 186 187 190 191 194 195
117 120 156 133 123 165 106 168 145 122 158 135 90 125 93 104 107 167 88 157 110 134 170 91 147 94 137 108 169 149 126 139 99 171 148 161 102 138 151 128 118 89 160 103 173 150 127 163 140 130 101 175 152 129 142 119 132 174 114 164 95 141 154 98 144 121 109 112 115 96 153 166 176 177 180 181 184 185 188 189 192 193
120 166 101 133 123 168 145 122 158 135 125 92 93 95 167 157 109 110 170 147 112 137 94 127 96 108 169 136 149 126 139 106 118 171 148 161 138 102 151 128 104 107 88 89 119 91 173 103 150 163 153 130 162 175 152 129 165 142 132 99 174 164 114 141 154 131 97 144 121 100 176 177 180 181 184 185 188 189 192 193
135 168 132 145 113 158 97 89 119 103 167 133 157 170 147 160 137 101 134 169 149 139 111 114 171 95 125 148 161 98 138 128 151 109 112 115 96 126 173 129 150 163 140 153 162 106 175 152 165 142 93 123 104 107 88 110 164 141 121 154 94 144 127 108 122 166 156 118 102 177 178 181 182 185 186 189 190 193 194
168 97 89 119 149 130 152 103 133 136 166 147 139 150 101 153 134 167 169 111 92 114 144 95 125 98 128 158 131 171 161 112 142 164 174 115 145 96 126 148 129 165 173 106 90 93 123 175 104 156 107 137 88 110 140 91 121 151 94 127 157 108 138 160 122 99 102 113 178 179 182 183 186 187 190 191 194 195
96 97 139 175 152 129 142 119 132 109 99 174 164 141 154 131 108 121 111 90 153 166 93 156 133 123 100 88 91 165 94 122 112 125 157 134 147 137 114 104 169 136 89 113 149 126 103 106 158 171 148 161 138 115 151 128 118 160 173 150 127 163 140 130 92 107 95 176 179 180 183 184 187 188 191 192 195
97 132 145 122 99 112 102 167 144 134 111 147 101 90 114 93 104 156 88 136 91 113 126 103 94 171 148 125 161 138 115 128 170 160 137 173 150 127 140 107 89 162 139 152 106 142 119 109 174 151 164 141 118 154 131 108 121 98 163 153 130 166 95 133 110 123 100 175 165 176 179 180 183 184 187 188 191 192 195
128 129 165 142 90 132 93 104 107 88 164 141 110 154 91 131 144 94 127 108 153 166 122 156 133 118 99 145 102 158 113 89 119 100 167 103 157 134 170 147 101 136 149 111 171 114 148 95 161 125 138 151 98 109 115 126 173 150 163 140 130 162 175 106 152 176 177 180 181 184 185 188 189 192 193
129 130 109 112 115 162 126 127 175 152 165 142 132 174 164 141 106 154 144 93 123 104 107 88 166 110 156 91 133 121 94 108 122 158 167 99 157 170 147 102 137 113 89 100 169 103 136 149 139 101 171 148 161 138 151 111 160 92 173 114 95 163 125 140 98 153 176 177 180 181 184 185 188 189 192 193
88 93 158 171 148 125 161 138 115 92 170 137 173 150 127 140 94 130 107 162 139 175 152 106 142 119 109 174 151 164 141 118 154 131 108 121 111 163 153 166 156 133 110 123 100 165 145 122 99 112 89 102 144 157 134 147 101 114 91 104 169 136 113 149 126 103 176 179 180 183 184 187 188 191 192 195
93 161 91 138 115 151 118 95 160 173 150 163 140 130 162 152 119 132 109 89 99 174 164 141 154 108 144 121 98 111 101 153 166 156 133 110 100 113 92 145 122 158 112 125 102 167 157 134 170 147 137 114 127 104 94 169 136 149 126 90 103 139 106 176 179 180 183 184 187 188 191 192 195
94 136 149 126 103 139 106 171 148 161 138 115 151 90 95 108 160 173 150 163 91 130 107 162 175 152 165 142 119 132 109 99 174 164 154 131 144 121 134 111 166 156 133 110 123 100 113 145 122 158 112 125 102 92 157 170 147 137 114 127 104 169 176 179 180 183 184 187 188 191 192 195
136 127 108 122 158 118 99 157 102 170 132 147 113 160 137 119 100 103 169 133 139 101 134 148 138 151 141 111 92 114 95 173 125 150 163 98 140 153 109 131 112 115 126 162 175 152 165 142 174 106 164 154 167 90 144 123 104 107 110 166 91 121 156 177 178 181 182 185 186 189 190 193 194
99 102 95 167 98 157 134 147 101 137 114 104 169 113 149 126 103 158 171 148 90 125 138 92 115 118 170 91 160 173 163 140 130 107 162 139 175 152 106 142 119 109 174 151 164 154 131 108 89 121 153 166 156 133 110 123 100 132 145 122 112 176 179 180 183 184 187 188 191 192 195
102 112 125 167 89 157 134 170 100 147 137 114 104 169 126 103 139 106 171 148 161 138 92 115 151 118 98 160 173 150 163 140 130 107 162 175 165 119 109 90 174 164 141 154 131 108 144 121 91 153 166 156 133 110 123 113 145 122 158 176 179 180 183 184 187 188 191 192 195
156 147 139 150 101 171 153 161 134 111 163 113 114 144 95 125 98 131 112 162 142 175 115 145 165 126 174 164 167 106 90 92 123 104 107 137 140 91 151 154 108 138 158 141 122 157 170 118 160 132 169 89 119 149 100 130 152 103 133 178 179 182 183 186 187 190 191 194 195
109 152 142 119 98 174 151 164 141 154 131 121 111 153 166 106 133 123 90 104 165 107 145 122 91 112 108 167 157 134 147 137 169 113 149 126 89 158 100 171 148 103 125 161 138 118 101 170 160 173 150 127 163 140 130 162 92 139 175 176 179 180 183 184 187 188 191 192 195
152 131 112 142 115 145 126 148 158 157 170 106 160 90 123 104 169 107 137 110 140 91 121 151 138 171 141 161 122 173 118 163 153 132 89 119 149 162 130 175 103 133 165 147 139 150 101 164 134 154 111 92 166 114 144 95 98 177 178 181 182 185 186 189 190 193 194
165 100 130 131 161 164 115 145 147 148 101 162 175 111 92 123 95 125 140 112 142 166 154 126 127 169 157 108 138 160 141 106 118 90 104 170 107 137 119 149 91 121 151 133 163 139 150 122 153 134 171 132 113 114 144 98 178 179 182 183 186 187 190 191 194 195
130 132 145 106 90 157 92 123 147 137 107 110 91 121 169 127 149 108 158 171 148 161 138 170 113 160 173 150 163 89 140 119 100 103 162 139 175 101 142 174 151 164 141 154 131 144 111 114 95 125 98 166 112 115 126 176 177 180 181 184 185 188 189 192 193
161 162 175 123 104 107 137 110 140 91 121 174 164 154 127 157 138 160 141 122 166 118 132 113 89 119 149 133 167 139 150 170 101 153 169 111 92 114 144 95 125 98 158 171 131 112 142 115 145 126 148 173 163 106 90 178 179 182 183 186 187 190 191 194 195
162 163 112 142 115 145 126 148 160 175 106 174 90 164 123 167 104 107 137 110 140 121 151 166 154 157 108 138 139 141 122 118 132 113 170 89 119 100 103 133 169 147 150 153 134 171 111 92 114 144 95 98 158 173 131 178 179 182 183 186 187 190 191 194 195
121 126 111 171 148 92 114 138 95 151 98 112 160 115 173 150 163 140 139 175 106 142 132 90 174 104 164 107 154 131 110 144 91 108 153 166 133 123 118 145 125 113 89 119 167 100 157 134 170 103 147 137 169 149 176 177 180 181 184 185 188 189 192 193
126 139 108 122 174 164 154 131 118 144 113 153 89 166 100 133 103 101 132 167 157 134 111 147 92 114 137 95 125 98 169 112 115 149 158 171 138 151 106 90 160 123 173 104 150 127 140 107 110 91 176 177 180 181 184 185 188 189 192 193
113 122 103 167 144 157 134 147 114 149 98 100 158 171 148 125 138 115 101 170 160 137 173 150 127 140 111 92 95 175 107 142 110 91 174 108 164 141 118 154 131 163 153 106 166 90 133 123 104 89 132 145 176 177 180 181 184 185 188 189 192 193
122 89 119 169 100 103 149 139 101 171 148 138 151 173 150 127 163 114 95 98 112 115 175 142 132 174 164 141 154 131 106 144 90 104 153 166 107 110 133 91 123 145 158 167 157 118 134 147 137 176 177 180 181 184 185 188 189 192 193
132 98 100 131 112 167 115 157 134 170 147 169 149 106 139 92 123 95 171 125 148 107 138 151 110 91 127 108 160 150 163 140 175 118 142 104 174 89 119 164 141 154 103 144 101 153 166 133 111 145 158 177 178 181 182 185 186 189 190 193 194
127 169 149 139 90 171 123 138 174 104 151 141 89 119 91 103 173 150 163 108 140 153 175 142 118 114 164 154 98 131 167 100 144 134 115 166 101 133 158 111 148 92 95 125 110 157 170 112 147 160 137 176 177 180 181 184 185 188 189 192 193
169 157 108 138 139 141 118 170 119 149 100 103 133 163 166 147 150 101 153 134 167 171 111 92 114 95 125 98 158 131 173 112 142 164 115 145 148 160 175 106 90 104 107 137 110 91 151 154 178 179 182 183 186 187 190 191 194 195
98 142 119 174 164 92 154 131 95 144 111 101 153 166 133 110 123 100 145 158 112 125 90 167 157 134 170 147 137 114 104 149 103 139 106 171 148 138 115 151 118 160 173 150 163 140 107 176 179 180 183 184 187 188 191 192 195
142 175 131 174 164 154 144 106 153 90 166 123 104 107 137 110 140 145 158 138 141 167 157 170 147 118 89 119 100 103 133 171 148 139 101 151 134 160 173 163 111 92 114 95 125 177 178 181 182 185 186 189 190 193 194
90 138 115 118 95 160 173 150 163 140 107 139 175 119 174 151 164 141 131 108 144 111 153 166 133 110 100 145 112 125 92 167 157 134 147 101 137 114 91 104 149 103 106 158 89 148 176 179 180 183 184 187 188 191 192 195
138 123 104 149 107 137 139 110 91 171 148 108 151 160 173 150 163 140 118 89 119 100 103 133 164 101 141 134 144 153 166 92 95 125 131 112 145 158 167 170 147 177 178 181 182 185 186 189 190 193 194
110 101 171 148 151 141 118 173 150 92 163 140 153 95 175 119 174 164 154 144 106 134 111 107 133 91 108 145 158 112 125 115 167 157 170 147 160 137 114 89 100 149 103 176 177 180 181 184 185 188 189 192 193
112 175 119 89 100 174 164 141 154 131 144 101 153 166 133 123 111 92 95 145 158 167 157 134 170 147 137 106 149 139 104 91 115 151 108 118 160 173 150 163 140 176 177 180 181 184 185 188 189 192 193
163 92 123 104 167 107 137 170 140 91 154 157 160 141 118 171 89 119 149 100 173 103 133 147 139 150 101 153 175 174 111 114 144 95 125 158 131 115 166 148 178 179 182 183 186 187 190 191 194 195
154 111 92 114 144 125 171 131 115 148 160 173 106 175 123 104 107 137 174 91 151 164 108 141 166 118 158 89 119 149 100 103 167 157 147 139 170 101 153 134 178 179 182 183 186 187 190 191 194 195
101 153 133 123 145 125 100 167 157 134 147 137 104 149 103 92 106 95 158 171 148 115 151 118 160 173 150 140 139 175 119 89 174 91 164 141 131 108 144 111 176 179 180 183 184 187 188 191 192 195
153 166 111 92 158 95 125 140 157 170 160 106 123 104 171 137 89 174 119 91 108 139 173 150 175 118 114 149 100 131 103 133 167 115 145 147 148 177 178 181 182 185 186 189 190 193 194
166 150 134 111 92 114 144 95 125 167 170 158 131 115 145 148 106 171 104 107 137 140 91 173 151 157 108 160 141 175 118 174 89 119 149 100 147 139 178 179 182 183 186 187 190 191 194 195
131 175 111 114 95 125 174 164 167 144 134 115 133 106 145 158 123 104 107 157 170 160 137 108 149 139 118 171 148 151 89 119 141 100 103 173 150 140 176 177 180 181 184 185 188 189 192 193
175 164 115 145 148 92 123 104 107 137 140 91 151 173 157 108 160 141 171 174 118 89 119 149 100 103 133 147 150 134 167 111 114 144 125 158 178 179 182 183 186 187 190 191 194 195
104 158 171 148 125 115 118 160 173 150 140 107 89 100 103 139 106 119 174 151 141 108 111 92 95 123 145 167 144 147 114 149 176 179 180 183 184 187 188 191 192 195
158 119 149 91 151 174 103 164 147 139 150 134 114 144 100 115 145 167 148 170 111 92 123 95 125 107 137 140 157 108 141 160 173 118 178 179 182 183 186 187 190 191 194 195
123 171 148 151 160 173 150 140 111 92 114 95 115 174 164 141 106 133 107 91 145 125 108 167 134 170 147 137 118 149 139 89 119 100 176 177 180 181 184 185 188 189 192 193
171 107 137 91 170 151 157 108 160 141 118 173 89 119 149 100 103 133 147 139 134 174 167 111 92 114 144 95 125 164 115 145 106 178 179 182 183 186 187 190 191 194 195
149 108 141 167 157 170 118 89 100 103 133 147 139 151 134 160 173 150 111 92 114 144 95 115 145 148 106 107 137 140 91 177 178 181 182 185 186 189 190 193 194
103 145 125 167 157 134 170 147 137 114 89 100 106 148 115 118 160 173 150 140 92 107 95 119 174 164 141 144 111 133 176 179 180 183 184 187 188 191 192 195
145 89 119 100 139 174 164 134 111 92 114 144 95 125 115 167 157 170 147 160 107 137 140 91 108 148 141 151 173 150 118 177 178 181 182 185 186 189 190 193 194
106 118 91 160 150 140 107 139 119 174 164 141 89 108 144 111 133 125 167 157 134 170 147 137 114 148 92 95 115 151 176 179 180 183 184 187 188 191 192 195
118 167 157 134 170 92 147 137 107 91 108 139 148 151 160 173 140 100 119 174 164 141 144 111 114 95 133 115 125 176 177 180 181 184 185 188 189 192 193
147 89 119 100 133 167 157 170 139 134 111 92 114 144 95 151 160 150 107 137 174 140 91 164 108 141 177 178 181 182 185 186 189 190 193 194
133 111 157 92 134 170 114 95 137 125 139 148 151 160 173 150 107 140 91 108 174 164 141 144 89 119 100 177 178 181 182 185 186 189 190 193 194
157 89 119 100 174 139 150 173 111 92 114 164 115 167 148 137 140 91 151 108 170 160 141 178 179 182 183 186 187 190 191 194 195
119 115 125 167 134 170 137 139 91 148 108 160 173 150 140 89 174 164 141 144 111 114 95 176 177 180 181 184 185 188 189 192 193
115 107 91 174 164 144 89 100 125 167 170 137 111 92 139 114 95 148 151 141 173 150 140 176 177 180 181 184 185 188 189 192 193
150 107 140 91 167 170 108 141 89 151 100 160 139 173 134 111 92 114 144 95 125 174 164 148 177 178 181 182 185 186 189 190 193 194
108 139 92 95 148 151 160 173 140 107 89 91 174 164 141 144 111 100 125 167 134 170 114 176 179 180 183 184 187 188 191 192 195
100 125 167 134 170 137 114 92 95 148 160 173 140 107 91 139 174 151 164 141 144 89 176 179 180 183 184 187 188 191 192 195
111 174 164 141 95 125 167 134 170 92 137 114 107 91 148 151 160 173 140 89 139 176 177 180 181 184 185 188 189 192 193
174 92 114 144 95 125 160 107 137 140 91 170 151 139 141 89 164 148 134 167 178 179 182 183 186 187 190 191 194 195
139 148 170 160 137 89 91 134 151 141 164 167 144 92 95 125 107 177 178 181 182 185 186 189 190 193 194
91 148 151 95 160 89 173 140 164 141 144 125 92 167 134 170 137 176 179 180 183 184 187 188 191 192 195
148 137 140 141 167 89 134 170 160 92 114 144 95 125 151 173 177 178 181 182 185 186 189 190 193 194
125 151 89 164 141 144 114 95 134 92 107 170 160 173 140 176 177 180 181 184 185 188 189 192 193
173 107 137 140 170 151 160 141 89 134 167 92 114 144 95 164 178 179 182 183 186 187 190 191 194 195
92 151 164 141 89 167 144 134 114 95 170 140 107 176 179 180 183 184 187 188 191 192 195
89 167 170 137 114 151 95 160 140 107 164 141 144 134 176 179 180 183 184 187 188 191 192 195
95 151 141 144 167 134 170 137 160 140 107 176 179 180 183 184 187 188 191 192 195
167 164 134 170 114 144 141 107 137 140 151 178 179 182 183 186 187 190 191 194 195
151 107 137 140 164 134 114 144 170 177 178 181 182 185 186 189 190 193 194
164 114 144 107 137 140 170 141 134 178 179 182 183 186 187 190 191 194 195
114 141 144 134 170 137 160 140 107 176 177 180 181 184 185 188 189 192 193
107 160 140 141 144 134 170 137 176 179 180 183 184 187 188 191 192 195
141 137 140 144 134 170 160 177 178 181 182 185 186 189 190 193 194
144 170 137 140 160 134 177 178 181 182 185 186 189 190 193 194
134 170 137 160 140 177 178 181 182 185 186 189 190 193 194
137 160 170 177 178 181 182 185 186 189 190 193 194
160 140 170 178 179 182 183 186 187 190 191 194 195
170 140 178 179 182 183 186 187 190 191 194 195
140 177 178 181 182 185 186 189 190 193 194
176
177
178
179
180
181
182
183
184
185
186
187
188
189
190
191
192
193
194
195
