#/usr/local/lib/python3.10/dist-packages/colab_kernel_launcher.py -f /root/.local/share/jupyter/runtime/kernel-2b515d16-c871-48c9-ad2b-cd6ecd503099.json
# GMT Thu May 23 11:49:51 2024
# 
15 21 30 39 14 16 25 6 9 1 48 12 34 43 4 29 38 24 33 42 7 28 37 10 2 5 13 46 27 36 45 22 31 49 0 35 44 100 101 105 106
21 46 18 32 27 36 45 22 40 49 10 26 35 2 30 5 16 8 19 44 0 11 48 25 34 3 14 29 38 47 42 28 23 17 20 12 101 102 106 107
7 17 35 12 30 11 2 5 39 48 25 34 43 20 29 24 33 42 10 19 28 37 0 14 23 9 3 6 1 41 36 45 13 22 40 8 100 104 105 109
17 44 39 48 10 25 34 43 2 38 47 24 33 28 37 16 0 11 3 14 46 32 41 18 27 36 6 22 31 40 49 26 35 30 4 100 101 105 106
26 30 18 39 10 2 5 24 13 16 34 43 29 38 47 33 0 11 46 22 14 25 6 9 1 20 41 23 12 27 36 45 4 40 49 101 102 106 107
30 9 10 29 2 4 5 41 36 45 16 40 49 35 44 8 19 22 6 28 39 34 1 38 47 20 33 42 12 37 32 25 102 103 107 108
18 8 14 3 16 39 48 11 0 1 25 34 43 38 47 24 33 42 19 28 37 23 9 10 2 12 4 32 27 36 45 22 40 49 100 101 105 106
39 28 9 48 10 43 47 12 23 42 46 41 29 22 24 13 35 16 6 45 36 49 8 44 11 0 1 31 3 14 25 102 103 107 108
35 46 2 41 36 32 40 49 5 24 44 16 8 19 11 0 22 3 33 25 43 38 47 42 9 1 20 31 12 4 34 102 103 107 108
29 32 41 45 25 31 49 44 9 1 20 12 23 4 48 43 38 47 2 33 37 5 16 27 8 19 11 0 46 3 14 101 102 106 107
32 2 36 13 24 45 40 49 6 44 8 0 11 20 25 48 28 34 43 9 10 38 47 33 42 12 23 37 46 5 27 102 103 107 108
8 9 2 5 46 41 27 36 13 22 40 49 12 0 16 3 48 1 25 34 43 20 47 24 4 19 28 37 23 100 104 105 109
9 0 44 48 3 34 43 11 20 47 24 33 6 19 28 14 1 46 23 41 27 45 22 31 40 2 5 100 104 105 109
40 41 10 49 44 5 24 13 16 27 19 11 0 48 47 25 42 36 28 20 31 23 12 4 34 46 37 103 104 108 109
41 42 2 5 24 16 27 38 11 46 22 3 33 25 44 28 1 31 20 23 4 34 48 37 43 47 10 103 104 108 109
0 14 23 46 27 36 45 4 13 31 12 2 49 44 25 34 43 11 38 6 24 42 10 19 100 104 105 109
14 33 42 19 37 3 23 6 1 46 12 4 27 36 22 31 49 44 16 25 10 5 13 48 43 47 20 100 101 105 106
6 48 3 34 38 47 24 33 42 19 28 37 46 23 13 4 5 27 36 45 22 31 2 12 11 20 1 100 104 105 109
48 36 49 28 31 20 23 12 42 4 45 34 37 2 24 13 27 46 11 22 3 33 25 103 104 108 109
46 22 13 19 38 11 1 49 3 44 33 36 28 31 42 4 45 47 37 27 10 103 104 108 109
23 11 22 34 38 24 33 42 1 20 28 37 12 10 4 36 5 31 49 13 44 19 101 102 106 107
11 10 37 4 27 45 13 31 49 3 44 25 34 20 38 47 24 42 19 28 100 101 105 106
10 27 36 45 22 31 49 3 44 16 25 1 34 43 47 42 19 28 37 2 13 100 101 105 106
27 2 13 16 36 31 19 49 44 3 25 1 20 43 38 47 4 33 37 101 102 106 107
42 3 33 28 44 43 20 47 34 37 2 4 5 13 24 16 49 19 38 103 104 108 109
33 38 47 25 28 1 31 20 12 36 45 49 44 2 5 24 13 16 43 102 103 107 108
38 25 36 28 31 20 12 45 49 37 2 5 24 13 16 44 43 19 3 102 103 107 108
36 2 47 16 19 22 3 28 44 1 20 31 12 4 34 102 103 107 108
2 45 13 22 49 12 16 44 25 43 20 24 28 5 4 100 104 105 109
25 34 43 28 12 5 45 22 13 16 1 20 49 44 101 102 106 107
34 28 1 31 20 12 47 37 5 13 19 45 3 49 44 102 103 107 108
47 3 1 31 20 12 4 45 37 43 5 13 16 22 103 104 108 109
45 43 5 13 16 19 22 44 28 1 31 12 4 49 37 103 104 108 109
43 28 49 1 31 20 44 12 4 37 24 16 22 3 103 104 108 109
3 24 19 28 37 5 4 22 31 44 12 16 1 20 100 104 105 109
24 31 49 44 20 12 4 5 13 28 16 37 19 22 101 102 106 107
22 37 5 13 16 19 31 49 44 1 20 101 102 106 107
37 1 31 20 44 4 5 13 19 49 102 103 107 108
16 31 49 5 13 20 19 1 12 4 100 101 105 106
12 5 19 28 13 31 1 4 100 101 105 106
44 13 19 28 1 31 103 104 108 109
49 4 5 1 31 103 104 108 109
31 5 13 19 20 102 103 107 108
19 1 4 5 13 20 28 100 101 105 106
28 1 4 5 13 101 102 106 107
13 1 20 4 100 101 105 106
5 1 4 20 100 104 105 109
20 4 101 102 106 107
4 1 100 104 105 109
1 100 104 105 109
65 71 80 89 64 53 66 75 51 62 54 79 88 97 74 83 57 78 73 82 68 60 52 55 63 91 95 58 72 81 90 99 50 67 76 85 94 100 101 105 106
71 87 96 68 57 82 95 72 90 99 76 85 52 80 63 66 69 58 94 50 61 98 75 84 93 53 64 79 88 97 92 73 67 51 62 54 101 102 106 107
76 80 68 57 89 60 55 63 74 66 98 84 93 79 88 97 69 58 83 61 78 96 72 82 53 64 75 56 51 70 73 86 54 99 85 101 102 106 107
80 68 59 60 79 96 54 55 74 86 95 66 81 90 77 94 69 58 61 72 53 56 89 98 50 93 51 88 97 92 62 73 87 82 102 103 107 108
68 94 64 56 89 98 50 75 84 93 79 88 97 74 83 92 78 87 67 59 52 62 55 96 63 82 77 86 95 72 81 90 99 100 101 105 106
57 85 62 66 61 52 89 75 84 70 79 88 97 74 83 60 69 78 87 64 73 59 53 56 82 77 86 95 72 81 90 99 54 58 100 104 105 109
89 59 98 60 93 70 62 73 92 54 82 96 91 87 77 79 85 74 63 66 56 95 58 69 94 61 51 81 53 64 83 75 102 103 107 108
85 60 96 52 91 86 95 82 90 55 63 94 66 77 58 69 50 61 83 75 98 56 93 88 97 67 78 87 51 70 73 84 102 103 107 108
79 82 91 86 75 81 56 99 78 51 70 73 62 98 84 93 60 88 52 83 92 87 63 74 66 77 58 50 96 53 101 102 106 107
82 52 64 86 63 90 99 56 69 58 50 61 51 81 53 67 84 93 59 60 88 97 83 92 62 54 55 77 102 103 107 108
94 67 59 60 90 92 55 74 87 77 58 69 96 95 72 91 64 53 83 66 56 86 78 61 51 70 81 73 98 75 84 103 104 108 109
58 59 52 55 77 86 95 63 81 99 50 66 98 51 75 84 93 70 97 74 83 92 54 69 78 87 73 100 104 105 109
59 99 98 53 84 93 61 70 88 97 74 60 69 78 64 54 92 87 96 73 86 95 63 72 81 90 52 67 55 66 100 104 105 109
91 90 52 55 63 66 77 69 88 50 61 96 53 64 95 83 99 75 56 86 67 78 51 81 70 73 84 98 87 93 97 60 103 104 108 109
50 55 64 73 87 77 86 54 63 72 81 90 67 53 62 66 99 75 84 93 61 70 97 74 83 92 69 78 100 104 105 109
55 96 53 77 95 72 90 67 66 51 61 54 98 84 93 88 74 83 92 60 69 78 87 64 73 63 100 104 105 109
90 60 99 52 63 74 66 77 69 72 98 53 93 83 75 92 86 67 51 62 73 54 84 96 87 103 104 108 109
87 72 53 83 86 67 78 61 70 73 62 98 93 75 88 97 84 60 63 74 96 77 95 102 103 107 108
56 98 53 84 93 88 97 74 83 92 60 69 78 96 64 63 54 77 86 95 72 81 52 62 66 70 51 100 104 105 109
98 86 97 67 51 70 62 73 54 95 60 63 66 77 96 69 88 72 64 53 83 75 103 104 108 109
64 83 69 78 53 51 96 54 77 86 95 72 81 99 67 66 75 60 52 93 70 88 97 100 101 105 106
96 72 74 66 69 88 61 99 83 75 86 70 73 62 92 93 95 84 97 77 52 103 104 108 109
61 73 60 52 86 95 63 72 81 99 67 62 66 75 84 70 88 97 51 74 83 92 78 100 101 105 106
73 72 53 75 93 67 88 97 74 83 92 51 78 52 77 54 99 63 101 102 106 107
60 77 86 81 99 67 62 66 75 51 54 93 70 88 97 69 78 52 63 100 101 105 106
77 52 72 63 74 66 86 95 81 69 99 53 51 70 62 88 92 101 102 106 107
86 52 88 97 92 74 72 53 83 95 78 99 70 81 62 84 102 103 107 108
52 72 81 99 53 62 66 84 93 70 97 74 83 92 69 78 54 51 100 104 105 109
75 84 93 83 92 67 78 62 54 74 95 81 72 53 63 51 99 101 102 106 107
84 67 70 81 62 54 88 97 92 63 66 69 72 53 99 83 102 103 107 108
93 67 78 99 81 70 62 92 54 97 63 74 69 53 83 103 104 108 109
53 69 78 54 97 72 81 99 67 62 66 88 100 104 105 109
72 78 66 69 95 81 51 70 62 54 74 83 92 101 102 106 107
78 88 97 83 92 67 51 62 95 99 74 63 69 101 102 106 107
83 67 51 70 81 62 54 95 63 102 103 107 108
66 81 99 63 70 88 74 69 51 62 54 100 101 105 106
97 67 51 70 92 54 95 63 74 69 88 103 104 108 109
67 70 88 74 92 69 63 95 81 99 51 62 54 100 101 105 106
62 70 74 69 95 63 81 99 54 100 101 105 106
99 54 74 69 88 81 70 92 95 103 104 108 109
81 74 63 88 92 69 95 51 102 103 107 108
69 95 54 88 92 100 101 105 106
88 51 70 54 95 92 102 103 107 108
95 74 51 70 92 54 103 104 108 109
92 51 70 54 63 74 103 104 108 109
74 51 70 63 101 102 106 107
63 51 70 54 100 101 105 106
51 54 70 100 104 105 109
70 54 101 102 106 107
54 100 104 105 109
100
101
102
103
104
105
106
107
108
109
