#/usr/local/lib/python3.10/dist-packages/colab_kernel_launcher.py -f /root/.local/share/jupyter/runtime/kernel-dea7114a-48f2-47cd-9840-9590734c419b.json
# GMT Thu May 23 17:57:38 2024
# 
15 21 14 16 25 6 9 1 53 48 12 34 43 52 20 29 38 47 33 42 51 19 7 37 10 2 5 13 46 55 50 27 36 45 54 8 22 40 0 17 26 35 44 112 113 116 117 121 122
21 37 7 18 50 27 36 45 22 31 40 49 10 26 35 30 5 13 8 19 44 11 0 53 39 48 25 34 52 14 3 29 38 47 24 33 42 6 28 23 9 1 112 113 117 118 122 123
47 53 33 48 25 52 6 36 51 28 17 3 9 39 1 31 12 45 7 18 37 55 10 29 2 54 32 43 5 13 35 24 16 27 8 19 38 0 22 41 14 114 115 119 120 124 125
53 36 28 9 1 31 50 23 51 42 4 43 45 34 18 7 37 27 40 29 2 22 32 13 35 24 30 19 8 49 0 55 52 54 14 3 33 44 25 6 115 116 120 121 124 125
36 10 48 29 2 43 52 38 32 42 5 51 35 13 24 37 16 8 19 11 22 14 46 55 41 45 28 49 17 44 9 1 39 12 23 4 26 7 18 114 115 118 119 123 124
26 30 7 39 10 2 5 13 24 16 48 34 43 52 38 19 8 51 28 37 46 22 14 25 17 9 1 55 20 41 23 12 27 54 45 4 31 40 49 35 113 114 117 118 122 123
30 7 9 10 29 2 55 5 41 50 24 13 45 54 16 49 27 35 44 19 8 11 6 17 28 39 48 34 0 43 52 20 33 42 51 12 23 37 32 25 113 114 118 119 122 123
7 35 12 16 11 2 44 39 48 25 52 29 38 24 33 19 28 37 0 14 9 6 51 46 55 1 32 41 50 18 27 13 22 40 49 8 112 116 117 120 121 125
39 17 28 9 48 10 43 20 52 23 12 42 4 32 46 41 18 37 27 29 2 22 55 13 16 45 54 40 49 19 44 38 11 31 3 14 33 114 115 118 119 123 124
35 46 29 2 41 50 54 40 49 5 24 44 16 19 0 22 14 3 33 25 48 6 43 52 38 28 42 51 9 37 31 20 12 23 4 113 114 118 119 123 124
29 32 41 45 54 25 31 6 49 44 28 1 20 23 12 4 48 34 43 52 10 38 42 51 5 24 27 19 8 0 11 22 46 14 113 114 118 119 122 123
32 2 22 55 41 50 14 13 24 45 40 49 16 6 44 19 0 11 1 20 3 48 28 34 43 9 10 38 33 42 51 12 23 46 18 27 113 114 118 119 123 124
18 44 8 14 3 16 6 48 0 11 34 43 52 38 24 42 19 28 37 23 17 9 2 12 51 5 46 55 41 50 27 45 54 31 40 49 112 113 117 118 121 122
44 17 51 9 10 40 12 42 4 5 24 8 46 55 50 2 54 45 22 41 14 33 6 28 38 11 0 20 31 23 25 34 114 115 119 120 124 125
0 5 14 9 51 46 55 41 27 45 13 31 40 8 17 3 12 2 49 48 25 34 52 11 20 38 6 24 33 42 1 10 112 115 116 120 121 125
5 55 3 41 50 27 45 54 22 31 49 8 17 12 16 1 4 48 34 43 52 20 2 24 33 51 10 19 14 23 9 13 112 116 117 120 121 125
41 42 51 2 16 27 19 38 11 55 22 50 3 45 33 49 25 6 28 9 1 20 31 23 4 34 48 37 43 10 114 115 119 120 123 124
48 54 49 28 9 1 20 12 23 42 4 37 52 40 51 13 24 16 27 46 8 19 38 11 14 55 33 50 115 116 119 120 124 125
54 10 40 51 55 43 24 13 16 27 8 19 49 11 52 14 3 33 25 6 17 9 1 31 20 50 23 42 4 34 45 115 116 120 121 124 125
37 22 14 3 16 6 17 28 11 1 20 31 12 23 43 52 25 38 9 10 2 4 13 24 51 55 27 50 45 40 114 115 118 119 123 124
8 2 46 55 50 27 13 22 31 40 49 17 12 11 3 6 1 25 34 43 20 38 4 10 19 28 14 23 112 116 117 121 122 125
11 14 23 9 10 51 2 46 50 4 45 22 31 40 49 17 3 6 25 34 43 52 38 24 33 42 19 28 112 116 117 121 122 125
14 24 33 42 19 23 6 9 1 46 55 50 4 27 45 22 40 49 17 25 10 34 38 112 113 116 117 121 122
23 22 3 6 34 52 38 33 42 1 28 12 9 51 46 2 50 27 45 31 40 49 16 19 112 113 117 118 122 123
10 27 45 31 40 49 3 17 6 25 9 4 34 43 52 20 38 24 33 42 51 19 13 46 50 112 116 117 121 122 125
27 2 22 13 16 50 31 19 40 49 3 1 20 43 52 12 38 4 33 51 28 46 113 114 117 118 122 123
42 25 6 17 28 1 43 52 20 31 12 34 9 40 2 51 46 55 13 24 50 16 38 22 114 115 119 120 123 124
33 38 3 25 6 17 9 20 12 51 4 46 55 50 45 40 49 2 24 16 34 52 22 113 114 118 119 123 124
38 25 17 1 51 31 20 46 55 12 4 45 49 13 16 43 19 22 3 114 115 118 119 123 124
51 13 16 1 31 3 45 34 28 17 9 52 4 55 43 24 46 22 115 116 119 120 124 125
25 34 43 17 28 9 12 4 24 46 55 19 50 2 31 40 3 13 16 1 20 49 113 114 117 118 122 123
34 6 28 17 9 20 31 12 4 43 2 24 13 16 46 55 50 45 40 3 49 113 114 118 119 123 124
2 50 45 13 31 49 17 3 12 16 43 52 20 6 24 19 4 1 55 112 115 116 120 121 125
45 40 43 13 19 52 22 3 28 17 9 31 12 46 55 50 49 114 115 119 120 124 125
43 6 55 50 28 49 1 31 20 12 4 40 13 24 16 46 3 114 115 119 120 123 124
3 6 19 28 9 4 46 55 50 13 22 31 40 49 17 16 52 20 112 115 116 120 121 125
6 24 19 28 46 13 4 55 50 31 40 49 17 12 16 20 1 112 116 117 120 121 125
50 13 16 52 19 49 22 17 9 1 55 20 12 4 115 116 119 120 124 125
22 28 46 13 16 55 19 31 40 49 17 9 1 20 4 52 112 113 117 118 122 123
28 52 17 1 12 4 46 55 40 49 13 24 16 19 113 114 118 119 122 123
24 46 31 40 49 9 1 20 12 4 52 13 16 19 113 114 117 118 122 123
46 13 16 55 1 49 17 20 12 4 52 40 114 115 119 120 124 125
16 55 31 40 49 17 13 52 20 1 4 112 113 117 118 121 122
12 20 19 9 13 31 40 1 49 17 4 112 113 116 117 121 122
17 52 20 19 13 55 31 40 49 1 4 112 113 117 118 121 122
9 49 52 20 1 4 55 31 40 112 116 117 121 122 125
49 40 20 115 116 119 120 124 125
40 19 52 31 4 55 114 115 119 120 123 124
31 52 13 19 1 20 4 113 114 118 119 122 123
19 55 1 4 13 20 112 113 117 118 121 122
55 52 1 20 115 116 120 121 124 125
13 1 52 20 4 112 113 116 117 121 122
52 1 20 4 115 116 120 121 124 125
1 4 20 112 115 116 120 121 125
20 4 112 113 117 118 122 123
4 112 116 117 120 121 125
103 109 89 104 81 108 62 107 73 84 65 57 76 87 68 79 60 82 90 101 74 63 93 111 66 106 85 58 77 99 61 91 72 83 64 75 86 94 56 67 78 70 59 114 115 119 120 124 125
109 92 84 73 65 104 76 68 79 107 60 99 71 82 63 74 93 85 96 77 78 88 61 69 91 80 102 64 86 75 105 94 56 67 97 108 110 59 70 89 95 81 115 116 120 121 124 125
92 104 85 58 108 94 88 98 61 69 91 80 93 83 86 75 67 56 78 59 70 89 102 81 62 110 96 84 73 105 100 65 57 76 87 68 79 82 71 90 63 74 114 115 118 119 123 124
71 86 70 72 81 62 65 57 99 108 60 76 94 89 98 107 75 63 84 93 79 88 74 66 58 61 69 102 111 97 106 83 110 87 96 105 56 67 73 82 91 112 113 116 117 121 122
86 82 63 65 77 102 111 61 106 97 80 69 101 110 72 96 105 83 91 100 64 67 70 59 62 84 95 104 90 99 57 94 89 98 107 79 68 93 88 113 114 118 119 122 123
82 63 95 58 77 61 80 69 72 104 90 99 108 75 107 56 67 84 102 78 88 59 70 62 73 65 57 111 76 97 79 83 110 60 96 105 91 100 113 114 117 118 122 123
63 73 68 77 72 67 58 61 100 104 81 90 99 76 94 98 66 93 56 70 65 59 62 102 111 57 88 106 74 101 110 69 87 96 105 60 64 112 116 117 120 121 125
73 100 95 104 66 99 58 76 85 94 98 61 84 69 79 72 64 59 70 102 111 88 97 106 74 83 101 110 62 78 87 96 105 91 65 57 68 112 113 117 118 121 122
95 65 104 66 76 108 79 68 98 60 88 61 102 97 90 93 83 58 77 78 91 69 106 72 62 101 110 96 105 64 75 100 56 67 57 87 59 70 89 114 115 118 119 123 124
74 91 64 77 70 59 62 104 67 57 81 99 108 76 85 94 80 75 84 93 65 66 58 68 107 61 102 69 88 97 106 83 101 110 78 87 96 112 113 117 118 121 122
91 66 102 111 85 58 106 77 110 96 105 61 80 100 72 83 64 56 78 70 89 81 104 62 99 94 84 107 93 57 76 68 79 90 113 114 118 119 123 124
85 88 97 106 101 110 81 87 62 105 100 84 65 57 76 79 68 60 104 90 99 66 94 89 77 98 107 61 69 80 72 64 75 67 56 102 111 113 114 118 119 122 123
88 58 77 111 78 97 106 80 69 101 96 72 62 100 64 67 56 87 76 59 81 104 99 65 94 98 107 79 68 93 102 60 61 113 114 118 119 123 124
97 96 98 107 77 69 80 72 83 75 64 94 67 56 111 78 70 59 101 89 110 105 100 84 57 76 68 79 60 90 104 99 108 66 114 115 119 120 123 124
96 110 66 105 77 80 72 83 75 64 67 104 59 70 99 89 81 62 98 107 84 65 57 87 76 79 68 60 90 111 93 114 115 119 120 123 124
104 110 62 105 84 76 68 79 98 101 66 108 58 77 107 61 80 69 72 83 94 56 78 59 70 111 89 106 81 115 116 119 120 124 125
110 58 107 111 99 61 69 80 72 83 102 75 94 67 78 70 59 89 62 84 65 57 87 106 79 98 60 90 93 115 116 120 121 124 125
77 93 102 106 101 78 87 105 58 61 72 75 100 56 90 99 108 59 70 94 80 89 98 62 84 79 65 68 60 107 112 113 117 118 122 123
93 78 70 59 89 84 67 56 57 76 87 100 79 99 108 81 94 90 65 66 60 80 69 107 102 83 106 105 75 101 114 115 118 119 123 124
64 58 107 61 102 111 106 83 101 69 78 87 105 68 72 67 62 57 90 108 99 76 94 80 89 98 60 66 75 84 70 112 116 117 121 122 125
62 59 90 108 80 89 98 107 75 84 102 79 65 60 111 106 83 101 87 105 100 72 81 76 56 57 112 116 117 120 121 125
106 58 99 61 69 80 72 108 83 102 75 105 67 56 78 59 70 100 89 65 57 111 87 79 68 101 90 115 116 119 120 124 125
67 70 65 66 107 58 111 60 83 101 69 78 105 68 59 81 90 108 56 76 94 57 89 98 75 84 112 116 117 121 122 125
70 56 80 98 107 75 84 59 65 111 60 83 101 78 100 81 66 58 61 99 108 76 94 112 113 116 117 121 122
102 78 61 69 80 72 111 75 94 56 105 59 100 81 76 87 68 98 60 99 108 90 107 66 58 114 115 119 120 124 125
56 79 65 111 83 101 60 69 78 59 72 58 105 100 81 90 99 108 76 80 98 57 66 84 112 115 116 120 121 125
79 59 81 90 99 108 94 89 98 57 76 68 66 58 111 83 60 101 87 105 69 72 75 112 113 117 118 122 123
66 83 101 78 87 59 100 72 81 65 57 60 90 99 108 76 94 80 89 98 84 58 69 61 111 112 116 117 121 122 125
83 78 101 87 75 105 100 59 81 65 57 76 99 108 68 94 60 89 98 107 84 113 114 117 118 122 123
98 59 89 100 99 108 68 90 65 58 107 60 61 111 69 80 101 105 75 94 78 114 115 119 120 123 124
89 94 81 84 57 76 87 68 107 60 101 105 100 61 69 80 72 75 90 108 78 113 114 118 119 123 124
94 84 65 57 107 87 111 60 105 58 61 69 80 72 100 99 108 78 114 115 118 119 123 124
107 69 57 76 87 81 90 101 84 65 108 68 60 111 99 61 80 58 78 115 116 119 120 124 125
81 90 99 108 84 65 68 60 61 80 111 75 58 101 87 78 59 69 72 76 105 113 114 117 118 122 123
90 84 65 87 76 68 60 108 58 61 80 75 111 78 101 59 105 100 113 114 118 119 123 124
58 101 69 78 87 105 72 100 99 76 80 84 61 65 60 57 111 112 115 116 120 121 125
101 99 61 69 80 72 75 78 100 65 57 87 68 60 111 105 114 115 119 120 124 125
99 111 84 105 57 76 87 60 108 61 69 72 75 114 115 119 120 123 124
59 80 75 61 65 60 111 69 78 105 100 68 72 57 108 112 115 116 120 121 125
108 84 65 57 87 68 60 61 80 69 72 75 105 100 115 116 120 121 124 125
80 87 105 57 100 60 61 69 84 72 75 78 113 114 117 118 122 123
78 61 69 111 75 87 100 65 76 68 60 112 113 117 118 122 123
72 111 87 105 61 69 100 76 75 84 65 68 112 113 117 118 121 122
100 65 68 60 61 69 75 111 105 84 57 87 76 114 115 119 120 124 125
68 61 76 75 84 111 65 87 57 105 60 112 113 116 117 121 122
84 65 57 111 105 61 69 75 113 114 118 119 122 123
105 61 75 87 76 115 116 119 120 124 125
65 76 75 111 69 87 112 116 117 121 122 125
87 69 75 111 57 76 60 113 114 118 119 122 123
111 61 57 76 60 115 116 120 121 124 125
75 57 60 69 76 112 113 117 118 121 122
69 57 61 112 113 116 117 121 122
61 57 112 116 117 120 121 125
76 60 57 112 113 117 118 122 123
60 57 112 116 117 120 121 125
57 112 115 116 120 121 125
112
113
114
115
116
117
118
119
120
121
122
123
124
125
