#/usr/local/lib/python3.10/dist-packages/colab_kernel_launcher.py -f /root/.local/share/jupyter/runtime/kernel-6c0fbf18-c276-4b2d-9452-8819c27dba4d.json
# GMT Sat May 25 02:33:31 2024
# 
15 21 30 39 3 14 25 6 9 1 12 34 43 4 20 29 38 24 33 42 19 7 28 23 32 18 10 2 5 13 27 36 45 8 22 31 40 0 11 17 26 35 44 92 93 95 96 99 100 102 103 106 107 109
21 37 7 18 32 41 27 36 45 22 31 40 10 26 35 2 30 5 13 16 8 19 44 0 11 39 25 43 3 14 29 38 33 42 6 28 23 17 9 1 20 4 92 93 96 97 99 100 103 104 106 107
7 17 26 35 12 30 16 11 2 5 44 25 34 43 20 29 38 24 33 42 10 19 28 37 14 23 9 3 6 32 41 18 27 36 45 13 22 31 40 4 8 92 95 96 98 99 102 103 105 106 109
17 44 39 10 25 34 43 2 20 29 38 24 33 42 5 19 28 37 16 8 0 11 14 3 32 41 18 27 36 45 6 22 31 40 26 9 30 1 12 4 92 93 95 96 99 100 102 103 106 107
26 30 18 39 10 2 5 13 24 16 34 43 38 19 8 33 0 11 28 37 22 32 3 14 25 6 9 1 20 12 23 27 36 45 4 31 40 35 44 93 94 96 97 100 101 103 104 107 108
30 18 9 10 29 2 4 41 13 24 36 45 16 31 40 27 35 44 19 8 11 22 3 14 6 28 39 34 0 43 1 38 20 42 23 12 37 25 93 94 96 97 100 101 103 104 107 108
18 35 44 8 14 3 16 6 39 11 0 1 25 34 43 20 29 38 24 33 19 28 37 23 9 10 2 12 4 5 13 32 41 27 45 22 31 92 93 95 96 99 100 103 104 106 107
39 28 9 10 43 20 23 12 42 32 5 41 34 37 27 29 2 22 35 13 24 16 45 36 40 19 8 44 38 0 11 1 31 14 3 33 25 94 95 97 98 101 102 104 105 108 109
35 10 29 2 41 36 45 32 40 5 24 44 16 27 8 19 11 0 22 14 33 25 6 43 38 28 42 9 1 37 20 31 12 23 4 34 93 94 97 98 100 101 104 105 107 108
29 32 41 36 45 25 6 31 40 44 28 9 1 20 12 4 34 10 38 2 33 42 37 5 13 24 16 27 8 19 11 0 22 3 14 93 94 96 97 100 101 103 104 107 108
32 2 22 41 14 36 24 13 45 40 16 6 44 19 8 0 11 1 31 20 3 25 28 34 43 10 38 33 42 12 37 4 5 27 93 94 97 98 100 101 104 105 107 108
44 9 10 40 12 42 4 13 24 37 27 19 8 2 22 41 3 14 33 16 6 36 28 38 11 0 1 20 31 23 25 34 94 95 97 98 101 102 105 106 108 109
40 41 45 10 2 5 24 13 16 27 8 38 11 22 14 3 43 33 25 6 42 36 28 9 1 20 31 23 12 4 34 37 94 95 97 98 101 102 104 105 108 109
41 42 2 5 24 13 16 27 8 19 38 11 0 22 14 45 33 25 6 36 28 9 1 31 20 12 23 4 34 37 43 10 94 95 97 98 101 102 104 105 108 109
8 2 5 27 36 45 13 22 31 12 0 16 11 3 6 1 25 34 43 20 38 24 33 42 4 19 37 14 23 92 95 96 98 99 102 103 105 106 109
37 22 14 3 33 16 36 28 11 0 1 20 31 23 12 43 25 38 34 42 9 10 2 4 5 24 13 19 45 93 94 97 98 100 101 104 105 108 109
0 5 14 23 9 27 36 45 4 13 22 31 3 12 16 2 25 34 43 11 20 38 6 24 33 42 1 10 28 92 94 95 98 99 101 102 105 106 108 109
5 3 27 36 45 22 31 12 16 25 1 11 6 4 34 43 20 2 24 33 42 10 19 28 14 23 9 13 92 94 95 98 99 102 103 105 106 109
14 11 24 33 42 19 28 3 23 6 9 1 12 4 27 36 45 22 31 16 25 34 43 20 38 92 93 95 96 99 100 102 103 106 107 109
11 23 9 10 4 27 36 45 13 22 31 12 16 3 6 25 43 20 38 24 33 42 19 28 92 95 96 98 99 102 103 106 107 109
23 22 3 6 25 34 43 38 24 33 42 1 20 28 12 9 10 2 27 4 36 45 31 13 16 19 92 93 96 97 99 100 103 104 106 107
10 27 36 45 22 31 3 12 6 25 9 1 4 34 43 20 38 24 33 42 19 28 2 13 92 95 96 98 99 102 103 105 106 109
27 2 22 13 24 16 45 31 19 3 25 6 9 1 20 34 43 12 38 4 42 28 93 94 96 97 100 101 103 104 107 108
42 33 25 6 36 28 1 43 31 20 12 34 9 2 4 13 24 16 45 19 38 22 94 95 97 98 101 102 104 105 108 109
33 38 3 25 6 28 9 1 31 20 12 4 36 45 2 24 13 16 19 34 43 93 94 97 98 100 101 104 105 107 108
38 25 6 36 28 9 1 31 12 4 45 34 13 24 16 43 19 22 3 93 94 97 98 101 102 104 105 108 109
36 2 13 24 16 19 22 3 25 6 45 28 9 1 20 31 12 4 34 93 94 97 98 100 101 104 105 107 108
25 34 43 28 12 4 24 19 2 45 22 3 13 16 6 1 92 93 96 97 100 101 103 104 107 108
34 6 28 9 20 31 12 4 43 2 13 24 16 19 22 45 3 93 94 97 98 100 101 104 105 107 108
2 45 13 22 31 3 12 16 43 20 6 24 19 28 9 4 1 92 94 95 98 99 101 102 105 106 108 109
45 43 24 13 19 22 3 6 28 9 1 20 31 12 94 95 98 99 101 102 105 106 108 109
43 6 28 9 1 20 31 12 4 24 13 16 19 22 3 94 95 97 98 101 102 104 105 108 109
3 6 24 19 28 9 4 13 22 31 12 16 1 20 92 94 95 98 99 101 102 105 106 108 109
6 24 19 28 9 13 4 22 31 12 16 1 92 95 96 98 99 102 103 105 106 109
24 9 1 20 12 13 28 16 19 22 92 93 96 97 99 100 103 104 107 108
22 13 16 19 31 9 1 20 4 92 93 96 97 99 100 103 104 106 107
12 20 19 9 13 31 1 16 4 92 95 96 99 100 102 103 106 107 109
9 20 19 28 1 4 13 31 16 92 95 96 98 99 102 103 105 106 109
31 13 16 28 1 20 4 93 94 96 97 100 101 104 105 107 108
19 1 4 13 16 20 28 92 93 96 97 99 100 103 104 106 107
28 1 20 4 13 16 93 94 96 97 100 101 103 104 107 108
16 13 20 1 4 92 93 95 96 99 100 102 103 106 107 109
13 1 20 4 92 93 95 96 99 100 102 103 106 107 109
20 4 1 92 93 96 97 99 100 103 104 106 107
4 1 92 94 95 98 99 101 102 105 106 109
1 92 94 95 98 99 101 102 105 106 108 109
61 67 85 49 60 62 71 52 55 47 58 80 89 50 66 75 84 70 79 65 53 74 83 69 78 64 56 48 51 59 87 73 82 91 68 77 86 46 57 63 72 81 90 92 93 95 96 99 100 102 103 106 107 109
67 83 53 64 78 87 73 82 91 68 77 86 56 72 81 48 76 51 59 62 54 65 90 57 46 85 71 89 49 75 84 70 79 88 52 74 69 63 47 66 58 50 92 93 96 97 99 100 103 104 106 107
53 63 72 81 58 76 57 48 51 90 85 80 89 66 75 84 70 79 88 56 74 83 46 60 69 55 49 52 47 78 87 64 73 82 91 59 68 77 86 50 54 92 95 96 98 99 102 103 105 106 109
63 90 85 56 71 80 89 48 66 75 70 79 88 65 51 74 83 59 69 62 54 46 57 49 78 87 64 73 82 91 52 68 77 86 72 81 55 76 47 50 92 93 95 96 99 100 102 103 106 107
72 76 64 85 56 48 51 70 59 62 80 89 75 84 54 65 79 88 57 46 74 68 78 60 49 71 55 47 66 87 69 58 73 82 91 77 86 81 90 93 94 96 97 100 101 103 104 107 108
76 64 55 56 75 48 50 51 87 59 70 82 91 62 77 86 73 90 54 57 68 60 49 52 74 85 80 46 89 47 84 66 79 88 69 58 83 78 71 93 94 96 97 100 101 103 104 107 108
64 81 90 54 60 49 52 85 46 57 47 71 80 89 66 75 70 79 88 65 74 83 69 55 56 48 58 50 59 78 87 73 82 91 68 77 86 92 93 95 96 99 100 103 104 106 107
85 74 55 56 89 66 69 58 88 50 78 51 87 80 83 73 75 48 68 59 70 81 62 52 91 86 54 65 90 84 57 47 77 49 60 71 94 95 97 98 101 102 104 105 108 109
81 56 75 48 87 82 91 78 51 59 90 62 73 65 54 46 57 68 49 60 79 71 52 89 84 74 88 55 47 83 66 77 69 58 50 80 93 94 97 98 100 101 104 105 107 108
75 78 87 82 91 71 52 77 86 74 55 47 66 69 58 50 80 89 56 84 48 79 88 83 51 70 59 73 54 65 57 68 60 49 93 94 96 97 100 101 103 104 107 108
78 48 68 87 82 70 59 91 86 62 52 90 54 65 57 46 47 66 77 49 71 74 80 89 55 56 84 58 69 83 50 51 73 93 94 97 98 100 101 104 105 107 108
90 55 56 86 58 88 50 89 51 70 59 83 73 65 54 48 91 68 87 49 60 79 62 52 82 84 57 46 77 66 69 71 80 94 95 97 98 101 102 105 106 108 109
54 55 48 51 87 73 82 91 59 68 77 86 58 46 62 57 52 47 71 80 89 66 84 70 79 88 56 65 74 83 60 69 92 95 96 98 99 102 103 105 106 109
55 46 49 71 80 66 84 70 79 52 56 65 74 60 47 50 88 83 69 87 73 82 91 59 68 77 86 48 58 51 62 92 95 96 98 99 102 103 105 106 109
46 51 60 69 83 87 73 82 91 50 59 68 77 86 49 58 62 48 80 89 57 66 84 52 70 79 88 47 56 65 74 92 94 95 98 99 101 102 105 106 108 109
51 49 87 73 82 91 77 86 58 62 71 47 57 52 50 80 89 66 84 48 79 88 56 65 74 83 60 69 59 92 94 95 98 99 102 103 105 106 109
86 87 91 56 48 70 62 73 65 84 57 68 60 49 89 79 71 52 88 82 74 47 77 66 58 69 50 80 94 95 97 98 101 102 104 105 108 109
87 88 48 59 70 62 73 65 84 57 68 49 60 91 79 71 52 74 47 77 66 69 58 80 83 89 94 95 97 98 101 102 104 105 108 109
83 68 49 60 79 62 52 82 74 57 47 66 77 58 89 71 84 80 88 56 48 50 59 70 73 65 91 93 94 97 98 100 101 104 105 108 109
57 60 69 56 48 50 73 82 59 68 58 62 49 52 71 80 89 66 84 47 70 79 88 65 74 92 95 96 98 99 102 103 106 107 109
60 70 79 88 65 74 49 69 52 47 58 50 73 82 91 68 77 62 71 56 48 59 80 89 66 84 92 93 95 96 99 100 102 103 106 107 109
69 68 49 52 80 84 70 79 88 47 66 74 58 56 48 73 82 50 91 77 59 62 65 92 93 96 97 99 100 103 104 106 107
88 49 79 71 52 82 74 47 89 77 58 80 56 48 50 59 70 62 91 73 65 84 68 94 95 97 98 101 102 104 105 108 109
79 84 49 71 52 74 47 66 77 50 82 91 56 48 70 59 62 73 65 80 89 68 93 94 97 98 100 101 104 105 107 108
84 71 52 82 74 47 66 77 58 50 80 56 48 59 70 62 73 89 65 68 49 93 94 97 98 101 102 104 105 108 109
56 82 91 77 49 58 52 62 71 47 50 80 89 66 70 65 74 48 59 92 95 96 98 99 102 103 105 106 109
82 48 89 70 59 62 73 65 68 49 71 52 91 74 47 66 77 58 50 93 94 97 98 100 101 104 105 107 108
71 80 89 74 58 50 70 65 48 73 91 77 68 49 59 62 52 47 66 92 93 96 97 100 101 103 104 107 108
80 52 74 47 77 66 58 50 48 70 59 62 73 65 68 91 49 93 94 97 98 100 101 104 105 107 108
48 73 91 59 68 49 62 89 66 70 65 74 50 47 92 94 95 98 99 101 102 105 106 108 109
91 89 59 62 73 65 68 49 52 74 47 66 77 58 50 94 95 98 99 101 102 105 106 108 109
89 52 74 47 66 77 58 50 59 70 62 73 65 68 49 94 95 97 98 101 102 104 105 108 109
49 52 70 50 73 59 68 77 58 62 47 66 92 94 95 98 99 101 102 105 106 108 109
52 70 65 74 50 73 68 77 58 62 66 47 92 95 96 98 99 102 103 105 106 109
68 74 73 62 65 77 47 66 58 50 70 92 93 96 97 99 100 103 104 106 107
74 66 58 50 77 70 59 62 73 65 93 94 96 97 100 101 103 104 107 108
70 73 77 47 66 58 50 59 62 65 92 93 96 97 99 100 103 104 107 108
62 73 77 59 66 65 47 58 50 92 93 95 96 99 100 102 103 106 107 109
58 66 65 73 59 77 47 50 92 95 96 99 100 102 103 106 107 109
77 59 65 47 66 50 93 94 96 97 100 101 104 105 107 108
73 59 65 47 50 93 94 96 97 100 101 103 104 107 108
65 47 50 59 66 92 93 96 97 99 100 103 104 106 107
59 47 66 50 92 93 95 96 99 100 102 103 106 107 109
66 50 92 93 96 97 99 100 103 104 106 107
50 47 92 94 95 98 99 101 102 105 106 109
47 92 94 95 98 99 101 102 105 106 108 109
92
93
94
95
96
97
98
99
100
101
102
103
104
105
106
107
108
109
