#/usr/local/lib/python3.10/dist-packages/colab_kernel_launcher.py -f /root/.local/share/jupyter/runtime/kernel-4e96f4f6-3ff9-4b57-9774-52bcdd39bbb8.json
# GMT Mon May 27 18:27:23 2024
# 
13 88 65 78 55 32 45 22 110 11 100 34 79 92 69 46 82 36 16 81 58 71 48 25 38 15 4 18 7 93 106 83 73 50 30 8 105 95 108 85 62 39 75 52 29 107 97 74 51 87 31 96 0 1 86 3 99 76 89 66 43 56 111 226 232 233 239 240 245
88 95 65 108 46 23 110 4 26 7 37 40 70 21 73 24 54 76 8 89 71 74 111 58 18 2 5 100 90 103 19 52 82 33 55 17 39 50 92 72 34 67 104 94 30 11 44 25 47 28 1 80 31 106 61 42 96 45 75 48 29 105 230 231 236 237 243 244
24 97 14 54 9 1 44 15 109 86 76 89 43 56 33 98 111 65 78 55 68 45 23 25 100 77 7 57 34 70 47 102 79 92 69 46 26 91 104 58 94 71 48 38 51 16 19 106 3 83 60 73 50 63 17 95 39 52 29 42 107 11 226 227 233 234 239 240
97 54 27 60 71 93 103 74 102 105 5 35 68 19 49 22 52 104 3 82 33 55 85 39 83 86 106 84 30 11 44 108 25 47 80 31 61 12 42 64 15 94 75 48 110 29 51 81 32 92 95 46 99 96 23 26 56 7 10 89 43 230 231 237 238 244 245
43 110 77 54 44 23 109 7 37 99 40 21 66 79 56 46 27 8 41 101 78 55 91 45 58 100 18 90 67 2 57 5 47 35 0 22 102 3 33 17 72 51 30 11 93 106 83 60 28 9 1 53 42 105 95 108 85 62 98 107 227 228 234 235 240 241
110 45 75 76 27 57 29 93 74 104 77 107 58 105 4 7 68 112 10 22 52 82 54 6 85 8 71 72 102 83 67 100 2 5 16 47 0 1 31 3 33 63 94 66 17 48 50 51 81 92 34 79 109 14 44 25 56 89 61 231 232 238 239 244 245
17 58 94 71 61 5 28 16 93 50 27 6 30 105 72 62 39 107 74 51 87 14 64 54 31 21 109 63 99 76 33 23 108 111 78 55 32 35 100 4 90 7 67 44 80 10 34 47 8 102 79 92 46 82 59 36 49 91 81 226 227 232 233 239 240 245
58 95 108 62 50 51 32 65 46 107 74 87 14 44 25 26 56 109 86 10 12 42 79 27 29 111 101 91 68 80 23 35 7 37 22 52 54 59 39 20 104 84 18 30 93 106 83 16 60 47 73 19 63 1 31 3 105 228 229 235 236 241 242
29 32 68 35 80 57 34 70 2 5 112 102 79 0 92 69 82 36 20 91 104 81 71 48 38 11 83 14 63 25 40 9 1 105 108 15 85 62 52 42 84 74 64 23 99 26 76 53 89 66 10 21 98 111 65 78 55 226 227 233 234 240 241
32 55 68 100 90 103 80 57 34 47 4 112 7 79 92 69 21 59 8 20 94 71 51 93 106 30 83 2 60 96 73 14 63 40 19 105 95 108 62 75 42 107 74 87 64 77 11 86 25 76 53 66 28 10 56 12 98 27 226 227 233 234 240 241
8 9 84 74 64 41 44 21 96 99 76 89 66 20 23 98 111 65 5 68 45 22 35 12 3 100 77 6 90 67 34 37 14 112 102 92 69 46 49 16 91 94 61 38 15 93 70 83 30 95 72 108 85 62 75 19 7 226 232 233 238 239 245
9 90 67 80 57 34 14 89 69 23 59 36 2 26 101 68 81 0 71 61 38 15 28 83 60 37 73 27 82 72 49 52 19 1 84 18 31 21 106 109 86 63 99 76 53 20 108 75 4 42 78 7 55 45 22 12 87 100 77 226 232 233 238 239 245
40 41 77 54 2 44 35 16 109 19 3 33 6 36 20 111 34 55 90 11 103 57 14 70 47 28 112 31 12 92 15 82 59 49 91 104 94 71 61 51 93 4 26 60 96 73 50 10 105 108 38 62 75 52 42 107 84 87 18 227 228 234 235 240 241
41 42 39 87 64 54 109 86 99 53 89 66 5 98 16 19 78 55 22 68 3 45 33 36 20 100 80 57 70 102 30 92 11 46 82 59 28 1 31 91 12 104 81 94 71 48 84 61 51 83 60 73 63 23 95 108 7 37 52 10 227 228 234 235 240 241
0 5 103 83 60 73 50 27 49 85 62 6 42 19 84 51 87 18 54 31 21 96 86 99 53 66 20 33 10 23 108 78 55 45 22 12 2 77 67 80 57 11 1 14 102 79 56 69 46 59 101 91 81 71 48 25 61 38 226 231 232 238 239 244 245
5 83 63 30 7 95 75 19 107 74 77 44 11 109 86 99 76 53 66 20 10 98 111 65 78 55 45 22 35 25 100 90 67 103 57 34 70 112 102 79 92 69 59 36 16 6 104 71 48 84 61 2 51 93 226 231 232 238 239 245
83 35 16 68 49 82 84 63 6 36 66 69 20 50 93 96 67 95 11 14 44 25 1 80 31 45 87 81 62 65 99 79 111 26 101 37 10 70 21 54 27 38 60 103 71 74 77 112 102 92 229 230 236 237 243 244
11 14 112 7 56 10 81 94 71 48 25 61 38 15 28 103 93 106 2 50 4 30 105 82 95 3 85 62 52 19 84 74 18 54 21 109 63 76 53 20 1 108 98 78 55 68 45 90 80 57 34 226 232 233 238 239 245
14 112 102 92 1 46 82 26 91 81 48 61 51 18 103 93 60 96 50 27 30 105 72 108 85 62 52 84 74 87 77 44 86 76 89 66 20 33 3 6 65 78 55 68 35 25 67 80 57 34 70 226 232 233 239 240 245
94 39 69 20 50 100 53 103 67 102 84 105 47 28 12 42 104 15 78 106 96 95 108 26 7 98 37 21 54 107 27 38 60 71 93 91 99 18 2 4 35 16 111 19 49 101 22 52 33 63 6 36 66 230 231 237 238 243 244
95 111 91 35 16 68 19 103 22 52 3 82 33 63 36 39 102 53 34 86 30 44 47 80 31 42 106 64 96 75 48 59 51 81 65 46 98 79 107 23 37 10 21 73 54 76 57 38 90 77 230 231 237 238 243 244
90 80 42 64 45 75 48 78 59 81 62 46 109 112 23 4 26 111 89 91 21 73 57 38 100 71 103 77 102 105 2 16 68 19 49 22 52 63 85 36 66 20 50 53 34 86 96 67 84 30 108 44 28 230 231 236 237 243 244
68 59 51 106 96 65 105 85 98 23 25 107 74 54 87 27 77 60 109 86 18 35 78 19 49 22 33 63 55 6 36 39 20 80 70 53 67 112 102 92 47 28 1 31 71 61 42 64 45 229 230 235 236 242 243
61 100 6 67 103 39 20 50 70 112 79 92 53 1 84 31 15 93 73 46 105 72 108 75 4 26 56 7 107 21 74 87 64 27 57 38 60 109 86 99 76 66 111 2 65 35 19 49 52 33 228 229 235 236 241 242
100 12 64 45 75 62 92 93 77 23 4 26 56 7 37 89 21 73 54 108 27 57 87 60 107 91 18 109 35 112 22 33 63 55 6 85 66 39 69 99 101 50 53 86 47 28 1 80 31 230 231 237 238 244 245
21 64 7 31 96 109 63 76 66 23 108 98 111 78 45 35 16 77 67 80 3 47 112 20 79 92 46 59 36 26 48 28 1 70 12 106 37 73 50 30 105 72 85 62 52 107 4 87 226 227 232 233 239 240
64 54 103 57 60 70 112 102 69 105 82 18 2 35 104 16 19 49 84 22 52 63 36 39 93 96 53 73 86 85 30 98 75 65 44 25 47 28 1 31 42 45 77 66 79 111 101 4 78 37 10 228 229 235 236 242 243
77 70 85 98 27 71 74 87 109 112 4 35 7 52 54 6 36 78 38 69 20 53 103 80 18 2 102 16 92 1 31 3 75 48 107 84 62 65 46 106 86 44 26 79 28 10 229 230 236 237 242 243
42 80 57 47 102 79 92 4 59 104 6 81 36 71 48 39 20 103 70 73 30 82 25 72 85 28 75 1 31 12 107 84 74 51 54 109 86 99 76 66 56 23 108 98 65 78 45 227 228 234 235 240 241
27 107 2 74 16 54 19 3 109 6 66 20 46 111 78 55 91 25 67 103 80 34 70 15 37 102 92 69 82 59 72 49 81 71 38 4 28 10 63 53 30 108 85 62 98 75 65 18 226 227 233 234 239 240
107 106 108 87 38 60 71 104 91 103 35 109 16 19 101 3 33 63 85 36 66 111 99 102 34 98 47 28 1 31 12 15 48 78 51 62 93 46 96 56 7 37 10 89 70 231 232 237 238 244 245
33 38 103 106 60 4 26 63 10 105 108 85 39 75 74 51 54 44 96 86 16 53 22 56 3 6 98 111 20 55 67 30 47 25 112 102 79 12 69 46 15 59 36 49 104 71 48 226 227 233 234 240 241
38 36 51 34 96 86 99 76 53 30 56 98 65 101 31 55 12 45 15 44 80 57 112 79 46 82 23 26 49 10 91 81 93 106 60 73 63 18 72 108 85 16 62 75 52 3 227 228 233 234 240 241
73 74 16 19 22 3 109 99 76 66 89 69 50 53 67 101 78 91 30 44 25 103 28 12 15 112 59 62 82 65 104 81 23 4 26 10 106 70 57 60 105 85 98 75 18 2 229 230 235 236 242 243
74 75 57 72 109 86 2 35 79 16 19 52 111 6 101 91 69 50 51 34 67 103 30 112 44 102 25 105 28 82 12 104 81 59 93 106 96 23 4 26 7 70 98 229 230 236 237 242 243
19 103 93 106 60 96 18 72 85 62 39 16 6 87 54 31 86 76 53 89 66 20 56 65 101 22 12 15 25 70 112 102 92 36 49 7 10 104 81 48 51 226 227 232 233 239 240
103 1 31 105 63 45 48 51 104 92 65 98 79 96 44 25 26 56 28 89 12 57 91 112 37 70 101 82 54 6 85 36 39 69 99 86 67 18 30 16 47 231 232 237 238 244 245
25 34 79 92 69 46 59 101 81 12 50 105 72 49 85 39 52 51 87 31 6 96 109 86 99 76 53 30 66 108 98 75 111 18 55 45 1 67 44 80 57 226 227 233 234 239 240
34 28 91 104 31 15 51 93 106 96 105 72 23 4 62 75 52 84 44 86 99 76 53 89 56 2 111 16 101 78 22 3 35 6 20 67 47 112 102 79 69 59 36 227 228 233 234 240 241
44 47 12 69 46 82 59 49 91 104 81 18 35 106 60 3 6 36 39 20 108 85 62 30 54 16 109 86 1 99 53 89 66 98 65 101 55 67 57 70 227 228 234 235 240 241
47 57 28 1 31 12 102 15 69 59 49 46 104 81 71 48 84 4 106 37 60 96 50 63 108 62 75 52 65 87 2 109 99 89 56 39 20 98 111 101 78 91 227 228 234 235 241 242
39 81 71 48 93 106 35 50 86 16 63 53 1 3 15 62 98 75 20 52 54 99 112 66 10 79 12 46 111 55 91 45 80 23 60 4 102 92 69 82 59 49 104 227 228 233 234 240 241
81 69 91 20 53 30 28 92 1 82 12 15 78 59 104 65 79 106 96 4 26 7 70 108 98 76 87 18 2 99 89 16 22 3 63 55 6 111 36 101 229 230 236 237 243 244
30 112 102 92 46 82 4 59 49 22 6 71 51 106 50 63 72 108 75 1 15 84 87 54 99 53 89 23 26 7 98 111 65 101 55 57 70 226 227 233 234 240 241
112 96 28 1 45 76 48 78 60 62 92 46 109 4 56 7 89 70 101 54 55 57 72 102 104 86 2 35 49 82 6 36 20 99 111 65 67 98 231 232 238 239 244 245
10 54 109 86 99 53 89 66 20 23 111 65 101 55 45 22 35 12 80 57 70 37 2 102 69 49 3 26 6 91 104 48 15 51 93 60 50 1 108 62 87 226 232 233 238 239 245
54 87 96 99 89 66 18 98 65 2 78 16 49 22 52 6 57 70 53 102 79 92 104 31 15 45 93 106 63 105 62 23 4 26 84 228 229 234 235 241 242
2 50 7 72 62 6 84 87 31 96 109 86 63 99 53 66 56 23 108 111 65 101 45 12 67 37 102 69 49 26 104 71 48 15 28 93 70 1 60 226 231 232 238 239 245
50 104 35 16 49 22 3 93 60 96 63 105 85 62 28 87 1 31 15 45 86 76 89 46 56 98 111 65 101 55 23 26 37 67 70 102 79 92 69 227 228 234 235 241 242
3 15 18 93 70 106 60 105 72 85 52 6 84 96 89 66 20 23 65 101 55 45 22 67 80 57 37 4 69 46 82 59 36 49 26 16 71 48 226 231 232 238 239 245
15 6 57 79 69 82 59 49 91 104 48 12 93 106 96 105 72 85 62 75 52 4 7 31 109 86 53 89 20 56 98 101 78 55 45 22 35 226 232 233 239 240 245
22 28 60 53 98 4 75 65 7 87 99 89 56 18 46 111 16 101 78 55 45 35 6 20 67 80 79 72 49 26 1 12 71 48 84 51 226 227 232 233 239 240
28 57 20 102 79 46 82 36 49 91 104 71 48 1 12 60 63 72 85 62 52 23 7 87 109 86 76 53 56 98 65 101 45 35 16 226 227 233 234 239 240
75 80 79 92 49 52 63 55 6 36 66 104 72 67 93 106 105 108 85 59 62 84 65 46 87 109 86 23 76 26 70 98 57 60 71 229 230 236 237 242 243
106 16 49 101 82 55 6 85 69 20 109 99 102 53 67 111 84 80 31 12 48 51 62 92 98 96 23 4 7 37 71 93 104 231 232 237 238 244 245
12 67 37 102 79 69 46 59 36 49 26 4 93 70 60 105 85 84 6 18 31 96 76 20 23 108 98 65 101 78 45 1 35 226 232 233 239 240 245
65 101 78 80 37 69 105 72 84 35 96 49 86 31 63 20 85 98 62 46 87 56 109 99 76 89 45 79 60 228 229 235 236 242 243
23 109 99 76 89 66 111 101 78 45 67 37 102 18 79 92 69 46 82 59 4 6 93 70 63 72 85 62 52 51 87 226 227 233 234 239 240
109 26 56 111 89 76 60 71 104 91 18 105 35 49 36 66 69 72 102 53 86 67 80 31 48 108 59 51 62 79 231 232 238 239 244 245
51 91 20 57 93 70 18 102 59 72 16 104 45 71 84 48 46 96 63 53 26 85 52 87 67 99 89 66 79 56 4 37 78 228 229 234 235 241 242
91 98 26 89 99 76 57 46 101 56 7 37 93 52 82 55 6 85 102 92 71 72 53 86 67 18 84 16 1 80 63 66 78 230 231 237 238 243 244
16 70 60 37 105 82 72 85 1 84 18 86 99 76 53 20 108 4 7 55 45 57 89 46 36 101 48 226 232 233 239 240 245
70 1 31 63 86 45 76 48 62 46 101 78 80 60 92 82 71 4 37 49 6 36 66 69 105 108 67 87 229 230 235 236 242 243
35 60 96 105 72 108 62 4 84 26 86 89 56 98 111 101 78 55 80 6 20 92 69 46 82 59 36 104 71 48 93 227 228 233 234 240 241
96 99 7 37 111 36 66 69 20 72 86 84 49 105 1 80 92 46 79 26 56 89 108 87 60 71 93 230 231 237 238 243 244
99 4 26 56 37 57 87 71 18 49 82 6 85 36 66 53 67 111 84 80 31 48 62 98 79 230 231 237 238 244 245
7 86 76 20 108 98 6 101 78 37 89 102 79 92 46 82 1 59 36 49 26 104 71 48 4 105 72 62 52 87 226 232 233 238 239 245
57 1 31 87 45 48 46 78 26 56 102 79 92 69 82 59 72 18 104 71 49 52 6 93 63 62 228 229 235 236 241 242
108 18 105 37 49 52 82 63 55 66 69 72 86 1 31 45 59 92 46 98 26 87 104 231 232 238 239 244 245
59 67 31 102 45 92 69 48 104 4 26 93 56 60 63 105 72 62 18 76 89 55 6 20 53 111 101 78 228 229 235 236 241 242
71 69 20 87 76 1 31 78 80 4 102 56 92 37 60 93 18 105 72 85 52 55 229 230 235 236 242 243
36 84 93 60 63 1 31 105 72 85 52 87 26 76 89 111 101 55 45 67 80 37 79 92 46 82 104 227 228 233 234 240 241
84 102 66 92 105 53 67 104 93 49 80 31 62 98 46 79 26 56 86 45 60 111 101 4 37 52 82 229 230 236 237 243 244
67 45 48 60 62 46 93 37 72 85 55 87 18 76 89 49 52 53 80 102 79 92 69 228 229 235 236 242 243
85 93 86 52 82 63 55 66 20 53 1 80 31 45 48 101 26 56 37 76 60 104 230 231 236 237 243 244
69 31 86 62 46 56 89 79 60 111 101 78 18 80 49 52 55 66 105 20 82 229 230 235 236 242 243
80 1 93 45 48 78 102 62 46 79 104 4 26 37 86 60 49 52 6 53 111 101 229 230 236 237 243 244
6 18 93 63 20 72 1 86 76 89 66 56 55 45 37 102 79 82 49 104 226 232 233 238 239 245
104 72 102 31 78 92 79 4 56 37 89 87 18 49 101 52 82 63 66 231 232 237 238 244 245
62 78 18 52 55 82 93 105 48 72 46 87 37 86 76 89 228 229 235 236 241 242
78 46 4 26 79 82 76 93 18 49 52 63 20 72 87 86 89 45 101 48 229 230 236 237 242 243
20 63 105 72 52 18 31 1 89 66 111 101 45 46 82 26 226 227 232 233 239 240
55 46 63 26 37 98 76 66 56 52 53 93 60 102 92 72 31 45 228 229 234 235 241 242
102 1 92 98 37 76 87 60 93 111 82 63 72 231 232 237 238 244 245
60 87 52 89 111 101 1 48 72 4 26 56 37 86 228 229 235 236 241 242
111 98 79 4 56 89 76 87 93 52 82 63 66 72 53 1 31 92 231 232 238 239 244 245
87 76 89 18 98 101 49 66 92 1 45 48 93 79 105 56 37 230 231 236 237 243 244
66 56 37 105 18 49 52 63 76 89 53 101 1 92 82 46 228 229 235 236 242 243
45 82 26 37 48 93 63 18 52 76 53 89 31 227 228 234 235 240 241
1 4 92 82 48 72 52 31 56 46 226 231 232 238 239 245
98 101 4 26 56 37 72 105 86 18 49 82 48 79 92 230 231 237 238 244 245
93 52 101 31 76 79 4 37 72 86 230 231 237 238 243 244
31 46 49 18 48 63 105 76 53 56 101 4 226 227 233 234 240 241
72 49 86 48 76 89 79 46 4 37 105 53 229 230 235 236 242 243
4 86 89 79 56 101 37 105 82 49 18 226 231 232 238 239 245
86 26 37 52 53 76 48 105 230 231 236 237 243 244
46 79 92 52 76 53 56 227 228 234 235 241 242
101 26 56 89 18 49 63 53 105 48 230 231 237 238 244 245
76 26 56 89 79 18 49 105 82 48 229 230 236 237 242 243
26 53 56 37 92 82 48 63 18 52 226 227 233 234 239 240
18 105 52 53 56 37 79 92 82 48 63 226 227 232 233 239 240
105 49 82 63 89 92 56 37 231 232 237 238 244 245
48 92 63 53 37 52 56 227 228 234 235 241 242
92 56 89 52 63 230 231 237 238 243 244
37 63 53 56 89 79 49 227 228 233 234 240 241
56 79 49 52 63 228 229 234 235 241 242
63 89 82 228 229 235 236 242 243
49 53 89 82 227 228 234 235 241 242
53 52 89 79 82 228 229 234 235 241 242
89 79 230 231 236 237 243 244
79 82 229 230 236 237 242 243
52 228 229 234 235 241 242
82 229 230 236 237 243 244
145 214 142 191 168 204 181 213 180 216 193 170 147 160 150 117 118 225 120 192 205 134 135 172 149 137 185 119 207 184 161 197 151 206 219 196 173 209 127 132 113 116 208 221 198 128 130 155 220 210 200 190 157 124 139 202 179 156 122 159 211 224 140 226 227 233 234 240 241
214 126 205 178 208 159 211 219 192 136 169 150 202 153 137 189 140 220 121 151 203 223 154 184 206 190 201 222 115 118 132 224 134 165 195 176 119 182 133 212 163 185 166 180 213 143 215 218 157 129 160 141 114 125 155 177 128 217 207 158 210 172 230 231 237 238 244 245
137 210 187 200 154 122 114 128 222 212 169 126 146 224 201 178 168 181 158 223 190 120 180 193 147 160 150 225 215 192 205 182 159 195 172 149 139 171 115 161 151 118 164 141 132 113 206 219 173 209 186 163 176 133 143 208 185 221 165 142 155 226 227 233 234 239 240
210 189 170 121 200 151 173 203 154 184 216 187 171 201 204 131 118 148 129 132 162 113 165 195 176 119 198 149 179 152 182 133 163 166 196 147 143 124 157 221 211 193 144 174 155 128 158 220 188 161 126 222 192 225 209 136 117 139 202 156 230 231 237 238 244 245
156 223 200 177 157 117 150 123 153 202 192 159 121 224 154 201 191 168 158 171 213 131 203 216 115 193 148 132 225 113 215 116 146 205 195 149 152 162 133 194 207 184 161 164 143 206 219 186 141 176 122 114 125 218 211 188 165 126 178 220 187 227 228 234 235 240 241
223 128 158 188 189 219 200 142 154 126 206 187 190 201 218 120 150 153 183 134 135 168 119 121 151 182 224 212 184 185 166 196 180 213 131 216 118 148 113 114 193 144 116 146 177 207 179 191 133 221 164 175 159 211 222 209 138 139 122 174 231 232 238 239 244 245
129 206 183 219 196 173 150 140 143 218 208 124 175 152 188 142 155 132 122 220 128 187 164 200 177 167 126 134 176 212 189 166 133 146 136 221 211 201 168 123 181 213 190 203 193 202 192 182 172 162 118 204 113 194 171 116 184 174 151 141 216 226 232 233 239 240 245
206 181 132 162 193 116 195 146 179 182 133 194 196 147 178 180 225 197 127 157 224 138 160 141 122 114 174 125 177 128 189 161 191 142 172 175 159 190 215 169 202 153 207 168 170 151 203 154 199 171 201 131 208 115 221 118 148 230 231 237 238 243 244
130 171 174 115 118 141 216 183 113 219 196 163 140 198 142 220 124 187 164 200 127 177 154 131 134 114 209 125 222 176 212 189 133 169 146 136 221 201 178 168 158 135 213 117 120 180 193 170 123 147 160 225 202 192 182 159 195 172 139 204 217 194 226 227 232 233 239 240 245
171 208 175 163 211 178 147 159 187 177 190 127 157 169 141 212 123 189 153 202 125 155 192 170 142 154 201 181 213 203 180 117 118 183 148 150 134 215 165 182 149 195 172 121 185 133 217 207 174 131 143 115 219 132 162 113 146 228 229 235 236 241 242
148 219 209 186 142 176 153 218 198 175 188 165 155 136 117 220 139 120 187 200 123 154 167 140 121 199 189 202 179 131 178 191 181 118 113 116 216 146 170 119 183 215 147 192 205 182 172 162 143 204 124 217 194 127 184 161 144 128 227 228 233 234 240 241
219 132 162 135 165 116 195 168 119 198 179 152 133 222 212 163 215 225 196 147 199 180 213 216 138 193 144 174 128 207 161 191 164 194 126 208 159 136 117 139 169 122 123 153 134 167 189 184 187 190 201 131 218 115 231 232 237 238 244 245
149 184 161 197 151 143 196 127 173 186 138 141 114 125 218 128 221 198 175 142 165 126 220 200 177 190 167 222 139 189 166 179 134 211 224 201 191 168 158 131 180 115 183 160 118 150 225 215 113 205 116 146 195 152 133 204 147 194 227 228 233 234 240 241
184 152 220 166 187 180 143 199 124 202 138 141 122 114 144 174 211 155 224 177 201 191 161 172 175 178 159 193 117 192 169 205 150 195 123 183 140 170 204 121 151 217 194 173 197 209 118 132 208 113 116 188 168 119 229 230 235 236 242 243
189 220 213 190 139 120 123 153 183 134 167 170 121 151 154 204 131 118 203 132 162 135 146 168 179 215 182 205 163 218 185 147 180 217 194 124 127 138 160 141 122 114 125 155 177 199 161 142 164 208 221 198 159 229 230 236 237 242 243
220 140 170 154 187 217 201 218 115 222 181 135 165 168 119 179 133 212 163 215 166 147 199 180 211 143 124 160 122 144 174 177 207 188 161 142 172 164 194 175 126 178 208 190 192 136 117 139 150 202 183 186 167 231 232 237 238 244 245
168 197 117 159 196 186 199 150 198 175 211 153 188 134 178 167 121 151 177 190 222 212 225 202 224 165 116 191 204 119 181 133 163 164 203 193 170 173 127 182 218 195 160 141 185 114 144 125 155 128 158 228 229 234 235 241 242
197 215 121 151 205 182 185 166 196 180 207 131 115 160 132 113 114 193 174 146 161 194 208 221 198 211 143 200 138 139 169 141 155 199 186 212 188 202 170 172 126 187 224 201 190 136 213 117 118 203 120 181 153 183 134 135 165 225 229 230 236 237 243 244
142 181 158 190 131 193 160 115 150 118 215 192 205 135 159 195 119 217 194 207 161 164 124 173 186 127 163 176 141 143 122 114 125 185 128 198 175 152 154 167 144 157 117 212 139 120 166 123 146 211 140 191 226 227 233 234 240 241
153 154 167 115 118 132 166 169 119 152 211 133 201 147 181 158 143 180 216 170 127 183 141 122 114 144 125 182 159 195 162 204 217 161 174 164 136 139 173 209 120 186 150 163 176 123 134 208 185 221 175 155 187 227 228 234 235 240 241
154 155 134 140 200 190 157 199 212 179 169 201 181 116 158 146 119 133 203 216 147 170 183 160 225 215 182 159 195 172 127 162 138 122 204 125 207 161 174 164 209 186 208 185 198 139 188 165 123 178 227 228 234 235 240 241
113 118 216 183 140 208 185 198 175 152 165 119 207 187 177 167 134 209 222 199 176 212 166 179 123 224 158 135 125 115 213 180 157 193 147 160 127 225 202 215 192 205 182 116 204 217 194 161 138 151 141 226 231 232 238 239 244 245
118 196 173 209 186 140 176 143 120 221 198 155 132 187 144 121 157 114 212 166 133 169 126 211 224 201 178 158 135 213 203 180 216 183 160 127 205 159 172 139 119 194 174 128 141 131 226 231 232 238 239 245
196 181 217 162 207 135 165 195 146 176 179 152 182 209 180 218 221 211 157 138 141 122 114 144 174 155 177 200 161 164 126 222 159 199 212 192 202 136 224 117 139 169 150 183 134 167 140 203 216 187 225 131 229 230 236 237 243 244
124 127 120 215 169 123 205 182 126 162 121 204 217 194 207 138 174 151 128 141 183 173 150 186 163 140 143 218 208 119 175 188 165 132 187 164 177 131 167 134 209 222 179 133 146 136 211 224 158 125 190 203 157 160 226 232 233 238 239 245
127 225 192 122 205 182 159 195 125 204 194 161 151 128 141 131 216 173 209 186 117 176 120 143 123 218 208 185 175 152 188 121 155 187 200 167 144 157 166 133 146 178 191 181 158 138 203 147 160 226 232 233 239 240 245
208 201 204 181 132 135 165 116 119 179 152 182 133 163 215 218 147 199 138 141 144 174 125 177 128 207 209 158 188 172 194 175 126 205 211 192 117 169 120 123 134 167 140 212 225 173 190 230 231 237 238 243 244
122 203 170 160 225 202 205 182 136 172 126 115 139 181 217 194 161 174 151 128 216 183 173 150 186 140 195 162 198 175 132 207 114 167 144 134 209 222 133 146 123 211 224 117 135 125 213 190 226 232 233 238 239 245
203 193 144 174 155 158 188 161 172 164 194 175 222 192 136 139 169 150 123 204 140 170 200 173 216 201 215 131 205 218 115 181 217 165 207 195 176 119 152 185 166 147 199 209 143 221 211 160 230 231 236 237 243 244
163 204 115 217 194 162 164 135 216 146 173 152 209 186 133 176 147 185 221 198 188 165 157 138 160 141 187 144 190 167 128 222 199 212 126 166 179 169 211 224 201 178 191 120 134 180 193 183 225 182 227 228 234 235 241 242
204 164 194 147 221 192 143 157 138 141 202 174 125 222 186 158 212 225 200 172 213 169 150 123 183 135 165 195 167 198 121 151 152 218 185 180 131 162 114 193 116 146 176 177 179 191 230 231 237 238 243 244
190 221 198 155 140 170 173 126 187 213 222 117 192 181 134 135 165 167 121 194 182 133 185 131 143 215 160 218 195 114 144 116 176 177 158 188 217 161 207 175 147 157 138 169 229 230 236 237 242 243
221 201 117 120 150 162 225 135 116 195 152 133 212 185 215 166 147 199 213 216 143 115 114 177 128 158 188 161 191 172 164 205 178 159 192 136 139 169 123 183 125 155 167 140 173 187 231 232 238 239 244 245
181 164 175 209 211 136 188 138 139 120 187 200 140 170 173 222 199 212 191 132 165 116 146 176 213 179 152 216 193 183 147 225 215 195 141 217 194 144 174 125 155 177 128 158 161 229 230 235 236 242 243
174 213 180 216 193 152 133 183 166 225 192 143 138 160 194 141 144 125 172 209 126 176 188 117 150 187 200 177 121 151 199 212 202 179 131 211 224 201 178 191 132 135 116 228 229 235 236 241 242
213 177 207 158 188 191 126 217 159 192 209 136 139 120 123 202 183 167 140 121 200 173 185 201 131 225 132 135 146 176 119 198 179 224 182 166 147 180 143 157 138 141 215 193 144 230 231 237 238 244 245
155 180 157 193 202 215 182 117 159 135 116 146 119 194 207 147 216 183 173 186 218 138 185 175 114 165 128 164 200 177 222 199 212 166 179 136 139 120 150 201 134 191 140 227 228 234 235 240 241
140 115 200 167 132 157 199 212 179 133 146 159 201 191 158 138 180 216 147 183 125 225 192 126 162 152 194 117 164 123 134 135 173 209 176 121 166 218 198 211 188 131 226 227 233 234 239 240
132 216 209 186 143 131 218 165 119 187 200 144 157 222 212 202 179 133 169 146 224 201 178 114 158 135 125 193 225 192 205 182 195 162 139 217 194 207 151 164 121 141 226 227 232 233 239 240
216 162 193 116 146 176 207 161 164 175 205 178 211 209 157 141 188 170 200 172 126 187 201 136 222 117 225 150 134 119 198 121 224 151 133 185 199 180 131 115 231 232 237 238 244 245
152 194 161 209 186 199 176 166 114 116 146 198 175 211 188 147 187 200 177 167 143 157 225 202 179 123 192 201 126 158 183 173 120 150 215 205 182 195 172 119 185 162 151 217 227 228 233 234 240 241
194 133 166 157 138 215 141 205 218 114 193 128 191 217 175 126 178 159 199 117 120 150 183 170 151 173 185 187 212 202 162 146 119 224 179 229 230 236 237 243 244
157 160 123 125 225 215 192 195 162 207 161 164 117 150 173 186 134 135 116 146 119 151 185 175 187 200 115 141 199 114 144 202 179 211 126 178 191 180 136 170 227 228 234 235 240 241
160 170 138 183 141 225 125 215 192 205 172 185 126 159 217 207 136 150 173 186 123 134 218 121 151 198 175 188 165 187 200 177 167 222 212 166 169 201 147 143 180 227 228 234 235 241 242
123 167 144 222 199 212 166 202 179 133 146 136 211 201 178 191 121 125 138 193 170 147 115 215 205 182 159 116 139 119 217 207 151 128 198 188 165 187 200 226 232 233 238 239 245
167 134 200 177 121 151 209 222 199 179 131 178 115 191 162 193 183 133 147 192 205 182 195 172 143 207 141 144 128 161 173 164 186 126 185 175 188 117 120 228 229 234 235 241 242
115 143 218 185 175 165 119 144 134 199 176 212 166 169 136 224 201 191 158 135 180 193 147 117 202 215 182 159 172 126 162 139 217 161 138 151 128 131 183 173 186 226 231 232 238 239 245
116 128 131 173 176 120 218 185 188 165 119 200 144 134 209 222 199 212 166 202 133 201 178 158 135 125 138 180 170 150 225 117 215 205 159 126 162 139 207 161 226 231 232 238 239 245
128 138 180 147 183 150 225 195 172 162 217 207 161 164 141 126 209 143 218 175 165 117 120 177 121 144 222 212 179 133 169 146 211 201 178 191 135 226 232 233 239 240 245
133 217 207 151 164 117 120 173 209 121 143 185 198 175 165 131 177 212 166 202 136 224 178 191 138 180 193 170 215 192 162 226 227 232 233 239 240
217 185 215 199 180 143 138 222 114 193 144 158 188 161 191 172 224 175 205 178 211 136 139 120 150 225 134 121 173 187 131 135 165 195 146 176 198 231 232 237 238 244 245
126 178 147 125 225 159 172 162 139 207 161 138 151 141 173 119 121 185 198 175 165 200 144 134 199 212 166 202 179 169 146 136 211 224 226 232 233 239 240 245
178 224 191 136 117 193 120 135 215 119 205 182 195 166 114 199 146 176 161 164 211 188 147 159 200 180 139 141 212 225 179 158 192 170 172 173 228 229 235 236 242 243
117 209 179 146 114 211 188 224 191 158 125 200 180 193 170 147 215 169 182 172 139 161 138 151 141 183 186 120 198 175 165 187 177 226 231 232 238 239 245
209 212 225 150 134 165 119 198 224 121 182 185 147 131 114 193 144 176 177 158 188 192 138 139 169 141 202 125 170 172 201 222 136 230 231 237 238 243 244
191 136 225 169 120 192 150 195 183 134 186 170 151 187 131 218 135 198 176 211 119 166 180 200 143 202 141 114 177 224 201 161 172 164 229 230 236 237 242 243
136 222 199 202 169 120 201 158 180 193 170 147 150 225 215 131 192 159 135 207 119 151 186 176 143 218 185 198 175 114 125 187 164 177 144 226 227 233 234 239 240
222 150 183 134 186 121 200 151 173 187 201 225 135 165 195 119 198 185 215 166 147 199 143 141 114 144 125 177 158 188 172 164 175 205 231 232 238 239 244 245
164 119 151 147 170 183 131 143 218 172 185 114 144 146 207 161 187 199 176 139 198 175 211 188 177 180 202 192 169 150 224 201 228 229 234 235 241 242
187 121 151 185 131 212 202 162 135 165 224 119 179 166 180 193 143 205 114 144 125 177 175 159 120 134 198 229 230 236 237 242 243
200 186 151 173 212 202 224 135 195 146 119 198 179 182 199 225 205 138 193 144 125 207 158 188 172 175 159 169 183 134 230 231 236 237 243 244
183 146 177 199 212 202 175 159 201 138 141 193 125 170 173 195 207 162 165 186 179 151 182 218 185 180 131 229 230 235 236 242 243
161 170 143 205 182 195 172 138 162 141 144 158 207 173 176 218 120 198 134 121 199 212 131 192 169 135 146 227 228 234 235 241 242
212 139 169 120 150 202 134 151 173 201 119 179 182 185 166 147 224 143 207 188 225 175 215 218 159 230 231 237 238 244 245
138 192 169 205 182 159 172 139 151 125 173 186 218 185 162 198 175 165 144 119 121 143 179 146 211 224 131 158 226 227 233 234 239 240
120 134 179 169 146 224 158 125 180 193 170 202 205 182 159 195 114 172 162 139 151 141 186 218 185 198 175 188 131 144 121 226 232 233 238 239 245
134 121 166 179 146 201 131 180 193 170 147 119 202 192 159 172 207 151 141 114 125 186 218 185 188 226 227 232 233 239 240
170 141 114 144 177 158 159 211 224 201 169 150 180 225 205 182 195 185 131 207 162 135 165 173 166 176 147 198 188 228 229 235 236 241 242
201 159 211 169 150 131 135 165 176 225 215 166 147 199 180 207 114 144 125 158 175 230 231 236 237 243 244
131 143 218 177 114 169 211 158 180 193 150 192 205 125 182 195 162 139 121 151 186 176 226 227 232 233 239 240
143 215 192 205 159 172 135 173 186 176 218 175 188 165 114 199 179 169 146 139 211 224 180 193 226 227 233 234 240 241
159 211 139 144 158 225 215 205 182 195 162 173 186 121 218 198 188 114 146 199 166 179 169 227 228 234 235 241 242
211 224 139 135 121 151 166 218 162 165 146 176 119 207 147 192 144 125 158 172 175 205 230 231 237 238 244 245
173 162 165 119 180 225 147 202 224 141 205 195 185 139 169 150 121 151 186 176 175 228 229 235 236 241 242
224 192 139 169 202 186 121 218 162 195 146 176 119 198 215 166 147 180 114 144 125 158 175 205 231 232 238 239 244 245
162 218 185 198 114 144 188 125 165 158 199 169 139 150 121 180 193 225 215 182 195 172 146 207 227 228 234 235 241 242
198 199 135 176 179 185 166 147 180 202 114 193 125 177 172 139 169 215 205 218 186 207 230 231 236 237 243 244
158 193 182 195 172 139 150 207 121 176 218 175 188 165 135 177 202 144 125 227 228 234 235 240 241
193 114 125 177 188 172 218 192 139 169 186 151 135 165 176 119 179 182 202 166 229 230 236 237 243 244
205 141 125 188 225 172 215 175 192 207 169 150 186 121 135 195 176 119 179 166 147 230 231 237 238 243 244
144 150 121 225 215 192 182 172 151 135 186 176 218 188 165 141 179 139 226 227 233 234 240 241
186 135 165 146 199 179 202 166 141 125 177 225 215 192 172 195 139 169 150 121 151 185 229 230 235 236 242 243
199 169 207 151 182 185 135 165 119 179 166 180 225 141 114 188 172 175 192 215 218 230 231 236 237 243 244
215 141 175 192 150 202 225 135 195 146 176 119 182 166 147 218 180 231 232 237 238 244 245
177 180 182 218 195 185 207 135 176 119 166 147 188 141 125 175 179 192 139 169 150 228 229 235 236 242 243
225 114 207 139 169 150 202 151 218 135 195 179 182 147 231 232 238 239 244 245
141 147 150 195 114 218 185 175 165 121 202 179 169 226 227 233 234 239 240
119 151 176 218 185 114 175 121 166 202 169 146 125 150 192 139 226 232 233 238 239 245
151 147 166 114 125 180 202 192 172 150 207 176 188 227 228 233 234 240 241
182 207 139 169 150 192 121 135 176 179 218 195 166 147 229 230 235 236 242 243
207 185 166 180 125 188 172 139 150 121 135 165 146 176 230 231 237 238 243 244
121 166 202 169 146 135 125 150 192 139 218 185 175 188 165 226 232 233 238 239 245
188 195 165 146 176 179 185 166 114 125 172 175 202 229 230 236 237 242 243
185 179 114 125 202 192 175 169 135 165 229 230 235 236 242 243
147 114 176 166 202 179 135 146 192 172 227 228 233 234 240 241
114 192 195 172 139 218 179 169 146 135 125 226 231 232 238 239 245
175 135 195 166 172 202 179 228 229 235 236 241 242
180 172 218 150 202 135 165 179 166 195 228 229 235 236 242 243
218 195 146 176 192 125 139 169 150 231 232 237 238 244 245
192 125 172 139 166 135 146 229 230 236 237 242 243
150 176 166 125 179 169 146 165 227 228 233 234 240 241
176 165 146 166 172 139 169 202 195 228 229 235 236 242 243
125 202 195 172 179 226 232 233 239 240 245
146 139 179 135 172 226 227 233 234 240 241
166 139 135 165 195 228 229 234 235 241 242
202 139 169 195 172 230 231 236 237 243 244
169 195 135 165 228 229 234 235 241 242
139 195 165 226 227 233 234 239 240
135 165 179 226 227 232 233 239 240
195 165 179 229 230 236 237 243 244
165 172 228 229 234 235 241 242
179 172 228 229 235 236 242 243
172 228 229 235 236 241 242
226
227
228
229
230
231
232
233
234
235
236
237
238
239
240
241
242
243
244
245
