#/usr/local/lib/python3.10/dist-packages/colab_kernel_launcher.py -f /root/.local/share/jupyter/runtime/kernel-6c0fbf18-c276-4b2d-9452-8819c27dba4d.json
# GMT Sat May 25 00:47:32 2024
# 
36 71 48 61 51 14 25 40 28 9 31 12 15 62 52 42 13 4 7 10 56 27 55 45 80 47 35 19 22 33 17 49 34 165 166 174 175
71 69 20 50 74 67 77 14 9 1 42 64 15 45 78 48 51 62 65 80 79 56 10 43 54 57 38 2 22 3 33 63 168 169 177 178
8 9 21 11 76 53 66 56 10 2 68 45 22 0 6 67 34 47 24 14 79 13 16 58 70 63 40 17 30 39 52 42 4 162 170 171 179
9 67 44 57 14 23 13 5 28 37 50 27 40 49 39 19 74 18 54 21 30 43 20 10 4 78 7 55 22 35 162 163 171 172
6 48 61 50 27 2 20 1 75 29 42 74 64 41 54 31 44 11 53 66 33 55 68 12 67 80 57 70 24 5 69 16 162 170 171 179
48 20 57 70 30 14 49 31 42 15 13 46 73 7 37 10 40 65 24 38 64 54 66 5 35 16 19 78 3 33 166 167 175 176
29 68 35 67 80 57 70 2 16 79 0 69 46 59 17 20 58 60 73 50 25 28 30 1 62 39 13 76 43 24 27 78 164 165 173 174
68 73 75 26 7 37 24 74 57 77 41 58 4 35 16 49 33 63 55 39 53 34 67 69 30 72 44 28 31 61 168 169 177 178
44 47 10 40 24 59 41 18 51 35 37 50 22 38 39 64 54 16 0 31 76 15 56 17 65 78 55 23 80 26 165 166 174 175
47 25 70 28 31 42 15 79 45 72 13 26 50 40 63 21 43 38 41 74 18 2 54 16 22 76 17 55 58 11 166 167 175 176
14 24 37 46 16 58 61 38 28 18 4 17 30 72 39 75 52 42 32 74 5 53 20 0 65 35 67 57 162 163 171 172
24 43 33 32 35 23 4 7 57 34 37 46 49 26 58 2 38 5 16 19 22 3 73 17 62 42 163 164 172 173
74 75 54 27 41 77 76 5 79 0 22 78 53 34 80 30 1 15 45 59 32 13 26 56 70 21 43 169 170 178 179
75 18 5 35 49 22 55 66 39 69 72 0 61 12 59 51 32 62 65 46 76 26 56 37 10 40 70 43 78 169 170 178 179
32 78 45 80 34 37 5 79 69 21 39 20 51 60 63 40 19 0 1 52 77 11 25 26 53 28 56 12 46 164 165 173 174
78 62 13 46 4 56 7 43 54 76 60 18 2 5 16 19 52 63 17 69 72 30 25 28 59 169 170 178 179
55 61 46 63 4 37 40 43 27 38 64 35 3 33 17 80 57 69 25 59 72 28 1 12 42 15 167 168 176 177
61 17 50 70 53 79 30 11 25 1 45 51 13 46 62 23 37 10 64 54 27 60 66 5 19 0 22 167 168 176 177
15 25 57 37 79 46 59 16 73 27 63 17 30 72 52 4 19 41 21 76 20 23 65 45 58 0 162 163 171 172
25 56 46 59 58 38 28 73 40 13 72 39 42 23 64 31 76 53 30 33 18 45 77 0 57 163 164 172 173
7 21 2 76 56 10 3 65 35 77 67 57 34 1 26 16 70 60 27 40 17 52 19 51 64 18 31 162 170 171 179
21 54 10 63 66 33 2 5 16 0 57 3 17 20 56 69 59 58 11 38 28 73 27 72 62 4 163 164 172 173
67 1 12 64 60 73 4 37 54 27 41 77 58 18 2 35 19 0 33 20 51 65 80 11 69 168 169 177 178
28 80 34 17 46 59 49 1 70 60 73 40 62 23 4 66 43 33 65 45 35 77 164 165 173 174
80 1 12 59 51 62 13 46 56 70 73 54 41 58 2 35 16 22 3 63 17 69 34 169 170 178 179
62 58 2 35 70 49 3 33 20 34 30 73 31 63 45 59 72 51 46 23 4 76 66 167 168 176 177
54 38 41 76 18 35 22 3 77 33 20 50 53 79 30 1 31 45 51 63 23 167 168 176 177
43 64 23 4 37 40 66 79 56 46 70 16 0 3 69 17 39 60 63 1 31 52 13 165 166 174 175
64 27 38 60 70 69 18 2 5 16 0 22 52 17 39 50 73 30 45 77 26 37 40 168 169 177 178
37 12 66 65 77 23 69 59 58 18 4 5 35 60 22 33 39 34 41 165 166 174 175
1 69 59 49 26 27 17 30 20 52 65 19 41 11 33 10 13 22 35 2 162 170 171 179
13 77 34 10 12 49 18 5 60 73 40 17 72 42 19 2 3 76 66 20 162 163 171 172
70 33 76 17 59 65 46 26 56 42 79 41 58 49 73 38 69 20 34 168 169 177 178
42 77 57 18 2 4 46 16 34 60 11 12 63 53 66 56 23 10 65 45 27 165 166 174 175
77 76 27 57 59 60 66 69 50 53 18 2 0 3 33 63 51 34 11 26 169 170 178 179
10 76 4 56 33 12 57 2 5 79 0 3 26 39 16 51 18 17 19 41 162 163 171 172
3 5 60 27 63 40 30 52 31 20 56 23 65 45 22 12 79 46 58 38 162 170 171 179
5 50 27 30 72 19 41 31 11 53 20 23 12 4 57 59 38 162 170 171 179
34 58 38 63 40 23 4 39 52 53 66 2 22 35 79 30 46 11 164 165 173 174
50 35 16 49 51 73 72 52 11 12 45 76 53 66 46 56 65 23 26 57 41 69 166 167 175 176
17 2 18 12 63 76 53 56 33 45 46 49 162 163 171 172
58 65 26 40 79 4 35 69 59 72 53 16 19 49 63 0 33 167 168 176 177
57 12 51 66 23 38 69 18 49 22 39 53 63 30 65 167 168 176 177
69 11 12 59 23 56 41 18 16 0 52 33 72 168 169 177 178
35 39 52 23 0 22 20 46 30 11 38 31 164 165 173 174
40 16 19 0 22 66 20 30 12 79 59 49 26 63 27 165 166 174 175
27 0 46 45 11 39 23 38 4 22 73 53 30 65 18 164 165 173 174
30 79 2 59 22 51 60 11 0 31 66 164 165 173 174
79 31 12 76 60 23 38 39 41 72 53 19 52 63 66 51 169 170 178 179
2 31 76 33 65 22 0 46 59 49 38 60 162 170 171 179
20 51 73 39 18 31 53 66 56 23 11 46 59 26 163 164 172 173
12 26 38 60 73 52 19 51 18 63 53 56 11 45 162 163 171 172
45 26 38 41 51 60 72 19 0 52 22 66 11 31 166 167 175 176
4 63 66 65 56 59 26 38 73 39 19 18 162 170 171 179
63 19 39 72 53 26 56 60 18 168 169 177 178
23 76 65 18 46 59 49 73 52 41 31 163 164 172 173
76 26 16 49 0 52 33 66 39 59 51 65 169 170 178 179
51 18 49 0 31 33 26 52 65 56 19 22 166 167 175 176
16 72 39 41 33 22 46 26 0 38 162 163 171 172
46 60 38 72 65 66 166 167 175 176
19 60 52 41 31 53 66 33 11 49 26 163 164 172 173
60 22 33 53 31 72 56 38 39 41 65 167 168 176 177
11 56 59 49 26 38 72 39 52 66 65 22 162 163 171 172
56 26 41 49 52 72 167 168 176 177
73 49 0 22 52 39 72 53 31 65 26 38 41 169 170 178 179
26 66 39 72 31 163 164 172 173
18 72 52 31 0 33 49 163 164 172 173
72 49 33 59 38 41 53 169 170 178 179
65 52 39 31 66 59 168 169 177 178
31 22 52 41 53 33 164 165 173 174
66 49 0 52 39 168 169 177 178
38 53 59 49 165 166 174 175
49 52 53 41 39 166 167 175 176
59 41 53 167 168 176 177
0 39 22 162 170 171 179
41 39 53 22 52 165 166 174 175
33 52 53 164 165 173 174
22 163 164 172 173
39 165 166 174 175
53 166 167 175 176
52 166 167 175 176
117 152 129 111 154 106 131 121 96 153 143 155 135 104 88 134 147 137 149 99 161 151 128 118 81 103 150 114 87 98 120 101 115 165 166 174 175
152 147 98 120 101 131 148 125 106 90 123 159 129 143 94 104 85 107 121 151 124 105 135 108 119 122 139 116 97 84 114 144 168 169 177 178
121 122 116 97 103 147 87 98 136 149 139 95 151 128 109 82 160 150 110 130 142 104 85 141 154 131 105 156 123 99 145 165 166 174 175
122 123 105 108 145 135 125 157 99 137 83 97 100 81 103 114 139 98 101 161 127 140 109 93 96 113 141 154 85 91 146 165 166 174 175
110 149 116 148 161 128 83 100 81 103 127 84 101 129 142 144 106 111 90 82 93 143 120 155 125 104 107 88 147 124 91 159 164 165 173 174
149 143 104 156 107 90 105 155 135 119 141 86 116 97 159 133 136 98 131 151 134 95 109 112 93 123 145 96 126 129 168 169 177 178
123 148 125 161 138 128 99 160 83 85 116 130 81 129 120 142 151 92 106 109 143 112 155 144 134 147 107 118 108 165 166 174 175
95 105 82 150 93 130 97 139 96 132 108 98 88 111 156 133 155 145 125 83 157 134 124 137 114 84 146 136 126 103 106 162 163 171 172
105 112 82 125 96 147 137 114 116 104 88 138 102 115 151 118 89 150 140 99 139 83 142 86 109 144 98 156 163 164 172 173
155 156 138 89 141 153 139 157 100 81 84 144 98 120 131 115 148 161 106 82 145 129 140 94 118 91 151 124 169 170 178 179
156 139 99 83 160 130 133 84 87 98 150 131 111 81 142 96 126 132 158 157 107 118 90 154 135 138 89 159 169 170 178 179
147 85 107 137 88 91 135 89 153 130 81 133 84 114 144 120 131 106 151 90 82 112 93 160 132 146 127 168 169 177 178
94 146 159 136 103 116 158 148 90 91 160 150 140 107 97 106 119 131 108 98 87 143 133 145 125 102 81 84 134 101 137 162 163 171 172
146 85 151 133 135 87 150 89 99 116 128 84 144 98 129 111 158 148 125 106 109 142 93 157 126 160 108 138 140 168 169 177 178
113 159 139 161 138 128 88 160 102 103 140 87 142 119 132 83 141 154 100 82 84 96 143 133 158 135 125 92 109 137 114 93 164 165 173 174
159 143 127 161 88 118 160 151 154 157 138 83 130 87 120 131 153 134 111 125 106 128 109 142 145 129 132 169 170 178 179
129 101 148 111 150 125 106 130 109 90 82 93 142 132 154 144 134 85 88 143 124 108 97 84 114 166 167 175 176
96 106 161 118 130 92 120 97 90 82 142 119 109 141 153 143 85 100 125 102 157 124 137 114 139 81 162 163 171 172
106 92 139 90 91 93 154 143 104 86 102 87 157 134 99 136 126 158 82 148 138 163 164 172 173
136 142 127 104 143 102 135 108 148 99 83 137 86 116 97 130 87 98 101 132 115 92 150 140 153 109 82 93 167 168 176 177
142 87 120 101 134 115 150 128 90 126 153 104 137 145 138 119 141 86 97 103 133 84 167 168 176 177
88 102 86 114 91 104 87 103 148 125 161 150 140 151 108 85 111 153 133 100 90 145 99 112 89 162 170 171 179
102 112 91 89 124 114 104 126 83 86 158 100 81 161 87 127 139 119 90 82 151 93 141 153 133 85 163 164 172 173
99 111 143 100 112 97 157 134 82 101 114 158 115 128 90 160 93 150 140 89 85 154 131 163 164 172 173
111 160 83 140 100 87 119 101 132 92 109 81 133 145 158 112 125 157 134 124 89 148 161 151 164 165 173 174
86 141 154 108 98 158 135 112 125 82 134 124 137 126 103 139 116 161 115 151 150 130 107 97 87 109 162 170 171 179
141 116 97 100 133 84 158 98 157 115 160 128 161 151 140 104 85 107 137 135 138 89 119 83 167 168 176 177
151 158 81 82 114 137 90 135 138 104 85 116 130 103 133 120 150 115 168 169 177 178
158 154 157 138 140 118 103 133 135 87 120 161 97 128 81 82 112 84 115 92 109 91 169 170 178 179
98 83 109 84 108 87 133 100 132 145 135 90 82 144 157 126 116 85 127 162 163 171 172
87 154 133 90 145 92 157 134 114 126 103 148 115 85 140 120 97 162 170 171 179
143 161 130 150 131 134 115 128 90 154 153 132 127 107 137 91 124 138 89 119 167 168 176 177
84 109 131 108 153 120 112 134 124 137 126 161 138 160 150 81 130 107 119 162 170 171 179
109 128 118 101 160 140 92 139 93 154 120 145 91 108 89 83 100 164 165 173 174
116 154 153 120 107 91 145 135 89 134 139 97 100 148 118 127 92 90 112 93 164 165 173 174
90 125 115 128 150 140 118 154 131 153 120 112 144 157 126 162 163 171 172
125 93 127 140 100 131 144 103 114 145 82 112 157 134 137 104 138 165 166 174 175
154 130 81 133 101 153 115 92 145 126 140 132 85 107 91 89 119 169 170 178 179
120 132 97 144 112 101 115 135 148 107 91 124 160 127 138 103 153 165 166 174 175
97 118 131 133 100 157 134 114 85 89 148 161 160 150 127 107 162 163 171 172
112 161 138 128 118 127 83 119 132 100 81 144 101 145 135 137 114 126 164 165 173 174
160 92 93 161 140 139 107 137 91 135 108 153 83 130 144 145 131 115 169 170 178 179
91 157 85 134 124 137 104 126 103 139 138 115 128 83 127 107 144 133 162 163 171 172
83 153 100 145 135 157 101 93 161 138 150 127 140 130 139 119 162 170 171 179
101 108 133 145 100 157 137 114 104 139 92 148 115 93 118 127 140 107 163 164 172 173
161 93 132 104 85 107 124 138 119 100 130 150 131 169 170 178 179
132 139 89 119 115 140 128 81 114 126 127 134 92 107 133 124 108 157 85 166 167 175 176
139 115 127 124 148 104 103 150 153 134 100 130 82 126 167 168 176 177
124 135 104 85 137 127 108 119 128 103 114 150 153 115 92 144 133 165 166 174 175
135 108 100 103 114 134 150 140 82 93 127 107 118 167 168 176 177
118 144 157 134 126 148 104 138 107 140 89 119 131 100 114 153 115 145 165 166 174 175
82 138 128 85 150 130 131 153 133 81 137 114 127 162 170 171 179
138 157 148 108 89 119 140 100 133 144 92 167 168 176 177
108 81 157 126 92 93 140 153 130 104 119 107 144 133 164 165 173 174
115 119 131 85 134 100 126 148 150 127 130 164 165 173 174
128 150 140 153 130 104 85 131 144 119 133 145 100 103 166 167 175 176
131 81 103 114 144 133 92 145 126 85 107 119 166 167 175 176
148 145 104 85 153 89 119 157 100 130 133 144 134 168 169 177 178
89 145 92 134 104 126 103 93 81 127 140 119 144 133 162 170 171 179
81 100 157 134 126 103 93 92 137 150 127 107 162 170 171 179
93 150 127 130 85 119 145 144 92 126 162 163 171 172
92 137 150 140 130 85 153 100 134 104 126 103 162 163 171 172
127 140 130 104 103 144 100 137 166 167 175 176
100 133 137 114 163 164 172 173
137 104 107 130 103 153 126 167 168 176 177
103 145 114 104 126 153 119 163 164 172 173
145 130 114 144 157 104 168 169 177 178
119 134 126 85 130 144 165 166 174 175
157 130 144 150 153 134 169 170 178 179
150 126 134 168 169 177 178
104 114 126 144 163 164 172 173
85 114 107 130 162 170 171 179
144 133 126 107 168 169 177 178
107 134 114 140 153 163 164 172 173
134 166 167 175 176
130 114 166 167 175 176
140 153 114 167 168 176 177
114 164 165 173 174
133 153 166 167 175 176
153 126 169 170 178 179
126 166 167 175 176
162
163
164
165
166
167
168
169
170
171
172
173
174
175
176
177
178
179
