#/usr/local/lib/python3.10/dist-packages/colab_kernel_launcher.py -f /root/.local/share/jupyter/runtime/kernel-ccf9b1d1-ce2b-4d6c-8d13-48aff858ef78.json
# GMT Mon May 27 10:15:37 2024
# 
15 21 30 39 14 9 1 12 34 20 38 24 33 23 10 2 5 13 36 8 22 11 0 26 35 80 81 85 86 90 91 95 96
21 7 32 27 36 10 26 35 2 30 5 13 16 8 11 0 25 14 29 24 33 6 20 4 81 82 86 87 91 92 96 97
26 30 18 39 10 13 24 16 38 8 19 33 11 14 3 6 9 20 23 36 4 31 35 82 83 87 88 92 93 97 98
30 7 9 10 2 5 24 36 35 19 11 14 6 39 34 0 38 20 33 12 37 32 82 83 87 88 92 93 97 98
18 35 14 3 16 0 1 25 29 24 28 37 23 17 10 2 12 13 32 7 27 36 22 31 81 82 86 87 91 92 96 97
39 17 28 9 20 12 23 4 5 34 7 37 27 22 24 16 8 11 1 31 33 25 83 84 88 89 93 94 98 99
35 7 10 29 32 5 24 27 0 11 3 33 6 38 28 9 1 20 4 34 83 84 88 89 93 94 98 99
7 12 16 2 5 29 24 33 10 19 9 3 6 1 27 36 13 31 4 8 80 84 85 89 90 94 95 99
0 5 23 9 37 32 27 13 31 8 3 12 2 11 20 29 24 1 19 28 80 84 85 89 90 94 95 99
5 8 12 16 25 6 4 34 29 38 2 33 19 37 14 32 9 13 80 84 85 89 90 94 95 99
11 14 23 9 37 32 4 27 36 13 31 17 12 3 6 25 1 24 80 81 85 86 90 91 95 96
14 33 19 3 23 6 9 1 12 4 22 17 25 2 34 8 29 38 80 81 85 86 90 91 95 96
23 22 3 6 34 29 38 24 1 28 37 12 9 10 2 4 31 19 81 82 86 87 91 92 96 97
33 38 3 25 6 28 31 29 13 24 16 27 8 19 34 22 83 84 88 89 93 94 98 99
38 6 36 28 17 9 31 4 37 10 32 24 16 27 8 19 22 83 84 88 89 93 94 98 99
3 6 10 19 28 2 4 32 27 22 31 17 16 25 1 29 80 84 85 89 90 94 95 99
6 34 28 37 13 27 36 22 2 8 17 16 25 80 84 85 89 90 94 95 99
22 28 32 2 27 13 19 8 31 25 9 1 20 34 29 24 81 82 86 87 91 92 96 97
28 34 17 37 20 4 10 36 2 31 24 13 16 19 8 82 83 87 88 92 93 97 98
12 10 25 34 29 24 19 8 32 36 31 1 17 16 4 80 81 85 86 90 91 95 96
29 36 25 17 9 1 20 4 2 37 13 27 19 82 83 87 88 92 93 97 98
36 13 37 16 27 8 25 17 1 20 31 4 34 83 84 88 89 93 94 98 99
34 17 9 20 31 4 10 37 32 24 16 27 83 84 88 89 93 94 98 99
32 24 8 19 1 20 31 25 17 9 10 4 27 83 84 88 89 93 94 98 99
9 25 20 10 1 37 27 2 17 80 81 85 86 90 91 95 96
25 10 4 24 19 27 13 16 8 20 82 83 87 88 92 93 97 98
10 17 16 4 24 19 37 2 13 80 81 85 86 90 91 95 96
19 1 27 31 2 13 20 37 81 82 86 87 91 92 96 97
17 2 20 24 37 16 8 27 1 4 81 82 86 87 91 92 96 97
16 37 2 31 13 8 20 1 81 82 86 87 91 92 96 97
27 31 8 20 4 82 83 87 88 92 93 97 98
2 13 31 8 20 24 80 84 85 89 90 94 95 99
13 31 8 1 24 37 80 81 85 86 90 91 95 96
31 37 1 20 82 83 87 88 92 93 97 98
8 20 37 80 81 85 86 90 91 95 96
24 1 82 83 87 88 92 93 97 98
37 1 20 4 83 84 88 89 93 94 98 99
20 4 81 82 86 87 91 92 96 97
4 1 80 84 85 89 90 94 95 99
1 80 84 85 89 90 94 95 99
55 61 70 54 65 46 49 41 74 60 69 78 73 63 72 58 42 45 67 48 62 71 57 66 75 80 81 85 86 90 91 95 96
61 58 72 76 50 66 75 70 45 53 56 48 59 40 79 65 74 69 78 64 46 49 60 44 81 82 86 87 91 92 96 97
47 57 66 52 56 42 45 79 65 74 60 69 78 64 73 59 40 63 49 43 46 58 76 44 48 80 84 85 89 90 94 95 99
57 79 50 65 60 78 64 45 77 53 63 56 48 51 43 54 58 76 62 71 49 70 44 81 82 86 87 91 92 96 97
66 70 58 50 64 69 78 48 40 51 68 77 72 43 46 49 41 52 67 44 71 75 82 83 87 88 92 93 97 98
70 49 50 69 44 45 64 76 56 71 48 51 54 79 74 40 41 73 77 72 65 82 83 87 88 92 93 97 98
58 48 43 56 46 79 41 65 60 78 68 63 49 50 42 45 53 67 62 71 81 82 86 87 91 92 96 97
40 45 49 77 76 44 71 48 75 52 42 65 74 60 69 78 46 73 50 59 68 80 84 85 89 90 94 95 99
45 43 76 62 48 75 79 41 51 46 69 42 64 73 59 68 54 49 80 84 85 89 90 94 95 99
48 42 67 76 53 71 75 52 46 74 78 73 44 59 68 54 80 81 85 86 90 91 95 96
51 63 49 42 77 72 67 53 62 71 52 56 43 79 60 69 41 64 73 59 68 80 81 85 86 90 91 95 96
63 62 54 43 46 79 74 69 78 64 60 52 42 72 67 44 76 71 75 59 81 82 86 87 91 92 96 97
50 76 62 43 65 49 41 74 60 69 64 73 59 68 77 54 42 72 53 80 81 85 86 90 91 95 96
76 78 53 64 75 56 67 59 62 65 46 71 60 52 44 74 83 84 88 89 93 94 98 99
73 78 43 77 65 46 68 41 52 44 75 53 64 56 59 79 74 83 84 88 89 93 94 98 99
78 65 46 71 60 52 77 69 56 67 59 62 43 54 83 84 88 89 93 94 98 99
42 72 71 75 43 52 56 79 65 74 46 64 59 54 44 41 80 84 85 89 90 94 95 99
72 62 54 53 75 79 59 71 43 65 68 74 49 52 77 44 67 83 84 88 89 93 94 98 99
43 46 64 59 68 77 49 44 62 71 41 79 60 80 84 85 89 90 94 95 99
46 68 77 54 44 62 75 52 79 60 41 80 84 85 89 90 94 95 99
54 64 59 77 49 41 52 62 75 56 53 79 74 60 80 81 85 86 90 91 95 96
64 75 60 52 65 74 69 53 56 77 62 82 83 87 88 92 93 97 98
52 74 60 69 59 68 77 49 53 56 44 80 81 85 86 90 91 95 96
65 69 68 49 67 71 53 56 41 60 79 82 83 87 88 92 93 97 98
49 79 60 69 68 44 67 71 56 80 81 85 86 90 91 95 96
62 67 53 56 59 71 75 79 41 74 69 81 82 86 87 91 92 96 97
69 75 68 41 44 77 53 67 59 82 83 87 88 92 93 97 98
59 41 75 44 53 74 77 81 82 86 87 91 92 96 97
68 79 74 77 60 44 75 53 56 67 82 83 87 88 92 93 97 98
77 56 41 71 60 74 44 67 83 84 88 89 93 94 98 99
79 44 74 67 53 41 71 83 84 88 89 93 94 98 99
56 67 71 75 53 41 44 81 82 86 87 91 92 96 97
71 74 67 41 75 82 83 87 88 92 93 97 98
67 53 75 41 60 74 44 82 83 87 88 92 93 97 98
74 41 53 83 84 88 89 93 94 98 99
75 53 60 44 83 84 88 89 93 94 98 99
53 41 60 80 81 85 86 90 91 95 96
60 41 81 82 86 87 91 92 96 97
44 80 84 85 89 90 94 95 99
41 80 84 85 89 90 94 95 99
80
81
82
83
84
85
86
87
88
89
90
91
92
93
94
95
96
97
98
99
