#/usr/local/lib/python3.10/dist-packages/colab_kernel_launcher.py -f /root/.local/share/jupyter/runtime/kernel-2119b688-3f38-4b5a-b3d6-e140ef2e0719.json
# GMT Fri May 24 09:46:46 2024
# 
29 32 68 35 57 70 47 2 37 5 16 19 0 69 3 59 6 49 17 20 58 38 51 11 60 73 14 63 25 28 9 1 72 39 75 52 42 13 74 64 41 54 31 4 26 7 53 66 10 56 33 24 27 78 55 160 161 166 167 171 172
32 78 68 45 58 35 57 70 23 37 4 69 21 22 59 24 72 6 39 20 71 48 61 38 18 30 2 73 14 63 16 19 0 3 62 75 52 74 64 41 77 54 44 11 25 76 26 66 43 9 10 56 33 46 161 162 166 167 171 172
8 9 51 64 31 44 21 11 76 66 20 33 10 23 78 68 22 12 3 77 6 67 57 34 47 24 37 46 13 49 26 16 71 48 1 25 38 15 28 18 70 60 73 50 27 63 40 30 72 62 52 42 4 19 7 160 164 165 170 171 175
9 44 57 34 11 47 24 14 79 56 46 5 68 0 71 48 25 38 15 6 70 60 50 27 17 72 49 62 39 52 19 1 74 51 18 54 21 63 76 53 66 20 33 10 65 78 7 45 22 35 12 77 160 164 165 170 171 175
0 5 70 37 73 50 27 40 17 7 72 62 39 52 19 74 51 64 54 31 63 76 30 66 43 20 10 23 75 65 78 55 45 22 35 2 77 57 11 47 24 14 79 56 69 46 26 3 71 61 38 15 160 164 165 169 170 175
5 27 40 30 7 62 75 52 19 74 64 41 77 54 31 44 1 11 66 20 56 10 13 55 68 58 12 25 4 67 57 34 70 47 24 79 69 46 59 36 49 26 16 6 71 48 61 38 2 51 28 18 160 164 165 170 171 175
6 48 15 51 18 73 50 63 40 2 30 7 20 62 3 65 19 74 77 31 44 76 53 43 56 33 10 46 23 78 22 58 35 12 25 57 34 70 47 37 14 79 4 69 59 36 49 26 39 71 160 164 165 170 171 175
48 36 58 17 20 67 57 30 11 14 59 25 72 47 49 28 1 31 12 15 71 61 13 60 73 63 53 23 7 37 75 10 65 21 38 74 41 64 77 54 18 76 66 79 56 19 22 78 55 68 162 163 167 168 172 173
11 14 7 79 56 10 69 46 59 36 13 26 16 58 71 61 15 28 70 37 73 50 4 40 17 72 75 52 42 51 41 18 31 21 76 66 43 20 1 33 23 65 45 35 12 77 44 57 160 165 166 170 171 175
14 24 37 79 1 69 46 12 49 26 16 58 61 15 18 50 4 27 63 17 10 62 39 52 42 19 74 64 41 77 54 44 53 43 20 56 3 65 78 55 45 22 35 25 67 57 34 47 160 165 166 170 171 175
68 59 62 13 65 73 75 25 26 56 7 37 10 40 74 54 27 77 38 41 58 79 18 2 4 35 78 19 49 22 3 33 55 66 17 39 50 67 72 44 47 28 1 31 61 12 42 15 45 163 164 168 169 174 175
21 64 7 54 31 10 63 76 53 43 33 65 55 35 2 77 19 44 57 34 3 47 24 17 20 79 69 46 59 36 49 26 58 71 61 38 28 70 15 37 73 27 30 13 72 39 75 52 42 74 160 161 165 166 171 172
64 43 24 54 67 57 60 58 69 18 16 19 71 22 52 3 63 55 36 17 39 50 53 73 34 75 44 47 28 31 61 12 74 42 15 45 77 59 51 46 66 78 56 7 37 10 40 163 164 168 169 173 174
40 77 54 2 44 35 16 76 53 22 66 3 33 56 17 20 78 45 58 30 67 57 70 25 28 1 31 12 15 69 46 13 71 61 23 4 26 7 50 63 24 27 72 38 62 75 52 18 161 162 167 168 172 173
77 70 12 42 76 27 57 60 13 74 58 35 79 52 24 55 78 38 39 69 72 53 67 18 2 47 19 49 1 31 3 63 45 75 17 51 62 34 46 44 56 28 164 165 169 170 174 175
41 42 27 38 39 44 76 53 18 43 56 2 35 16 78 55 22 3 45 33 58 36 20 67 57 70 30 69 59 49 28 1 31 15 71 51 60 63 23 72 4 26 62 75 37 52 10 65 161 162 167 168 172 173
42 67 44 57 47 18 79 69 4 46 35 59 16 49 19 3 33 36 17 71 61 20 50 25 28 62 75 1 31 12 15 74 13 54 63 53 66 43 56 37 10 65 24 45 27 38 161 162 167 168 172 173
33 38 70 23 4 73 26 7 10 24 72 27 62 39 52 74 54 44 16 19 53 66 43 22 56 17 20 65 78 55 35 67 34 47 37 28 1 79 69 46 59 36 49 13 161 162 166 167 171 172
38 17 20 54 34 53 66 30 25 28 65 78 31 55 45 15 13 44 47 79 23 26 49 37 10 58 27 70 60 73 50 63 18 72 35 16 39 75 19 22 3 161 162 166 167 172 173
25 34 15 79 69 46 59 36 58 71 61 28 10 12 24 60 37 73 50 27 39 23 4 74 51 31 22 3 63 20 76 53 30 66 43 65 18 2 45 35 1 44 57 160 161 166 167 171 172
34 28 12 60 73 50 63 72 23 4 62 39 75 26 7 10 24 74 27 54 76 53 66 16 65 78 19 55 22 45 3 35 20 67 57 70 47 37 79 69 46 59 36 49 161 162 166 167 171 172
44 47 10 12 27 69 46 49 58 71 61 18 51 4 35 7 37 19 50 63 22 36 20 72 75 74 30 2 16 31 53 17 13 78 67 23 57 70 161 162 167 168 172 173
47 12 15 79 45 69 59 72 49 13 46 61 51 4 26 7 60 73 10 50 43 27 62 75 52 35 16 22 53 66 36 17 39 78 55 58 30 67 162 163 167 168 172 173
2 50 17 30 7 72 62 39 75 52 74 54 31 63 76 53 66 43 20 56 23 65 78 45 22 35 12 67 24 37 69 59 36 13 49 26 16 58 28 18 1 60 73 160 164 165 169 170 175
50 35 71 49 22 3 36 17 60 39 73 20 63 72 62 75 30 28 74 1 54 15 76 13 53 66 78 55 23 4 26 37 43 24 57 70 79 69 18 162 163 167 168 173 174
3 15 60 73 63 30 72 1 62 39 75 52 19 74 51 54 31 76 53 43 20 56 10 23 65 55 22 12 67 4 46 59 13 49 26 16 71 61 160 164 165 169 170 175
15 57 70 24 37 79 69 46 59 36 49 26 16 71 61 51 28 13 60 73 63 17 30 62 75 52 19 7 54 31 53 20 56 23 45 22 58 160 161 165 166 170 171
24 74 54 31 1 12 66 13 65 78 55 45 35 23 4 67 10 57 79 46 59 58 71 61 51 28 16 19 22 60 73 27 17 30 72 75 52 160 161 165 166 171 172
13 65 78 55 45 22 35 57 10 12 79 69 46 59 36 26 16 58 71 28 18 7 60 73 27 30 72 39 74 51 31 1 43 20 56 23 160 165 166 170 171 175
65 78 58 23 4 7 37 10 55 36 39 72 53 71 35 16 19 73 49 1 31 63 51 75 46 30 67 26 28 12 76 43 66 45 79 27 60 163 164 168 169 174 175
78 62 46 23 4 26 56 79 43 73 54 76 27 74 18 16 19 49 22 52 63 55 39 69 20 72 67 30 28 1 61 59 164 165 169 170 174 175
74 54 27 57 60 71 72 58 18 35 79 16 19 63 55 36 17 39 51 67 1 61 45 62 46 23 4 26 37 10 70 43 163 164 169 170 174 175
16 70 60 37 73 17 30 62 75 52 19 1 51 18 54 31 63 43 20 23 4 7 10 22 35 57 56 59 36 49 26 28 160 161 165 166 170 171
70 1 31 45 76 17 59 51 26 56 28 10 12 43 54 27 57 60 58 71 35 7 37 19 49 52 73 55 66 39 69 20 53 67 75 163 164 169 170 174 175
36 61 51 30 60 63 28 1 31 12 72 62 75 54 4 26 7 76 10 66 43 56 27 55 45 67 57 19 79 22 69 46 59 49 20 161 162 166 167 172 173
55 61 73 63 23 4 26 37 10 62 43 54 27 67 76 66 79 56 35 19 52 17 20 51 57 60 69 59 72 31 12 45 162 163 168 169 173 174
61 17 67 39 20 53 79 30 28 71 1 31 12 45 59 51 73 46 72 75 23 26 56 7 10 43 54 27 57 60 76 18 35 22 163 164 168 169 173 174
7 76 66 43 20 56 10 23 45 22 12 67 57 37 69 1 59 49 58 71 28 60 73 4 30 62 39 75 52 51 54 160 164 165 170 171 175
59 67 1 31 12 45 79 69 51 71 26 56 37 60 43 57 72 62 75 58 35 19 49 22 52 76 39 53 162 163 168 169 173 174
18 30 72 75 52 51 31 76 53 66 1 43 20 56 23 17 45 22 37 10 12 69 46 49 58 71 28 60 4 73 27 160 161 165 166 170 171
30 79 69 4 49 19 71 17 20 51 60 63 62 28 75 52 12 31 76 53 66 56 23 45 58 27 35 57 37 161 162 166 167 171 172
17 71 28 60 73 62 39 75 52 19 54 31 1 12 76 53 23 45 22 35 57 10 37 79 69 46 49 26 160 161 165 166 170 171
71 39 69 20 28 1 31 45 51 46 23 56 37 10 43 54 57 60 58 35 49 72 22 52 75 63 163 164 169 170 174 175
58 62 46 26 56 28 76 12 66 43 79 27 57 23 4 22 52 54 69 72 20 53 60 19 63 45 162 163 168 169 173 174
54 43 27 76 66 56 35 19 49 22 52 67 57 20 53 12 73 63 46 72 62 75 4 26 162 163 167 168 173 174
10 31 76 4 23 45 35 67 57 69 46 49 26 39 51 60 27 63 72 52 160 165 166 170 171 175
31 67 37 69 46 49 39 19 60 73 63 72 62 75 1 12 76 43 45 23 4 161 162 166 167 171 172
62 67 35 19 22 39 28 1 63 12 45 51 75 46 23 4 26 56 37 76 43 27 57 60 163 164 168 169 173 174
12 67 37 79 46 26 60 73 27 72 39 75 52 19 51 53 66 43 56 23 1 160 165 166 170 171 175
43 23 4 26 76 79 46 67 57 35 19 22 69 72 49 20 60 73 28 63 1 53 161 162 167 168 172 173
35 60 73 63 72 75 52 4 53 56 22 67 37 69 46 28 51 1 161 162 166 167 172 173
60 49 67 20 53 76 66 79 28 69 72 23 4 56 37 39 63 75 163 164 168 169 173 174
37 28 1 53 66 56 45 67 23 79 27 49 19 22 20 39 52 51 161 162 166 167 172 173
1 67 57 79 69 49 26 73 27 63 52 19 76 53 66 56 46 23 160 164 165 169 170 175
67 45 46 73 4 26 56 72 57 39 19 49 22 63 66 20 51 53 69 163 164 168 169 174 175
28 57 20 79 69 46 73 52 23 4 51 27 76 53 66 45 19 160 161 166 167 171 172
57 51 76 56 27 79 69 49 22 39 53 63 75 162 163 168 169 173 174
39 51 73 63 53 75 20 26 76 66 79 56 46 23 4 69 72 49 161 162 166 167 172 173
73 19 22 52 76 66 72 45 79 51 23 4 26 56 27 75 163 164 169 170 174 175
69 45 51 23 56 76 27 22 52 66 20 72 163 164 168 169 174 175
27 66 20 56 45 72 23 4 51 26 22 63 53 75 52 160 161 166 167 171 172
51 72 49 63 53 26 75 52 76 79 56 23 4 22 162 163 167 168 173 174
79 45 75 76 46 4 26 72 53 19 49 22 52 66 20 164 165 169 170 174 175
20 63 75 52 76 66 45 46 49 26 160 161 165 166 171 172
45 23 4 46 26 49 19 75 52 76 53 66 162 163 167 168 172 173
23 76 53 66 56 46 4 63 52 160 161 165 166 171 172
76 4 19 22 63 66 72 53 75 46 164 165 169 170 174 175
53 4 26 63 52 66 56 46 72 162 163 167 168 173 174
4 66 22 46 72 49 52 19 160 164 165 169 170 175
63 19 22 52 66 26 56 163 164 168 169 173 174
46 26 72 75 52 66 162 163 167 168 172 173
56 66 26 19 49 22 162 163 168 169 173 174
22 75 52 66 19 49 160 161 165 166 171 172
66 26 75 19 49 163 164 168 169 174 175
49 72 75 52 19 162 163 167 168 172 173
72 19 26 52 163 164 169 170 174 175
19 75 26 160 161 165 166 170 171
26 52 160 161 166 167 171 172
75 52 164 165 169 170 174 175
52 162 163 167 168 173 174
97 138 151 105 82 118 108 96 83 153 152 142 119 155 132 109 122 91 131 94 144 98 111 101 89 81 92 95 156 146 123 100 136 113 93 158 135 112 148 125 115 84 157 87 124 137 90 114 127 117 159 149 126 139 116 160 161 165 166 170 171
138 142 130 131 112 145 114 126 154 144 157 94 124 106 136 108 90 120 146 122 123 137 109 93 158 148 103 85 150 87 102 132 104 134 149 88 118 152 119 100 151 141 110 96 140 127 153 99 129 143 83 113 95 125 162 163 168 169 173 174
116 151 128 141 118 131 110 91 94 105 130 143 108 81 111 92 152 109 132 145 112 93 144 121 134 124 103 84 106 87 156 133 90 146 101 136 104 107 88 158 125 98 82 85 115 117 99 159 102 83 149 126 100 114 161 162 166 167 172 173
151 119 149 100 133 154 147 157 110 91 94 124 127 108 89 81 141 122 144 95 125 128 109 139 112 142 93 145 126 103 136 87 90 120 150 101 104 134 88 140 121 153 85 115 148 129 152 132 83 113 143 86 163 164 169 170 174 175
109 112 148 157 147 114 150 127 117 99 159 80 149 83 139 86 129 100 128 141 118 91 140 94 130 143 105 120 108 89 81 152 95 142 119 155 132 154 144 134 124 103 156 133 146 123 90 136 101 107 158 160 161 166 167 171 172
112 158 135 148 93 147 150 127 103 117 87 101 102 152 129 86 88 100 128 141 118 131 98 110 82 153 143 80 81 111 83 95 142 155 132 144 121 157 134 91 105 156 106 133 108 123 90 136 92 107 161 162 166 167 171 172
80 85 140 117 107 84 120 152 119 132 122 99 89 154 144 98 111 143 156 133 110 146 123 100 90 103 155 145 158 135 148 125 102 115 92 157 147 124 137 114 91 104 81 159 136 93 106 83 96 105 141 118 95 160 164 165 169 170 175
85 140 153 83 130 107 87 152 155 132 122 99 89 154 144 121 157 111 101 81 91 133 146 113 90 103 93 145 148 102 92 105 147 137 150 127 117 94 149 126 139 129 106 119 96 128 141 118 82 131 98 160 164 165 170 171 175
120 121 157 134 82 115 96 99 156 133 102 123 136 119 100 145 158 114 148 110 147 91 137 94 150 105 89 81 111 159 95 149 126 93 141 131 140 153 130 143 101 104 88 152 142 155 132 122 154 98 144 161 162 167 168 172 173
121 122 104 88 154 118 157 134 124 156 133 98 123 136 82 99 158 135 102 148 113 86 100 147 137 150 127 159 110 91 126 139 94 105 108 89 111 92 141 93 153 130 143 84 142 87 155 117 132 90 161 162 167 168 172 173
91 94 159 89 136 126 139 93 129 96 128 141 118 95 108 150 140 82 153 130 107 110 83 152 142 119 155 132 154 131 111 101 143 133 146 113 103 145 158 135 148 125 92 157 147 114 160 165 166 170 171 175
94 104 117 81 126 92 139 129 106 96 93 128 131 108 140 84 143 87 110 152 142 119 88 99 144 157 124 101 82 156 133 146 100 136 113 103 86 158 135 125 102 115 147 137 150 127 160 165 166 170 171 175
148 139 131 142 93 153 126 103 155 106 136 87 89 90 123 104 154 137 157 118 156 159 98 82 115 96 158 99 129 102 132 86 146 119 100 150 147 110 127 108 92 122 144 95 128 163 164 168 169 174 175
101 144 87 134 143 156 133 146 123 113 145 158 135 98 125 115 82 96 99 147 114 83 127 86 159 136 149 128 105 141 118 89 150 92 140 95 117 153 130 107 110 93 132 122 154 84 160 161 165 166 171 172
144 123 104 134 147 137 88 140 149 152 82 96 129 113 135 100 130 133 153 114 110 145 124 105 127 108 81 141 92 154 122 95 128 139 131 156 126 146 103 106 136 87 90 163 164 168 169 173 174
157 92 123 107 137 140 93 103 84 115 117 102 132 104 135 86 158 88 118 100 130 152 98 110 82 96 99 129 81 111 113 143 125 155 128 131 114 145 126 105 106 89 90 164 165 169 170 174 175
122 147 127 98 82 149 84 126 115 139 96 129 102 113 86 128 141 100 114 150 140 153 130 110 108 155 132 111 93 143 156 133 146 123 103 106 87 117 89 145 135 104 125 107 118 161 162 167 168 172 173
102 108 140 143 133 110 84 155 87 90 154 88 134 111 124 156 146 123 136 126 103 82 96 158 99 125 115 86 100 147 137 114 150 117 107 139 152 106 119 89 81 92 128 95 160 161 165 166 171 172
108 137 86 117 100 159 149 126 139 129 128 118 89 81 95 140 130 143 110 93 152 142 155 132 103 84 106 154 87 134 111 124 104 107 146 123 136 113 145 82 115 96 160 161 166 167 171 172
104 154 134 81 124 92 95 156 133 146 123 136 93 113 145 158 135 125 115 103 105 87 137 114 150 127 159 139 106 82 118 96 99 83 140 130 143 110 152 142 119 155 132 160 161 165 166 171 172
93 145 125 115 137 114 89 117 159 126 139 106 128 141 118 95 84 98 87 150 153 143 86 110 88 152 142 119 155 131 82 111 124 81 146 100 136 103 160 165 166 170 171 175
145 103 84 150 87 132 135 86 88 118 119 152 115 96 127 99 153 129 81 111 83 113 143 128 130 131 142 114 110 124 105 106 136 89 141 123 146 125 159 107 139 163 164 168 169 174 175
158 142 126 103 84 87 117 159 90 150 123 134 156 137 118 98 82 115 96 99 129 132 83 113 143 135 149 130 147 124 127 89 81 111 92 125 155 128 139 131 164 165 169 170 174 175
154 134 137 88 118 140 98 82 156 159 96 99 129 132 83 113 86 146 119 149 100 130 131 114 147 110 124 105 89 81 141 92 125 139 142 84 106 136 87 117 90 163 164 169 170 174 175
96 150 140 117 153 107 152 155 99 89 81 92 95 131 134 111 156 133 100 113 103 84 87 135 115 88 147 114 149 139 82 129 106 128 105 86 118 160 161 165 166 170 171
150 81 111 141 83 113 95 156 128 142 126 105 106 136 89 90 92 107 137 159 103 84 115 117 99 129 153 86 88 119 149 100 133 147 110 82 124 163 164 169 170 174 175
128 114 137 110 149 124 139 105 152 127 89 92 95 125 141 131 126 153 133 103 106 87 142 155 90 123 107 88 98 156 146 159 136 115 99 83 162 163 167 168 172 173
87 82 143 133 146 100 90 83 135 115 147 114 127 149 126 81 139 129 105 141 118 95 140 130 107 84 110 152 155 99 89 98 134 111 160 164 165 170 171 175
139 147 124 105 127 89 92 125 159 149 131 126 141 103 84 106 153 143 123 134 107 137 88 118 142 155 98 115 99 129 132 156 86 100 114 162 163 168 169 173 174
98 110 83 152 142 119 155 132 131 134 111 124 156 146 81 123 136 113 95 103 135 125 115 147 137 114 127 117 90 159 92 126 88 105 82 140 130 143 160 161 165 166 170 171
110 159 82 126 84 83 131 140 130 143 142 119 132 81 95 111 156 133 146 113 105 106 89 135 125 107 115 88 147 127 117 161 162 166 167 171 172
140 132 113 86 100 130 131 133 156 114 159 124 105 127 89 81 111 95 125 126 149 152 106 136 117 141 90 123 134 137 118 153 143 155 82 163 164 168 169 173 174
134 123 107 88 118 156 82 135 115 129 132 83 86 147 119 100 133 114 149 124 105 89 81 111 92 125 131 153 143 126 152 155 103 84 106 117 162 163 167 168 173 174
86 141 118 95 130 107 143 100 152 142 99 89 111 88 124 156 133 146 123 136 113 90 126 103 135 115 105 137 114 127 117 84 149 129 106 119 160 164 165 170 171 175
141 147 100 130 133 114 159 149 124 105 89 111 95 125 131 153 143 152 142 155 103 84 136 90 107 137 88 118 82 115 129 132 83 163 164 168 169 173 174
90 111 156 84 146 123 100 136 113 103 135 125 115 92 147 137 114 127 117 82 159 126 129 106 119 118 95 153 130 107 81 142 155 160 165 166 170 171 175
111 147 137 127 107 117 88 149 126 119 99 153 130 143 100 152 142 155 105 89 92 124 95 156 133 146 136 135 125 84 161 162 166 167 171 172
142 82 115 99 132 83 113 159 119 100 130 133 114 124 105 89 92 125 152 131 155 126 103 106 136 117 146 107 137 118 163 164 168 169 173 174
105 127 159 136 149 106 118 89 92 117 152 129 84 131 83 88 143 100 156 133 146 123 113 155 135 125 115 124 160 161 166 167 171 172
127 89 95 159 125 129 126 131 103 84 106 117 153 130 143 107 88 118 155 132 82 156 83 133 113 146 100 114 135 147 162 163 167 168 172 173
92 147 124 137 114 117 159 149 129 106 84 118 88 130 107 152 82 119 132 143 123 100 136 113 103 125 89 81 115 160 165 166 170 171 175
135 153 143 103 84 106 117 155 123 107 88 118 147 156 82 146 136 115 132 83 119 100 130 133 114 137 124 149 152 89 95 125 162 163 168 169 173 174
131 88 118 119 100 130 114 82 149 124 152 129 81 83 95 153 143 133 106 155 132 147 146 159 103 84 115 117 99 162 163 167 168 173 174
123 124 103 106 156 146 159 136 88 118 125 147 137 115 83 113 149 119 129 100 114 153 143 89 81 133 95 155 161 162 167 168 172 173
117 133 146 147 103 137 106 89 159 149 126 88 129 82 84 115 153 130 99 83 113 119 155 114 161 162 166 167 172 173
81 147 137 114 84 149 129 106 83 119 95 130 107 143 100 152 155 124 156 133 146 113 126 103 125 82 160 164 165 169 170 175
147 125 153 103 84 136 152 107 137 88 119 115 99 129 83 113 146 100 130 133 159 124 163 164 168 169 174 175
89 124 159 136 149 126 103 83 118 95 130 152 119 99 156 113 155 125 115 160 164 165 170 171 175
124 107 149 88 129 99 153 130 143 83 113 119 152 155 132 114 82 133 146 95 103 161 162 167 168 172 173
137 95 156 126 103 84 136 107 88 118 149 82 99 129 132 83 100 130 153 133 143 114 155 162 163 168 169 173 174
153 115 129 132 83 113 143 156 146 119 130 152 133 114 95 159 103 106 136 107 88 118 155 82 163 164 169 170 174 175
118 114 156 133 136 125 159 126 84 106 129 107 88 152 119 132 99 83 161 162 166 167 172 173
119 130 143 99 133 83 113 95 155 100 106 156 146 136 126 107 125 103 149 129 88 161 162 166 167 172 173
82 152 155 132 143 156 133 136 125 115 84 159 149 126 106 83 95 160 164 165 169 170 175
83 107 143 152 155 132 99 133 100 136 113 125 84 159 149 126 129 106 160 164 165 169 170 175
115 152 155 132 103 106 107 88 133 146 125 99 113 159 149 129 95 161 162 166 167 172 173
130 99 129 113 100 114 155 132 125 156 133 146 126 136 84 107 159 149 162 163 167 168 173 174
95 114 149 129 143 152 155 132 84 99 88 156 133 146 136 113 103 160 161 165 166 170 171
149 125 155 126 106 136 156 107 159 88 99 129 132 113 143 133 163 164 168 169 174 175
159 125 155 126 84 106 136 107 88 152 99 129 132 146 100 114 164 165 169 170 174 175
100 107 88 132 99 156 136 113 103 125 114 129 106 160 161 165 166 171 172
84 143 146 155 125 114 136 126 103 106 107 152 129 132 99 88 160 164 165 169 170 175
143 99 129 152 114 156 146 103 106 107 88 163 164 168 169 173 174
103 156 133 88 126 129 106 99 160 161 165 166 171 172
156 106 136 88 99 132 113 146 114 125 126 164 165 169 170 174 175
107 99 146 136 113 126 114 152 129 106 88 155 132 160 161 166 167 171 172
88 133 146 113 125 126 106 152 132 160 164 165 170 171 175
133 155 99 129 114 146 126 152 162 163 167 168 173 174
114 155 132 146 99 125 113 129 161 162 166 167 171 172
125 126 106 152 99 155 132 113 162 163 167 168 172 173
126 152 132 99 113 146 136 162 163 167 168 172 173
136 146 99 129 113 162 163 168 169 173 174
106 146 129 152 155 160 161 166 167 171 172
152 99 113 132 163 164 169 170 174 175
146 99 132 113 163 164 168 169 174 175
129 155 99 113 162 163 167 168 172 173
99 132 113 160 161 165 166 170 171
113 155 132 161 162 166 167 171 172
132 162 163 167 168 173 174
155 164 165 169 170 174 175
160
161
162
163
164
165
166
167
168
169
170
171
172
173
174
175
