#/usr/local/lib/python3.10/dist-packages/colab_kernel_launcher.py -f /root/.local/share/jupyter/runtime/kernel-ccf9b1d1-ce2b-4d6c-8d13-48aff858ef78.json
# GMT Mon May 27 11:40:13 2024
# 
7 17 12 30 16 2 5 53 39 25 34 43 52 20 38 15 33 37 0 14 23 9 3 6 51 1 32 41 50 18 27 36 45 13 31 49 8 110 114 115 119 120 124 125 129
17 53 39 48 25 34 43 52 20 29 38 47 24 5 19 28 37 23 0 11 3 14 46 32 41 50 36 54 45 40 49 26 30 12 4 15 110 111 115 116 120 121 125 126
36 53 10 48 2 43 47 42 5 51 24 35 37 16 27 30 0 22 3 33 46 25 41 6 45 40 28 49 39 20 31 23 15 34 18 112 113 117 118 122 123 127 128
53 47 48 1 20 50 12 23 51 42 4 26 15 34 45 10 29 2 21 22 32 24 13 46 19 49 11 39 52 14 3 33 44 25 113 114 118 119 123 124 128 129
47 33 44 25 52 6 51 28 3 1 12 4 26 15 45 18 10 50 29 2 54 49 32 5 35 16 27 8 19 30 38 11 41 14 113 114 118 119 123 124 128 129
18 26 44 21 16 6 39 48 11 25 34 43 52 20 29 38 24 33 19 28 15 9 10 2 51 4 46 13 32 41 45 22 31 40 110 111 115 116 120 121 125 126
26 2 21 24 13 16 48 34 43 52 29 38 19 8 33 42 51 11 28 22 32 14 25 6 9 41 50 23 27 45 40 15 35 111 112 116 117 121 122 126 127
15 39 3 16 1 48 12 52 29 38 24 33 19 28 37 23 2 5 13 46 41 50 8 22 31 40 49 0 35 44 110 111 115 116 120 121 125 126
39 28 9 48 10 20 52 12 42 32 5 37 29 21 35 13 24 50 16 45 40 49 19 30 8 44 0 11 1 3 25 112 113 117 118 122 123 127 128
29 32 45 31 6 40 44 28 30 9 1 4 34 52 38 2 21 42 37 5 13 24 27 19 8 0 11 22 46 14 111 112 116 117 121 122 126 127
32 2 21 22 41 50 14 13 24 54 40 16 35 19 11 20 3 28 34 43 52 9 38 42 51 12 46 4 27 111 112 116 117 121 122 126 127
44 51 10 40 12 4 5 24 35 13 27 19 8 2 21 45 54 22 41 49 14 33 16 6 28 38 11 31 23 25 52 113 114 118 119 123 124 128 129
0 5 14 23 9 51 46 50 27 54 4 13 22 31 8 3 21 16 2 49 30 48 34 43 38 33 42 1 10 19 28 110 114 115 119 120 124 125 129
5 46 3 41 50 27 54 31 49 35 21 16 25 1 11 6 4 48 34 43 20 2 24 42 19 37 23 9 110 114 115 119 120 124 125 129
48 54 6 49 31 20 42 4 37 10 40 51 24 35 13 16 27 8 19 30 38 11 22 41 3 33 50 25 113 114 118 119 123 124 128 129
54 2 21 43 13 16 27 19 30 8 38 49 11 22 52 3 33 25 28 9 1 31 20 50 23 42 4 34 45 37 113 114 118 119 123 124 128 129
21 37 46 50 27 45 22 49 10 2 30 13 16 19 8 11 25 34 43 52 14 3 38 33 23 20 51 110 111 115 116 120 121 125 126
37 22 3 14 33 16 6 11 31 20 12 43 25 38 34 9 10 2 13 24 51 46 27 41 50 30 19 112 113 117 118 122 123 127 128
11 14 23 9 51 2 46 41 4 27 45 31 49 12 3 6 43 20 1 33 42 19 28 110 111 115 116 120 121 125 126
14 51 19 3 23 6 9 46 12 41 50 4 45 22 31 40 49 35 30 16 13 34 43 52 20 110 111 115 116 120 121 125 126
40 50 10 49 13 24 35 16 27 19 8 30 22 3 43 52 25 6 51 9 1 20 31 12 34 46 112 113 117 118 122 123 127 128
50 24 13 35 16 52 46 19 8 49 38 22 3 6 28 9 20 12 4 45 34 113 114 118 119 123 124 128 129
46 22 24 16 8 30 1 49 41 3 9 31 20 23 12 42 4 45 34 27 10 2 113 114 118 119 123 124 128 129
6 43 52 38 10 19 28 9 13 4 41 45 31 49 2 8 35 12 30 16 25 20 1 110 114 115 119 120 124 125 129
23 22 25 34 52 38 24 33 42 1 20 9 10 2 41 27 4 45 31 13 35 30 8 111 112 116 117 121 122 126 127
10 27 22 31 49 3 12 30 9 1 4 34 43 20 38 24 33 42 51 19 28 8 41 110 114 115 119 120 124 125 129
27 13 16 41 45 31 8 35 3 9 20 34 52 12 38 4 33 51 28 111 112 116 117 121 122 126 127
33 38 3 42 25 28 1 31 20 12 51 4 45 49 35 2 19 34 43 22 112 113 117 118 122 123 127 128
38 25 9 1 51 41 4 45 49 2 24 35 52 8 30 22 3 112 113 117 118 122 123 127 128
41 51 24 35 16 30 8 22 3 25 9 1 12 4 34 43 52 112 113 117 118 122 123 127 128
51 8 1 31 34 28 9 52 12 42 43 35 24 30 19 2 22 113 114 118 119 123 124 128 129
25 34 43 42 28 9 12 4 24 22 35 3 13 16 8 1 30 111 112 116 117 121 122 126 127
34 28 9 1 12 43 42 24 16 8 19 45 3 112 113 117 118 122 123 127 128
2 13 22 31 35 3 12 30 16 43 52 24 9 4 1 110 114 115 119 120 124 125 129
43 28 9 1 31 12 42 24 35 13 16 19 8 30 22 112 113 117 118 122 123 127 128
3 24 4 49 8 35 12 30 1 20 110 114 115 119 120 124 125 129
22 28 16 8 45 31 35 1 4 52 42 111 112 116 117 121 122 126 127
28 52 42 1 20 12 45 31 49 35 13 16 19 8 111 112 116 117 121 122 126 127
24 45 49 9 35 20 30 4 52 13 42 111 112 116 117 121 122 126 127
16 45 31 49 13 30 52 20 42 110 111 115 116 120 121 125 126
12 52 20 42 8 9 13 31 1 35 30 110 111 115 116 120 121 125 126
30 9 4 45 31 49 8 1 20 42 111 112 116 117 121 122 126 127
9 49 20 1 4 45 13 35 110 114 115 119 120 124 125 129
49 4 35 13 19 1 31 52 42 113 114 118 119 123 124 128 129
45 35 13 19 8 52 20 42 4 113 114 118 119 123 124 128 129
52 1 31 42 4 35 19 113 114 118 119 123 124 128 129
31 13 42 19 8 20 35 111 112 116 117 121 122 126 127
42 1 20 4 35 13 19 8 112 113 117 118 122 123 127 128
19 1 35 20 8 110 111 115 116 120 121 125 126
13 8 1 20 4 110 111 115 116 120 121 125 126
1 4 20 110 114 115 119 120 124 125 129
20 8 110 111 115 116 120 121 125 126
35 8 4 112 113 117 118 122 123 127 128
4 110 114 115 119 120 124 125 129
8 110 114 115 119 120 124 125 129
70 76 85 94 58 69 80 67 89 98 59 75 84 102 79 88 97 62 83 92 78 87 65 57 68 96 91 100 109 63 77 86 104 55 66 72 99 110 111 115 116 120 121 125 126
76 92 101 96 105 82 91 100 77 86 95 104 81 90 68 71 74 55 108 80 89 69 58 84 93 102 88 97 61 83 78 64 56 75 67 59 110 111 115 116 120 121 125 126
62 72 81 90 67 85 71 60 99 108 94 103 80 89 98 107 75 102 79 88 97 65 74 69 64 58 106 101 105 73 91 109 86 95 59 63 110 114 115 119 120 124 125 129
72 99 108 103 80 89 57 84 102 79 88 97 60 83 92 78 63 55 106 58 69 101 87 96 105 82 100 109 104 81 90 85 64 56 67 110 111 115 116 120 121 125 126
85 81 73 64 65 84 101 60 96 105 68 79 100 109 71 104 99 74 63 66 77 58 69 61 108 83 94 55 107 56 75 97 78 80 111 112 116 117 121 122 126 127
81 73 65 57 79 108 71 103 89 98 93 63 88 97 106 66 55 83 92 87 69 58 61 56 96 105 78 67 82 91 100 59 90 111 112 116 117 121 122 126 127
73 90 99 63 58 61 108 94 103 66 55 56 80 89 98 107 75 84 102 79 97 74 83 92 65 59 60 87 82 91 100 86 95 104 110 111 115 116 120 121 125 126
94 64 103 65 98 75 107 102 67 78 97 106 60 101 92 84 57 77 90 68 79 71 100 91 95 74 99 108 93 66 55 69 88 112 113 117 118 122 123 127 128
90 65 101 105 91 100 109 87 95 104 60 68 71 82 74 69 58 88 108 80 61 98 93 102 83 64 56 86 78 67 59 112 113 117 118 122 123 127 128
99 102 106 65 95 67 97 59 87 98 60 79 68 92 82 63 101 105 57 100 109 104 58 88 91 83 93 55 108 103 89 113 114 118 119 123 124 128 129
63 64 57 60 87 96 105 91 77 86 95 67 55 66 58 61 108 56 89 98 107 75 84 93 102 88 74 83 69 78 110 114 115 119 120 124 125 129
64 104 55 108 58 80 107 84 93 102 79 61 65 83 59 97 106 101 96 105 82 91 109 68 77 86 95 57 67 60 110 114 115 119 120 124 125 129
92 58 88 71 61 66 56 86 75 108 107 93 102 89 97 84 57 59 87 60 79 106 101 82 96 105 74 100 109 95 112 113 117 118 122 123 127 128
84 105 109 80 86 61 95 104 75 78 108 103 98 107 65 57 97 106 60 68 79 71 74 66 55 101 58 69 111 112 116 117 121 122 126 127
105 57 98 87 60 79 71 107 82 101 104 93 106 66 96 69 58 80 91 75 86 67 109 97 89 103 113 114 118 119 123 124 128 129
61 103 89 98 93 102 79 88 97 106 74 101 69 87 68 59 96 100 109 86 95 104 57 80 66 75 56 108 110 114 115 119 120 124 125 129
103 91 102 104 83 108 56 75 86 67 78 97 59 89 65 95 57 98 79 82 74 93 66 77 69 58 88 80 113 114 118 119 123 124 128 129
55 69 78 101 87 96 82 100 109 59 68 77 86 71 57 80 89 98 107 66 93 79 56 65 74 83 110 114 115 119 120 124 125 129
69 79 88 97 106 58 78 56 101 67 96 59 82 109 77 95 80 57 60 89 98 107 102 110 111 115 116 120 121 125 126
101 77 60 68 79 74 93 56 109 96 58 88 80 83 75 86 67 98 100 89 102 106 65 113 114 118 119 123 124 128 129
66 78 65 106 59 60 82 91 100 109 68 77 95 104 67 71 58 80 98 107 93 102 88 97 74 110 111 115 116 120 121 125 126
78 77 58 108 89 98 107 93 102 88 97 56 75 67 106 57 87 82 59 60 95 104 68 71 111 112 116 117 121 122 126 127
96 97 106 87 79 68 71 74 77 100 88 109 104 80 91 56 75 86 67 59 89 107 102 65 112 113 117 118 122 123 127 128
97 88 83 108 107 102 67 89 65 95 57 106 59 68 82 104 74 77 112 113 117 118 122 123 127 128
106 109 71 108 93 104 56 75 86 80 100 83 65 95 67 59 60 79 74 57 77 113 114 118 119 123 124 128 129
80 89 98 107 93 88 60 79 87 82 57 91 100 109 95 58 68 71 108 111 112 116 117 121 122 126 127
89 56 75 86 67 59 108 98 107 93 65 87 60 68 82 91 100 109 112 113 117 118 122 123 127 128
57 87 82 68 86 95 58 71 108 98 107 93 102 79 88 74 83 59 56 110 114 115 119 120 124 125 129
87 91 68 79 100 109 95 71 74 56 75 86 58 83 98 107 65 93 88 60 82 111 112 116 117 121 122 126 127
102 107 91 56 75 67 100 65 109 104 79 68 71 82 74 93 77 113 114 118 119 123 124 128 129
65 100 109 77 86 95 104 58 71 56 98 75 93 74 83 68 60 110 114 115 119 120 124 125 129
100 98 60 71 82 108 74 58 88 91 83 56 75 67 59 104 113 114 118 119 123 124 128 129
98 91 83 109 104 75 108 95 107 82 93 77 58 88 112 113 117 118 122 123 127 128
109 95 60 71 82 77 107 58 91 83 75 86 67 59 113 114 118 119 123 124 128 129
58 79 60 91 68 86 104 67 56 107 93 110 114 115 119 120 124 125 129
107 91 83 56 67 59 95 68 82 74 93 108 77 88 113 114 118 119 123 124 128 129
77 83 82 60 68 71 74 91 95 104 108 56 75 67 59 93 88 111 112 116 117 121 122 126 127
83 108 93 88 75 59 91 86 95 104 68 71 82 74 111 112 116 117 121 122 126 127
79 82 91 86 95 75 59 108 93 60 68 71 74 111 112 116 117 121 122 126 127
88 56 86 67 91 95 60 68 71 82 74 112 113 117 118 122 123 127 128
67 108 75 93 68 86 95 104 56 71 110 111 115 116 120 121 125 126
91 93 60 71 82 74 104 75 86 59 112 113 117 118 122 123 127 128
108 86 75 59 95 60 68 104 93 113 114 118 119 123 124 128 129
104 95 59 60 68 71 82 74 56 86 113 114 118 119 123 124 128 129
95 93 56 75 86 59 112 113 117 118 122 123 127 128
86 68 71 82 56 75 59 111 112 116 117 121 122 126 127
82 60 68 74 75 93 111 112 116 117 121 122 126 127
93 56 68 71 112 113 117 118 122 123 127 128
71 60 68 75 74 56 59 110 111 115 116 120 121 125 126
60 56 59 75 74 110 114 115 119 120 124 125 129
68 56 74 110 111 115 116 120 121 125 126
75 59 74 110 111 115 116 120 121 125 126
56 74 59 110 114 115 119 120 124 125 129
74 59 110 111 115 116 120 121 125 126
59 110 114 115 119 120 124 125 129
110
111
112
113
114
115
116
117
118
119
120
121
122
123
124
125
126
127
128
129
