#/usr/local/lib/python3.10/dist-packages/colab_kernel_launcher.py -f /root/.local/share/jupyter/runtime/kernel-ccf9b1d1-ce2b-4d6c-8d13-48aff858ef78.json
# GMT Mon May 27 10:42:48 2024
# 
15 21 3 16 25 6 9 1 12 4 20 29 24 33 7 28 23 2 5 13 27 8 31 0 11 17 26 72 73 76 77 80 81 84 85 88 89
21 18 7 32 27 22 26 2 5 13 8 0 11 25 34 3 14 29 24 28 23 17 1 20 12 4 73 74 77 78 81 82 85 86 89 90
7 17 26 12 30 11 2 25 34 24 33 10 19 28 0 14 23 9 6 1 32 18 13 22 31 72 75 76 79 80 83 84 87 88 91
17 10 25 34 2 20 24 19 5 13 23 16 0 11 14 3 18 6 22 26 35 30 1 12 72 73 76 77 80 81 84 85 88 89
26 30 18 10 13 24 34 29 19 33 11 0 22 32 3 9 1 20 12 23 27 4 31 73 74 77 78 81 82 85 86 89 90
30 18 29 2 4 24 13 31 27 35 19 8 11 6 28 34 0 1 20 33 23 12 32 25 74 75 78 79 82 83 86 87 90 91
18 35 16 6 0 11 1 34 20 29 24 33 28 23 9 2 4 5 32 27 22 31 73 74 77 78 81 82 85 86 89 90
35 10 29 5 24 13 27 8 11 0 22 14 3 33 6 28 9 1 20 31 23 12 4 34 74 75 78 79 82 83 86 87 90 91
11 14 23 9 10 2 32 4 27 13 31 12 8 16 3 25 20 29 19 72 73 76 77 80 81 84 85 88 89
14 0 24 33 19 28 3 23 32 9 1 12 4 27 16 2 5 13 34 8 20 29 72 73 76 77 80 81 84 85 88 89
0 32 27 13 22 31 8 3 12 25 34 29 6 33 1 10 19 28 72 75 76 79 80 83 84 87 88 91
23 22 6 25 34 33 28 9 10 2 32 27 31 13 16 19 8 73 74 77 78 81 82 85 86 89 90
10 27 22 31 3 12 6 16 25 9 1 34 20 24 33 19 28 2 32 8 72 73 76 77 80 81 84 85 88 89
27 2 22 5 24 16 31 19 3 25 9 1 20 29 33 28 74 75 78 79 82 83 86 87 90 91
2 32 13 31 8 16 25 34 20 29 6 24 33 28 9 4 72 75 76 79 80 83 84 87 88 91
32 22 24 13 16 19 8 20 31 25 28 34 9 12 4 5 74 75 78 79 82 83 86 87 90 91
25 34 29 33 9 12 5 24 31 22 3 13 16 6 1 73 74 77 78 81 82 85 86 89 90
34 9 1 20 12 4 29 5 13 16 8 19 22 74 75 78 79 82 83 86 87 90 91
3 6 24 33 19 28 5 9 4 13 22 31 8 16 1 29 72 75 76 79 80 83 84 87 88 91
6 29 24 33 19 28 9 4 5 22 31 8 16 20 1 72 75 76 79 80 83 84 87 88 91
22 28 5 13 16 8 19 20 12 4 29 33 73 74 77 78 81 82 85 86 89 90
28 29 33 9 1 20 12 4 5 8 19 74 75 78 79 82 83 86 87 90 91
24 31 9 20 12 4 5 13 33 16 8 73 74 77 78 81 82 85 86 89 90
33 9 31 4 29 5 13 16 19 74 75 78 79 82 83 86 87 90 91
16 5 8 20 29 19 9 1 12 4 72 73 76 77 80 81 84 85 88 89
12 5 29 19 8 9 31 1 4 72 73 76 77 80 81 84 85 88 89
31 29 5 13 19 8 9 4 74 75 78 79 82 83 86 87 90 91
29 20 4 5 8 19 74 75 78 79 82 83 86 87 90 91
19 9 1 4 5 13 73 74 77 78 81 82 85 86 89 90
13 8 1 20 9 5 72 73 76 77 80 81 84 85 88 89
5 8 1 4 20 72 75 76 79 80 83 84 87 88 91
8 1 20 4 72 75 76 79 80 83 84 87 88 91
9 20 1 72 73 76 77 80 81 84 85 88 89
20 4 1 73 74 77 78 81 82 85 86 89 90
4 1 72 75 76 79 80 83 84 87 88 91
1 72 75 76 79 80 83 84 87 88 91
51 57 66 50 61 45 37 70 40 56 69 55 43 64 59 68 54 41 49 44 58 67 47 36 53 62 71 72 73 76 77 80 81 84 85 88 89
57 54 43 68 63 58 67 62 71 41 49 52 44 55 36 47 61 69 42 64 59 53 45 56 48 40 73 74 77 78 81 82 85 86 89 90
43 53 71 52 47 38 41 61 56 65 60 69 46 55 59 45 39 37 68 54 63 49 67 40 44 72 75 76 79 80 83 84 87 88 91
53 56 60 69 55 41 49 59 52 44 36 47 39 50 68 42 58 67 62 71 45 66 48 40 72 73 76 77 80 81 84 85 88 89
62 66 54 38 41 60 49 52 70 69 36 47 58 68 50 39 61 42 45 37 56 59 63 71 73 74 77 78 81 82 85 86 89 90
66 54 45 46 65 38 40 60 49 52 67 63 71 55 47 50 42 64 70 56 48 59 68 61 74 75 78 79 82 83 86 87 90 91
54 44 50 39 42 36 61 70 56 60 55 64 59 45 46 48 40 41 49 63 58 67 73 74 77 78 81 82 85 86 89 90
71 46 38 68 41 49 52 63 44 58 39 69 61 42 64 45 37 48 59 40 70 74 75 78 79 82 83 86 87 90 91
65 68 61 67 42 64 45 37 48 40 70 38 69 41 60 49 52 63 55 44 47 36 58 39 50 74 75 78 79 82 83 86 87 90 91
68 38 50 49 52 55 47 36 56 61 64 70 45 46 69 48 40 41 63 74 75 78 79 82 83 86 87 90 91
44 45 38 63 49 58 48 52 39 37 61 56 60 69 40 46 55 64 50 59 72 75 76 79 80 83 84 87 88 91
45 36 47 56 60 46 64 50 37 59 63 49 67 38 48 41 72 73 76 77 80 81 84 85 88 89
36 41 50 63 40 49 58 39 48 38 61 70 42 60 69 37 46 55 64 72 75 76 79 80 83 84 87 88 91
41 39 58 48 52 47 42 40 56 38 60 46 64 50 59 49 72 75 76 79 80 83 84 87 88 91
50 60 69 64 39 42 37 48 63 58 67 52 61 46 49 70 72 73 76 77 80 81 84 85 88 89
47 59 46 38 63 49 58 67 39 42 61 56 37 60 69 55 64 72 73 76 77 80 81 84 85 88 89
59 58 42 61 70 60 37 56 48 38 63 40 49 52 55 73 74 77 78 81 82 85 86 89 90
46 63 58 67 39 48 52 37 40 70 60 69 55 64 38 49 72 73 76 77 80 81 84 85 88 89
63 38 58 60 67 55 39 61 42 37 40 64 74 75 78 79 82 83 86 87 90 91
61 70 69 64 48 40 67 39 52 42 37 56 73 74 77 78 81 82 85 86 89 90
70 42 37 56 67 48 40 38 60 49 52 55 58 39 69 74 75 78 79 82 83 86 87 90 91
38 49 58 67 48 52 56 42 60 69 55 64 72 75 76 79 80 83 84 87 88 91
39 42 60 69 55 64 40 58 67 52 37 56 72 75 76 79 80 83 84 87 88 91
42 60 69 55 49 40 67 48 52 37 72 75 76 79 80 83 84 87 88 91
58 64 55 67 37 56 48 40 69 73 74 77 78 81 82 85 86 89 90
64 69 37 48 67 60 52 55 74 75 78 79 82 83 86 87 90 91
60 67 37 56 40 69 55 73 74 77 78 81 82 85 86 89 90
69 37 56 67 49 52 74 75 78 79 82 83 86 87 90 91
67 49 52 37 56 48 74 75 78 79 82 83 86 87 90 91
55 48 40 49 52 56 73 74 77 78 81 82 85 86 89 90
52 49 37 48 40 72 73 76 77 80 81 84 85 88 89
49 56 72 73 76 77 80 81 84 85 88 89
48 56 37 40 72 73 76 77 80 81 84 85 88 89
56 40 37 73 74 77 78 81 82 85 86 89 90
40 37 72 75 76 79 80 83 84 87 88 91
37 72 75 76 79 80 83 84 87 88 91
72
73
74
75
76
77
78
79
80
81
82
83
84
85
86
87
88
89
90
91
