#/usr/local/lib/python3.10/dist-packages/colab_kernel_launcher.py -f /root/.local/share/jupyter/runtime/kernel-ccf9b1d1-ce2b-4d6c-8d13-48aff858ef78.json
# GMT Mon May 27 09:35:01 2024
# 
76 107 97 100 7 10 21 109 8 58 113 90 63 36 66 102 28 64 86 15 29 32 118 251 252
107 57 38 41 71 58 16 68 0 63 6 36 30 11 51 96 119 26 37 70 24 118 256 257
17 94 106 60 105 62 29 14 54 53 66 108 111 78 55 45 100 80 24 102 69 82 49 241 242
94 50 113 103 112 84 11 105 47 114 13 25 56 9 43 41 93 4 16 111 49 33 254 255
21 64 96 99 43 33 18 22 110 77 113 69 26 71 28 9 12 73 105 82 39 4 242 243
64 100 113 8 102 69 22 52 33 39 34 30 65 47 119 46 79 78 7 10 40 249 250
41 42 97 35 111 19 55 68 100 113 79 82 12 104 15 32 106 73 72 4 85 245 246
42 67 89 2 4 5 19 0 33 104 58 48 39 93 83 50 115 28 13 53 10 55 246 247
6 84 51 28 60 50 40 62 65 74 87 54 99 43 101 91 68 80 37 14 49 114 240 241
84 114 106 0 31 118 98 46 30 110 14 9 119 86 73 27 29 13 101 70 52 253 254
10 54 89 7 58 35 110 70 2 26 81 71 93 83 60 118 108 29 19 32 240 241
54 40 43 109 89 66 18 111 77 50 25 71 61 1 31 103 106 118 62 26 248 249
22 28 116 93 13 73 105 65 8 109 89 33 23 16 78 55 34 47 102 79 26 242 243
28 36 49 91 11 116 93 106 83 115 23 51 24 27 78 55 90 0 243 244
39 117 83 35 31 3 15 75 20 87 119 27 55 58 90 103 7 82 24 104 245 246
117 102 100 5 49 0 78 20 118 67 79 9 1 43 73 106 57 74 46 37 101 87 258 259
23 109 53 56 101 9 78 45 8 77 37 18 2 82 36 26 16 91 38 50 30 242 243
109 56 7 70 87 77 5 52 36 66 50 72 102 83 34 25 15 29 92 257 258
16 70 37 73 30 82 11 14 62 19 12 15 87 63 88 110 102 104 48 241 242
70 86 89 46 98 88 101 80 9 112 82 4 73 118 95 85 67 18 250 251
96 99 7 111 38 83 18 44 115 31 61 48 62 95 79 108 24 27 87 93 88 255 256
99 40 24 87 74 110 49 3 85 36 44 1 45 75 112 81 32 13 98 79 255 256
47 57 45 82 13 104 71 51 60 105 27 118 95 62 19 56 101 91 58 100 246 247
57 9 74 66 88 91 68 56 37 38 112 79 82 72 114 35 81 49 36 14 248 249
18 30 118 51 65 13 68 110 113 90 92 59 8 61 103 73 63 40 242 243
30 92 4 49 71 48 61 116 105 15 29 45 110 90 67 103 80 244 245
29 45 100 77 80 19 9 105 108 52 13 74 44 66 24 27 65 243 244
45 32 112 102 26 38 83 75 3 97 20 74 87 119 11 88 65 246 247
40 35 43 98 34 14 12 69 59 13 91 51 83 7 50 8 108 97 245 246
12 77 44 14 46 116 93 50 95 85 5 3 97 51 31 55 68 9 35 241 242
77 74 58 89 88 101 91 67 103 82 15 75 104 106 25 26 118 251 252
35 60 72 85 7 74 87 24 53 43 65 55 19 102 104 51 9 244 245
60 52 20 50 53 111 91 44 25 59 46 115 69 82 61 86 63 108 249 250
13 78 11 90 69 114 91 58 61 7 62 97 74 3 241 242
78 80 73 81 58 5 49 0 95 85 86 14 44 61 15 88 252 253
24 87 89 98 88 110 4 67 49 114 58 2 83 72 85 243 244
87 27 71 74 111 68 53 92 15 32 105 95 37 253 254
36 61 83 15 95 108 65 97 43 98 111 5 115 46 82 114 245 246
61 103 20 53 92 44 91 15 56 43 27 86 58 98 3 249 250
9 44 102 56 114 68 93 50 72 62 33 108 32 240 241
44 27 8 71 51 4 106 74 2 0 86 15 56 32 68 246 247
97 88 49 52 33 85 72 53 108 98 75 65 4 7 37 89 255 256
38 11 25 98 65 1 55 32 80 92 91 83 50 63 95 85 75 3 245 246
7 119 5 20 101 113 90 102 46 1 59 81 115 240 241
119 73 72 103 0 55 20 111 53 114 100 112 14 48 108 59 110 258 259
19 93 63 62 33 11 14 111 88 101 55 115 69 4 91 81 242 243
93 33 85 66 20 67 1 46 79 115 26 37 88 2 254 255
11 89 92 26 101 114 58 71 27 72 75 74 0 32 67 240 241
89 113 37 68 105 85 53 67 1 118 95 75 59 62 253 254
31 103 8 112 82 49 91 2 20 95 72 32 25 86 101 68 4 26 244 245
103 33 63 34 46 26 73 75 59 91 68 52 20 53 256 257
100 15 48 79 37 118 90 71 5 112 3 63 66 101 98 255 256
65 101 68 113 37 81 116 83 118 95 32 34 46 249 250
101 110 88 5 68 52 66 67 105 59 255 256
69 71 116 86 48 51 85 110 43 79 8 112 115 82 72 34 250 251
71 74 25 1 48 62 110 46 116 106 2 63 250 251
15 49 106 75 52 86 66 98 111 0 241 242
51 8 20 50 82 49 104 48 106 63 110 56 37 247 248
58 98 110 26 56 79 90 4 53 0 3 248 249
98 88 115 72 86 116 33 20 50 95 27 255 256
50 33 106 83 34 105 72 14 88 115 247 248
27 110 0 43 88 90 67 102 92 59 49 8 243 244
110 90 105 85 111 67 34 95 257 258
4 63 53 33 1 92 46 59 5 116 8 240 259
63 49 3 72 53 74 46 90 25 43 104 249 250
32 90 104 81 73 14 1 52 86 26 53 244 245
43 26 86 79 2 5 0 3 115 114 52 246 247
37 1 68 80 26 79 8 48 116 3 245 246
53 104 106 52 3 25 113 92 247 248
104 34 75 59 92 46 56 115 116 55 118 85 256 257
113 75 48 111 25 26 73 88 2 49 0 82 33 257 258
73 52 20 34 14 90 80 112 75 2 251 252
74 68 55 91 67 80 114 106 85 251 252
56 86 68 80 112 79 92 55 114 116 1 85 248 249
116 33 66 83 67 14 1 59 92 112 26 258 259
68 83 108 52 33 115 250 251
83 3 20 1 75 81 88 102 252 253
14 112 79 59 81 72 8 86 5 241 242
112 106 108 46 114 8 72 80 52 81 257 258
88 55 86 25 81 62 253 254
49 106 62 52 91 81 247 248
106 20 111 1 115 46 8 256 257
67 48 105 95 108 33 91 34 102 250 251
118 105 0 66 34 25 108 92 46 258 259
92 25 80 48 79 26 108 52 3 254 255
102 1 75 59 91 2 5 3 55 256 257
33 85 34 1 114 81 244 245
86 0 3 111 25 59 105 253 254
2 115 95 72 75 66 55 90 34 114 48 240 259
115 1 80 108 46 90 85 258 259
34 81 85 8 66 111 3 59 244 245
8 66 26 114 25 95 240 241
20 108 75 5 0 3 66 114 242 243
75 90 80 108 85 59 251 252
81 48 62 108 72 5 0 111 252 253
48 82 59 25 1 62 52 3 247 248
90 62 46 26 5 3 254 255
105 5 82 79 25 1 62 55 256 257
79 80 59 72 0 66 252 253
1 62 25 240 259
5 108 85 66 46 82 240 259
3 66 240 259
52 95 85 91 80 247 248
80 62 114 95 55 111 252 253
85 253 254
95 82 59 62 46 254 255
66 72 111 91 250 251
26 108 243 244
0 114 91 25 240 259
72 62 111 251 252
25 91 111 243 244
59 82 55 248 249
111 82 257 258
82 252 253
108 55 257 258
62 114 249 250
114 55 258 259
46 246 247
91 254 255
55 248 249
124 239 196 173 186 130 231 185 198 165 142 154 167 176 189 211 178 191 180 170 147 129 214 240 259
239 146 157 160 141 221 147 128 206 139 156 186 154 167 148 129 151 184 198 182 212 230 258 259
163 230 174 160 186 144 167 155 136 232 222 123 153 189 192 224 214 204 151 228 182 227 194 246 247
230 193 165 161 208 143 160 190 172 175 191 234 138 139 123 184 228 170 154 199 145 257 258
167 200 164 135 165 191 226 203 216 225 228 182 172 194 125 136 120 140 218 150 246 247
200 181 132 165 195 149 152 130 226 193 177 161 228 125 139 175 186 192 154 221 131 145 252 253
128 129 217 141 206 153 218 231 185 175 155 132 120 134 222 202 178 168 213 203 147 160 240 241
129 154 144 166 143 234 224 181 126 223 238 169 237 204 161 138 195 162 132 197 240 241
125 203 123 215 151 121 229 209 153 188 142 145 223 134 232 235 166 156 159 211 171 240 259
203 234 139 224 120 237 156 236 192 154 165 207 182 199 176 144 180 197 232 235 252 253
131 134 136 221 234 201 235 238 149 139 227 217 219 196 143 152 165 142 132 220 154 144 240 241
134 235 121 189 136 191 138 213 180 150 215 197 229 120 143 231 185 142 155 233 241 242
158 237 227 217 184 206 219 150 231 185 198 165 179 141 144 178 214 180 193 170 225 238 155 245 246
237 159 189 191 233 120 184 187 216 164 195 196 147 226 225 160 221 175 235 207 258 259
189 224 164 216 165 168 179 195 194 146 176 229 161 198 211 123 137 159 173 250 251
224 164 145 148 135 143 176 209 196 138 155 188 139 120 221 225 186 137 228 256 257
161 162 174 186 176 123 210 187 150 179 169 121 135 204 171 133 226 225 195 245 246
162 222 120 201 156 178 137 236 213 148 172 149 206 183 196 127 157 231 160 144 147 246 247
193 194 188 123 229 206 140 170 208 198 151 181 232 171 185 214 143 127 144 238 251 252
194 207 183 126 137 140 173 154 220 223 232 222 212 148 132 168 185 146 205 251 252
126 204 213 122 150 127 238 215 228 149 139 217 141 173 175 211 165 132 212 169 201 240 241
204 159 192 213 151 216 183 140 205 166 199 150 207 145 219 178 127 157 174 253 254
164 160 232 169 201 171 226 157 139 229 196 186 176 133 220 233 210 146 190 246 247
159 155 153 205 218 217 184 197 146 148 209 186 130 147 208 198 211 220 210 245 246
152 198 133 220 187 177 190 143 157 141 202 234 168 171 138 170 225 151 184 176 132 244 245
198 223 157 235 214 236 120 215 183 140 170 187 150 132 184 211 252 253
177 227 165 168 229 206 166 221 188 176 233 144 235 191 123 156 226 183 154 205 145 248 249
227 180 192 225 155 136 172 202 153 183 175 231 173 133 213 185 215 197 176 256 257
169 223 236 170 183 215 205 195 206 146 231 221 144 197 187 212 136 156 137 247 248
223 181 225 183 135 217 215 236 148 209 195 207 180 210 155 142 192 122 256 257
146 175 211 178 154 143 234 130 141 201 181 150 238 122 215 172 137 243 244
151 210 187 157 211 122 214 168 139 142 123 228 205 135 219 218 231 244 245
210 181 135 149 179 171 182 166 219 211 141 147 212 142 202 236 213 154 254 255
143 206 153 221 144 222 199 136 142 123 214 137 235 228 121 242 243
206 130 141 205 178 228 122 202 229 231 220 179 180 197 235 253 254
171 188 201 156 170 213 234 137 215 205 182 218 148 195 187 209 139 247 248
188 133 185 160 217 144 196 209 120 220 186 233 140 222 192 148 121 168 250 251
165 133 212 157 141 226 205 195 120 156 207 174 176 246 247
185 208 142 156 225 234 191 226 216 123 218 207 187 145 180 249 250
208 217 130 147 207 211 220 233 123 153 205 156 140 235 212 173 145 181 201 253 254
236 235 140 233 150 145 148 181 133 212 166 232 157 141 196 178 155 258 259
181 187 173 199 135 179 183 238 195 127 157 197 219 178 136 249 250
187 132 184 191 179 216 130 155 139 221 156 137 220 145 250 251
122 160 150 235 127 149 174 186 140 130 155 166 136 234 214 168 148 226 240 259
160 142 186 153 221 178 148 232 132 179 168 127 172 207 245 246
123 213 205 195 217 184 175 233 222 156 201 214 240 259
182 211 178 155 232 235 202 140 170 150 132 225 179 197 174 147 180 249 250
211 150 196 207 220 172 202 175 136 121 226 184 254 255
234 220 145 214 166 127 209 238 226 197 139 202 175 140 258 259
174 207 184 196 209 142 172 153 222 199 235 135 168 226 149 215 127 248 249
207 229 218 183 175 173 121 214 195 133 199 190 253 254
201 213 148 121 202 195 157 130 180 192 219 209 172 156 137 252 253
144 184 135 173 231 175 232 202 191 170 225 192 243 244
184 233 139 172 148 217 197 219 196 199 127 249 250
157 183 133 127 130 209 235 238 192 205 172 154 245 246
178 166 209 133 155 141 142 235 138 150 180 238 248 249
135 220 212 136 132 180 228 195 149 197 196 176 153 231 241 242
220 214 147 142 183 137 231 154 218 145 121 255 256
191 217 154 229 221 149 222 235 212 202 226 136 215 228 250 251
217 233 138 155 121 132 195 149 215 229 232 176 255 256
214 222 199 238 176 197 138 139 142 202 183 254 255
120 213 190 180 225 205 138 175 222 176 212 179 168 240 259
213 153 170 150 145 148 195 212 166 197 222 209 254 255
180 140 229 232 145 148 121 179 166 235 249 250
132 156 130 168 192 195 149 140 153 231 241 242
133 155 154 212 145 228 205 149 216 219 196 140 218 241 242
225 228 139 202 199 216 149 235 190 175 219 256 257
233 149 212 215 199 238 209 190 226 136 142 137 173 257 258
156 216 192 173 175 190 155 235 154 245 246
154 170 215 229 176 197 150 244 245
190 121 219 221 176 199 212 155 127 172 140 238 173 215 138 250 251
138 238 216 229 136 219 209 218 231 222 202 168 170 242 243
238 202 153 186 137 168 218 216 141 258 259
139 216 150 136 149 141 121 202 242 243
150 212 166 121 197 186 130 244 245
212 232 149 222 142 153 218 254 255
196 127 130 141 229 170 145 216 228 218 251 252
232 148 121 199 176 209 172 231 173 218 257 258
235 231 170 258 259
121 222 226 127 215 130 166 231 240 259
183 142 172 170 136 216 149 221 197 222 249 250
127 142 209 199 166 136 168 148 192 240 241
216 141 172 231 221 173 215 218 147 255 256
173 141 142 195 136 172 170 219 148 247 248
192 153 186 137 168 145 219 179 221 176 251 252
166 175 147 179 228 197 137 219 140 246 247
175 215 205 229 209 145 148 248 249
176 219 145 179 215 248 249
219 202 205 140 148 179 199 255 256
147 197 137 140 221 155 199 226 205 195 172 243 244
197 231 215 130 251 252
141 140 179 221 148 226 215 242 243
153 130 228 172 136 218 231 202 244 245
155 130 229 221 168 244 245
186 226 136 142 229 209 218 221 222 250 251
209 229 130 170 226 253 254
229 142 140 168 179 257 258
221 228 222 148 255 256
130 145 228 172 149 240 241
170 137 205 168 199 247 248
148 243 244
149 168 228 205 172 243 244
195 136 222 137 251 252
172 142 202 247 248
145 199 202 243 244
199 226 215 205 218 252 253
228 202 218 231 257 258
179 168 205 137 140 231 248 249
142 242 243
226 140 218 256 257
168 205 247 248
215 254 255
140 242 243
231 257 258
222 218 136 137 256 257
136 241 242
205 253 254
137 218 202 241 242
202 252 253
218 255 256
240
241
242
243
244
245
246
247
248
249
250
251
252
253
254
255
256
257
258
259
