#/usr/local/lib/python3.10/dist-packages/colab_kernel_launcher.py -f /root/.local/share/jupyter/runtime/kernel-ccf9b1d1-ce2b-4d6c-8d13-48aff858ef78.json
# GMT Mon May 27 11:32:59 2024
# 
24 97 14 54 31 9 44 12 15 99 43 13 98 55 32 68 23 10 80 47 8 92 69 46 59 18 71 2 48 5 16 22 3 83 60 50 30 85 107 11 84 221 222 231 232
97 27 8 90 93 58 2 105 5 16 68 22 104 3 82 33 66 69 20 50 83 30 11 44 25 61 42 64 15 94 45 78 32 92 65 23 56 7 40 73 227 228 237 238
35 106 83 73 63 32 85 62 75 52 7 10 64 41 54 44 27 8 86 56 18 78 2 45 16 0 90 67 33 17 79 82 59 36 30 81 94 25 61 28 1 222 223 232 233
106 68 101 52 63 85 17 20 109 50 53 83 34 100 84 30 44 64 15 75 48 78 51 32 13 92 46 98 23 4 26 56 7 27 57 60 90 41 74 58 228 229 238 239
36 71 84 61 51 14 96 63 9 12 15 95 85 62 75 29 32 107 64 41 77 4 26 53 10 43 55 100 18 103 80 70 47 69 33 6 39 20 91 94 222 223 232 233
71 17 20 109 14 25 28 9 45 78 48 29 62 13 80 92 37 10 70 21 43 54 27 57 104 60 94 58 93 96 2 16 95 0 108 85 3 55 6 225 226 235 236
76 107 100 77 40 54 27 57 8 60 88 101 78 5 103 80 19 33 66 17 102 92 53 34 67 104 81 31 83 61 12 45 75 29 32 62 13 95 108 65 98 225 226 235 236
107 27 104 58 103 5 109 16 68 49 3 82 33 6 50 53 83 34 84 28 9 12 64 15 94 45 48 51 81 93 65 95 46 4 26 56 7 89 228 229 238 239
28 67 80 57 47 102 11 58 48 38 93 70 60 73 50 63 75 42 84 4 51 7 64 41 44 96 8 99 53 56 88 65 101 18 78 55 5 77 221 222 231 232
67 1 12 45 104 81 94 29 59 60 32 93 73 105 10 40 21 8 87 109 86 99 2 19 49 22 52 88 91 68 34 65 80 70 102 69 47 82 225 226 235 236
0 5 93 83 60 95 49 62 6 42 84 51 18 54 109 63 53 30 66 65 78 68 45 100 77 44 80 34 11 47 1 14 56 59 13 26 3 101 15 220 229 230 239
5 83 73 50 105 72 108 52 42 9 54 31 21 11 109 53 89 65 101 78 55 12 25 100 80 59 49 16 6 91 94 48 84 51 18 220 229 230 239
83 19 104 94 3 84 55 6 20 50 93 34 96 108 44 80 61 45 78 32 79 23 40 54 100 57 8 38 60 103 41 58 92 226 227 236 237
11 14 102 9 13 49 26 8 91 81 15 70 2 73 50 27 82 75 29 42 19 84 74 51 87 31 21 99 53 66 43 1 23 55 32 47 220 221 230 231
14 9 1 82 26 91 104 61 51 103 93 50 63 40 7 72 85 39 52 8 74 87 44 21 109 86 99 20 3 23 98 88 90 80 57 47 220 221 230 231
77 108 85 98 73 27 29 41 74 7 21 22 52 101 6 8 38 39 69 50 90 103 93 18 92 31 3 15 48 94 32 46 96 26 56 95 10 226 227 236 237
108 19 49 21 52 3 63 55 50 102 84 44 47 31 64 15 17 29 59 81 65 95 46 98 96 23 25 26 56 109 42 43 73 27 87 90 228 229 238 239
29 68 80 57 37 46 6 91 81 58 48 38 60 96 73 25 9 105 12 95 85 52 42 74 64 41 54 23 109 99 56 98 65 55 221 222 231 232
68 13 46 95 75 26 56 9 40 43 54 27 38 60 41 109 58 88 49 22 3 33 100 66 90 70 34 44 81 1 31 84 42 48 225 226 235 236
27 16 54 6 99 17 66 33 88 55 91 25 102 92 59 39 94 61 23 38 4 51 26 7 10 73 30 62 75 42 18 221 222 231 232
6 84 73 50 40 2 30 7 62 3 52 32 87 41 31 8 53 89 33 10 13 101 58 12 100 90 80 34 47 4 69 16 220 229 230 239
84 53 1 3 63 20 50 81 32 62 85 98 30 26 56 12 109 42 86 73 15 75 41 88 23 100 4 37 82 226 227 236 237
25 34 17 101 91 104 48 9 10 12 70 50 39 52 42 94 7 51 64 19 41 31 22 96 63 20 53 43 65 2 1 90 44 80 221 222 231 232
34 91 1 15 38 13 60 50 95 4 39 26 52 21 74 8 64 109 99 66 18 56 65 101 55 22 45 3 102 92 30 49 222 223 232 233
39 81 94 48 18 93 73 86 53 3 15 98 52 65 42 74 109 10 43 79 56 46 88 101 45 58 90 60 37 22 105 82 59 72 8 222 223 232 233
81 103 44 47 9 105 1 80 82 15 48 78 94 86 23 26 70 21 98 54 38 109 2 89 16 49 22 3 88 17 101 226 227 236 237
10 54 21 86 89 66 56 33 23 88 65 101 55 22 90 103 80 102 79 69 46 82 3 16 104 61 93 63 17 62 74 220 229 230 239
54 74 38 109 18 88 65 78 49 102 79 82 59 30 58 94 9 1 15 103 93 73 105 95 72 85 62 75 7 223 224 233 234
2 50 17 19 87 31 8 21 63 33 88 65 101 100 90 44 47 4 89 79 59 49 16 91 104 58 48 61 103 70 1 60 220 229 230 239
50 16 19 51 105 72 62 30 44 42 15 45 109 99 32 89 88 55 23 4 37 40 57 38 59 223 224 233 234
3 15 93 73 105 95 72 85 62 52 42 51 87 43 56 23 22 12 100 4 102 82 59 104 58 220 229 230 239
15 47 102 79 59 48 18 96 63 40 30 95 85 42 7 41 8 99 66 43 56 33 88 65 22 220 221 230 231
62 101 78 58 103 80 16 70 49 20 53 93 73 31 105 59 85 32 23 4 56 7 37 40 86 8 38 98 88 224 225 234 235
101 92 46 96 26 37 40 43 73 57 60 74 91 4 21 22 82 33 63 69 100 30 102 47 61 42 78 228 229 238 239
4 96 86 63 66 20 33 98 88 78 100 47 79 56 59 104 38 103 60 73 40 82 72 49 19 94 64 41 220 229 230 239
96 7 82 55 8 38 72 53 30 102 31 64 45 75 17 32 92 65 46 26 9 89 70 12 87 59 90 41 93 23 227 228 237 238
51 91 58 103 92 69 105 59 72 1 104 45 94 17 32 46 86 95 9 52 40 42 41 13 99 66 56 37 22 223 224 233 234
91 95 79 26 31 12 45 75 74 46 58 88 37 93 70 21 52 55 69 92 105 53 86 104 18 1 63 66 17 227 228 237 238
43 87 44 7 37 40 89 46 41 88 78 100 90 103 19 22 102 33 82 17 104 61 30 60 9 53 105 85 13 74 222 223 232 233
87 57 8 38 74 98 52 82 33 63 85 66 69 20 90 72 103 53 44 47 104 12 42 94 64 45 78 93 65 95 23 21 226 227 236 237
16 70 73 40 17 105 95 75 42 9 1 74 64 18 31 86 53 66 23 7 55 45 79 56 104 48 61 38 220 221 230 231
70 31 61 33 109 59 32 46 88 100 26 90 40 60 13 58 104 94 7 19 22 66 8 20 72 75 18 74 225 226 235 236
55 61 32 13 23 95 40 21 38 74 18 79 19 17 58 103 80 93 102 44 105 72 9 1 12 224 225 234 235
61 17 80 20 102 79 92 30 104 1 13 63 46 105 85 26 37 40 21 64 38 60 109 66 98 88 19 224 225 234 235
1 90 37 92 69 59 38 63 17 30 7 20 72 19 109 89 46 23 98 88 78 45 22 100 220 229 230 239
90 75 78 59 32 13 109 7 37 21 100 103 102 92 19 49 22 33 85 66 69 20 72 86 227 228 237 238
99 104 23 7 21 73 60 41 93 88 19 22 52 82 85 66 17 109 69 44 12 64 78 59 32 13 92 105 46 79 228 229 238 239
104 72 102 53 100 103 30 9 42 48 59 92 65 46 98 37 89 41 19 49 105 228 229 238 239
17 48 93 40 42 19 31 21 12 86 53 20 23 22 100 57 47 37 89 8 92 49 220 221 230 231
85 93 49 82 95 63 66 98 53 44 47 9 12 42 13 46 79 26 102 40 57 38 60 226 227 236 237
80 103 93 12 45 48 105 82 94 26 38 41 19 49 22 33 63 66 20 72 53 44 100 226 227 236 237
21 41 31 32 100 19 57 47 89 20 102 56 46 59 49 94 12 73 40 82 95 75 220 221 230 231
41 74 38 53 89 56 98 88 19 22 45 57 47 102 79 30 48 32 95 72 37 222 223 232 233
100 105 64 94 75 48 78 59 32 46 37 89 57 8 18 19 52 66 86 44 228 229 238 239
105 18 19 33 64 65 95 109 98 79 89 31 60 32 92 26 56 8 69 72 88 228 229 238 239
92 47 64 75 13 23 7 93 57 60 74 19 49 52 82 109 66 69 72 86 98 227 228 237 238
78 13 103 37 82 73 57 38 60 58 19 52 33 66 72 86 9 31 12 64 59 226 227 236 237
74 58 89 79 22 88 66 69 103 30 44 47 31 64 45 48 13 65 46 56 7 37 40 225 226 235 236
94 69 20 53 30 44 31 48 46 79 7 37 89 57 38 93 22 52 33 66 227 228 237 238
32 57 23 69 22 72 49 48 38 31 64 86 89 66 9 33 12 221 222 231 232
23 86 66 33 57 37 79 69 48 38 20 93 73 63 52 42 44 221 222 231 232
86 37 40 73 57 8 18 19 49 52 63 20 109 88 47 42 45 75 48 103 13 102 226 227 236 237
13 22 57 9 12 102 18 7 93 73 63 30 95 52 109 53 89 20 56 98 220 221 230 231
48 69 82 72 47 42 60 73 7 37 98 52 8 38 18 22 223 224 233 234
57 45 89 98 26 56 40 8 38 79 59 72 18 22 33 20 60 63 75 224 225 234 235
73 109 33 63 69 53 30 44 103 9 64 45 65 95 98 225 226 235 236
98 56 103 40 19 49 64 20 95 79 44 47 89 31 42 45 75 227 228 237 238
69 30 42 64 95 65 75 56 40 109 8 58 18 103 19 33 102 66 72 225 226 235 236
103 33 45 46 26 89 75 93 58 109 22 82 20 72 102 30 228 229 238 239
20 40 95 75 31 19 109 66 56 88 47 79 46 59 49 26 220 221 230 231
72 47 65 30 9 31 109 79 60 58 37 22 52 38 82 53 225 226 235 236
64 60 102 58 18 19 49 63 53 95 30 12 89 79 56 7 224 225 234 235
58 75 65 44 56 40 42 88 82 59 18 30 60 47 19 63 45 224 225 234 235
31 102 79 93 60 63 52 9 12 44 109 53 89 33 88 26 221 222 231 232
7 56 33 88 45 22 47 79 82 93 40 52 9 18 8 220 229 230 239
26 109 89 12 45 47 37 102 82 59 49 8 93 52 42 44 221 222 231 232
109 37 40 38 49 30 45 65 79 228 229 238 239
18 42 19 89 33 88 45 22 46 49 8 93 60 63 40 220 221 230 231
95 49 52 33 66 44 9 12 42 65 79 37 40 227 228 237 238
102 9 12 75 46 79 40 19 22 52 82 66 53 228 229 238 239
8 53 33 65 12 47 37 93 60 40 30 75 220 229 230 239
93 52 44 9 42 45 46 79 37 227 228 237 238
12 89 46 59 38 60 75 19 53 88 45 9 220 221 230 231
63 37 33 75 30 47 45 59 88 65 9 89 224 225 234 235
53 37 65 49 52 44 45 46 59 223 224 233 234
47 42 79 45 82 37 38 52 89 56 223 224 233 234
46 30 9 79 49 37 40 22 89 66 223 224 233 234
75 79 33 44 45 65 89 56 37 88 38 60 225 226 235 236
19 60 44 33 9 37 59 220 221 230 231
33 42 89 65 82 59 222 223 232 233
9 79 59 60 82 49 30 65 220 229 230 239
37 66 88 38 22 30 222 223 232 233
42 44 89 79 30 66 40 222 223 232 233
44 79 59 49 38 65 223 224 233 234
60 49 89 66 40 65 224 225 234 235
30 82 49 38 66 88 221 222 231 232
52 49 66 45 79 82 38 223 224 233 234
22 65 89 56 59 38 221 222 231 232
66 40 38 45 225 226 235 236
49 89 56 38 82 223 224 233 234
38 45 222 223 232 233
65 56 89 79 59 224 225 234 235
82 59 79 56 88 226 227 236 237
45 79 223 224 233 234
40 89 56 222 223 232 233
89 88 227 228 237 238
79 226 227 236 237
59 88 224 225 234 235
56 88 224 225 234 235
88 227 228 237 238
142 211 165 201 155 190 167 180 192 182 149 130 204 181 158 128 216 140 112 170 160 126 129 111 215 141 205 195 175 217 184 174 154 121 219 135 176 122 208 137 198 221 222 231 232
211 175 156 216 189 166 120 134 186 137 167 217 197 148 203 187 168 201 128 112 114 145 129 132 173 165 195 176 130 194 212 124 157 111 190 171 174 185 207 161 228 229 238 239
145 216 170 150 195 172 162 152 133 194 184 197 174 134 163 199 153 128 175 112 178 168 177 116 130 144 189 179 156 192 140 201 121 214 191 204 135 119 111 141 222 223 232 233
216 217 126 178 113 143 173 146 179 212 144 196 154 138 141 152 174 204 158 139 191 172 202 175 206 136 117 119 131 134 164 118 197 148 170 151 181 203 228 229 238 239
165 194 193 173 117 131 175 134 148 217 207 184 128 209 186 166 126 129 110 162 113 143 146 127 130 160 144 200 190 140 212 179 157 138 111 122 152 125 214 224 225 234 235
194 146 176 202 215 182 163 193 203 159 141 143 174 130 160 144 208 189 207 197 124 166 120 122 219 153 209 185 181 123 184 198 114 213 117 178 162 192 226 227 236 237
115 193 160 137 173 215 182 185 162 152 184 141 131 209 186 163 120 133 123 198 175 178 168 114 200 213 144 180 134 124 212 189 202 192 159 149 126 181 158 161 128 220 229 230 239
193 178 214 132 116 146 127 130 163 206 177 215 205 208 138 119 141 171 122 174 185 139 123 219 156 196 189 199 114 136 166 147 201 164 118 184 128 112 226 227 236 237
116 158 125 161 128 203 183 160 137 173 140 117 205 182 111 172 162 187 196 163 156 133 123 208 198 178 155 135 213 190 167 144 157 147 189 202 146 159 204 220 229 230 239
158 146 200 144 190 180 212 202 179 124 192 154 169 135 157 159 119 141 156 218 117 195 147 208 162 131 153 134 217 118 184 151 164 219 132 113 201 223 224 233 234
187 218 150 183 137 167 181 123 197 199 189 162 134 164 146 149 179 160 182 163 177 203 128 124 157 141 171 173 155 127 204 172 175 156 206 196 166 138 120 226 227 236 237
218 217 168 198 201 128 215 114 117 129 162 113 143 173 146 176 130 209 160 212 144 210 124 157 141 204 155 161 206 136 219 119 120 122 152 153 118 181 203 228 229 238 239
119 200 177 154 190 167 144 121 166 112 126 201 191 181 113 125 138 170 160 127 215 182 172 204 217 207 151 164 163 176 120 175 188 155 132 210 220 229 230 239
200 171 122 217 174 207 139 161 156 189 209 136 147 199 201 131 183 134 118 210 151 213 184 215 126 178 129 214 192 146 179 144 196 206 177 124 135 227 228 237 238
150 154 126 110 186 163 199 132 113 153 143 166 149 198 168 210 121 124 180 157 138 141 202 125 179 156 169 201 161 133 114 147 173 131 205 162 207 184 174 222 223 232 233
183 184 197 196 149 179 160 182 144 177 198 154 157 213 138 190 111 122 152 189 202 161 172 192 123 147 153 137 167 170 151 181 195 185 168 128 217 112 225 226 235 236
184 170 217 207 197 168 186 129 110 113 143 173 198 176 127 149 130 163 213 121 135 157 152 214 139 172 123 136 120 153 208 225 226 235 236
154 157 120 152 137 118 214 128 114 147 170 131 173 132 146 215 205 162 197 174 124 219 141 209 186 163 125 198 188 178 155 121 177 133 190 223 224 233 234
157 122 212 189 202 169 139 156 181 171 133 114 203 136 117 170 160 134 118 148 195 151 172 175 112 110 186 163 210 121 213 223 224 233 234
132 138 173 140 172 139 152 197 118 164 196 186 176 166 128 156 126 201 129 168 135 127 130 177 190 137 212 159 111 191 204 122 181 171 161 221 222 231 232
138 130 189 156 191 121 204 181 171 111 203 125 173 123 162 217 133 136 117 120 131 206 219 196 209 199 153 166 155 112 126 210 110 221 222 231 232
130 214 191 181 171 117 170 206 160 137 172 207 112 197 151 141 110 186 127 153 166 198 135 210 167 147 189 156 146 159 136 220 221 230 231
214 160 212 144 177 210 135 111 152 174 125 204 155 191 172 175 205 156 208 133 114 136 199 131 186 167 151 168 198 201 128 129 192 149 228 229 238 239
176 181 166 147 153 164 137 148 215 170 217 128 159 219 113 143 209 149 198 178 140 121 180 111 171 122 174 155 212 189 139 123 175 204 225 226 235 236
181 149 179 163 121 199 135 171 155 188 175 213 190 133 114 189 166 147 192 120 167 118 148 206 215 195 143 185 225 226 235 236
217 197 201 213 112 219 159 110 162 173 195 146 179 209 177 208 171 122 207 169 191 202 206 136 147 120 180 131 153 228 229 238 239
122 210 124 212 189 192 169 114 191 171 148 125 180 215 205 195 172 185 152 129 207 161 151 206 209 186 163 133 188 155 220 221 230 231
210 125 155 186 188 172 202 203 175 114 120 131 153 118 197 170 182 198 201 126 110 113 192 143 207 179 160 177 208 124 212 190 228 229 238 239
123 175 177 167 144 124 212 169 146 159 201 191 135 171 114 128 213 203 127 215 205 195 185 152 129 164 206 111 196 199 153 166 220 221 230 231
175 168 190 203 117 147 162 134 179 148 163 191 112 206 196 141 173 195 140 177 171 153 199 155 189 167 169 224 225 234 235
126 180 170 137 127 140 192 205 195 152 151 219 133 117 188 120 155 177 190 167 189 166 202 179 169 146 159 168 204 113 148 220 221 230 231
180 110 111 171 113 143 174 125 186 139 169 161 156 198 188 134 137 167 212 170 202 151 192 114 147 129 179 163 205 144 177 128 140 225 226 235 236
146 171 161 140 203 160 173 141 215 205 182 172 139 152 151 199 131 166 134 137 118 112 189 202 179 143 204 222 223 232 233
117 131 121 173 153 208 188 178 167 134 189 179 192 169 191 204 213 203 170 140 205 185 162 152 207 161 197 151 164 141 220 229 230 239
131 151 164 120 206 196 209 186 143 133 178 129 144 166 159 204 171 111 203 147 160 140 215 195 172 162 207 197 220 221 230 231
198 205 156 208 133 120 153 137 118 199 148 151 168 128 110 113 192 149 182 163 121 171 152 185 139 161 191 227 228 237 238
205 128 112 129 213 113 149 179 160 182 163 215 144 196 140 135 141 155 185 139 208 189 136 219 186 167 118 197 227 228 237 238
169 178 140 121 124 177 111 125 189 201 191 204 133 213 136 120 173 137 182 185 168 112 206 129 159 219 162 186 143 149 160 224 225 234 235
178 208 134 197 170 151 219 209 186 199 189 112 188 129 159 110 113 127 213 190 144 212 124 191 111 204 174 125 155 225 226 235 236
159 213 203 182 195 110 111 185 152 125 155 161 197 186 163 135 136 208 188 137 118 148 190 167 112 202 191 149 223 224 233 234
213 190 141 171 113 155 127 207 188 191 156 208 121 124 166 199 137 139 168 201 164 179 182 177 128 140 228 229 238 239
177 141 171 139 172 206 136 182 134 164 137 118 149 151 128 112 199 162 143 201 140 121 124 189 225 226 235 236
151 134 118 196 209 128 110 113 167 212 202 192 111 191 125 171 139 161 206 133 182 185 147 120 222 223 232 233
168 195 208 161 144 156 207 197 174 121 124 135 196 209 120 152 167 188 201 114 212 202 148 171 170 206 111 224 225 234 235
160 110 143 127 215 195 172 185 140 135 197 174 164 155 139 209 188 133 120 167 137 148 189 179 223 224 233 234
120 141 196 186 114 163 166 188 118 135 124 113 149 148 125 173 215 111 162 139 152 197 220 229 230 239
141 156 192 112 161 113 170 127 215 182 172 140 124 174 164 219 153 166 208 155 114 136 221 222 231 232
172 188 129 113 127 149 204 140 203 111 171 173 139 161 156 147 219 209 199 137 167 148 208 224 225 234 235
188 133 114 136 192 153 137 167 148 170 128 206 112 129 110 195 127 163 207 197 219 196 209 135 199 125 226 227 236 237
191 201 163 121 174 185 139 204 156 206 133 153 208 164 186 137 182 207 197 219 199 110 127 226 227 236 237
201 144 208 189 136 199 152 125 197 156 133 147 203 192 118 149 182 129 111 190 206 127 227 228 237 238
197 134 164 118 209 199 112 129 127 179 182 196 124 135 111 152 125 215 226 227 236 237
153 174 147 209 134 137 118 148 128 167 113 202 144 204 171 121 203 111 215 195 185 162 222 223 232 233
174 134 167 170 202 179 112 129 162 113 143 127 149 203 163 121 185 124 207 155 186 156 189 224 225 234 235
170 129 162 127 219 144 199 140 124 135 203 156 133 114 204 166 164 137 118 149 173 112 224 225 234 235
134 125 209 186 199 155 114 190 147 189 156 192 112 171 148 203 206 140 215 149 185 139 221 222 231 232
171 202 124 125 139 203 161 156 147 207 164 137 167 219 128 113 224 225 234 235
195 128 206 196 113 143 173 182 163 207 140 121 219 199 155 185 133 166 147 202 186 137 148 226 227 236 237
190 203 152 185 139 212 202 215 206 196 137 118 148 128 207 110 162 127 209 149 179 140 135 226 227 236 237
164 137 118 219 186 199 208 129 127 167 212 189 202 192 140 121 124 135 125 155 139 173 147 223 224 233 234
129 203 215 112 149 185 162 139 152 209 163 121 111 135 147 202 136 114 161 220 221 230 231
203 110 162 143 173 207 127 161 209 155 202 215 133 166 167 118 112 227 228 237 238
149 161 206 163 111 143 208 185 140 219 136 166 155 114 147 212 192 182 148 222 223 232 233
121 212 166 118 135 125 112 114 127 192 152 207 206 219 173 110 111 143 155 220 221 230 231
125 144 147 202 136 111 148 128 127 182 114 139 118 196 209 199 143 112 155 220 221 230 231
156 136 212 202 179 192 133 114 206 185 110 143 127 219 196 186 223 224 233 234
167 207 111 186 147 118 212 179 192 113 143 127 163 173 185 224 225 234 235
207 118 212 110 162 113 173 196 124 208 111 204 185 209 136 147 199 227 228 237 238
179 140 124 206 155 208 185 133 114 136 166 219 209 186 212 127 144 225 226 235 236
161 118 148 144 128 215 192 124 110 127 136 208 185 162 137 209 186 166 133 223 224 233 234
208 133 114 148 182 163 215 110 143 140 206 111 199 152 139 202 227 228 237 238
212 135 111 152 204 202 136 166 148 113 192 143 173 127 215 196 228 229 238 239
118 199 143 113 189 192 136 135 148 127 182 162 220 229 230 239
110 192 182 162 152 204 128 219 209 143 133 185 112 189 166 202 135 148 220 229 230 239
155 133 192 147 173 215 182 113 144 196 163 166 223 224 233 234
202 185 204 114 136 147 199 186 215 113 192 196 227 228 237 238
111 147 136 204 173 219 196 209 199 143 220 229 230 239
144 139 206 182 133 185 162 152 219 112 113 143 147 189 140 124 222 223 232 233
137 219 166 124 135 189 148 136 173 140 185 152 221 222 231 232
127 148 162 152 186 166 133 199 189 192 220 221 230 231
148 206 219 163 124 192 114 147 204 128 215 113 222 223 232 233
113 152 206 219 196 186 199 114 136 204 220 229 230 239
173 162 143 182 163 124 219 196 139 133 136 224 225 234 235
112 140 215 182 206 196 166 124 114 136 135 128 220 229 230 239
140 204 215 182 162 139 219 196 163 143 147 221 222 231 232
163 114 204 147 215 128 143 219 209 166 223 224 233 234
114 186 185 124 136 135 215 182 139 220 229 230 239
186 166 209 199 189 128 135 196 185 225 226 235 236
215 206 185 136 166 147 209 228 229 238 239
166 196 135 192 182 139 224 225 234 235
196 204 182 162 192 143 209 135 139 226 227 236 237
152 189 143 204 135 162 206 133 136 147 222 223 232 233
128 185 139 206 124 199 192 204 220 221 230 231
162 124 189 133 136 192 147 223 224 233 234
204 139 206 133 135 199 219 209 227 228 237 238
143 133 136 185 219 199 147 222 223 232 233
135 199 147 139 133 206 209 221 222 231 232
199 124 139 189 227 228 237 238
182 206 219 209 139 133 136 225 226 235 236
147 209 222 223 232 233
209 219 139 189 228 229 238 239
189 192 206 226 227 236 237
206 219 227 228 237 238
133 136 124 185 221 222 231 232
185 124 139 225 226 235 236
124 192 219 220 221 230 231
139 192 136 221 222 231 232
192 226 227 236 237
136 221 222 231 232
219 228 229 238 239
220
221
222
223
224
225
226
227
228
229
230
231
232
233
234
235
236
237
238
239
