#main.py
# GMT Tue Jun 11 16:21:29 2024
# 
17 58 71 48 25 61 2 38 5 28 70 0 60 3 73 50 27 6 40 30 72 62 39 75 29 42 19 11 74 51 14 64 41 18 54 31 21 9 1 12 15 63 53 66 43 20 56 13 23 65 55 32 68 45 22 35 4 7 67 44 57 10 34 47 24 37 8 69 46 59 36 49 26 152 155 156 159
58 48 62 50 51 75 32 65 34 46 74 64 11 14 44 25 26 56 28 9 40 12 66 42 43 27 57 29 41 13 68 67 23 4 5 70 35 7 37 21 22 52 24 54 55 69 6 36 59 8 38 72 39 20 53 71 61 18 30 2 16 60 73 49 63 0 1 31 3 33 15 45 154 155 158 159
36 71 48 61 38 51 30 11 14 60 73 25 50 63 28 9 31 12 15 72 62 75 29 52 65 32 42 13 74 64 41 54 44 23 4 26 7 53 10 66 43 21 56 24 8 55 68 45 18 67 57 2 70 47 5 35 37 16 19 0 22 3 69 33 46 59 6 49 39 20 34 152 153 156 157
71 66 39 69 20 50 53 34 74 67 30 11 14 44 25 47 28 9 1 31 61 12 42 64 15 45 48 29 59 51 32 62 13 65 46 23 4 26 56 7 37 10 40 70 21 43 54 27 57 8 38 60 41 73 2 5 35 16 68 19 49 0 22 52 3 33 75 63 55 6 154 155 158 159
28 67 22 3 34 47 6 37 20 69 46 59 49 11 14 48 61 25 38 9 1 12 70 15 60 73 50 63 40 30 72 62 39 75 52 29 42 23 4 26 74 51 7 64 41 10 54 31 21 44 24 27 8 53 66 43 56 33 65 18 55 32 68 45 2 5 16 19 0 152 153 156 157
67 9 1 31 61 12 42 64 45 48 29 59 60 32 62 13 46 73 23 4 26 56 7 37 72 10 40 21 75 43 24 54 55 27 57 8 38 39 41 74 18 2 5 35 16 19 49 0 22 52 3 33 63 6 66 68 20 50 51 53 65 70 30 11 14 25 69 47 154 155 158 159
29 32 45 35 18 57 34 70 47 2 37 5 16 19 0 69 22 46 3 59 6 49 20 48 61 38 51 11 60 73 14 50 63 25 40 30 9 1 12 72 15 62 39 75 52 42 74 64 41 54 31 44 23 4 26 7 53 66 43 56 33 21 24 27 8 65 55 152 153 156 157
32 55 68 13 45 35 57 34 70 47 23 37 5 7 69 21 22 59 24 72 49 6 39 8 20 48 61 38 51 18 30 60 73 50 14 63 40 16 19 0 1 31 3 15 62 75 52 65 42 74 64 41 54 44 11 25 26 53 66 43 9 10 56 33 12 46 152 153 156 157
8 9 74 51 64 41 54 31 44 21 11 53 66 43 20 56 10 23 2 65 5 55 68 45 22 35 12 0 3 6 57 34 47 24 37 14 69 46 59 13 49 26 16 48 1 25 61 38 15 18 70 60 73 50 27 40 30 72 62 39 75 52 42 4 19 152 155 156 159
9 44 57 34 11 47 24 14 56 69 46 23 13 2 26 5 16 68 0 48 3 25 61 38 15 6 70 60 37 73 50 27 40 72 49 62 39 52 1 74 51 64 41 18 54 31 63 53 30 66 43 20 33 10 75 4 65 42 7 55 45 22 35 12 152 155 156 159
40 41 54 2 44 5 35 16 19 0 53 22 66 3 43 33 56 6 39 20 65 34 55 68 45 30 11 57 70 47 25 1 31 12 15 69 46 59 49 13 48 61 51 23 4 26 60 7 73 37 50 63 10 21 24 27 72 38 62 75 52 74 18 64 153 154 157 158
41 42 21 24 74 38 39 64 54 44 53 18 66 43 56 2 5 35 16 19 0 55 22 68 3 45 33 6 20 34 57 70 47 30 11 46 59 14 49 25 1 31 12 15 48 61 51 13 60 73 63 23 72 4 26 62 7 75 37 52 10 65 153 154 157 158
0 5 70 60 37 73 50 27 4 7 72 49 62 39 52 6 42 19 74 51 64 18 54 31 21 63 53 30 43 20 33 10 23 75 65 55 68 45 22 35 12 2 44 57 11 47 24 1 14 56 69 46 59 13 26 3 16 25 61 38 15 152 155 156 159
5 60 73 3 50 27 63 30 7 72 62 75 52 42 19 74 64 54 31 44 21 1 11 53 66 43 20 56 33 10 23 13 65 55 68 35 12 25 4 57 34 70 47 24 37 14 69 46 59 49 26 39 16 6 48 38 2 15 51 18 152 155 156 159
6 48 61 38 15 51 18 60 50 27 63 2 30 7 20 72 1 62 75 3 52 65 42 19 74 64 31 44 11 53 66 43 56 33 10 46 23 13 55 68 45 22 35 12 25 57 34 70 47 24 37 14 4 69 59 49 26 39 16 152 155 156 159
48 39 20 34 57 70 30 11 69 14 44 59 25 72 47 49 1 31 12 42 15 45 61 51 13 46 60 73 50 63 53 23 4 26 7 37 62 75 10 52 65 21 43 24 27 38 74 64 54 18 66 56 35 16 19 3 55 33 68 153 154 157 158
11 14 7 56 10 69 46 59 13 49 26 16 25 61 38 15 70 60 2 37 73 50 4 27 30 3 72 62 39 75 42 19 74 51 64 18 54 31 21 63 53 66 43 1 33 23 65 55 68 45 22 35 12 44 57 47 24 152 155 156 159
14 24 37 1 69 46 12 59 49 26 16 13 61 38 15 51 18 60 73 50 4 27 63 7 10 72 62 39 75 52 42 19 74 64 54 31 44 21 2 53 66 43 20 56 33 3 23 65 55 68 45 22 35 25 57 34 47 152 155 156 159
21 64 7 54 31 10 63 53 66 43 33 23 65 55 18 68 45 22 35 2 16 19 44 57 34 3 47 24 20 56 69 46 59 49 26 25 61 38 1 70 12 60 15 37 73 50 27 30 13 72 62 39 52 42 74 4 51 152 153 156 157
64 43 24 54 27 57 38 60 70 69 18 2 35 16 19 49 22 52 3 33 63 55 39 20 50 53 73 34 30 75 44 25 47 1 31 12 74 42 15 45 59 51 62 13 46 66 23 4 26 68 56 7 37 10 154 155 158 159
42 44 57 47 18 2 69 4 46 35 59 16 49 19 22 3 33 39 61 20 34 70 60 73 50 30 25 72 62 75 1 52 31 12 15 74 51 13 54 63 53 66 56 23 26 7 37 10 65 55 24 68 45 27 153 154 157 158
73 74 35 16 68 19 49 22 52 3 33 63 55 66 39 69 20 50 72 53 34 30 44 47 1 31 61 12 15 45 59 51 13 65 46 23 4 26 56 7 37 10 70 43 24 54 27 57 38 60 75 18 2 154 155 158 159
74 75 24 54 27 38 60 72 18 2 16 68 19 49 22 52 3 33 63 55 66 39 69 20 50 51 53 34 30 44 25 47 1 31 61 12 15 45 59 62 13 65 46 23 4 26 56 7 10 70 43 154 155 158 159
33 38 70 23 60 4 26 50 7 63 10 24 72 27 62 39 75 52 51 18 54 44 2 16 19 53 66 43 22 3 20 65 55 68 45 35 30 57 34 47 37 25 1 31 12 69 46 15 59 49 13 61 152 153 156 157
38 51 20 54 34 53 66 43 30 56 25 65 1 31 55 12 68 45 13 44 57 47 69 46 23 59 4 26 49 7 37 10 24 27 61 70 60 50 63 18 2 72 35 16 62 39 75 52 19 22 153 154 157 158
25 34 15 47 56 69 46 59 26 68 61 10 12 70 24 60 50 27 13 49 62 39 52 23 4 7 51 19 54 31 22 3 63 20 53 30 66 43 75 65 18 55 2 45 35 16 1 44 57 152 153 156 157
34 1 31 12 15 61 51 13 60 50 63 72 23 4 62 39 75 26 52 7 10 24 27 54 44 53 66 43 18 56 2 16 65 19 55 68 22 45 3 35 20 57 70 47 37 69 30 46 59 49 152 153 156 157
44 47 10 12 43 27 69 46 59 49 61 18 51 4 35 7 37 60 19 50 63 22 3 39 20 72 62 75 52 30 2 54 16 1 53 66 15 56 13 65 55 68 45 23 57 26 70 153 154 157 158
47 57 70 1 31 12 15 45 69 59 72 49 13 46 61 23 4 26 7 37 60 10 50 63 43 24 27 62 75 52 65 18 2 54 35 16 19 22 3 53 66 39 20 55 68 30 153 154 157 158
10 54 31 4 53 66 43 7 20 56 23 13 65 55 68 45 22 35 57 70 24 37 2 69 46 59 49 3 26 39 16 61 15 51 18 60 50 27 63 30 1 72 62 75 52 19 152 155 156 159
54 43 24 27 66 56 18 2 55 68 35 16 19 49 22 52 3 57 39 70 20 50 69 59 30 61 1 31 12 15 45 60 51 13 63 46 72 62 75 23 4 26 7 37 153 154 157 158
2 50 27 30 7 72 62 39 75 52 19 51 63 53 66 43 20 56 23 65 55 68 45 22 35 12 57 24 37 4 69 46 59 13 49 26 3 16 61 15 18 70 1 60 152 155 156 159
50 35 16 61 19 49 51 22 3 60 39 20 63 72 62 75 52 30 1 31 12 15 45 13 53 66 46 56 65 68 23 4 26 7 37 43 24 57 27 70 59 18 153 154 157 158
3 15 18 70 60 27 63 30 7 72 1 62 39 75 52 19 51 31 53 66 43 20 56 65 55 68 45 22 35 12 57 24 37 4 69 46 59 13 26 16 61 152 155 156 159
15 57 70 24 37 69 46 59 49 39 16 1 12 61 51 18 13 60 27 63 30 72 62 75 52 4 19 7 31 53 66 43 20 56 23 65 55 68 45 22 35 152 155 156 159
22 13 60 63 53 30 62 4 75 52 65 7 31 66 43 56 18 23 16 55 19 68 45 35 20 57 70 24 37 27 69 59 72 49 26 39 1 12 61 51 152 153 156 157
24 31 1 12 53 66 43 56 13 65 55 68 45 35 23 4 7 57 70 37 46 59 49 26 18 61 51 16 19 60 27 63 20 30 72 62 39 75 52 152 153 156 157
75 18 4 35 68 19 49 52 55 66 39 69 20 72 53 30 1 31 61 12 45 59 51 62 13 65 46 23 26 56 7 37 70 43 27 57 60 154 155 158 159
66 23 4 26 56 7 37 43 27 57 60 72 18 35 16 19 49 52 63 55 20 53 68 30 70 1 31 61 12 45 69 59 51 62 65 46 154 155 158 159
13 65 55 68 45 35 57 37 12 69 46 59 49 26 16 61 4 18 7 70 60 27 63 30 72 62 39 52 19 51 31 1 53 43 20 56 23 152 155 156 159
65 68 23 4 70 7 52 55 69 39 72 53 18 35 16 19 49 1 31 63 20 51 62 46 30 26 56 61 12 43 45 27 57 59 60 154 155 158 159
16 70 60 37 27 30 72 62 39 52 19 1 12 51 18 31 63 53 43 20 23 7 55 68 45 35 57 56 69 46 59 49 26 61 152 155 156 159
70 1 31 61 63 45 59 51 62 46 26 56 12 43 27 57 60 23 4 35 37 68 19 49 52 55 39 69 20 53 72 30 154 155 158 159
55 61 46 63 23 4 26 7 37 62 43 27 18 56 35 19 49 52 68 39 20 51 53 57 69 59 72 1 31 12 45 153 154 157 158
61 39 20 53 69 30 1 31 12 45 59 51 63 46 72 62 23 4 26 56 7 37 43 27 57 60 18 35 68 19 52 154 155 158 159
7 63 53 43 20 56 23 68 45 35 12 57 37 69 46 1 59 49 26 60 27 4 30 72 62 39 52 19 51 31 152 155 156 159
57 1 31 12 45 51 46 23 4 68 26 56 37 43 27 69 59 72 18 35 19 49 39 20 60 53 63 62 30 154 155 158 159
59 68 30 1 31 12 45 69 51 46 23 4 26 56 37 60 63 27 72 62 18 35 19 49 52 39 53 154 155 158 159
68 51 62 46 23 56 37 43 27 60 18 4 35 19 49 52 63 39 20 69 30 72 1 31 12 45 154 155 158 159
18 30 72 62 39 52 19 51 31 53 1 43 20 56 23 45 35 37 12 69 46 49 26 60 4 27 63 152 155 156 159
30 69 46 4 49 19 20 51 60 63 72 39 52 1 12 31 53 43 56 23 26 45 27 35 37 152 153 156 157
60 35 19 49 52 20 51 53 31 12 45 69 72 23 4 26 56 37 43 27 39 63 62 154 155 158 159
45 23 69 4 46 26 49 37 43 27 51 63 35 72 62 19 52 20 53 56 1 31 153 154 157 158
31 27 37 69 46 49 51 19 63 20 72 62 52 1 12 53 43 56 35 23 4 26 152 153 156 157
27 19 20 43 56 46 35 1 12 37 69 72 49 39 23 4 51 26 63 53 62 52 152 153 156 157
51 39 20 69 72 49 1 46 63 53 62 52 12 43 23 4 35 37 19 153 154 157 158
43 23 4 26 37 56 46 35 19 69 72 39 49 20 63 1 53 12 52 153 154 157 158
35 63 72 62 39 52 23 4 26 53 56 19 37 20 69 49 1 12 152 153 156 157
37 63 1 53 12 56 23 26 69 46 49 4 19 72 20 62 39 52 152 153 156 157
1 4 69 49 26 39 63 20 72 62 52 19 53 56 46 12 152 155 156 159
39 63 19 53 62 20 52 26 12 56 46 23 4 69 72 49 153 154 157 158
62 19 49 52 69 20 53 63 12 72 46 23 4 26 56 154 155 158 159
69 12 46 23 4 26 56 19 49 52 63 20 72 53 154 155 158 159
20 4 72 52 19 53 56 23 12 46 49 26 152 153 156 157
12 46 49 26 4 72 52 19 63 53 56 152 155 156 159
4 63 53 56 46 23 26 72 52 19 152 155 156 159
63 19 49 52 72 53 46 23 26 56 154 155 158 159
23 53 56 46 49 26 19 72 52 152 153 156 157
53 26 49 52 56 46 72 153 154 157 158
19 72 52 56 46 49 26 152 153 156 157
56 26 49 52 72 46 153 154 157 158
46 26 49 72 52 153 154 157 158
49 72 52 26 153 154 157 158
72 26 52 154 155 158 159
26 52 152 153 156 157
52 153 154 157 158
93 134 147 101 137 78 114 81 104 92 146 76 136 79 149 126 103 82 116 106 138 115 151 128 105 118 95 87 150 127 90 140 117 94 130 107 97 85 77 91 139 129 142 119 96 132 109 89 99 141 131 108 144 121 98 111 80 83 143 120 133 86 110 123 100 113 84 145 122 135 112 125 102 152 155 156 159
134 124 138 126 127 151 108 141 110 122 150 140 87 90 120 101 102 132 104 85 86 116 88 142 118 119 103 133 105 117 89 144 143 99 80 81 146 83 113 97 98 128 100 130 131 145 82 112 135 84 114 148 96 129 147 137 94 106 78 92 136 123 149 125 139 76 77 107 79 109 91 121 154 155 158 159
112 147 124 137 114 127 106 87 90 136 149 101 126 139 116 104 85 107 88 91 148 138 151 105 128 141 108 118 89 150 140 117 130 120 99 80 102 83 129 86 142 119 97 132 100 103 84 131 144 121 94 143 78 146 123 81 111 113 92 95 76 98 79 145 109 122 82 125 115 96 110 152 153 156 157
147 142 115 145 96 126 129 110 143 87 90 120 101 123 104 85 77 107 137 88 118 140 91 121 124 105 135 127 108 138 89 141 122 99 80 102 132 83 113 86 116 146 97 119 100 130 103 133 84 114 136 117 94 149 78 81 111 92 144 95 125 76 148 98 128 79 109 151 131 82 154 155 158 159
104 143 98 79 133 110 123 82 113 96 145 122 135 87 90 124 137 101 114 85 77 88 146 91 136 149 126 139 116 106 89 148 138 115 128 105 118 99 80 102 150 127 140 117 86 130 107 97 120 100 103 84 129 142 119 132 109 141 94 131 108 144 121 78 111 81 92 95 76 152 153 156 157
143 85 77 107 137 88 118 140 91 121 124 105 135 136 138 89 122 149 99 80 102 132 83 113 148 86 116 97 151 119 100 131 103 133 84 114 115 117 150 94 78 81 111 92 95 125 76 98 128 79 109 139 82 142 144 96 126 127 110 141 146 106 87 90 120 101 145 123 154 155 158 159
105 108 144 121 111 94 133 110 146 123 78 113 81 92 76 145 98 122 79 82 125 96 124 137 114 127 87 136 149 90 126 139 101 116 106 85 77 88 148 91 138 115 151 128 118 89 150 140 117 130 107 120 99 80 102 83 129 142 119 86 132 109 97 100 103 141 131 152 153 156 157
108 131 144 89 121 111 133 110 146 123 99 113 80 81 83 145 97 98 135 100 148 125 82 115 84 96 124 137 114 127 94 106 78 136 149 126 90 139 116 92 95 76 77 107 79 91 138 151 128 141 118 150 140 117 120 87 101 102 129 142 85 86 132 109 88 122 103 152 153 156 157
84 85 150 127 140 117 130 107 120 97 87 129 142 119 96 132 109 86 99 78 141 81 131 144 121 98 111 88 76 79 82 133 110 123 100 113 90 145 122 135 89 125 102 92 124 101 137 114 91 94 146 136 149 126 103 139 106 148 138 115 151 128 118 80 95 83 152 155 156 159
85 120 133 110 87 123 100 90 132 145 122 99 135 89 78 102 81 92 144 76 124 79 101 137 114 91 82 146 136 113 126 103 116 148 125 138 115 128 95 77 150 127 140 117 94 130 107 97 139 129 106 119 96 109 86 80 141 118 83 131 121 98 111 88 152 155 156 159
76 81 146 136 113 149 126 80 116 83 148 125 138 115 128 82 118 95 150 127 117 94 130 107 97 139 129 106 142 119 96 86 99 151 141 131 144 121 98 111 88 78 120 133 110 87 123 100 77 90 132 145 122 135 89 102 79 92 124 101 137 114 91 152 155 156 159
81 136 149 79 126 103 139 116 106 83 148 138 151 128 118 95 150 140 117 130 107 120 97 77 87 142 119 96 109 86 99 89 141 131 144 121 98 111 88 101 80 133 110 146 123 100 113 90 145 122 135 125 102 115 92 82 124 137 114 78 91 94 152 155 156 159
116 117 78 120 111 92 95 129 98 142 79 119 109 132 82 115 96 110 131 144 121 106 87 133 90 146 123 101 77 107 88 91 145 122 135 125 89 124 137 127 99 80 102 136 83 149 113 126 139 86 97 100 103 148 114 138 151 128 118 150 94 140 153 154 157 158
117 118 97 100 103 150 114 115 140 130 120 129 94 142 119 132 78 111 92 95 131 98 144 79 121 109 82 96 110 133 146 123 106 122 135 90 101 77 107 88 91 124 137 127 89 136 149 126 139 99 148 80 102 138 83 151 113 128 86 141 153 154 157 158
82 124 137 114 91 127 94 136 149 126 103 139 78 106 83 148 77 138 151 79 141 118 95 150 140 130 107 120 97 87 129 142 119 132 109 86 122 99 89 144 121 98 111 88 101 133 110 146 123 100 113 90 80 145 135 125 102 115 92 152 155 156 159
124 115 96 110 133 146 106 87 145 120 135 101 148 123 125 77 107 88 118 91 121 137 127 89 122 149 126 139 129 99 80 102 83 113 138 151 86 128 141 97 119 100 103 114 150 140 130 94 142 78 132 111 92 95 98 79 131 109 144 153 154 157 158
87 90 83 132 86 145 122 135 89 125 102 92 101 137 114 91 146 136 78 113 149 126 80 103 106 79 148 138 115 151 128 118 150 127 140 94 130 97 139 129 142 119 96 77 109 99 141 131 144 121 98 111 88 120 133 110 123 100 152 155 156 159
90 100 113 77 145 122 88 135 125 102 92 89 137 114 91 127 94 136 149 126 80 103 139 83 106 148 138 115 151 128 118 95 150 140 130 107 120 97 78 129 142 119 96 132 79 99 141 131 144 121 98 111 101 133 110 146 123 152 155 156 159
144 135 127 138 89 141 149 122 99 151 102 132 83 113 86 97 119 100 150 130 103 133 114 136 94 78 80 111 92 95 125 98 128 79 109 139 131 142 96 126 129 110 145 106 148 120 123 77 107 137 88 118 140 91 121 154 155 158 159
97 140 83 130 107 86 139 129 142 119 109 141 131 94 121 98 111 78 92 95 120 133 110 79 123 100 96 132 145 122 135 102 101 137 114 77 146 88 136 91 113 149 103 106 89 148 138 115 151 128 118 150 80 127 152 153 156 157
140 119 100 130 103 133 114 136 146 145 94 148 78 111 92 95 125 98 128 79 109 139 131 115 96 126 149 110 106 151 141 120 101 123 77 107 137 88 150 118 91 121 135 127 138 89 122 142 99 80 102 132 83 113 154 155 158 159
118 120 133 123 94 78 145 80 122 111 135 92 125 95 98 79 109 115 96 110 146 136 149 126 106 101 148 151 77 128 107 88 91 150 89 130 139 129 142 119 132 99 102 83 113 86 141 131 100 121 103 114 153 154 157 158
109 114 146 99 136 80 149 102 126 83 139 86 100 148 103 138 115 151 128 150 127 94 130 120 78 92 95 129 142 119 98 132 79 96 141 131 121 111 106 133 110 113 101 77 107 88 145 122 91 135 125 89 137 152 153 156 157
114 127 96 130 110 129 142 119 106 132 101 141 77 107 131 88 121 91 89 120 133 123 145 122 99 135 80 102 125 83 113 86 100 103 137 146 136 149 126 139 94 148 92 138 115 151 128 95 98 79 153 154 157 158
149 150 111 92 95 125 98 128 79 139 131 142 115 145 96 126 148 129 110 120 101 123 77 107 137 88 91 121 135 127 138 89 141 122 99 80 102 83 113 86 146 119 100 130 103 133 136 151 94 78 154 155 158 159
150 151 100 130 103 133 136 148 94 78 111 92 95 125 98 128 79 139 131 142 115 145 126 127 129 110 106 120 101 123 77 107 137 88 91 121 135 138 89 141 122 99 80 102 132 83 113 86 146 119 154 155 158 159
101 110 91 123 132 145 122 135 102 137 86 88 146 100 136 113 126 103 89 148 125 138 128 99 80 83 127 95 130 107 98 79 139 96 129 106 142 119 151 141 94 131 78 111 92 77 120 133 152 153 156 157
110 77 107 88 91 137 127 89 136 126 139 148 99 80 138 115 151 102 128 83 86 100 103 130 120 129 142 119 132 92 141 95 131 98 121 111 96 133 146 123 113 145 106 122 135 125 152 153 156 157
86 130 107 120 80 129 142 119 83 96 132 99 89 141 131 121 98 111 88 133 146 123 100 113 145 122 135 125 79 102 115 92 137 91 127 94 136 126 103 139 106 77 148 138 151 128 95 152 155 156 159
130 119 100 103 142 132 94 141 78 131 111 92 95 125 98 128 79 133 115 146 96 126 129 145 135 106 120 123 137 77 107 88 91 121 136 127 89 139 122 148 138 151 99 80 102 83 113 153 154 157 158
78 126 103 106 83 148 138 115 151 128 95 127 107 139 129 142 119 96 132 99 141 131 121 98 111 88 120 133 123 100 113 80 145 122 135 89 125 102 79 92 137 91 94 146 77 136 152 155 156 159
126 111 92 137 95 125 127 98 79 136 115 96 139 148 138 151 128 106 120 123 77 107 88 91 129 142 122 132 141 131 99 80 102 83 113 119 100 133 103 146 145 135 94 153 154 157 158
79 91 94 146 136 103 139 106 83 148 77 138 115 151 128 95 127 107 120 129 142 119 96 132 99 141 131 121 98 88 133 123 100 113 80 122 135 89 125 102 92 137 152 155 156 159
91 133 146 123 100 113 145 122 135 125 102 115 92 77 88 137 127 94 89 136 103 139 106 148 138 151 128 95 83 107 129 142 119 96 99 141 131 121 98 111 152 155 156 159
98 89 136 139 129 106 138 80 151 128 141 83 107 120 142 119 132 122 99 95 121 111 96 133 146 123 100 113 103 145 135 148 125 102 115 77 88 137 127 152 153 156 157
100 77 120 88 129 142 119 132 89 131 121 111 99 80 83 133 146 123 113 145 122 135 125 102 94 137 127 92 95 136 103 139 96 148 138 115 151 128 152 153 156 157
151 94 80 111 92 95 125 128 139 131 142 115 145 96 148 129 106 120 123 77 107 137 88 121 135 127 138 89 141 122 99 102 132 83 146 119 103 133 136 154 155 158 159
142 99 80 102 132 83 113 103 133 136 148 94 111 92 95 125 128 139 115 96 129 106 120 123 146 77 107 137 88 121 145 135 127 138 89 141 122 154 155 158 159
89 141 131 121 111 133 123 113 88 145 122 135 125 92 137 80 94 83 146 136 103 139 106 148 138 115 95 127 107 120 77 129 119 96 132 99 152 155 156 159
141 99 80 146 83 128 131 145 115 148 129 94 111 92 123 95 125 77 107 139 96 127 138 122 106 120 102 132 137 88 119 121 103 133 135 136 154 155 158 159
92 146 113 103 106 148 138 115 128 95 77 88 127 94 107 139 129 119 96 99 80 83 131 121 111 120 133 123 132 145 135 125 102 137 152 155 156 159
146 123 77 107 137 139 121 135 127 138 122 132 88 119 103 133 136 99 80 111 83 113 95 125 131 115 145 96 129 148 94 106 120 154 155 158 159
131 137 122 139 99 80 102 83 113 138 119 103 94 132 111 95 125 128 115 96 127 129 133 136 106 120 145 135 123 148 77 107 88 121 153 154 157 158
137 115 96 129 145 106 120 123 77 88 121 135 127 139 122 148 138 99 80 102 132 83 113 119 133 136 94 111 95 125 128 154 155 158 159
83 139 129 119 96 132 99 121 111 120 133 123 113 145 122 135 125 102 136 103 80 106 148 138 115 128 95 127 94 107 152 155 156 159
123 133 77 107 88 121 145 148 125 122 127 99 80 102 113 136 139 119 103 138 128 94 111 95 129 132 115 96 106 153 154 157 158
133 77 107 88 121 127 99 80 102 132 113 119 103 145 135 94 111 95 125 128 115 96 136 129 139 138 106 120 154 155 158 159
135 106 120 77 107 88 121 145 127 122 99 80 102 132 113 136 139 119 103 148 138 94 111 95 125 128 115 96 129 154 155 158 159
94 106 148 138 115 128 95 127 107 120 129 77 119 96 132 99 121 111 113 88 145 122 125 102 136 80 139 152 155 156 159
106 145 122 80 125 95 96 127 136 139 148 138 115 128 77 88 107 120 129 119 132 99 102 121 103 111 113 152 153 156 157
136 111 95 125 128 127 129 120 77 107 88 121 122 145 148 99 80 102 132 113 119 103 115 139 138 154 155 158 159
121 99 145 80 122 102 125 113 119 103 127 111 148 138 95 128 115 96 129 132 120 77 107 88 153 154 157 158
107 103 113 145 122 125 115 127 95 139 96 148 138 128 77 88 120 129 119 132 111 99 80 102 152 153 156 157
103 95 120 96 119 132 122 111 77 88 113 145 148 125 115 99 80 127 102 139 129 138 128 152 153 156 157
127 115 96 145 120 148 125 77 122 139 129 102 138 128 88 119 132 99 111 113 95 153 154 157 158
119 120 99 80 113 132 122 111 95 145 148 115 125 96 139 77 129 88 138 128 153 154 157 158
111 139 148 138 115 128 99 80 102 120 129 132 95 113 96 145 122 125 77 88 152 153 156 157
113 139 77 129 88 132 120 99 102 145 125 80 95 148 96 138 115 128 152 153 156 157
77 80 145 125 102 115 139 96 148 138 128 95 120 129 132 122 99 88 152 155 156 159
120 88 145 122 125 80 95 139 115 96 148 138 128 129 132 102 153 154 157 158
115 139 95 129 138 96 128 102 132 88 122 99 80 145 148 125 153 154 157 158
138 95 125 128 145 96 129 139 148 122 80 102 132 154 155 158 159
145 88 122 99 102 132 95 125 128 139 96 148 129 154 155 158 159
96 80 139 148 128 95 129 132 99 88 122 125 102 152 153 156 157
88 122 125 102 80 148 128 95 139 129 132 99 152 155 156 159
80 139 129 132 122 99 102 148 125 128 95 152 155 156 159
139 95 125 128 129 122 99 102 132 154 155 158 159
99 129 132 122 125 102 95 148 128 152 153 156 157
129 102 95 125 128 132 122 148 153 154 157 158
95 148 128 132 122 125 102 152 153 156 157
132 102 125 128 148 122 153 154 157 158
122 102 125 148 128 153 154 157 158
125 148 128 102 153 154 157 158
148 102 128 154 155 158 159
102 128 152 153 156 157
128 153 154 157 158
152
153
154
155
156
157
158
159
