#/usr/local/lib/python3.10/dist-packages/colab_kernel_launcher.py -f /root/.local/share/jupyter/runtime/kernel-dea7114a-48f2-47cd-9840-9590734c419b.json
# GMT Thu May 23 17:25:08 2024
# 
8 9 51 41 31 21 11 20 33 65 5 68 35 12 67 34 47 24 37 46 36 13 58 25 38 15 28 18 50 63 40 62 39 29 42 4 7 140 146 147 153
9 57 34 47 14 23 36 13 16 58 0 48 3 15 28 37 50 27 40 39 29 1 51 64 41 18 21 63 53 66 43 7 55 32 22 35 140 146 147 153
40 41 44 5 35 16 53 22 66 33 6 17 20 65 58 67 11 14 15 46 59 32 48 61 51 4 60 7 37 63 10 27 38 62 18 143 144 150 151
41 21 38 64 54 18 66 43 56 2 35 19 0 55 22 68 3 45 34 57 47 49 28 12 48 61 32 13 50 63 62 7 52 10 143 144 150 151
11 14 7 56 10 69 46 59 13 49 26 16 25 15 28 37 5 27 30 39 52 29 42 19 54 31 21 66 33 65 68 67 57 34 24 140 141 147 148
14 37 1 69 46 12 59 36 49 26 13 58 48 61 51 60 17 30 62 29 42 19 64 44 21 53 56 33 65 55 68 45 67 34 140 141 147 148
6 48 38 51 28 50 63 2 7 62 3 52 65 42 54 31 44 21 43 56 10 46 23 45 35 25 67 57 24 4 69 59 36 49 26 16 140 146 147 153
48 17 34 67 57 30 44 49 28 31 45 29 61 51 32 46 60 50 53 23 4 26 7 37 62 27 38 18 2 56 0 33 143 144 150 151
29 68 45 35 34 47 5 16 19 0 69 3 59 49 20 61 60 63 25 30 1 12 15 62 13 64 54 31 4 53 56 55 141 142 148 149
68 51 26 56 7 10 21 43 24 27 57 38 60 35 19 3 33 36 39 20 50 53 34 67 69 44 47 28 61 12 42 15 145 146 152 153
21 64 10 53 43 55 32 22 35 5 16 19 44 0 34 3 24 17 69 46 25 61 1 12 15 27 13 62 4 51 141 142 148 149
64 43 38 60 69 5 35 16 19 0 22 52 3 63 17 50 30 65 25 28 1 31 61 15 59 51 46 23 4 26 7 37 145 146 152 153
25 34 47 56 69 46 59 26 61 38 10 12 37 50 13 49 23 54 63 20 30 33 65 55 32 45 35 0 67 44 57 141 142 148 149
34 31 58 13 63 23 4 24 27 54 44 53 66 18 2 65 55 0 35 17 20 67 47 37 69 59 36 142 143 149 150
44 47 10 42 43 27 69 49 58 18 4 7 60 19 63 22 3 33 39 52 30 54 1 53 45 67 23 57 26 143 144 150 151
47 57 15 59 32 13 46 61 4 7 60 50 43 38 52 65 18 2 54 35 19 0 22 66 56 39 20 30 67 143 144 150 151
10 54 53 66 33 13 65 45 22 58 37 46 0 36 49 3 26 39 16 61 38 15 18 60 30 62 52 42 32 140 141 147 148
54 27 66 56 65 2 16 49 0 22 52 3 33 57 39 50 59 58 61 31 12 15 45 51 32 63 26 37 144 145 151 152
2 50 27 17 7 52 42 51 63 53 56 33 65 55 32 45 35 4 59 36 13 49 26 3 16 61 38 15 5 18 60 140 146 147 153
50 5 58 35 16 51 22 33 36 17 60 39 20 28 15 13 53 66 46 65 23 4 43 57 38 59 144 145 151 152
3 15 28 5 17 62 52 42 19 51 31 53 20 23 65 32 12 67 24 37 69 46 0 26 58 38 140 146 147 153
15 24 46 36 39 16 1 18 60 27 63 17 52 4 42 19 7 66 33 65 45 58 35 140 141 147 148
22 28 63 53 30 4 42 31 43 33 23 5 16 55 0 45 58 35 17 67 57 59 26 1 12 61 38 141 142 148 149
28 57 17 37 69 36 49 58 38 1 12 60 63 30 42 4 51 7 24 27 53 33 18 5 16 19 141 142 148 149
57 1 31 45 13 46 4 26 7 37 43 24 67 27 69 18 5 16 33 36 17 60 62 30 144 145 151 152
18 30 62 52 31 0 43 20 56 17 13 32 45 35 67 24 37 69 49 58 60 7 27 63 140 141 147 148
30 69 46 4 5 59 36 16 17 20 60 63 39 42 12 13 31 26 7 65 55 45 67 37 142 143 149 150
5 60 7 62 42 1 53 66 43 20 56 33 23 65 55 45 4 37 69 36 39 16 61 38 140 146 147 153
60 35 19 0 52 51 66 1 12 45 59 26 56 43 24 55 27 39 62 65 145 146 152 153
45 67 69 4 59 7 49 43 24 27 61 51 16 0 33 17 66 56 12 58 143 144 150 151
27 31 0 20 43 56 58 1 12 37 13 49 39 23 51 26 63 62 65 42 32 141 142 148 149
32 55 13 58 35 67 23 37 69 59 24 49 20 16 19 1 31 62 52 65 42 43 12 46 142 143 149 150
55 46 63 23 26 37 43 38 67 56 35 19 49 0 33 17 58 20 51 53 69 59 1 31 144 145 151 152
51 58 69 49 0 31 33 17 63 26 52 12 42 43 24 56 23 4 19 144 145 151 152
43 4 26 37 66 24 56 38 58 33 39 20 53 12 62 52 13 65 143 144 150 151
35 63 62 52 42 24 66 56 16 0 17 20 46 36 61 1 12 142 143 149 150
37 53 56 13 67 23 26 69 49 58 19 33 36 20 62 42 142 143 149 150
1 67 69 59 49 26 16 38 17 7 20 62 52 42 31 0 53 66 56 46 23 140 146 147 153
67 31 61 12 42 46 4 56 38 39 16 0 33 36 17 69 145 146 152 153
17 61 38 19 31 12 53 66 33 13 23 65 7 59 36 49 140 141 147 148
36 61 38 52 42 23 4 26 7 53 66 56 24 16 19 0 69 49 39 142 143 149 150
61 20 53 12 13 63 62 4 56 38 58 66 65 19 49 0 33 145 146 152 153
38 53 66 65 31 12 26 49 7 63 16 62 52 42 142 143 149 150
31 24 69 46 59 49 16 63 20 52 42 12 66 58 4 26 142 143 149 150
7 63 53 66 56 33 23 12 24 46 13 4 62 39 140 146 147 153
58 62 65 12 42 23 4 39 20 53 16 19 0 33 144 145 151 152
62 16 19 49 52 39 20 12 59 46 56 24 66 145 146 152 153
12 24 46 4 39 0 66 33 23 65 140 141 147 148
13 69 46 59 26 52 19 0 53 66 20 56 33 23 140 141 147 148
42 69 4 46 59 20 52 63 53 66 56 24 143 144 150 151
23 53 56 65 24 69 59 49 26 16 19 20 39 52 141 142 148 149
53 26 24 39 16 56 46 59 144 145 151 152
16 39 52 19 66 20 46 49 140 141 147 148
63 19 52 20 0 66 59 65 26 56 24 145 146 152 153
19 39 52 66 20 56 65 24 69 46 26 140 141 147 148
56 24 39 46 144 145 151 152
69 59 4 24 49 0 52 39 145 146 152 153
20 4 39 52 65 24 46 26 141 142 148 149
24 66 33 4 46 49 52 141 142 148 149
46 26 65 33 143 144 150 151
65 52 39 0 66 59 145 146 152 153
0 49 39 66 33 59 26 140 146 147 153
4 33 59 49 39 140 146 147 153
26 66 49 52 141 142 148 149
59 49 52 33 66 39 144 145 151 152
66 52 39 145 146 152 153
52 39 144 145 151 152
33 39 49 142 143 149 150
49 39 143 144 150 151
39 142 143 149 150
98 137 92 127 104 117 76 90 116 129 106 128 131 95 79 71 82 130 120 110 99 93 96 134 80 78 136 113 126 88 125 102 72 105 86 89 70 141 142 148 149
137 79 112 85 99 83 74 96 126 77 91 113 97 127 78 108 109 128 86 119 70 92 73 103 133 76 138 87 90 123 135 100 114 95 139 117 145 146 152 153
78 79 121 134 111 124 101 114 123 136 113 80 72 135 75 138 115 105 82 94 107 116 106 86 118 71 108 85 88 133 110 87 100 132 77 140 146 147 153
79 127 81 117 126 93 129 106 83 72 96 86 138 70 73 76 107 120 119 132 99 111 101 123 100 136 113 103 74 77 102 115 105 82 140 146 147 153
70 75 130 120 97 110 119 132 122 99 112 121 111 88 101 123 100 136 103 80 93 135 102 138 114 127 104 71 139 106 96 86 118 108 140 146 147 153
75 120 133 110 87 100 122 99 102 134 111 124 101 91 71 81 123 113 126 103 80 93 83 135 125 138 95 127 94 84 116 118 131 72 88 140 146 147 153
76 118 85 121 88 120 97 133 110 72 87 100 77 90 71 132 73 122 114 91 81 123 126 103 80 116 115 128 82 127 94 107 84 86 140 146 147 153
118 128 109 90 104 127 100 81 129 119 71 101 115 121 102 83 130 120 133 93 74 96 80 135 113 97 108 111 124 88 136 126 86 143 144 150 151
99 138 115 105 88 127 104 117 89 139 92 116 73 119 128 131 121 120 95 71 85 109 122 83 134 113 80 126 91 97 135 125 141 142 148 149
138 129 132 83 93 96 107 80 110 94 124 127 111 88 74 105 86 89 125 136 87 109 90 123 100 84 114 101 82 134 115 145 146 152 153
95 104 117 87 126 139 116 129 106 96 128 131 108 80 130 107 120 110 119 132 112 74 77 134 89 101 133 123 100 103 102 72 115 141 142 148 149
104 71 101 128 85 131 121 102 130 120 74 109 91 94 97 134 111 114 136 88 72 86 89 92 73 87 90 127 107 116 129 106 142 143 149 150
72 120 97 110 87 100 77 132 109 121 111 124 91 81 90 126 135 102 82 114 117 94 107 84 139 129 96 73 86 71 140 146 147 153
120 121 92 106 87 130 100 117 134 82 124 85 115 83 136 116 135 77 107 80 110 91 113 127 97 108 88 144 145 151 152
92 130 123 132 122 135 77 102 111 124 101 136 113 126 88 116 86 89 115 73 117 94 97 139 129 81 119 96 82 85 108 121 141 142 148 149
84 94 116 129 106 119 96 131 85 130 74 110 87 77 100 80 132 112 89 102 134 111 124 101 123 136 113 90 103 93 135 115 105 140 141 147 148
94 134 71 114 82 85 136 113 83 135 125 102 105 74 80 127 117 139 96 88 128 131 108 86 73 97 133 132 81 141 142 148 149
125 131 116 133 74 132 110 91 113 124 108 111 88 136 126 105 119 122 73 103 106 128 109 90 123 127 100 114 139 117 112 85 144 145 151 152
131 106 87 123 139 81 101 112 85 129 121 102 83 133 93 96 80 110 91 134 127 130 88 135 105 89 119 122 73 145 146 152 153
88 100 73 132 109 112 114 86 126 85 135 102 105 127 117 107 80 139 116 106 119 96 97 140 141 147 148
100 139 116 74 86 119 89 87 90 121 132 122 112 82 134 111 136 103 96 80 115 97 107 142 143 149 150
129 81 117 71 101 115 139 102 116 93 74 126 107 130 91 133 97 127 128 86 119 122 103 136 87 109 123 144 145 151 152
115 127 93 74 116 77 119 107 110 97 111 105 86 132 89 73 103 90 124 123 81 114 135 82 85 143 144 150 151
128 132 135 114 96 82 112 113 83 93 74 107 91 122 124 139 106 108 90 123 117 89 119 71 101 73 85 144 145 151 152
80 101 91 81 136 113 77 90 83 135 82 117 107 96 109 86 130 71 132 112 89 134 140 141 147 148
101 91 117 107 116 106 108 121 130 87 133 132 122 102 111 82 85 123 136 83 103 93 74 142 143 149 150
97 124 89 73 87 136 90 103 116 81 71 107 119 109 93 108 74 121 77 91 110 123 135 141 142 148 149
117 71 82 112 85 139 93 96 133 91 108 122 134 124 105 86 89 73 106 109 90 81 143 144 150 151
113 134 124 114 96 77 110 126 116 108 111 105 73 139 106 109 119 81 133 71 112 132 135 143 144 150 151
134 127 108 111 122 73 103 133 87 109 90 135 71 112 85 121 102 132 136 74 126 110 145 146 152 153
105 130 102 110 83 132 109 112 93 96 77 111 91 124 126 86 103 87 90 139 106 81 108 121 142 143 149 150
130 86 89 119 122 106 87 121 136 81 71 82 112 85 83 139 107 110 91 124 109 111 133 135 145 146 152 153
106 108 133 71 82 85 102 112 83 111 124 114 93 123 91 107 89 73 139 116 142 143 149 150
127 85 121 102 83 74 96 77 91 108 86 89 119 73 87 90 133 132 114 144 145 151 152
91 124 136 102 114 73 87 126 139 119 96 81 108 107 83 112 74 121 141 142 148 149
124 108 111 126 122 73 103 87 109 71 112 85 121 116 132 93 74 96 77 144 145 151 152
110 114 89 136 73 103 126 90 135 85 83 93 74 77 107 133 108 132 122 143 144 150 151
86 87 81 122 112 71 85 121 133 123 93 77 102 114 96 108 140 141 147 148
87 73 112 81 121 82 136 126 83 74 77 114 107 139 96 140 141 147 148
108 111 123 136 81 82 102 83 114 139 74 119 77 122 112 142 143 149 150
77 81 123 136 90 103 93 102 82 116 71 83 85 74 109 89 111 140 146 147 153
81 126 139 116 83 119 96 85 73 122 89 133 90 71 103 114 140 141 147 148
85 109 83 122 112 89 102 136 90 126 103 135 140 141 147 148
132 122 103 90 123 114 71 82 121 102 83 135 74 126 145 146 152 153
114 82 112 139 116 111 121 107 89 73 103 109 122 71 123 143 144 150 151
121 90 139 71 102 133 123 122 135 82 112 83 136 107 144 145 151 152
109 111 133 89 103 90 135 112 96 136 82 116 83 74 107 139 119 142 143 149 150
74 133 123 136 103 82 116 93 96 119 89 111 140 146 147 153
133 107 89 73 103 123 102 83 135 93 82 112 139 111 145 146 152 153
73 122 112 136 90 126 102 139 83 119 96 140 146 147 153
83 116 119 96 112 111 123 103 93 140 141 147 148
112 116 119 89 90 71 82 93 135 143 144 150 151
90 122 102 89 71 123 136 126 93 116 141 142 148 149
82 107 139 116 96 123 136 126 103 93 140 141 147 148
93 123 126 103 135 107 139 119 89 122 71 141 142 148 149
123 107 122 126 71 116 139 144 145 151 152
71 107 119 96 122 102 126 140 146 147 153
89 122 111 126 135 102 139 116 119 140 141 147 148
126 136 107 111 119 122 103 144 145 151 152
139 102 135 116 107 111 145 146 152 153
102 122 111 136 116 142 143 149 150
116 96 111 136 143 144 150 151
119 122 107 135 111 103 143 144 150 151
135 107 122 103 136 111 145 146 152 153
136 103 145 146 152 153
107 96 103 122 142 143 149 150
111 103 96 143 144 150 151
122 103 96 144 145 151 152
103 96 142 143 149 150
96 141 142 148 149
140
141
142
143
144
145
146
147
148
149
150
151
152
153
