#/usr/local/lib/python3.10/dist-packages/colab_kernel_launcher.py -f /root/.local/share/jupyter/runtime/kernel-dea7114a-48f2-47cd-9840-9590734c419b.json
# GMT Thu May 23 16:55:07 2024
# 
26 30 7 10 2 21 24 16 34 29 19 8 33 0 11 32 14 3 25 17 9 1 20 12 36 15 35 76 77 80 81 85 86
30 15 18 29 2 4 5 24 13 36 16 27 19 11 22 3 14 6 17 28 34 33 23 12 32 25 76 77 81 82 86 87
15 14 3 16 25 6 9 1 12 4 20 29 7 28 23 32 18 2 5 27 8 22 31 17 35 74 75 79 80 84 85
7 12 21 16 11 2 25 20 29 24 33 10 19 28 0 14 9 1 32 18 27 22 31 4 8 74 78 79 83 84 87
18 35 8 3 14 16 11 1 25 20 29 24 17 9 10 2 12 4 5 13 32 27 36 31 75 76 79 80 84 85
35 10 29 2 21 5 13 24 16 27 19 8 0 22 3 14 33 6 28 17 9 1 4 34 77 78 82 83 86 87
29 32 36 25 31 9 20 12 23 4 2 21 5 24 13 16 27 8 0 22 3 76 77 81 82 85 86
32 21 22 36 24 13 16 6 8 19 11 0 1 31 25 17 28 34 9 5 27 77 78 81 82 86 87
8 9 2 27 36 22 31 17 16 11 6 1 34 24 33 4 19 28 14 23 74 75 78 79 83 84 87
9 0 3 25 34 20 24 33 19 28 1 4 36 13 22 31 2 12 16 74 75 78 79 83 84
0 5 14 23 27 36 4 22 31 12 16 2 34 11 20 6 24 33 1 10 28 74 77 78 82 83 86 87
5 3 27 31 12 21 16 25 1 11 6 4 34 20 2 24 33 10 14 23 74 78 79 82 83 87
11 14 23 4 13 22 31 17 12 21 16 3 6 25 1 24 33 19 28 74 75 79 80 83 84
14 24 33 3 23 6 1 4 36 22 17 21 25 2 13 34 20 74 75 79 80 84 85
23 22 3 6 34 17 24 33 1 20 28 10 2 21 27 4 31 13 16 75 76 80 81 85 86
10 27 36 22 31 3 12 21 6 16 25 1 34 20 24 33 19 28 2 13 74 75 78 79 83 84
27 2 21 22 13 36 31 19 3 25 17 12 4 33 28 76 77 81 82 85 86
36 2 21 13 22 3 33 6 17 28 1 20 31 12 4 34 77 78 82 83 86 87
25 34 28 12 4 19 21 22 3 13 16 6 1 20 76 77 80 81 85 86
34 6 17 28 1 20 12 21 13 24 16 19 22 33 77 78 81 82 86 87
3 6 19 28 2 4 13 31 17 12 21 1 74 78 79 82 83 87
6 24 19 13 22 31 2 17 12 21 20 1 74 78 79 83 84 87
24 17 20 2 13 33 28 16 19 22 76 77 80 81 85 86
33 28 1 20 31 12 4 21 13 19 22 77 78 81 82 86 87
16 22 31 17 21 19 1 12 4 75 76 79 80 84 85
12 20 19 13 31 17 21 4 74 75 79 80 83 84
21 22 31 2 28 17 1 20 75 76 80 81 84 85
22 2 19 17 20 75 76 80 81 85 86
31 2 13 19 28 17 20 76 77 81 82 86 87
2 20 19 28 4 74 77 78 82 83 87
19 17 4 13 20 28 75 76 80 81 84 85
28 17 20 4 13 76 77 81 82 85 86
17 13 1 4 75 76 79 80 84 85
13 1 20 4 74 75 79 80 83 84
4 1 74 78 79 82 83 87
1 20 74 77 78 82 83 87
20 75 76 80 81 84 85
55 63 72 45 58 40 51 53 43 48 37 38 62 57 66 70 56 52 60 46 47 39 42 69 64 59 68 75 76 79 80 84 85
63 42 61 50 53 66 56 45 70 37 48 65 59 69 51 40 62 54 46 38 57 49 41 68 52 72 76 77 80 81 85 86
44 72 49 58 53 48 39 42 62 71 57 66 52 47 56 65 60 40 43 38 69 64 73 59 68 41 45 74 78 79 83 84 87
72 47 66 58 73 69 42 61 50 64 45 56 67 48 40 70 65 38 57 68 60 49 41 71 77 78 82 83 86 87
37 42 60 46 69 64 73 50 68 40 58 53 39 67 62 71 48 57 43 52 61 70 38 47 65 74 77 78 82 83 86 87
42 40 64 68 45 54 67 53 62 38 43 41 71 66 39 52 61 56 65 51 69 46 74 78 79 82 83 87
45 39 69 64 73 54 49 67 48 40 43 62 71 57 52 61 70 41 47 65 51 60 74 75 78 79 83 84 87
48 51 46 47 39 64 59 49 58 67 53 40 43 62 71 57 66 61 70 56 65 74 75 79 80 83 84
51 52 61 70 65 60 43 46 38 49 41 64 73 59 54 67 53 62 47 39 71 57 74 75 79 80 84 85
60 59 40 62 71 54 66 61 70 38 65 52 46 64 41 73 68 50 53 67 56 75 76 80 81 85 86
47 64 73 68 40 54 49 58 43 53 62 46 38 41 57 66 52 56 39 50 74 75 78 79 83 84
64 39 58 59 61 73 68 56 67 62 54 46 57 71 66 65 69 76 77 81 82 85 86
73 66 39 58 69 53 67 56 59 40 70 62 54 46 38 68 41 52 71 77 78 82 83 86 87
62 71 52 70 54 46 49 41 56 58 59 43 38 57 67 76 77 80 81 85 86
71 43 65 54 46 68 41 52 66 39 58 61 56 59 40 70 77 78 81 82 86 87
39 69 50 59 54 40 49 67 53 66 43 61 70 46 41 38 74 77 78 82 83 87
69 58 59 50 61 43 56 38 57 68 40 52 65 54 70 41 67 77 78 81 82 86 87
40 43 61 70 56 65 46 50 59 68 58 57 66 74 78 79 82 83 87
43 52 70 65 46 50 41 59 68 54 49 58 53 57 74 78 79 83 84 87
52 53 46 38 49 66 61 56 65 50 59 68 54 74 75 79 80 84 85
61 54 68 46 38 67 49 41 58 66 50 70 56 76 77 80 81 85 86
70 54 38 68 49 41 58 50 53 67 59 77 78 81 82 86 87
53 59 68 54 50 58 67 57 66 56 65 46 49 75 76 79 80 84 85
49 57 66 65 46 50 59 68 38 54 58 67 41 74 75 79 80 83 84
58 59 67 50 56 66 65 54 38 57 75 76 80 81 84 85
66 68 54 67 38 57 41 50 56 76 77 81 82 85 86
46 67 57 65 41 50 59 54 74 75 78 79 83 84
68 50 56 59 65 38 41 76 77 81 82 86 87
59 50 56 67 38 41 75 76 80 81 85 86
56 54 67 50 57 65 75 76 80 81 84 85
65 54 38 57 67 50 76 77 81 82 85 86
54 57 50 41 75 76 79 80 84 85
50 67 38 57 41 74 75 79 80 83 84
67 41 38 57 76 77 81 82 86 87
57 41 38 75 76 80 81 84 85
38 41 74 77 78 82 83 87
41 74 78 79 82 83 87
74
75
76
77
78
79
80
81
82
83
84
85
86
87
