#/usr/local/lib/python3.10/dist-packages/colab_kernel_launcher.py -f /root/.local/share/jupyter/runtime/kernel-4e96f4f6-3ff9-4b57-9774-52bcdd39bbb8.json
# GMT Mon May 27 21:40:00 2024
# 
13 88 101 35 77 24 37 79 92 26 81 15 136 28 7 138 30 85 19 87 129 21 1 23 78 133 67 80 10 14 135 69 16 137 58 126 4 139 60 115 128 62 130 51 64 66 134 55 110 123 59 114 127 48 61 116 50 39 52 96 109 3 56 98 111 32 45 34 36 49 27 40 6 95 42 84 31 99 33 280 286 287 292 293 299
88 26 7 37 60 134 123 5 35 16 112 125 39 50 127 84 44 78 118 107 120 23 109 122 8 111 100 113 55 6 66 17 102 104 117 30 93 64 15 45 75 95 43 24 54 77 90 22 52 3 82 33 67 80 12 42 96 65 46 98 40 70 89 74 133 19 0 135 72 34 124 137 47 28 9 51 128 81 283 284 289 290 296 297
16 93 106 29 42 1 12 84 18 31 99 20 22 35 90 92 134 26 0 94 136 28 83 30 127 9 74 129 21 23 80 122 135 56 5 124 137 71 126 139 60 115 128 14 117 130 64 66 55 68 8 57 112 46 2 114 61 6 116 37 105 118 52 120 54 109 43 111 32 100 113 89 102 36 49 25 38 280 286 287 293 294 299
93 80 39 100 69 65 84 14 44 48 29 23 4 137 57 87 38 72 128 2 85 66 17 132 134 64 75 123 136 60 125 138 43 54 129 58 18 118 22 3 82 63 133 67 122 111 1 31 61 42 76 113 126 46 115 70 117 74 106 95 68 49 97 110 53 83 114 32 62 92 26 56 94 107 90 96 86 283 284 290 291 296 297
35 106 40 108 42 86 101 5 103 20 81 14 25 136 83 138 72 23 4 74 129 8 76 89 131 65 2 80 135 137 30 60 73 128 62 75 77 24 119 53 66 134 18 55 68 110 123 3 57 70 112 125 46 114 48 61 31 105 52 107 120 41 21 54 109 122 45 100 0 113 47 49 91 104 28 9 280 281 287 288 294 295
106 107 39 69 20 109 122 14 44 113 97 48 115 23 117 4 76 27 57 38 108 110 55 6 36 66 17 112 100 30 11 64 15 94 45 75 98 9 54 77 52 3 63 86 67 133 31 61 135 46 137 89 40 126 139 104 130 68 49 0 132 72 83 34 28 123 51 81 62 125 114 127 116 129 60 131 284 285 290 291 297 298
76 107 120 10 40 70 21 109 74 111 124 113 68 19 49 0 102 115 34 117 9 119 51 62 95 108 97 26 56 7 99 112 60 71 101 5 14 25 48 29 85 98 23 87 100 27 57 89 8 133 2 80 66 84 11 86 15 128 77 132 24 79 121 58 18 3 125 67 114 116 31 61 12 118 131 65 282 283 289 290 295 296
107 8 87 72 130 91 132 55 6 36 17 121 100 123 136 30 138 15 45 75 114 116 129 43 73 24 131 58 122 52 3 82 63 111 124 126 61 12 42 65 95 117 119 89 108 110 68 19 112 0 102 53 83 28 9 81 32 62 77 26 7 37 60 41 71 105 39 69 50 14 25 135 78 23 284 285 290 291 297 298
6 48 63 105 118 120 122 98 113 34 115 36 49 38 51 27 42 110 31 99 101 22 90 103 24 37 4 92 39 81 28 83 96 2 138 72 19 32 87 89 23 78 12 133 25 80 14 135 5 69 124 137 71 84 126 7 128 3 117 9 130 77 11 53 66 121 134 123 136 57 112 59 114 127 280 285 286 292 293 299
48 100 113 102 115 49 104 15 51 95 108 43 24 110 99 18 22 1 31 42 46 83 96 138 98 10 40 21 87 89 131 91 34 67 82 47 28 9 137 71 84 126 60 26 7 130 41 77 119 66 121 55 20 112 72 114 29 61 116 129 50 105 23 118 4 52 8 120 38 54 109 2 111 281 282 287 288 294 295
9 90 132 24 79 92 26 68 81 3 136 83 138 72 85 19 1 131 65 78 120 12 133 67 122 14 124 60 73 115 128 62 51 53 108 42 123 44 112 125 5 114 103 50 105 118 39 41 96 30 32 45 87 34 89 23 36 2 38 40 82 95 29 84 97 18 139 86 20 33 75 280 286 287 292 293 299
90 97 32 62 99 112 56 7 60 71 103 105 5 94 39 69 20 50 96 138 14 78 59 23 133 27 8 2 137 55 85 66 126 128 30 45 119 132 121 134 54 136 77 127 22 3 82 33 116 129 86 118 1 80 61 12 42 120 109 122 111 124 10 100 74 102 115 68 19 49 104 53 34 95 283 284 289 290 296 297
50 91 51 36 17 95 30 11 84 97 45 86 99 43 79 81 94 22 3 33 83 74 87 31 42 129 46 131 65 78 40 21 67 80 69 82 124 0 126 139 73 128 62 75 117 47 28 64 77 132 66 121 37 110 70 112 5 61 103 20 63 105 52 44 54 122 56 98 4 27 38 102 115 281 282 288 289 294 295
91 118 131 65 120 14 44 25 74 111 124 23 4 113 68 8 102 115 53 83 104 117 119 36 81 32 30 26 99 75 101 103 54 39 69 105 94 84 63 78 12 87 10 40 70 21 135 85 137 139 49 0 64 128 130 28 132 43 73 134 77 58 7 52 82 125 138 41 71 86 67 127 116 1 80 283 284 290 291 296 297
69 104 117 42 95 108 65 110 21 99 103 68 19 49 92 53 81 94 47 83 138 51 32 62 26 56 7 89 41 78 135 39 82 71 139 25 73 128 59 119 132 27 57 38 121 134 123 136 70 55 36 66 72 114 127 30 11 116 129 64 15 45 118 109 122 24 54 22 3 115 67 282 283 288 289 295 296
104 103 84 14 25 131 97 78 59 133 23 4 27 137 126 128 55 36 66 17 119 15 94 45 75 121 134 98 123 136 43 24 54 114 77 58 18 116 129 22 82 33 63 67 120 109 122 1 80 31 61 46 113 40 21 74 117 68 19 49 72 53 83 81 32 62 92 26 37 60 71 39 283 284 290 291 297 298
25 34 89 38 10 27 40 95 23 4 84 19 8 86 99 33 75 17 134 68 81 70 83 72 5 74 129 63 20 131 65 18 14 133 80 135 56 137 58 71 12 73 49 117 64 119 132 53 121 55 123 0 57 112 125 114 61 116 105 118 39 52 94 41 3 96 43 98 111 32 1 280 281 286 287 293 294
34 94 83 72 4 74 87 8 129 131 65 78 133 17 67 80 122 135 30 82 11 124 71 126 128 62 130 24 121 134 68 22 3 33 57 70 127 1 31 12 61 103 116 63 39 21 120 41 109 43 98 19 0 47 115 36 49 28 51 32 95 26 7 84 97 44 99 101 77 92 280 281 287 288 293 294
44 47 102 115 49 39 108 84 14 86 99 29 101 42 79 27 8 81 94 96 21 36 74 87 15 65 133 80 122 137 58 126 7 37 73 3 128 62 75 117 130 119 132 1 31 53 121 134 110 57 70 40 125 46 59 127 61 103 4 19 63 105 118 120 54 28 56 17 32 111 11 113 281 282 287 288 294 295
47 79 92 29 23 4 27 38 85 74 87 89 36 17 131 133 30 67 80 135 15 45 82 84 126 60 73 24 128 62 75 130 18 64 132 53 33 121 134 68 1 112 72 46 127 10 63 21 105 52 65 54 19 122 56 98 111 58 100 113 102 49 32 7 37 95 41 110 99 39 20 103 281 282 287 288 294 295
30 112 125 46 4 59 114 61 63 39 109 122 56 26 98 58 100 102 5 36 20 40 97 86 99 33 23 27 8 37 79 92 2 136 83 96 138 0 15 129 131 133 67 80 135 18 82 137 22 126 60 73 128 1 12 117 130 77 132 53 66 121 55 68 57 70 280 281 287 288 293 294
112 96 124 94 126 79 115 73 24 117 54 39 58 119 22 82 63 1 31 61 42 110 89 40 55 85 68 19 0 53 98 133 32 135 56 37 101 139 105 5 80 20 99 95 132 14 134 29 59 136 125 138 23 4 114 27 38 72 102 2 131 17 120 81 122 284 285 291 292 297 298
62 101 103 22 33 79 92 83 96 31 61 12 72 46 10 21 89 131 78 19 82 53 124 137 71 84 51 32 117 77 26 56 7 132 60 121 68 123 5 20 127 129 105 29 65 120 4 109 122 27 57 38 100 113 102 55 115 36 11 15 45 108 97 110 24 281 282 288 289 295 296
101 92 126 139 11 128 26 130 60 41 71 132 20 99 136 84 125 138 14 97 78 29 129 23 118 27 57 8 38 120 109 85 36 17 113 102 115 64 45 98 43 73 24 110 77 22 52 3 33 67 105 80 31 61 95 46 10 89 40 74 4 19 49 72 53 135 28 137 51 81 283 284 290 291 297 298
39 117 2 40 53 108 42 97 110 11 26 99 103 5 24 94 18 138 3 33 98 74 87 12 133 80 82 36 137 84 139 73 19 0 77 132 28 79 121 134 57 70 7 37 22 114 116 118 20 52 65 120 54 109 122 43 56 111 124 4 115 38 280 281 287 288 294 295
117 103 84 78 108 67 61 12 42 27 46 133 21 19 49 0 139 64 128 98 130 28 73 77 58 121 56 37 22 52 41 71 125 127 5 80 114 118 131 14 120 89 29 59 74 124 68 87 72 83 2 36 119 17 51 81 11 96 15 60 105 24 284 285 291 292 297 298
4 96 109 0 45 102 27 40 3 29 97 18 139 86 99 1 75 77 24 79 92 134 26 68 81 15 136 70 83 72 19 21 63 65 78 12 133 67 80 135 56 124 71 73 115 7 128 49 53 108 55 110 123 57 46 114 103 105 52 41 54 280 285 286 292 293 299
96 99 68 38 53 83 103 2 105 17 81 92 11 26 56 60 71 54 20 133 14 135 3 29 126 139 12 87 132 21 121 134 55 85 36 123 138 0 64 94 75 116 129 28 118 43 24 120 77 109 7 124 100 113 102 1 65 95 46 119 10 40 74 97 110 283 284 290 291 296 297
99 26 56 7 41 108 110 14 103 29 59 27 55 85 36 66 17 131 11 133 64 15 94 45 75 98 137 126 43 73 24 128 58 18 22 52 82 134 123 136 80 61 125 95 46 10 89 70 74 68 49 0 72 53 111 100 113 51 81 32 283 284 290 291 297 298
55 61 116 129 118 24 54 67 56 111 124 52 3 58 100 113 1 31 12 46 108 40 97 0 92 28 81 32 37 85 98 41 87 5 20 133 135 82 71 139 86 128 75 27 8 38 77 119 132 2 79 134 36 17 51 136 125 11 138 15 127 45 281 282 288 289 294 295
61 17 67 135 82 11 124 137 71 84 45 139 73 75 130 24 119 132 58 110 33 125 114 127 1 12 42 129 63 118 40 21 109 122 98 100 102 95 108 56 37 60 41 86 5 79 92 94 136 29 83 72 27 57 131 2 65 78 281 282 288 289 295 296
120 27 57 87 2 21 85 17 119 11 0 15 45 98 138 43 54 77 58 18 22 52 3 82 63 86 116 1 31 12 137 114 95 126 139 128 40 70 74 49 121 53 83 136 125 127 81 111 7 131 60 41 71 5 20 103 84 14 97 78 23 284 285 291 292 298 299
29 45 113 5 102 49 14 108 42 31 23 27 8 2 37 79 81 94 136 83 138 72 15 85 74 129 89 131 24 78 133 67 18 135 22 82 124 137 58 71 126 60 128 1 75 130 132 66 10 121 68 70 59 127 103 28 105 118 52 109 26 7 98 111 280 281 287 288 293 294
45 110 57 70 125 59 127 27 8 116 63 2 118 54 109 11 56 98 111 15 100 102 49 24 51 18 95 108 22 3 97 86 12 42 10 81 138 72 85 0 74 89 67 80 135 7 37 124 137 126 139 75 130 20 64 119 132 53 66 121 281 282 287 288 294 295
15 110 123 57 46 59 114 127 63 105 118 52 41 54 109 56 98 111 58 100 102 36 14 38 108 31 20 2 22 103 37 79 11 26 81 136 83 17 138 19 74 129 23 65 78 133 67 80 135 137 18 139 73 128 130 64 119 53 134 0 280 286 287 293 294 299
110 131 75 60 41 122 24 54 111 124 103 126 115 3 63 97 12 27 10 21 36 100 49 98 109 28 43 77 58 7 52 82 71 86 5 20 65 95 46 139 14 59 130 23 132 134 102 53 123 2 125 138 66 51 32 92 127 11 284 285 290 291 297 298
92 28 51 81 32 94 56 7 60 138 5 131 84 14 78 59 137 23 126 139 27 57 38 128 130 2 119 85 36 66 17 123 75 79 114 127 116 43 73 105 118 77 58 63 122 86 67 111 31 12 42 65 46 10 40 21 95 68 19 0 72 53 283 284 290 291 296 297
8 41 54 109 43 56 98 111 32 113 102 36 38 95 108 42 7 97 86 20 33 5 22 24 37 79 94 136 70 17 72 85 19 87 129 131 23 133 67 80 82 124 126 18 73 115 128 130 51 64 119 11 132 66 68 3 123 59 114 127 1 63 118 280 286 287 292 293 299
27 122 20 56 111 100 113 102 36 51 40 108 42 97 33 11 79 94 28 83 24 138 85 18 74 87 89 67 124 137 71 126 139 10 73 130 77 0 132 121 68 123 136 57 125 59 72 114 7 116 22 105 118 65 280 281 286 287 293 294
125 64 94 75 135 79 109 137 54 126 77 128 52 3 82 33 132 86 116 67 134 80 12 42 114 65 127 89 70 21 123 74 19 49 0 72 53 83 113 28 60 124 105 118 20 122 103 97 108 59 57 87 38 138 121 85 66 17 119 284 285 291 292 298 299
84 102 115 67 1 80 31 20 95 97 10 59 74 103 68 105 72 53 51 81 32 85 98 11 56 75 41 131 71 5 24 54 137 18 128 78 132 42 57 123 21 36 66 114 129 49 118 79 43 122 73 111 113 37 22 52 82 283 284 289 290 296 297
102 14 78 23 57 38 2 85 36 135 100 137 139 64 94 75 128 130 24 132 77 58 134 18 22 82 33 63 138 114 127 31 42 129 46 131 10 40 70 21 109 122 74 111 49 0 72 53 83 32 26 7 41 20 105 283 284 290 291 297 298
43 64 119 132 66 121 68 123 2 57 70 36 59 17 72 114 127 11 116 65 54 109 56 111 58 100 113 22 3 115 49 12 42 108 97 86 10 21 46 103 19 0 98 87 26 7 37 41 133 80 5 82 20 137 71 139 14 128 75 130 281 282 287 288 294 295
64 123 136 54 70 18 72 114 33 63 116 129 131 65 31 12 109 122 46 111 40 21 100 113 115 49 0 53 95 108 28 97 32 26 56 103 5 83 85 98 14 87 89 78 67 80 38 135 71 36 139 17 73 86 11 130 119 79 121 282 283 288 289 295 296
103 115 32 11 119 26 108 60 41 5 54 63 97 12 42 70 85 36 100 19 49 0 137 79 139 28 128 73 77 58 7 37 52 121 134 86 138 1 31 65 95 129 14 89 40 118 131 59 74 133 23 122 113 126 283 284 290 291 297 298
115 3 63 78 108 59 131 122 42 57 87 124 85 36 66 79 109 28 24 54 77 22 52 82 86 67 31 138 114 65 46 10 70 68 38 72 53 113 137 2 126 139 81 32 111 11 26 119 132 60 41 71 134 123 284 285 291 292 297 298
87 74 109 122 98 19 49 0 100 28 51 81 32 26 56 7 37 60 71 5 14 59 138 23 57 2 131 85 17 135 124 139 128 130 119 132 58 18 22 52 3 82 63 123 136 86 67 114 1 12 42 65 46 105 10 21 283 284 289 290 296 297
1 67 14 135 82 3 124 71 18 60 73 128 75 130 119 132 121 123 136 57 114 127 116 129 63 105 118 41 109 56 58 100 113 49 40 95 108 31 86 79 26 81 94 28 83 138 72 85 19 32 21 131 23 12 133 280 285 286 292 293 299
67 31 126 139 10 40 75 130 119 19 49 121 0 134 123 136 114 129 105 26 7 118 37 41 5 98 111 65 14 108 57 38 97 86 2 66 17 51 60 138 74 18 89 131 133 80 135 82 282 283 288 289 295 296
109 121 38 114 85 36 66 17 116 129 100 118 75 111 124 73 54 77 58 18 52 3 82 33 86 31 12 65 10 70 53 138 81 131 26 56 7 37 60 41 71 135 137 20 139 128 14 97 78 284 285 290 291 297 298
123 94 75 98 79 73 54 77 58 18 135 52 82 33 63 137 128 80 31 130 10 40 70 21 74 136 68 0 83 113 129 111 26 56 7 37 41 71 105 5 20 14 97 108 59 57 85 66 119 100 11 284 285 291 292 298 299
22 126 139 73 128 75 130 119 134 5 20 57 72 14 114 127 116 63 105 118 122 56 111 58 100 11 51 40 108 42 31 86 33 3 37 79 26 94 28 85 10 74 131 23 78 0 133 80 82 124 137 280 281 286 287 293 294
126 52 63 86 116 95 46 10 89 21 127 74 131 68 49 0 133 53 83 28 81 77 128 26 56 7 60 41 71 105 5 114 14 59 72 121 36 66 17 100 11 79 73 137 24 54 118 139 58 285 286 291 292 298 299
57 111 58 113 24 33 95 108 12 46 10 21 94 49 0 83 53 74 89 131 78 26 133 80 82 5 71 139 60 73 14 130 77 132 121 134 23 68 136 70 72 36 116 17 63 105 118 11 281 282 288 289 295 296
18 128 75 130 51 119 132 66 121 134 68 10 59 63 105 118 52 41 54 56 17 98 100 113 11 36 49 38 97 14 86 20 33 37 12 81 94 136 83 138 72 85 21 131 78 133 80 124 137 58 71 60 280 286 287 293 294 299
128 134 52 33 63 116 138 31 42 129 46 131 70 74 0 72 83 32 111 26 56 60 5 14 97 127 78 23 38 85 36 17 119 94 75 98 24 132 77 58 285 286 291 292 298 299
31 82 124 5 60 20 75 130 119 132 53 66 23 70 46 114 127 2 116 129 63 105 118 52 11 54 56 111 58 100 24 49 38 40 97 33 10 37 81 94 19 0 85 32 28 89 131 26 280 281 287 288 293 294
118 2 36 100 75 98 79 33 63 86 116 42 114 65 95 10 40 137 139 68 19 0 72 53 83 113 130 28 132 32 7 138 41 129 20 131 14 97 78 108 59 124 23 38 284 285 291 292 297 298
131 121 10 40 70 74 100 130 68 49 32 7 41 71 116 20 114 95 78 59 23 38 72 135 17 51 81 94 132 124 105 136 54 138 58 3 97 127 133 42 285 286 291 292 298 299
3 5 139 73 75 130 51 11 53 66 134 46 59 116 63 105 52 56 111 100 40 95 86 20 33 37 79 26 81 28 70 83 17 72 19 129 21 89 10 65 12 133 80 122 14 135 82 280 285 286 292 293 299
5 95 108 42 97 86 33 79 136 28 0 83 138 72 32 89 10 65 78 80 135 82 137 71 60 73 130 77 11 132 53 121 134 68 70 127 2 129 63 41 111 58 49 38 51 280 285 286 292 293 299
75 58 127 105 46 122 10 40 98 74 113 68 19 95 51 32 86 26 37 60 41 71 79 20 81 94 136 129 23 89 38 133 80 2 36 124 66 17 11 0 130 77 121 24 282 283 289 290 295 296
94 72 83 114 51 81 129 56 7 41 71 122 111 20 100 78 59 23 108 97 38 2 85 36 11 105 0 79 73 77 82 33 133 86 135 42 139 65 89 40 70 21 130 119 121 68 19 49 283 284 290 291 296 297
52 139 60 73 2 36 17 130 119 132 66 134 68 136 70 114 127 116 129 63 105 33 54 122 56 98 111 12 100 113 46 95 97 28 51 32 83 85 74 89 14 133 80 137 38 71 281 282 288 289 294 295
136 79 28 77 58 7 71 135 86 80 20 65 137 14 89 74 23 38 72 53 132 83 113 2 138 66 51 81 32 124 24 54 133 33 63 78 108 12 46 10 40 70 119 130 19 0 285 286 292 293 298 299
17 116 105 41 56 98 32 7 89 38 40 95 42 14 33 24 37 79 134 26 81 2 70 138 72 19 129 21 63 65 78 133 80 135 82 139 60 73 119 12 108 121 46 114 280 286 287 293 294 299
139 63 86 116 12 114 65 95 129 10 40 21 74 134 138 49 83 113 28 51 81 32 37 60 41 124 20 122 133 14 97 121 85 36 119 100 130 11 73 24 77 137 285 286 292 293 298 299
79 121 32 58 114 26 127 7 116 129 41 71 20 111 124 14 100 113 78 59 74 53 95 108 2 51 86 11 105 73 54 138 85 33 63 80 135 46 82 10 70 130 49 119 132 282 283 289 290 296 297
121 54 77 58 124 82 33 63 12 42 65 89 40 21 74 68 49 0 72 83 81 32 111 41 71 105 133 135 137 14 78 130 38 134 85 36 66 138 119 11 129 284 285 291 292 298 299
54 38 119 66 134 2 59 11 116 63 111 33 12 46 108 10 97 86 19 49 0 77 53 81 83 51 32 138 72 7 37 41 89 133 80 122 58 71 60 23 281 282 288 289 294 295
135 137 12 42 114 65 95 10 89 70 74 134 68 49 0 72 53 83 28 26 7 37 41 71 124 20 97 127 59 2 36 66 130 11 98 73 24 77 58 33 63 285 286 292 293 298 299
137 116 80 12 42 114 95 46 10 89 40 21 138 134 19 49 0 83 113 28 32 111 56 37 105 20 14 97 127 78 108 38 85 100 98 73 285 286 292 293 298 299
68 83 98 24 74 58 89 78 33 82 71 12 10 21 119 134 19 49 70 53 114 127 28 116 51 129 32 105 60 122 111 100 59 95 108 23 86 66 11 282 283 288 289 295 296
83 19 49 72 53 85 98 28 51 32 56 7 37 60 41 14 119 132 38 127 66 105 111 73 100 113 63 95 80 12 42 40 70 21 282 283 289 290 296 297
134 73 58 7 82 33 86 116 65 46 129 10 89 70 19 38 72 53 132 113 2 28 51 11 26 60 124 105 14 63 97 78 108 59 42 119 0 138 285 286 292 293 298 299
26 86 46 37 7 81 28 138 85 32 74 78 82 23 71 73 130 77 119 132 53 11 24 129 105 65 41 113 36 49 51 40 95 108 19 42 97 280 281 286 287 293 294
86 7 37 41 130 80 20 132 65 14 78 59 114 127 72 2 36 124 100 113 73 119 82 33 97 12 42 21 85 74 0 53 89 28 133 32 283 284 289 290 296 297
70 129 89 78 133 28 80 82 58 124 7 37 73 77 119 132 46 40 127 23 38 105 122 111 113 56 60 41 97 14 63 59 81 21 36 138 72 85 282 283 289 290 295 296
129 85 66 19 0 98 28 77 130 37 132 116 20 114 46 10 59 74 23 53 2 51 81 32 11 41 71 122 33 63 97 127 108 285 286 291 292 298 299
58 130 132 12 66 42 59 72 127 116 63 0 105 65 122 111 124 37 14 10 40 23 38 53 2 138 85 98 74 89 78 133 24 20 71 281 282 288 289 295 296
80 12 82 65 46 21 74 130 0 119 132 138 51 56 7 37 116 122 111 124 14 95 2 97 66 11 81 73 24 85 33 89 133 282 283 289 290 296 297
19 138 74 21 89 133 82 7 71 60 73 130 119 132 66 46 59 114 116 105 41 56 98 111 32 100 113 36 38 40 108 20 33 77 24 81 28 280 286 287 293 294 299
63 130 116 37 33 105 98 113 89 95 108 97 28 51 32 77 56 41 81 72 74 14 65 78 12 122 38 82 71 282 283 288 289 295 296
12 82 124 60 73 130 0 51 119 132 53 66 59 114 7 127 105 41 113 89 38 2 42 20 11 24 81 74 21 23 65 78 133 280 286 287 292 293 299
53 81 138 85 98 74 33 78 46 40 73 130 0 132 28 59 127 7 37 41 105 65 20 56 100 113 38 95 36 51 281 282 288 289 294 295
81 32 77 56 7 37 98 60 100 89 14 78 59 72 2 36 66 114 127 24 124 113 65 21 95 108 74 49 0 282 283 289 290 296 297
72 49 85 89 78 133 56 82 20 65 130 59 23 138 38 127 36 66 111 124 24 95 108 10 40 282 283 289 290 295 296
116 85 66 100 130 98 119 132 24 77 138 82 33 42 114 65 10 89 40 49 28 51 32 111 7 37 71 97 108 59 23 38 133 2 284 285 291 292 297 298
46 78 11 124 71 24 60 73 130 77 33 119 42 59 114 127 10 40 65 56 98 111 100 113 49 7 37 51 41 108 23 138 2 89 281 282 287 288 294 295
78 113 21 74 49 95 97 28 32 56 7 60 41 71 138 85 98 20 14 23 124 38 119 132 24 114 77 33 111 282 283 289 290 296 297
65 10 21 36 73 49 77 28 132 66 37 138 114 127 20 122 111 23 2 32 97 11 24 105 33 98 74 42 282 283 288 289 295 296
49 138 85 89 23 122 124 71 60 73 0 130 24 33 105 98 111 100 28 108 97 32 37 20 281 282 288 289 294 295
7 20 77 85 21 133 122 82 124 60 73 51 11 66 114 127 105 2 98 111 32 100 89 36 38 97 280 286 287 292 293 299
132 82 33 10 89 28 51 138 56 60 41 124 105 20 97 127 59 23 2 66 100 130 98 285 286 291 292 298 299
40 133 124 71 60 73 38 130 77 2 66 11 114 127 105 56 98 111 100 113 51 10 21 95 108 97 28 32 138 280 281 287 288 294 295
37 28 32 138 20 14 133 122 124 71 2 60 21 36 51 119 0 59 114 33 105 56 98 111 113 89 38 95 42 280 281 287 288 294 295
56 23 36 0 85 89 24 82 71 60 42 77 119 10 114 32 122 11 111 100 113 20 95 108 281 282 288 289 295 296
24 119 66 59 105 14 111 32 23 100 113 36 2 51 108 42 11 97 77 138 122 82 71 0 60 73 280 281 286 287 293 294
28 74 133 82 71 14 73 51 59 127 11 41 111 100 113 36 38 42 97 10 21 33 77 0 280 281 287 288 293 294
14 36 10 95 42 20 0 33 138 21 89 23 122 124 60 77 2 114 127 113 280 286 287 293 294 299
97 41 71 20 108 59 2 85 11 100 73 133 82 33 130 95 10 74 138 127 51 32 122 283 284 290 291 296 297
100 59 127 23 122 85 66 124 73 108 82 105 42 95 138 10 89 74 0 133 32 77 20 283 284 290 291 297 298
41 2 11 74 89 133 124 73 10 21 77 66 59 127 32 105 122 98 111 113 51 23 95 108 280 281 287 288 294 295
60 33 42 10 21 85 98 0 74 32 71 73 119 20 66 114 2 51 122 124 113 281 282 288 289 295 296
89 2 32 11 119 114 127 59 23 124 21 85 36 0 108 77 82 33 105 98 283 284 289 290 296 297
2 105 98 111 113 95 42 20 85 21 23 122 82 124 130 51 119 11 108 59 114 127 280 285 286 292 293 299
105 51 11 73 138 42 133 21 85 119 71 20 111 74 38 284 285 290 291 297 298
11 59 98 32 10 38 95 42 33 138 85 127 74 122 71 73 130 51 66 108 280 286 287 292 293 299
71 10 21 138 74 51 32 133 124 130 59 127 36 66 98 95 33 282 283 289 290 295 296
59 33 77 42 10 21 85 74 133 122 82 32 124 73 119 66 20 114 127 23 38 111 281 282 288 289 295 296
113 108 138 23 38 85 36 66 133 124 73 130 119 82 42 114 127 95 10 122 20 284 285 291 292 297 298
23 36 0 38 95 42 33 77 20 85 133 122 124 73 130 51 119 66 280 281 286 287 293 294
85 0 122 124 95 108 38 36 98 133 77 82 33 119 42 10 21 283 284 289 290 296 297
119 82 122 124 42 95 10 21 32 20 114 108 38 66 51 284 285 291 292 298 299
51 33 21 36 133 82 0 73 77 138 114 74 10 122 111 124 38 108 281 282 288 289 294 295
73 42 10 21 0 122 111 95 38 98 66 133 124 130 282 283 289 290 295 296
108 38 0 98 77 133 82 33 124 95 130 10 74 127 32 122 111 284 285 290 291 297 298
66 122 33 98 10 21 0 32 74 20 82 124 38 130 77 36 114 282 283 288 289 295 296
38 111 95 42 36 77 138 33 122 82 10 0 130 32 280 281 287 288 294 295
33 130 111 36 42 10 138 21 74 0 133 122 32 280 281 287 288 293 294
124 42 21 98 32 20 95 74 133 284 285 291 292 298 299
10 0 77 114 127 98 111 36 42 74 280 286 287 292 293 299
130 82 114 95 0 138 122 127 98 285 286 291 292 298 299
0 127 21 133 122 98 82 280 285 286 292 293 299
127 98 77 114 95 74 133 32 20 122 138 42 285 286 291 292 298 299
42 122 36 98 82 95 21 77 138 74 281 282 287 288 294 295
122 21 114 95 111 138 133 20 284 285 291 292 298 299
138 98 20 133 21 285 286 292 293 298 299
95 133 20 36 77 82 21 32 283 284 290 291 296 297
133 21 74 32 20 36 285 286 292 293 298 299
20 32 74 21 77 114 98 280 286 287 293 294 299
21 114 98 111 36 74 280 281 286 287 293 294
36 98 111 82 32 77 114 280 281 287 288 294 295
74 82 77 111 282 283 289 290 295 296
77 114 111 98 282 283 289 290 296 297
32 280 281 287 288 293 294
114 111 284 285 291 292 297 298
98 82 283 284 290 291 297 298
82 111 282 283 289 290 296 297
111 284 285 290 291 297 298
153 228 175 217 230 149 164 177 219 232 234 155 168 210 278 170 225 269 161 207 220 222 264 277 266 144 158 200 213 255 270 191 259 206 261 274 208 263 197 252 265 199 267 188 201 243 256 190 245 258 179 260 194 236 249 183 238 172 253 174 242 176 189 231 165 178 167 180 146 235 248 169 182 224 237 171 226 239 160 280 286 287 292 293 299
228 270 196 147 200 181 145 175 252 254 267 184 245 258 247 163 249 216 197 148 227 142 240 253 176 157 255 244 257 170 233 246 155 215 235 248 219 250 213 164 194 239 198 158 243 162 192 143 222 203 232 226 207 141 171 201 152 236 278 205 186 238 150 180 229 271 231 208 159 193 223 174 187 168 149 221 172 202 283 284 289 290 296 297
216 247 150 161 249 262 251 264 253 189 255 212 193 257 149 246 259 191 172 202 235 196 147 252 181 211 145 175 243 209 160 232 190 245 154 223 169 225 238 163 144 167 229 273 220 233 195 275 146 157 277 170 224 151 266 226 185 215 217 164 194 219 261 198 263 162 192 143 265 207 254 267 269 152 258 271 205 186 282 283 289 290 295 296
247 246 197 148 227 178 212 231 142 272 146 225 176 206 157 261 274 240 155 234 185 269 183 271 198 260 158 243 249 262 173 264 226 207 266 141 220 201 182 205 186 150 229 180 210 161 214 244 250 208 252 189 140 242 223 174 238 168 221 202 217 236 196 147 200 230 211 245 179 239 273 224 169 277 233 279 268 284 285 290 291 297 298
149 230 272 164 219 232 274 221 155 276 210 157 278 225 141 269 161 203 271 205 218 260 152 207 220 262 154 275 196 264 156 277 140 211 253 266 200 213 255 202 257 270 259 248 261 195 250 263 197 265 186 199 188 256 177 245 179 192 234 181 194 236 249 170 238 148 242 163 142 231 244 146 233 180 226 175 280 286 287 292 293 299
230 237 250 191 221 172 202 252 166 196 147 177 200 211 232 245 175 209 160 236 224 154 238 188 218 169 199 148 178 275 142 195 225 206 157 268 151 155 185 215 272 261 274 213 164 198 254 162 143 222 173 203 226 271 141 171 201 152 182 260 186 262 264 210 161 253 242 255 159 140 244 212 193 174 235 168 283 284 289 290 296 297
209 244 257 233 246 141 201 152 248 205 186 237 250 150 180 161 241 243 159 245 193 168 223 191 225 166 229 181 273 175 156 220 190 222 224 154 184 279 165 213 188 268 169 199 163 259 167 219 148 178 261 274 263 142 210 195 146 176 206 157 254 170 256 185 271 260 194 198 240 253 162 192 143 203 242 255 207 282 283 288 289 295 296
244 239 243 224 184 271 218 144 275 197 148 227 178 279 268 146 225 206 157 270 240 151 272 155 185 261 238 219 263 252 265 183 213 194 267 198 158 256 162 241 143 222 173 203 245 207 249 262 141 152 182 264 186 150 210 161 255 208 212 242 193 223 250 168 221 172 166 147 177 181 211 175 156 278 283 284 290 291 297 298
184 187 242 255 181 189 191 233 175 224 169 241 217 163 219 232 167 221 234 276 223 161 146 176 225 214 227 170 269 229 271 205 218 273 164 198 158 266 279 147 177 213 143 173 268 202 215 257 204 156 259 141 193 261 210 180 252 265 199 267 243 144 256 159 190 245 258 178 192 260 142 172 238 251 240 151 281 282 287 288 294 295
187 232 221 234 163 144 148 178 225 229 157 271 218 231 273 170 220 275 185 264 224 266 183 268 215 270 158 204 217 259 272 143 173 274 276 210 171 252 265 212 254 186 267 201 256 150 180 203 258 192 205 194 249 159 262 140 196 240 168 242 255 189 172 233 166 246 147 248 237 250 175 156 226 179 160 241 154 281 282 287 288 294 295
170 252 265 186 144 199 159 254 267 201 258 179 181 249 196 166 147 238 240 253 174 145 176 156 189 178 160 191 246 180 248 182 237 171 239 163 148 243 142 221 276 223 151 212 140 172 155 214 271 218 273 220 275 158 264 162 266 279 200 268 152 204 259 165 261 274 161 195 208 250 263 210 280 281 287 288 293 294
252 151 264 204 215 200 266 219 249 255 183 213 164 198 259 192 143 237 207 141 171 152 186 250 231 161 195 225 214 208 159 174 168 273 172 202 232 217 147 241 181 211 279 226 268 145 175 156 220 160 239 190 188 218 169 248 199 265 278 148 178 256 269 142 271 176 157 260 221 251 284 285 291 292 297 298
142 190 245 258 192 260 181 194 183 251 176 231 165 178 246 180 235 169 182 237 160 241 162 164 232 166 221 234 276 168 278 212 225 214 227 148 161 203 150 271 205 218 220 262 222 264 156 198 211 145 266 279 213 255 147 215 257 259 151 193 206 261 195 250 263 197 186 199 267 201 243 280 285 286 292 293 299
190 191 146 233 176 235 248 151 224 155 185 239 241 232 158 276 162 173 223 236 278 225 227 141 171 152 182 269 186 271 218 273 150 161 207 275 264 211 159 279 268 215 257 168 204 217 193 206 195 208 147 177 181 265 199 254 267 175 156 179 160 203 245 258 192 260 188 169 249 144 253 242 255 281 282 288 289 294 295
246 156 179 160 249 239 262 243 251 165 255 163 144 197 148 259 178 231 250 225 176 151 234 185 238 183 213 164 162 143 203 226 207 273 171 205 235 186 277 150 180 210 161 279 233 214 268 159 140 272 223 174 261 168 276 191 202 232 265 278 254 236 267 166 177 256 269 200 181 211 258 145 284 285 290 291 297 298
144 236 249 183 238 172 174 229 242 163 176 165 178 180 143 169 224 237 158 279 160 173 141 215 272 232 274 166 208 155 223 157 212 146 267 159 214 148 271 260 152 273 207 220 262 154 275 196 264 156 277 198 211 253 266 213 257 270 204 193 182 250 263 197 186 199 241 192 234 181 194 280 285 286 292 293 299
236 178 212 223 174 243 245 157 191 221 172 202 232 196 238 200 181 175 194 179 160 273 158 224 275 143 203 169 266 268 152 197 270 272 261 195 146 225 176 265 140 204 185 254 267 269 258 217 198 249 177 222 207 240 156 255 141 220 201 205 235 259 150 229 210 248 199 233 214 237 163 283 284 290 291 296 297
163 249 183 196 238 161 172 185 174 159 165 233 167 180 248 169 224 237 239 241 175 217 177 219 232 145 221 234 276 160 210 223 212 225 271 148 220 275 222 264 211 146 157 200 255 268 151 215 257 155 191 259 206 274 208 263 197 265 186 199 162 201 243 256 203 245 258 179 152 280 281 286 287 293 294
249 167 227 263 276 231 254 195 146 225 176 157 256 258 204 155 234 185 215 260 251 264 183 194 253 217 158 241 192 222 173 203 141 171 152 182 250 229 180 233 159 189 193 223 278 168 191 221 172 166 147 200 275 245 145 179 266 243 224 154 270 237 188 199 272 284 285 290 291 297 298
176 188 201 256 154 165 169 260 181 262 196 167 251 185 198 242 146 178 191 155 235 182 250 239 164 243 219 162 232 143 234 223 141 152 212 229 150 271 273 275 140 264 277 174 211 224 266 200 213 168 215 257 270 217 193 274 195 208 263 197 145 175 156 160 254 267 280 281 287 288 294 295
188 198 157 240 253 242 151 255 189 155 185 191 233 193 183 237 226 241 162 173 243 232 171 221 223 225 161 214 227 229 159 140 218 207 275 222 168 172 266 279 268 147 177 202 215 270 204 217 272 219 145 274 195 208 179 276 197 210 265 154 199 165 267 169 269 205 260 262 196 251 264 281 282 287 288 294 295
239 166 147 200 181 211 248 145 175 179 241 224 154 165 169 167 227 178 278 231 195 146 157 151 155 234 275 266 183 164 194 217 198 158 192 143 222 173 226 261 141 220 171 201 152 182 265 254 150 229 210 256 269 214 258 208 159 189 140 212 223 251 264 168 240 191 221 242 232 283 284 290 291 297 298
156 167 180 222 235 169 152 237 160 173 162 175 164 219 274 166 221 276 210 223 278 267 214 227 269 271 218 273 207 262 145 264 277 198 200 268 154 202 257 270 191 259 206 248 195 208 250 148 197 199 254 243 256 258 155 183 238 172 185 240 253 174 229 189 143 165 280 286 287 293 294 299
197 260 185 262 238 251 240 253 164 242 158 162 192 143 173 248 141 152 182 226 241 180 243 219 159 189 140 223 278 225 168 191 147 177 273 207 220 275 222 264 145 175 211 266 279 179 200 213 268 202 165 270 204 259 272 206 208 276 167 178 199 201 146 245 151 205 281 282 288 289 295 296
169 185 174 145 255 231 178 233 154 180 235 248 182 173 167 148 175 217 232 157 221 276 223 278 155 214 229 271 164 205 207 220 162 222 264 277 211 279 200 213 141 202 215 204 259 193 150 261 208 250 159 140 201 203 168 258 192 260 181 194 196 238 251 280 281 287 288 293 294
185 250 186 199 167 178 256 258 146 260 194 238 251 198 240 242 183 158 235 248 143 173 224 237 141 171 241 152 182 243 180 161 234 276 278 212 225 140 174 229 168 273 207 220 275 222 147 264 211 181 200 213 175 215 179 204 259 272 206 165 261 274 195 281 282 287 288 294 295
155 250 210 186 199 203 245 192 260 181 183 145 240 174 242 154 231 178 191 235 248 237 148 226 173 241 162 175 146 151 166 179 234 276 223 278 212 225 172 214 227 161 229 218 273 143 165 207 220 275 222 211 152 266 158 213 268 215 257 204 259 272 208 280 286 287 293 294 299
250 258 215 200 245 262 164 264 158 253 224 143 173 203 237 257 167 261 227 231 150 180 161 195 146 225 240 159 189 204 234 174 213 147 177 162 241 211 226 145 175 141 160 235 186 165 199 233 214 148 274 212 242 276 278 172 202 151 269 166 196 284 285 290 291 297 298
198 202 270 204 217 259 272 152 206 182 219 167 274 208 146 199 267 201 256 159 140 258 260 168 183 264 240 253 162 192 257 233 171 235 186 237 154 165 150 180 178 193 221 234 223 278 191 172 214 151 196 229 181 231 220 175 275 194 160 158 279 143 173 281 282 288 289 295 296
146 201 256 245 205 260 262 183 238 251 253 174 242 178 191 233 167 235 248 237 226 173 175 243 164 219 166 179 157 172 227 148 229 150 218 231 165 220 275 264 211 279 147 202 143 257 270 204 217 272 206 261 274 195 208 276 210 265 199 254 280 285 286 292 293 299
201 220 222 224 266 279 213 202 215 259 272 158 261 274 208 143 173 265 254 267 141 171 182 256 203 245 150 180 260 262 238 159 189 140 240 193 174 231 191 172 235 147 177 237 200 181 241 145 179 219 154 165 221 199 212 225 227 148 178 229 271 205 218 281 282 288 289 295 296
158 255 268 215 257 270 191 204 259 206 261 195 208 265 186 254 243 258 192 260 194 183 196 251 172 240 253 151 189 231 233 145 182 224 237 154 226 241 175 164 177 166 148 221 210 223 212 225 159 227 229 218 273 262 275 277 211 279 200 213 147 280 286 287 293 294 299
255 224 269 237 218 258 271 260 227 264 231 161 225 206 257 240 140 238 183 164 194 217 147 162 241 192 226 207 171 278 254 235 186 165 229 210 214 273 275 148 193 253 266 279 157 268 172 202 232 270 196 259 272 211 274 263 245 145 175 179 267 284 285 291 292 297 298
232 241 243 221 202 166 147 276 200 278 181 211 145 179 271 273 165 218 264 266 279 167 148 268 257 270 195 206 157 261 274 219 267 256 269 213 164 194 245 260 162 192 222 173 262 226 207 238 240 253 171 182 242 205 186 210 161 208 189 212 283 284 290 291 296 297
241 266 279 151 268 166 196 270 200 181 272 175 261 274 179 160 263 276 224 278 154 254 218 258 167 148 178 260 225 206 240 242 204 257 215 219 248 183 164 194 217 162 143 203 226 245 171 182 235 186 165 159 212 193 223 174 168 277 221 283 284 290 291 297 298
257 224 222 173 203 237 218 248 207 141 152 186 273 225 240 277 159 189 140 266 279 204 234 174 268 238 270 213 274 166 196 263 276 162 181 211 278 226 256 267 145 220 160 254 258 165 260 229 199 233 214 178 212 242 191 251 151 215 245 164 284 285 291 292 297 298
258 259 195 225 206 157 151 234 215 238 219 183 213 164 194 192 143 222 203 256 207 152 182 205 235 180 210 161 275 233 214 159 189 140 268 174 253 270 261 251 166 196 177 265 267 245 271 243 154 262 237 248 199 266 167 148 227 284 285 291 292 297 298
148 260 194 196 251 172 140 253 174 189 231 178 233 167 180 248 171 226 160 145 217 164 166 234 168 157 212 225 227 269 229 218 273 262 154 264 277 211 266 279 200 213 268 202 270 259 272 193 206 274 195 263 199 267 203 280 286 287 292 293 299
151 199 256 143 192 260 181 194 183 141 238 251 240 253 174 150 231 233 167 222 182 171 226 160 173 162 164 147 219 166 221 234 276 210 145 278 212 225 267 214 161 203 205 273 207 220 262 154 264 279 268 202 215 272 193 140 248 261 263 280 286 287 292 293 299
265 204 234 215 275 238 277 164 268 162 192 143 222 173 203 272 256 207 274 141 220 171 152 182 276 205 186 267 150 229 180 210 161 233 263 271 140 212 242 193 223 253 191 251 202 166 196 211 264 245 175 179 160 224 154 165 167 227 278 231 240 284 285 291 292 298 299
262 268 227 231 225 206 259 189 140 204 234 238 219 162 192 222 226 256 207 141 220 171 254 186 229 277 233 214 208 270 212 223 253 272 274 157 191 221 263 172 276 278 181 260 211 145 175 273 160 243 275 264 143 173 203 237 248 266 284 285 291 292 298 299
268 274 162 192 276 226 278 141 171 182 205 186 271 150 210 161 233 214 189 140 212 242 223 168 191 172 202 266 196 177 200 260 211 245 145 243 154 165 237 248 199 167 227 231 195 277 234 215 219 270 194 272 217 285 286 291 292 298 299
227 214 238 251 208 140 212 193 223 174 242 168 191 221 172 202 248 177 237 181 211 175 179 243 224 154 165 234 218 199 167 178 271 231 195 206 157 277 266 219 213 164 192 143 222 263 267 141 171 152 182 269 205 186 245 150 180 161 283 284 289 290 296 297
204 263 194 254 267 203 256 269 141 152 182 186 264 180 161 240 253 189 140 174 235 168 237 191 172 166 243 200 181 145 175 234 179 160 223 154 165 199 229 218 273 167 178 275 222 277 211 195 266 157 226 270 217 259 272 206 219 261 282 283 288 289 295 296
263 234 215 219 213 164 275 162 173 203 277 226 279 141 171 254 205 235 186 272 150 180 210 233 214 278 267 212 193 223 174 269 168 271 191 221 251 273 202 196 177 264 200 181 260 211 266 145 179 243 224 199 178 231 261 195 206 259 240 284 285 291 292 298 299
157 243 140 245 179 260 194 183 196 251 172 174 229 189 231 165 233 167 180 224 237 154 171 160 162 175 217 177 219 276 168 278 214 161 271 205 218 275 264 211 266 200 143 215 270 259 152 248 261 195 208 150 186 199 254 280 286 287 293 294 299
178 160 181 154 165 240 253 229 242 180 235 182 224 226 219 274 221 164 234 210 223 278 212 225 214 269 271 205 141 218 171 152 220 222 264 150 200 202 215 191 259 193 168 166 147 177 254 267 243 245 192 280 281 287 288 294 295
260 195 240 140 215 238 183 213 217 162 192 143 173 226 256 141 220 171 254 205 186 165 150 229 210 233 214 208 274 212 242 193 223 253 276 168 191 172 251 202 269 181 245 145 160 154 248 199 284 285 291 292 298 299
266 222 203 237 270 256 272 141 220 171 274 152 276 205 150 229 210 214 269 271 253 221 172 251 217 147 177 211 245 179 224 165 218 233 167 242 261 195 240 234 215 264 275 183 213 277 164 194 279 285 286 291 292 298 299
143 145 200 213 147 215 259 272 193 274 195 208 186 140 267 243 256 203 245 179 192 181 240 242 231 233 180 248 182 171 226 173 162 217 219 166 221 276 168 210 278 159 150 218 207 154 222 264 277 211 280 285 286 292 293 299
145 167 180 235 237 141 160 162 175 243 177 166 234 276 168 140 225 172 214 229 152 165 207 220 154 275 222 264 277 211 279 202 215 270 217 272 208 210 267 256 269 245 192 183 196 251 174 189 231 191 280 285 286 292 293 299
215 162 173 203 254 243 245 171 182 150 210 240 159 212 193 174 233 168 191 172 224 237 226 196 200 175 219 179 160 234 154 278 199 269 229 273 220 275 222 195 206 277 272 213 261 164 274 282 283 289 290 295 296
234 276 212 193 223 174 168 267 191 221 269 177 175 179 160 253 224 218 199 167 237 195 225 245 140 219 238 213 164 194 217 222 203 226 275 277 141 220 182 279 165 229 210 270 214 259 261 208 189 283 284 290 291 296 297
224 141 220 171 160 248 205 237 154 199 214 243 212 223 278 221 172 202 238 200 271 273 164 275 194 277 173 203 218 270 259 152 180 161 195 206 254 269 159 189 174 219 183 213 251 264 177 162 222 283 284 289 290 296 297
183 217 259 272 206 167 274 208 276 212 267 269 203 245 205 194 164 196 251 264 162 189 233 171 193 182 235 248 150 161 186 243 140 168 278 225 172 214 166 218 273 207 220 175 275 179 160 211 154 165 200 270 281 282 287 288 294 295
217 213 270 272 219 147 177 274 221 278 254 267 205 186 256 264 253 242 191 172 202 259 166 196 235 248 181 237 154 245 203 225 152 238 182 167 240 229 161 195 218 231 220 233 275 222 189 174 279 226 168 282 283 289 290 296 297
202 243 162 219 152 182 278 212 214 229 271 218 231 273 207 189 140 222 193 264 277 211 213 166 196 259 177 206 181 261 276 210 179 267 256 269 203 199 205 167 238 251 240 253 242 233 235 226 194 281 282 288 289 295 296
162 279 200 259 206 274 195 208 276 154 254 267 256 269 203 245 192 181 194 196 251 240 174 242 180 235 186 175 243 221 238 214 218 231 159 273 165 207 220 275 167 222 277 211 280 281 286 287 293 294
279 192 222 173 275 226 141 182 235 186 165 150 229 180 161 233 278 208 212 242 193 253 276 168 172 251 196 177 200 181 245 179 154 237 267 248 199 271 167 231 195 225 259 240 140 238 219 213 164 194 285 286 292 293 298 299
219 261 168 172 254 166 267 177 256 269 175 160 205 251 154 167 233 193 235 237 243 200 164 194 278 238 192 173 229 271 231 141 273 220 275 186 222 277 180 161 195 159 189 259 174 282 283 289 290 296 297
261 271 213 164 194 264 192 222 173 207 141 171 152 254 205 235 186 150 210 161 214 208 159 189 140 212 193 223 174 168 191 166 147 177 200 211 245 273 179 165 231 276 195 225 206 240 267 269 284 285 291 292 298 299
238 274 276 208 223 267 269 206 271 273 200 253 179 242 173 259 237 248 207 141 186 231 161 225 245 159 189 140 174 168 213 147 177 275 277 175 160 205 270 154 165 229 199 214 283 284 290 291 297 298
274 164 192 222 275 256 207 277 220 254 205 186 165 229 180 214 208 189 242 193 272 223 168 221 172 251 166 200 181 245 160 243 273 154 203 267 271 182 167 231 195 225 259 240 278 285 286 292 293 298 299
150 161 271 205 218 152 207 154 222 277 211 259 272 193 206 147 195 208 186 199 267 256 245 181 194 196 240 253 174 242 189 233 167 180 248 182 171 160 173 243 164 179 276 223 278 141 212 225 280 286 287 292 293 299
161 203 273 159 140 220 196 264 277 211 200 213 270 191 193 206 248 195 186 199 254 177 179 181 194 251 240 174 189 165 233 222 171 226 173 175 164 276 168 210 152 223 212 225 280 281 286 287 293 294
222 171 152 186 259 180 214 276 208 189 254 256 269 168 221 172 147 251 200 240 233 154 248 218 226 182 278 140 225 229 213 164 194 231 273 177 173 203 282 283 289 290 296 297
194 259 272 206 208 210 199 243 256 245 164 196 251 192 173 253 231 171 233 186 235 180 226 193 168 223 278 212 166 147 269 181 271 205 207 220 179 160 264 277 154 270 281 282 288 289 294 295
213 259 192 141 182 205 186 267 159 140 174 251 240 253 168 242 191 166 196 147 177 181 211 235 248 237 175 226 154 165 221 167 278 225 195 206 218 220 275 164 270 282 283 289 290 295 296
152 207 220 154 275 211 200 191 272 206 248 195 208 199 147 192 181 196 251 240 253 229 242 231 165 233 167 180 235 237 171 160 173 175 164 177 166 168 223 159 203 205 141 280 286 287 292 293 299
207 182 277 186 180 270 159 140 174 276 210 254 256 269 166 147 251 240 205 242 165 199 233 235 248 167 237 226 206 243 221 278 212 164 179 214 229 271 192 203 218 231 275 282 283 288 289 295 296
276 174 166 196 147 181 211 256 141 160 254 235 277 269 165 214 208 212 242 193 253 172 200 264 245 164 273 203 237 267 271 171 182 186 210 259 240 189 140 285 286 292 293 298 299
192 270 259 272 193 206 210 212 267 203 196 171 251 182 235 189 140 237 226 168 191 172 243 166 221 181 223 175 225 179 160 214 154 271 218 231 220 275 264 277 167 281 282 288 289 294 295
167 181 160 251 154 240 165 253 189 193 235 226 173 177 179 221 223 278 225 172 271 218 220 141 275 264 211 270 140 259 195 208 210 199 254 147 256 269 205 280 281 286 287 293 294
205 218 231 220 233 277 159 189 226 270 272 206 208 210 177 278 254 267 256 269 141 171 154 264 242 235 248 191 172 196 243 179 221 223 173 203 225 214 182 282 283 288 289 295 296
218 186 253 242 180 214 159 140 235 248 193 174 168 166 177 200 181 223 175 278 225 179 160 165 229 271 199 273 220 275 277 195 270 272 164 267 173 203 141 171 282 283 289 290 296 297
210 269 140 229 271 273 168 220 264 277 211 147 177 272 180 267 243 208 159 191 166 196 242 175 233 179 160 235 248 237 173 203 182 223 195 278 225 214 282 283 289 290 295 296
269 225 259 240 159 140 174 277 256 175 141 171 278 160 254 235 154 165 271 214 273 208 242 223 253 191 221 166 196 200 181 245 179 243 173 203 237 267 248 231 285 286 291 292 298 299
182 220 175 264 277 179 160 191 272 206 248 256 245 251 253 229 242 189 233 235 141 226 180 159 140 221 174 212 225 214 172 203 271 166 147 177 273 281 282 287 288 294 295
220 233 275 277 180 226 270 208 159 189 140 212 193 168 191 172 166 196 271 175 160 251 165 240 253 199 235 237 206 221 223 229 273 282 283 289 290 296 297
233 179 240 160 154 199 275 270 225 206 221 272 200 267 271 173 251 171 253 186 242 259 248 159 140 223 174 254 245 147 177 211 226 283 284 290 291 296 297
271 195 240 208 159 189 193 223 168 172 166 196 181 175 235 154 165 248 212 277 191 251 272 264 245 278 243 203 141 273 171 285 286 291 292 298 299
140 223 212 214 273 141 154 275 196 147 189 191 272 248 195 199 243 256 177 181 172 240 229 231 165 237 173 164 166 221 168 280 285 286 292 293 299
203 195 270 272 208 254 256 177 245 180 229 242 231 159 189 248 174 168 226 191 172 166 196 200 223 179 160 214 154 199 277 211 282 283 288 289 295 296
193 221 164 223 179 225 214 173 229 273 171 275 277 180 200 270 189 259 174 206 208 172 199 147 181 175 160 251 154 165 242 235 248 237 226 191 243 281 282 288 289 294 295
221 168 245 172 166 177 225 200 211 175 229 179 160 273 275 199 226 270 212 272 206 254 256 164 173 251 264 253 141 180 235 248 214 282 283 289 290 296 297
212 159 168 231 273 196 147 275 160 154 199 208 278 254 214 256 206 172 251 253 164 242 259 235 248 237 141 186 243 180 195 245 282 283 289 290 295 296
196 226 243 195 223 214 229 273 275 173 277 200 165 199 189 254 267 256 172 147 251 181 240 253 242 175 231 179 160 235 248 237 281 282 288 289 295 296
226 147 177 181 211 175 154 199 278 254 267 256 206 251 264 179 259 235 237 141 243 245 180 225 214 208 159 223 229 172 283 284 289 290 296 297
256 277 195 225 270 259 164 173 171 186 229 214 159 189 242 223 174 253 168 251 177 181 211 245 175 160 165 237 248 231 275 284 285 291 292 297 298
277 141 171 235 186 229 180 214 189 272 223 253 191 172 251 147 177 200 211 264 175 179 160 243 165 237 248 225 206 259 270 164 285 286 292 293 298 299
173 200 166 147 270 259 272 206 195 208 154 186 254 267 243 245 179 251 240 253 174 242 189 180 164 175 223 214 159 273 280 281 287 288 293 294
186 273 211 179 270 272 208 267 180 159 174 251 168 253 189 147 235 248 175 141 154 165 225 214 229 281 282 287 288 294 295
180 175 229 179 273 154 165 275 264 211 200 272 206 199 254 267 164 253 171 189 191 248 237 159 166 177 214 280 281 287 288 294 295
231 165 229 199 214 264 240 253 208 242 259 191 200 243 164 245 171 195 159 270 168 272 147 278 181 211 254 267 175 141 160 283 284 290 291 296 297
189 223 278 225 264 211 270 259 272 206 164 195 208 199 254 267 141 171 240 174 235 168 248 237 172 175 179 160 281 282 288 289 294 295
223 174 278 168 172 166 147 177 211 275 175 160 165 270 259 254 195 206 235 141 171 282 283 289 290 296 297
147 160 175 177 141 166 168 225 273 154 275 264 200 270 191 259 272 206 195 208 254 267 243 172 240 253 174 242 237 280 286 287 292 293 299
166 243 177 168 278 172 160 229 273 264 200 270 259 272 206 195 208 199 254 164 181 240 253 242 191 235 248 159 280 281 286 287 293 294
272 171 254 235 229 208 159 242 174 253 168 172 251 177 200 211 264 245 243 154 165 267 206 259 240 270 285 286 291 292 298 299
175 237 243 160 278 214 229 275 264 200 195 208 199 141 251 240 242 191 280 281 287 288 294 295
177 168 225 214 273 275 264 211 200 270 191 259 206 248 195 164 199 254 245 179 181 141 251 253 165 159 235 174 280 281 287 288 294 295
164 206 254 267 243 160 179 154 181 172 240 174 248 237 171 168 214 141 165 275 211 280 281 286 287 293 294
168 278 214 273 275 264 211 165 200 270 191 206 179 251 174 237 280 281 287 288 293 294
154 242 141 191 248 237 159 172 275 264 270 208 199 267 243 181 251 253 174 280 286 287 293 294 299
242 165 237 199 273 195 225 206 270 278 254 267 141 171 235 229 264 248 200 181 243 245 283 284 290 291 297 298
181 243 278 214 179 171 200 270 259 206 159 208 254 172 245 251 240 253 191 235 248 280 281 287 288 294 295
237 253 179 259 248 165 243 195 225 273 141 171 270 235 214 278 267 174 172 283 284 290 291 296 297
240 199 254 267 206 251 253 248 243 245 235 229 159 273 172 259 179 160 165 283 284 290 291 297 298
160 191 248 171 141 211 200 270 259 206 195 208 199 254 245 159 253 174 280 286 287 293 294 299
179 191 235 172 243 214 229 273 211 174 270 206 195 141 171 165 200 280 281 287 288 294 295
191 245 273 275 270 206 208 278 199 171 254 267 214 165 251 264 200 235 195 281 282 288 289 294 295
200 171 243 225 159 174 229 273 172 211 270 254 251 253 235 281 282 288 289 295 296
245 248 206 278 141 273 195 225 208 174 254 267 235 165 229 214 284 285 290 291 297 298
174 278 214 229 264 211 270 195 208 199 243 251 159 253 172 235 280 281 287 288 293 294
253 248 199 195 273 275 264 270 267 229 214 208 172 251 243 284 285 291 292 297 298
195 251 141 171 159 172 229 275 259 206 208 278 281 282 288 289 294 295
199 248 278 225 229 275 211 259 208 254 267 243 281 282 288 289 295 296
165 235 159 171 278 273 275 211 270 259 254 251 280 281 286 287 293 294
225 208 159 251 264 172 248 206 275 259 141 171 254 214 283 284 289 290 296 297
259 267 214 208 159 211 275 206 251 278 284 285 291 292 298 299
243 172 275 159 270 171 254 235 273 208 283 284 290 291 297 298
141 275 206 208 254 251 171 159 172 229 273 280 285 286 292 293 299
248 206 278 273 171 270 159 267 211 284 285 290 291 297 298
270 171 235 208 159 211 278 275 206 285 286 291 292 298 299
275 254 235 229 208 278 211 267 285 286 292 293 298 299
254 278 235 267 229 214 273 208 159 211 206 284 285 291 292 297 298
267 171 214 208 159 273 251 264 285 286 291 292 298 299
264 159 211 235 229 278 206 251 273 284 285 291 292 298 299
159 278 214 229 211 206 251 172 171 280 286 287 293 294 299
278 172 211 206 273 171 214 285 286 292 293 298 299
235 273 251 171 229 214 211 283 284 290 291 296 297
273 229 214 208 251 206 171 285 286 292 293 298 299
229 251 206 283 284 289 290 296 297
214 206 282 283 289 290 295 296
172 206 208 251 171 280 281 287 288 293 294
206 171 282 283 288 289 295 296
171 211 208 251 280 281 287 288 293 294
208 211 282 283 288 289 295 296
211 251 282 283 289 290 295 296
251 284 285 290 291 297 298
280
281
282
283
284
285
286
287
288
289
290
291
292
293
294
295
296
297
298
299
