#/usr/local/lib/python3.10/dist-packages/colab_kernel_launcher.py -f /root/.local/share/jupyter/runtime/kernel-dea7114a-48f2-47cd-9840-9590734c419b.json
# GMT Thu May 23 21:56:04 2024
# 
12 123 57 37 112 92 69 59 49 16 71 61 38 28 83 73 115 118 72 52 19 97 96 109 66 20 33 55 68 22 1 256 257
123 15 45 29 32 92 114 98 23 7 43 73 24 54 71 77 88 35 0 85 36 118 20 102 113 119 30 117 47 80 270 271
13 88 78 55 68 110 57 10 122 14 112 102 82 16 114 71 25 38 15 5 93 30 39 117 54 53 66 43 56 23 98 256 257
88 118 65 108 46 107 120 37 21 73 87 121 18 2 49 3 33 63 125 92 53 83 124 114 44 116 48 78 81 266 267
32 101 29 68 58 113 90 34 92 59 8 104 48 83 96 73 50 19 95 42 120 110 87 77 54 86 53 43 33 27 259 260
101 126 79 119 40 70 54 27 57 87 110 77 58 109 124 63 50 53 83 86 100 105 61 114 127 64 15 104 97 59 267 268
17 58 25 50 27 6 105 75 29 42 11 74 1 109 15 66 33 65 55 68 45 100 77 67 44 10 102 69 46 82 91 257 258
58 108 85 65 120 97 110 56 28 86 122 99 40 79 27 29 111 41 78 68 70 35 8 71 47 19 49 33 262 263
96 122 4 37 111 69 34 113 30 49 105 80 94 45 92 46 79 116 11 26 89 42 43 24 90 41 74 97 91 267 268
122 70 43 76 87 71 74 110 7 22 82 115 66 118 99 83 116 18 103 2 80 124 63 45 97 108 98 79 270 271
29 45 2 5 69 22 46 3 114 94 126 83 73 30 72 62 52 117 84 23 109 26 7 56 24 27 8 258 259
118 91 105 16 6 39 99 34 86 120 84 30 28 9 1 94 48 111 126 7 10 54 106 60 71 104 127 269 270
0 5 126 70 27 7 82 95 62 42 127 117 94 97 51 18 76 33 65 35 77 90 80 89 125 79 92 69 36 26 256 271
5 83 3 27 63 85 42 41 21 89 23 78 55 45 110 100 103 70 24 37 39 124 114 48 84 38 126 116 256 271
99 127 104 37 126 70 21 76 27 87 71 93 107 35 16 49 22 83 86 124 84 25 47 31 15 81 102 105 267 268
127 72 53 100 14 44 64 62 92 95 46 79 112 26 7 10 70 54 90 41 120 110 121 18 22 63 36 270 271
83 124 82 50 106 34 108 28 61 107 15 62 109 86 89 23 26 91 43 73 57 113 60 265 266
49 126 116 60 14 108 42 15 48 107 87 46 37 121 21 65 68 38 77 18 112 125 35 124 36 71 261 262
126 52 6 20 34 116 80 61 108 92 107 79 109 23 4 27 106 87 120 102 74 91 105 35 270 271
50 91 104 94 35 71 61 19 3 36 63 34 117 25 28 31 77 15 109 86 53 55 68 40 27 70 92 261 262
91 51 98 11 14 44 28 9 61 73 76 112 59 77 124 23 70 24 105 53 104 117 94 47 116 266 267
69 104 44 116 28 106 1 42 59 51 65 74 10 54 8 38 41 100 113 35 16 80 22 125 102 66 263 264
104 102 103 25 64 75 59 81 65 4 26 56 10 40 70 8 38 60 90 93 68 22 52 6 268 269
41 42 117 24 110 44 76 66 113 103 80 70 79 11 28 114 1 94 15 48 61 116 93 105 75 52 260 261
42 47 89 125 92 33 71 39 61 34 93 30 14 28 75 31 15 84 64 53 21 38 110 260 261
6 84 38 51 106 63 108 1 3 117 107 74 110 31 119 66 56 55 22 25 113 79 4 59 16 81 71 256 271
84 115 39 92 67 114 117 18 35 3 78 51 65 120 30 97 110 87 109 45 57 59 111 23 37 265 266
124 65 95 98 11 9 15 45 76 59 107 121 4 21 73 57 38 72 86 116 100 2 22 270 271
54 97 21 27 8 109 56 121 78 33 80 53 30 81 1 103 116 93 60 51 73 108 7 37 261 262
97 76 38 113 103 18 115 82 55 36 39 72 119 30 47 31 64 48 110 100 79 10 73 267 268
74 75 38 87 79 52 20 34 100 113 30 112 125 115 47 105 9 61 64 114 48 81 93 95 108 264 265
75 100 90 112 115 92 82 66 81 103 116 28 1 31 61 108 15 59 117 46 119 25 73 111 27 57 264 265
106 107 22 85 39 72 86 103 25 47 80 61 15 59 92 46 98 23 26 43 76 27 8 60 77 105 268 269
107 90 72 105 52 55 53 34 113 14 9 80 31 64 15 51 95 79 23 56 37 89 24 268 269
72 114 2 47 19 119 64 36 48 65 87 100 1 76 79 121 81 23 56 37 40 24 39 71 264 265
114 102 86 9 1 31 125 115 94 81 111 92 93 65 79 37 40 70 21 82 66 269 270
4 63 43 111 65 55 45 22 100 80 24 14 89 102 56 23 16 68 81 61 113 105 62 52 8 21 256 271
51 20 34 57 93 18 30 92 33 48 119 86 63 28 52 27 87 64 100 77 66 56 19 78 261 262
45 110 67 103 80 7 40 24 8 61 63 2 85 62 19 22 33 20 87 86 30 78 260 261
18 115 105 62 39 21 16 89 20 23 121 98 65 68 22 67 112 79 59 8 71 38 2 257 258
115 30 14 44 16 47 1 63 108 59 62 95 109 25 26 9 70 24 76 60 52 125 66 269 270
108 113 19 52 82 85 80 31 78 59 81 92 46 98 11 23 26 89 8 121 268 269
10 31 86 66 7 20 56 78 8 55 22 100 103 80 102 92 26 81 71 48 38 93 27 87 256 257
31 21 24 8 102 94 48 19 22 73 20 117 14 110 64 89 66 43 121 98 7 258 259
102 11 64 15 81 92 98 120 7 37 89 87 121 2 35 82 63 85 36 34 267 268
39 94 16 40 15 85 98 52 34 67 11 119 109 76 112 89 79 121 55 90 7 125 259 260
94 20 113 103 30 44 80 81 62 116 26 98 24 76 57 87 90 77 119 16 36 266 267
23 86 56 7 65 55 68 77 2 71 20 28 60 95 1 64 44 257 258
86 117 27 16 68 19 36 20 53 34 11 111 1 100 76 62 77 265 266
1 67 34 79 92 59 15 28 63 20 65 11 43 56 33 111 78 35 256 271
67 61 81 59 60 46 56 95 85 40 77 19 22 52 33 20 53 100 113 103 80 70 30 112 25 263 264
78 65 46 103 112 56 82 73 19 3 98 36 20 119 109 25 89 28 9 48 264 265
110 76 59 77 7 112 40 22 24 36 53 113 3 63 64 34 46 268 269
65 90 7 52 125 24 105 16 85 62 14 43 66 60 121 263 264
76 87 77 43 112 8 121 2 93 22 125 53 30 25 116 9 48 264 265
28 57 34 79 11 71 14 25 38 60 73 52 26 53 43 68 113 258 259
57 120 9 89 46 111 40 21 8 38 79 19 22 3 36 34 105 95 62 30 25 262 263
38 87 119 11 111 44 80 46 7 48 61 103 70 95 19 3 259 260
120 71 105 2 35 121 22 3 82 63 85 34 113 103 125 14 47 111 112 56 9 43 270 271
85 3 82 95 63 55 53 34 119 25 112 61 100 7 37 21 105 73 24 8 265 266
116 3 55 30 47 9 80 64 92 95 98 119 121 89 93 35 16 269 270
15 47 125 36 26 71 93 60 62 19 77 43 111 68 256 257
21 109 63 43 33 121 98 55 68 100 19 20 26 81 48 61 93 87 257 258
61 90 103 53 79 14 47 73 63 46 56 40 111 19 262 263
90 64 48 7 89 70 87 100 103 2 16 68 19 3 66 20 93 14 98 25 266 267
19 93 73 117 3 44 66 56 9 24 81 71 8 257 258
93 3 63 81 30 25 9 113 46 79 125 56 37 89 73 266 267
11 89 9 56 36 25 70 40 64 119 109 43 33 111 22 35 100 44 80 256 257
89 119 43 8 111 103 105 36 53 117 48 98 62 266 267
2 40 52 64 119 66 98 111 55 80 37 14 125 36 26 3 48 103 70 256 271
40 53 66 3 20 103 25 112 125 82 26 24 105 27 95 62 87 260 261
3 27 95 52 117 109 43 35 80 14 112 46 82 256 271
117 71 35 16 47 80 82 36 66 109 27 60 62 105 37 55 269 270
20 73 27 63 30 44 66 111 103 9 112 82 36 257 258
52 60 73 63 16 95 77 56 44 9 103 26 7 59 261 262
55 46 73 26 95 43 27 109 22 36 68 100 113 9 261 262
68 62 46 98 25 26 87 119 35 33 112 92 30 47 263 264
16 60 73 82 87 64 63 43 98 111 100 46 26 103 257 258
60 22 64 33 109 53 112 34 66 121 47 9 125 105 71 95 262 263
25 125 79 59 9 37 62 87 64 109 111 258 259
35 73 105 44 53 66 43 121 100 113 80 82 36 14 259 260
73 119 53 113 46 81 24 27 264 265
95 66 30 9 92 46 7 70 119 8 71 77 121 266 267
34 103 26 7 8 43 56 121 98 113 14 259 260
53 71 62 36 48 66 111 14 43 261 262
46 14 80 125 37 8 77 33 119 260 261
9 56 48 113 70 43 33 121 7 100 256 257
105 82 111 62 112 125 26 7 24 268 269
71 98 64 48 59 103 7 33 263 264
103 119 14 27 37 70 267 268
62 113 80 125 82 14 47 59 7 98 111 262 263
30 82 59 22 48 119 109 24 27 258 259
63 7 33 47 66 121 77 113 43 262 263
24 44 56 77 47 125 36 26 81 27 258 259
92 100 59 79 70 43 8 87 66 266 267
27 56 33 14 47 26 258 259
37 66 121 98 77 44 80 26 125 81 48 36 259 260
87 98 113 112 14 47 56 265 266
109 121 111 70 77 112 125 82 48 59 119 268 269
121 112 22 125 100 64 81 270 271
14 112 7 47 64 33 98 256 257
112 48 113 70 80 33 269 270
70 111 80 82 81 8 44 263 264
100 48 82 33 111 44 267 268
113 59 81 8 269 270
64 8 44 47 77 48 26 7 263 264
119 8 82 33 81 44 47 80 269 270
79 111 44 47 77 26 7 8 264 265
111 22 36 66 268 269
56 26 82 81 47 262 263
98 33 44 43 59 267 268
77 7 22 81 125 264 265
22 44 43 59 257 258
7 256 271
59 125 81 36 262 263
8 33 125 36 256 257
48 44 66 261 262
82 44 47 66 265 266
44 33 36 80 26 260 261
125 47 36 270 271
43 36 260 261
80 265 266
47 81 260 261
81 33 265 266
36 259 260
33 26 259 260
66 263 264
26 258 259
145 186 222 176 130 254 144 231 188 155 158 233 170 179 192 169 182 224 237 181 171 161 151 251 205 195 165 253 154 252 219 257 258
186 160 193 162 142 172 168 194 171 207 185 249 169 229 251 241 208 198 253 150 230 220 134 164 210 200 255 158 130 177 262 263
133 211 201 131 155 168 135 157 147 160 137 215 159 149 139 214 181 138 141 193 183 153 238 251 132 231 220 154 166 130 221 256 271
211 252 242 255 196 128 180 131 161 183 148 200 234 181 175 159 176 160 190 141 214 239 132 216 184 165 138 228 199 253 265 266
139 142 230 220 174 187 141 144 229 153 244 188 132 246 180 157 212 149 214 191 194 171 148 236 193 206 140 218 172 162 256 257
142 243 164 252 144 166 254 244 234 178 136 147 235 215 192 169 130 237 214 171 128 134 216 193 229 238 218 208 185 256 257
222 178 228 162 230 212 129 255 232 245 192 173 254 220 223 153 184 226 204 248 225 218 227 132 239 147 180 210 134 164 266 267
177 254 231 234 200 213 203 140 173 202 182 247 181 217 153 135 165 137 226 216 193 241 250 230 243 132 163 161 232 162 261 262
254 128 229 131 191 183 134 164 167 244 240 212 153 175 140 170 143 203 251 223 253 185 215 232 216 163 196 270 271
149 192 214 191 227 136 181 161 226 206 146 128 134 250 240 217 148 220 187 164 154 153 156 221 213 235 212 225 202 257 258
192 251 228 185 243 220 130 242 147 150 131 183 221 148 223 175 225 215 141 227 217 239 151 206 154 184 135 263 264
168 205 247 163 144 204 150 226 229 196 218 159 230 140 197 252 160 232 209 179 221 234 165 246 136 236 213 190 146 260 261
205 140 170 157 187 141 202 228 249 150 239 229 206 167 178 181 251 218 243 129 173 255 176 245 160 212 190 244 223 264 265
155 235 130 225 147 172 134 214 204 217 161 241 129 240 243 220 187 232 176 244 152 178 158 233 246 226 193 146 160 258 259
235 234 136 166 216 233 144 147 150 227 195 228 158 175 156 253 189 143 173 220 221 255 174 207 151 132 201 152 268 269
134 212 179 244 234 191 135 148 157 245 248 136 247 227 181 141 216 229 196 241 208 185 198 209 199 256 271
212 253 243 233 128 189 191 179 223 160 162 226 158 172 153 247 171 204 187 169 239 219 241 150 240 265 266
153 162 197 164 199 176 138 234 210 190 180 135 159 227 181 194 161 226 193 146 183 160 208 185 258 259
162 137 176 179 151 132 203 152 202 215 227 226 229 206 128 196 131 163 241 208 198 240 197 158 210 259 260
178 255 209 189 179 128 161 221 188 167 233 213 180 245 175 215 204 141 196 165 238 138 228 171 166 240 187 261 262
255 200 214 244 228 172 208 173 157 187 160 223 174 224 152 182 136 215 166 249 146 252 131 243 167 270 271
252 223 240 172 156 189 170 143 234 206 157 236 190 141 221 232 201 213 197 169 244 231 144 147 128 150 270 271
150 156 201 181 246 223 226 170 214 171 216 148 231 185 207 210 164 154 242 232 137 199 143 166 257 258
156 208 131 165 240 148 207 209 199 189 137 244 140 198 234 158 223 157 170 169 217 161 193 229 183 130 238 258 259
128 231 198 201 246 137 146 247 158 171 239 206 183 196 218 172 250 220 197 174 131 199 143 256 271
194 199 154 184 135 138 185 233 169 213 202 144 180 250 227 167 239 229 238 129 143 253 230 157 197 190 193 209 263 264
199 225 215 195 214 250 172 129 140 173 206 187 141 208 253 230 135 220 210 188 201 196 223 200 263 264
234 248 147 131 164 148 200 181 249 208 241 225 132 154 138 217 182 202 246 236 233 130 268 269
141 193 163 218 195 185 152 165 250 230 187 219 188 243 213 248 247 224 171 148 151 239 256 257
193 219 135 165 138 180 243 245 146 244 163 223 148 248 195 184 247 250 204 185 157 263 264
159 241 231 185 240 207 197 144 188 201 191 246 213 190 203 180 170 160 245 215 247 143 214 216 196 173 251 258 259
241 189 143 206 179 226 224 217 198 201 182 166 188 238 146 130 196 147 180 148 230 228 253 269 270
152 202 137 129 214 216 173 163 251 218 136 230 243 197 242 209 189 231 147 221 131 188 246 236 170 248 258 259
202 136 166 200 248 247 250 217 196 131 183 164 167 148 179 208 137 176 190 132 135 223 236 226 264 265
253 175 189 140 173 187 179 240 154 217 136 215 232 216 249 146 233 144 131 210 244 247 270 271
204 248 151 184 237 166 239 144 196 161 230 167 148 220 200 232 158 175 140 224 170 203 246 236 213 264 265
248 166 169 232 238 233 130 147 229 210 227 244 245 203 176 242 237 154 184 135 138 171 182 270 271
231 129 208 191 173 225 232 247 154 137 217 246 201 218 238 210 182 249 213 167 200 158 175 267 268
208 137 129 221 173 203 210 242 165 198 201 185 136 188 180 191 164 250 167 249 265 266
154 247 226 137 129 183 165 220 151 164 135 224 201 146 246 236 144 170 245 131 225 258 259
247 165 182 188 230 233 210 191 197 227 179 239 242 228 170 143 206 157 174 269 270
238 246 157 232 151 180 210 136 239 227 200 230 195 251 130 131 191 190 220 174 207 224 137 268 269
246 163 244 228 250 140 143 173 203 206 249 190 174 207 198 171 185 188 221 269 270
130 200 167 147 137 224 227 184 151 239 216 229 228 195 165 230 207 143 244 129 256 271
189 167 148 129 170 143 173 179 236 184 135 138 225 136 166 188 169 214 217 226 229 163 251 262 263
230 242 245 170 244 179 160 224 182 240 221 146 163 180 161 183 227 267 268
242 214 251 172 170 243 143 157 236 190 207 237 244 217 198 185 136 216 144 180 161 191 167 269 270
209 219 179 195 175 137 129 210 140 203 187 232 190 174 244 165 198 236 213 182 226 169 225 237 217 265 266
219 190 236 171 237 201 227 203 218 216 184 182 136 167 243 220 169 233 181 146 245 175 129 161 191 176 266 267
136 182 237 148 226 216 140 228 218 175 197 210 146 188 223 190 132 256 257
140 195 250 240 187 164 232 176 143 198 223 167 182 224 237 161 226 183 137 256 257
131 158 243 135 213 167 203 179 215 237 214 148 161 226 165 207 144 256 271
200 147 224 201 164 148 223 226 228 137 227 240 132 218 196 138 198 180 167 233 264 265
132 237 214 161 206 215 195 172 184 174 151 164 229 221 198 243 233 157 169 182 256 271
237 138 171 182 185 240 163 196 191 227 181 195 175 203 157 187 190 220 223 226 268 269
251 143 173 225 157 223 226 165 217 171 185 166 144 196 147 227 181 214 175 129 270 271
176 195 198 158 243 220 175 137 245 244 224 203 138 180 215 250 147 239 216 183 196 261 262
137 172 175 197 151 232 244 188 180 245 129 169 158 171 256 257
172 250 240 243 197 174 221 163 188 147 233 236 213 182 144 227 217 157 183 185 260 261
129 198 207 167 224 191 135 233 157 160 161 138 216 229 183 163 256 271
201 144 147 180 214 148 216 229 228 170 243 187 232 245 198 233 203 146 264 265
166 224 214 181 184 249 206 207 174 187 232 244 221 146 236 163 144 190 170 259 260
170 218 185 175 146 207 164 158 190 245 225 236 165 239 196 260 261
143 165 187 144 232 221 158 180 157 135 160 215 161 249 229 196 256 257
229 224 151 182 215 218 146 210 191 164 197 228 144 203 267 268
225 163 196 232 245 191 213 164 181 214 195 236 175 206 187 190 151 135 198 267 268
190 195 180 240 181 221 191 223 213 174 151 135 250 262 263
250 138 185 169 249 163 135 244 228 245 191 173 206 179 223 207 240 270 271
214 171 244 144 210 164 179 240 249 173 206 233 265 266
151 227 171 239 206 183 173 195 185 174 187 232 148 158 157 245 169 257 258
227 182 216 210 181 175 173 203 157 160 243 223 267 268
228 232 221 174 224 185 215 169 210 161 191 148 195 158 243 267 268
160 196 163 218 135 207 220 210 179 146 158 188 203 180 182 161 239 259 260
196 236 213 165 138 188 249 206 161 240 210 263 264
243 158 173 206 157 239 207 224 138 249 180 197 269 270
179 218 185 221 220 232 244 191 138 184 163 135 165 206 261 262
223 183 195 173 187 226 184 135 165 215 221 266 267
173 175 240 138 224 146 236 203 164 181 249 260 261
165 144 184 226 216 207 197 174 198 148 245 259 260
207 249 158 174 240 220 210 232 245 138 236 226 163 217 264 265
249 184 138 217 171 182 188 218 232 146 180 181 195 203 187 270 271
158 187 164 144 191 169 184 239 183 218 175 258 259
218 206 187 174 240 239 184 198 171 185 215 188 233 266 267
147 188 146 233 167 157 215 169 181 217 171 148 183 174 257 258
195 157 187 188 224 184 135 213 182 245 169 217 216 263 264
144 233 210 148 175 240 220 187 164 257 258
216 226 182 215 169 180 197 148 220 224 203 266 267
226 239 184 138 198 233 217 267 268
239 184 198 188 146 163 183 164 181 175 206 268 269
221 213 181 203 206 220 217 171 185 244 224 146 266 267
198 191 217 185 210 164 233 203 146 215 263 264
167 169 224 191 236 213 182 240 174 157 206 188 197 259 260
185 157 184 182 197 187 262 263
236 210 183 213 164 197 175 203 157 184 215 268 269
191 135 161 245 217 197 188 169 262 263
245 146 210 148 224 217 188 184 182 215 269 270
180 244 224 163 181 197 210 169 261 262
244 161 220 135 215 188 269 270
240 188 184 215 169 161 197 269 270
233 163 181 206 220 184 182 215 232 268 269
175 197 157 135 213 169 146 148 260 261
183 174 224 138 171 215 217 184 161 188 220 261 262
188 148 174 262 263
157 210 213 169 258 259
148 213 203 163 257 258
220 203 206 174 138 210 266 267
163 213 215 171 161 174 187 164 259 260
169 197 174 224 135 260 261
161 138 181 217 174 232 259 260
174 171 197 146 215 164 260 261
135 184 197 213 203 256 271
164 181 138 206 197 259 260
171 217 146 197 210 224 203 260 261
138 181 217 187 232 224 256 257
184 146 213 262 263
187 182 213 181 262 263
206 232 217 203 264 265
182 210 232 203 261 262
203 215 264 265
224 197 181 267 268
213 197 181 232 265 266
215 265 266
197 263 264
232 268 269
181 261 262
217 146 266 267
210 265 266
146 257 258
256
257
258
259
260
261
262
263
264
265
266
267
268
269
270
271
