#/usr/local/lib/python3.10/dist-packages/colab_kernel_launcher.py -f /root/.local/share/jupyter/runtime/kernel-dea7114a-48f2-47cd-9840-9590734c419b.json
# GMT Thu May 23 21:32:57 2024
# 
6 18 11 3 2 15 4 8 5 10 0 12 14 16 9 38 39 41 42 44 45 47 48 50 51 53
18 12 15 4 5 0 11 13 17 1 3 7 9 16 40 41 43 44 46 47 49 50 52 53
7 17 10 0 12 14 16 9 1 3 13 2 4 8 38 39 41 42 44 45 47 48 50 51
17 9 13 1 3 14 16 10 2 4 11 15 5 39 40 43 44 46 47 49 50 52 53
4 9 2 11 13 8 0 10 3 5 16 38 40 41 44 45 47 48 50 51 53
9 8 12 0 14 5 16 1 11 2 38 39 41 42 44 45 48 49 51 52
3 13 15 8 10 1 5 14 11 2 38 40 41 43 44 47 48 50 51 53
13 12 14 16 2 8 5 0 1 15 39 40 42 43 45 46 48 49 51 52
5 10 0 12 1 11 15 8 38 41 42 44 45 47 48 50 51 53
10 1 15 14 2 8 16 11 0 38 39 41 42 45 46 48 49 51 52
8 1 15 12 0 14 16 38 39 41 42 44 45 47 48 51 52
0 14 2 11 15 12 38 40 41 43 44 46 47 49 50 52 53
14 11 15 1 12 2 39 40 42 43 45 46 48 49 52 53
2 11 15 12 16 38 40 41 43 44 46 47 50 51 53
11 16 1 12 38 39 42 43 45 46 48 49 51 52
1 15 12 16 38 40 41 43 44 46 47 49 50 53
15 16 12 39 40 42 43 45 46 49 50 52 53
12 16 39 40 42 43 45 46 48 49 51 52
16 39 40 42 43 46 47 49 50 52 53
25 37 30 32 34 23 36 24 29 19 31 33 26 35 28 38 39 41 42 44 45 47 48 50 51 53
37 27 31 23 32 19 30 36 22 26 28 29 35 21 40 41 43 44 46 47 49 50 52 53
26 36 29 31 24 35 20 30 22 32 21 34 23 38 39 41 42 44 45 47 48 50 51
36 28 32 22 35 31 23 27 30 19 34 24 39 40 43 44 46 47 49 50 52 53
22 32 34 27 29 20 31 24 33 28 30 19 38 40 41 43 44 47 48 50 51 53
32 31 33 21 23 24 19 20 28 29 39 40 42 43 45 46 48 49 51 52
27 28 30 20 34 23 29 31 19 33 24 35 38 39 41 42 44 45 47 48 51 52
28 29 31 19 35 20 30 34 21 38 39 41 42 44 45 48 49 51 52
19 24 33 35 21 34 20 31 38 40 41 43 44 46 47 49 50 52 53
24 33 35 20 30 21 23 34 38 41 42 44 45 47 48 50 51 53
30 33 21 23 20 34 29 38 39 42 43 45 46 48 49 51 52
33 34 20 35 29 31 21 23 39 40 42 43 45 46 48 49 52 53
21 23 34 20 29 31 35 38 40 41 43 44 46 47 50 51 53
20 34 29 31 23 38 40 41 43 44 46 47 49 50 53
34 35 23 39 40 42 43 45 46 49 50 52 53
29 31 23 35 38 39 41 42 45 46 48 49 51 52
31 35 39 40 42 43 45 46 48 49 51 52
23 35 38 40 41 44 45 47 48 50 51 53
35 39 40 42 43 46 47 49 50 52 53
38
39
40
41
42
43
44
45
46
47
48
49
50
51
52
53
