#/usr/local/lib/python3.10/dist-packages/colab_kernel_launcher.py -f /root/.local/share/jupyter/runtime/kernel-2b515d16-c871-48c9-ad2b-cd6ecd503099.json
# GMT Thu May 23 11:20:07 2024
# 
15 21 1 3 14 16 25 12 2 27 4 8 29 22 11 24 17 26 19 9 13 61 62 66 67
21 17 5 18 7 13 25 1 27 3 20 10 24 12 26 2 6 8 23 0 62 63 67 68
6 18 11 20 13 27 22 2 24 8 5 10 19 28 0 12 14 23 7 16 60 61 65 66
18 19 28 23 4 5 11 0 17 1 7 27 9 20 29 10 22 16 2 62 63 67 68
16 29 0 17 5 19 7 28 9 13 1 3 10 12 2 27 4 8 61 62 66 67
29 20 12 23 25 4 8 0 26 17 7 22 9 24 13 1 14 3 63 64 68 69
7 26 19 28 12 14 23 5 9 11 25 20 13 22 4 24 60 61 65 66
26 24 13 1 3 20 23 12 27 4 8 19 0 11 17 28 5 63 64 68 69
4 9 23 25 27 20 11 13 22 8 17 0 10 28 3 60 64 65 69
9 8 10 28 12 0 14 5 1 23 27 11 13 22 2 60 61 65 66
3 13 20 24 10 8 17 28 19 12 14 23 11 27 0 60 64 65 69
13 12 14 23 2 11 0 25 20 10 24 61 62 66 67
20 24 12 2 28 8 19 11 25 17 1 27 62 63 67 68
8 11 1 27 22 17 28 0 14 23 5 60 61 65 66
5 10 19 12 14 23 25 1 11 27 2 24 17 60 64 65 69
10 27 22 17 19 28 12 14 2 23 25 11 60 61 65 66
23 25 17 22 1 12 2 19 62 63 67 68
25 12 27 22 24 0 17 1 14 28 19 63 64 68 69
14 22 0 11 24 17 19 1 2 27 61 62 66 67
22 28 19 2 27 1 11 0 24 62 63 67 68
17 1 12 24 0 28 61 62 66 67
19 27 24 2 28 11 0 62 63 67 68
12 28 2 0 11 61 62 66 67
0 2 24 1 60 64 65 69
11 2 1 28 60 61 65 66
2 27 24 28 60 64 65 69
1 24 28 27 60 64 65 69
27 24 63 64 68 69
24 28 63 64 68 69
28 63 64 68 69
46 50 59 30 41 45 56 35 49 37 58 39 43 51 33 44 42 55 48 57 34 61 62 66 67
50 52 40 54 42 56 32 34 49 38 53 30 41 45 47 35 37 48 43 44 62 63 67 68
37 47 58 30 42 51 39 31 41 55 57 59 43 52 32 45 34 54 38 60 61 65 66
47 39 43 44 42 55 48 57 32 36 34 38 52 54 41 30 45 56 35 61 62 66 67
59 40 53 55 36 34 38 49 51 30 56 45 58 35 48 52 54 43 33 63 64 68 69
34 39 32 53 57 41 52 36 45 38 56 49 31 42 35 44 60 64 65 69
39 56 49 42 30 51 44 31 53 33 55 48 57 41 32 54 36 60 61 65 66
48 56 38 49 42 51 45 35 41 55 44 57 40 52 54 32 62 63 67 68
56 54 31 33 40 42 53 55 38 49 51 45 58 35 63 64 68 69
53 55 30 41 45 52 43 54 31 44 58 40 42 32 36 38 62 63 67 68
55 42 57 38 51 35 30 54 31 33 43 40 49 63 64 68 69
30 35 44 32 57 43 52 36 54 38 40 33 51 60 64 65 69
35 49 58 42 51 44 31 33 41 43 36 45 60 64 65 69
42 57 43 52 31 49 58 40 36 41 61 62 66 67
49 43 31 33 40 54 36 58 51 41 45 62 63 67 68
38 31 33 43 52 45 32 36 40 58 51 60 61 65 66
44 52 41 45 54 58 51 31 33 32 36 57 61 62 66 67
58 52 43 54 31 33 57 32 36 51 41 63 64 68 69
52 33 32 36 57 51 41 45 43 62 63 67 68
33 36 45 54 40 31 51 32 57 60 64 65 69
41 32 31 54 45 40 51 60 61 65 66
32 57 43 36 54 40 51 60 64 65 69
31 45 40 51 43 36 57 60 64 65 69
45 40 57 54 61 62 66 67
43 36 57 40 54 61 62 66 67
40 57 54 51 36 60 61 65 66
57 36 54 63 64 68 69
54 63 64 68 69
36 51 60 61 65 66
51 62 63 67 68
60
61
62
63
64
65
66
67
68
69
