#/usr/local/lib/python3.10/dist-packages/colab_kernel_launcher.py -f /root/.local/share/jupyter/runtime/kernel-4e96f4f6-3ff9-4b57-9774-52bcdd39bbb8.json
# GMT Mon May 27 23:28:27 2024
# 
123 219 45 75 153 79 210 144 157 24 54 199 58 203 216 22 33 63 150 192 116 67 139 194 207 128 141 1 80 12 143 114 95 46 198 10 21 189 104 191 49 193 102 195 47 131 51 133 62 188 166 60 41 120 168 181 5 118 20 99 50 172 122 103 84 229 163 48 29 108 112 220 154 167 27 38 169 211 224 91 158 171 6 85 162 100 11 151 206 464 465 474 475
219 74 104 206 187 8 151 53 83 185 117 196 17 81 160 111 62 164 194 11 96 175 205 56 15 139 90 71 124 227 184 39 118 152 163 186 3 33 63 48 222 191 214 195 42 189 193 40 174 6 85 115 119 149 179 130 202 94 34 109 181 192 73 156 58 201 22 82 135 116 146 218 150 180 31 61 95 46 14 148 208 25 159 89 29 59 93 172 468 469 478 479
16 93 40 95 216 29 163 1 84 97 31 165 99 33 10 22 77 198 211 92 213 134 26 147 215 70 83 138 206 127 129 13 21 76 197 7 199 201 69 203 137 192 126 73 194 14 196 117 172 185 132 187 108 121 4 110 167 59 101 114 169 37 50 171 226 160 52 107 120 41 162 96 43 164 32 153 166 100 113 34 47 102 36 157 170 212 104 3 25 460 469 470 479
93 140 80 100 142 65 210 14 44 25 212 214 135 23 150 205 27 72 194 2 209 130 6 66 198 81 145 187 134 136 191 204 54 195 129 88 184 197 118 186 3 82 33 120 133 175 188 67 177 111 124 113 181 115 89 225 117 227 19 176 97 218 53 112 154 167 47 156 169 103 77 158 213 226 26 56 160 37 228 149 162 217 151 164 206 98 35 463 464 473 474
62 209 101 222 211 158 226 81 202 83 31 151 72 46 87 197 78 199 212 146 80 49 0 135 148 190 203 124 192 205 126 28 32 64 185 198 132 200 60 41 68 35 39 193 116 129 171 184 48 118 59 107 228 120 162 23 175 109 122 27 57 177 8 98 111 179 100 113 102 55 223 104 225 106 227 161 45 108 229 97 152 86 207 99 220 154 88 461 462 471 472
209 126 107 137 26 56 7 141 37 201 60 90 41 71 135 165 105 5 35 169 150 50 215 217 14 44 208 25 78 59 153 221 187 4 223 185 2 136 117 200 111 100 194 11 175 64 15 139 79 211 173 73 54 122 18 163 22 52 167 112 191 1 76 46 110 140 10 40 70 204 74 104 134 119 198 149 179 0 83 34 147 98 177 181 28 162 32 468 469 478 479
136 158 64 173 215 9 164 92 77 107 153 166 26 56 37 52 82 116 35 214 216 65 137 150 205 218 44 129 152 194 207 141 59 74 134 143 198 200 38 102 83 147 113 2 47 138 36 17 180 81 32 111 195 197 15 186 124 105 39 190 69 179 122 18 133 84 181 3 33 127 108 131 185 227 31 42 161 76 106 46 176 110 178 85 167 156 169 464 465 474 475
158 47 202 111 191 56 7 37 182 60 139 120 124 154 5 186 175 177 190 14 166 48 78 108 59 181 170 183 225 27 57 172 227 140 91 229 55 85 36 119 100 220 30 94 169 211 79 213 160 9 215 77 107 58 137 217 88 18 164 22 221 86 116 146 210 1 31 199 61 12 114 144 214 125 40 21 153 207 4 138 196 185 132 113 187 465 466 475 476
81 222 53 211 9 105 32 94 215 228 77 149 7 37 85 98 153 208 155 35 91 212 146 201 135 14 44 148 82 203 137 78 29 59 192 84 194 23 128 141 57 8 143 132 145 51 138 127 182 116 129 171 184 24 173 186 175 122 177 111 166 67 113 181 102 223 80 31 12 42 104 46 159 172 106 119 161 174 10 163 176 97 49 0 154 462 463 472 473
222 160 229 194 145 175 139 90 120 143 184 35 207 39 118 50 103 182 133 44 25 186 216 78 210 112 23 195 27 38 110 140 91 170 55 168 198 100 179 130 30 11 15 75 177 211 192 9 43 54 156 107 18 22 52 3 33 86 165 199 1 31 61 12 42 148 178 10 40 70 74 153 134 206 4 138 217 49 221 151 53 132 113 47 200 51 468 469 478 479
95 157 212 133 35 214 135 69 20 50 84 14 205 139 207 48 59 141 196 198 119 27 57 187 121 134 91 202 2 6 66 17 125 193 30 11 195 64 94 171 79 173 73 77 88 166 100 22 52 3 181 102 223 115 86 225 1 80 106 227 216 108 229 110 165 74 156 103 224 145 53 213 83 105 34 147 28 96 138 206 98 153 56 7 221 210 463 464 473 474
157 217 84 206 44 48 221 210 4 212 225 27 8 38 214 132 6 36 194 207 130 96 94 75 198 60 90 79 187 200 202 73 118 204 88 18 103 22 82 33 63 97 184 131 186 12 42 175 91 121 177 10 89 40 21 55 74 104 183 68 185 53 83 98 9 178 126 77 137 26 141 169 120 71 86 116 171 35 160 150 215 228 39 20 162 114 465 466 475 476
53 160 204 96 39 206 98 140 195 87 3 33 48 76 133 31 12 67 80 201 27 148 46 71 207 128 141 183 75 19 0 185 66 79 134 176 189 28 9 43 70 125 180 61 182 129 63 184 118 65 35 107 54 188 20 122 50 111 179 25 100 221 181 102 225 159 106 38 216 108 229 163 218 110 99 154 88 30 156 169 224 15 145 461 462 471 472
160 113 224 117 47 213 32 228 11 96 26 217 60 71 166 20 99 199 122 18 14 44 203 48 127 142 12 42 27 57 87 110 121 198 21 155 200 36 115 189 202 119 30 191 204 0 64 15 94 45 147 128 79 109 195 197 43 13 186 77 188 7 37 82 190 67 179 168 150 181 31 170 144 227 159 174 134 218 23 138 68 220 465 466 475 476
180 201 179 30 11 94 45 75 207 143 54 198 107 137 122 187 200 141 171 82 202 86 165 116 67 146 191 193 61 42 144 46 125 197 129 89 40 174 70 74 134 168 138 68 19 72 102 132 83 28 162 32 111 13 185 227 145 56 7 229 41 220 154 5 118 99 50 133 163 14 44 215 217 23 4 206 76 106 57 110 210 223 155 6 36 17 466 467 476 477
201 195 12 207 144 46 125 148 178 211 193 10 89 70 172 74 202 19 49 102 34 117 28 200 51 92 164 175 26 37 139 41 71 173 124 154 105 39 99 152 197 44 25 48 78 29 229 191 176 220 27 8 87 189 91 121 2 155 85 100 179 130 183 15 94 206 147 109 221 162 192 24 210 223 18 171 22 82 33 165 67 146 205 467 468 477 478
199 214 114 65 144 203 159 10 40 174 218 74 104 168 198 19 49 0 211 102 132 117 28 192 9 92 126 206 96 190 139 41 120 154 35 20 99 50 133 163 14 127 29 161 191 142 23 176 27 57 8 87 91 121 55 6 85 149 30 11 45 75 98 79 143 173 228 43 24 107 152 182 101 186 82 63 135 165 146 210 225 31 195 467 468 477 478
214 150 80 114 144 125 197 44 208 78 212 29 59 187 27 38 72 151 6 36 200 17 194 145 96 224 45 75 120 124 154 73 54 39 69 18 182 84 163 221 22 63 112 142 227 106 91 170 218 193 10 40 204 134 168 119 179 130 49 183 94 83 113 98 128 215 47 211 192 32 13 126 156 107 26 56 141 41 135 165 116 146 468 469 478 479
37 152 207 220 154 13 156 77 198 7 94 70 5 138 20 74 195 129 142 76 197 29 65 186 78 146 67 179 71 192 60 73 115 36 17 183 196 117 172 185 132 0 174 55 176 68 189 57 191 114 169 61 18 184 22 3 33 226 228 175 217 1 12 177 45 166 221 168 223 170 212 104 225 159 106 227 19 82 34 42 97 460 461 470 471
152 135 172 227 105 35 39 20 99 114 84 14 129 167 156 169 4 138 226 173 215 228 162 2 55 206 36 115 153 208 30 11 145 210 223 94 225 109 143 124 24 118 218 107 58 137 88 122 207 82 196 86 146 1 80 61 42 189 125 110 191 89 70 104 182 195 197 49 102 34 113 175 188 47 190 51 13 92 126 96 168 181 56 465 466 475 476
138 204 164 68 206 83 34 208 98 128 142 155 210 92 146 77 137 148 26 56 135 5 20 99 50 114 185 84 145 14 129 25 48 78 189 29 59 178 191 4 193 27 8 102 184 117 173 186 111 188 100 190 179 109 181 54 227 103 133 52 33 127 218 165 131 31 42 211 91 171 226 40 70 21 55 215 228 134 162 465 466 475 476
204 83 117 47 28 162 192 9 13 92 156 96 26 56 71 165 35 99 114 103 133 84 197 14 148 44 129 159 127 78 27 8 87 38 121 215 228 2 217 55 85 36 115 66 200 17 100 130 194 11 94 45 75 109 124 154 43 188 216 122 205 101 186 167 63 86 146 161 12 176 65 125 189 140 170 193 70 21 155 74 104 119 467 468 477 478
97 166 102 223 115 5 104 39 159 20 84 14 108 163 78 59 165 220 154 101 156 57 169 87 38 211 103 224 91 213 147 55 215 149 162 30 11 98 140 45 208 221 79 197 144 73 58 88 137 33 205 207 128 141 31 12 143 198 46 145 121 10 21 189 202 178 125 19 127 195 116 184 131 47 28 9 107 32 13 92 175 109 177 463 464 473 474
166 48 78 29 171 59 226 27 106 38 151 2 208 221 85 36 66 223 164 212 11 15 216 98 128 109 205 218 43 73 54 122 18 211 22 101 52 63 86 31 65 193 129 40 74 134 49 0 175 188 132 83 34 179 162 32 13 126 156 170 96 56 141 227 90 71 174 229 176 5 35 150 39 118 167 133 148 44 169 224 466 467 476 477
217 187 4 72 151 83 117 28 223 51 13 92 175 205 56 90 124 203 154 105 188 122 103 133 14 44 216 59 191 23 42 176 8 110 140 170 121 2 174 21 55 85 17 168 119 198 30 183 15 45 75 128 192 9 43 24 126 107 137 18 227 190 52 3 82 63 86 146 169 220 31 61 12 114 197 89 70 172 104 134 468 469 478 479
9 90 11 79 92 213 70 191 83 193 85 206 127 19 140 1 208 129 184 76 144 186 78 188 80 122 14 177 69 190 58 192 113 60 194 128 49 117 51 64 174 108 229 121 44 112 46 167 224 50 171 226 39 173 107 96 109 164 32 45 47 210 223 23 91 104 225 38 6 161 203 163 18 86 99 220 33 196 22 460 469 470 479
90 218 110 51 165 99 112 154 7 156 103 105 226 35 69 50 44 140 153 78 142 210 144 4 133 27 146 38 135 148 190 203 2 192 55 36 66 17 126 207 141 11 183 143 64 45 75 132 187 200 43 24 54 178 191 77 82 33 182 129 184 118 131 173 1 42 228 46 164 177 113 115 170 68 19 225 159 83 174 216 108 47 462 463 472 473
50 91 225 172 6 227 161 108 11 220 154 224 145 92 215 149 22 83 72 193 206 140 1 208 129 142 89 131 65 212 40 21 188 69 190 82 137 58 71 205 19 49 60 34 141 183 75 130 47 64 132 32 176 189 26 191 41 35 169 61 182 103 20 63 184 173 14 120 29 109 177 111 179 27 155 38 102 170 461 462 471 472
91 118 131 107 25 188 89 29 59 74 111 23 113 68 181 102 72 83 170 225 117 47 106 227 36 17 161 108 163 218 110 15 60 154 101 69 92 105 33 78 151 164 206 153 208 142 61 197 210 10 6 85 126 19 0 64 207 128 141 79 143 28 200 134 77 58 189 7 22 82 71 86 127 35 129 171 462 463 472 473
129 155 210 119 19 49 135 148 137 150 98 139 73 13 77 107 88 130 143 187 86 189 202 35 80 31 61 46 182 44 10 89 131 186 23 8 72 83 179 168 17 51 32 111 30 56 161 174 15 176 124 165 220 39 118 18 211 171 226 48 78 108 228 149 162 164 27 57 87 206 153 208 221 464 465 474 475
155 184 74 134 173 186 23 188 68 177 190 102 113 2 117 181 17 51 32 145 227 15 45 174 139 120 143 105 218 24 220 167 103 84 3 33 171 78 213 162 61 76 106 164 110 140 121 208 40 55 36 210 223 119 149 212 130 49 64 94 34 205 43 194 73 13 126 77 107 22 101 82 200 86 116 146 202 80 46 195 14 465 466 475 476
74 76 89 68 49 133 146 80 148 190 203 150 32 192 205 126 194 128 7 141 75 41 143 198 132 35 200 121 39 178 25 193 29 59 182 116 184 23 38 107 72 122 2 164 111 55 17 181 11 102 15 104 117 159 172 108 229 43 218 110 18 22 52 63 88 169 145 105 1 31 147 94 65 96 10 462 463 472 473
148 168 210 1 61 114 44 161 89 40 134 207 23 38 83 113 198 211 117 200 32 92 96 26 206 139 71 182 195 143 197 35 24 186 69 122 103 63 48 142 181 12 170 76 106 185 110 140 187 70 229 55 85 163 176 119 100 49 0 15 109 28 73 13 228 126 77 149 151 7 164 22 101 52 86 208 146 465 466 475 476
168 25 193 108 182 131 112 184 4 76 188 110 121 2 190 55 6 85 36 192 149 181 130 64 94 75 172 147 109 143 54 126 88 52 82 33 63 169 165 226 61 42 144 46 70 208 221 104 210 68 19 0 225 72 102 132 216 47 28 205 32 111 13 194 207 145 26 7 196 139 120 198 154 189 69 191 122 163 466 467 476 477
25 34 210 223 170 212 225 38 10 161 82 203 29 23 4 84 205 8 207 99 220 33 143 35 156 77 211 145 79 26 147 202 215 70 72 140 20 76 120 133 188 80 135 190 124 137 71 12 60 115 128 64 6 55 165 178 15 112 46 114 169 182 103 224 116 24 39 52 94 54 3 109 30 164 32 153 45 100 460 461 470 471
34 215 29 96 23 85 140 153 87 208 76 210 2 65 78 133 146 17 67 80 122 69 30 11 203 124 71 205 181 73 128 75 196 117 24 119 132 174 121 134 55 68 189 22 3 33 46 114 169 103 118 39 21 228 120 162 109 56 98 179 113 102 170 28 172 32 106 40 108 99 220 154 101 156 145 200 213 460 461 470 471
151 173 215 19 49 0 164 83 206 47 28 51 13 212 145 96 26 7 120 71 203 105 5 205 218 194 118 154 122 133 14 44 198 211 127 108 131 112 142 189 4 191 76 57 8 87 2 182 184 119 30 11 45 190 147 128 192 43 24 54 126 58 88 225 141 3 33 161 116 229 150 1 178 220 65 167 89 21 213 465 466 475 476
173 176 85 66 220 119 164 15 94 75 226 109 24 77 107 58 137 88 101 52 3 33 167 135 67 161 212 225 150 12 42 203 159 218 10 21 207 68 198 72 132 83 113 147 189 47 126 206 26 7 141 171 139 41 71 197 186 35 69 20 99 177 190 14 192 48 78 108 183 112 142 23 185 76 227 106 466 467 476 477
44 47 223 115 41 170 212 172 227 39 216 229 84 86 207 154 156 211 224 12 79 200 92 27 94 149 21 30 142 197 186 78 146 67 122 24 69 203 58 126 139 60 22 128 141 117 130 132 31 66 187 121 68 110 57 125 182 103 116 171 63 184 105 54 175 109 98 111 100 221 113 460 461 470 471
47 79 92 213 226 29 147 162 4 83 27 153 87 208 76 197 89 36 17 190 137 205 60 194 207 43 75 77 22 66 187 121 189 57 178 1 42 125 72 114 116 105 118 186 107 120 54 175 58 179 221 28 223 49 170 159 51 172 26 106 161 41 218 35 86 154 39 20 143 103 461 462 471 472
192 211 86 116 67 131 161 191 150 202 1 31 65 125 193 10 174 183 0 72 113 147 177 117 181 162 51 32 92 126 96 26 7 141 139 124 5 169 20 99 220 127 59 213 226 112 23 228 76 8 140 2 208 221 55 36 17 149 179 130 164 128 203 216 43 73 188 18 82 167 198 467 468 477 478
211 111 13 175 56 7 60 139 41 124 154 184 35 39 118 99 103 163 197 14 108 59 4 76 27 8 121 185 85 36 115 66 200 17 100 130 164 194 64 45 75 128 79 143 73 24 226 122 22 186 116 146 210 191 195 42 114 144 225 159 21 216 198 218 19 183 102 132 83 117 468 469 478 479
30 112 125 193 19 114 127 169 61 182 105 226 118 52 120 41 162 175 122 45 58 113 223 5 36 49 104 225 20 159 172 106 227 161 108 42 31 165 86 207 99 220 101 8 79 200 202 94 72 206 32 144 133 67 69 82 22 126 60 128 183 130 185 77 198 119 121 10 21 176 68 110 178 191 460 461 470 471
112 11 177 124 64 15 45 60 109 115 73 24 39 159 58 103 174 82 176 67 220 167 31 61 12 106 224 171 89 21 85 215 149 162 100 153 221 98 28 146 32 135 203 7 150 139 86 196 80 130 20 99 185 198 187 200 134 202 48 78 29 178 4 57 87 195 72 184 2 186 6 36 66 51 188 122 463 464 473 474
118 225 110 159 161 55 115 163 176 11 165 178 45 156 224 43 226 3 82 63 164 206 116 67 140 208 221 142 1 31 61 12 210 114 146 10 203 216 150 205 19 49 128 102 196 198 28 32 111 13 56 125 60 193 71 105 99 131 120 122 177 48 29 108 124 181 27 106 57 38 170 464 465 474 475
225 14 48 127 212 29 59 131 142 23 176 8 221 38 140 121 2 229 6 17 100 11 224 15 226 73 54 126 77 156 122 141 171 22 186 3 82 167 63 135 86 165 31 61 12 42 114 65 189 10 40 104 134 198 49 183 72 177 196 28 162 111 92 205 26 220 60 71 35 468 469 478 479
35 227 32 13 150 163 26 207 167 88 156 224 145 20 213 29 140 4 89 210 131 146 67 188 6 203 11 205 126 15 128 77 198 119 187 134 55 68 189 22 33 70 191 46 59 114 12 116 63 184 226 120 162 54 175 109 177 58 19 113 102 115 170 104 159 460 461 470 471
227 39 84 197 167 212 29 210 142 206 195 87 221 6 17 130 183 94 98 162 43 126 107 88 190 220 52 216 165 146 169 150 1 80 12 114 178 193 89 40 70 104 187 68 202 0 72 132 215 181 200 51 111 92 226 194 145 96 175 26 56 7 139 120 71 143 203 154 468 469 478 479
150 135 86 116 5 80 205 20 194 125 198 78 23 4 202 27 57 182 66 17 111 197 11 96 186 15 75 109 190 105 43 24 69 58 133 84 22 52 82 172 127 131 163 61 42 218 76 178 110 10 70 21 156 55 224 134 171 119 149 213 68 0 147 98 206 28 13 92 137 26 101 465 466 475 476
101 194 11 96 56 143 187 5 39 20 178 125 127 48 182 116 171 184 57 87 120 188 109 122 21 55 6 85 66 17 100 223 115 170 0 183 104 159 172 79 161 174 108 229 163 24 110 165 88 154 167 22 82 156 169 213 105 12 215 228 65 46 206 10 89 208 142 210 144 49 146 72 203 28 205 51 463 464 473 474
7 165 154 3 143 77 24 92 94 215 28 70 83 19 140 8 76 197 10 0 144 65 133 188 69 203 179 126 60 181 73 115 75 130 185 11 132 178 125 114 127 169 182 103 184 39 52 228 120 162 54 175 96 2 111 32 153 100 223 36 49 170 172 106 40 161 216 29 163 205 460 469 470 479
165 205 120 71 5 99 163 14 202 127 78 191 131 142 27 106 87 182 195 140 184 197 186 55 85 115 119 177 190 64 75 147 109 162 183 73 24 172 156 107 58 22 82 86 116 67 12 169 114 65 224 46 171 226 89 40 70 215 153 134 19 208 83 111 92 145 96 26 466 467 476 477
48 179 221 102 11 115 49 170 117 45 159 174 216 108 229 220 154 167 33 103 224 145 226 1 12 46 98 40 153 208 210 0 78 69 190 203 84 60 73 128 26 183 196 41 185 132 5 121 134 55 176 68 20 57 125 14 59 29 116 63 184 4 52 107 228 120 38 188 109 177 111 461 462 471 472
194 220 186 3 33 86 226 1 31 61 12 114 46 159 89 21 153 223 19 0 216 205 218 175 207 56 190 196 60 41 71 105 5 169 69 99 103 133 206 78 29 59 87 38 140 121 6 36 66 17 119 130 164 11 94 75 98 128 109 162 229 43 24 77 156 58 137 18 467 468 477 478
220 26 56 139 143 203 5 188 20 99 14 167 108 59 4 76 106 8 38 110 215 85 36 119 198 149 11 183 15 147 128 73 207 54 77 107 88 18 22 52 186 3 82 216 33 116 224 31 61 42 65 46 10 89 40 70 153 104 134 72 83 28 51 32 92 468 469 478 479
106 107 120 175 39 109 177 103 111 84 124 117 172 27 57 87 161 174 216 229 176 218 55 154 167 100 45 145 213 79 149 43 24 164 18 140 3 82 142 197 86 146 1 31 61 46 190 40 70 104 196 130 68 132 83 200 189 202 28 51 32 13 125 193 114 127 171 184 463 464 473 474
107 87 196 72 143 198 2 132 145 187 200 6 134 100 191 15 45 193 114 195 73 186 88 175 188 109 122 82 190 179 181 1 31 115 42 65 46 159 172 108 229 176 218 68 19 102 98 28 32 13 149 96 60 153 105 144 39 20 99 133 29 4 207 128 463 464 473 474
39 117 2 174 216 229 156 169 213 105 226 24 147 162 18 96 3 33 85 206 98 153 76 210 144 27 78 80 21 203 6 71 84 126 73 86 207 0 75 198 28 187 79 178 70 191 125 59 193 114 182 195 184 186 54 10 111 58 179 113 23 60 170 38 460 461 470 471
117 226 215 228 108 67 140 221 42 76 57 197 210 46 212 10 115 137 205 49 0 126 128 98 196 185 43 132 200 88 189 26 52 178 191 41 116 193 127 5 182 195 20 114 65 131 175 104 177 190 23 4 8 87 72 223 83 183 2 51 32 96 176 15 169 224 464 465 474 475
124 161 174 229 218 1 31 61 12 42 46 167 110 169 55 115 171 226 149 64 113 164 13 210 223 77 58 26 71 135 216 5 207 65 141 196 14 89 132 59 134 27 57 8 87 125 193 127 6 66 131 96 175 120 177 105 179 73 126 24 54 69 99 88 183 172 52 185 82 33 63 464 465 474 475
161 105 5 69 99 181 133 78 172 131 174 163 76 57 38 140 6 85 36 115 169 17 224 130 11 15 215 45 75 162 79 43 24 208 221 126 210 3 86 216 1 12 42 114 65 159 40 21 134 68 49 0 202 72 83 113 191 193 28 195 32 184 197 96 60 139 41 188 466 467 476 477
55 61 182 195 116 43 24 54 122 56 52 3 100 113 60 181 102 115 1 31 104 108 40 163 110 154 49 0 88 103 149 162 83 98 153 142 197 144 78 212 133 82 203 71 84 139 4 141 75 185 198 119 132 79 200 6 68 189 51 191 193 127 461 462 471 472
61 67 188 135 82 71 205 45 139 73 196 43 24 185 77 198 119 132 18 176 189 110 3 33 70 31 12 116 171 46 186 10 228 40 162 175 177 111 0 102 115 51 174 229 163 26 86 154 5 145 79 92 83 4 195 208 57 8 38 142 76 210 144 78 212 461 462 471 472
187 143 162 54 208 137 223 171 22 33 212 116 146 203 1 42 205 218 10 174 21 172 153 104 198 49 183 0 202 132 193 51 195 145 96 26 71 184 99 182 163 78 59 142 4 176 76 27 57 38 110 140 170 185 2 224 179 130 164 11 15 94 215 228 147 98 177 79 467 468 477 478
104 208 146 4 135 76 57 8 38 205 139 2 207 141 6 85 36 17 196 132 94 45 75 98 178 43 24 54 193 114 127 58 182 116 86 228 109 122 31 12 42 65 221 113 181 10 89 170 172 19 0 174 229 83 110 156 169 145 60 41 71 215 149 463 464 473 474
76 120 188 70 177 111 68 181 223 72 159 216 108 163 176 26 41 71 167 169 5 103 224 92 105 94 215 14 162 96 98 140 87 142 57 210 38 212 133 2 80 135 203 137 11 205 128 141 185 43 145 73 54 134 58 178 63 193 182 31 184 65 462 463 472 473
120 57 8 21 6 36 115 66 17 156 119 145 213 64 75 202 149 162 109 206 43 153 142 210 144 22 82 33 63 146 116 203 31 12 205 207 128 70 130 189 83 113 178 127 92 195 171 56 131 60 122 105 5 69 181 84 14 29 108 59 174 229 464 465 474 475
29 45 100 223 115 36 20 212 38 51 108 84 86 33 88 156 6 202 215 83 96 72 193 15 206 140 208 89 65 133 122 135 69 203 137 58 71 205 126 73 183 64 119 21 121 134 68 189 178 70 125 19 167 114 127 171 63 52 13 41 164 56 177 460 461 470 471
45 110 70 191 125 59 127 8 171 63 184 2 226 52 109 177 111 58 100 221 113 102 170 22 3 33 84 218 88 31 42 143 103 224 79 94 83 193 85 0 197 89 131 65 32 13 188 80 135 203 26 41 139 60 181 128 75 198 119 132 134 176 68 460 461 470 471
4 111 87 89 170 146 159 82 216 3 163 84 218 31 20 75 22 143 132 200 13 134 26 68 83 17 85 206 19 195 8 142 184 65 186 12 80 135 69 190 137 58 179 60 49 183 196 172 108 121 42 189 125 46 167 182 2 171 226 52 41 162 54 460 469 470 479
78 65 46 100 115 70 170 159 68 49 99 154 167 32 13 156 103 26 56 92 213 147 41 215 5 206 98 140 153 210 133 23 135 8 205 139 2 128 36 17 130 143 185 132 11 64 191 125 73 169 182 18 171 22 52 63 186 67 177 462 463 472 473
36 169 171 226 228 162 109 164 27 98 100 221 113 2 102 223 115 170 38 172 11 40 163 110 86 99 167 156 103 145 22 147 94 96 1 195 208 10 210 21 131 144 212 133 146 188 135 19 69 28 128 196 13 130 185 77 198 26 66 57 59 460 461 470 471
169 17 203 216 145 207 139 198 69 88 122 189 52 33 191 193 206 131 182 12 46 186 10 115 190 134 119 149 100 64 98 109 183 28 185 174 92 176 178 86 5 80 224 20 125 215 14 59 23 221 27 210 72 223 102 132 466 467 476 477
110 41 188 122 190 111 69 99 179 84 181 115 33 63 170 185 174 42 87 178 10 114 156 19 64 228 149 28 43 73 58 88 221 142 210 223 82 144 212 86 159 5 31 203 20 65 207 89 196 130 198 68 8 134 147 83 66 17 51 32 463 464 473 474
182 6 66 17 183 149 179 130 79 73 77 156 171 82 213 86 215 1 31 12 42 208 10 40 153 212 68 49 0 216 132 113 181 28 51 32 164 175 198 26 56 200 60 41 71 154 103 133 127 108 59 186 131 188 176 190 170 121 2 466 467 476 477
113 202 108 23 38 197 2 212 135 11 64 75 205 126 139 98 79 128 141 43 73 24 77 58 88 119 18 134 52 82 178 191 193 80 12 114 171 89 70 175 164 49 179 102 221 28 51 32 159 13 26 56 60 41 5 156 84 14 226 463 464 473 474
11 167 59 103 105 226 52 228 54 96 164 32 153 170 146 159 27 82 18 141 88 143 145 147 94 215 28 149 83 5 17 127 19 140 195 87 208 142 210 131 133 67 122 190 181 128 75 196 172 185 119 132 176 68 178 460 469 470 479
125 212 133 15 135 79 54 126 139 141 183 130 143 22 82 33 185 189 31 12 42 114 65 127 40 171 131 186 228 188 102 51 111 92 170 96 56 159 172 60 71 174 216 105 176 69 20 99 154 167 103 156 224 202 149 162 27 87 38 153 6 197 210 464 465 474 475
84 102 170 159 80 174 108 229 65 46 59 154 88 156 103 8 92 147 94 2 149 17 85 140 153 87 142 197 89 210 41 212 24 135 54 190 137 18 205 139 63 183 196 130 185 119 57 134 189 178 70 21 66 114 0 184 28 177 111 77 58 179 100 462 463 472 473
102 228 149 206 23 208 142 57 197 210 144 133 135 203 216 100 64 15 141 79 130 143 43 24 54 145 88 134 18 22 33 63 178 195 1 184 46 40 70 21 175 122 68 126 181 223 83 115 159 172 119 174 92 229 163 218 41 463 464 473 474
179 59 193 142 195 23 184 8 87 121 21 6 149 130 75 147 162 24 229 126 156 88 22 224 213 226 65 144 46 178 159 89 70 206 172 134 221 68 210 223 72 2 32 111 164 145 96 175 207 60 139 71 143 154 198 5 20 202 167 63 466 467 476 477
87 175 109 177 111 49 100 181 170 51 13 108 229 26 163 99 88 143 20 145 226 14 202 215 59 96 23 140 8 38 197 89 2 144 6 85 133 66 146 188 135 137 64 126 128 141 43 73 54 132 121 22 82 191 193 114 1 80 31 42 65 184 462 463 472 473
6 171 63 184 0 186 41 109 43 98 223 159 51 27 40 229 163 218 31 86 99 46 24 79 215 15 96 72 206 153 195 208 8 21 89 210 23 212 12 188 135 190 18 139 60 141 183 196 64 119 132 13 176 68 189 191 193 127 460 469 470 479
171 207 66 51 200 15 94 75 189 79 154 191 43 195 197 22 3 82 167 186 188 80 42 170 89 183 149 172 68 49 229 132 83 32 111 156 96 213 60 215 228 5 69 221 14 159 212 153 142 23 216 38 72 205 466 467 476 477
105 2 216 229 163 154 96 167 15 224 213 147 43 202 73 69 58 206 140 22 33 208 142 144 31 203 85 139 207 128 141 68 19 94 185 132 98 79 134 28 189 13 56 114 41 71 86 186 20 175 188 65 109 14 111 59 223 115 23 8 38 72 463 464 473 474
174 154 5 184 197 24 69 99 175 177 190 131 181 42 121 185 229 66 119 149 100 130 178 19 94 147 79 224 28 162 13 215 156 228 137 22 52 1 223 144 203 205 23 207 8 196 72 200 213 32 111 92 189 164 191 56 206 41 71 466 467 476 477
143 13 88 22 41 71 167 80 215 228 149 89 164 108 134 153 221 27 210 8 144 83 159 17 205 207 15 60 139 196 54 69 147 189 202 52 3 82 63 206 42 197 46 121 175 10 21 119 100 130 19 181 79 109 172 28 73 465 466 475 476
22 126 73 141 196 200 134 68 191 72 193 114 52 65 186 41 221 115 40 229 31 88 103 224 24 145 92 213 226 26 1 215 162 140 208 142 89 210 131 23 212 135 82 203 137 71 460 469 470 479
126 3 82 63 67 200 65 46 10 40 127 119 131 49 186 175 190 28 77 128 183 41 71 172 185 176 99 114 14 213 226 57 149 164 206 85 115 66 17 51 142 100 223 75 79 135 54 218 139 88 122 18 103 207 464 465 474 475
8 228 41 162 43 164 177 111 223 212 40 216 163 205 20 141 154 88 77 24 145 79 92 147 72 85 206 140 195 208 21 142 10 131 23 144 18 181 115 128 75 130 51 64 185 119 176 3 178 46 127 1 116 226 52 460 469 470 479
228 72 132 196 115 200 17 130 145 224 96 64 75 139 79 203 184 207 24 54 58 18 103 52 82 127 67 210 191 1 195 12 46 170 10 40 21 198 149 183 83 98 181 28 226 190 141 71 218 144 197 14 178 159 108 59 172 153 468 469 478 479
57 175 109 164 177 181 223 159 172 3 229 1 46 154 88 40 213 202 94 49 0 149 83 206 140 153 208 197 26 56 133 146 80 135 190 137 73 75 196 64 185 198 119 66 200 134 68 189 178 38 70 191 59 72 193 114 116 186 461 462 471 472
2 184 226 96 43 164 98 32 100 221 212 172 27 229 42 163 218 31 86 207 77 198 0 200 13 202 215 28 149 83 193 140 142 131 23 65 133 122 14 3 137 5 139 60 115 183 196 185 119 176 46 167 127 116 460 469 470 479
184 218 100 64 147 98 128 73 215 156 88 18 82 63 86 146 223 1 12 65 178 10 70 21 205 172 196 72 198 28 189 202 13 164 96 26 56 60 71 197 20 122 163 167 176 27 38 170 121 467 468 477 478
1 188 71 18 139 73 183 185 77 198 132 66 200 134 176 189 191 193 63 52 41 162 54 122 56 98 221 223 115 49 38 40 216 229 207 99 154 46 88 145 213 147 202 215 28 83 17 72 19 208 197 144 133 460 469 470 479
188 12 42 229 140 121 40 70 85 119 19 64 109 215 28 43 73 13 137 88 56 208 221 41 223 86 5 144 203 14 159 59 134 196 23 68 198 27 38 72 51 111 164 96 175 75 60 154 190 103 163 131 142 467 468 477 478
59 100 15 223 170 159 24 216 18 218 86 207 77 145 31 200 92 147 10 40 21 193 142 49 0 131 144 186 133 67 190 203 51 32 13 73 75 185 198 5 134 189 191 114 23 103 38 175 164 17 98 461 462 471 472
31 67 80 69 141 183 75 196 200 121 68 189 23 178 70 191 114 127 116 52 65 175 15 122 164 177 58 49 18 51 3 216 207 154 21 224 145 92 147 215 149 195 28 197 210 144 460 461 470 471
67 12 128 141 40 21 183 75 185 119 19 49 0 176 68 189 116 26 186 98 111 100 181 115 172 163 38 167 17 51 103 224 145 92 213 226 147 64 15 202 94 83 24 54 208 58 142 197 89 210 131 144 3 33 63 212 133 146 80 135 69 190 82 203 461 462 471 472
17 224 116 0 162 109 13 111 32 100 221 212 159 216 229 163 33 154 88 24 200 92 213 134 215 70 85 21 142 197 210 23 144 65 133 135 58 71 73 128 183 12 108 121 189 10 178 191 46 167 127 460 469 470 479
163 223 154 5 172 99 133 218 108 131 224 38 213 140 121 215 85 115 119 206 208 221 15 210 147 109 73 24 77 156 88 135 86 116 198 42 114 202 89 40 178 153 193 68 19 83 111 190 145 181 60 466 467 476 477
223 14 127 221 121 215 196 175 94 229 79 43 73 207 24 54 77 103 52 216 86 80 195 176 65 140 193 10 89 68 202 19 183 213 98 181 51 111 92 96 26 56 190 60 71 135 5 144 468 469 478 479
195 149 130 19 183 0 94 147 181 28 77 137 56 41 135 146 5 80 20 226 178 159 89 108 172 208 221 38 212 111 164 218 15 75 139 109 154 99 200 213 52 186 3 191 12 42 176 140 121 10 21 467 468 477 478
3 5 18 115 128 51 64 119 68 189 178 46 167 103 116 54 175 109 56 177 111 100 221 49 170 212 38 229 20 154 156 224 24 79 92 13 26 147 28 149 70 72 206 19 140 21 89 12 80 135 69 203 58 71 460 469 470 479
5 27 216 207 20 167 88 156 24 145 200 213 202 94 15 0 85 19 32 21 10 65 12 80 14 135 69 137 60 181 73 141 75 196 130 185 119 66 121 189 46 127 226 162 164 111 221 115 159 51 172 460 469 470 479
154 96 218 178 99 103 215 162 142 27 38 221 140 115 66 159 149 130 203 15 75 98 207 73 24 200 189 52 33 131 114 65 153 190 68 0 72 181 183 51 32 92 465 466 475 476
177 142 189 202 176 38 191 170 85 66 119 149 130 147 73 24 54 77 137 141 185 33 63 146 229 159 10 89 70 153 213 0 72 132 206 28 221 51 32 92 145 60 41 71 203 20 99 196 14 198 127 200 466 467 476 477
43 77 198 23 119 132 200 38 121 176 189 191 127 63 186 109 122 164 24 100 18 181 49 170 51 42 229 218 86 40 46 88 103 19 0 83 85 206 98 140 208 26 197 212 80 135 205 139 73 128 141 75 460 461 470 471
77 185 198 58 121 114 197 10 40 68 38 72 176 60 41 218 99 167 24 88 54 69 103 224 14 213 147 33 83 96 206 98 42 27 140 208 100 144 66 212 146 80 82 49 64 15 137 139 141 462 463 472 473
73 185 52 132 176 189 191 12 42 193 127 116 10 21 68 19 109 122 28 115 159 172 56 14 224 145 226 215 83 208 142 89 210 131 133 146 15 203 139 75 196 18 462 463 472 473
185 24 54 215 116 208 210 144 212 159 89 153 134 119 218 68 19 132 196 28 32 202 26 56 60 71 135 197 69 99 114 186 133 108 23 38 66 175 64 94 75 98 128 79 224 467 468 477 478
64 70 193 127 52 63 131 175 122 40 100 170 19 0 172 216 108 176 28 218 167 56 103 60 41 145 147 202 94 20 96 85 206 98 14 208 221 142 89 210 23 212 38 69 190 82 203 207 130 15 198 132 66 79 121 461 462 471 472
193 197 49 98 128 79 162 58 137 141 196 52 82 135 80 65 14 134 224 226 72 32 111 164 210 56 212 60 139 71 203 24 69 122 127 108 198 131 142 42 202 215 170 121 115 467 468 477 478
66 54 58 186 162 175 52 122 33 63 164 100 115 65 46 172 10 40 216 108 218 0 86 207 99 167 88 103 224 92 13 202 94 149 56 72 140 20 131 14 80 69 82 203 139 181 128 196 198 132 134 68 189 178 70 191 15 461 462 471 472
79 121 134 176 28 191 13 26 71 175 20 115 170 23 159 27 86 99 88 156 224 60 145 147 215 24 149 83 18 153 52 197 89 144 212 42 146 80 10 40 21 139 128 196 19 49 0 119 462 463 472 473
121 109 131 186 175 54 164 58 88 18 33 181 116 183 172 12 114 65 216 176 10 70 49 83 226 51 140 221 60 41 212 20 99 190 103 137 14 205 141 23 200 202 85 178 119 100 15 94 464 465 474 475
24 13 178 70 127 103 20 52 186 41 162 98 111 23 159 40 216 108 42 15 207 99 33 156 215 85 140 142 12 144 65 133 21 203 58 19 0 128 460 461 470 471
198 54 156 58 137 88 82 33 80 144 46 197 153 132 13 224 164 145 56 69 122 210 127 108 23 42 216 218 140 115 200 15 128 109 181 467 468 477 478
82 139 128 183 65 70 176 19 127 116 51 13 26 98 181 170 20 108 229 23 42 156 224 213 147 15 85 206 208 197 89 131 144 146 18 33 205 462 463 472 473
142 10 89 70 21 134 19 0 170 83 28 176 51 32 111 13 92 218 26 41 71 224 149 162 133 14 127 108 153 27 212 140 115 119 100 75 200 58 191 63 135 186 46 465 466 475 476
12 122 69 137 71 139 60 181 128 130 0 119 176 178 114 226 162 175 109 164 56 100 159 172 40 216 18 86 207 20 88 145 200 213 13 26 28 70 140 63 131 144 460 469 470 479
80 42 135 190 65 137 86 130 68 132 134 189 202 51 13 26 116 131 122 164 100 181 115 183 23 172 27 38 216 108 229 176 88 224 92 213 226 147 94 85 206 98 153 221 33 63 197 89 144 462 463 472 473
131 40 85 181 100 130 183 68 19 49 83 128 176 13 92 167 156 224 41 116 149 14 144 159 72 135 203 216 139 207 196 96 94 132 145 200 134 189 54 88 103 63 175 46 464 465 474 475
18 183 51 132 46 103 54 96 109 56 111 32 221 38 159 108 229 205 218 86 207 99 141 33 88 156 224 202 215 28 149 83 85 19 208 21 197 0 23 65 186 133 122 135 203 137 58 60 181 460 469 470 479
75 58 114 103 46 175 109 164 70 98 100 49 170 13 218 86 56 41 224 145 200 92 20 94 149 14 206 140 23 197 89 133 146 190 203 137 139 196 132 54 176 189 462 463 472 473
140 134 186 119 19 72 32 111 183 60 176 20 99 114 213 226 215 162 27 164 206 153 85 144 130 146 139 98 58 52 63 147 116 189 202 191 40 465 466 475 476
27 175 109 20 111 221 181 49 23 38 229 42 86 103 224 145 213 147 28 96 206 197 89 210 212 133 146 135 203 137 71 139 10 183 0 189 178 191 72 114 127 63 52 65 186 460 461 470 471
65 212 133 146 135 205 49 141 119 13 178 70 72 114 127 20 14 111 100 181 115 172 216 51 218 56 167 156 54 147 94 96 33 206 153 208 221 42 210 461 462 471 472
10 197 89 133 146 69 203 137 205 60 130 132 13 68 127 52 162 109 164 56 221 115 49 159 51 40 229 20 33 88 156 103 200 213 147 202 94 72 206 460 469 470 479
156 196 51 111 92 56 200 139 41 69 99 122 14 197 108 23 190 115 183 119 100 172 130 176 147 128 88 224 52 33 226 63 146 206 21 159 19 0 218 28 465 466 475 476
196 58 213 226 141 215 135 86 206 208 221 144 178 40 70 172 153 216 83 207 51 92 200 145 96 175 139 41 20 197 122 103 186 127 189 85 100 229 15 94 109 162 54 467 468 477 478
109 134 176 189 178 85 116 94 175 98 221 170 52 63 159 167 213 19 202 215 149 162 206 28 51 208 210 56 212 133 41 135 190 69 141 183 132 200 463 464 473 474
54 134 176 68 189 167 15 63 96 164 98 111 100 221 115 170 42 46 21 141 19 0 145 92 202 28 13 85 197 89 210 186 133 122 14 58 139 60 128 23 461 462 471 472
128 134 202 33 40 70 21 190 19 0 72 111 13 92 176 56 218 167 224 213 226 103 147 127 108 23 221 144 146 216 139 207 132 58 88 200 464 465 474 475
134 153 208 58 33 135 116 139 207 141 46 40 200 176 68 38 51 32 111 56 221 159 172 127 218 23 213 147 100 130 202 149 0 464 465 474 475
114 212 100 146 94 203 216 132 145 189 127 46 89 70 21 186 175 19 0 28 51 32 111 92 119 178 167 69 20 226 147 215 149 162 206 153 144 463 464 473 474
26 86 207 33 46 88 224 145 202 85 206 20 89 135 69 203 205 181 200 176 70 191 116 63 226 52 186 41 175 164 111 49 170 159 172 40 216 229 218 460 461 470 471
86 205 139 41 20 132 14 189 202 178 186 51 181 69 229 176 63 99 167 88 42 145 92 226 94 70 21 215 149 206 98 19 49 153 0 208 89 462 463 472 473
58 130 119 132 42 176 70 191 21 72 19 49 63 15 186 175 164 221 159 172 108 218 88 92 213 147 94 215 83 96 85 206 197 41 133 146 135 69 190 20 71 461 462 471 472
89 197 210 212 146 137 205 207 141 130 60 41 176 20 127 63 122 164 42 100 170 159 172 0 15 218 99 88 94 149 162 153 46 208 462 463 472 473
63 139 181 130 176 189 191 167 127 103 226 111 40 170 212 172 19 49 216 108 205 28 99 141 51 88 56 92 213 41 94 20 197 146 23 42 122 137 461 462 471 472
139 178 116 167 42 46 162 68 153 72 83 144 28 212 13 203 96 205 71 207 69 200 103 133 14 85 175 119 0 15 172 137 465 466 475 476
207 41 135 116 146 159 224 226 38 72 132 111 15 216 99 122 103 186 127 213 108 42 208 40 85 119 183 147 98 28 13 468 469 478 479
144 212 146 216 49 28 145 51 111 189 202 96 56 191 69 20 186 190 23 170 183 85 115 229 119 218 178 15 167 224 213 137 141 52 135 206 221 46 465 466 475 476
42 122 203 71 60 14 51 132 23 108 38 191 167 103 224 116 15 162 175 164 49 159 99 200 213 147 0 94 85 13 197 146 460 461 470 471
135 141 40 21 68 49 83 32 13 96 56 60 71 190 69 183 127 229 178 119 100 15 94 149 98 164 153 208 122 212 203 464 465 474 475
46 190 71 205 60 183 132 68 189 178 127 186 19 162 98 49 159 108 88 103 224 200 92 213 202 149 38 72 153 208 461 462 471 472
51 94 149 96 164 153 100 221 21 133 69 141 28 130 13 189 52 40 175 23 19 60 115 170 32 108 229 41 99 167 88 461 462 471 472
49 83 14 85 208 197 146 69 190 137 183 15 119 132 189 167 103 116 52 162 164 40 229 32 218 13 99 141 224 92 149 461 462 471 472
83 162 96 85 98 28 153 208 212 71 203 137 14 119 132 23 38 127 116 15 175 52 218 99 40 145 92 226 147 462 463 472 473
212 221 208 40 70 153 23 68 72 132 218 32 96 56 41 69 99 103 33 167 210 191 100 130 202 19 15 94 147 162 137 141 116 468 469 478 479
70 15 197 133 146 28 13 137 205 130 40 178 116 19 186 164 32 100 221 115 60 170 20 216 200 147 202 215 149 21 96 85 208 462 463 472 473
28 145 213 147 13 153 210 146 122 190 23 191 167 15 226 52 38 159 229 205 33 19 0 460 461 470 471
145 92 224 141 60 41 71 164 69 153 208 14 210 108 23 85 130 202 133 33 186 190 170 119 0 176 218 98 178 465 466 475 476
210 159 172 153 206 72 132 200 164 96 41 226 186 127 108 23 38 216 21 218 149 202 183 94 213 88 468 469 478 479
215 132 226 200 32 96 175 56 221 71 99 133 191 23 176 170 85 147 98 190 141 52 33 116 229 208 153 68 224 468 469 478 479
32 103 23 213 94 96 153 208 203 20 71 130 132 200 68 178 72 127 0 15 98 111 100 221 181 170 38 216 229 99 167 460 461 470 471
153 221 68 203 216 111 96 56 103 191 14 127 197 21 100 181 94 170 147 229 141 52 167 116 40 164 206 465 466 475 476
21 186 19 122 69 60 115 13 130 172 132 189 178 20 167 224 116 226 52 162 175 98 221 170 38 99 33 200 92 213 149 72 460 469 470 479
72 96 164 85 206 98 133 146 52 203 216 205 141 132 202 191 197 175 15 190 60 69 170 159 172 119 108 229 176 88 147 462 463 472 473
56 99 23 88 224 92 213 94 208 197 69 33 205 60 181 183 200 40 176 189 178 191 127 226 186 162 122 100 170 20 229 461 462 471 472
99 41 216 167 14 226 147 149 38 206 85 190 88 130 132 176 189 40 116 186 68 164 221 181 115 170 463 464 473 474
116 85 115 141 15 130 119 132 191 52 33 175 122 181 19 111 13 92 41 71 224 20 162 14 208 221 23 38 203 464 465 474 475
13 224 202 94 197 23 146 69 190 181 183 130 132 189 178 191 167 127 162 164 100 221 170 0 20 33 460 469 470 479
159 20 14 203 216 205 38 115 100 189 202 122 52 190 229 149 147 224 111 213 92 226 162 60 208 465 466 475 476
137 200 202 178 191 68 19 132 175 96 181 60 71 170 20 216 229 103 218 108 167 23 224 213 149 85 115 164 206 130 208 15 94 98 203 88 205 141 464 465 474 475
111 38 162 208 197 15 98 133 88 205 33 141 92 181 183 172 119 216 20 176 103 108 463 464 473 474
23 170 0 216 218 92 213 147 20 14 206 190 60 183 119 176 226 162 175 460 461 470 471
14 115 38 108 218 0 33 92 213 147 202 94 15 149 85 19 146 71 60 141 183 119 68 189 226 98 460 469 470 479
202 147 162 190 41 178 108 172 96 15 60 103 133 33 167 127 191 205 176 189 85 149 213 68 0 467 468 477 478
132 221 146 0 189 178 191 96 175 190 183 119 167 94 98 226 464 465 474 475
218 41 69 133 197 178 108 206 176 170 115 200 98 88 216 167 229 146 68 19 183 221 162 92 96 205 190 141 468 469 478 479
40 20 203 181 141 183 130 178 127 226 186 41 122 164 100 170 216 108 19 0 167 88 103 208 460 461 470 471
221 206 38 200 60 203 69 133 33 167 127 176 119 130 68 190 141 71 226 468 469 478 479
122 170 183 172 229 85 115 119 94 224 213 149 88 164 203 216 38 189 92 206 60 71 197 186 69 175 33 464 465 474 475
170 133 127 108 38 172 119 149 147 88 52 208 216 68 189 191 71 20 197 466 467 476 477
20 108 33 167 88 103 224 92 85 206 146 71 183 130 52 186 41 0 164 460 469 470 479
100 164 85 181 172 216 108 229 167 103 213 149 162 197 133 98 146 190 92 71 178 191 463 464 473 474
115 186 181 172 216 88 224 213 147 208 133 146 68 19 205 183 96 60 71 189 178 191 69 464 465 474 475
96 167 213 197 69 133 33 205 200 85 178 191 127 186 88 181 172 216 108 463 464 473 474
41 38 224 213 85 206 133 69 190 141 183 200 19 0 68 191 127 226 164 172 216 229 460 461 470 471
226 175 205 60 203 133 216 191 176 229 149 19 183 213 181 92 88 52 178 208 468 469 478 479
229 103 186 127 191 176 38 119 149 213 147 190 141 52 146 206 200 92 175 205 71 468 469 478 479
92 224 208 69 133 203 205 38 141 130 85 191 127 52 33 98 216 68 463 464 473 474
213 190 60 203 69 103 127 108 206 38 119 130 164 15 94 88 33 146 189 0 468 469 478 479
162 38 189 197 69 190 33 127 108 183 85 119 149 130 98 141 203 68 466 467 476 477
175 130 164 15 141 146 205 200 172 189 19 197 186 71 183 167 127 108 178 466 467 476 477
85 186 181 71 69 167 224 94 206 98 197 133 190 203 205 52 119 462 463 472 473
167 181 172 176 103 224 208 130 0 15 147 98 216 205 141 52 466 467 476 477
38 164 216 108 141 15 149 186 133 146 203 60 0 191 224 52 460 461 470 471
119 127 103 33 181 178 147 208 216 205 141 130 94 189 464 465 474 475
183 133 206 52 33 186 68 147 98 141 224 178 108 172 216 205 15 94 60 466 467 476 477
164 15 133 127 146 200 189 0 190 60 172 178 466 467 476 477
216 69 127 108 224 94 133 68 141 71 468 469 478 479
133 172 19 0 149 206 69 146 205 200 189 130 178 94 190 464 465 474 475
172 103 108 203 205 130 0 147 98 191 33 186 146 176 71 466 467 476 477
224 60 69 186 127 108 176 149 98 190 197 208 68 468 469 478 479
108 103 197 146 130 176 68 19 127 60 463 464 473 474
94 178 191 186 69 147 0 206 98 208 197 52 190 141 130 200 176 463 464 473 474
178 205 103 52 33 146 200 191 149 190 71 130 466 467 476 477
15 52 98 88 103 149 206 19 208 146 203 71 181 130 0 460 469 470 479
147 189 191 197 60 69 190 98 52 33 146 203 205 19 200 465 466 475 476
189 141 52 19 200 206 130 467 468 477 478
127 149 206 68 146 203 60 186 464 465 474 475
186 0 200 191 69 208 103 197 467 468 477 478
33 60 68 52 98 200 206 197 0 146 71 460 461 470 471
60 19 208 69 190 130 200 461 462 471 472
52 130 68 98 181 19 88 149 146 69 190 71 461 462 471 472
176 69 88 149 130 19 141 205 191 466 467 476 477
197 68 181 200 130 88 467 468 477 478
191 98 190 141 208 71 467 468 477 478
181 208 149 19 0 88 71 146 203 69 103 466 467 476 477
68 98 190 203 71 205 200 0 103 461 462 471 472
130 88 71 103 208 146 205 141 200 464 465 474 475
146 200 71 69 149 206 465 466 475 476
88 200 149 98 208 19 462 463 472 473
0 19 69 203 71 103 205 141 149 460 469 470 479
19 206 190 205 200 460 469 470 479
203 71 205 103 206 149 141 467 468 477 478
205 206 208 71 69 98 141 467 468 477 478
149 71 69 103 141 465 466 475 476
206 190 467 468 477 478
103 71 69 208 98 463 464 473 474
208 141 468 469 478 479
71 141 462 463 472 473
69 98 190 141 462 463 472 473
190 200 98 467 468 477 478
141 465 466 475 476
200 467 468 477 478
98 463 464 473 474
395 446 286 237 320 271 350 354 439 441 352 382 417 244 274 432 327 278 259 338 423 306 257 287 317 370 321 427 403 251 236 315 296 405 418 330 360 241 420 230 305 328 411 392 400 239 303 455 402 307 386 248 404 371 252 263 316 346 376 408 450 397 380 291 454 276 401 443 300 458 304 447 387 368 436 298 449 438 332 451 440 453 277 442 281 390 341 431 375 466 467 476 477
446 265 246 410 299 250 344 374 314 427 378 389 459 278 357 308 442 353 383 372 436 253 387 368 287 238 317 268 381 321 351 232 366 396 456 236 266 430 330 394 424 447 245 275 449 373 403 437 254 418 288 318 382 333 363 263 293 316 346 297 376 444 291 242 295 325 276 400 240 404 385 334 379 409 432 249 413 230 283 313 264 328 422 337 326 286 237 271 468 469 478 479
243 318 452 252 373 265 386 454 239 254 388 309 322 311 366 258 313 434 260 302 423 315 383 425 317 438 359 319 440 361 253 416 352 365 301 424 345 292 305 294 428 362 364 298 340 353 241 421 342 355 276 397 344 357 414 282 403 350 271 392 339 394 407 275 451 343 385 398 242 387 442 334 455 255 268 389 402 444 336 378 391 338 380 261 316 329 250 371 263 460 469 470 479
318 426 256 267 362 430 419 246 408 250 280 410 423 314 412 346 289 335 403 337 458 350 253 405 418 339 306 257 238 317 396 451 343 398 266 345 400 334 347 241 389 323 444 336 245 391 325 309 393 448 382 273 303 329 331 248 386 454 252 282 263 456 297 377 231 242 326 447 370 438 270 300 427 440 361 429 363 298 431 365 378 283 313 433 311 262 371 462 463 472 473
262 331 259 452 373 386 441 454 253 234 322 443 390 432 324 379 313 434 232 368 315 436 247 304 317 372 385 427 361 363 365 378 254 354 367 422 314 369 290 303 426 360 415 283 296 417 285 298 366 287 300 302 291 293 414 230 416 458 350 271 284 339 352 258 239 394 286 409 343 277 332 252 266 400 334 268 281 323 444 231 459 393 448 274 316 329 384 276 460 461 470 471
331 424 358 371 256 237 439 360 373 320 271 419 432 269 299 250 353 408 344 308 259 412 346 359 361 403 257 337 317 350 405 352 232 407 354 251 398 260 413 334 305 349 391 273 254 284 340 307 450 384 263 293 399 333 454 316 297 375 388 246 377 242 445 458 325 434 447 394 270 300 370 438 323 451 372 385 374 302 283 378 433 258 367 380 435 281 311 463 464 473 474
265 336 270 325 327 237 382 274 316 437 373 386 320 454 375 267 250 443 432 244 324 366 379 447 368 381 253 304 425 238 319 361 308 232 431 247 365 378 433 260 301 356 369 411 424 305 347 428 254 349 362 283 296 417 248 285 406 252 233 287 342 276 423 399 401 293 414 456 269 282 403 416 337 350 271 284 352 273 286 407 449 288 345 400 334 281 323 460 461 470 471
336 246 350 269 244 274 255 409 327 398 287 457 238 349 338 321 393 406 448 340 266 247 342 452 441 294 245 305 375 388 443 445 458 273 392 303 254 394 436 370 282 233 263 372 385 316 374 387 429 376 310 291 272 365 325 380 422 435 270 251 356 424 304 358 439 279 230 415 332 417 364 353 408 421 292 322 410 326 286 237 267 271 301 403 416 235 463 464 473 474
366 388 401 324 264 403 239 273 303 381 436 322 449 307 383 396 256 282 440 453 374 301 365 376 235 246 431 444 231 344 295 244 369 359 255 319 371 384 426 253 238 302 332 283 377 232 347 421 368 247 281 260 425 427 245 305 320 429 284 348 329 409 422 248 314 233 327 278 413 402 415 291 306 257 287 317 276 406 340 321 251 450 349 454 230 464 465 474 475
388 277 432 281 341 292 410 423 286 267 412 427 373 384 335 348 299 250 405 333 363 314 420 244 396 278 308 259 253 413 455 238 268 402 457 370 406 236 247 330 260 241 245 275 399 454 377 358 401 239 254 284 458 392 307 386 337 252 451 316 297 380 231 261 429 344 431 295 374 355 433 378 255 240 270 323 304 368 439 279 230 302 428 381 313 465 466 475 476
311 452 454 322 239 377 324 307 379 256 237 290 370 271 383 317 330 451 372 319 374 429 321 250 442 431 444 244 255 433 314 356 316 437 371 287 439 268 428 362 375 417 430 285 266 281 419 432 408 355 368 245 357 309 346 401 254 416 288 405 418 339 420 233 263 341 354 297 398 411 345 291 242 334 389 270 300 325 459 393 382 329 342 279 230 397 462 463 472 473
452 292 322 459 424 435 290 350 403 354 437 418 280 333 412 274 458 416 278 289 361 440 391 342 372 253 425 306 453 400 455 404 315 428 379 360 260 432 443 324 275 305 411 392 239 273 254 356 307 288 401 282 263 316 346 297 429 380 231 291 344 276 355 408 438 423 300 251 442 334 387 417 234 368 298 249 230 451 302 362 313 264 347 258 430 468 469 478 479
259 275 396 330 451 264 277 235 453 345 266 279 321 442 334 455 323 244 378 272 314 382 316 234 437 329 450 263 257 238 439 386 441 454 309 430 377 390 379 241 302 245 359 319 254 308 429 310 431 252 420 233 433 301 435 424 231 305 426 347 360 428 362 417 240 351 406 419 355 410 344 357 399 333 401 239 456 348 282 271 405 286 407 328 449 460 461 470 471
283 390 432 324 392 434 326 447 436 328 383 304 438 263 319 374 308 321 363 376 242 310 444 365 276 420 433 367 314 240 270 290 437 358 373 249 279 230 294 428 351 285 406 419 258 239 408 300 421 355 302 357 267 252 271 293 403 235 350 405 339 352 286 341 255 330 343 398 411 345 253 234 457 404 393 327 448 266 316 450 439 386 399 461 462 471 472
390 362 401 456 247 281 341 292 322 445 241 326 256 447 394 436 369 449 396 373 384 440 352 382 314 431 327 278 357 338 289 422 361 242 306 257 340 370 385 285 266 345 360 275 423 358 339 412 425 258 403 307 367 418 237 371 267 252 312 407 420 346 376 246 380 310 261 295 325 455 402 359 255 389 240 319 391 404 323 353 406 364 448 298 268 465 466 475 476
448 457 301 414 269 348 250 363 408 438 255 308 338 402 421 372 436 447 406 257 340 370 232 385 296 379 409 245 275 305 439 339 373 303 437 254 284 367 412 252 416 233 263 397 365 346 440 391 231 310 261 291 425 344 295 374 325 355 359 389 319 300 323 353 456 364 428 368 298 432 230 443 332 313 264 347 411 441 258 239 281 322 256 420 468 469 478 479
457 246 418 269 299 250 412 393 427 274 327 357 442 338 289 361 372 436 425 406 268 340 419 321 400 351 232 404 285 315 247 398 349 260 245 324 305 377 407 309 422 303 307 337 367 248 450 401 282 312 376 399 242 272 295 276 355 408 319 270 300 459 323 402 368 298 432 302 381 332 264 445 441 239 292 458 375 405 369 350 373 354 384 335 414 468 469 478 479
286 329 397 439 238 320 232 322 285 379 447 260 315 436 383 304 438 427 308 354 435 290 411 424 246 358 371 261 242 413 426 360 294 349 255 240 270 353 287 408 355 423 344 399 264 359 401 414 348 403 295 416 337 458 350 392 405 339 241 394 237 267 328 341 409 330 451 343 398 332 334 269 389 402 391 244 325 338 393 278 382 461 462 471 472
368 434 447 298 279 230 370 383 438 451 328 277 258 239 429 322 307 237 267 301 435 369 424 246 371 310 426 299 329 373 314 430 338 432 253 423 302 414 347 427 236 418 326 407 245 339 411 453 413 254 284 348 389 402 288 352 363 391 404 252 312 293 393 327 342 384 272 306 386 399 325 441 454 456 319 285 445 304 392 465 466 475 476
434 279 230 332 362 313 264 343 377 411 258 341 386 267 271 365 380 410 344 374 363 393 427 244 408 359 450 278 357 289 323 342 234 454 257 238 321 458 426 447 285 260 424 375 451 245 324 275 305 440 453 339 442 354 433 384 444 273 303 254 284 418 307 352 435 282 233 312 397 293 346 297 361 391 421 441 261 443 295 276 319 385 364 379 467 468 477 478
327 396 409 271 398 235 347 299 244 274 338 393 278 308 340 289 382 450 397 306 386 257 399 441 321 443 232 377 285 236 315 266 247 379 447 381 260 436 449 370 383 438 427 374 387 429 254 363 376 444 378 248 263 422 369 371 242 295 325 375 430 351 251 432 408 355 410 423 279 344 412 425 264 414 348 361 239 350 322 352 256 463 464 473 474
396 278 357 401 456 403 372 387 458 306 447 238 268 436 449 232 451 296 394 375 444 245 324 433 309 339 273 303 424 307 288 367 439 382 263 417 316 346 361 391 432 261 325 276 423 340 359 389 412 425 240 270 300 427 304 334 364 279 343 377 347 409 277 398 411 292 413 256 404 384 406 235 246 408 348 250 450 329 314 244 274 399 466 467 476 477
239 320 322 364 298 313 302 231 425 359 372 293 414 427 240 361 308 429 242 418 310 365 299 354 288 301 303 345 413 347 360 281 285 353 287 276 397 289 399 291 454 267 456 348 269 337 392 326 328 341 234 383 317 330 398 319 453 266 321 376 268 389 323 444 378 312 433 314 435 369 382 316 437 329 439 386 460 469 470 479
320 406 382 256 441 322 235 377 246 250 381 244 274 255 383 278 308 374 253 387 234 321 306 376 287 444 378 367 380 285 435 266 356 437 426 360 415 428 430 351 364 284 353 408 421 288 355 344 412 425 346 359 316 401 231 242 272 337 350 405 418 295 407 341 240 300 251 330 343 398 411 249 279 230 334 347 389 402 302 323 338 459 258 462 463 472 473
299 334 347 402 291 242 272 391 325 276 329 450 384 397 386 441 298 249 335 264 392 436 370 304 317 256 237 385 427 440 374 321 442 250 420 280 433 422 314 244 255 303 316 437 278 289 360 234 349 362 417 287 238 353 421 236 355 266 247 423 344 357 412 346 401 414 348 361 403 416 405 394 407 288 343 398 411 252 233 263 345 400 462 463 472 473
334 449 383 425 438 333 314 372 274 440 361 278 289 429 234 433 268 422 321 424 315 296 247 373 260 362 417 245 324 275 305 406 419 309 353 421 342 303 254 410 307 346 359 401 414 282 348 416 405 352 231 310 242 272 409 411 319 251 453 323 389 402 279 230 338 393 264 277 258 450 454 443 290 445 379 447 463 464 473 474
359 385 270 285 345 374 429 330 249 378 433 367 358 435 382 258 273 371 337 360 373 415 237 252 364 346 297 419 432 423 344 295 355 412 244 414 403 353 363 405 234 420 268 302 281 341 413 292 322 260 241 256 391 404 305 290 350 301 393 335 386 399 454 263 293 278 377 458 379 392 447 272 394 257 317 436 451 464 465 474 475
385 319 289 323 353 304 403 416 234 405 418 298 302 343 409 277 398 341 322 241 402 415 245 275 391 271 459 393 406 384 335 408 284 450 269 348 382 333 314 454 233 401 278 308 338 456 242 306 287 317 394 449 321 451 240 315 440 379 330 442 249 324 377 358 309 339 273 337 237 267 417 316 297 250 280 410 423 425 378 465 466 475 476
362 273 303 254 284 307 288 449 282 293 451 372 316 346 297 374 429 310 291 242 431 325 378 433 367 240 300 422 435 369 371 426 234 298 249 279 373 415 302 332 417 347 277 419 408 421 410 267 412 350 414 354 335 403 405 269 420 333 244 409 338 398 306 257 287 238 391 340 459 296 247 360 260 241 386 399 294 309 339 464 465 474 475
255 264 277 398 332 455 268 323 444 257 312 325 393 249 369 316 329 371 305 439 430 443 432 258 300 381 436 235 304 372 250 427 295 248 308 350 297 418 365 367 288 409 242 290 303 358 426 347 360 402 294 349 236 296 338 285 406 408 245 276 410 399 291 454 401 335 282 403 337 392 326 447 339 394 407 449 275 231 460 461 470 471
264 432 324 326 381 302 436 425 238 427 374 429 236 376 247 297 431 352 365 260 433 354 367 288 301 422 369 290 303 254 296 417 248 364 263 421 276 397 410 231 278 291 280 414 348 269 337 458 405 339 449 341 275 409 343 277 332 345 387 400 321 442 389 281 459 237 314 450 371 384 246 250 375 267 309 322 244 460 461 470 471
301 380 382 316 437 450 384 261 291 242 386 295 276 333 430 322 443 240 300 377 432 326 298 279 230 315 449 383 304 372 306 308 418 420 433 354 367 246 269 360 428 349 244 278 406 419 340 353 408 234 257 287 346 401 232 414 285 403 416 337 350 405 339 241 407 341 409 343 332 387 284 321 455 402 288 323 444 404 338 462 463 472 473
380 365 246 310 422 435 424 374 319 308 441 289 253 234 287 268 332 410 423 232 266 341 414 260 416 350 339 407 420 373 269 348 411 288 314 252 282 263 415 391 404 361 342 261 291 272 276 450 370 351 397 386 399 345 349 330 360 456 249 230 294 324 447 377 328 381 394 436 383 292 322 307 337 440 453 429 371 442 389 465 466 475 476
246 444 270 231 242 248 261 382 437 329 250 371 439 240 252 386 307 428 430 322 364 256 379 421 313 423 357 370 251 293 440 374 416 308 429 310 352 365 420 433 235 367 356 290 305 347 281 402 294 404 296 417 351 406 419 340 276 397 344 399 236 412 454 346 267 456 326 273 407 277 387 400 455 268 389 460 469 470 479
444 310 325 355 408 438 338 289 304 436 298 287 238 268 381 281 260 435 275 305 403 354 458 414 447 303 437 284 329 449 333 363 314 451 252 282 416 263 278 297 361 342 261 306 459 351 423 270 404 300 285 364 398 428 379 360 432 249 279 294 324 313 343 328 407 445 411 422 273 307 386 237 316 376 468 469 478 479
232 280 401 414 456 269 337 458 350 392 394 328 383 398 279 231 378 270 272 261 382 371 373 428 441 254 375 267 430 324 313 260 302 315 436 236 370 304 425 372 293 306 440 240 361 253 295 429 376 297 418 310 352 365 420 312 233 354 367 288 248 369 290 411 345 426 360 281 406 353 355 289 410 344 357 278 399 460 469 470 479
280 455 389 281 378 391 338 459 260 382 275 329 273 441 254 309 430 443 377 248 233 381 302 315 436 370 304 317 438 261 242 272 319 440 361 442 376 240 310 365 354 288 230 411 424 371 413 305 360 258 415 307 296 417 285 419 237 267 287 408 300 410 235 399 412 333 250 401 348 282 416 337 278 339 352 394 328 449 341 257 332 345 400 461 462 471 472
237 329 450 250 384 252 373 428 441 267 309 231 377 445 379 381 302 315 304 317 293 306 295 363 418 244 367 288 422 356 345 358 292 305 415 404 351 285 406 298 419 408 355 276 397 344 278 346 348 269 403 337 458 271 405 326 339 328 236 275 330 451 343 398 319 332 266 279 389 402 257 325 459 248 460 469 470 479
278 266 247 330 411 332 279 347 389 281 404 325 338 459 273 254 316 248 384 233 441 333 375 377 261 242 445 392 326 447 449 240 370 383 317 438 319 440 249 433 422 435 290 437 358 305 373 349 296 364 406 298 419 250 408 274 423 344 357 293 414 335 257 238 418 339 352 354 461 462 471 472
269 347 323 270 391 404 247 272 340 342 439 441 333 335 456 377 432 324 445 271 392 326 233 263 315 449 370 383 317 438 319 321 442 431 365 420 433 236 314 369 316 437 249 230 371 373 294 415 307 349 296 351 364 287 355 289 302 344 291 361 250 295 297 339 273 407 409 343 253 398 290 234 411 279 238 460 461 470 471
347 329 456 248 314 394 342 370 451 261 242 272 372 287 276 387 340 363 240 285 315 345 433 330 367 435 249 230 356 369 294 424 437 309 360 258 292 417 351 432 267 353 421 316 346 423 310 414 344 416 352 323 253 234 298 411 302 332 413 389 266 247 391 459 406 382 245 275 305 399 254 284 464 465 474 475
234 326 447 273 449 341 317 277 453 387 400 442 455 389 323 378 325 314 248 369 382 316 441 309 256 298 432 445 313 436 357 304 238 251 414 240 361 374 295 416 308 429 350 242 297 418 431 407 422 343 235 356 290 424 358 413 426 404 285 406 340 353 342 397 410 454 348 403 324 337 271 284 405 460 469 470 479
326 329 450 342 298 384 397 313 399 277 335 456 377 247 322 328 449 383 438 372 427 440 374 387 429 250 314 274 420 233 367 356 242 306 257 360 428 321 430 251 285 236 315 408 230 275 305 344 309 346 414 348 273 254 337 288 418 267 407 354 330 411 332 345 231 261 291 455 325 240 319 300 406 323 463 464 473 474
373 404 307 288 367 256 267 408 271 316 346 386 235 456 445 244 379 289 353 304 449 364 383 451 398 257 238 317 302 374 387 455 266 296 247 260 241 245 275 305 290 369 350 354 335 428 441 443 421 282 312 293 357 423 342 412 425 242 272 351 418 409 422 230 294 400 358 402 277 258 465 466 475 476
404 354 235 427 329 416 429 382 405 293 420 357 361 372 424 306 257 413 370 321 400 351 415 266 345 349 330 450 294 324 273 307 458 337 447 371 252 282 312 449 297 451 231 310 453 250 344 455 325 276 244 389 433 289 304 383 435 298 268 426 439 332 277 247 260 241 245 305 271 350 412 466 467 476 477
266 346 401 293 348 403 295 416 337 458 284 253 328 341 409 332 345 236 247 321 281 402 391 245 338 382 274 316 329 450 397 439 248 441 309 377 432 324 445 379 447 242 315 372 251 374 308 310 431 365 378 249 367 435 424 258 371 413 294 415 307 428 417 364 419 287 408 421 235 342 276 460 461 470 471
329 267 402 290 271 393 235 450 397 439 314 274 375 456 392 317 449 383 438 285 372 236 440 363 324 365 378 309 356 284 437 358 413 426 415 252 282 233 417 351 406 419 353 291 342 423 344 357 412 425 319 401 414 403 416 337 350 298 352 302 313 409 258 451 343 398 411 292 400 463 464 473 474
271 393 268 382 437 450 236 260 443 241 377 324 313 381 302 436 383 254 304 317 438 372 440 374 363 418 310 431 312 367 231 242 314 369 426 270 251 428 296 417 351 364 230 285 298 287 276 423 412 346 401 348 256 267 295 337 350 392 284 405 407 235 341 275 250 345 387 279 323 459 460 461 470 471
393 350 453 400 413 335 455 348 459 406 338 289 450 361 342 441 287 317 340 445 458 285 296 394 379 330 449 241 438 275 440 328 358 309 339 442 273 356 386 367 248 422 233 263 293 424 365 346 297 415 428 242 325 276 389 300 304 364 387 249 279 414 381 313 343 277 405 281 341 407 420 375 411 466 467 476 477
357 409 330 398 245 324 402 339 284 356 288 382 384 397 312 263 293 386 316 297 231 445 325 392 381 319 270 300 370 383 451 372 249 279 387 313 363 367 281 322 424 437 426 439 290 350 354 375 417 430 419 432 333 421 244 274 308 289 401 414 403 306 257 416 287 418 407 420 251 285 296 247 464 465 474 475
257 458 350 405 352 250 273 341 244 451 343 345 279 455 281 402 323 238 270 391 274 236 263 241 386 333 375 245 443 456 377 445 379 254 447 372 233 319 429 442 363 376 297 431 378 312 433 367 356 303 437 371 292 305 360 294 249 349 406 298 419 287 342 412 256 346 252 401 416 460 461 470 471
458 238 415 236 345 424 454 294 245 275 309 414 303 437 254 288 352 248 333 412 252 282 416 312 263 293 376 342 372 242 455 325 321 400 351 319 453 270 300 251 285 304 364 349 298 432 249 313 277 441 367 256 371 401 316 399 410 250 374 314 244 378 408 442 338 253 387 459 447 468 469 478 479
290 406 252 450 386 399 454 375 276 443 445 240 251 379 447 381 315 449 370 249 230 317 451 372 319 440 374 321 442 258 310 312 433 267 303 424 437 358 371 235 294 415 428 349 250 430 274 300 421 423 253 291 412 295 337 236 418 339 281 352 394 407 260 245 453 455 389 402 284 325 338 248 461 462 471 472
406 369 418 309 339 354 335 407 284 348 411 248 382 333 413 233 397 293 415 391 459 231 272 306 276 319 251 398 379 360 456 313 447 449 356 307 440 453 256 371 429 365 376 235 435 295 424 389 338 323 417 253 387 419 287 268 247 341 394 375 405 416 275 466 467 476 477
274 398 453 387 321 442 455 281 402 235 323 378 391 325 338 459 244 384 386 441 375 242 309 430 443 238 313 236 315 370 372 427 440 361 416 429 363 297 420 312 433 354 248 371 292 415 349 231 261 417 351 364 285 298 340 270 342 355 289 344 291 412 346 249 293 414 337 284 247 328 330 343 460 461 470 471
398 423 397 308 338 425 414 427 253 429 287 236 296 349 360 260 400 294 324 305 402 415 339 392 254 356 408 450 399 365 316 346 297 376 456 310 291 242 344 276 389 319 300 438 323 364 453 387 298 442 302 431 433 435 322 426 369 428 384 335 419 352 382 363 466 467 476 477
449 364 253 447 298 268 302 332 343 277 292 424 241 375 405 435 455 350 354 335 235 437 284 418 352 248 314 397 338 440 391 242 285 315 296 428 432 249 230 443 294 328 407 339 441 303 356 288 367 267 282 399 410 261 291 344 276 355 378 438 389 240 319 468 469 478 479
401 424 285 236 315 426 281 330 428 441 241 375 417 324 369 432 384 410 288 412 333 363 252 282 233 312 361 391 231 355 340 240 270 300 251 304 455 379 402 298 230 459 343 377 450 392 292 322 307 256 371 267 445 335 235 399 447 436 314 323 442 372 317 321 466 467 476 477
292 288 441 333 375 309 377 432 445 379 313 231 381 304 317 438 240 306 361 374 308 321 442 376 297 249 279 365 378 312 433 367 356 424 281 413 426 294 415 267 430 364 298 300 342 355 423 344 412 244 414 335 337 339 352 407 328 451 411 236 345 400 389 260 323 391 245 275 338 340 382 273 254 461 462 471 472
275 340 287 355 253 276 289 291 412 346 335 403 236 247 284 405 394 407 328 245 409 330 453 345 273 455 402 391 325 338 459 384 231 439 386 333 322 443 240 432 324 381 302 436 249 230 438 372 306 374 258 308 429 297 431 256 267 424 358 426 360 307 296 417 298 419 460 461 470 471
245 340 287 421 342 355 289 410 423 399 291 412 346 293 348 282 416 284 328 235 330 451 332 321 268 402 325 338 314 261 382 316 437 397 386 236 454 375 267 443 258 313 381 436 249 251 372 306 427 361 374 429 310 378 312 422 356 369 413 305 240 294 428 349 460 469 470 479
340 348 416 350 363 335 418 284 354 356 233 263 413 338 415 349 291 242 272 306 459 287 342 270 300 285 236 315 344 386 454 249 445 339 379 392 258 303 307 288 374 387 429 297 376 365 250 295 435 319 358 371 439 428 253 417 430 268 364 302 313 432 421 410 296 412 256 427 463 464 473 474
350 317 321 251 345 247 375 456 377 379 381 303 254 284 438 337 288 372 248 252 293 378 310 291 242 435 295 424 437 358 319 300 360 415 279 351 419 343 408 421 355 277 258 410 341 412 425 414 256 403 416 235 348 409 244 387 400 389 402 391 464 465 474 475
369 282 312 408 316 346 261 242 386 441 454 456 377 319 445 323 436 298 249 279 451 372 313 374 387 277 258 442 376 341 322 433 422 424 437 371 354 439 348 375 430 333 363 338 289 421 410 425 238 317 268 414 427 321 285 349 330 360 407 241 230 309 400 413 273 402 391 248 465 466 475 476
236 291 346 414 335 230 282 295 337 339 352 407 328 288 409 451 343 277 332 345 279 455 268 270 391 338 459 272 261 316 384 439 309 322 443 256 258 379 313 381 383 372 253 308 321 242 363 418 244 378 235 420 312 354 356 371 428 349 296 430 287 421 410 460 469 470 479
291 297 310 365 378 420 312 241 354 422 303 426 428 349 296 417 298 233 263 408 344 399 346 293 276 348 416 270 392 405 394 407 249 279 343 345 277 258 389 402 323 281 325 459 316 437 333 454 430 443 244 432 313 302 315 253 425 438 287 440 429 376 461 462 471 472
447 298 302 381 445 426 258 281 341 322 394 424 241 375 405 435 403 384 235 348 333 289 361 391 272 238 268 419 321 423 296 247 428 413 230 294 377 328 358 273 303 254 337 252 312 263 293 410 450 231 310 261 295 374 325 454 378 389 240 270 323 468 469 478 479
409 289 410 412 242 414 238 416 370 251 349 360 260 230 294 324 305 328 273 254 356 307 288 248 371 252 450 312 316 346 297 376 441 454 443 295 374 276 319 270 402 353 304 249 453 302 343 442 431 277 258 433 281 435 394 241 256 424 403 335 417 250 419 382 421 263 397 466 467 476 477
348 402 315 345 247 330 241 294 324 397 328 399 454 254 284 456 288 252 282 370 383 438 372 231 261 242 374 344 325 276 376 431 422 249 230 358 371 332 313 426 415 351 322 419 267 421 355 410 423 335 403 333 314 405 308 420 342 253 306 268 400 464 465 474 475
450 435 256 267 354 433 235 418 250 363 314 244 397 308 289 391 421 253 317 321 415 445 285 430 379 260 394 241 413 305 407 422 303 284 459 386 431 252 282 233 365 316 454 429 410 242 295 355 378 408 389 423 402 353 383 451 417 432 230 453 277 341 468 469 478 479
238 337 284 339 230 330 451 332 387 321 442 268 402 378 270 459 272 435 371 263 384 235 441 254 375 430 377 324 313 381 436 249 370 304 317 251 319 361 374 416 363 431 244 365 422 356 411 424 345 413 349 241 351 285 419 233 408 342 276 397 289 231 293 414 403 460 469 470 479
337 268 426 375 417 285 315 296 241 355 294 410 273 254 284 403 288 248 352 252 233 420 316 310 345 400 413 455 276 389 240 391 270 338 382 298 342 279 313 386 441 277 456 377 281 267 370 335 372 235 427 440 250 429 365 308 367 437 463 464 473 474
384 391 459 354 335 235 456 378 308 338 392 253 436 287 268 451 381 351 387 429 285 296 431 379 360 260 241 294 435 305 328 358 339 426 303 415 307 367 248 371 432 282 233 312 365 316 346 297 423 412 425 427 405 383 298 302 332 343 411 400 413 455 402 281 341 465 466 475 476
391 407 250 363 455 361 342 372 253 459 268 408 370 321 351 397 399 454 349 330 360 260 445 394 436 273 438 307 288 248 453 429 233 316 297 435 295 276 437 389 439 240 270 304 383 417 298 419 432 343 421 410 425 322 427 405 466 467 476 477
277 309 456 381 315 436 370 425 317 372 319 440 361 308 321 442 260 310 365 378 420 433 303 437 273 413 305 360 248 294 307 349 252 233 296 417 351 419 353 287 408 421 342 272 410 423 346 251 403 416 284 407 288 258 411 453 281 323 235 316 439 333 454 461 462 471 472
241 342 355 344 399 333 454 346 335 284 405 273 231 407 341 451 343 332 453 279 321 323 325 261 382 263 252 386 309 322 443 364 432 445 421 260 381 370 304 425 438 306 427 440 295 416 242 297 352 365 433 422 411 303 358 305 360 402 294 415 349 419 460 469 470 479
342 420 354 294 343 411 345 303 455 284 402 248 459 252 261 386 399 441 392 298 230 438 328 387 376 365 256 267 422 437 335 358 235 310 295 325 314 417 244 432 308 338 289 323 408 355 410 287 317 412 346 414 403 416 296 247 281 341 352 463 464 473 474
364 339 370 383 438 303 254 307 288 429 431 233 365 420 433 316 297 367 310 325 276 355 426 428 240 300 417 430 408 302 410 399 414 247 281 403 256 394 354 451 453 250 400 455 352 338 289 253 242 272 317 351 441 454 251 375 285 443 349 330 379 294 324 305 464 465 474 475
352 358 400 287 415 351 459 285 345 349 330 279 230 294 324 305 399 339 403 273 445 288 381 394 252 282 312 438 451 316 346 372 440 387 389 295 378 244 433 367 253 360 302 313 343 417 430 322 421 256 412 414 235 254 365 407 420 263 308 338 464 465 474 475
358 248 419 263 297 410 231 425 414 355 240 319 270 300 405 418 323 353 420 279 230 343 453 455 402 322 256 354 235 386 456 377 338 289 381 394 436 253 438 306 268 440 429 363 376 285 296 247 431 349 422 294 324 382 437 309 371 426 254 415 284 428 288 430 464 465 474 475
231 297 431 244 365 378 312 233 422 314 424 250 426 294 307 349 351 285 287 408 421 344 399 414 282 416 394 328 341 288 411 453 345 455 268 270 459 316 397 267 309 322 256 377 313 247 381 315 370 383 304 317 438 372 427 319 440 429 242 376 460 469 470 479
297 242 354 367 422 424 270 251 307 430 249 419 353 421 355 258 410 423 335 267 341 411 244 345 455 289 389 402 323 287 397 281 441 333 375 322 443 456 381 370 304 425 317 372 427 319 282 233 293 442 363 310 365 378 420 433 461 462 471 472
322 454 443 377 445 381 438 314 418 365 378 422 356 411 306 424 268 426 315 430 260 419 408 421 294 355 309 399 303 414 456 307 403 416 233 263 293 339 330 310 242 272 387 400 389 240 319 270 300 323 459 230 302 313 397 463 464 473 474
294 353 284 300 248 302 252 346 414 295 405 418 339 394 407 341 240 270 251 411 387 325 338 258 281 397 386 333 454 443 377 324 445 250 328 317 438 451 372 306 427 429 310 422 314 303 316 437 260 307 428 296 430 298 419 461 462 471 472
353 305 451 328 309 339 372 374 387 273 303 254 284 376 307 431 248 378 282 233 263 435 316 382 424 261 242 426 439 295 428 430 300 419 323 249 230 302 332 412 425 427 258 361 363 405 356 411 455 389 308 408 253 397 321 443 377 285 345 247 349 330 394 436 464 465 474 475
455 427 378 289 402 372 253 287 268 321 415 459 285 296 430 247 394 305 439 422 273 437 356 307 386 382 416 312 263 397 293 440 295 355 419 389 319 453 300 251 323 249 279 381 332 313 343 426 441 392 375 256 420 335 414 235 429 468 469 478 479
354 397 351 441 454 315 345 443 349 377 445 279 324 381 328 436 258 438 440 453 267 376 389 365 378 316 367 235 437 295 426 439 360 289 417 253 432 298 287 268 302 332 355 423 425 281 427 260 403 363 418 305 303 252 415 233 464 465 474 475
247 412 333 346 335 282 339 394 341 383 319 332 453 459 435 248 437 371 263 386 307 267 256 432 445 302 315 436 370 304 438 251 372 306 427 253 295 416 376 418 365 312 367 288 422 356 411 303 413 305 417 338 287 240 421 276 289 460 469 470 479
315 412 230 361 416 405 418 339 258 394 407 341 411 332 402 338 459 250 382 244 308 439 289 386 441 253 443 456 306 381 285 436 317 438 440 387 429 363 376 431 420 433 422 435 356 424 282 233 293 413 360 417 310 261 351 276 408 240 270 462 463 472 473
412 415 324 459 377 328 273 303 284 356 307 288 371 233 456 445 310 242 272 355 438 378 251 302 313 435 258 426 439 394 428 256 430 419 432 403 335 235 250 423 382 397 427 338 429 306 317 420 268 370 321 400 422 466 467 476 477
268 250 392 284 405 394 244 343 332 387 400 442 402 323 272 316 437 439 386 307 430 432 324 379 302 423 436 370 427 440 374 295 308 261 363 310 431 367 345 426 249 360 281 415 258 285 298 421 355 256 344 346 335 403 460 461 470 471
414 459 296 379 260 413 377 454 356 307 288 367 371 233 263 293 365 453 310 261 242 429 442 344 374 389 433 319 270 300 435 249 426 332 419 281 394 416 418 244 420 397 308 338 372 317 400 467 468 477 478
407 253 306 287 317 421 370 321 423 425 296 427 379 330 360 418 392 356 386 367 413 371 282 415 263 365 316 459 310 261 242 374 325 378 240 323 402 304 456 387 445 298 249 230 313 343 453 375 403 426 244 397 289 430 466 467 476 477
248 281 428 417 355 240 397 289 344 346 335 282 392 284 339 273 394 451 332 321 235 459 435 261 252 307 454 375 267 309 242 443 377 445 379 313 249 383 425 317 251 306 440 374 295 416 363 376 418 310 431 367 288 356 303 460 469 470 479
349 410 423 303 254 370 403 282 263 293 405 346 295 356 276 321 240 413 251 402 298 230 343 399 441 443 256 267 379 381 394 244 387 429 442 389 431 378 317 302 382 424 437 371 439 296 281 428 330 375 260 324 419 421 355 464 465 474 475
410 330 360 328 309 424 426 439 254 428 356 288 417 430 252 282 419 365 421 261 242 295 355 389 240 270 383 420 279 343 258 281 341 415 375 256 459 267 235 399 454 333 314 244 408 456 308 289 253 436 351 285 296 466 467 476 477
435 346 376 441 310 344 374 325 445 378 319 270 304 383 253 417 438 451 249 279 440 332 313 343 442 415 430 405 437 403 235 418 382 363 314 263 397 289 272 317 370 351 251 285 296 379 330 360 432 305 411 284 371 431 252 467 468 477 478
453 438 389 308 442 323 402 387 317 381 445 345 430 360 375 305 439 309 433 273 307 288 333 454 252 416 233 263 293 421 310 425 272 295 400 423 240 319 270 300 251 304 379 298 279 302 332 313 411 258 392 431 365 335 235 399 429 250 468 469 478 479
285 425 293 403 273 405 339 400 272 389 276 459 270 230 439 386 443 335 377 324 379 392 381 267 328 304 317 438 451 440 374 308 442 244 420 433 314 303 424 296 417 351 298 419 461 462 471 472
425 431 379 360 249 413 230 343 377 309 411 422 459 371 316 295 456 244 378 389 445 319 308 402 417 287 332 440 415 433 260 424 405 305 426 335 439 254 428 284 382 333 282 312 263 421 372 261 242 272 306 419 351 423 270 251 467 468 477 478
355 442 363 324 431 365 328 433 254 424 437 426 233 263 417 430 419 261 272 344 276 423 251 323 361 279 230 405 394 281 341 387 400 250 397 333 308 289 443 456 392 287 317 381 321 351 372 427 330 464 465 474 475
282 356 303 424 426 296 351 419 300 423 273 254 335 252 403 295 339 272 288 330 451 276 411 332 251 389 323 325 397 439 375 256 456 445 381 370 383 317 438 372 306 427 361 374 321 376 431 365 378 312 433 461 462 471 472
356 312 360 428 430 310 377 432 295 325 421 240 319 300 304 427 361 249 429 343 418 420 258 307 411 400 335 250 344 408 308 289 399 454 456 403 287 317 321 351 381 436 383 281 438 330 442 376 389 309 339 273 382 424 464 465 474 475
361 420 422 240 319 270 345 411 413 279 415 313 328 459 258 256 267 454 456 445 392 344 325 394 314 289 323 374 387 253 442 389 287 431 332 371 324 428 441 375 377 432 273 288 423 370 252 293 363 242 272 405 418 276 464 465 474 475
420 426 439 306 325 428 276 441 430 319 270 421 298 249 423 279 436 328 392 429 386 367 267 424 335 399 344 374 378 408 459 308 338 383 253 317 381 454 345 324 438 309 273 284 363 252 416 312 263 293 376 467 468 477 478
273 307 296 417 309 430 300 302 260 295 405 418 288 451 343 411 263 279 281 272 325 338 382 276 333 375 249 230 432 324 381 436 328 370 304 306 374 308 429 321 431 378 312 367 422 303 371 413 460 461 470 471
307 426 415 288 417 419 261 346 427 270 418 341 302 343 345 400 325 459 254 250 335 456 293 445 394 328 272 306 438 440 296 363 376 260 365 312 249 433 367 305 422 316 437 371 258 462 463 472 473
314 345 387 402 261 250 459 316 439 253 333 443 335 456 302 432 324 436 383 260 305 440 374 442 376 235 431 378 422 233 424 293 308 360 415 428 296 423 344 230 416 309 405 418 258 303 394 288 330 451 411 462 463 472 473
345 338 405 242 287 321 411 251 296 260 389 402 230 324 309 258 397 288 386 399 443 377 432 379 392 295 276 370 372 427 323 304 442 253 298 249 365 332 341 426 256 417 419 335 421 250 423 464 465 474 475
317 328 298 249 451 313 411 387 389 402 281 323 325 397 235 439 386 250 443 308 289 370 306 438 372 440 376 418 260 433 422 413 426 284 312 293 316 344 272 346 276 251 462 463 472 473
288 413 426 415 272 309 430 287 300 421 302 293 230 403 418 394 459 244 240 270 439 441 375 379 392 383 438 372 306 427 319 429 442 376 310 431 235 254 433 233 263 461 462 471 472
423 379 427 339 392 303 371 252 426 365 316 376 459 261 325 378 408 319 454 253 387 417 456 381 313 343 415 341 375 442 335 433 254 284 418 333 363 338 428 441 287 445 300 251 467 468 477 478
309 351 408 256 403 418 250 339 244 308 289 304 387 253 402 302 296 316 260 439 386 305 335 456 303 284 379 381 328 252 293 427 319 429 442 261 363 306 365 276 240 422 300 251 437 426 249 360 428 462 463 472 473
351 339 418 394 312 263 293 316 346 310 402 272 325 276 300 323 304 439 386 249 230 454 302 313 443 445 258 392 436 267 438 427 440 335 429 235 363 376 250 333 367 244 308 338 289 371 253 417 432 421 330 324 464 465 474 475
254 415 428 296 287 408 289 344 235 346 335 403 416 284 339 394 330 343 400 321 402 323 270 325 272 261 382 430 432 258 381 436 306 440 308 363 418 431 433 367 249 411 303 413 460 461 470 471
415 456 445 233 293 451 261 295 374 325 400 389 319 270 300 251 433 302 332 313 439 428 392 443 281 386 267 365 235 399 250 344 416 244 378 308 422 372 253 306 330 360 394 375 328 339 467 468 477 478
240 251 319 308 429 376 310 422 413 305 360 417 421 235 276 289 399 293 456 405 328 330 451 387 389 281 270 272 382 250 263 397 386 333 430 233 256 377 432 445 258 379 436 370 383 304 460 469 470 479
251 416 429 249 418 431 411 303 413 426 360 296 298 287 289 333 339 394 341 383 330 343 319 332 387 376 389 323 312 459 272 382 371 263 439 386 441 377 432 324 258 379 242 421 302 436 370 460 469 470 479
312 424 371 276 428 417 270 430 300 419 249 344 346 335 403 416 392 405 256 341 343 235 332 389 325 338 253 272 397 306 439 386 441 333 375 456 296 379 230 381 305 319 429 321 442 418 431 378 263 293 367 422 462 463 472 473
431 261 242 374 325 276 439 270 383 387 249 230 332 426 281 335 235 250 333 244 397 372 253 287 419 370 321 400 443 428 360 445 260 413 324 305 377 328 438 392 422 284 367 252 293 365 316 467 468 477 478
284 428 296 287 300 421 289 399 333 335 403 405 394 328 252 343 387 400 272 276 270 382 316 279 230 443 377 258 436 383 267 319 440 308 376 310 365 367 411 413 360 461 462 471 472
270 235 306 427 440 295 442 418 310 422 253 413 305 360 428 417 298 419 408 289 335 456 233 330 261 279 400 402 272 382 316 437 397 386 256 381 383 438 460 461 470 471
289 451 343 400 389 402 378 338 386 441 454 261 272 377 379 313 383 372 279 230 306 295 308 376 365 433 367 256 411 303 305 250 244 300 399 333 346 293 405 339 461 462 471 472
330 344 323 287 403 302 296 341 281 332 324 305 459 382 252 263 293 316 399 441 454 310 443 335 377 325 445 436 370 438 451 427 230 374 442 363 433 367 424 437 360 432 408 421 463 464 473 474
242 310 433 367 411 413 426 338 333 235 403 392 405 383 343 279 400 389 402 316 371 439 252 428 375 443 377 300 260 381 438 293 427 363 460 469 470 479
413 363 252 427 306 418 400 319 300 422 304 313 417 411 459 392 386 367 256 267 376 443 310 445 250 374 308 338 323 402 383 332 433 341 360 260 394 426 305 428 339 403 430 303 419 466 467 476 477
426 386 443 233 263 293 376 272 451 276 440 389 429 319 304 433 230 302 332 258 281 341 430 405 235 250 427 333 363 421 419 370 400 296 379 377 411 392 467 468 477 478
305 252 263 399 333 403 392 328 304 332 298 249 387 302 402 459 281 382 316 437 439 250 379 313 381 436 370 383 306 442 363 365 296 422 411 371 360 417 419 462 463 472 473
324 313 258 281 346 256 267 416 394 341 451 244 400 308 389 253 338 459 287 439 333 443 377 230 379 436 370 374 252 429 442 263 376 316 367 261 272 437 371 319 304 419 463 464 473 474
323 370 383 372 295 387 429 376 389 302 382 424 296 428 281 260 419 421 303 346 427 403 233 263 293 261 272 321 400 402 249 408 399 441 454 445 379 328 463 464 473 474
370 279 313 343 281 341 256 267 335 235 344 363 244 454 445 253 392 436 451 372 296 440 387 389 424 303 371 439 367 233 375 293 430 419 310 272 295 276 465 466 475 476
386 441 375 256 419 432 421 333 306 287 379 402 459 377 303 397 367 399 371 346 310 436 374 276 438 451 378 387 442 383 298 302 332 343 424 465 466 475 476
339 419 306 296 346 260 416 418 394 341 451 387 400 252 316 272 295 319 439 300 454 249 279 230 445 302 381 436 427 374 256 267 365 335 235 422 437 308 463 464 473 474
261 365 378 433 235 244 287 300 421 276 399 346 456 403 416 392 328 341 451 343 332 321 389 252 233 272 382 397 439 441 333 267 443 377 249 313 383 258 306 427 308 363 256 376 460 461 470 471
360 293 310 394 344 325 411 400 298 249 279 382 258 399 454 267 375 443 456 377 445 379 392 235 381 250 436 383 442 376 306 424 260 428 408 421 303 464 465 474 475
379 302 427 258 416 281 341 267 411 250 402 408 397 306 399 454 328 438 440 371 252 233 433 422 365 346 376 437 310 272 295 325 378 419 249 230 465 466 475 476
310 272 378 300 424 304 249 230 430 419 258 421 281 250 394 244 411 308 400 253 389 306 325 382 296 441 454 443 456 445 303 381 436 383 233 263 321 462 463 472 473
249 313 260 381 438 306 440 411 424 296 244 421 344 399 456 394 341 451 400 442 281 325 338 459 272 437 439 267 430 443 460 469 470 479
313 279 230 432 445 392 436 328 427 256 429 365 433 235 250 424 371 308 428 430 419 421 335 260 416 341 451 343 252 459 272 276 439 300 304 375 443 456 462 463 472 473
428 267 233 365 399 344 389 319 304 387 298 459 341 454 256 443 456 403 235 382 363 244 416 397 338 253 306 287 437 439 441 260 411 392 422 467 468 477 478
371 424 437 267 252 365 346 375 417 430 377 419 304 253 416 405 281 341 459 333 363 263 443 272 306 445 392 381 372 374 429 442 389 465 466 475 476
424 316 346 376 454 272 344 325 276 389 300 304 451 387 440 442 302 381 258 433 375 267 235 399 250 432 382 333 397 321 260 377 367 467 468 477 478
418 306 321 400 300 230 443 328 445 258 392 256 438 399 344 433 244 378 408 437 402 383 439 417 298 287 381 421 436 405 333 363 263 293 372 467 468 477 478
365 295 375 417 298 432 279 302 332 343 281 341 403 416 405 244 306 399 296 454 394 436 383 303 438 387 293 389 433 464 465 474 475
383 298 387 302 332 258 281 256 437 439 235 250 419 432 382 372 306 403 260 377 328 402 303 267 233 293 399 441 443 344 295 325 445 394 436 465 466 475 476
235 325 338 272 382 437 439 333 375 267 443 432 445 436 438 319 367 411 408 399 335 405 341 451 343 332 279 321 281 460 469 470 479
295 321 376 367 303 279 230 437 298 408 300 346 394 341 343 411 332 400 338 281 439 441 333 335 456 392 233 293 451 306 272 440 374 387 461 462 471 472
321 403 416 244 341 343 332 400 389 325 338 459 256 382 335 456 233 328 306 427 287 374 376 378 367 279 303 417 430 419 316 346 462 463 472 473
279 244 302 372 427 319 440 363 303 281 296 408 421 252 233 263 344 346 456 392 276 341 451 343 332 387 378 258 338 437 267 439 441 443 432 445 250 461 462 471 472
298 328 306 427 319 440 374 252 233 263 378 433 367 422 272 300 302 335 416 405 451 343 325 459 399 296 441 333 377 432 392 461 462 471 472
325 429 363 433 422 253 287 430 432 408 296 260 303 341 263 400 389 272 276 338 397 441 377 258 281 381 436 451 440 463 464 473 474
429 276 433 437 343 443 411 258 341 375 436 405 256 335 250 308 421 253 387 417 287 459 382 233 263 397 316 346 376 440 442 272 467 468 477 478
344 442 376 260 433 422 382 303 439 263 417 430 421 272 276 304 416 363 405 302 258 281 400 341 256 397 441 454 308 445 392 306 287 451 374 463 464 473 474
442 374 451 427 408 438 319 304 436 381 430 405 256 443 439 403 437 250 333 233 263 397 308 421 400 296 459 328 411 303 367 456 316 346 399 468 469 478 479
367 375 432 408 300 302 403 389 459 363 308 397 399 454 443 456 377 392 394 436 260 438 451 440 374 387 378 422 293 437 464 465 474 475
432 343 438 427 244 308 338 253 287 381 332 296 430 454 456 260 394 375 405 451 440 333 363 306 276 400 439 441 467 468 477 478
302 445 328 438 306 319 440 308 267 252 378 437 439 375 430 419 427 296 405 411 397 399 300 377 462 463 472 473
445 394 375 451 250 333 363 416 338 372 253 306 419 443 411 441 392 422 303 437 263 293 272 408 438 389 319 304 436 230 468 469 478 479
300 372 440 374 376 422 252 411 276 419 399 335 456 416 394 328 341 451 343 387 250 244 382 263 316 437 397 439 272 287 430 304 462 463 472 473
372 304 332 343 402 258 459 382 454 456 377 392 333 244 381 436 338 427 440 387 378 433 296 422 437 375 430 419 465 466 475 476
319 440 363 378 437 417 430 408 405 253 260 338 459 439 333 454 267 233 263 335 392 328 276 462 463 472 473
272 422 250 244 281 287 408 421 399 333 405 328 343 332 400 233 459 439 443 230 438 306 427 374 416 363 460 461 470 471
230 436 304 253 374 416 422 411 303 281 417 419 408 399 346 267 335 456 403 260 451 332 378 441 256 460 469 470 479
276 256 378 296 417 419 408 421 335 392 405 328 258 343 281 252 338 397 454 443 253 304 440 461 462 471 472
252 303 437 296 430 419 250 287 335 403 394 332 387 400 459 382 316 397 441 375 256 258 381 436 306 440 374 376 460 469 470 479
256 441 333 375 443 436 440 374 244 363 253 303 296 430 408 421 346 456 403 233 392 328 341 451 343 387 400 459 460 461 470 471
437 267 346 250 244 454 456 332 451 296 430 281 394 375 403 335 382 233 443 338 421 400 438 411 468 469 478 479
374 376 389 433 343 258 375 417 281 430 335 427 250 405 338 400 397 441 454 456 392 394 316 346 438 465 466 475 476
244 332 281 263 439 441 454 267 430 436 363 376 422 417 397 333 346 403 392 394 233 328 341 451 343 460 469 470 479
332 438 387 363 376 378 433 422 328 303 233 263 293 403 416 304 341 281 338 382 399 454 335 456 377 463 464 473 474
281 399 250 441 443 335 381 387 308 363 433 303 316 267 304 346 416 461 462 471 472
399 433 260 430 382 363 233 263 427 416 405 258 392 454 456 403 378 389 308 338 304 466 467 476 477
250 402 263 333 375 267 430 258 436 427 308 363 376 378 287 335 456 392 341 343 460 469 470 479
267 439 430 436 293 306 427 440 363 422 417 338 419 421 397 346 392 394 328 343 387 389 459 460 461 470 471
343 308 338 287 438 427 440 363 260 233 293 408 421 346 416 400 459 441 454 463 464 473 474
394 397 253 387 296 382 233 293 376 441 430 443 328 258 392 416 422 335 400 402 378 408 466 467 476 477
397 400 402 335 459 363 263 293 454 456 403 451 328 258 303 376 441 389 304 387 416 381 341 422 466 467 476 477
400 403 416 308 338 287 260 408 303 454 263 293 316 376 438 440 378 389 433 422 441 341 430 419 466 467 476 477
456 341 375 405 333 416 338 421 287 459 441 303 316 346 427 402 436 253 451 381 468 469 478 479
253 328 341 459 316 375 443 258 260 381 427 376 422 417 287 408 421 233 333 346 293 403 392 460 461 470 471
387 436 308 338 389 381 375 417 419 421 382 233 263 293 427 405 402 328 408 443 465 466 475 476
402 438 433 287 439 296 441 260 377 421 233 293 422 411 378 408 454 375 335 436 466 467 476 477
459 403 333 308 440 419 443 377 411 303 427 438 417 451 381 341 468 469 478 479
346 296 260 430 408 258 382 439 375 443 377 333 308 338 451 433 464 465 474 475
451 338 417 430 403 335 303 419 328 411 441 258 376 378 468 469 478 479
389 308 306 381 439 296 419 421 303 293 411 377 436 465 466 475 476
443 411 441 403 433 382 308 338 260 328 233 293 316 440 419 408 438 468 469 478 479
405 441 260 436 377 328 440 293 433 376 422 378 430 304 381 427 416 411 382 408 466 467 476 477
403 408 328 303 382 233 440 376 433 304 258 333 338 466 467 476 477
438 304 417 430 439 375 441 382 333 363 306 260 328 454 416 408 468 469 478 479
287 328 341 441 375 377 436 304 306 376 378 303 417 430 421 293 335 461 462 471 472
308 304 382 258 439 454 377 392 381 440 363 376 296 421 335 293 462 463 472 473
333 454 335 233 263 293 392 381 436 440 296 376 328 430 421 416 304 363 341 463 464 473 474
338 411 381 328 427 376 293 422 258 416 341 463 464 473 474
430 454 392 408 441 296 363 263 293 419 377 467 468 477 478
454 375 433 335 382 293 440 421 260 233 408 304 436 417 468 469 478 479
392 417 381 421 260 375 416 335 422 233 263 306 258 440 376 433 304 439 466 467 476 477
306 258 382 441 335 377 427 363 260 422 316 439 375 417 408 462 463 472 473
303 263 417 408 335 341 377 436 328 304 296 427 378 433 462 463 472 473
416 296 260 417 377 258 440 341 419 363 427 233 467 468 477 478
296 335 263 293 382 441 375 304 427 363 417 419 260 461 462 471 472
421 411 293 316 378 408 417 440 341 433 439 382 467 468 477 478
363 304 328 341 381 335 433 422 382 439 375 417 427 464 465 474 475
427 258 422 378 417 375 382 233 316 467 468 477 478
378 382 441 341 375 263 417 328 258 376 465 466 475 476
419 411 422 316 408 258 433 382 439 441 467 468 477 478
417 233 335 422 382 408 260 377 467 468 477 478
263 335 341 260 233 377 436 304 376 433 460 461 470 471
376 408 258 411 439 260 328 381 440 293 316 465 466 475 476
260 293 328 341 316 439 375 377 436 304 440 422 411 460 461 470 471
441 341 408 381 375 328 233 304 468 469 478 479
433 304 381 341 375 436 377 328 422 467 468 477 478
422 377 411 341 375 436 440 328 439 233 467 468 477 478
440 304 436 258 439 377 411 316 468 469 478 479
411 316 304 381 341 335 382 466 467 476 477
381 258 341 375 335 382 233 293 408 304 465 466 475 476
436 258 408 328 467 468 477 478
304 258 382 316 233 293 439 375 328 462 463 472 473
382 233 293 377 465 466 475 476
341 375 316 258 463 464 473 474
328 258 316 375 463 464 473 474
293 233 439 377 461 462 471 472
408 377 375 466 467 476 477
335 377 233 463 464 473 474
316 439 375 462 463 472 473
375 233 465 466 475 476
439 233 377 468 469 478 479
233 377 460 469 470 479
377 465 466 475 476
258 460 461 470 471
460
461
462
463
464
465
466
467
468
469
470
471
472
473
474
475
476
477
478
479
