#/usr/local/lib/python3.10/dist-packages/colab_kernel_launcher.py -f /root/.local/share/jupyter/runtime/kernel-6c0fbf18-c276-4b2d-9452-8819c27dba4d.json
# GMT Sat May 25 04:55:11 2024
# 
17 58 48 25 2 38 5 28 16 0 60 3 50 27 6 40 30 39 52 29 42 19 11 51 14 41 18 54 31 21 9 1 12 15 53 43 20 56 33 13 23 55 32 22 35 7 44 57 10 34 47 24 37 8 46 59 36 49 26 122 123 125 126 129 130 132 133 136 137 139
58 48 50 51 32 34 46 11 14 44 25 26 56 9 10 40 12 42 43 27 57 29 41 13 23 4 5 35 7 37 21 22 52 24 54 55 6 36 59 8 38 39 20 53 18 30 2 16 60 47 49 0 1 31 3 33 15 45 124 125 128 129 131 132 135 136 138 139
29 32 45 35 18 57 34 47 37 5 16 19 0 22 46 3 59 36 6 49 20 48 38 51 11 60 14 50 25 40 28 30 9 1 12 15 39 52 42 13 41 54 31 44 23 4 26 7 53 43 10 56 33 21 27 8 55 122 123 126 127 129 130 133 134 137 138
32 55 13 45 35 57 34 47 23 37 4 5 7 21 59 36 24 49 6 39 8 20 48 38 51 18 30 2 60 50 14 40 16 19 0 1 31 15 52 42 41 54 44 11 25 26 53 28 43 9 10 56 33 12 46 27 122 123 126 127 130 131 133 134 137 138
8 9 51 41 54 31 44 21 11 53 43 20 56 33 10 23 2 5 55 45 22 35 12 0 3 57 34 47 24 37 14 46 59 36 13 49 26 16 48 1 25 38 15 28 18 60 50 27 40 30 39 52 42 4 7 122 125 126 128 129 132 133 135 136 139
9 44 57 34 11 47 24 14 56 46 23 59 36 2 26 5 16 0 48 3 25 38 15 6 28 60 37 50 27 40 49 39 52 19 1 51 41 18 54 31 21 53 30 43 20 10 4 42 7 55 45 22 35 12 122 125 126 128 129 132 133 135 136 139
0 5 60 37 50 4 40 7 49 39 52 6 42 19 51 41 18 54 31 21 53 30 43 20 10 23 55 45 22 35 12 2 44 57 34 11 47 24 1 14 56 46 59 36 13 26 3 16 48 25 38 15 28 122 124 125 128 129 131 132 135 136 138 139
5 60 3 50 27 40 30 7 52 42 19 54 31 44 21 1 11 53 43 20 56 33 10 23 13 55 45 22 35 12 25 4 57 34 47 24 37 14 46 59 36 49 26 39 16 6 48 38 2 15 51 28 122 124 125 128 129 132 133 135 136 139
40 41 54 2 44 35 16 19 53 22 3 43 33 56 6 36 39 20 34 55 45 30 11 57 14 47 25 28 1 31 12 15 46 59 49 13 48 51 23 4 26 60 37 50 10 21 24 27 38 42 18 123 124 126 127 130 131 134 135 137 138
41 42 21 24 27 38 39 54 44 53 18 43 56 2 35 16 19 55 22 3 45 33 6 36 20 34 57 47 30 11 46 59 14 49 25 28 1 31 12 15 51 13 60 50 23 4 26 7 37 52 10 123 124 127 128 130 131 134 135 137 138
11 14 7 56 10 59 36 13 49 26 16 48 25 38 15 28 60 2 37 50 4 27 30 3 39 52 42 19 51 18 54 31 21 53 43 20 1 33 23 55 45 22 35 12 44 57 34 47 24 122 125 126 128 129 132 133 136 137 139
14 24 37 1 46 12 59 36 49 26 16 13 48 38 15 28 18 60 50 4 27 7 30 10 52 42 19 54 31 44 21 2 53 43 20 56 33 3 23 6 55 45 22 35 25 57 34 47 122 125 126 129 130 132 133 136 137 139
6 48 38 15 51 28 18 60 50 27 2 30 7 20 1 3 52 42 19 54 31 44 21 53 43 56 33 10 46 23 13 55 45 22 35 12 25 57 34 47 24 37 4 59 36 49 26 39 16 122 124 125 128 129 132 133 135 136 139
48 36 39 20 34 57 30 44 59 25 47 49 28 1 31 12 42 15 45 51 13 46 60 50 23 4 26 7 37 10 52 21 43 24 27 38 54 18 2 56 35 16 19 22 3 55 33 123 124 127 128 131 132 134 135 138 139
42 44 57 18 2 4 46 35 59 49 19 22 3 33 36 39 20 34 60 50 30 25 28 1 52 31 12 15 51 13 54 53 43 56 23 26 7 37 10 21 55 24 45 27 38 123 124 127 128 130 131 134 135 137 138
33 38 23 60 4 26 50 7 10 21 24 27 39 52 51 18 54 44 2 16 19 53 43 22 56 3 20 55 45 35 30 57 34 47 37 25 28 1 31 12 46 15 59 36 49 13 122 123 126 127 130 131 133 134 137 138
38 36 51 20 54 34 53 43 30 25 28 1 55 12 45 15 13 44 57 47 46 23 59 4 26 49 7 37 10 21 24 27 60 50 18 2 35 16 39 52 19 22 3 123 124 126 127 130 131 134 135 137 138
25 34 15 47 56 46 59 36 26 28 10 12 24 60 37 50 27 13 49 39 23 4 7 51 19 21 31 22 3 20 53 30 43 18 55 2 45 35 16 1 44 57 122 123 126 127 129 130 133 134 136 137
34 28 31 12 15 51 13 60 50 23 4 39 26 52 7 10 21 24 27 54 44 53 43 18 56 2 16 19 55 22 45 3 35 20 57 47 30 46 59 36 49 123 124 126 127 130 131 133 134 137 138
44 47 10 12 24 46 59 49 18 51 4 35 7 37 60 19 50 21 22 3 36 39 20 52 30 2 54 16 28 1 31 53 15 56 13 55 45 23 57 26 123 124 127 128 130 131 134 135 137 138
47 57 28 1 31 12 15 45 59 49 13 46 51 23 4 26 7 60 10 50 21 43 24 27 52 18 2 54 35 16 19 22 3 53 36 56 39 20 55 30 123 124 127 128 130 131 134 135 138 139
10 54 31 21 4 43 7 20 56 23 13 55 45 22 35 12 57 24 37 2 46 59 36 49 3 26 39 16 15 51 28 18 60 27 30 1 52 19 122 125 126 128 129 132 133 135 136 139
54 21 43 24 27 56 18 2 55 35 16 19 49 22 52 3 36 57 39 20 50 53 30 28 1 31 12 15 45 60 51 13 46 23 4 26 7 37 124 125 127 128 131 132 134 135 138 139
2 50 27 30 7 39 52 19 51 31 21 53 43 20 56 23 55 45 22 35 12 57 24 37 4 46 59 36 13 49 3 16 15 28 18 1 60 122 124 125 128 129 131 132 135 136 139
50 35 16 19 49 51 22 3 36 60 39 20 52 30 28 1 31 12 15 45 13 53 46 56 55 23 4 26 7 37 21 43 24 57 27 18 123 124 127 128 131 132 134 135 138 139
3 15 28 18 60 27 30 7 1 39 52 19 51 31 21 53 43 20 56 23 55 45 22 35 12 24 37 4 46 59 36 13 49 26 16 122 124 125 128 129 131 132 135 136 139
15 57 24 37 46 59 36 49 26 39 16 1 12 51 28 13 60 27 30 52 4 19 7 31 21 53 43 20 56 23 55 22 35 122 125 126 129 130 132 133 136 137 139
22 28 13 60 53 30 4 52 7 21 31 43 56 18 46 23 16 55 19 45 35 20 57 24 37 27 59 36 26 39 1 12 51 122 123 125 126 129 130 133 134 136 137
28 57 37 20 46 59 49 1 12 60 30 13 39 52 23 4 26 51 7 31 21 24 27 53 43 56 18 55 45 35 16 19 122 123 126 127 129 130 133 134 137 138
24 31 1 12 53 43 56 13 55 45 35 4 7 57 21 37 46 59 36 49 26 18 51 16 19 60 27 20 30 39 52 122 123 126 127 129 130 133 134 136 137
36 51 30 60 1 31 12 52 13 23 4 26 7 53 43 21 56 27 55 45 18 35 37 16 19 46 59 49 39 20 123 124 126 127 130 131 133 134 137 138
7 21 53 43 20 56 23 55 45 35 12 57 37 46 1 59 13 49 26 16 27 4 30 39 52 19 51 18 31 122 125 126 128 129 132 133 135 136 139
21 31 53 43 23 55 18 45 35 16 19 57 20 56 46 59 49 26 1 12 37 27 30 13 39 52 4 122 123 125 126 129 130 133 134 136 137
57 1 31 12 45 51 13 46 23 4 26 56 37 43 27 59 18 35 16 19 49 52 55 39 20 60 53 30 124 125 127 128 131 132 135 136 138 139
18 30 39 52 19 51 31 16 53 1 43 20 56 23 55 13 45 35 37 12 46 59 49 26 60 4 27 122 123 125 126 129 130 132 133 136 137
30 46 4 59 49 19 20 51 60 52 1 12 13 31 53 43 56 23 26 55 45 27 35 37 122 123 126 127 129 130 133 134 137 138
60 35 16 19 49 52 20 51 53 1 31 12 45 59 13 46 23 4 26 56 37 43 55 27 39 124 125 128 129 131 132 135 136 138 139
45 13 23 4 46 59 26 49 37 43 27 51 35 16 19 52 39 20 53 56 1 31 12 55 123 124 127 128 130 131 134 135 138 139
31 27 37 46 59 49 39 16 51 19 20 52 1 12 53 43 13 56 55 35 23 4 122 123 126 127 130 131 133 134 137 138
27 16 19 20 43 56 46 55 35 1 12 37 13 59 49 39 23 4 51 26 53 52 122 123 126 127 129 130 133 134 136 137
55 13 23 4 26 37 43 56 35 16 19 49 52 39 20 51 53 59 1 124 125 127 128 131 132 135 136 138 139
35 39 52 23 4 26 53 56 16 19 37 20 46 59 49 51 1 12 123 124 126 127 130 131 133 134 137 138
37 16 1 53 12 43 56 13 23 26 46 59 49 4 19 20 39 52 51 123 124 126 127 130 131 133 134 137 138
13 12 46 59 49 26 16 4 39 52 19 51 1 53 43 20 56 23 122 125 126 128 129 132 133 136 137 139
16 39 52 19 1 12 51 53 43 20 23 4 56 46 59 49 26 122 125 126 129 130 132 133 136 137 139
51 39 20 59 49 1 46 53 26 52 12 43 56 23 4 19 124 125 127 128 131 132 134 135 138 139
39 19 53 1 20 52 26 43 56 12 46 23 4 59 49 123 124 126 127 130 131 134 135 137 138
43 23 4 26 56 46 19 59 49 20 1 53 12 52 123 124 127 128 130 131 134 135 137 138
1 4 59 49 26 52 19 53 56 46 23 12 122 124 125 128 129 131 132 135 136 139
20 4 52 19 53 56 23 12 46 59 26 122 123 125 126 129 130 132 133 136 137
12 46 59 49 26 4 52 19 53 56 122 125 126 128 129 132 133 136 137 139
23 53 56 46 59 4 49 26 19 52 122 123 125 126 129 130 133 134 136 137
53 4 26 19 49 52 56 46 59 124 125 127 128 131 132 134 135 138 139
19 52 56 46 59 49 26 4 122 123 125 126 129 130 132 133 136 137
56 26 59 49 52 46 124 125 127 128 131 132 135 136 138 139
4 46 59 26 49 52 122 124 125 128 129 132 133 135 136 139
49 52 46 26 59 123 124 127 128 131 132 134 135 138 139
46 26 59 52 123 124 127 128 130 131 134 135 138 139
26 59 52 122 123 126 127 129 130 133 134 136 137
59 52 124 125 128 129 131 132 135 136 138 139
52 124 125 127 128 131 132 134 135 138 139
78 119 109 63 99 66 89 77 61 121 64 111 88 67 101 91 100 113 90 103 80 72 112 75 102 79 115 92 82 70 62 73 76 114 104 81 117 94 74 84 116 93 106 83 96 65 68 105 118 71 95 108 98 69 107 120 97 110 87 122 123 125 126 129 130 132 133 136 137 139
119 109 111 112 93 95 72 75 105 86 87 117 70 71 101 73 103 104 88 118 90 102 74 84 65 66 96 68 98 82 83 113 85 115 116 67 97 120 69 99 100 81 114 79 91 63 77 121 108 80 110 61 62 92 64 94 76 106 124 125 128 129 131 132 135 136 138 139
90 93 106 96 118 95 108 63 98 66 77 80 61 83 107 64 120 97 67 110 81 109 99 112 72 121 75 111 86 101 89 91 70 62 73 76 100 113 103 74 102 115 92 84 65 87 68 114 104 71 117 94 82 85 88 69 116 122 123 126 127 129 130 133 134 137 138
93 116 74 106 96 118 95 108 84 98 65 66 68 82 83 120 97 85 110 67 100 69 81 109 99 112 79 91 63 121 111 75 101 77 80 62 92 64 76 103 102 115 105 72 86 87 114 89 104 70 71 117 94 73 107 88 122 123 126 127 130 131 133 134 137 138
69 70 112 102 115 92 105 82 114 104 81 117 94 71 84 63 66 116 106 83 96 73 61 64 67 118 95 108 85 98 75 107 120 97 74 110 87 77 109 62 86 99 89 79 121 111 88 101 91 100 113 103 65 80 68 122 125 126 128 129 132 133 135 136 139
70 105 118 95 72 108 85 75 117 107 84 120 97 74 63 87 66 77 61 109 64 86 99 76 67 89 121 98 111 88 101 110 100 113 80 62 112 102 79 115 92 82 114 91 104 94 71 65 103 68 106 83 96 73 122 125 126 128 129 132 133 135 136 139
101 102 115 63 105 66 96 77 80 61 114 83 64 104 94 117 67 97 100 95 116 106 91 72 118 75 108 86 89 62 92 73 76 107 120 110 74 109 112 84 65 87 121 68 98 111 71 82 85 88 99 113 79 123 124 126 127 130 131 134 135 137 138
102 103 82 85 88 99 100 115 105 114 79 104 117 63 66 96 77 80 61 116 83 64 106 67 97 81 95 118 108 91 72 107 120 75 110 86 89 62 92 73 76 109 112 74 121 111 84 87 68 98 113 71 123 124 127 128 130 131 134 135 137 138
61 66 121 98 111 88 65 68 110 100 113 67 103 80 112 79 115 92 82 114 91 104 81 94 84 116 106 83 96 73 63 105 118 95 72 108 85 62 75 117 107 120 97 74 87 64 77 109 86 99 76 89 122 124 125 128 129 131 132 135 136 138 139
66 121 64 111 88 91 68 113 103 80 115 105 82 62 72 114 104 81 117 94 71 84 74 116 106 83 96 73 86 118 95 108 85 98 75 107 120 97 110 87 100 77 67 109 99 63 76 112 89 79 122 124 125 128 129 132 133 135 136 139
67 109 76 112 89 79 121 111 88 63 91 68 81 62 64 113 103 80 115 92 105 82 72 114 104 117 94 71 107 84 74 116 106 83 96 73 86 118 95 108 85 98 75 65 120 97 87 100 77 122 124 125 128 129 132 133 135 136 139
109 97 100 81 95 118 91 72 75 105 120 86 110 89 62 92 73 103 76 106 112 74 107 121 111 114 84 65 87 68 98 113 82 104 85 88 99 115 79 63 117 96 77 80 83 64 116 94 123 124 127 128 131 132 134 135 138 139
72 75 68 117 71 107 120 97 74 110 87 77 86 99 76 89 121 63 98 111 65 88 91 64 100 113 103 80 112 79 115 92 82 114 104 81 62 94 84 116 83 96 73 105 118 95 108 85 122 125 126 128 129 132 133 136 137 139
75 85 98 62 107 73 97 110 87 77 74 99 76 112 89 79 111 65 88 68 91 71 100 113 103 80 115 92 105 82 63 114 104 81 117 94 64 84 116 106 83 96 86 118 95 108 122 125 126 129 130 132 133 136 137 139
103 105 118 108 79 63 65 107 96 120 77 110 80 64 94 97 100 81 95 121 111 91 86 89 62 113 92 73 76 112 74 115 114 104 117 84 87 68 98 71 82 116 85 106 88 99 123 124 127 128 130 131 134 135 137 138
94 99 84 121 65 87 111 68 71 82 85 100 113 112 79 115 105 63 77 80 114 104 83 117 64 81 116 106 96 91 118 95 108 98 86 89 62 92 73 107 76 120 97 110 74 122 123 126 127 130 131 133 134 137 138
99 97 112 81 115 95 114 104 91 117 86 89 62 92 116 73 106 76 74 105 118 108 107 84 120 65 87 110 68 98 71 82 85 88 121 111 79 96 77 100 113 80 83 64 123 124 126 127 130 131 134 135 137 138
86 95 76 108 117 107 120 97 87 89 71 73 85 121 98 111 88 74 110 100 113 84 65 112 80 115 82 92 83 64 81 114 91 104 79 116 63 106 96 77 62 105 118 122 123 126 127 129 130 133 134 136 137
95 89 62 92 73 76 112 74 121 84 65 100 87 113 68 71 82 85 88 115 105 114 104 79 117 63 77 80 116 83 106 64 96 81 118 108 98 91 107 97 110 123 124 126 127 130 131 133 134 137 138
105 108 71 73 104 85 88 107 120 110 79 112 65 96 68 98 121 80 111 82 83 64 97 100 81 113 91 63 115 77 89 62 92 114 76 117 116 106 84 118 87 123 124 127 128 130 131 134 135 137 138
108 118 89 92 73 76 106 120 110 74 107 112 84 65 87 68 98 121 71 111 82 104 85 88 113 79 63 115 96 77 80 83 64 114 97 117 100 81 116 91 123 124 127 128 130 131 134 135 138 139
71 115 92 82 65 114 104 68 81 117 84 74 116 106 83 96 73 118 85 98 63 107 120 97 110 64 87 100 77 76 112 89 79 121 111 88 91 62 113 80 122 125 126 128 129 132 133 135 136 139
115 82 104 85 117 79 63 116 96 77 80 110 83 113 64 97 118 100 81 111 114 120 91 89 62 92 73 76 106 121 112 74 107 65 87 68 98 124 125 127 128 131 132 134 135 138 139
63 111 88 91 68 100 113 80 112 92 82 114 104 81 117 84 116 106 83 96 73 118 85 98 65 107 120 97 74 110 87 64 77 76 89 79 62 122 124 125 128 129 131 132 135 136 139
111 96 77 80 110 112 83 64 97 121 100 81 113 91 89 62 92 73 76 106 74 114 107 117 116 84 65 87 68 98 82 85 118 88 120 79 123 124 127 128 131 132 134 135 138 139
64 76 89 79 121 88 91 68 62 100 113 80 112 92 82 114 104 81 117 84 106 83 96 73 118 98 65 107 120 97 74 110 87 77 122 124 125 128 129 131 132 135 136 139
76 118 85 98 107 120 97 110 87 100 77 73 112 89 79 74 121 88 91 113 65 80 68 92 82 114 104 81 117 84 116 106 83 96 122 125 126 129 130 132 133 136 137 139
83 89 74 121 114 91 65 113 68 82 92 104 117 79 107 84 77 116 106 96 81 118 85 98 88 120 97 110 87 100 62 73 112 122 123 125 126 129 130 133 134 136 137
89 118 98 81 107 120 97 110 62 73 121 91 74 100 113 84 65 87 112 68 92 82 85 88 104 117 79 116 106 96 77 80 122 123 126 127 129 130 133 134 137 138
85 92 62 73 114 104 117 74 116 106 96 84 65 68 118 82 98 107 120 97 110 87 79 112 77 80 121 88 81 91 100 113 122 123 126 127 129 130 133 134 136 137
97 112 91 121 62 92 73 113 74 84 65 87 68 114 104 82 117 88 116 106 79 118 98 77 80 107 120 110 81 123 124 126 127 130 131 133 134 137 138
118 62 73 106 112 74 107 84 65 87 68 98 82 104 88 120 79 96 77 80 110 113 116 100 81 121 114 91 124 125 127 128 131 132 135 136 138 139
68 82 114 104 81 117 116 106 96 73 98 107 62 120 74 110 87 77 121 88 65 91 100 113 80 112 79 92 122 125 126 128 129 132 133 135 136 139
82 92 114 104 84 116 79 106 96 77 81 117 107 120 110 62 73 121 98 88 91 74 100 113 65 112 122 123 125 126 129 130 133 134 136 137
79 91 100 113 80 92 77 114 62 104 81 117 84 116 74 106 96 98 73 107 120 110 87 121 65 88 122 123 125 126 129 130 132 133 136 137
91 107 65 120 77 110 80 81 112 121 62 73 74 92 114 104 117 84 87 116 106 88 96 98 122 123 126 127 129 130 133 134 137 138
121 96 77 80 110 113 81 112 114 62 92 73 106 120 74 107 84 65 87 117 98 104 116 88 100 124 125 128 129 131 132 135 136 138 139
106 74 84 65 107 120 87 110 98 104 88 112 96 77 80 113 100 81 114 117 62 92 116 123 124 127 128 130 131 134 135 138 139
92 88 98 107 120 110 100 77 112 80 81 113 62 73 114 104 74 117 116 96 84 65 87 122 123 126 127 130 131 133 134 137 138
88 77 80 81 104 117 107 116 96 62 73 98 74 120 110 100 84 65 112 87 114 113 122 123 126 127 129 130 133 134 136 137
116 74 107 84 65 87 98 104 117 96 77 80 110 113 100 81 112 114 120 62 73 124 125 127 128 131 132 135 136 138 139
96 74 100 113 84 65 87 114 104 117 80 98 81 107 120 110 112 62 73 123 124 126 127 130 131 133 134 137 138
98 77 62 114 73 104 117 74 84 87 120 65 80 81 100 113 112 123 124 126 127 130 131 133 134 137 138
74 73 107 120 110 87 77 65 100 113 80 112 62 114 104 81 84 122 125 126 128 129 132 133 136 137 139
77 100 113 80 62 73 112 114 104 81 84 65 117 107 120 110 122 125 126 129 130 132 133 136 137 139
112 100 81 120 110 62 107 87 113 73 104 117 84 65 80 124 125 127 128 131 132 134 135 138 139
100 80 114 62 81 113 87 104 117 73 107 84 65 120 110 123 124 126 127 130 131 134 135 137 138
104 84 65 87 117 107 80 120 110 81 62 114 113 123 124 127 128 130 131 134 135 137 138
62 65 120 110 87 81 113 80 114 117 107 84 73 122 124 125 128 129 131 132 135 136 139
81 65 113 80 114 117 84 73 107 120 110 87 122 123 125 126 129 130 132 133 136 137
73 107 120 110 87 65 113 80 114 117 84 122 125 126 128 129 132 133 136 137 139
84 114 117 107 120 65 110 87 80 113 122 123 125 126 129 130 133 134 136 137
114 65 87 80 110 113 117 107 120 124 125 127 128 131 132 134 135 138 139
80 113 117 107 120 110 87 65 122 123 125 126 129 130 132 133 136 137
117 87 65 120 110 113 107 124 125 127 128 131 132 135 136 138 139
65 107 120 87 110 113 122 124 125 128 129 132 133 135 136 139
107 87 120 110 113 123 124 127 128 130 131 134 135 138 139
110 113 87 120 123 124 127 128 131 132 134 135 138 139
87 120 113 122 123 126 127 129 130 133 134 136 137
120 113 124 125 128 129 131 132 135 136 138 139
113 124 125 127 128 131 132 134 135 138 139
122
123
124
125
126
127
128
129
130
131
132
133
134
135
136
137
138
139
