#/usr/local/lib/python3.10/dist-packages/colab_kernel_launcher.py -f /root/.local/share/jupyter/runtime/kernel-ccf9b1d1-ce2b-4d6c-8d13-48aff858ef78.json
# GMT Mon May 27 13:16:27 2024
# 
15 21 30 39 14 3 16 25 6 9 1 12 34 43 4 20 29 38 24 33 42 19 7 28 37 23 18 10 2 5 13 41 27 36 45 8 22 31 40 11 0 17 26 35 44 92 93 95 96 98 99 101 102 105 106 108 109 111
21 37 7 18 32 41 27 36 45 22 31 40 10 26 35 2 30 5 13 16 19 8 44 11 39 25 34 43 14 3 29 38 24 33 42 6 28 23 17 9 1 20 12 4 92 93 95 96 99 100 102 103 105 106 108 109
7 17 26 35 12 30 16 11 2 5 44 25 34 43 20 29 38 24 33 42 10 19 28 37 0 14 23 9 3 6 1 32 41 18 27 36 45 13 22 31 40 4 8 92 94 95 98 99 101 102 104 105 107 108 111
17 44 39 10 25 34 43 2 20 29 38 33 42 19 5 28 37 13 23 16 8 0 11 14 3 32 41 18 27 36 45 6 22 31 40 26 35 9 30 1 12 4 92 93 95 96 98 99 102 103 105 106 108 109 111
26 30 18 39 10 2 5 24 13 16 43 29 38 19 8 33 42 11 0 28 37 22 32 14 3 25 6 9 1 20 41 23 12 27 36 45 4 31 40 35 44 92 93 96 97 99 100 102 103 106 107 109 110
30 18 9 10 29 2 4 5 41 13 24 36 45 16 31 40 27 35 44 19 8 11 22 14 3 6 28 39 34 0 43 1 38 20 33 42 12 23 37 32 93 94 96 97 99 100 103 104 106 107 109 110
18 35 44 8 3 14 16 6 39 11 0 1 25 34 43 20 29 38 24 33 42 19 28 37 23 9 10 2 4 5 13 32 41 27 36 45 22 31 40 92 93 95 96 98 99 102 103 105 106 108 109
39 28 9 10 43 20 12 23 42 4 32 5 41 34 37 27 29 2 22 13 24 35 16 6 45 36 40 19 8 44 38 11 0 1 31 3 14 33 25 93 94 97 98 100 101 103 104 106 107 110 111
35 10 29 2 41 36 45 32 40 13 24 44 16 27 8 19 11 0 22 14 3 33 25 6 43 38 28 42 9 37 1 31 20 23 12 4 34 93 94 96 97 100 101 103 104 106 107 109 110
29 32 41 36 45 25 6 31 40 44 28 9 1 20 12 23 34 43 10 38 2 33 42 37 5 24 13 16 27 19 8 0 11 22 14 3 93 94 96 97 99 100 102 103 106 107 109 110
32 2 22 41 14 36 24 13 45 40 16 6 44 8 19 0 11 1 31 20 3 25 28 34 43 9 10 38 33 42 23 12 37 4 5 27 93 94 96 97 99 100 103 104 106 107 109 110
44 9 10 40 12 42 4 43 5 24 13 37 27 8 19 2 45 22 41 3 14 33 16 6 36 38 11 0 1 20 31 23 25 34 94 95 97 98 100 101 104 105 107 108 110 111
8 9 2 5 41 27 36 45 22 31 40 12 0 16 11 3 6 1 25 34 43 20 38 24 33 42 4 10 19 28 37 14 23 92 94 95 98 99 101 102 104 105 108 109 111
9 0 25 34 43 11 20 38 24 33 6 10 19 28 14 1 4 42 37 23 41 27 36 45 13 22 31 40 2 12 5 16 92 94 95 98 99 101 102 104 105 108 109 111
40 41 45 10 5 24 13 16 27 19 38 11 0 22 14 3 43 33 25 42 6 36 28 1 31 20 12 23 4 34 37 93 94 97 98 100 101 103 104 107 108 110 111
41 42 2 5 13 24 16 27 19 38 0 11 22 3 14 45 33 25 6 36 28 1 20 31 23 12 4 34 37 10 93 94 97 98 100 101 103 104 107 108 110 111
0 5 14 23 37 27 36 45 4 13 22 31 3 12 16 2 25 34 43 11 20 38 6 24 33 42 1 10 19 28 92 94 95 97 98 100 101 104 105 107 108 110 111
5 3 27 36 45 22 31 12 16 25 1 11 6 4 34 43 20 38 2 24 33 42 10 19 28 37 14 23 13 92 94 95 97 98 101 102 104 105 107 108 111
37 22 3 14 33 16 6 36 28 11 1 31 20 12 23 43 25 38 34 10 2 4 13 24 27 19 45 93 94 96 97 100 101 103 104 106 107 110 111
14 24 33 42 19 28 3 23 6 1 12 4 27 36 45 22 31 16 25 10 2 13 34 43 20 38 92 93 95 96 98 99 101 102 105 106 108 109 111
11 23 10 2 4 27 36 45 13 22 31 12 16 3 6 25 34 43 20 38 1 24 33 42 19 28 92 95 96 98 99 101 102 104 105 108 109 111
23 3 6 25 34 43 38 24 33 42 1 20 28 12 10 2 27 4 36 45 31 13 16 19 92 93 95 96 99 100 102 103 105 106 109 110
10 27 36 45 22 31 3 12 16 25 1 4 34 43 20 38 24 33 42 19 28 2 13 92 95 96 98 99 101 102 104 105 108 109 111
27 2 22 13 24 16 36 45 31 19 3 25 6 1 20 34 43 12 4 33 42 28 92 93 96 97 99 100 102 103 106 107 109 110
42 3 33 25 6 36 28 1 43 31 20 12 34 2 4 13 24 16 45 19 38 22 94 95 97 98 100 101 103 104 107 108 110 111
36 2 43 38 24 13 16 19 22 3 33 25 6 45 28 20 31 12 4 34 93 94 96 97 100 101 103 104 106 107 110 111
33 38 3 25 6 28 1 31 20 12 4 2 13 24 16 19 34 43 22 93 94 96 97 99 100 103 104 106 107 109 110
38 25 6 28 1 31 20 12 4 45 34 2 24 13 16 43 19 22 3 93 94 97 98 100 101 103 104 106 107 110 111
2 45 13 22 31 3 12 16 25 34 43 20 6 24 19 28 4 1 92 94 95 97 98 101 102 104 105 107 108 110 111
25 34 43 28 12 4 24 19 45 31 22 3 13 16 6 1 20 92 93 96 97 99 100 102 103 105 106 109 110
34 6 28 1 31 20 12 4 43 24 13 16 19 22 45 3 93 94 96 97 100 101 103 104 106 107 109 110
45 43 24 13 16 19 22 3 6 28 1 20 31 12 4 94 95 97 98 100 101 104 105 107 108 110 111
3 6 24 19 28 4 13 22 31 12 16 1 43 20 92 94 95 97 98 101 102 104 105 107 108 110 111
6 43 24 19 28 13 4 22 31 12 16 20 1 92 94 95 98 99 101 102 104 105 107 108 111
43 28 1 31 20 12 4 24 13 16 19 22 94 95 97 98 100 101 103 104 107 108 110 111
22 28 13 16 19 31 1 20 12 4 24 92 93 95 96 99 100 102 103 105 106 109 110
28 1 20 12 4 31 13 24 16 19 93 94 96 97 99 100 102 103 106 107 109 110
24 31 1 20 12 4 13 16 19 92 93 96 97 99 100 102 103 105 106 109 110
16 31 13 19 1 12 4 92 93 95 96 98 99 102 103 105 106 108 109 111
12 20 19 13 31 1 4 92 95 96 98 99 101 102 105 106 108 109 111
31 13 1 20 4 93 94 96 97 99 100 103 104 106 107 109 110
19 1 4 13 20 92 93 95 96 98 99 102 103 105 106 108 109
13 1 20 4 92 95 96 98 99 101 102 105 106 108 109 111
20 4 1 92 93 95 96 99 100 102 103 105 106 108 109
4 1 92 94 95 97 98 101 102 104 105 107 108 111
1 92 94 95 97 98 100 101 104 105 107 108 110 111
61 67 76 85 49 60 62 71 52 55 47 58 80 89 50 66 75 84 70 79 88 65 53 74 83 69 64 56 48 51 59 87 73 82 91 54 68 77 86 57 46 63 72 81 90 92 93 95 96 98 99 101 102 105 106 108 109 111
67 83 53 64 78 87 73 82 91 68 77 56 72 81 48 76 51 59 62 65 54 90 46 57 85 71 80 89 49 60 75 84 70 79 88 52 74 69 63 55 47 66 58 50 92 93 95 96 99 100 102 103 105 106 108 109
53 63 72 81 58 76 62 57 48 51 90 85 71 80 66 75 84 70 79 88 56 65 74 83 46 60 69 55 49 52 47 78 87 64 73 82 91 59 68 77 86 50 54 92 94 95 98 99 101 102 104 105 107 108 111
63 90 85 56 71 80 89 66 75 84 70 79 88 51 65 74 83 59 69 62 54 57 46 49 60 78 87 64 73 82 91 52 68 77 86 72 81 55 76 47 58 50 92 93 95 96 98 99 102 103 105 106 108 109 111
72 76 64 85 56 48 51 70 59 62 80 89 75 54 65 79 88 57 46 74 83 68 78 49 60 71 52 55 47 66 87 58 69 73 82 91 50 77 86 81 90 92 93 96 97 99 100 102 103 106 107 109 110
76 64 55 56 75 48 50 51 87 59 70 82 91 62 86 77 73 81 54 65 57 68 49 60 52 74 85 80 46 89 47 84 66 79 88 69 58 83 78 71 93 94 96 97 99 100 103 104 106 107 109 110
64 81 90 54 60 49 62 52 85 57 46 47 71 80 89 66 75 84 79 88 65 74 83 69 55 56 48 58 50 51 59 78 87 73 82 91 68 77 86 92 93 95 96 98 99 102 103 105 106 108 109
85 74 55 56 89 66 58 69 88 78 51 87 80 83 73 75 48 68 59 70 81 62 52 91 82 86 65 54 90 84 46 57 47 77 49 60 79 71 93 94 97 98 100 101 103 104 106 107 110 111
81 56 75 48 87 82 91 78 86 51 70 59 90 62 73 54 65 57 68 60 49 79 71 52 89 84 74 88 55 47 83 66 77 69 58 50 80 93 94 96 97 100 101 103 104 106 107 109 110
75 78 87 82 91 71 52 77 86 90 74 55 66 69 58 50 80 89 56 84 48 79 88 83 51 59 70 62 73 54 65 57 46 68 60 49 93 94 96 97 99 100 102 103 106 107 109 110
78 48 68 87 60 82 70 59 91 86 62 52 90 54 65 46 57 47 77 66 49 71 74 80 89 55 56 84 79 88 69 58 83 50 51 73 93 94 96 97 99 100 103 104 106 107 109 110
90 55 56 86 58 88 50 89 51 59 70 83 73 54 65 48 91 68 87 49 60 79 62 52 82 74 84 57 46 47 66 77 69 71 80 94 95 97 98 100 101 104 105 107 108 110 111
54 55 48 51 87 73 82 91 59 68 77 86 58 46 62 57 49 52 47 71 80 89 84 70 79 88 50 56 65 74 83 60 69 92 94 95 98 99 101 102 104 105 108 109 111
55 46 49 71 89 57 66 84 70 79 52 56 65 74 60 47 50 88 83 69 87 73 82 91 59 68 77 86 48 58 51 62 92 94 95 98 99 101 102 104 105 108 109 111
46 51 60 69 83 87 73 82 91 50 59 68 77 86 49 58 62 48 71 80 89 57 66 84 52 70 79 88 47 56 65 74 92 94 95 97 98 100 101 104 105 107 108 110 111
51 49 87 82 91 68 77 86 58 62 71 47 57 52 50 80 89 66 84 48 70 79 88 56 65 74 83 60 69 59 92 94 95 97 98 101 102 104 105 107 108 111
86 87 91 56 48 70 59 62 73 65 84 57 68 49 60 89 79 71 88 52 82 74 47 66 77 69 58 50 80 83 93 94 97 98 100 101 103 104 107 108 110 111
87 88 48 70 59 62 73 65 84 57 68 49 91 79 71 52 82 74 47 66 77 58 69 50 80 83 89 56 93 94 97 98 100 101 103 104 107 108 110 111
83 68 60 49 79 62 52 82 74 57 47 77 66 58 69 89 71 84 80 88 56 48 50 70 59 73 91 93 94 96 97 100 101 103 104 106 107 110 111
60 57 70 79 88 65 74 49 69 52 47 58 50 73 82 91 68 77 62 71 56 48 59 80 89 66 84 92 93 95 96 98 99 101 102 105 106 108 109 111
57 69 56 48 50 73 82 91 59 68 77 58 62 49 71 80 89 66 84 47 70 79 88 65 74 92 95 96 98 99 101 102 104 105 108 109 111
69 68 49 52 71 80 89 84 70 79 88 47 66 74 58 56 48 73 82 50 91 59 62 65 92 93 95 96 99 100 102 103 105 106 109 110
56 73 82 91 77 49 58 52 62 71 47 50 80 89 66 84 70 79 88 65 74 48 59 92 95 96 98 99 101 102 104 105 108 109 111
73 48 68 59 70 62 82 91 77 65 49 71 52 47 66 80 89 58 84 50 79 88 74 92 93 96 97 99 100 102 103 106 107 109 110
88 49 79 71 52 74 47 89 66 77 58 80 48 50 59 70 62 91 65 84 68 94 95 97 98 100 101 103 104 107 108 110 111
82 48 89 84 59 70 62 65 68 49 79 71 52 91 74 47 77 66 58 50 80 93 94 96 97 100 101 103 104 106 107 110 111
79 84 71 52 74 47 77 66 58 50 91 48 70 59 62 65 80 89 68 93 94 96 97 99 100 103 104 106 107 109 110
84 71 52 74 47 77 66 58 50 91 80 48 59 70 62 89 65 68 49 93 94 97 98 100 101 103 104 106 107 110 111
48 91 59 68 77 49 58 62 71 80 89 66 52 70 65 74 50 47 92 94 95 97 98 101 102 104 105 107 108 110 111
71 80 89 74 58 50 70 65 91 77 68 49 62 52 47 66 92 93 96 97 99 100 102 103 105 106 109 110
80 52 74 47 66 77 58 50 89 70 59 62 65 68 91 49 93 94 96 97 100 101 103 104 106 107 109 110
91 89 70 59 62 65 68 49 52 47 77 66 58 50 94 95 97 98 100 101 104 105 107 108 110 111
49 52 70 65 74 50 59 68 77 58 62 47 89 66 92 94 95 97 98 101 102 104 105 107 108 110 111
52 89 70 65 74 59 50 68 77 58 62 66 47 92 94 95 98 99 101 102 104 105 107 108 111
89 74 47 66 77 58 50 70 59 62 65 68 94 95 97 98 100 101 103 104 107 108 110 111
68 74 59 62 65 77 47 66 58 50 70 92 93 95 96 99 100 102 103 105 106 109 110
74 47 66 58 50 77 70 59 62 65 93 94 96 97 99 100 102 103 106 107 109 110
70 77 47 66 58 50 59 62 65 92 93 96 97 99 100 102 103 105 106 109 110
62 77 59 66 65 47 50 92 93 95 96 98 99 102 103 105 106 108 109 111
58 66 65 59 77 47 50 92 95 96 98 99 101 102 105 106 108 109 111
77 59 65 47 66 50 93 94 96 97 99 100 103 104 106 107 109 110
65 47 50 59 66 92 93 95 96 98 99 102 103 105 106 108 109
59 47 66 50 92 95 96 98 99 101 102 105 106 108 109 111
66 50 47 92 93 95 96 99 100 102 103 105 106 108 109
50 47 92 94 95 97 98 101 102 104 105 107 108 111
47 92 94 95 97 98 100 101 104 105 107 108 110 111
92
93
94
95
96
97
98
99
100
101
102
103
104
105
106
107
108
109
110
111
