#/usr/local/lib/python3.10/dist-packages/colab_kernel_launcher.py -f /root/.local/share/jupyter/runtime/kernel-6c0fbf18-c276-4b2d-9452-8819c27dba4d.json
# GMT Sat May 25 03:25:11 2024
# 
17 58 48 25 61 2 5 28 16 50 27 6 40 30 62 52 42 19 11 51 14 64 18 54 31 21 15 63 53 66 43 20 56 13 23 65 55 32 45 22 4 7 44 57 10 34 47 24 8 46 59 36 49 134 135 138 139 143 144 147 148
58 48 62 51 32 65 34 11 14 44 25 26 56 28 10 40 12 42 27 29 41 13 23 4 5 35 7 37 21 22 52 54 55 6 36 8 38 39 20 53 18 30 16 60 19 0 1 31 3 33 15 45 136 137 141 142 145 146 150 151
29 32 45 35 18 57 34 47 37 5 0 22 46 3 59 36 6 49 20 48 38 51 60 50 63 25 40 28 30 9 1 12 15 62 52 42 13 41 54 31 23 4 26 7 53 66 43 33 21 27 65 55 134 135 139 140 143 144 148 149
32 55 13 35 57 34 47 23 37 4 5 21 22 59 36 24 49 39 8 20 61 38 51 2 60 14 63 40 0 1 31 3 62 64 54 44 11 25 26 53 66 28 43 9 10 56 33 12 46 27 135 136 139 140 144 145 148 149
8 9 64 41 31 21 11 53 66 43 20 56 33 10 23 65 55 45 22 35 12 0 3 6 57 47 24 37 14 59 36 49 16 1 25 38 15 28 18 60 50 27 63 40 30 39 52 42 19 7 134 138 139 142 143 146 147 151
9 44 57 34 11 47 24 14 56 46 23 59 36 13 2 26 5 16 48 3 25 38 6 37 50 27 40 49 62 39 52 19 1 51 64 41 54 21 63 53 66 43 20 33 10 4 7 55 35 12 134 138 139 142 143 147 148 151
40 41 54 5 35 16 19 0 53 22 3 43 56 6 36 39 20 65 34 55 45 30 11 57 47 28 1 12 15 46 59 49 48 61 26 60 7 50 63 10 21 24 27 38 62 18 64 135 136 140 141 144 145 149 150
41 21 24 27 38 39 54 53 18 66 43 56 2 5 35 19 55 22 45 33 6 36 34 57 47 30 46 59 14 49 25 28 1 31 15 48 61 60 50 63 23 4 62 7 37 52 10 65 135 136 140 141 144 145 149 150
6 48 51 28 60 50 27 63 2 30 7 20 0 62 3 52 65 42 64 31 21 11 66 56 33 10 46 13 55 22 35 12 25 57 34 47 24 37 14 4 5 59 36 49 39 16 134 137 138 142 143 146 147 151
48 39 20 34 57 11 14 44 25 49 1 31 12 42 15 45 61 13 50 63 53 23 4 26 7 37 62 10 52 21 27 38 64 54 18 66 2 56 5 35 16 0 22 3 55 33 136 137 140 141 145 146 149 150
21 64 54 31 10 63 53 66 43 33 23 65 55 18 45 22 35 2 5 16 19 0 34 3 47 24 56 46 59 36 11 25 28 1 12 37 50 30 13 39 52 4 51 134 135 138 139 143 144 147 148
64 24 54 27 38 60 18 2 5 35 19 0 22 52 3 33 55 36 39 20 53 30 11 65 14 25 47 28 31 61 12 42 15 59 51 62 13 46 66 23 4 26 56 7 10 137 138 141 142 146 147 150 151
25 34 15 56 46 59 36 26 11 38 28 10 24 60 37 50 27 49 62 39 42 4 7 51 54 31 22 3 63 20 53 30 43 33 18 2 45 35 14 16 0 44 134 135 139 140 143 144 148 149
34 28 1 31 15 61 38 51 13 60 50 63 23 62 39 26 52 7 42 10 24 27 54 44 66 18 56 2 5 16 65 19 0 22 3 47 30 46 59 36 14 49 135 136 139 140 144 145 148 149
44 47 10 12 42 43 24 27 46 59 49 61 18 51 4 5 37 60 19 50 63 22 3 33 38 20 62 52 2 14 16 0 1 31 53 66 15 56 13 65 55 45 11 23 57 26 135 136 140 141 144 145 149 150
47 57 28 1 31 12 42 59 49 13 46 61 51 4 37 60 10 50 63 43 24 27 52 65 18 2 5 35 19 0 22 3 53 33 66 36 39 20 55 30 11 136 137 140 141 145 146 149 150
2 50 27 30 7 62 39 42 19 51 54 31 11 53 66 43 20 56 33 10 23 65 55 45 22 35 12 57 0 24 37 46 59 26 16 61 15 28 5 1 60 134 137 138 142 143 146 147 151
50 5 35 61 19 51 0 22 3 36 60 20 63 62 52 30 11 28 31 12 54 42 15 45 13 53 66 46 65 55 23 4 7 37 43 57 27 59 18 136 137 140 141 145 146 149 150
3 15 28 5 18 60 27 30 7 1 39 42 51 31 11 53 66 43 20 56 10 23 65 45 22 12 57 37 14 4 46 59 0 13 26 16 61 38 134 137 138 142 143 146 147 151
15 57 24 37 46 59 49 11 26 39 16 1 12 61 51 28 13 27 63 30 62 52 4 19 7 10 54 31 53 66 43 20 56 33 23 5 55 22 35 134 135 138 139 142 143 147 148 151
22 28 60 63 62 52 65 7 42 54 31 43 18 46 23 5 16 55 0 45 35 20 57 24 37 59 11 36 49 26 39 1 61 38 134 135 138 139 143 144 147 148
28 57 37 59 11 14 61 38 1 12 63 30 13 62 52 42 23 26 51 7 10 54 31 24 27 53 66 33 18 55 45 5 16 19 0 134 135 139 140 143 144 148 149
14 24 37 1 46 12 59 36 49 26 16 13 61 38 18 60 4 27 63 7 30 62 39 42 19 54 5 53 43 20 56 0 33 23 65 55 45 35 57 134 138 139 142 143 147 148 151
24 31 1 66 56 33 65 55 45 35 23 4 10 37 46 59 36 49 26 18 61 38 5 51 16 19 0 60 27 63 20 30 62 39 52 134 135 139 140 143 144 148 149
55 61 13 46 63 4 26 7 37 62 43 65 54 27 38 18 66 56 5 16 19 49 36 20 53 57 60 30 1 31 12 45 136 137 141 142 145 146 150 151
61 36 39 53 30 1 12 42 45 59 51 13 63 62 23 4 56 7 10 43 54 27 38 60 66 18 65 5 35 16 19 49 0 52 33 137 138 141 142 146 147 150 151
57 1 31 45 51 13 46 66 23 4 26 56 7 37 10 43 54 27 38 59 18 5 35 16 0 33 39 20 60 53 63 62 30 65 136 137 141 142 145 146 150 151
18 30 39 52 42 19 51 54 31 16 53 0 66 1 20 56 33 13 45 35 11 37 10 12 46 36 49 38 60 5 27 134 135 138 139 143 144 147 148
30 46 4 5 59 36 16 49 19 38 20 51 60 11 0 52 42 54 31 53 66 56 33 23 26 7 10 45 27 37 135 136 139 140 143 144 148 149
45 13 23 4 46 59 26 49 37 43 27 38 60 63 5 35 62 19 0 52 33 39 20 54 53 66 11 56 1 65 42 136 137 140 141 144 145 149 150
54 27 38 66 56 35 16 19 49 0 52 33 36 39 20 53 59 11 1 12 42 60 63 46 23 4 26 7 37 136 137 141 142 145 146 150 151
27 16 19 66 20 43 56 33 46 35 1 12 13 23 38 4 26 7 10 63 62 52 65 42 134 135 139 140 143 144 148 149
35 60 63 13 62 39 52 4 26 7 10 43 56 65 16 19 0 33 37 20 59 36 49 11 38 1 31 12 135 136 139 140 144 145 148 149
60 16 19 49 0 33 36 20 51 53 11 31 12 42 59 13 46 4 26 7 37 10 43 39 63 62 65 137 138 141 142 145 146 150 151
37 16 63 0 1 31 12 66 43 56 13 65 11 23 10 49 38 5 19 33 20 62 39 52 51 135 136 139 140 144 145 148 149
36 38 11 63 1 31 12 62 52 65 42 13 4 26 7 53 10 66 43 56 5 16 19 0 33 59 39 20 135 136 139 140 144 145 148 149
10 11 4 53 43 7 56 33 23 13 12 5 46 0 59 26 39 16 38 51 1 62 52 42 134 138 139 142 143 147 148 151
5 63 7 62 52 42 31 11 53 66 43 20 33 23 65 12 46 59 39 16 38 51 134 137 138 142 143 146 147 151
13 11 12 46 59 49 26 16 38 4 7 63 62 39 52 42 19 51 0 1 53 43 56 33 23 134 138 139 142 143 147 148 151
16 11 62 42 19 12 51 63 53 66 43 20 33 4 65 7 59 49 26 0 38 134 135 138 139 143 144 147 148 151
38 20 66 43 56 11 65 1 31 46 23 59 26 49 7 62 39 52 19 0 42 135 136 140 141 144 145 148 149
62 19 49 52 33 20 53 11 31 63 12 59 51 65 46 23 7 43 66 137 138 141 142 146 147 150 151
31 59 49 51 19 0 63 20 52 65 42 1 12 66 43 56 33 23 4 26 7 135 136 139 140 144 145 148 149
51 39 20 59 49 0 1 46 63 53 11 26 52 65 12 42 43 66 56 23 4 7 19 136 137 140 141 145 146 149 150
39 63 19 53 0 1 33 20 52 65 42 11 26 66 43 56 46 23 4 7 135 136 140 141 144 145 149 150
4 63 53 66 43 20 33 0 65 42 12 11 56 46 23 26 7 49 52 134 137 138 142 143 146 147 151
63 19 49 52 33 53 1 59 46 65 11 26 56 12 42 137 138 141 142 146 147 150 151
1 49 26 7 20 52 65 42 19 11 0 66 43 33 46 23 12 134 137 138 142 143 146 147 150 151
20 7 52 42 53 66 56 33 23 65 12 59 49 134 135 138 139 143 144 147 148
12 59 49 26 7 52 42 19 0 53 56 33 23 11 65 134 138 139 142 143 147 148 151
11 56 46 59 49 26 19 53 66 43 0 33 23 65 134 138 139 142 143 147 148 151
42 46 59 49 19 0 33 52 53 43 56 23 26 7 65 135 136 140 141 144 145 149 150
19 52 0 53 66 43 56 33 23 65 46 49 7 134 135 138 139 143 144 147 148
56 23 66 26 59 52 33 53 65 46 136 137 141 142 145 146 150 151
7 53 66 43 0 23 46 49 26 52 134 137 138 142 143 146 147 151
53 26 65 49 0 52 43 46 136 137 141 142 145 146 149 150
23 66 43 33 46 59 49 26 52 134 135 139 140 143 144 147 148
66 26 43 49 0 52 33 65 46 137 138 141 142 146 147 150 151
43 26 46 0 33 59 49 52 65 135 136 140 141 144 145 149 150
46 26 59 49 65 0 136 137 140 141 145 146 149 150
49 0 52 26 65 59 33 136 137 140 141 145 146 149 150
65 0 33 26 59 137 138 141 142 146 147 150 151
0 59 26 134 137 138 141 142 146 147 150 151
26 33 59 52 134 135 139 140 143 144 148 149
59 52 136 137 141 142 145 146 150 151
33 52 135 136 139 140 144 145 148 149
52 136 137 140 141 145 146 149 150
84 125 115 128 69 105 72 95 83 67 70 94 73 107 97 106 119 96 109 86 78 81 131 108 121 98 88 76 68 79 82 130 120 87 100 80 90 132 99 112 89 102 71 74 111 77 114 104 75 113 103 116 93 134 135 138 139 143 144 147 148
125 115 129 117 118 99 113 78 81 92 93 123 95 76 77 107 79 133 109 110 94 124 96 80 90 71 72 102 74 104 88 119 91 122 73 103 126 75 105 128 85 97 83 127 114 116 130 67 68 98 70 112 136 137 141 142 145 146 150 151
96 99 112 102 124 101 69 104 72 83 86 113 70 103 73 87 105 118 78 127 81 117 130 92 107 95 97 76 68 82 129 119 109 80 131 108 121 98 111 90 71 74 120 133 110 77 88 91 94 75 122 134 135 139 140 143 144 148 149
99 122 80 102 114 90 71 72 74 88 89 103 91 116 73 106 75 87 115 128 118 85 97 69 127 117 81 130 107 86 68 70 82 119 132 109 131 108 121 111 92 93 120 133 95 77 123 100 79 94 135 136 139 140 144 145 148 149
75 76 131 108 98 111 88 78 120 87 123 100 77 90 132 72 122 89 102 79 67 70 73 124 104 81 126 103 80 116 93 83 115 68 92 128 105 95 85 127 117 94 130 97 106 119 109 86 74 134 138 139 142 143 146 147 151
76 78 91 81 113 90 126 103 80 69 93 72 83 67 115 70 128 105 82 95 127 104 94 107 106 119 86 118 108 85 121 98 88 130 120 97 133 110 87 100 77 71 132 109 74 122 89 102 79 134 138 139 142 143 147 148 151
67 72 127 104 117 94 71 107 74 116 129 119 73 109 118 108 121 98 88 130 120 110 100 77 90 132 122 112 89 102 69 111 124 101 78 114 91 68 123 126 103 80 93 70 83 115 128 82 95 134 137 138 141 142 146 147 150 151
72 127 70 117 130 97 74 119 131 108 98 111 88 68 78 120 133 110 87 123 100 77 90 132 102 79 92 71 124 101 114 104 81 113 126 116 93 106 115 128 105 69 82 118 95 85 134 137 138 142 143 146 147 151
78 81 74 123 77 113 126 103 116 115 92 128 105 127 104 117 71 94 107 97 70 73 129 119 109 86 118 131 108 85 121 98 88 120 133 110 87 100 90 132 122 89 79 124 101 114 134 138 139 142 143 147 148 151
81 91 104 68 113 126 116 93 83 80 115 128 105 118 85 127 117 130 74 97 77 129 106 119 109 131 108 121 111 133 110 87 123 100 70 90 73 132 122 112 89 102 92 101 114 134 138 139 142 143 147 148 151
108 109 91 94 105 106 131 121 111 120 85 133 110 123 83 86 122 89 70 100 73 103 87 101 124 114 113 116 92 68 98 79 82 115 118 80 127 117 130 93 129 74 77 132 135 136 140 141 144 145 149 150
109 111 124 114 69 71 102 86 89 70 100 73 106 128 87 101 97 92 95 129 68 119 98 82 118 121 120 133 110 123 90 93 74 104 77 107 132 88 122 91 112 94 105 135 136 140 141 144 145 149 150
100 105 90 127 71 93 74 130 77 91 129 106 119 118 131 85 121 111 83 86 120 133 89 123 70 73 87 112 102 124 101 114 104 95 98 79 113 82 126 103 116 115 128 135 136 139 140 144 145 148 149
105 73 103 87 131 121 101 120 133 97 123 92 132 122 79 80 111 124 114 113 90 126 93 116 74 104 77 88 91 115 128 117 107 85 69 102 129 106 119 86 89 70 135 136 140 141 144 145 148 149
92 101 82 114 123 126 103 93 115 128 95 79 91 127 117 94 107 80 116 129 106 119 71 74 118 131 86 121 70 73 130 87 120 97 132 85 122 69 112 102 83 111 124 134 135 139 140 143 144 148 149
101 68 98 79 115 82 128 80 127 117 130 90 71 129 106 93 119 74 77 88 91 94 131 120 133 110 123 69 83 132 86 122 89 112 73 124 114 104 97 113 126 103 116 135 136 139 140 144 145 148 149
111 114 77 107 79 110 91 94 113 126 115 85 118 71 104 127 86 88 89 70 73 103 106 87 129 97 131 69 121 83 95 68 98 82 123 80 132 112 90 124 93 135 136 140 141 144 145 149 150
114 124 68 98 79 82 126 116 80 113 115 128 90 71 93 104 127 77 107 130 88 91 94 129 119 85 131 69 121 102 83 86 89 133 73 123 106 87 122 136 137 140 141 145 146 149 150
77 121 98 88 133 110 87 90 122 89 102 79 124 91 69 113 126 103 116 70 93 106 73 83 115 128 118 95 85 94 107 97 68 129 119 86 134 138 139 142 143 147 148 151
121 107 88 131 91 94 85 132 69 122 83 86 116 89 119 70 73 103 124 120 126 97 95 128 98 79 112 115 127 118 80 130 113 129 90 93 74 104 136 137 141 142 145 146 150 151
69 117 107 97 74 129 106 119 73 86 118 131 88 130 120 133 110 87 123 90 132 112 89 79 124 91 104 71 126 103 80 116 93 70 83 82 95 85 68 134 137 138 142 143 146 147 151
117 102 83 86 116 118 70 73 103 127 106 130 129 95 68 131 98 79 82 112 115 80 120 133 113 123 132 122 90 71 93 74 104 107 110 91 124 94 126 85 136 137 140 141 145 146 149 150
70 82 94 107 97 68 106 73 86 118 131 98 88 120 133 110 87 123 90 132 102 79 91 104 71 113 126 103 80 116 93 83 115 134 137 138 142 143 146 147 151
82 73 124 91 104 113 126 103 116 93 83 68 115 79 118 85 80 127 130 107 129 119 86 74 131 98 88 120 133 110 87 123 90 132 112 89 102 134 135 138 139 142 143 147 148 151
89 95 80 127 130 129 71 119 132 88 131 98 133 110 123 85 113 90 83 122 86 112 102 87 104 94 126 116 93 106 68 79 115 128 118 134 135 138 139 143 144 147 148
95 124 73 87 113 126 103 116 115 128 68 127 130 107 80 129 106 119 71 118 74 131 98 88 91 94 120 133 110 123 132 85 112 102 83 86 134 135 139 140 143 144 148 149
91 131 98 68 79 120 133 110 123 80 132 122 112 102 71 74 124 88 104 116 93 85 115 128 86 127 73 94 130 97 129 119 134 135 139 140 143 144 148 149
103 115 128 118 97 130 107 68 79 129 119 132 80 90 71 93 74 133 110 123 94 122 112 85 124 83 86 113 126 73 116 87 135 136 139 140 144 145 148 149
115 106 87 124 97 126 116 68 98 79 112 128 118 80 127 130 90 71 74 104 119 107 132 85 133 83 86 122 136 137 140 141 145 146 149 150
122 128 113 130 90 71 93 129 107 88 110 132 94 131 133 123 102 83 86 116 119 73 87 118 120 124 127 97 68 98 79 112 136 137 141 142 145 146 150 151
128 73 106 87 120 97 68 98 79 112 126 118 130 113 129 71 123 74 104 107 88 110 131 94 127 133 132 102 86 116 137 138 141 142 146 147 150 151
124 68 79 131 112 118 113 133 90 71 93 123 74 104 107 88 110 94 126 85 83 86 119 106 87 120 130 129 97 136 137 141 142 145 146 150 151
74 88 130 120 110 87 123 90 132 112 102 104 113 126 80 93 83 127 94 107 97 129 106 119 118 131 98 134 137 138 142 143 146 147 151
88 98 130 120 133 90 132 85 112 102 83 86 123 113 126 116 93 68 127 104 94 107 97 80 129 119 118 134 135 138 139 143 144 147 148
85 97 73 106 119 86 118 131 98 133 110 87 123 90 132 80 112 102 104 79 113 126 116 93 127 71 94 130 134 135 138 139 143 144 147 148
97 113 71 116 86 73 127 130 107 129 106 68 79 131 80 98 120 133 110 90 93 132 112 94 102 104 135 136 139 140 143 144 148 149
127 102 83 86 131 119 73 87 118 133 98 79 112 126 80 113 71 123 107 110 94 106 130 129 132 137 138 141 142 145 146 150 151
112 80 90 71 113 126 93 116 104 107 110 94 118 130 83 129 119 106 87 131 120 133 123 98 132 79 136 137 140 141 144 145 149 150
107 102 83 86 120 110 123 73 87 132 68 98 79 113 116 80 71 93 104 130 94 129 119 131 135 136 140 141 144 145 149 150
73 118 130 87 68 129 119 132 131 120 133 110 123 113 80 102 104 71 126 116 106 83 134 137 138 142 143 146 147 151
98 94 104 113 116 83 118 130 87 129 132 131 68 120 110 80 123 102 90 71 93 135 136 139 140 144 145 148 149
110 131 90 71 93 104 123 113 94 102 83 86 126 106 116 87 118 130 120 79 119 80 135 136 140 141 144 145 149 150
131 94 83 116 130 106 87 120 68 79 118 129 80 113 133 90 71 123 104 137 138 141 142 146 147 150 151
102 130 80 129 106 90 71 93 120 133 123 83 86 104 87 113 126 116 118 68 79 135 136 139 140 144 145 148 149
104 83 130 68 120 133 123 80 132 90 113 94 126 116 86 106 119 135 136 139 140 144 145 148 149
83 94 119 86 68 79 118 120 133 87 90 71 132 123 126 116 93 134 135 138 139 143 144 147 148 151
129 86 116 119 106 87 68 79 126 118 80 132 113 90 71 93 133 94 137 138 141 142 146 147 150 151
118 106 116 68 113 130 120 119 79 94 80 133 123 71 86 136 137 140 141 145 146 149 150
106 130 86 120 68 87 119 93 133 123 79 113 94 80 90 71 126 116 135 136 140 141 144 145 149 150
80 79 113 126 116 93 71 94 68 120 87 123 90 134 138 139 142 143 147 148 151
71 130 120 133 87 123 113 90 126 93 116 119 86 134 137 138 142 143 146 147 151
130 86 119 87 120 68 133 126 113 132 94 137 138 141 142 146 147 150 151
68 126 116 93 94 87 119 132 86 133 123 113 79 134 137 138 142 143 146 147 150 151
87 94 119 120 133 90 132 79 113 116 134 135 138 139 143 144 147 148
79 126 93 94 119 86 120 133 123 90 132 134 138 139 142 143 147 148 151
90 120 133 113 126 116 86 94 119 134 135 139 140 143 144 147 148
120 93 132 86 116 133 123 94 126 136 137 141 142 145 146 149 150
94 133 113 116 93 132 134 135 139 140 143 144 148 149
86 119 133 123 132 126 93 134 135 138 139 143 144 147 148
123 93 126 119 132 113 136 137 141 142 145 146 150 151
133 93 119 126 132 137 138 141 142 146 147 150 151
113 93 126 119 132 136 137 140 141 145 146 149 150
93 126 116 132 134 135 139 140 143 144 148 149
116 132 126 136 137 140 141 145 146 149 150
126 119 132 136 137 141 142 145 146 150 151
119 132 136 137 140 141 145 146 149 150
132 137 138 141 142 146 147 150 151
134
135
136
137
138
139
140
141
142
143
144
145
146
147
148
149
150
151
