#/usr/local/lib/python3.10/dist-packages/colab_kernel_launcher.py -f /root/.local/share/jupyter/runtime/kernel-dea7114a-48f2-47cd-9840-9590734c419b.json
# GMT Thu May 23 19:00:19 2024
# 
16 93 70 83 60 37 73 50 17 30 82 14 39 29 42 9 84 15 97 87 64 41 18 31 13 21 96 86 99 43 33 88 65 10 45 22 100 90 67 80 57 24 102 79 56 92 46 59 36 49 5 0 81 58 94 48 25 210 211 217 218
93 68 19 49 22 3 82 33 63 85 66 39 100 69 50 81 65 67 11 14 44 47 28 1 61 12 64 15 75 48 29 59 13 91 102 23 4 26 56 7 37 89 40 21 43 73 87 38 90 86 58 18 95 5 98 35 215 216 222 223
36 71 48 38 51 30 11 83 14 60 73 25 50 40 31 95 52 32 74 41 44 23 4 26 99 53 89 10 43 27 98 8 88 78 55 68 45 58 100 90 103 80 57 2 70 35 37 19 0 46 59 6 49 104 34 94 211 212 218 219
71 20 50 53 34 67 30 86 11 99 89 44 25 28 9 1 31 61 42 15 101 48 29 32 62 100 90 80 4 26 56 7 37 10 40 43 54 27 91 8 38 81 84 18 83 73 2 5 19 95 0 22 52 3 75 55 213 214 220 221
47 80 44 28 1 31 12 42 102 15 69 59 13 104 94 48 51 23 83 60 96 73 10 40 63 21 43 24 8 38 52 74 64 2 5 19 86 0 99 22 53 89 33 66 6 56 17 20 34 55 91 30 11 90 67 103 212 213 219 220
80 90 1 12 15 59 32 62 82 46 81 94 23 56 7 10 40 70 21 43 73 24 96 76 8 38 74 95 77 85 58 98 97 5 35 49 22 55 6 66 17 99 39 69 20 50 72 53 88 101 91 11 100 214 215 221 222
8 9 74 51 87 21 53 66 43 20 56 33 23 98 88 65 78 5 55 32 68 45 22 35 12 0 3 100 77 57 34 102 79 92 69 46 82 59 13 26 91 104 48 1 28 83 60 50 30 85 75 52 42 210 216 217 223
9 67 44 14 102 79 56 92 69 23 59 2 91 68 81 58 0 25 61 38 6 28 70 83 60 73 27 82 95 72 85 62 52 19 94 84 74 51 64 18 54 53 33 10 98 4 65 7 55 32 45 35 12 100 210 216 217 223
5 83 60 96 73 3 50 40 52 42 32 97 74 64 41 31 44 1 11 86 53 66 43 33 13 98 68 45 22 58 12 25 100 4 103 57 70 37 79 92 69 46 82 49 26 6 84 38 51 28 18 210 216 217 223
83 35 68 104 52 3 33 55 17 69 20 50 53 30 95 11 14 25 28 1 31 12 42 45 87 75 48 78 29 51 62 46 86 99 79 89 23 26 91 10 40 70 76 27 100 57 90 77 58 102 214 215 221 222
17 94 61 2 38 28 3 40 30 72 85 62 75 52 29 42 11 97 74 87 14 18 54 31 12 86 63 99 76 53 56 98 88 65 101 55 32 45 22 35 100 4 90 67 44 10 37 89 102 79 69 91 104 210 211 217 218
94 20 72 103 14 44 28 1 31 12 42 64 15 45 75 48 78 29 59 81 32 13 46 95 26 7 89 70 21 73 24 54 27 97 87 38 60 74 58 88 91 2 35 68 49 22 52 33 63 55 6 215 216 222 223
69 104 30 14 44 96 73 61 86 45 48 29 95 62 13 98 65 74 87 4 26 56 7 37 40 43 99 76 54 27 57 79 60 88 18 100 90 68 70 22 52 3 63 102 92 20 82 72 53 213 214 220 221
104 20 99 86 67 100 30 14 44 28 12 42 15 97 48 29 59 51 81 13 92 65 95 98 79 23 4 26 56 7 40 70 43 24 54 76 60 77 91 18 2 35 68 101 3 33 63 55 6 66 39 215 216 222 223
21 64 7 41 54 31 96 76 43 33 23 98 88 55 18 32 22 35 100 67 0 57 34 3 24 89 20 92 59 49 26 101 81 58 48 61 14 103 1 70 15 30 13 82 95 39 75 42 97 4 51 210 211 217 218
64 100 24 54 90 103 57 38 60 41 58 82 18 19 49 0 52 3 33 55 50 53 34 95 85 30 11 75 65 14 28 1 31 61 42 15 77 51 46 89 66 88 23 101 4 91 56 7 10 40 213 214 220 221
61 100 39 50 70 102 79 92 11 14 91 25 81 28 31 12 42 15 29 59 96 13 73 63 95 72 85 23 56 7 37 10 97 74 87 54 77 27 99 76 66 18 2 65 101 35 68 19 52 3 213 214 220 221
100 12 15 75 48 78 29 32 92 95 46 23 4 7 89 43 73 54 27 57 38 74 18 2 35 68 0 33 85 66 39 20 99 51 81 86 103 30 44 25 1 31 215 216 222 223
41 42 24 97 74 38 87 77 86 76 53 18 66 43 56 98 55 68 3 33 58 6 20 90 103 34 57 79 92 46 82 59 14 25 31 91 81 48 84 29 51 32 13 50 63 4 26 7 75 37 52 10 211 212 218 219
42 77 44 89 102 79 4 46 35 49 19 0 22 48 39 103 60 73 50 30 11 95 25 72 85 75 1 12 84 29 74 51 32 96 63 99 43 56 37 10 40 88 101 24 211 212 218 219
44 10 40 12 43 102 92 82 59 81 48 4 60 63 22 3 33 6 39 20 62 75 52 34 84 97 87 30 54 86 1 76 53 15 56 29 98 13 88 78 68 11 77 23 57 211 212 218 219
10 54 31 11 99 76 4 89 7 56 23 13 98 45 22 58 12 25 67 70 37 2 102 46 39 6 91 48 84 38 15 28 18 50 30 1 95 72 85 62 75 52 19 77 210 216 217 223
54 40 38 99 76 66 2 101 55 35 0 22 52 77 90 6 70 50 53 34 102 79 92 82 59 91 81 58 28 15 103 45 48 29 32 13 46 95 72 85 62 75 4 26 84 212 213 219 220
62 101 78 91 68 18 35 70 19 49 3 33 102 55 6 79 92 39 82 20 53 34 81 25 28 96 73 31 63 12 48 29 59 72 32 65 74 87 23 4 86 76 43 27 57 38 98 88 213 214 220 221
101 13 92 65 46 98 79 11 96 23 25 56 7 40 70 27 87 38 74 88 91 18 35 68 49 22 52 63 85 66 39 50 72 34 103 67 30 14 0 1 15 45 48 78 59 51 81 215 216 222 223
22 28 73 40 53 30 95 85 75 65 74 77 31 76 89 43 46 23 68 0 58 3 35 25 6 90 20 103 24 37 27 79 92 82 59 11 26 1 81 12 38 210 211 217 218
28 3 57 34 6 20 79 92 46 82 49 58 12 60 50 63 40 13 72 75 29 4 51 7 87 31 96 27 86 76 53 89 66 43 56 98 18 45 35 77 19 210 211 217 218
74 75 24 57 38 60 97 87 77 18 86 2 99 89 33 88 55 78 39 51 34 67 103 102 25 1 31 45 29 59 32 84 65 96 7 37 95 70 85 43 98 213 214 220 221
75 90 18 102 79 68 19 92 82 52 3 63 55 39 20 50 34 67 11 96 95 85 15 45 29 13 84 97 46 87 86 99 76 26 89 40 98 88 57 60 214 215 221 222
20 81 48 7 73 40 30 95 72 52 32 84 97 2 87 31 0 3 99 53 33 98 55 45 35 25 14 90 67 103 34 24 12 37 102 82 59 13 49 26 91 210 211 217 218
12 77 90 57 37 14 89 102 82 4 91 7 58 48 25 15 103 60 50 27 40 30 2 39 19 0 84 3 6 96 76 53 11 65 78 32 68 35 210 216 217 223
13 65 78 32 45 35 11 57 24 37 102 79 46 82 59 91 48 25 7 70 60 27 6 30 95 72 85 39 52 19 84 2 86 3 99 76 53 23 98 210 216 217 223
65 88 78 58 103 70 37 102 55 92 82 38 39 53 81 18 2 35 96 49 0 31 3 33 95 50 85 98 34 46 97 11 14 67 25 26 76 89 15 79 57 60 213 214 220 221
24 87 1 15 89 66 43 56 98 88 78 55 32 45 35 25 4 90 67 34 37 102 92 46 59 49 26 91 18 58 2 48 38 51 19 3 96 6 30 95 85 52 29 84 210 211 217 218
43 87 4 7 86 99 40 89 66 79 56 46 78 55 68 45 58 90 103 70 35 19 82 59 39 34 84 11 73 1 31 53 15 85 98 32 52 211 212 218 219
87 97 27 57 60 77 58 18 4 98 35 88 68 49 0 52 3 33 55 85 66 72 34 67 102 84 30 11 1 31 45 78 29 96 95 23 56 7 40 214 215 221 222
70 77 0 1 31 3 33 45 99 89 32 46 98 88 26 27 60 82 58 91 23 7 103 68 19 49 52 73 55 6 39 95 34 72 67 84 2 97 213 214 220 221
35 60 96 29 63 85 4 27 99 76 66 56 98 18 78 2 45 0 3 67 103 33 57 6 92 59 81 25 38 51 31 15 211 212 218 219
48 90 103 30 102 11 92 14 25 72 49 84 29 32 60 73 50 63 23 4 26 7 37 98 18 66 79 56 19 88 0 55 91 33 212 213 219 220
15 25 6 90 67 34 92 59 49 39 81 1 38 60 96 73 50 30 72 85 52 19 32 84 97 77 99 76 53 89 66 56 23 98 2 45 210 211 217 218
25 89 56 46 26 91 11 81 103 37 73 27 82 49 85 39 23 84 97 7 19 31 6 99 53 30 66 88 32 45 14 77 1 90 210 211 217 218
1 90 67 103 37 39 6 84 51 96 73 50 27 40 30 72 52 29 19 97 77 11 0 86 99 76 89 66 56 33 23 78 68 45 210 216 217 223
90 31 45 97 78 29 51 81 32 46 23 26 7 89 91 40 73 27 60 103 77 58 102 92 2 49 52 63 55 6 66 72 67 11 98 215 216 222 223
7 96 2 63 99 76 66 56 33 23 6 88 55 32 68 45 77 57 14 89 92 46 49 91 103 60 27 30 85 84 51 18 210 216 217 223
99 26 56 37 73 27 57 77 58 2 68 49 52 3 33 63 6 66 72 67 84 11 14 31 45 97 78 29 59 81 102 92 215 216 222 223
60 19 52 3 77 6 67 53 76 66 11 78 91 68 31 103 45 29 59 32 102 92 72 4 37 40 38 86 95 85 18 2 213 214 220 221
77 76 27 57 59 97 58 89 4 52 88 55 78 39 50 72 67 103 2 14 92 82 19 0 31 3 33 51 84 46 96 86 95 214 215 221 222
67 29 59 84 32 23 4 56 37 72 40 55 27 57 18 86 76 49 0 3 88 63 78 68 51 53 34 103 30 102 14 79 82 213 214 220 221
29 45 2 102 19 79 46 82 3 59 81 58 38 51 50 30 85 52 97 31 23 86 4 76 53 89 66 33 88 78 210 211 217 218
45 57 79 92 82 59 49 40 27 96 73 50 18 72 85 19 52 3 33 6 84 97 66 78 55 68 58 212 213 219 220
40 86 19 0 76 53 56 88 34 55 68 58 11 103 57 14 31 92 46 59 49 23 96 73 37 50 27 72 85 97 211 212 218 219
96 82 55 6 85 66 38 39 50 53 34 86 18 30 0 3 63 51 81 92 95 46 79 11 56 73 76 27 57 97 58 88 23 215 216 222 223
92 84 11 103 78 59 51 81 32 46 79 23 4 26 56 57 58 97 49 0 52 82 6 85 50 53 98 215 216 222 223
31 103 57 79 46 18 91 81 2 84 38 3 73 50 63 95 85 52 30 11 14 97 86 66 98 26 211 212 218 219
2 27 95 72 39 52 6 19 84 51 11 76 53 66 33 23 57 14 4 102 46 82 59 49 26 81 38 18 103 73 210 216 217 223
27 6 86 89 56 46 88 78 91 68 58 11 14 57 102 82 72 39 81 23 51 73 63 53 30 85 98 52 18 210 211 217 218
78 46 26 37 79 82 76 38 81 58 18 68 0 95 52 63 55 98 6 66 39 50 72 34 11 86 14 89 88 91 51 214 215 221 222
81 91 50 51 11 14 102 82 32 79 26 37 95 73 98 76 72 97 58 68 19 49 3 63 6 88 66 214 215 221 222
91 32 95 34 11 97 14 26 89 57 59 23 56 37 68 82 55 6 85 102 39 84 19 49 0 63 215 216 222 223
51 68 6 38 39 50 103 57 18 30 82 59 0 84 63 95 26 85 98 55 97 76 89 66 79 37 19 88 212 213 219 220
68 32 73 46 85 98 23 26 56 37 38 89 19 0 52 3 33 6 39 53 102 30 72 14 213 214 220 221
23 86 53 66 33 98 88 34 102 18 79 59 4 19 38 73 30 72 14 85 84 97 210 211 217 218
86 4 56 37 73 85 57 38 39 72 18 19 49 52 3 33 97 6 66 53 84 30 14 88 76 103 32 79 214 215 221 222
3 18 73 63 95 72 85 39 52 11 89 33 98 32 34 102 46 82 59 0 26 210 216 217 223
14 37 79 46 82 49 38 103 50 4 95 72 39 19 84 97 89 66 0 33 88 55 57 34 210 216 217 223
37 63 0 76 56 98 88 55 57 26 89 79 58 4 19 33 82 95 72 39 52 34 84 97 30 211 212 218 219
66 84 4 26 56 57 38 72 58 18 49 33 6 50 53 34 98 30 103 79 82 213 214 220 221
84 38 39 53 63 95 32 34 79 30 97 11 26 89 76 88 58 103 52 82 214 215 221 222
32 58 34 102 72 49 38 18 30 73 50 19 0 52 97 11 53 89 56 33 46 88 211 212 218 219
88 46 98 79 97 4 26 56 73 103 49 0 82 63 55 85 39 102 34 59 214 215 221 222
76 97 26 56 73 57 38 79 103 19 49 0 52 33 55 102 39 72 82 34 30 11 214 215 221 222
97 57 38 58 18 19 49 0 82 63 85 34 11 98 95 46 79 73 215 216 222 223
57 89 46 26 56 58 102 59 72 49 0 55 6 39 50 73 53 63 212 213 219 220
103 33 63 34 46 79 11 26 56 89 59 58 52 55 6 38 39 102 53 215 216 222 223
73 19 0 52 63 6 39 50 72 102 79 59 46 26 95 98 18 213 214 220 221
6 38 50 63 30 95 85 19 33 98 55 34 4 82 49 26 210 216 217 223
38 34 53 30 56 11 102 79 59 26 49 58 63 18 52 19 0 211 212 218 219
50 58 49 0 33 39 63 34 95 52 30 11 53 89 56 4 26 79 18 212 213 219 220
19 63 30 18 72 89 55 34 102 79 46 59 49 26 4 58 210 211 217 218
4 30 0 34 11 89 79 56 59 26 58 82 95 72 49 85 39 18 210 216 217 223
34 58 63 95 39 26 52 53 89 18 56 98 46 11 49 211 212 218 219
46 55 58 26 102 79 39 85 52 0 53 56 212 213 219 220
49 63 11 95 0 89 98 55 102 82 33 58 39 212 213 219 220
58 98 89 102 59 72 53 18 63 0 33 212 213 219 220
98 56 85 39 102 53 82 63 79 59 215 216 222 223
95 18 33 63 55 85 39 72 11 26 56 89 215 216 222 223
39 0 33 26 89 79 56 55 102 59 211 212 218 219
11 102 79 30 72 18 63 53 55 210 216 217 223
102 59 89 63 55 85 72 53 215 216 222 223
18 72 52 53 33 82 59 26 210 211 217 218
0 82 72 85 52 63 30 33 55 79 59 210 216 217 223
79 59 26 56 33 63 89 214 215 221 222
53 26 63 52 33 89 82 72 212 213 219 220
33 63 72 85 52 89 55 30 211 212 218 219
72 85 59 56 55 82 213 214 220 221
56 59 30 63 212 213 219 220
63 55 85 30 89 82 213 214 220 221
26 89 82 59 30 85 210 211 217 218
30 85 52 89 55 211 212 218 219
55 85 89 82 212 213 219 220
82 85 59 214 215 221 222
89 214 215 221 222
52 85 212 213 219 220
85 59 214 215 221 222
59 212 213 219 220
137 206 183 160 196 173 118 163 140 205 195 162 128 109 110 112 184 174 129 154 113 186 153 166 143 156 198 135 188 107 155 168 124 105 106 108 200 180 170 202 179 192 182 116 204 181 131 158 194 171 133 148 115 161 138 151 132 211 212 218 219
206 118 197 151 203 201 128 161 115 145 178 129 159 181 113 192 165 198 179 163 123 107 110 173 124 154 126 127 157 138 111 141 122 144 174 204 155 177 172 205 135 207 119 133 105 106 147 169 199 150 180 153 183 134 164 186 215 216 222 223
129 202 119 179 159 136 106 149 117 191 204 194 118 138 170 183 160 173 140 128 130 109 182 172 115 185 126 139 113 207 184 187 141 154 196 209 163 107 153 110 121 127 108 165 201 155 145 125 177 190 167 144 157 147 189 210 211 217 218
202 132 192 165 146 208 182 196 123 207 107 121 124 154 105 157 108 187 168 171 122 188 139 191 172 135 116 119 130 203 185 117 147 169 120 199 150 180 153 183 164 156 186 118 197 200 184 201 109 161 112 115 145 126 178 215 216 222 223
121 198 188 178 155 132 122 187 200 177 167 180 134 124 106 146 123 159 136 118 126 191 158 171 148 125 128 203 193 160 140 113 182 195 172 149 185 139 152 194 207 184 197 151 141 154 105 163 108 176 153 130 143 133 208 210 211 217 218
198 154 105 185 127 157 108 187 168 111 190 141 171 122 205 174 125 158 188 170 172 189 135 119 149 130 106 150 153 183 134 165 208 118 197 151 182 184 207 109 161 142 145 126 178 159 160 146 176 179 201 163 123 107 215 216 222 223
141 176 166 143 156 116 119 168 145 133 120 177 190 134 157 170 147 146 182 149 131 191 112 181 115 126 161 132 203 113 193 160 173 150 163 123 195 208 110 140 142 124 207 105 184 108 174 164 111 154 139 186 199 211 212 218 219
176 171 174 155 158 179 192 172 135 116 204 181 119 194 130 152 106 166 203 169 193 153 134 164 118 151 208 185 128 207 112 197 142 187 175 159 132 113 143 209 165 189 163 123 188 201 124 154 200 105 127 138 168 160 213 214 220 221
160 189 166 118 151 188 191 112 142 115 167 180 126 170 159 132 113 143 179 169 172 123 181 194 171 184 110 140 124 157 138 183 196 122 163 144 125 156 205 139 185 162 175 207 174 133 114 147 150 186 199 212 213 219 220
189 111 207 113 197 174 177 172 107 152 124 154 106 185 136 201 166 108 168 169 122 153 125 186 167 139 203 170 135 192 161 114 115 117 148 178 204 120 194 132 162 134 165 146 118 179 128 205 109 112 173 175 159 214 215 221 222
133 172 127 185 108 162 152 111 125 184 197 174 151 164 209 199 153 166 130 114 117 120 165 178 145 200 190 167 157 134 147 128 109 112 192 169 146 126 191 181 171 148 138 193 183 173 107 140 110 182 124 195 210 211 217 218
172 114 136 166 117 147 150 209 186 199 134 164 165 167 118 201 178 109 142 115 126 180 148 159 162 113 143 146 182 191 107 194 110 203 157 168 111 196 122 125 156 205 195 175 207 149 130 187 213 214 220 221
145 146 159 107 110 191 124 204 181 158 127 171 108 148 138 144 203 125 170 183 139 173 205 135 208 152 130 114 106 117 184 197 120 174 151 164 196 186 153 128 109 112 178 155 168 126 132 113 157 147 169 211 212 218 219
146 147 132 179 143 144 192 182 149 191 194 148 107 140 203 193 105 183 150 138 163 125 205 195 185 139 175 184 135 116 174 187 154 130 114 106 209 199 153 134 188 165 178 155 200 177 109 190 170 211 212 218 219
111 153 166 120 156 123 201 178 168 107 122 135 112 105 190 106 167 180 157 134 147 124 114 179 169 136 191 194 161 138 115 118 203 193 183 150 127 140 117 195 162 139 175 119 207 184 110 187 144 186 199 210 216 217 223
153 163 195 208 185 162 174 119 149 164 130 177 152 117 209 120 150 199 134 166 156 188 165 201 178 158 128 109 200 131 142 203 132 143 179 192 169 182 204 184 193 127 183 196 138 212 213 219 220
122 199 143 110 208 175 105 165 108 178 177 144 180 147 156 192 119 169 123 159 136 126 114 201 117 120 168 158 171 125 161 138 118 203 170 183 150 140 195 112 149 185 162 115 207 151 187 196 186 210 211 217 218
199 144 174 155 205 158 188 208 191 207 135 116 119 185 117 147 169 120 150 186 167 184 128 200 130 131 161 112 115 194 126 178 159 181 192 143 193 123 109 140 124 154 127 108 138 168 171 215 216 222 223
163 200 167 155 156 180 170 192 169 182 116 149 130 131 161 204 194 117 171 147 148 184 132 162 134 193 196 173 109 175 112 142 157 197 159 164 125 158 209 166 123 135 188 124 168 136 108 212 213 219 220
200 193 196 107 205 173 208 157 187 138 174 158 139 191 209 135 149 130 114 185 166 117 147 169 120 201 150 180 183 164 156 167 170 151 203 161 142 115 126 148 178 159 181 162 113 143 165 179 215 216 222 223
174 209 135 116 130 152 114 188 106 136 134 164 118 190 203 180 151 192 182 112 142 115 148 204 162 184 113 143 165 193 183 205 195 140 208 173 154 105 127 138 197 144 187 177 213 214 220 221
209 125 204 155 177 188 139 191 135 149 130 106 185 136 166 169 120 150 156 186 118 170 184 201 128 109 131 161 112 194 175 178 113 143 195 193 196 123 107 110 124 154 108 187 138 190 171 144 215 216 222 223
134 173 150 140 123 185 139 175 152 107 142 207 124 105 187 164 154 125 196 166 208 188 178 119 168 114 117 177 120 190 167 192 136 149 128 109 204 131 112 158 171 138 126 132 210 211 217 218
173 164 156 167 118 188 170 190 203 128 130 131 114 115 126 148 179 159 113 191 194 107 109 193 110 140 183 196 124 105 127 108 138 171 144 125 185 155 139 197 187 149 186 166 147 169 213 214 220 221
147 195 149 185 162 152 194 207 197 109 110 140 164 154 108 196 144 139 208 175 165 155 187 130 177 190 106 157 117 192 118 181 158 148 161 128 131 203 193 170 126 113 211 212 218 219
178 179 192 154 105 127 138 168 204 181 194 144 155 177 193 135 116 195 208 185 106 136 169 150 207 164 156 187 170 151 109 131 161 142 175 126 188 162 113 123 107 213 214 220 221
179 180 159 162 177 192 182 123 191 184 124 105 127 138 168 193 196 125 155 139 205 208 135 116 119 149 207 130 197 152 166 150 151 188 201 128 131 161 112 142 115 175 190 203 213 214 220 221
124 208 165 132 135 123 177 107 167 110 144 180 105 108 136 149 126 194 171 125 138 128 119 193 127 140 130 182 162 118 152 184 197 187 109 196 115 166 143 156 210 211 217 218
208 154 105 166 108 120 156 186 167 197 151 184 201 119 131 161 115 194 117 180 162 192 165 196 109 140 142 175 159 190 171 113 143 144 125 204 177 188 191 205 123 215 216 222 223
138 143 175 165 131 115 177 132 190 113 167 180 156 123 149 110 204 181 194 127 108 125 140 205 182 135 139 152 119 142 130 106 151 164 196 186 166 211 212 218 219
143 192 125 169 191 171 161 116 130 203 193 170 114 106 150 120 182 195 118 149 185 162 151 109 131 154 112 115 126 132 175 188 165 168 110 140 167 180 157 105 108 211 212 218 219
149 152 114 115 148 197 132 151 154 186 123 156 140 188 165 201 126 168 127 108 125 190 180 157 139 135 159 106 120 203 193 170 183 150 185 130 162 131 175 211 212 218 219
152 162 175 207 120 184 150 197 177 154 151 186 166 156 188 112 165 201 168 132 190 180 157 170 192 169 159 110 140 105 127 108 158 171 161 125 203 139 183 196 205 135 116 195 212 213 219 220
144 186 156 123 107 201 155 191 168 105 106 136 190 167 203 125 157 170 192 169 116 119 204 114 184 161 132 193 183 150 205 162 128 165 110 112 142 207 126 187 164 113 211 212 218 219
186 196 155 139 195 135 116 114 106 136 169 120 183 164 167 170 182 188 201 191 128 109 131 112 115 148 159 181 132 113 192 205 123 204 110 154 105 127 157 214 215 221 222
115 159 191 181 109 158 194 148 125 161 203 193 113 140 130 195 162 139 119 107 207 197 151 164 196 166 120 156 165 201 155 106 190 180 192 169 210 216 217 223
159 126 148 201 191 204 181 171 203 183 110 154 105 127 108 195 175 155 158 197 187 164 135 196 130 114 166 136 156 177 190 167 128 109 131 112 142 212 213 219 220
107 155 132 135 167 180 157 156 169 136 116 201 191 181 158 148 125 161 193 183 182 185 162 142 119 109 151 187 164 154 108 166 120 110 175 106 188 165 210 216 217 223
155 110 105 127 108 165 201 125 168 177 180 116 130 192 182 117 120 150 191 204 158 194 171 151 203 170 183 128 112 126 195 148 185 162 184 187 164 123 212 213 219 220
127 188 165 168 135 167 170 169 113 136 171 148 161 193 183 196 105 150 108 140 205 195 185 139 175 132 207 184 197 187 164 116 154 131 119 114 106 210 211 217 218
119 142 184 114 106 151 187 117 131 118 120 123 201 112 135 190 180 157 113 169 136 191 110 181 158 194 148 108 203 193 170 150 140 130 205 195 185 139 210 216 217 223
180 205 195 185 109 207 197 154 157 171 139 188 105 166 117 169 167 118 170 151 192 182 191 128 130 131 194 161 175 126 148 132 193 162 183 214 215 221 222
125 166 156 112 165 132 168 135 177 169 110 126 105 108 204 171 148 203 150 140 130 205 114 120 207 184 197 151 187 164 154 131 210 211 217 218
171 109 131 112 188 201 126 162 177 190 123 192 140 157 108 204 183 135 195 130 175 114 106 136 166 117 120 164 156 187 167 118 170 196 213 214 220 221
183 167 118 151 205 185 128 131 184 187 126 181 132 182 123 201 140 154 105 157 108 168 135 116 204 194 136 117 150 193 196 156 214 215 221 222
148 192 169 182 128 131 112 142 194 126 184 161 151 132 113 196 150 123 162 175 110 207 108 177 139 135 116 130 201 114 136 158 117 190 118 211 212 218 219
192 181 132 162 182 204 154 105 196 157 187 205 158 139 191 135 116 106 185 166 117 169 150 170 151 184 128 131 161 112 175 214 215 221 222
166 185 175 139 184 187 116 106 120 150 156 188 201 168 190 131 161 112 142 126 132 162 113 165 204 194 123 193 110 154 157 213 214 220 221
201 204 112 142 157 187 113 177 158 139 205 106 108 169 150 156 167 197 116 130 114 175 117 203 162 164 165 195 118 196 215 216 222 223
204 112 142 175 126 181 132 113 165 182 196 123 110 154 105 108 190 177 188 139 191 116 205 114 136 117 169 150 164 167 118 197 151 215 216 222 223
162 114 169 182 156 118 151 193 109 112 142 195 132 113 175 207 184 177 110 154 108 188 158 168 190 167 135 116 212 213 219 220
193 170 184 109 181 132 194 165 182 196 140 205 195 105 157 168 190 197 188 191 130 114 106 185 117 169 120 150 167 214 215 221 222
118 140 116 205 182 185 139 142 207 131 196 130 110 112 175 165 132 168 135 157 156 136 126 105 191 108 181 194 161 128 203 210 216 217 223
164 135 116 195 185 130 114 106 136 120 150 197 187 151 128 109 188 132 177 190 167 123 110 140 105 191 194 158 139 170 212 213 219 220
123 135 108 167 157 126 191 158 106 120 128 170 140 205 182 195 207 184 197 117 187 131 130 188 165 109 112 168 210 211 217 218
135 207 184 187 110 196 165 168 177 106 120 182 181 194 128 131 170 140 113 205 195 185 175 211 212 218 219
151 203 205 195 117 120 150 207 187 154 128 142 188 165 113 168 177 190 167 157 140 182 105 108 191 194 161 212 213 219 220
203 182 196 128 109 131 161 190 113 188 191 110 140 154 105 185 157 187 169 156 139 116 205 114 194 117 195 167 215 216 222 223
175 182 105 136 108 168 169 191 120 156 170 205 161 195 185 114 132 165 197 187 128 109 142 157 158 177 213 214 220 221
182 190 205 128 184 142 126 157 196 158 185 207 197 187 105 106 108 168 169 150 156 167 139 170 116 214 215 221 222
114 185 139 116 194 207 161 197 128 110 130 120 188 165 187 167 157 106 169 136 191 168 181 158 109 112 117 205 210 216 217 223
154 188 168 116 177 190 106 117 120 150 156 169 191 161 131 112 126 170 113 195 207 197 108 139 212 213 219 220
185 136 120 167 187 109 131 161 188 181 132 165 140 105 157 108 194 158 196 116 205 214 215 221 222
150 207 184 197 128 109 131 142 126 156 188 110 140 190 191 181 158 194 161 106 136 120 212 213 219 220
190 105 157 108 187 168 177 158 116 130 106 136 117 120 196 167 170 184 205 195 128 131 142 207 197 214 215 221 222
197 116 130 106 117 169 207 184 131 112 126 181 132 113 165 195 196 110 140 168 177 158 188 139 215 216 222 223
132 169 181 194 140 116 195 106 139 117 120 142 207 184 187 177 131 112 113 167 157 170 210 211 217 218
167 140 108 184 130 188 106 136 168 156 128 109 131 161 112 142 191 126 181 165 213 214 220 221
196 170 184 130 136 117 120 181 109 161 112 142 126 157 113 207 158 188 191 106 215 216 222 223
105 142 109 112 187 177 157 113 126 181 158 128 170 205 139 116 106 207 131 210 216 217 223
136 195 126 139 142 207 184 156 165 168 157 170 116 130 106 120 191 181 158 194 161 140 128 109 131 112 211 212 218 219
195 117 120 156 170 128 109 131 161 112 142 194 113 165 110 157 187 177 158 188 215 216 222 223
156 108 120 188 168 116 157 170 117 169 205 181 194 184 128 109 110 112 142 126 212 213 219 220
108 177 106 169 113 116 191 181 161 117 130 205 207 131 210 216 217 223
169 205 113 177 110 168 188 139 116 106 117 120 181 109 131 142 213 214 220 221
207 116 130 117 120 170 184 131 161 112 194 126 181 110 140 177 139 215 216 222 223
142 191 168 106 181 158 120 116 128 194 109 110 140 188 165 126 187 177 157 139 211 212 218 219
170 205 128 112 113 187 158 140 188 191 168 139 161 117 181 120 213 214 220 221
188 187 168 177 194 128 131 161 112 181 205 113 214 215 221 222
126 168 158 128 140 110 205 139 131 116 106 187 177 157 210 211 217 218
113 116 181 158 194 161 128 140 139 184 187 130 120 165 177 157 210 216 217 223
116 194 112 161 131 120 109 110 187 177 181 158 205 139 210 216 217 223
194 130 161 117 181 165 205 109 110 140 112 187 191 106 214 215 221 222
117 139 184 131 130 165 157 110 191 168 181 158 161 128 106 140 210 216 217 223
177 140 191 139 205 181 120 184 165 128 109 131 161 213 214 220 221
205 120 128 109 112 165 110 158 139 191 130 215 216 222 223
112 181 110 158 130 120 165 109 210 216 217 223
110 168 157 191 181 158 140 109 139 131 120 210 216 217 223
120 139 131 165 109 161 128 210 211 217 218
140 168 157 191 158 139 187 130 106 211 212 218 219
184 130 181 165 187 109 131 161 158 157 168 214 215 221 222
128 181 158 161 187 109 168 157 210 211 217 218
181 109 131 161 168 158 139 130 191 214 215 221 222
139 131 157 191 158 211 212 218 219
168 157 158 106 191 161 165 213 214 220 221
158 109 165 191 130 106 187 212 213 219 220
109 130 157 210 216 217 223
161 191 187 157 165 212 213 219 220
191 106 165 214 215 221 222
165 130 106 213 214 220 221
157 106 131 212 213 219 220
131 130 187 210 211 217 218
187 106 214 215 221 222
106 130 210 216 217 223
130 210 211 217 218
210
211
212
213
214
215
216
217
218
219
220
221
222
223
