#/usr/local/lib/python3.10/dist-packages/colab_kernel_launcher.py -f /root/.local/share/jupyter/runtime/kernel-6c0fbf18-c276-4b2d-9452-8819c27dba4d.json
# GMT Sat May 25 00:30:55 2024
# 
36 53 62 10 48 2 61 70 38 56 65 51 27 8 19 22 14 55 64 41 59 28 49 58 44 1 31 18 7 147 148 156 157
53 17 31 20 12 51 4 62 71 15 57 18 7 37 65 40 22 32 8 60 69 49 11 0 68 41 54 63 149 150 158 159
47 62 44 48 25 52 70 6 39 1 23 4 15 26 34 45 37 10 50 59 21 49 43 24 46 8 19 67 41 148 149 157 158
62 39 1 50 12 15 34 56 37 29 40 59 51 5 71 35 24 70 8 49 11 60 3 33 25 6 150 151 159 160
15 39 16 9 48 34 43 20 29 51 28 23 32 10 2 5 60 46 64 41 54 8 58 26 35 44 144 145 153 154
39 17 71 48 57 70 56 12 4 5 69 55 35 59 45 63 40 58 67 19 38 11 1 31 33 25 147 148 156 157
59 64 2 68 5 24 54 57 30 49 11 41 52 3 33 44 25 70 17 50 12 23 45 56 18 150 151 159 160
64 21 51 27 46 57 19 30 71 38 22 65 14 25 28 9 50 61 23 4 69 26 56 7 40 2 151 152 160 161
17 58 44 25 43 20 29 56 24 19 28 13 16 70 60 69 3 46 50 68 54 6 40 49 26 4 145 146 154 155
58 10 40 51 66 5 61 65 34 27 57 46 29 2 21 41 13 16 69 6 68 19 0 31 33 150 151 159 160
18 35 30 14 6 11 34 43 61 29 38 56 33 42 28 9 70 2 65 46 55 13 32 68 7 22 145 146 154 155
35 65 55 29 50 68 21 45 54 40 27 8 0 67 33 25 57 66 38 56 28 9 23 4 26 147 148 156 157
5 65 0 55 3 50 68 27 45 63 8 26 12 21 7 16 71 48 43 2 10 23 9 13 144 152 153 161
65 13 54 8 30 49 11 3 26 28 9 50 12 42 32 66 34 70 10 2 41 52 151 152 160 161
29 32 41 50 68 54 25 9 1 20 4 26 67 71 52 10 13 24 27 60 46 55 3 146 147 155 156
32 60 21 55 41 14 68 45 54 49 8 0 1 20 57 66 61 10 38 56 33 51 37 30 147 148 156 157
41 42 24 16 30 38 60 46 50 3 14 45 33 25 44 31 4 67 26 66 148 149 157 158
0 9 51 37 46 27 45 54 4 40 8 26 12 16 2 67 48 66 43 61 38 6 1 19 144 152 153 161
48 54 28 9 23 12 42 37 71 40 56 21 51 19 30 38 22 69 3 55 44 33 68 149 150 158 159
54 2 21 43 27 52 44 25 67 71 66 61 70 1 31 12 42 26 45 149 150 158 159
50 2 67 24 52 70 46 19 3 33 44 28 1 55 31 63 34 45 37 149 150 158 159
11 14 23 56 60 46 27 45 13 22 31 40 26 21 8 16 67 6 34 1 33 42 28 144 145 153 154
14 24 51 19 23 6 9 12 27 63 31 40 26 44 21 30 2 67 71 66 61 20 56 144 145 153 154
6 57 66 34 43 52 38 24 28 23 69 55 27 63 22 49 26 30 7 16 67 144 152 153 161
57 9 1 20 60 23 4 63 56 34 45 7 37 40 43 13 71 46 30 38 3 150 151 159 160
23 67 71 25 34 52 38 24 42 28 7 10 46 2 21 68 4 40 145 146 154 155
68 2 43 24 13 69 27 46 30 44 33 63 66 1 31 70 56 34 151 152 160 161
66 71 9 1 31 20 42 4 45 34 10 43 13 24 16 8 49 33 67 151 152 160 161
21 7 27 22 13 16 8 67 71 34 43 61 3 24 70 12 56 51 145 146 154 155
10 27 63 22 49 3 26 12 9 1 61 70 7 56 33 28 37 69 46 144 145 153 154
27 22 24 19 44 30 3 67 9 71 70 26 37 46 7 146 147 155 156
42 63 67 28 44 1 52 31 20 26 7 40 2 60 24 16 45 8 19 38 22 148 149 157 158
33 38 20 70 12 51 60 46 45 63 44 13 19 71 43 147 148 156 157
38 1 51 69 31 45 34 7 13 24 52 61 19 30 22 147 148 156 157
25 34 52 61 9 7 51 69 46 19 2 40 22 13 16 8 63 30 146 147 155 156
34 1 4 43 61 56 37 69 8 30 40 3 49 147 148 156 157
44 51 24 37 19 30 55 63 49 3 31 20 67 52 70 148 149 157 158
2 45 40 8 26 12 30 63 71 43 20 28 60 144 152 153 161
52 28 1 20 60 69 26 45 37 63 13 24 46 19 8 30 3 149 150 158 159
63 12 51 4 7 37 46 69 22 28 31 61 67 71 150 151 159 160
22 28 13 60 55 31 40 3 30 67 12 71 4 61 24 145 146 154 155
28 3 61 12 4 51 55 45 30 13 19 146 147 155 156
51 67 49 45 61 40 56 12 60 55 19 30 149 150 158 159
24 55 31 20 30 4 7 71 43 16 146 147 155 156
60 16 55 69 3 67 9 20 12 45 56 7 71 61 150 151 159 160
61 9 70 12 4 7 69 16 19 8 3 150 151 159 160
71 9 1 56 37 40 43 30 8 151 152 160 161
43 69 49 20 26 37 40 13 16 30 8 3 148 149 157 158
69 13 16 70 8 1 31 12 56 7 37 67 151 152 160 161
13 55 31 40 49 26 3 20 9 7 144 145 153 154
16 56 37 55 31 40 30 3 20 19 1 4 145 146 154 155
7 20 56 19 37 70 46 45 31 144 152 153 161
55 70 8 49 3 9 1 20 31 4 26 149 150 158 159
70 8 1 20 26 67 37 19 49 151 152 160 161
9 49 3 4 37 46 40 26 12 144 145 153 154
49 4 46 67 1 31 12 56 26 37 149 150 158 159
30 46 31 19 146 147 155 156
45 67 8 1 12 4 37 148 149 157 158
3 37 40 8 144 152 153 161
19 46 1 4 56 145 146 154 155
37 20 31 26 4 147 148 156 157
56 31 20 46 150 151 159 160
1 67 31 144 152 153 161
67 26 40 151 152 160 161
40 8 20 148 149 157 158
26 12 146 147 155 156
12 20 31 4 144 145 153 154
8 20 144 145 153 154
31 146 147 155 156
20 4 46 145 146 154 155
4 46 144 152 153 161
46 148 149 157 158
119 125 116 129 97 133 142 108 128 137 81 111 92 95 117 79 90 109 127 140 126 115 96 99 80 91 110 94 139 148 149 157 158
125 89 81 123 115 98 129 117 142 99 137 112 101 85 88 80 132 141 83 111 127 136 131 124 113 126 105 130 149 150 158 159
98 102 79 90 111 82 93 85 129 106 115 101 110 128 105 109 118 94 97 78 127 92 131 95 84 135 103 112 146 147 155 156
102 74 93 132 118 127 77 122 85 117 112 121 99 116 107 91 83 134 89 100 111 120 128 92 105 114 123 109 146 147 155 156
79 84 88 116 143 129 115 92 101 82 109 72 86 95 75 142 123 118 131 99 85 94 103 112 121 76 80 144 152 153 161
90 107 80 86 78 130 139 134 120 129 138 106 110 128 96 114 100 109 142 84 141 76 77 127 117 112 121 145 146 154 155
111 87 81 129 138 82 124 128 132 76 77 118 113 101 94 127 136 140 135 80 83 73 75 105 97 147 148 156 157
89 130 134 120 82 106 74 92 101 96 114 91 85 95 142 137 86 75 118 136 113 99 94 103 121 93 84 145 146 154 155
130 120 82 139 134 143 95 123 138 133 137 109 118 101 74 127 108 131 80 110 135 72 103 105 87 128 150 151 159 160
131 136 112 74 123 104 77 85 96 107 86 105 127 138 108 73 92 122 84 114 128 117 137 120 82 150 151 159 160
136 93 123 77 107 99 139 129 86 75 78 108 81 103 122 133 84 141 87 140 117 109 120 82 74 151 152 160 161
107 82 118 74 140 126 104 121 96 91 80 83 72 134 143 120 129 78 133 114 81 73 109 103 87 147 148 156 157
108 143 82 129 115 110 114 123 85 99 91 72 94 86 75 132 141 97 113 140 126 112 81 76 106 147 148 156 157
143 81 92 95 114 76 128 117 82 139 112 74 93 123 104 85 88 91 121 110 72 132 86 127 78 151 152 160 161
87 88 97 81 139 134 120 106 133 142 76 128 123 91 109 74 77 141 118 127 113 140 103 112 72 144 145 153 154
72 77 95 128 132 141 109 118 122 76 94 112 84 121 134 138 106 124 133 92 78 105 100 144 152 153 161
77 141 118 122 99 126 135 94 112 121 116 93 73 129 106 133 142 101 96 114 104 81 144 152 153 161
120 126 135 100 81 84 95 114 139 138 124 142 91 110 83 132 113 86 127 105 97 149 150 158 159
126 82 101 112 137 140 85 88 99 80 124 116 97 139 129 133 142 73 103 122 84 76 117 149 150 158 159
80 74 137 132 141 127 104 135 94 121 116 75 78 139 134 129 115 92 128 76 82 144 145 153 154
135 112 84 76 85 109 142 91 74 93 141 132 124 86 116 100 83 73 103 92 95 106 128 150 151 159 160
93 118 127 104 113 99 117 121 88 91 97 115 133 96 105 78 81 142 84 128 132 141 145 146 154 155
118 88 132 122 121 86 75 97 92 134 114 104 115 138 106 109 82 101 148 149 157 158
83 95 142 81 137 109 113 122 117 85 94 103 112 121 88 139 116 138 97 115 92 101 73 144 145 153 154
95 75 115 101 110 96 92 109 142 81 123 132 113 122 99 121 85 116 88 145 146 154 155
112 117 96 85 91 94 86 124 81 103 137 141 106 127 109 148 149 157 158
127 133 142 104 137 132 88 99 91 124 105 141 139 103 84 149 150 158 159
78 129 138 75 124 137 100 86 85 132 141 122 140 117 121 74 116 84 88 97 139 144 152 153 161
129 81 141 76 117 101 74 123 138 133 110 142 124 75 105 97 150 151 159 160
101 140 103 100 76 139 134 110 74 114 123 96 99 91 132 141 75 146 147 155 156
140 74 123 76 104 96 137 110 121 132 113 86 116 105 138 100 122 142 97 106 151 152 160 161
138 142 81 73 103 122 114 76 117 141 104 96 85 88 137 94 75 105 151 152 160 161
113 114 74 104 85 88 99 110 122 117 105 121 97 100 92 103 84 106 115 148 149 157 158
114 97 139 116 134 115 133 128 82 141 76 85 117 99 110 94 148 149 157 158
82 116 84 81 76 92 128 96 105 91 109 74 104 132 122 144 145 153 154
105 110 109 73 103 132 117 121 104 96 99 106 115 124 147 148 156 157
110 100 81 123 132 141 88 116 134 99 115 124 128 86 75 147 148 156 157
116 123 84 76 109 132 94 121 75 88 100 97 124 142 106 148 149 157 158
74 122 85 94 103 124 92 128 100 73 137 123 141 144 152 153 161
75 91 86 81 142 137 123 132 85 94 73 134 124 133 92 144 152 153 161
97 115 133 100 76 128 137 104 85 88 73 139 134 146 147 155 156
115 100 81 92 76 139 96 85 128 137 123 88 94 86 148 149 157 158
122 104 139 88 91 128 121 123 94 81 73 84 106 109 149 150 158 159
94 100 104 141 103 86 73 84 124 142 96 145 146 154 155
100 86 106 128 109 81 73 84 76 117 103 121 99 91 146 147 155 156
123 85 88 92 117 134 124 133 128 99 149 150 158 159
133 139 134 73 103 84 117 106 109 137 141 88 99 124 150 151 159 160
85 137 104 134 124 92 86 144 145 153 154
137 91 73 84 76 104 134 142 99 132 151 152 160 161
88 99 117 86 92 96 91 81 76 145 146 154 155
84 124 96 142 132 141 99 117 144 145 153 154
142 73 141 103 106 76 104 151 152 160 161
81 121 139 92 96 76 144 145 153 154
121 104 132 99 91 86 73 128 149 150 158 159
134 73 92 103 106 109 104 96 91 132 86 150 151 159 160
141 124 86 103 92 139 151 152 160 161
139 103 92 76 117 109 104 124 86 151 152 160 161
104 86 96 91 103 106 99 147 148 156 157
117 124 73 92 132 106 148 149 157 158
124 73 103 132 106 96 149 150 158 159
86 91 73 128 144 145 153 154
91 73 103 106 96 109 145 146 154 155
103 128 146 147 155 156
99 96 106 76 146 147 155 156
109 73 128 106 96 147 148 156 157
92 128 73 145 146 154 155
76 96 73 144 152 153 161
73 96 144 152 153 161
106 128 96 132 147 148 156 157
132 150 151 159 160
128 150 151 159 160
96 146 147 155 156
144
145
146
147
148
149
150
151
152
153
154
155
156
157
158
159
160
161
