#/usr/local/lib/python3.10/dist-packages/colab_kernel_launcher.py -f /root/.local/share/jupyter/runtime/kernel-dea7114a-48f2-47cd-9840-9590734c419b.json
# GMT Thu May 23 23:00:31 2024
# 
15 21 30 14 3 16 25 6 9 1 12 34 4 20 29 24 33 19 7 28 23 32 18 10 2 5 13 27 8 22 31 0 11 17 26 70 71 73 74 76 77 79 80 83 84
21 18 7 32 27 22 31 10 26 2 30 5 13 16 8 19 11 0 25 34 14 3 29 24 33 6 28 23 17 9 1 20 12 4 70 71 74 75 77 78 80 81 83 84
7 17 26 12 30 16 11 2 5 25 34 20 29 24 33 10 19 28 0 14 23 9 3 6 1 32 18 27 13 22 31 4 8 70 72 73 76 77 79 80 82 83 85
17 10 25 34 2 20 29 24 33 19 5 28 13 23 16 8 0 11 3 14 32 18 27 6 22 31 26 9 30 1 12 4 70 71 73 74 76 77 80 81 83 84
26 30 18 10 2 5 13 24 16 34 29 19 8 33 11 0 28 22 32 14 3 25 6 9 1 20 12 23 27 4 31 71 72 74 75 77 78 80 81 84 85
30 18 9 10 29 2 4 5 13 24 16 31 27 19 8 11 22 3 14 6 28 34 0 1 20 33 23 12 32 25 71 72 74 75 78 79 81 82 84 85
18 8 3 14 16 6 0 11 1 25 34 20 29 24 33 19 28 23 9 10 2 12 4 5 13 32 27 22 31 70 71 73 74 77 78 80 81 83 84
29 32 25 31 6 28 9 1 20 12 23 4 34 10 2 33 5 13 24 16 27 8 19 11 0 22 3 14 71 72 74 75 78 79 81 82 84 85
32 2 22 14 13 24 16 6 19 8 11 0 1 20 31 3 25 28 34 9 10 33 23 12 4 5 27 71 72 75 76 78 79 81 82 84 85
8 9 2 5 27 13 22 31 12 0 16 11 3 6 1 25 34 20 24 33 4 10 19 28 14 23 70 72 73 76 77 79 80 82 83 85
9 0 3 25 34 11 20 24 33 6 10 19 28 14 1 4 23 27 13 22 31 2 12 5 16 70 73 74 76 77 79 80 82 83 85
0 5 14 23 27 4 13 22 31 3 12 16 2 25 34 11 20 6 24 33 1 10 19 28 70 72 73 75 76 78 79 81 82 84 85
5 3 27 22 31 12 16 25 1 11 6 4 34 20 2 24 33 10 19 28 14 23 13 70 72 73 75 76 79 80 82 83 85
11 14 23 10 2 4 27 13 22 31 12 16 3 6 25 34 20 1 24 33 19 28 70 71 73 74 76 77 79 80 82 83 85
14 24 33 19 28 3 23 6 1 12 4 27 22 31 16 25 10 2 13 34 20 70 71 73 74 76 77 79 80 83 84
23 22 3 6 25 34 24 33 1 20 28 12 10 2 27 4 31 13 16 19 71 72 74 75 77 78 80 81 83 84
10 27 22 31 3 12 6 16 25 1 4 34 20 24 33 19 28 2 13 70 73 74 76 77 79 80 82 83 85
27 2 22 24 13 16 31 19 3 25 6 1 20 34 12 4 33 28 71 72 74 75 77 78 81 82 84 85
2 13 22 31 3 12 16 25 34 20 6 24 33 19 28 4 1 70 72 73 75 76 78 79 81 82 85
25 34 33 28 12 4 24 19 31 22 3 13 16 6 1 20 71 72 74 75 77 78 80 81 84 85
34 6 28 1 20 31 12 4 13 24 16 19 22 3 33 72 73 75 76 78 79 81 82 84 85
3 6 24 33 19 28 4 13 22 31 12 16 1 20 70 72 73 75 76 78 79 82 83 85
6 24 33 19 28 13 4 22 31 12 16 20 1 70 72 73 75 76 79 80 82 83 85
22 28 13 16 19 31 1 20 12 4 24 33 71 72 74 75 77 78 80 81 83 84
28 33 1 20 12 4 31 24 13 16 19 71 72 74 75 77 78 81 82 84 85
24 31 1 20 12 4 13 33 16 19 71 72 74 75 77 78 80 81 83 84
33 1 31 20 12 4 13 16 19 72 73 75 76 78 79 81 82 84 85
16 31 13 20 19 1 12 4 70 71 73 74 76 77 80 81 83 84
12 20 19 13 31 1 4 70 71 73 74 76 77 79 80 82 83
31 13 19 1 20 4 71 72 75 76 78 79 81 82 84 85
19 1 4 13 20 70 71 73 74 77 78 80 81 83 84
13 1 20 4 70 71 73 74 76 77 79 80 82 83
20 4 1 70 71 74 75 77 78 80 81 83 84
4 1 70 72 73 75 76 78 79 82 83 85
1 70 72 73 75 76 78 79 81 82 85
50 56 65 38 49 51 60 41 44 36 47 69 39 55 64 59 68 54 42 63 58 67 53 45 37 40 48 62 43 57 66 46 35 52 61 70 71 73 74 76 77 79 80 83 84
56 53 42 67 62 57 66 45 61 37 65 40 48 51 43 54 35 46 60 69 38 49 64 59 68 41 63 58 52 44 36 55 47 39 70 71 74 75 77 78 80 81 83 84
42 52 61 47 65 51 46 37 40 60 69 55 64 59 68 45 54 63 35 49 58 44 38 41 36 67 53 62 48 57 66 39 43 70 72 73 76 77 79 80 82 83 85
52 45 60 69 37 55 64 59 68 40 54 63 48 58 51 43 35 46 38 49 67 53 62 41 57 66 61 44 65 36 47 39 70 71 73 74 76 77 80 81 83 84
61 65 53 45 37 40 48 59 51 69 64 54 43 68 35 46 63 57 67 38 49 60 41 44 36 55 47 58 62 39 66 71 72 74 75 77 78 80 81 84 85
65 53 44 45 64 37 39 40 48 59 51 66 62 54 43 46 57 49 38 41 63 69 35 36 55 68 47 58 67 60 71 72 74 75 78 79 81 82 84 85
53 43 49 38 51 41 46 35 36 60 69 55 64 59 68 54 63 58 44 45 37 47 39 40 48 67 62 57 66 70 71 73 74 77 78 80 81 83 84
64 67 60 66 41 63 44 36 55 47 58 39 69 45 37 68 40 48 59 51 62 54 43 35 46 57 49 38 71 72 74 75 78 79 81 82 84 85
67 37 57 49 59 48 51 41 54 43 35 46 36 66 55 38 60 63 69 44 45 68 58 47 39 40 62 71 72 75 76 78 79 81 82 84 85
43 44 37 40 62 48 57 66 47 35 51 46 38 41 36 60 69 55 59 68 39 45 54 63 49 58 70 72 73 76 77 79 80 82 83 85
44 35 38 60 69 46 55 59 68 41 45 54 63 49 36 39 58 62 48 57 66 37 47 40 51 70 73 74 76 77 79 80 82 83 85
35 40 49 58 62 39 48 57 66 38 47 51 37 60 69 46 55 41 59 68 36 45 54 63 70 72 73 75 76 78 79 81 82 84 85
40 38 62 57 66 47 51 60 36 46 41 39 69 55 37 59 68 45 54 63 49 58 48 70 72 73 75 76 79 80 82 83 85
49 46 59 68 54 63 38 58 41 36 47 39 62 57 66 51 60 45 37 48 69 55 70 71 73 74 76 77 79 80 83 84
46 58 45 37 39 62 48 57 66 47 51 38 41 60 69 55 36 59 68 54 63 70 71 73 74 76 77 79 80 82 83 85
58 57 38 41 60 69 59 68 36 55 63 47 45 37 62 39 66 48 51 54 71 72 74 75 77 78 80 81 83 84
45 62 57 66 38 47 41 51 60 36 39 69 55 59 68 54 63 37 48 70 73 74 76 77 79 80 82 83 85
62 37 57 48 59 51 66 54 38 60 41 36 55 69 47 39 68 63 71 72 74 75 77 78 81 82 84 85
37 48 57 66 38 47 51 60 69 55 41 59 68 54 63 39 36 70 72 73 75 76 78 79 81 82 85
60 69 68 63 47 39 59 54 66 57 38 48 51 41 36 55 71 72 74 75 77 78 80 81 84 85
69 41 63 36 66 55 47 39 59 48 51 54 57 38 68 72 73 75 76 78 79 81 82 84 85
38 41 59 68 54 63 39 48 57 66 47 51 36 55 70 72 73 75 76 78 79 82 83 85
41 59 68 54 63 48 39 57 66 47 51 55 36 70 72 73 75 76 79 80 82 83 85
57 63 48 51 54 66 36 55 47 39 59 68 71 72 74 75 77 78 80 81 83 84
63 68 36 55 47 39 66 48 59 51 54 71 72 74 75 77 78 81 82 84 85
59 66 36 55 47 39 48 68 51 54 71 72 74 75 77 78 80 81 83 84
68 36 55 66 47 39 48 51 54 72 73 75 76 78 79 81 82 84 85
51 66 48 55 54 36 47 39 70 71 73 74 76 77 80 81 83 84
47 55 54 48 66 36 39 70 71 73 74 76 77 79 80 82 83
66 48 54 36 55 39 71 72 75 76 78 79 81 82 84 85
54 36 39 48 55 70 71 73 74 77 78 80 81 83 84
48 36 55 39 70 71 73 74 76 77 79 80 82 83
55 39 36 70 71 74 75 77 78 80 81 83 84
39 36 70 72 73 75 76 78 79 82 83 85
36 70 72 73 75 76 78 79 81 82 85
70
71
72
73
74
75
76
77
78
79
80
81
82
83
84
85
