#/usr/local/lib/python3.10/dist-packages/colab_kernel_launcher.py -f /root/.local/share/jupyter/runtime/kernel-dea7114a-48f2-47cd-9840-9590734c419b.json
# GMT Thu May 23 18:36:16 2024
# 
24 97 64 54 31 1 15 53 89 66 33 65 32 25 77 7 67 80 57 70 8 69 82 59 49 26 91 18 58 71 2 48 38 51 28 16 19 0 93 3 83 60 73 27 63 72 85 62 39 52 29 11 84 196 197 203 204
97 54 27 57 8 87 41 71 5 16 68 19 52 85 36 66 17 39 69 20 50 83 34 67 30 11 44 25 47 28 1 31 12 42 94 45 75 48 78 59 62 13 92 65 95 23 56 37 10 40 21 43 201 202 208 209
16 93 70 83 60 40 82 95 11 85 62 39 29 42 19 9 1 15 74 51 41 18 86 63 53 66 20 23 4 88 65 7 55 68 22 77 44 34 89 79 56 92 69 46 2 91 0 81 94 71 48 196 197 203 204
93 19 22 3 82 33 6 85 36 66 17 20 51 81 53 83 34 65 67 84 30 11 14 47 9 31 64 45 75 92 79 91 26 56 7 37 89 40 70 21 73 54 55 8 41 72 96 88 18 95 5 201 202 208 209
17 58 71 25 61 2 70 83 60 3 50 85 29 42 84 11 74 51 64 41 18 31 21 9 1 96 12 86 63 53 43 56 55 68 45 22 35 4 77 7 44 80 57 10 8 92 82 59 36 49 26 196 197 203 204
58 95 48 62 51 75 32 34 74 77 14 44 25 26 28 9 10 66 27 29 41 88 13 91 68 90 23 5 70 35 7 69 36 82 59 8 53 94 61 30 83 60 96 47 73 49 0 1 31 3 15 199 200 206 207
55 84 13 46 83 63 23 4 26 95 7 62 40 75 21 43 65 41 64 77 67 18 89 79 56 35 19 49 88 3 33 68 53 90 80 60 30 14 44 69 82 47 28 9 1 31 42 15 45 71 198 199 205 206
84 36 38 69 72 53 67 94 18 2 49 0 1 96 61 33 63 48 20 50 81 95 32 62 85 46 87 14 44 25 56 28 42 43 15 89 76 57 59 60 41 71 13 74 88 91 90 7 70 201 202 208 209
47 80 44 57 25 70 28 9 31 12 42 15 79 69 82 59 29 32 81 94 4 83 37 60 73 40 63 27 62 75 65 74 87 77 2 54 5 35 86 22 76 53 89 33 66 20 88 91 30 198 199 205 206
80 90 31 61 64 45 75 78 59 51 92 13 82 46 79 81 23 4 56 40 21 96 54 76 86 57 8 38 60 41 71 74 77 85 18 2 87 19 49 0 22 52 6 39 69 72 88 11 14 200 201 207 208
8 9 74 64 41 54 31 21 11 86 89 20 33 10 88 65 78 5 68 35 77 67 57 34 92 59 13 49 91 81 94 71 48 1 61 38 15 28 18 70 83 63 40 95 72 62 75 196 202 203 209
9 67 57 34 11 14 89 79 92 23 59 36 13 26 5 81 0 3 25 38 70 37 50 27 40 72 52 74 64 41 18 54 96 86 76 30 66 43 20 33 10 75 4 65 32 45 196 202 203 209
6 48 61 51 28 18 96 50 40 2 72 0 85 1 75 3 52 65 32 87 64 77 31 21 56 33 10 46 13 88 78 91 68 45 12 25 90 67 34 37 14 5 92 69 36 49 26 39 81 94 71 196 202 203 209
48 36 34 57 30 11 69 14 82 59 49 31 12 15 81 71 29 51 32 13 60 96 50 53 4 95 26 7 85 62 10 52 65 43 38 74 87 41 54 86 66 79 35 88 3 33 198 199 205 206
95 88 91 5 35 68 49 0 22 52 3 82 33 63 39 69 20 50 53 34 86 67 30 14 25 28 1 31 96 75 78 51 62 46 4 26 40 43 73 27 57 87 60 90 41 201 202 208 209
50 91 5 71 61 0 22 3 33 83 96 73 20 63 72 85 30 11 14 31 12 54 42 15 45 29 86 32 13 53 89 46 56 65 68 4 26 7 37 10 21 90 57 70 69 82 198 199 205 206
91 62 65 79 11 25 28 89 61 12 42 45 75 76 29 74 46 23 4 56 37 10 70 21 52 82 85 38 69 41 72 83 86 67 2 35 19 0 1 33 64 36 78 201 202 208 209
29 68 45 35 67 34 2 19 79 69 22 46 82 59 36 20 81 94 61 38 11 83 60 96 73 25 28 1 12 72 15 62 42 87 64 23 4 26 76 7 53 89 66 88 78 197 198 204 205
68 59 62 13 83 73 23 75 25 37 10 21 54 87 27 57 77 60 86 79 88 5 35 78 0 22 3 33 66 90 70 67 92 44 28 81 94 31 71 12 42 15 45 199 200 206 207
73 74 87 5 35 19 22 52 3 63 36 76 66 89 39 20 34 78 30 11 90 28 31 12 42 45 59 82 46 81 94 26 7 37 40 21 96 43 54 27 38 60 41 18 2 200 201 207 208
74 27 57 41 71 87 2 76 89 35 19 0 22 52 3 88 36 78 39 69 20 67 90 14 44 25 82 12 42 64 59 62 65 83 96 56 7 37 10 70 21 43 200 201 207 208
33 38 70 83 26 7 63 40 10 27 85 42 18 54 44 2 96 5 76 53 56 3 20 78 67 11 57 14 1 79 12 92 46 82 15 36 49 13 71 61 197 198 204 205
38 36 64 96 66 43 30 11 25 65 1 31 45 32 13 67 44 57 89 69 82 23 4 26 7 10 21 94 61 70 83 63 18 2 5 35 85 62 39 75 52 19 42 197 198 204 205
44 12 43 79 92 27 46 82 81 94 71 61 51 4 35 83 60 96 21 63 22 20 52 34 87 30 2 54 0 31 76 89 66 15 32 13 65 78 77 67 26 70 198 199 205 206
10 54 86 53 89 66 43 56 23 88 65 78 35 57 34 37 14 2 5 79 69 82 36 49 3 26 39 81 94 51 28 96 27 63 40 72 62 75 64 41 196 202 203 209
54 40 21 64 96 41 86 89 66 56 2 19 49 0 52 90 36 57 39 79 92 59 14 81 71 28 1 12 42 45 83 51 32 13 72 85 62 75 4 198 199 205 206
3 15 28 83 27 63 30 72 1 85 39 52 87 64 41 76 89 66 88 22 12 90 34 37 14 2 4 79 92 69 82 59 36 0 49 26 94 61 196 202 203 209
15 90 67 34 79 69 59 36 11 14 94 1 71 51 28 18 83 13 60 30 85 4 19 7 32 87 41 31 21 86 76 89 20 56 2 78 45 22 0 196 197 203 204
13 65 32 45 22 77 90 67 57 37 69 82 36 49 26 81 4 18 5 7 70 27 63 30 62 39 42 19 51 64 21 96 0 1 86 76 23 196 202 203 209
65 78 90 23 4 70 37 40 22 92 69 53 81 18 5 96 19 49 0 20 51 32 34 30 11 77 14 67 56 28 61 89 66 27 57 59 199 200 206 207
4 96 86 76 53 88 32 45 22 35 12 87 77 57 34 11 89 79 56 59 36 26 25 61 5 83 27 40 7 82 39 52 51 18 21 196 202 203 209
96 35 36 20 83 18 2 14 49 0 1 31 61 94 75 51 81 32 62 79 11 56 28 89 70 12 87 90 41 71 88 23 201 202 208 209
43 87 64 23 7 37 86 76 40 89 21 66 46 27 88 45 57 5 92 69 82 59 72 39 20 81 71 61 51 30 11 14 83 25 63 1 31 53 62 32 52 198 199 205 206
87 60 71 77 89 2 5 35 0 22 52 82 63 36 69 20 72 34 67 92 30 11 25 28 12 42 75 78 51 62 79 56 7 37 40 21 201 202 208 209
70 1 31 61 86 76 62 46 25 90 28 40 42 27 57 79 92 41 82 81 23 5 35 37 21 52 69 53 34 72 85 67 75 30 200 201 207 208
36 61 51 60 25 40 28 12 72 62 32 77 76 53 21 56 27 67 57 35 19 0 92 69 46 82 49 39 20 81 94 197 198 204 205
1 90 67 34 37 79 92 49 26 94 18 60 27 63 40 85 75 42 32 64 21 11 0 76 66 46 23 88 45 22 12 25 196 202 203 209
90 42 64 78 51 81 32 62 79 26 56 37 89 21 76 27 57 60 88 18 2 35 19 49 0 22 52 82 39 53 83 34 86 14 25 201 202 208 209
57 45 51 89 66 88 78 23 26 56 37 21 41 79 92 72 18 5 81 94 71 61 49 52 20 63 62 14 25 199 200 206 207
88 26 56 37 40 21 76 27 89 60 41 2 35 63 85 66 39 72 86 94 11 14 25 28 31 12 42 45 75 59 81 201 202 208 209
59 30 77 14 28 12 42 45 79 92 82 51 32 81 94 71 23 83 27 41 75 18 35 0 22 52 76 89 39 20 53 78 199 200 206 207
71 69 53 67 30 11 89 25 28 31 61 12 64 45 51 62 46 26 7 92 37 81 60 94 41 18 2 35 49 72 85 200 201 207 208
77 85 12 42 76 27 60 23 89 35 79 7 37 21 22 52 78 66 81 20 72 53 67 18 2 14 19 63 64 45 75 94 32 86 25 28 200 201 207 208
85 18 2 5 35 19 49 22 52 82 63 66 69 20 72 34 11 25 89 28 31 12 64 45 81 32 46 26 7 76 27 60 201 202 208 209
67 61 45 81 94 60 32 62 83 26 37 72 75 41 18 76 2 89 19 49 52 63 78 66 34 11 92 82 199 200 206 207
45 79 69 46 37 94 61 41 18 2 5 62 52 22 39 20 64 34 86 76 11 56 25 31 12 78 42 198 199 205 206
21 41 31 86 76 53 66 23 32 22 35 19 0 34 79 56 92 26 81 14 27 40 72 39 52 42 196 197 203 204
41 64 76 18 2 5 19 22 79 92 11 69 46 25 94 61 51 32 60 23 62 7 75 37 52 197 198 204 205
40 5 35 86 76 0 53 22 56 39 20 28 31 12 92 69 46 82 49 32 61 51 23 83 26 60 7 62 42 64 197 198 204 205
61 34 30 14 25 28 94 31 42 51 83 32 46 72 62 23 56 7 37 64 27 86 89 18 19 49 0 52 199 200 206 207
2 27 30 7 72 62 39 51 31 11 76 56 78 35 12 34 14 69 46 82 49 26 94 5 83 196 202 203 209
27 19 0 86 76 20 46 78 14 25 34 37 79 92 82 23 51 7 22 60 62 75 52 18 32 196 197 203 204
62 78 5 35 19 0 22 92 39 82 81 11 14 63 12 42 51 32 76 60 199 200 206 207
78 23 56 79 92 82 76 60 81 18 5 35 19 49 52 63 39 20 72 53 34 30 14 25 89 28 42 64 200 201 207 208
25 89 79 56 92 26 81 12 83 60 37 39 7 51 19 31 86 63 76 53 30 66 196 197 203 204
39 94 18 86 63 19 31 75 20 32 34 64 30 11 28 89 66 79 12 46 23 60 5 7 37 69 49 197 198 204 205
94 72 53 83 34 86 30 14 28 0 31 75 51 81 32 92 79 23 26 56 37 35 63 66 201 202 208 209
12 14 69 49 7 83 75 5 42 19 18 31 86 63 76 53 66 20 23 11 22 35 196 202 203 209
23 86 76 53 7 32 35 92 46 5 19 0 22 20 28 60 30 11 14 75 52 51 64 31 196 197 203 204
86 69 5 19 49 22 52 82 63 64 66 20 81 53 83 89 14 76 60 46 79 92 201 202 208 209
64 69 5 19 52 20 83 53 34 11 75 28 42 51 76 46 89 66 79 26 56 7 37 199 200 206 207
28 20 92 69 46 49 14 83 60 63 30 72 42 26 51 53 66 32 19 197 198 204 205
35 60 72 26 7 53 66 56 18 5 22 37 20 46 30 11 14 51 31 197 198 204 205
60 0 76 34 79 42 32 46 72 81 26 56 7 37 83 63 18 75 199 200 206 207
83 19 0 22 82 72 53 30 14 81 46 26 56 7 37 76 92 200 201 207 208
5 63 30 7 72 75 52 42 32 11 20 56 22 34 92 69 82 49 18 196 202 203 209
42 18 89 92 69 46 49 19 0 81 20 30 11 72 75 66 56 26 37 198 199 205 206
19 63 30 72 75 0 31 53 89 66 56 11 14 34 37 49 81 51 196 197 203 204
11 89 7 79 92 69 46 49 81 52 31 63 66 20 22 196 202 203 209
89 26 76 18 49 22 20 72 53 0 32 79 201 202 208 209
7 20 56 34 79 69 46 82 49 26 81 30 75 52 51 18 196 202 203 209
69 30 14 31 32 75 46 37 49 22 66 92 82 199 200 206 207
31 34 49 18 51 22 63 72 52 30 14 76 53 66 56 197 198 204 205
51 20 34 18 30 92 82 72 0 32 46 52 66 22 198 199 205 206
30 79 92 46 82 49 22 20 72 0 52 32 66 26 37 197 198 204 205
79 14 75 46 26 56 81 72 18 49 0 52 66 200 201 207 208
32 37 22 49 20 18 14 63 52 76 53 56 46 197 198 204 205
76 26 37 22 52 63 66 34 81 75 46 200 201 207 208
34 81 63 26 52 53 18 56 0 37 46 82 14 49 197 198 204 205
63 37 72 53 14 0 66 46 56 92 82 81 18 199 200 206 207
75 18 82 22 52 66 20 81 72 14 0 46 26 56 37 200 201 207 208
92 14 46 26 37 18 0 22 82 66 72 201 202 208 209
53 81 26 37 22 49 20 66 56 14 46 72 198 199 205 206
81 46 26 72 52 66 200 201 207 208
72 49 0 26 56 37 52 82 200 201 207 208
22 52 56 0 37 49 26 196 197 203 204
0 82 49 52 18 20 56 46 196 202 203 209
46 49 18 20 66 198 199 205 206
26 14 82 20 196 197 203 204
18 52 37 82 196 197 203 204
82 49 20 200 201 207 208
37 66 56 20 197 198 204 205
14 49 52 66 20 196 197 203 204
20 66 196 197 203 204
49 56 198 199 205 206
52 66 56 198 199 205 206
56 199 200 206 207
66 199 200 206 207
122 195 112 172 185 152 129 107 142 110 187 141 111 163 176 153 130 133 121 102 188 178 155 132 145 135 177 144 180 124 189 116 169 100 146 159 136 126 191 120 181 194 171 104 148 161 138 193 137 173 127 109 182 196 197 203 204
195 152 174 125 136 188 139 169 175 156 186 116 100 103 166 117 147 98 120 150 131 161 104 183 164 167 151 181 182 128 142 123 145 99 178 129 140 192 173 176 127 149 130 160 111 193 177 121 124 105 119 141 201 202 208 209
114 191 168 181 135 171 148 125 138 128 180 109 170 183 112 173 140 107 110 162 139 116 194 184 174 151 141 131 102 186 163 176 166 143 120 188 142 178 155 187 177 154 190 100 134 103 189 192 101 169 146 159 126 196 197 203 204
191 166 147 120 150 101 161 183 134 137 132 182 128 112 126 99 129 159 110 140 162 143 173 127 157 158 144 175 121 124 135 108 187 138 119 141 152 153 125 106 185 188 139 170 172 194 184 186 116 193 100 201 202 208 209
115 156 192 159 100 126 98 181 101 171 125 104 193 170 183 137 173 117 182 185 112 162 139 116 152 129 119 107 99 194 110 113 151 164 141 118 154 121 163 176 102 165 142 178 108 132 106 177 190 180 157 189 179 196 197 203 204
156 160 148 173 132 172 185 109 142 123 124 108 174 138 141 125 155 127 139 176 165 178 121 103 168 135 119 150 153 104 134 180 157 106 118 151 179 192 182 159 128 158 194 145 171 117 147 161 129 131 113 199 200 206 207
134 169 146 182 159 136 109 158 194 171 123 148 138 129 113 183 160 173 150 163 130 111 172 185 175 102 124 108 141 119 116 188 165 178 100 145 103 133 135 177 190 101 131 144 157 104 118 189 179 192 197 198 204 205
169 164 167 118 148 151 185 165 128 174 123 107 99 110 162 176 127 157 149 160 111 163 124 177 105 190 108 168 152 125 155 189 106 136 179 192 139 182 181 103 133 166 193 98 183 150 101 161 104 200 201 207 208
126 165 178 132 135 177 190 180 157 147 189 179 109 112 159 123 136 107 110 181 158 148 128 193 170 160 150 140 121 172 162 139 108 152 129 194 106 187 141 154 131 116 176 130 166 103 175 117 98 197 198 204 205
165 140 162 113 146 158 182 111 181 194 124 135 193 170 138 119 141 153 155 136 139 172 175 116 184 174 100 103 117 147 98 120 150 101 186 131 104 118 148 188 168 128 109 112 190 123 167 145 199 200 206 207
145 178 168 107 113 177 143 190 157 127 130 144 179 192 146 159 149 124 105 135 158 194 171 148 138 119 141 125 136 173 172 116 185 133 117 98 120 174 101 131 164 154 118 186 132 189 166 109 198 199 205 206
178 99 140 113 143 173 127 130 190 163 144 177 179 102 154 105 108 141 171 194 152 125 106 158 172 193 175 183 116 100 166 117 147 98 120 150 161 153 104 167 187 148 170 132 142 200 201 207 208
106 107 182 149 185 162 152 194 184 174 118 154 131 108 186 163 176 103 166 120 133 110 175 104 188 112 177 167 124 189 179 192 99 113 181 171 148 125 161 128 170 160 137 150 127 117 105 196 202 203 209
107 188 155 132 109 112 154 190 167 144 121 111 100 124 179 98 136 104 135 148 193 147 183 160 137 150 117 172 149 162 116 152 119 184 161 151 128 141 173 102 176 153 130 120 185 175 196 202 203 209
98 103 181 158 148 102 105 180 170 160 137 172 149 185 162 152 129 119 184 161 174 151 164 118 131 121 173 186 176 153 166 120 175 155 132 109 99 177 167 111 124 101 123 159 136 196 202 203 209
103 171 101 148 138 128 105 173 150 117 172 185 162 152 129 142 99 187 164 154 108 121 111 163 176 153 133 123 102 188 132 135 112 177 190 167 180 157 147 124 137 192 146 113 196 202 203 209
109 112 187 177 108 190 167 124 192 123 136 113 181 158 135 171 148 102 138 128 180 193 183 160 127 140 172 162 139 116 152 119 194 151 118 99 131 121 186 176 153 130 110 175 196 202 203 209
112 135 177 99 180 147 189 111 192 136 113 116 181 194 171 148 125 138 193 170 183 137 127 172 139 175 152 129 142 100 184 151 141 154 101 104 186 163 143 120 188 132 168 196 197 203 204
104 146 159 113 181 158 194 161 100 118 193 170 160 150 127 140 130 172 139 152 129 119 184 151 187 141 154 131 108 144 121 176 153 189 143 155 132 102 167 180 157 147 196 202 203 209
146 137 118 132 190 142 170 147 113 179 143 182 159 149 130 111 144 181 158 148 161 121 102 124 105 183 135 173 108 141 125 136 172 139 175 184 187 164 177 117 186 120 101 153 131 166 198 199 205 206
192 137 118 170 151 184 182 99 159 110 140 162 127 149 130 160 111 193 154 105 108 138 168 171 174 125 155 136 158 188 116 100 102 133 117 147 120 150 101 161 153 164 201 202 208 209
188 99 110 140 113 143 173 176 127 157 149 179 130 160 163 144 177 102 154 135 108 138 119 171 152 174 158 139 175 116 190 166 101 131 164 167 118 170 151 182 142 123 201 202 208 209
148 189 179 159 101 158 137 118 161 170 160 128 142 123 162 129 140 143 127 130 174 111 151 186 163 166 121 102 105 138 119 168 136 139 177 167 116 198 199 205 206
189 149 179 130 160 177 142 123 124 129 110 140 141 173 155 127 157 111 144 186 121 102 154 166 108 168 120 180 183 136 137 190 139 184 116 182 133 194 131 161 162 164 201 202 208 209
171 172 133 166 101 131 161 184 164 187 118 170 151 132 186 123 110 140 162 143 130 160 111 163 144 179 182 121 102 108 119 181 141 152 125 158 139 193 183 173 200 201 207 208
172 173 152 136 139 175 116 184 174 187 177 147 120 101 131 153 176 167 118 128 142 123 99 110 140 162 143 179 182 144 121 102 124 135 193 119 183 200 201 207 208
131 136 168 121 158 124 105 108 170 183 173 149 139 100 151 187 164 120 154 101 118 186 153 166 143 133 175 155 123 99 190 167 113 157 127 179 159 197 198 204 205
136 139 152 151 128 123 186 163 176 129 153 143 113 127 177 144 180 102 105 108 119 179 125 159 168 181 158 138 100 170 183 160 137 117 140 101 197 198 204 205
152 119 185 141 125 139 187 116 100 176 147 150 175 155 168 118 132 177 190 167 142 99 129 110 140 113 130 111 161 170 183 121 124 105 182 198 199 205 206
173 116 100 133 177 166 190 147 120 150 101 137 179 151 181 193 110 183 162 160 144 185 175 174 124 187 154 105 135 138 168 125 186 155 176 200 201 207 208
164 102 124 154 135 108 194 141 125 155 158 193 170 183 100 175 133 117 147 120 150 153 137 132 166 142 123 168 99 129 159 110 162 113 167 157 149 180 130 160 111 199 200 206 207
149 137 118 132 155 168 158 116 100 190 142 157 129 101 113 143 182 127 130 144 194 184 151 193 123 124 160 138 163 140 153 125 185 139 111 187 177 154 102 133 105 198 199 205 206
141 185 142 121 102 124 135 184 138 187 177 144 176 143 100 155 133 167 180 157 137 147 159 128 181 123 99 151 140 193 160 130 150 163 198 199 205 206
185 174 125 139 175 116 100 102 133 150 101 161 153 183 137 167 170 151 181 132 184 182 190 142 123 99 129 159 143 176 127 179 163 193 121 135 138 168 201 202 208 209
168 99 129 159 161 162 184 113 174 127 157 160 163 144 176 123 124 154 108 110 140 125 190 139 180 121 102 133 117 119 181 194 137 170 128 182 142 200 201 207 208
99 155 135 177 167 180 157 147 124 101 179 182 113 116 181 194 125 118 183 150 163 140 117 130 162 175 129 119 187 154 111 153 143 120 196 202 203 209
116 128 101 183 150 127 140 117 142 194 174 187 113 163 111 166 143 120 175 135 177 190 110 157 124 123 159 158 125 138 196 197 203 204
128 190 167 144 180 102 157 147 179 159 181 194 138 170 160 137 150 140 110 130 127 162 139 111 129 142 187 124 108 163 176 153 166 125 133 155 197 198 204 205
182 137 181 100 147 129 159 101 162 176 118 179 130 160 132 163 142 154 108 110 140 143 187 174 139 111 186 102 135 138 119 120 180 201 202 208 209
175 183 140 174 125 157 158 139 133 105 135 119 120 186 153 137 118 151 100 190 147 129 159 101 162 130 194 184 142 123 124 193 200 201 207 208
183 100 184 133 117 147 150 193 137 167 118 170 181 132 129 159 110 140 143 127 179 163 144 177 154 105 135 190 174 155 201 202 208 209
119 139 194 161 174 121 163 143 120 133 117 155 132 101 187 177 167 144 157 147 124 179 123 110 158 138 111 180 193 170 137 140 196 197 203 204
139 137 184 151 154 133 176 120 166 143 132 155 177 180 157 123 113 127 111 181 158 161 102 124 105 135 197 198 204 205
159 137 177 167 180 123 110 113 143 157 194 111 161 144 170 160 121 124 108 138 155 100 186 163 176 133 166 117 150 199 200 206 207
100 125 193 170 137 150 127 117 162 194 184 118 154 108 163 153 130 143 133 142 155 132 135 187 177 180 101 123 158 196 202 203 209
125 162 129 142 101 174 154 186 176 143 133 123 155 132 110 135 177 190 111 180 157 179 121 108 120 158 150 130 196 197 203 204
179 151 142 123 129 113 176 127 157 130 111 163 144 184 121 124 154 105 135 108 138 174 158 133 166 150 153 186 200 201 207 208
137 181 194 138 117 151 129 193 118 150 163 132 142 123 110 144 153 111 143 155 121 102 135 120 170 147 197 198 204 205
121 184 174 151 105 176 153 130 166 143 133 167 124 117 120 101 118 181 161 193 170 150 110 113 129 111 142 196 197 203 204
184 102 124 105 135 108 153 170 194 147 120 150 180 161 162 118 151 132 187 142 129 140 113 143 174 176 157 158 130 111 201 202 208 209
133 158 194 127 161 130 138 160 140 102 124 105 108 162 151 166 101 135 132 177 167 144 180 157 147 123 113 197 198 204 205
158 117 147 162 101 151 132 187 177 186 176 166 142 140 157 111 144 190 180 170 105 153 155 161 193 199 200 206 207
135 161 174 129 113 127 130 186 163 176 142 123 105 190 147 102 181 138 170 160 132 140 197 198 204 205
111 176 153 130 132 110 177 167 144 180 147 113 102 105 161 193 160 127 140 174 151 187 118 196 202 203 209
176 163 190 138 180 120 150 101 161 153 167 170 132 123 187 129 162 113 143 186 157 200 201 207 208
130 143 155 102 177 190 167 120 180 157 170 181 161 117 160 150 163 140 123 124 110 186 197 198 204 205
181 166 147 120 150 101 180 153 167 170 151 193 142 123 129 140 162 113 127 160 102 154 138 174 190 200 201 207 208
194 105 166 120 150 167 118 170 132 142 129 101 162 143 190 193 144 177 124 154 108 138 174 157 186 201 202 208 209
174 154 105 108 138 155 177 166 117 147 120 161 153 151 142 123 129 110 140 162 113 143 157 163 144 200 201 207 208
166 160 144 193 123 154 105 138 187 186 117 120 101 161 153 118 132 190 167 180 170 142 140 162 143 199 200 206 207
140 142 155 190 102 144 157 117 120 101 118 180 160 129 113 151 105 153 198 199 205 206
187 123 124 154 108 138 155 186 102 105 117 120 190 153 167 118 151 132 142 129 113 143 193 157 163 177 201 202 208 209
101 161 170 160 150 127 162 129 151 154 186 153 143 120 155 167 180 196 202 203 209
160 117 147 167 118 132 123 129 161 110 143 127 157 170 163 144 102 124 154 138 186 199 200 206 207
118 161 138 193 127 129 142 117 151 154 186 153 120 155 132 110 177 190 167 180 196 197 203 204
110 142 155 177 167 180 124 102 105 113 138 193 170 127 117 162 161 151 154 186 163 120 196 202 203 209
153 144 161 102 193 108 138 163 162 147 120 167 157 129 113 143 127 198 199 205 206
102 161 108 163 132 177 154 167 144 123 105 193 170 117 162 196 202 203 209
132 113 138 193 170 150 105 151 186 163 117 120 143 177 144 180 197 198 204 205
113 155 177 190 144 180 147 170 127 117 162 129 186 163 143 120 196 197 203 204
144 186 142 129 155 127 177 167 147 105 108 138 161 193 150 162 117 151 198 199 205 206
186 154 105 108 138 155 117 147 150 180 167 151 142 129 162 143 127 157 201 202 208 209
147 161 142 129 150 143 151 154 123 105 108 138 155 190 180 157 117 198 199 205 206
155 143 124 154 108 138 190 167 180 157 117 120 150 161 142 123 199 200 206 207
127 117 190 167 180 157 123 138 170 150 142 124 105 154 163 197 198 204 205
167 162 143 157 193 163 124 138 177 190 170 199 200 206 207
105 161 151 163 120 142 177 190 180 157 124 138 193 150 117 129 196 202 203 209
161 117 120 150 151 142 143 163 123 154 108 190 199 200 206 207
143 177 190 108 193 117 162 154 163 198 199 205 206
163 108 120 150 170 151 117 162 142 123 199 200 206 207
124 151 177 180 108 138 193 150 162 129 196 197 203 204
142 180 117 120 150 129 198 199 205 206
190 123 129 162 154 108 138 193 117 150 201 202 208 209
177 157 108 120 200 201 207 208
151 108 120 162 154 123 180 157 170 198 199 205 206
170 117 193 123 157 154 138 200 201 207 208
120 193 108 154 196 197 203 204
138 154 180 193 162 197 198 204 205
162 180 193 157 154 108 199 200 206 207
117 150 129 123 180 157 196 197 203 204
108 154 123 180 157 193 150 196 202 203 209
150 193 154 123 157 198 199 205 206
129 157 193 123 197 198 204 205
180 193 157 154 200 201 207 208
123 196 197 203 204
154 157 193 199 200 206 207
157 199 200 206 207
193 201 202 208 209
196
197
198
199
200
201
202
203
204
205
206
207
208
209
