#/usr/local/lib/python3.10/dist-packages/colab_kernel_launcher.py -f /root/.local/share/jupyter/runtime/kernel-dea7114a-48f2-47cd-9840-9590734c419b.json
# GMT Thu May 23 21:48:22 2024
# 
7 17 10 0 12 14 5 16 1 11 3 13 2 6 15 4 8 36 37 38 39 41 42 43 44 46 47 48 49 51
17 9 13 1 3 14 16 10 12 2 4 8 0 11 15 5 37 38 40 41 42 43 45 46 47 48 50 51
4 9 2 11 6 15 8 0 10 1 3 12 5 14 16 36 38 39 40 41 43 44 45 46 48 49 51
9 8 10 12 0 14 5 16 1 3 11 13 15 2 6 36 37 38 39 41 42 44 45 46 47 49 50 51
3 13 6 15 8 1 12 5 14 16 11 2 0 36 38 39 40 41 43 44 45 46 48 49 50 51
13 6 12 14 16 2 8 5 0 11 1 10 15 36 37 39 40 42 43 44 45 47 48 49 50
5 10 0 14 16 1 11 6 2 15 8 36 38 39 40 41 43 44 46 47 48 49 51
10 1 15 12 14 2 6 8 16 11 0 36 37 39 40 41 42 44 45 46 47 49 50 51
8 11 1 15 2 6 12 0 16 36 37 38 39 41 42 43 44 46 47 49 50 51
0 14 16 2 6 15 1 12 36 37 38 40 41 42 43 45 46 47 48 50 51
14 11 15 1 16 12 2 6 37 38 39 40 42 43 44 45 47 48 49 50
2 11 6 15 12 16 36 37 38 40 41 43 44 45 46 48 49 50 51
11 6 16 1 15 12 36 37 39 40 41 42 44 45 46 47 49 50
1 15 12 16 6 36 37 38 40 41 42 43 45 46 48 49 50 51
15 12 6 37 38 39 40 42 43 44 45 47 48 50 51
6 12 16 36 38 39 41 42 43 44 46 47 48 49 51
16 12 37 38 39 40 42 43 45 46 47 48 50 51
12 36 37 39 40 41 42 44 45 47 48 49 50
25 35 28 18 30 32 23 34 27 29 21 31 20 24 33 22 26 36 37 38 39 41 42 43 44 46 47 48 49 51
35 27 31 19 21 34 28 30 20 24 22 26 29 18 33 23 37 38 40 41 42 43 45 46 47 48 50 51
21 31 24 33 28 19 30 23 32 34 27 29 20 22 18 36 38 39 40 41 43 44 45 46 48 49 50 51
31 24 30 32 34 22 26 23 29 18 19 27 28 33 36 37 39 40 42 43 44 45 47 48 49 50
23 28 18 30 32 27 19 29 24 20 22 33 26 36 38 39 40 41 43 44 46 47 48 49 51
28 27 19 33 30 32 20 22 26 34 29 18 36 37 39 40 41 42 44 45 46 47 49 50 51
26 27 29 19 33 20 24 22 30 18 32 34 36 37 38 39 41 42 43 44 46 47 49 50 51
27 30 18 32 34 19 29 33 20 24 36 37 38 39 41 42 44 45 46 47 49 50 51
18 32 34 20 29 22 24 33 19 36 37 38 40 41 42 43 45 46 47 48 50 51
29 32 20 24 34 22 19 30 36 37 39 40 41 42 44 45 46 47 49 50
32 33 19 34 30 20 24 22 37 38 39 40 42 43 44 45 47 48 49 50
20 22 24 33 19 30 34 36 37 38 40 41 43 44 45 46 48 49 50 51
19 33 30 34 22 24 36 37 38 40 41 42 43 45 46 48 49 50 51
33 34 30 24 22 37 38 39 40 42 43 44 45 47 48 50 51
24 22 30 34 36 38 39 41 42 43 44 46 47 48 49 51
30 34 22 36 37 39 40 41 42 44 45 47 48 49 50
22 34 36 38 39 40 41 43 44 45 46 48 49 51
34 37 38 39 40 42 43 45 46 47 48 50 51
36
37
38
39
40
41
42
43
44
45
46
47
48
49
50
51
