#/usr/local/lib/python3.10/dist-packages/colab_kernel_launcher.py -f /root/.local/share/jupyter/runtime/kernel-ccf9b1d1-ce2b-4d6c-8d13-48aff858ef78.json
# GMT Mon May 27 11:09:54 2024
# 
15 21 30 39 3 14 6 12 34 43 4 20 29 47 24 19 7 28 37 18 10 2 5 46 41 45 8 31 49 0 17 26 35 100 101 105 106 110 111 115 116
21 37 18 32 45 31 49 10 26 35 2 30 5 8 44 11 0 39 48 25 34 43 3 38 47 24 42 17 1 20 12 4 101 102 106 107 111 112 116 117
26 30 18 39 2 16 48 43 29 8 19 33 42 11 0 32 14 25 6 17 1 20 12 23 27 36 45 4 40 49 44 101 102 106 107 111 112 116 117
30 7 10 29 2 4 13 24 36 16 40 49 35 44 8 19 11 22 3 6 28 34 0 1 47 33 42 23 12 25 102 103 107 108 112 113 117 118
18 35 8 3 16 6 39 48 11 0 43 20 29 38 47 24 33 42 28 37 17 9 5 13 7 27 36 45 31 40 100 101 105 106 110 111 115 116
39 28 9 10 20 47 12 42 4 5 46 41 7 37 27 2 22 24 16 45 36 40 38 11 0 31 3 33 25 102 103 107 108 112 113 117 118
7 35 16 11 5 25 34 43 20 29 47 24 33 10 37 14 23 9 3 6 1 32 41 13 22 31 49 4 8 100 104 105 109 110 114 115 119
35 46 2 41 45 5 13 24 44 16 8 19 11 3 33 25 48 6 38 28 17 42 9 37 1 20 31 23 102 103 107 108 112 113 117 118
29 32 41 45 25 31 40 49 17 28 9 1 20 12 23 48 10 38 47 2 24 13 27 19 11 22 46 3 101 102 106 107 111 112 116 117
32 2 22 41 14 36 13 40 49 6 44 19 11 0 1 31 20 3 48 17 34 43 9 10 38 47 23 37 4 102 103 107 108 112 113 117 118
8 9 5 46 27 45 31 49 44 0 16 11 3 48 25 34 43 20 38 47 24 4 19 28 37 14 100 104 105 109 110 114 115 119
9 49 44 3 25 34 43 11 20 38 47 24 6 14 1 4 46 41 27 36 45 13 31 17 5 16 100 104 105 109 110 114 115 119
41 40 42 2 13 16 27 19 22 3 45 33 49 6 44 36 28 17 31 12 23 34 37 43 47 10 103 104 108 109 113 114 118 119
40 45 10 2 44 5 24 13 16 38 11 0 22 3 14 33 25 42 17 20 31 23 4 34 46 37 103 104 108 109 113 114 118 119
37 22 3 33 6 36 28 17 1 31 20 44 23 48 43 38 47 34 2 5 24 13 45 102 103 107 108 112 113 117 118
11 14 10 2 4 27 36 13 49 17 12 16 3 44 48 25 43 20 38 42 19 100 101 105 106 110 111 115 116
14 24 42 19 28 23 6 46 12 4 27 36 31 49 17 44 16 25 10 2 13 48 34 20 47 100 101 105 106 110 111 115 116
0 23 46 27 36 45 13 22 31 3 2 44 48 34 43 20 38 6 24 33 42 1 10 28 100 104 105 109 110 114 115 119
23 22 3 6 17 47 24 33 42 1 28 12 46 2 36 4 45 5 31 49 13 19 101 102 106 107 111 112 116 117
42 3 33 25 6 36 17 28 48 31 12 10 2 46 24 13 45 27 49 38 22 103 104 108 109 113 114 118 119
10 36 45 22 31 49 3 17 44 12 16 1 4 48 43 20 19 28 5 46 100 101 105 106 110 111 115 116
36 48 38 47 24 16 19 22 33 6 45 17 49 44 1 31 12 4 34 102 103 107 108 112 113 117 118
25 34 43 38 33 12 4 5 46 2 27 45 22 3 13 16 20 49 44 48 101 102 106 107 111 112 116 117
34 28 1 31 4 48 38 47 2 5 13 24 16 27 19 45 3 49 33 102 103 107 108 112 113 117 118
2 22 31 12 20 38 47 6 24 33 28 5 4 1 46 100 104 105 109 110 114 115 119
33 47 6 28 1 31 12 4 46 13 24 16 27 19 48 43 22 102 103 107 108 112 113 117 118
47 44 6 17 28 1 31 20 12 4 5 27 46 38 22 103 104 108 109 113 114 118 119
44 12 4 24 13 27 19 46 45 22 49 6 28 38 20 48 103 104 108 109 113 114 118 119
45 43 5 24 13 27 19 38 31 20 12 46 49 103 104 108 109 113 114 118 119
43 17 49 1 31 12 4 48 5 24 16 46 27 19 38 22 3 103 104 108 109 113 114 118 119
3 24 19 5 46 27 22 12 16 1 20 100 104 105 109 110 114 115 119
22 28 46 27 16 19 49 6 17 1 4 48 38 101 102 106 107 111 112 116 117
28 48 38 6 17 1 12 49 5 24 16 27 19 101 102 106 107 111 112 116 117
24 27 17 49 12 13 16 19 101 102 106 107 111 112 116 117
46 5 6 19 38 1 17 20 31 12 4 48 103 104 108 109 113 114 118 119
48 17 1 20 12 4 5 16 27 19 38 103 104 108 109 113 114 118 119
49 4 13 16 19 38 6 20 12 103 104 108 109 113 114 118 119
31 5 16 19 6 1 12 102 103 107 108 112 113 117 118
38 1 20 12 4 5 13 102 103 107 108 112 113 117 118
19 6 27 4 5 13 16 100 101 105 106 110 111 115 116
16 27 17 5 13 6 1 100 101 105 106 110 111 115 116
17 20 5 13 27 6 1 12 100 101 105 106 110 111 115 116
5 27 1 6 4 13 100 104 105 109 110 114 115 119
6 13 27 20 1 100 104 105 109 110 114 115 119
27 13 1 12 4 101 102 106 107 111 112 116 117
12 20 13 100 101 105 106 110 111 115 116
13 1 20 100 101 105 106 110 111 115 116
1 4 100 104 105 109 110 114 115 119
20 4 101 102 106 107 111 112 116 117
4 100 104 105 109 110 114 115 119
65 71 80 53 66 75 56 59 51 98 84 93 70 79 88 74 92 57 87 73 60 96 91 77 86 95 72 99 61 67 76 85 94 100 101 105 106 110 111 115 116
71 87 96 57 82 77 86 95 99 60 76 85 52 55 66 58 94 61 50 89 98 75 84 64 97 83 92 56 51 70 62 54 101 102 106 107 111 112 116 117
57 67 76 85 52 55 89 93 70 79 88 97 83 92 87 50 64 73 96 51 82 91 68 77 86 95 72 90 99 54 58 100 104 105 109 110 114 115 119
67 98 75 93 52 79 97 74 69 55 73 66 58 50 61 53 96 82 68 77 86 56 72 90 99 76 85 59 51 62 54 100 101 105 106 110 111 115 116
80 76 68 79 52 54 91 74 86 66 81 90 99 77 85 94 58 69 53 64 56 78 98 50 93 88 70 83 92 73 87 82 102 103 107 108 112 113 117 118
76 68 89 60 55 74 63 66 98 84 93 79 88 58 61 78 87 96 72 82 53 64 75 59 70 86 90 85 101 102 106 107 111 112 116 117
68 85 64 89 98 61 51 75 84 70 79 88 83 92 69 78 87 73 60 52 62 96 82 77 86 95 72 81 99 100 101 105 106 110 111 115 116
89 78 59 93 70 62 73 54 82 91 77 79 63 85 74 66 56 95 86 99 69 58 88 50 81 64 53 83 75 102 103 107 108 112 113 117 118
85 60 52 86 95 82 55 63 66 77 58 50 61 72 64 83 75 92 59 51 81 70 73 62 84 102 103 107 108 112 113 117 118
79 82 91 86 81 90 94 78 59 70 62 54 93 88 97 52 83 87 55 74 63 66 50 72 96 53 101 102 106 107 111 112 116 117
82 52 72 91 64 63 66 56 94 58 81 70 75 84 93 59 60 97 73 62 96 54 55 77 102 103 107 108 112 113 117 118
91 92 52 55 74 63 58 88 61 50 72 95 99 56 94 86 59 51 81 62 73 54 84 98 93 97 60 103 104 108 109 113 114 118 119
50 55 64 96 86 95 63 81 90 58 53 66 52 94 98 75 93 61 70 56 74 83 92 51 69 100 104 105 109 110 114 115 119
55 96 77 86 95 72 81 62 51 61 56 54 98 93 88 97 52 83 92 60 69 78 87 64 100 104 105 109 110 114 115 119
87 72 64 66 56 78 51 70 81 73 98 75 88 84 92 59 60 52 63 74 96 99 58 69 95 102 103 107 108 112 113 117 118
61 64 52 96 86 95 72 90 62 58 53 56 94 98 75 84 88 97 51 74 83 92 69 78 100 101 105 106 110 111 115 116
64 74 83 92 78 56 59 96 77 95 81 90 94 66 75 60 84 93 58 88 97 100 101 105 106 110 111 115 116
96 72 63 74 66 58 69 88 99 94 75 78 59 70 73 92 98 84 97 60 103 104 108 109 113 114 118 119
60 77 95 72 81 90 53 94 62 66 51 54 98 97 74 83 92 69 78 73 63 58 100 101 105 106 110 111 115 116
77 72 74 63 66 86 95 81 90 94 53 75 56 59 51 98 70 73 88 54 78 101 102 106 107 111 112 116 117
92 83 75 56 78 98 51 93 81 73 84 59 90 52 54 74 95 99 88 103 104 108 109 113 114 118 119
52 86 63 72 99 58 53 62 66 84 93 88 97 56 74 83 78 73 54 100 104 105 109 110 114 115 119
94 97 59 90 54 63 69 58 95 53 83 56 78 88 51 81 70 73 98 75 84 103 104 108 109 113 114 118 119
97 83 98 75 56 86 59 51 81 70 62 84 90 99 93 74 63 69 58 72 103 104 108 109 113 114 118 119
83 53 56 59 70 81 73 62 86 90 99 66 69 58 84 93 72 102 103 107 108 112 113 117 118
95 93 74 63 69 88 72 53 75 59 81 70 62 73 54 84 99 103 104 108 109 113 114 118 119
53 56 74 69 78 54 86 63 72 81 90 99 58 66 51 98 93 70 88 100 104 105 109 110 114 115 119
56 84 88 74 78 73 59 63 54 86 81 90 62 66 100 104 105 109 110 114 115 119
72 78 63 66 69 90 75 70 62 54 98 84 88 101 102 106 107 111 112 116 117
78 84 93 75 88 59 51 70 73 62 86 90 99 66 58 101 102 106 107 111 112 116 117
74 86 81 90 59 70 62 73 75 84 63 66 69 101 102 106 107 111 112 116 117
66 81 99 63 58 98 84 93 70 69 54 100 101 105 106 110 111 115 116
98 86 59 51 81 70 62 73 54 84 63 69 88 103 104 108 109 113 114 118 119
86 88 69 75 90 59 51 62 73 54 102 103 107 108 112 113 117 118
75 59 62 54 69 81 90 63 58 70 99 101 102 106 107 111 112 116 117
59 99 84 93 69 51 73 63 90 62 100 104 105 109 110 114 115 119
99 90 54 93 58 69 88 51 81 70 62 73 84 103 104 108 109 113 114 118 119
84 81 62 54 93 88 63 90 102 103 107 108 112 113 117 118
81 88 58 69 51 62 54 102 103 107 108 112 113 117 118
90 63 58 88 93 51 70 73 54 103 104 108 109 113 114 118 119
69 51 62 54 93 70 88 58 73 100 101 105 106 110 111 115 116
88 51 63 93 102 103 107 108 112 113 117 118
63 58 51 93 70 73 54 100 101 105 106 110 111 115 116
93 51 70 73 62 58 103 104 108 109 113 114 118 119
62 70 58 51 54 100 101 105 106 110 111 115 116
58 54 73 100 104 105 109 110 114 115 119
51 73 54 70 100 104 105 109 110 114 115 119
70 101 102 106 107 111 112 116 117
54 73 100 104 105 109 110 114 115 119
73 101 102 106 107 111 112 116 117
100
101
102
103
104
105
106
107
108
109
110
111
112
113
114
115
116
117
118
119
