#/usr/local/lib/python3.10/dist-packages/colab_kernel_launcher.py -f /root/.local/share/jupyter/runtime/kernel-dea7114a-48f2-47cd-9840-9590734c419b.json
# GMT Thu May 23 18:15:32 2024
# 
17 58 71 48 61 2 28 16 0 83 73 50 30 72 62 39 75 29 42 19 11 51 41 54 21 9 1 15 53 56 13 55 32 68 22 35 4 90 7 67 80 57 10 24 37 79 46 49 81 182 183 189 190
58 48 85 50 51 75 65 46 87 64 14 44 25 26 28 9 10 12 42 43 57 41 88 13 68 67 5 37 21 36 38 39 20 53 81 71 18 30 2 83 16 60 73 19 63 0 3 33 185 186 192 193
36 71 84 38 83 14 60 50 40 28 9 72 85 62 87 64 77 44 4 26 7 76 53 89 10 21 24 27 88 78 55 68 45 18 67 80 70 47 5 35 37 19 69 33 59 49 34 81 183 184 190 191
71 20 50 34 74 86 76 89 25 9 1 31 61 12 64 45 78 29 59 51 62 23 26 79 37 43 24 27 8 41 18 83 2 5 35 16 19 0 72 22 85 52 3 75 63 6 186 187 193 194
55 84 32 13 46 83 73 86 23 4 85 62 21 65 54 74 64 67 18 89 79 49 3 33 78 68 20 50 51 53 34 90 14 44 69 82 59 47 72 28 31 42 15 45 81 48 29 185 186 192 193
84 66 8 38 72 53 83 18 2 35 19 31 61 64 50 51 32 62 34 65 46 30 87 14 44 28 9 10 12 42 73 45 75 76 57 41 74 88 23 4 5 7 37 40 52 82 24 187 188 194 195
28 67 80 3 34 47 6 37 20 82 59 49 81 11 48 61 38 15 83 63 13 72 85 39 26 51 64 31 24 27 86 8 76 66 43 56 88 18 45 2 35 16 77 19 183 184 190 191
67 61 12 29 59 60 62 83 26 56 7 40 21 75 43 24 27 8 38 39 41 87 77 18 86 2 35 16 19 49 52 88 6 66 51 53 90 80 70 11 79 44 25 82 186 187 193 194
29 32 35 77 90 18 80 57 34 70 37 19 0 22 46 82 59 6 20 51 11 60 73 25 40 30 9 72 62 39 75 52 42 74 87 41 54 44 86 4 7 43 24 88 78 183 184 190 191
32 78 68 13 45 35 90 57 70 23 4 79 82 24 72 49 6 81 48 83 2 60 14 63 40 0 3 15 75 52 42 74 87 41 54 44 86 26 89 66 10 12 46 27 88 183 184 190 191
47 80 44 25 70 9 1 12 42 15 82 72 51 23 26 7 37 60 73 10 50 63 43 27 8 38 62 65 18 77 2 16 19 0 76 3 53 89 33 20 88 34 68 30 11 14 184 185 191 192
80 31 61 42 64 15 45 48 78 59 13 82 65 46 26 7 37 40 70 21 73 24 76 86 8 60 74 85 18 5 35 16 68 0 52 6 66 39 20 30 11 14 44 187 188 194 195
0 5 70 83 37 50 40 82 49 62 39 6 19 74 51 87 41 63 76 30 66 43 23 75 88 65 78 45 2 90 44 57 34 14 69 46 59 13 26 61 38 15 182 188 189 195
5 83 60 50 27 63 40 85 62 75 41 77 31 44 21 1 86 53 89 66 20 56 10 23 88 65 78 45 22 35 12 25 90 57 37 69 59 6 48 38 2 15 51 182 188 189 195
40 41 77 54 2 44 86 89 22 3 43 33 56 39 20 65 34 68 45 11 57 14 70 9 31 79 15 69 59 49 48 61 51 7 73 10 21 27 85 74 18 184 185 191 192
41 21 24 74 64 77 44 53 89 18 66 56 2 35 19 22 3 45 33 90 34 57 70 11 69 46 14 49 9 31 12 48 83 50 23 85 62 7 37 184 185 191 192
83 35 16 68 49 3 33 63 39 50 85 14 44 25 9 61 12 45 87 48 78 59 81 65 46 89 23 4 88 7 37 73 24 57 90 60 18 187 188 194 195
6 48 38 15 18 27 30 7 85 1 62 75 52 65 74 77 11 76 53 89 66 56 10 23 88 68 45 22 35 12 25 90 57 70 79 69 82 59 26 16 81 182 188 189 195
48 20 34 57 69 14 82 25 72 49 1 31 42 15 45 51 46 60 53 4 7 52 65 21 43 24 27 8 38 87 77 86 76 66 56 88 78 33 184 185 191 192
11 14 89 7 49 8 16 61 15 70 60 37 73 4 30 82 3 62 75 74 87 64 18 54 31 21 86 53 43 1 33 65 78 45 22 35 12 77 57 34 182 188 189 195
14 24 79 9 1 82 12 26 16 81 13 51 18 50 4 63 30 62 39 8 42 64 31 21 2 86 53 66 43 3 65 45 22 35 25 34 182 183 189 190
9 90 34 24 56 69 23 2 26 16 81 38 60 37 50 27 72 49 62 39 52 51 18 31 76 30 43 20 33 75 4 65 7 22 35 12 87 77 182 188 189 195
90 1 31 12 64 75 78 51 81 65 46 79 23 4 26 56 37 73 24 54 76 57 8 87 74 88 2 35 68 22 82 33 66 39 69 50 34 86 187 188 194 195
77 12 43 27 59 13 87 4 7 68 21 22 52 24 66 8 38 39 81 53 18 30 16 19 49 1 61 3 33 64 15 51 34 86 44 25 10 186 187 193 194
33 38 23 73 50 63 10 24 72 27 8 62 39 75 52 74 51 18 54 2 53 89 22 3 20 65 68 45 34 37 1 79 46 59 49 13 81 183 184 190 191
38 74 20 64 54 86 66 43 30 56 25 88 1 31 15 13 57 89 79 69 46 82 23 26 49 10 21 27 61 70 50 2 85 16 19 22 183 184 190 191
73 74 87 35 68 19 49 22 52 63 89 39 20 34 88 78 25 61 42 45 79 51 62 65 46 81 23 4 7 70 21 24 27 57 8 60 75 186 187 193 194
74 57 8 72 2 89 35 79 16 68 49 3 63 88 78 69 20 51 34 25 1 31 61 12 42 64 45 59 13 23 56 7 21 43 186 187 193 194
44 10 12 42 24 69 46 82 49 81 18 4 35 37 60 19 63 3 39 85 62 34 87 30 64 54 1 31 89 15 56 13 25 57 184 185 191 192
10 54 86 76 53 89 7 56 23 13 88 78 8 22 35 12 25 70 24 2 79 69 82 59 3 26 81 51 60 50 27 63 85 75 87 64 182 188 189 195
54 87 64 8 86 76 89 66 56 18 88 65 2 78 35 16 22 52 57 39 70 34 79 69 82 59 30 61 1 31 45 46 72 85 62 75 7 37 185 186 192 193
24 87 64 15 76 53 43 56 88 45 35 23 4 37 69 46 49 18 51 16 3 60 27 63 20 85 62 52 42 182 183 189 190
78 62 46 4 26 37 79 82 70 21 76 60 18 68 19 52 85 63 66 39 53 34 87 30 25 1 31 61 12 15 75 88 51 187 188 194 195
16 70 50 27 30 82 62 39 19 15 87 64 18 13 63 53 66 20 68 45 22 8 89 56 69 46 59 2 26 81 3 61 182 183 189 190
70 1 31 61 3 63 86 15 76 65 56 12 42 27 13 82 81 23 7 68 19 49 22 66 8 39 20 50 34 72 2 87 186 187 193 194
35 50 63 85 39 4 26 87 86 76 53 89 66 68 19 22 3 57 37 34 79 59 25 61 51 12 183 184 190 191
1 57 82 59 49 26 39 81 15 60 50 27 63 30 7 72 75 52 65 8 21 86 76 56 46 13 88 68 45 22 12 2 182 188 189 195
59 68 30 25 31 42 15 79 82 46 26 7 37 63 27 85 62 75 18 87 64 2 19 49 86 52 76 20 34 185 186 192 193
68 51 85 25 56 7 37 43 27 57 76 79 18 2 88 22 52 3 66 39 53 34 82 30 72 31 42 64 186 187 193 194
60 22 64 52 20 51 53 76 89 79 30 88 25 31 13 82 23 81 26 56 7 37 61 21 43 27 57 39 62 75 2 185 186 192 193
69 81 25 31 61 12 86 51 62 13 75 46 23 26 56 7 21 43 89 79 88 18 19 22 3 63 66 39 20 50 72 53 186 187 193 194
81 50 30 25 82 61 64 15 45 62 13 23 26 56 7 21 76 57 72 87 2 89 19 49 22 52 63 66 187 188 194 195
21 63 8 53 88 65 18 22 2 34 3 20 79 49 26 25 12 15 50 30 13 82 85 62 39 75 52 42 182 183 189 190
2 27 30 7 72 85 19 31 76 66 43 56 23 45 22 79 49 3 25 15 18 182 188 189 195
27 87 19 86 76 89 66 46 88 45 57 12 15 72 39 51 7 22 30 85 62 52 65 42 18 183 184 190 191
62 19 49 52 79 39 20 34 30 25 61 42 72 65 87 26 43 89 57 8 88 185 186 192 193
87 76 57 8 4 19 3 82 63 66 39 20 50 72 25 31 42 64 15 23 26 56 7 187 188 194 195
25 89 79 46 61 82 72 49 85 39 42 4 7 51 64 22 8 76 53 43 75 65 182 183 189 190
12 34 79 46 13 26 4 15 8 50 85 75 52 42 19 51 31 86 76 66 43 20 56 45 182 188 189 195
31 34 8 79 46 82 39 51 19 3 63 20 72 75 42 30 15 53 66 13 23 4 26 183 184 190 191
51 8 20 50 34 82 3 45 86 85 75 52 65 13 89 23 19 22 184 185 191 192
23 86 76 89 66 43 56 7 65 8 46 4 49 19 3 61 50 63 30 85 42 64 13 182 183 189 190
86 26 56 7 43 85 39 72 18 49 22 82 63 64 53 34 89 30 42 15 13 46 79 187 188 194 195
3 63 30 85 39 75 52 42 19 53 43 56 88 65 45 22 34 4 46 13 61 182 188 189 195
66 37 43 8 72 19 52 63 76 89 39 20 50 34 88 30 64 15 82 13 46 186 187 193 194
85 18 19 49 20 72 61 64 15 45 75 13 65 46 26 7 37 43 76 57 187 188 194 195
50 61 19 49 22 39 20 34 72 15 76 53 46 65 4 26 7 79 82 18 184 185 191 192
8 64 89 43 56 65 45 37 79 46 13 26 61 15 39 75 52 42 4 19 7 182 188 189 195
89 26 56 57 88 18 37 52 82 39 20 53 34 61 63 64 13 65 187 188 194 195
13 45 22 57 37 79 82 49 15 4 7 63 39 75 52 42 53 20 182 183 189 190
64 57 82 72 19 52 63 39 20 75 65 42 76 46 4 26 56 7 185 186 192 193
43 4 26 37 79 46 45 18 57 82 72 39 20 61 30 63 42 75 52 65 184 185 191 192
34 15 63 52 7 42 53 65 19 20 37 79 30 183 184 190 191
7 53 56 88 65 45 57 79 82 15 72 182 188 189 195
15 57 49 39 61 18 30 72 52 4 56 65 45 182 183 189 190
46 88 30 57 79 4 37 39 63 65 76 53 56 184 185 191 192
88 4 26 56 76 18 19 49 22 82 63 39 72 53 61 45 187 188 194 195
61 20 79 82 42 45 72 4 26 56 57 18 19 49 22 52 185 186 192 193
20 4 30 39 75 52 42 53 56 65 45 37 79 182 183 189 190
4 63 76 53 75 42 45 22 79 56 26 82 72 52 19 182 188 189 195
63 37 22 52 72 53 30 76 42 57 79 185 186 192 193
45 57 26 37 18 52 22 53 65 42 184 185 191 192
76 26 57 18 19 49 22 52 53 30 42 75 65 186 187 193 194
57 42 37 79 72 18 53 75 30 65 185 186 192 193
26 53 56 37 79 18 52 19 42 183 184 190 191
75 18 19 49 82 52 39 72 53 30 42 37 186 187 193 194
30 82 49 22 72 39 42 56 37 183 184 190 191
56 37 82 19 52 39 72 42 185 186 192 193
49 72 52 53 37 65 18 79 82 22 184 185 191 192
42 18 22 39 72 37 184 185 191 192
22 65 19 37 79 72 182 183 189 190
53 18 65 52 79 185 186 192 193
37 65 79 82 72 183 184 190 191
18 19 65 182 183 189 190
65 52 79 186 187 193 194
19 72 79 182 183 189 190
82 52 187 188 194 195
72 79 52 186 187 193 194
79 187 188 194 195
52 185 186 192 193
39 184 185 191 192
104 179 123 159 113 126 125 138 128 105 137 173 150 140 107 149 152 106 119 95 109 161 174 151 131 108 99 176 120 133 110 175 165 142 93 155 132 145 122 135 112 92 94 180 134 111 147 124 114 182 183 189 190
179 156 137 95 147 98 161 134 118 148 99 178 129 109 96 159 140 143 94 124 154 146 97 176 127 157 108 130 160 163 144 158 121 102 116 138 100 171 122 152 103 133 155 106 136 139 120 150 187 188 194 195
108 149 139 116 152 93 129 119 107 94 164 118 121 176 153 130 120 133 102 178 105 155 145 177 106 157 134 147 124 146 159 136 98 158 135 171 148 101 125 115 128 170 160 173 150 127 140 182 183 189 190
149 153 142 166 123 156 125 137 165 178 168 102 105 135 116 117 147 100 101 134 148 132 158 96 161 112 113 145 160 97 173 150 99 162 175 109 121 107 151 138 164 110 154 91 122 124 106 185 186 192 193
127 162 139 175 174 105 151 116 154 131 119 100 153 120 156 123 165 178 168 135 95 117 180 101 157 134 147 115 169 159 109 158 171 148 93 161 126 107 110 170 94 173 150 97 130 111 125 183 184 190 191
162 130 160 165 178 158 121 177 102 105 135 116 119 92 133 155 136 139 120 150 142 123 156 137 171 114 95 170 147 173 131 161 112 134 115 148 172 151 132 174 164 93 126 91 143 166 146 186 187 193 194
120 123 159 136 126 171 148 93 128 110 91 160 113 137 173 97 172 152 142 102 174 164 105 154 121 163 106 176 153 130 166 178 145 122 135 114 95 167 98 144 180 124 112 115 183 184 190 191
123 159 126 181 158 148 125 161 114 96 98 160 112 173 150 163 97 130 99 111 172 139 129 142 121 151 105 154 131 92 122 153 143 165 132 168 145 135 144 180 157 119 134 101 183 184 190 191
97 139 152 129 142 119 109 174 164 141 131 93 121 111 91 153 166 94 143 100 155 168 145 122 99 177 144 180 101 137 169 146 113 126 103 171 125 115 105 95 150 140 117 107 182 188 189 195
139 130 161 121 102 173 135 116 163 138 140 119 133 172 175 137 151 141 144 114 95 117 98 128 166 131 112 134 165 132 168 145 109 167 180 157 170 126 107 110 169 94 146 184 185 191 192
102 105 170 99 172 116 129 119 174 93 164 95 96 118 121 173 176 153 166 143 133 175 132 145 112 177 154 167 144 157 91 111 92 124 114 156 169 146 113 126 158 148 125 182 188 189 195
105 115 128 170 92 160 103 140 172 129 164 95 121 163 153 166 143 99 110 155 145 122 135 93 177 167 144 91 124 114 156 169 146 136 113 126 181 158 171 138 182 183 189 190
159 150 142 174 156 137 114 166 117 98 134 165 178 148 151 177 167 170 109 93 95 169 110 91 94 154 146 171 141 161 125 158 160 173 121 163 135 172 92 175 133 155 106 186 187 193 194
112 155 122 101 154 99 167 144 157 134 114 169 146 136 113 168 181 110 135 171 148 138 115 180 111 170 137 150 152 161 103 151 128 164 141 131 163 130 143 165 95 142 182 183 189 190
155 118 158 148 171 161 93 126 107 172 110 140 91 94 124 154 146 174 144 164 125 177 156 100 92 122 152 178 168 150 142 153 167 180 114 169 147 98 128 101 131 185 186 192 193
135 138 131 133 134 170 140 109 96 98 128 110 164 154 94 129 130 111 176 143 125 175 165 178 145 107 91 92 167 157 106 169 181 158 171 116 148 161 184 185 191 192
138 148 116 119 100 92 103 106 160 173 150 163 140 137 172 152 95 117 174 128 164 141 154 134 118 129 132 153 166 143 165 109 93 96 107 110 113 147 111 169 121 158 184 185 191 192
94 106 109 161 163 92 153 130 166 133 100 175 165 178 132 145 122 177 167 144 180 157 111 147 101 156 146 126 103 181 171 125 115 95 137 150 91 140 172 152 182 188 189 195
106 116 171 125 128 173 150 140 172 100 92 103 152 129 109 151 118 154 131 176 153 98 101 175 165 178 145 122 177 144 180 134 111 147 124 114 169 136 113 126 182 183 189 190
113 119 151 144 121 176 153 95 143 98 133 101 165 132 168 177 167 180 157 124 137 114 93 110 91 111 158 171 125 161 115 128 118 160 163 117 172 152 129 142 182 183 189 190
119 148 128 111 170 137 150 140 172 116 129 103 161 151 164 154 131 153 130 166 143 133 114 175 178 132 101 145 177 144 124 156 109 169 146 136 93 107 110 183 184 190 191
115 165 178 100 103 144 180 157 147 124 156 169 116 95 98 181 101 171 125 161 128 137 117 172 152 96 142 174 164 141 118 131 163 176 153 130 166 143 133 175 182 183 189 190
165 129 151 132 163 168 109 167 180 107 110 91 143 124 169 130 160 111 141 142 144 125 181 116 152 172 150 175 156 117 98 101 161 176 134 186 187 193 194
134 178 168 117 128 177 101 180 99 132 169 146 136 109 181 171 148 161 96 126 107 91 160 150 140 111 152 174 151 164 141 154 133 143 156 184 185 191 192
178 145 167 118 129 151 168 180 109 93 107 140 143 173 146 176 130 160 141 144 174 158 121 171 122 103 136 166 142 156 170 114 147 98 131 187 188 194 195
126 174 164 154 163 95 98 132 168 145 118 99 180 157 147 156 169 93 96 110 91 181 158 171 148 128 111 160 137 173 172 129 142 100 122 103 183 184 190 191
174 143 175 124 146 130 111 141 163 125 158 121 100 92 171 152 133 136 166 169 150 142 153 137 114 95 128 101 131 161 145 118 148 181 151 109 187 188 194 195
116 180 170 150 117 172 100 151 128 164 118 131 163 143 114 95 175 98 142 110 132 122 177 154 111 167 144 157 166 156 109 146 107 91 92 171 182 183 189 190
148 103 133 168 142 177 167 180 169 114 98 128 101 181 145 118 129 132 173 150 109 96 175 110 91 143 146 130 144 125 176 156 185 186 192 193
150 168 161 92 122 103 170 160 142 172 152 114 117 128 151 101 164 154 118 99 129 132 166 109 96 110 146 157 156 185 186 192 193
109 121 163 176 166 133 132 122 177 167 92 147 124 114 156 168 181 128 170 103 140 172 129 161 93 96 164 98 118 131 182 183 189 190
121 170 107 172 129 151 164 131 163 153 130 166 92 133 103 175 168 145 122 167 144 180 124 117 98 100 101 118 99 181 171 125 128 183 184 190 191
96 151 164 141 118 163 176 166 133 100 132 168 145 99 92 180 157 111 147 124 101 146 136 103 95 181 158 171 125 128 160 117 107 172 175 129 142 182 188 189 195
151 107 140 143 168 141 144 125 180 157 170 100 92 133 136 171 161 160 173 114 172 117 98 131 146 99 130 132 153 93 185 186 192 193
161 168 91 124 154 136 142 156 169 117 147 171 101 133 145 170 132 173 172 110 140 143 157 99 129 160 141 163 186 187 193 194
168 176 132 180 170 146 169 129 130 160 141 158 93 173 110 140 92 122 152 124 154 136 166 153 156 177 117 147 100 101 186 187 193 194
175 157 129 163 144 158 107 140 171 122 124 154 141 153 176 125 137 100 103 177 164 166 180 167 132 114 181 98 128 131 143 173 187 188 194 195
176 177 91 146 157 130 160 111 141 125 158 92 152 103 133 136 166 172 153 156 137 170 181 114 117 147 98 131 145 167 99 129 132 187 188 194 195
100 158 125 180 170 137 114 93 117 91 129 128 164 131 153 143 110 92 132 145 122 177 167 111 101 166 95 156 133 169 146 103 182 188 189 195
158 92 122 152 103 136 153 137 164 117 147 163 101 166 146 99 177 110 140 91 124 154 169 157 111 142 144 181 186 187 193 194
136 181 170 114 95 173 98 128 118 99 129 132 164 141 154 93 163 107 153 110 143 125 145 177 167 144 180 157 92 169 133 146 184 185 191 192
171 181 92 169 142 137 117 131 164 167 177 132 93 107 110 91 143 124 154 146 130 180 111 144 187 188 194 195
181 122 152 133 172 153 156 137 170 114 147 128 101 180 131 164 167 118 93 110 91 143 124 146 157 160 141 163 144 125 187 188 194 195
131 145 93 107 177 91 167 157 111 156 122 103 137 173 140 142 114 117 98 128 141 99 129 153 166 133 184 185 191 192
145 118 132 180 147 156 93 107 140 91 143 170 173 172 122 103 142 164 154 137 166 114 95 117 98 185 186 192 193
152 130 111 141 144 170 173 92 122 103 133 142 154 137 114 95 117 98 128 101 99 180 157 156 169 110 140 91 143 185 186 192 193
93 118 163 153 166 143 110 154 144 157 111 114 156 169 146 91 95 180 160 137 140 117 172 129 164 182 188 189 195
118 132 122 110 91 177 167 180 111 147 124 137 92 128 170 160 140 130 114 129 117 98 164 141 99 153 156 133 183 184 190 191
122 128 170 160 137 173 130 172 107 142 91 154 163 166 143 92 144 157 147 169 146 95 98 183 184 190 191
114 177 157 147 124 98 169 146 125 170 160 173 95 117 172 153 133 103 142 182 183 189 190
177 95 117 147 98 101 146 130 160 132 140 91 173 154 111 141 180 92 133 166 167 169 153 137 187 188 194 195
142 99 129 130 125 160 173 163 107 92 124 137 164 117 153 103 167 180 147 95 98 128 184 185 191 192
128 107 167 103 157 147 101 170 160 140 129 95 164 141 163 153 130 133 183 184 190 191
92 125 160 117 129 141 154 163 153 143 156 133 110 99 144 124 101 169 146 103 182 188 189 195
157 147 98 164 99 166 107 110 91 124 154 167 146 130 141 144 125 169 103 137 172 186 187 193 194
156 101 146 99 173 130 163 172 110 164 91 124 141 125 117 147 167 170 132 186 187 193 194
164 107 146 167 180 160 111 144 125 103 133 153 173 101 129 166 186 187 193 194
129 144 147 169 103 170 137 140 101 172 99 141 163 107 130 166 91 183 184 190 191
141 172 107 91 124 130 154 125 166 103 133 144 180 137 147 146 95 98 101 99 132 173 184 185 191 192
172 133 137 170 95 147 98 101 167 99 163 107 110 140 91 146 187 188 194 195
130 132 110 124 166 111 143 133 125 117 101 170 147 103 137 95 173 140 184 185 191 192
95 154 111 91 103 125 170 160 137 117 98 173 140 153 143 110 132 182 188 189 195
107 173 153 166 143 110 132 167 144 111 98 169 99 125 170 147 160 137 117 182 183 189 190
137 169 146 133 140 154 91 124 167 144 180 147 184 185 191 192
153 110 143 170 160 111 125 103 133 163 98 167 99 185 186 192 193
160 133 166 98 101 167 180 170 99 143 124 154 146 173 163 125 186 187 193 194
170 103 133 166 117 147 99 163 91 143 124 111 180 187 188 194 195
101 167 180 98 111 147 124 169 103 173 140 117 163 132 182 188 189 195
133 140 124 111 125 173 166 103 167 144 184 185 191 192
103 173 99 163 143 91 167 111 147 124 169 146 182 188 189 195
154 98 110 140 143 146 111 163 144 166 91 169 147 180 173 185 186 192 193
167 117 99 132 169 91 143 146 111 144 166 186 187 193 194
125 166 143 132 144 180 169 110 111 173 140 183 184 190 191
117 144 147 146 173 99 163 166 110 91 111 132 183 184 190 191
166 140 124 163 98 169 132 186 187 193 194
91 98 173 143 110 99 169 180 182 188 189 195
147 99 132 140 143 124 146 111 144 185 186 192 193
169 99 132 140 143 124 163 180 187 188 194 195
98 144 124 140 163 110 132 99 182 188 189 195
99 132 180 111 124 146 173 140 163 110 182 188 189 195
111 163 132 110 124 173 140 182 183 189 190
146 140 143 144 185 186 192 193
140 163 143 144 132 110 184 185 191 192
132 180 110 173 184 185 191 192
163 124 180 143 173 186 187 193 194
180 124 144 187 188 194 195
144 110 124 173 185 186 192 193
124 143 173 183 184 190 191
143 110 185 186 192 193
110 173 182 183 189 190
173 187 188 194 195
182
183
184
185
186
187
188
189
190
191
192
193
194
195
