#/usr/local/lib/python3.10/dist-packages/colab_kernel_launcher.py -f /root/.local/share/jupyter/runtime/kernel-ccf9b1d1-ce2b-4d6c-8d13-48aff858ef78.json
# GMT Mon May 27 11:05:10 2024
# 
13 88 65 55 45 35 11 34 47 9 10 12 69 59 36 26 16 81 71 25 15 93 70 60 6 30 95 72 39 52 74 2 31 44 99 76 98 200 201 210 211
88 95 65 46 79 4 26 56 7 40 21 57 87 38 74 18 5 90 22 52 3 33 55 69 20 50 92 53 34 25 28 93 61 64 48 51 207 208 217 218
16 93 70 83 37 50 11 14 62 52 42 19 15 97 51 64 41 54 31 63 99 76 66 55 10 32 68 45 67 24 46 59 36 26 91 6 200 201 210 211
93 68 19 80 52 3 6 85 66 39 50 51 53 67 84 25 28 9 1 12 42 60 62 92 4 26 89 21 94 43 74 96 18 5 208 209 218 219
28 67 22 57 47 82 36 81 25 70 15 83 60 85 39 52 84 97 74 51 7 87 64 10 54 44 27 76 56 78 32 45 77 90 0 201 202 211 212
67 9 12 64 48 29 60 62 73 23 26 7 37 95 40 75 43 24 54 55 38 39 77 58 99 2 89 19 33 91 17 20 34 47 205 206 215 216
47 80 44 57 25 79 92 29 46 81 94 23 7 37 60 63 24 27 8 85 62 74 54 86 99 3 89 33 66 56 34 91 68 14 203 204 213 214
80 90 9 1 75 48 59 32 92 46 94 4 26 10 73 24 54 76 86 38 60 41 71 74 85 58 98 2 35 22 63 55 34 30 44 207 208 217 218
58 95 32 65 64 77 44 86 10 89 57 29 41 68 4 70 21 22 52 92 55 6 82 8 20 81 84 61 18 60 96 19 49 33 45 204 205 214 215
95 91 18 5 35 82 63 6 72 34 84 44 61 12 42 45 75 48 29 59 51 81 65 98 79 26 56 73 54 57 8 38 60 208 209 218 219
9 90 57 89 92 46 26 5 68 48 25 61 38 6 73 17 49 62 39 97 74 54 31 21 86 53 30 66 20 33 98 4 77 200 209 210 219
90 42 45 75 78 29 62 65 79 99 23 37 70 43 76 8 87 92 2 5 49 0 3 63 39 69 72 34 86 96 44 98 25 208 209 218 219
29 68 77 34 19 79 92 69 22 46 6 17 91 38 51 60 96 14 1 85 84 41 54 31 26 66 56 33 24 98 27 65 201 202 211 212
68 59 51 62 23 56 21 97 24 54 27 8 38 41 89 18 4 35 91 0 55 6 36 66 70 53 69 82 81 71 42 205 206 215 216
44 12 24 27 69 46 82 41 71 96 63 33 85 84 97 64 2 14 86 31 99 76 66 98 65 55 11 25 26 70 203 204 213 214
22 96 50 63 40 53 62 52 42 10 21 74 87 77 89 43 56 5 55 91 0 6 70 37 69 82 49 1 81 48 38 51 201 202 211 212
74 75 24 38 41 99 79 19 0 3 78 91 82 1 64 15 45 48 59 94 32 84 83 96 23 37 70 21 43 206 207 216 217
75 2 4 5 35 19 92 49 3 36 66 69 20 81 34 83 11 31 61 51 62 84 65 46 86 25 56 43 24 54 8 78 206 207 216 217
66 71 23 40 96 73 43 27 85 35 49 0 99 39 50 53 34 98 30 11 1 31 61 12 64 48 59 32 94 205 206 215 216
71 69 34 30 86 99 14 25 15 48 59 32 79 56 40 70 21 43 54 91 8 60 41 18 83 96 73 2 35 19 85 52 206 207 216 217
65 78 91 70 7 40 21 52 92 8 72 94 5 83 19 73 49 17 20 85 32 34 97 87 30 12 42 57 60 205 206 215 216
32 78 35 57 4 82 59 24 6 48 38 18 96 14 19 0 3 52 42 87 77 86 25 76 26 89 43 46 98 202 203 212 213
78 46 37 92 10 70 21 73 24 60 41 81 94 83 35 3 33 63 98 36 69 20 50 72 53 25 89 12 42 64 59 206 207 216 217
24 54 31 15 86 76 33 45 77 10 34 8 46 36 26 48 5 83 73 6 50 20 85 42 11 84 201 202 211 212
70 61 17 48 46 26 40 42 43 57 79 60 81 94 23 4 5 19 49 52 36 39 97 14 87 206 207 216 217
35 83 73 50 63 72 39 84 26 97 7 87 10 41 8 53 55 45 3 33 57 92 82 49 30 51 1 31 202 203 212 213
83 3 6 34 96 11 98 14 61 12 42 64 15 48 59 46 86 7 37 10 40 43 54 76 27 57 60 77 207 208 217 218
55 61 46 4 26 37 85 54 27 8 38 41 18 76 89 2 79 56 49 91 50 34 11 25 82 72 12 204 205 214 215
61 6 20 50 92 69 30 91 81 1 42 45 48 51 72 85 23 26 56 37 10 21 27 8 2 0 52 3 205 206 215 216
57 97 1 87 64 15 86 89 46 91 26 56 7 43 54 79 92 69 94 84 6 39 20 73 30 11 204 205 214 215
7 21 86 2 99 53 43 56 0 3 6 45 37 46 82 36 26 94 38 60 17 30 72 52 42 19 84 54 8 200 209 210 219
21 54 10 63 99 76 43 33 18 45 77 3 89 79 92 69 26 91 94 1 37 40 82 39 97 201 202 211 212
59 77 25 42 15 45 92 46 4 37 10 40 8 62 18 87 2 19 49 0 86 99 3 36 39 53 204 205 214 215
6 73 50 27 20 72 1 62 3 52 42 19 87 11 99 53 33 23 98 45 37 79 200 209 210 219
25 17 89 56 92 36 60 50 72 39 23 84 5 64 19 86 20 76 43 33 98 0 1 201 202 211 212
39 94 51 2 86 63 40 53 31 34 97 87 64 77 10 43 79 45 82 72 36 49 8 38 202 203 212 213
94 50 72 86 14 1 64 92 26 56 98 43 73 54 76 8 97 38 60 99 18 2 4 5 33 208 209 218 219
51 81 50 34 60 49 0 1 33 15 45 48 46 86 53 40 27 87 41 99 76 89 79 23 19 204 205 214 215
43 64 99 10 76 89 91 19 36 72 49 48 14 96 63 31 12 15 85 97 203 204 213 214
64 38 41 72 5 49 52 33 20 30 98 11 14 31 97 12 42 87 15 99 26 56 205 206 215 216
14 37 79 1 46 36 26 91 48 18 73 50 63 30 10 72 42 97 87 31 2 86 5 99 56 23 200 201 210 211
37 96 99 76 31 53 56 45 77 11 23 69 46 91 2 4 40 36 62 52 42 97 202 203 212 213
77 98 76 41 99 23 5 79 91 8 69 72 2 82 49 0 1 31 3 15 34 11 56 10 206 207 216 217
98 23 26 69 41 53 18 0 3 63 17 11 96 1 12 42 73 45 27 99 62 208 209 218 219
54 8 41 86 89 5 0 53 34 82 30 12 15 48 73 63 46 26 84 204 205 214 215
19 60 63 40 30 2 62 0 3 87 41 31 99 56 23 82 10 48 38 8 200 201 210 211
11 89 10 36 26 91 73 50 27 17 30 82 52 84 87 41 18 96 86 53 0 23 12 200 201 210 211
89 99 8 18 5 49 52 85 20 72 86 84 2 96 31 63 81 62 46 79 207 208 217 218
81 53 82 31 45 48 79 23 4 56 40 85 38 60 41 87 18 99 5 0 52 3 33 36 207 208 217 218
17 38 5 3 73 50 27 40 30 72 85 62 84 12 99 76 53 20 33 45 4 10 8 92 69 82 49 26 200 201 210 211
73 0 63 76 69 72 91 30 1 12 15 92 62 10 40 38 41 85 18 206 207 216 217
1 69 49 48 84 38 18 63 40 30 85 52 87 86 76 53 10 91 12 200 209 210 219
46 42 79 48 96 8 41 85 5 0 33 36 99 76 53 203 204 213 214
5 50 27 40 30 62 97 33 23 45 34 69 82 36 91 15 18 200 209 210 219
50 49 0 3 33 60 20 72 84 97 45 48 86 99 53 10 79 92 18 204 205 214 215
38 84 97 20 41 76 53 30 56 15 48 27 8 40 72 0 42 202 203 212 213
84 92 53 18 0 96 33 85 79 87 26 10 86 15 60 23 4 207 208 217 218
97 8 91 0 52 82 85 36 20 72 30 31 12 48 92 96 4 26 208 209 218 219
69 30 96 12 42 45 87 23 4 27 79 41 91 2 49 63 36 205 206 215 216
91 34 31 76 23 4 85 53 86 49 3 96 33 208 209 218 219
10 4 53 34 82 36 49 3 15 18 85 42 41 200 201 210 211
42 79 72 85 12 15 87 86 63 99 56 40 27 203 204 213 214
62 2 52 3 33 79 92 82 96 12 15 85 87 26 56 40 86 60 41 205 206 215 216
8 41 31 20 33 2 82 36 49 18 63 40 30 200 209 210 219
12 79 92 36 4 48 60 40 72 2 18 31 63 20 23 200 201 210 211
92 15 23 40 87 60 18 49 0 3 20 34 208 209 218 219
34 31 60 72 23 52 27 87 99 76 45 3 33 82 202 203 212 213
27 87 31 0 3 86 76 56 33 45 15 79 60 40 53 30 85 18 201 202 211 212
96 52 82 20 72 53 86 18 30 2 49 26 76 87 41 208 209 218 219
87 99 18 2 3 85 30 15 48 40 207 208 217 218
23 53 56 18 79 2 82 4 0 48 63 41 201 202 211 212
53 4 52 3 36 48 56 31 204 205 214 215
2 30 72 52 31 86 76 45 49 48 15 60 200 209 210 219
30 4 36 48 60 72 0 52 41 31 202 203 212 213
45 79 49 40 41 72 52 3 33 20 15 203 204 213 214
72 0 86 63 20 31 52 206 207 216 217
63 49 52 33 20 85 86 76 26 56 60 41 205 206 215 216
40 3 20 31 79 82 4 26 85 203 204 213 214
86 3 33 15 207 208 217 218
18 52 31 20 15 82 36 26 200 201 210 211
60 0 33 20 76 56 85 205 206 215 216
31 15 99 56 33 4 26 202 203 212 213
20 85 41 76 56 82 36 49 26 201 202 211 212
52 85 99 48 79 4 204 205 214 215
4 33 0 79 36 48 15 82 49 85 200 209 210 219
56 99 76 41 79 36 204 205 214 215
99 82 36 79 208 209 218 219
76 26 49 36 15 48 206 207 216 217
3 41 82 0 49 200 209 210 219
26 201 202 211 212
79 49 0 36 206 207 216 217
0 41 48 15 200 209 210 219
41 48 203 204 213 214
49 15 33 203 204 213 214
15 82 85 33 200 201 210 211
36 85 33 82 202 203 212 213
85 82 207 208 217 218
48 203 204 213 214
82 207 208 217 218
33 202 203 212 213
113 188 165 155 177 167 180 147 109 110 137 112 169 136 126 194 148 161 138 170 183 173 140 117 108 185 162 152 142 197 151 187 102 143 120 156 133 200 201 210 211
188 198 104 110 170 121 143 124 154 176 127 189 138 160 141 174 177 118 135 119 152 133 136 166 139 120 192 153 194 114 125 147 129 151 132 162 207 208 217 218
124 197 154 131 112 166 143 198 165 178 145 135 123 190 167 170 147 108 169 159 136 126 181 171 102 148 161 138 116 100 122 163 140 185 175 129 201 202 211 212
197 187 138 190 174 191 135 116 119 100 122 152 103 155 172 134 167 111 125 198 147 180 142 115 145 175 129 181 162 146 126 156 189 121 173 208 209 218 219
136 171 161 138 130 193 111 114 160 163 109 101 131 112 115 175 132 187 144 107 199 166 127 155 180 157 102 105 137 179 133 182 117 194 202 203 212 213
171 117 120 153 134 187 111 176 114 189 128 142 164 129 132 162 165 123 126 156 182 121 154 191 160 194 118 183 105 168 119 149 195 100 185 206 207 216 217
106 148 184 161 115 128 118 160 127 140 120 172 100 185 175 129 142 119 174 187 177 154 144 199 176 143 133 198 178 155 191 190 180 134 149 139 181 200 209 210 219
148 157 170 182 144 159 172 147 149 101 131 181 129 151 193 126 107 137 198 175 110 143 186 199 189 166 105 135 116 119 100 155 191 133 203 204 213 214
111 114 189 109 169 126 108 191 194 125 128 193 183 150 104 172 185 162 129 119 184 164 141 123 155 168 145 122 135 177 167 144 180 157 200 201 210 211
114 109 101 182 126 194 161 115 118 173 140 195 185 139 175 152 108 187 164 141 121 102 186 105 176 156 103 123 198 155 135 125 190 200 201 210 211
117 194 102 105 100 183 140 195 152 129 151 187 118 109 101 115 176 153 166 120 156 165 178 155 122 177 107 167 144 180 189 108 192 191 200 201 210 211
194 120 172 153 134 184 130 144 128 180 164 178 159 151 146 179 126 107 137 109 189 154 138 190 193 174 118 168 149 133 208 209 218 219
140 177 199 176 100 153 103 143 165 134 168 130 180 157 128 109 112 146 182 159 149 181 104 183 160 107 173 137 127 138 174 118 203 204 213 214
177 185 159 141 199 105 135 179 107 137 168 120 153 190 193 118 116 147 182 119 149 100 101 131 161 133 184 165 125 109 195 206 207 216 217
141 142 199 176 153 118 166 135 119 178 155 122 103 158 120 190 180 134 170 179 169 146 109 184 129 151 132 193 196 185 126 162 110 203 204 213 214
142 144 118 102 169 146 159 119 103 139 193 183 160 150 172 185 128 175 101 184 174 151 187 196 163 153 143 156 198 121 155 108 203 204 213 214
184 169 153 167 102 135 119 101 131 163 132 198 165 179 130 144 126 110 112 143 199 175 129 160 123 104 105 190 168 152 154 207 208 217 218
139 181 102 116 131 103 195 115 185 132 134 164 144 126 199 176 189 166 110 143 127 129 178 168 190 180 157 147 105 107 192 182 159 202 203 212 213
181 134 125 147 128 109 101 164 115 159 132 162 165 146 183 156 107 137 110 170 121 195 185 176 108 138 174 158 199 105 189 207 208 217 218
144 147 112 179 169 108 182 158 161 151 104 105 107 137 196 150 103 185 174 164 100 131 199 176 129 178 155 125 203 204 213 214
147 157 125 128 109 131 115 179 145 159 151 163 127 138 185 175 165 187 164 102 105 103 120 198 155 191 158 130 203 204 213 214
103 115 118 193 170 173 163 130 101 175 152 174 164 131 121 196 166 110 178 134 104 192 146 100 149 116 158 161 138 200 209 210 219
115 125 137 179 192 182 161 128 183 173 150 127 163 130 195 172 185 175 174 164 121 186 156 133 165 122 158 135 200 201 210 211
165 191 168 180 107 154 169 108 182 172 118 183 196 133 151 132 162 146 174 187 167 199 112 145 179 157 160 205 206 215 216
104 196 199 176 133 100 101 155 132 122 135 157 134 189 179 146 123 116 191 138 105 193 170 173 102 195 152 119 164 108 121 200 209 210 219
196 199 135 107 137 121 122 182 138 169 150 186 167 118 130 102 116 149 100 101 161 145 178 151 162 192 195 125 156 198 193 208 209 218 219
116 170 160 175 152 129 112 151 164 118 154 121 176 153 120 123 178 110 108 167 180 179 192 169 146 102 149 161 128 200 201 210 211
170 100 101 131 161 164 189 159 146 178 126 190 128 160 158 123 105 107 137 168 119 193 121 173 166 172 167 130 206 207 216 217
135 183 160 132 195 172 162 175 152 174 164 154 127 108 186 153 166 145 158 137 146 182 149 161 131 202 203 212 213
183 168 119 122 133 163 169 150 172 153 130 185 198 125 128 180 164 178 162 123 126 156 121 176 157 192 102 207 208 217 218
125 156 192 126 191 168 138 110 137 150 127 182 172 107 151 119 154 186 153 130 143 175 118 102 145 157 201 202 211 212
199 107 110 157 160 174 102 105 119 100 122 155 166 120 128 101 180 112 164 175 159 151 192 179 208 209 218 219
157 109 174 131 187 112 129 132 189 146 198 156 158 110 190 127 192 118 161 122 120 150 173 195 162 175 204 205 214 215
159 168 130 109 131 145 192 169 123 110 173 121 143 138 195 172 185 158 187 186 133 189 120 150 134 178 204 205 214 215
168 151 132 162 123 107 137 121 174 127 160 186 176 158 179 118 178 119 149 133 155 192 130 101 145 205 206 215 216
105 160 163 195 172 152 109 174 164 131 121 189 166 120 133 198 137 169 146 182 191 151 128 200 209 210 219
160 100 174 187 152 133 120 150 189 178 101 145 193 146 123 137 155 108 138 173 162 175 102 205 206 215 216
185 158 118 166 198 169 120 172 167 128 109 180 161 112 129 146 179 123 121 138 174 207 208 217 218
129 145 190 118 134 120 158 163 128 109 172 174 187 154 131 126 176 143 110 121 108 178 201 202 211 212
145 132 167 192 146 126 107 138 193 173 163 195 122 134 154 186 176 189 156 198 101 112 178 155 158 203 204 213 214
161 120 192 182 130 128 109 132 163 195 175 121 143 164 154 127 186 176 166 198 102 178 205 206 215 216
110 131 176 143 156 123 178 108 158 190 180 137 102 179 192 126 191 193 150 130 172 152 132 200 201 210 211
131 167 180 134 138 151 193 150 120 162 175 130 132 164 101 112 186 189 166 133 126 202 203 212 213
173 187 119 149 100 122 133 163 186 155 150 172 130 190 128 109 112 151 132 146 126 156 121 154 102 206 207 216 217
187 154 174 102 198 149 191 163 169 150 190 134 186 130 112 193 195 123 126 107 109 121 207 208 217 218
151 138 134 180 193 118 102 192 169 100 101 174 186 163 126 112 127 179 107 204 205 214 215
101 167 180 179 169 127 107 195 152 132 174 186 153 166 156 123 198 178 112 200 209 210 219
167 164 146 193 126 195 143 154 127 108 138 158 118 186 176 100 122 191 166 150 134 179 182 205 206 215 216
132 191 158 190 123 107 179 169 122 172 130 150 195 152 174 189 128 146 127 202 203 212 213
191 179 126 128 109 189 112 143 175 127 123 156 193 122 152 154 108 169 192 153 100 166 208 209 218 219
158 150 175 164 186 176 143 178 107 137 122 192 155 182 172 153 102 193 100 133 204 205 214 215
121 154 166 178 122 100 120 126 138 193 112 137 130 195 162 174 201 202 211 212
154 108 186 118 155 119 149 100 133 180 120 150 153 112 172 162 123 126 137 204 205 214 215
119 193 130 118 172 162 152 186 166 156 133 198 178 155 109 122 190 192 149 200 201 210 211
193 133 120 109 164 175 176 192 146 179 123 107 137 138 174 208 209 218 219
189 123 126 143 176 108 174 118 137 149 152 192 182 100 180 163 164 162 207 208 217 218
120 128 107 108 102 174 186 143 156 133 198 134 137 169 149 201 202 211 212
155 186 126 195 107 137 198 108 138 164 166 149 122 190 182 112 204 205 214 215
138 134 186 153 143 128 192 146 182 137 163 195 162 100 202 203 212 213
180 146 123 126 107 137 143 186 127 102 100 169 150 172 153 134 207 208 217 218
109 134 179 102 100 137 182 172 149 164 118 186 163 166 133 200 209 210 219
150 149 133 195 175 130 164 112 176 153 156 178 123 190 143 127 182 118 204 205 214 215
107 153 123 122 112 190 169 149 128 195 175 152 200 209 210 219
130 179 122 163 195 162 175 112 186 166 143 126 178 127 108 202 203 212 213
179 128 112 143 176 178 137 172 153 195 149 152 163 134 206 207 216 217
102 162 186 163 176 166 178 112 134 146 182 128 200 209 210 219
162 192 153 134 128 163 195 146 174 126 156 186 176 143 198 205 206 215 216
118 172 175 152 153 143 123 190 134 192 108 200 201 210 211
137 186 163 143 156 127 108 149 175 202 203 212 213
174 108 149 178 166 169 153 192 182 206 207 216 217
134 112 163 123 152 127 164 143 198 190 192 182 202 203 212 213
128 175 152 123 126 164 186 108 156 198 190 201 202 211 212
198 123 122 169 153 186 152 182 133 163 164 127 190 208 209 218 219
163 133 195 153 175 190 126 156 112 192 169 182 205 206 215 216
175 190 149 152 169 146 186 108 206 207 216 217
169 112 195 123 126 127 190 149 133 192 172 205 206 215 216
108 153 143 133 123 178 149 127 195 152 200 209 210 219
100 127 149 164 176 153 143 123 122 112 190 200 209 210 219
112 146 149 127 152 133 123 200 201 210 211
123 153 156 122 152 201 202 211 212
153 149 133 166 156 190 146 204 205 214 215
172 164 127 146 178 190 126 156 122 192 206 207 216 217
176 156 127 178 190 122 152 166 164 146 206 207 216 217
164 190 127 122 152 205 206 215 216
190 126 143 122 182 208 209 218 219
156 186 166 143 178 192 149 133 146 204 205 214 215
186 127 152 182 166 207 208 217 218
127 166 143 133 182 126 201 202 211 212
133 152 178 146 182 202 203 212 213
122 195 152 166 143 146 182 149 201 202 211 212
149 195 152 146 166 203 204 213 214
126 201 202 211 212
152 182 143 204 205 214 215
166 195 178 192 146 205 206 215 216
182 195 178 192 207 208 217 218
192 178 146 195 208 209 218 219
143 195 203 204 213 214
195 208 209 218 219
146 203 204 213 214
178 206 207 216 217
200
201
202
203
204
205
206
207
208
209
210
211
212
213
214
215
216
217
218
219
