#/usr/local/lib/python3.10/dist-packages/colab_kernel_launcher.py -f /root/.local/share/jupyter/runtime/kernel-6c0fbf18-c276-4b2d-9452-8819c27dba4d.json
# GMT Sat May 25 00:44:11 2024
# 
11 158 112 26 147 58 94 71 48 25 38 15 106 73 148 161 82 95 3 85 160 19 140 18 119 63 154 23 98 22 35 80 57 47 24 324 325
158 47 28 61 12 42 64 15 94 51 81 32 111 62 131 142 26 70 21 76 106 60 139 123 126 107 91 154 5 68 115 135 149 84 340 341
12 123 90 135 69 82 157 4 7 25 61 139 106 17 138 30 151 118 95 19 140 117 84 6 41 54 119 43 20 23 78 153 22 143 324 325
123 29 59 32 98 79 144 40 43 76 60 74 104 77 126 110 91 18 135 105 148 35 147 82 6 69 99 159 116 84 161 117 47 336 337
72 137 94 107 74 5 63 95 51 98 75 67 120 77 44 132 99 43 112 79 57 46 101 78 91 156 136 103 26 80 56 10 8 38 160 331 332
137 135 86 30 117 152 142 64 75 78 108 111 144 65 95 109 131 112 156 89 54 57 90 41 120 71 150 121 5 68 0 36 115 69 338 339
96 122 37 68 19 20 50 53 34 136 18 2 16 102 31 61 63 45 147 48 150 127 104 62 95 126 56 128 9 43 60 90 41 143 120 333 334
122 44 10 70 59 90 41 71 93 58 88 121 151 4 21 66 83 86 142 119 132 18 49 1 31 3 64 97 108 146 32 111 92 65 336 337
45 156 146 148 125 92 23 82 59 37 147 24 104 27 71 38 149 60 138 151 5 130 120 74 99 53 66 14 131 25 121 9 31 55 328 329
156 48 29 32 46 125 79 112 148 89 70 21 54 76 87 38 74 104 110 154 16 19 3 36 17 69 20 99 102 152 28 94 340 341
46 121 98 58 133 28 113 90 67 145 112 115 23 48 7 10 22 24 8 50 41 141 95 108 150 35 64 1 142 119 109 32 56 328 329
121 79 110 130 143 43 27 142 144 91 2 35 133 22 33 66 17 125 116 67 119 84 30 44 80 64 75 129 78 59 32 336 337
38 117 130 20 64 86 53 88 1 68 143 133 47 145 135 125 4 49 37 21 127 81 24 27 149 126 103 70 60 95 108 327 328
117 69 148 125 0 64 94 36 20 81 111 128 130 89 42 73 106 90 62 92 107 134 124 105 56 133 70 21 115 8 87 336 337
3 159 28 93 40 151 128 108 1 85 62 19 120 87 41 31 152 44 65 55 113 67 34 145 37 135 102 92 49 114 81 58 324 341
159 17 118 69 102 113 114 146 30 14 28 31 64 108 59 139 32 95 125 98 128 79 109 23 4 57 161 41 151 107 2 5 16 340 341
77 108 85 98 27 153 59 41 71 100 132 99 79 68 24 36 66 81 146 18 30 19 63 15 48 94 116 86 161 151 9 131 10 331 332
108 107 88 18 105 5 7 21 101 82 157 50 34 100 30 2 126 139 129 16 31 15 97 29 92 26 119 90 335 336
29 68 143 110 155 16 125 0 22 147 124 160 127 61 136 14 40 105 13 153 74 31 44 109 4 7 53 89 65 101 78 55 326 327
68 128 85 7 130 40 110 142 119 132 76 2 4 19 22 63 66 17 80 34 112 148 69 30 157 44 1 71 42 330 331
15 133 146 6 100 90 67 103 115 92 59 124 91 9 94 136 106 83 73 52 7 130 107 120 74 64 54 129 21 109 101 324 325
133 94 78 51 109 112 149 57 87 71 104 58 140 18 105 5 142 19 82 17 39 102 83 113 116 136 129 47 1 42 337 338
132 160 43 73 54 104 126 161 105 2 140 19 22 101 85 17 99 83 34 84 144 14 25 28 42 146 48 59 51 32 148 337 338
160 119 18 44 31 63 64 97 51 111 62 65 144 147 145 129 56 89 24 87 93 88 110 4 49 21 101 55 6 66 69 340 341
18 138 151 6 75 140 97 41 129 53 0 20 33 144 134 55 113 145 9 79 36 114 58 48 4 27 161 325 326
138 103 161 5 49 0 52 33 97 127 99 81 111 83 65 30 25 154 157 106 78 125 107 79 110 37 89 70 43 8 71 149 338 339
25 34 89 125 56 134 48 10 106 83 60 73 50 148 82 140 51 87 19 76 53 66 141 131 111 78 55 35 67 57 325 326
34 71 48 103 116 106 73 148 128 23 75 7 153 130 74 87 64 89 154 2 144 111 65 55 0 67 37 102 36 326 327
39 81 73 50 31 141 95 85 98 52 44 14 10 56 154 134 88 58 136 113 90 103 80 23 4 145 148 115 21 82 157 8 147 127 327 328
81 91 50 103 93 47 42 64 114 13 79 139 116 26 43 71 120 110 87 2 99 5 49 0 22 6 36 66 332 333
62 101 70 135 52 55 6 124 127 104 30 14 44 47 28 51 140 110 87 23 4 152 26 10 89 24 54 57 131 144 329 330
101 161 131 7 40 130 27 120 74 152 58 142 155 4 144 111 124 22 52 6 136 84 105 47 42 127 59 51 334 335
22 28 149 126 116 73 161 53 95 85 7 150 64 152 44 142 155 43 35 146 67 148 102 59 71 48 325 326
28 80 112 104 14 61 136 149 126 93 50 95 153 4 97 7 87 10 31 24 27 109 8 32 2 35 110 326 327
8 130 74 87 41 54 21 119 20 56 141 33 5 110 113 67 47 24 14 124 58 63 30 85 75 150 42 140 7 324 341
130 74 104 150 58 124 149 16 0 161 115 102 116 143 14 44 80 111 79 146 26 56 37 89 40 135 337 338
94 100 53 145 102 84 14 44 47 150 61 42 116 161 128 98 10 153 107 57 41 142 111 49 52 63 55 333 334
14 24 145 37 125 115 9 82 26 124 114 127 71 61 149 73 27 30 105 95 42 74 154 78 143 324 325
24 129 99 65 32 23 146 113 80 112 115 157 147 71 51 16 0 106 60 50 128 141 107 84 120 325 326
20 104 136 50 6 30 151 85 52 42 2 54 17 33 131 98 134 143 35 90 80 57 9 70 155 145 125 157 325 326
104 53 140 67 152 1 80 75 48 111 113 4 56 7 148 89 73 54 87 58 126 139 106 105 55 334 335
60 140 110 33 6 67 152 76 89 79 88 44 47 103 70 135 13 69 127 71 61 10 43 149 55 57 161 85 329 330
140 90 41 120 74 145 82 55 99 116 146 31 61 75 127 78 98 79 129 56 7 89 21 161 27 338 339
124 161 153 1 61 42 76 155 78 59 90 93 57 69 41 71 53 127 5 19 49 63 139 64 36 129 97 336 337
161 35 141 19 49 36 118 113 119 42 48 32 131 89 21 57 87 90 107 58 110 340 341
103 33 64 78 127 92 65 95 129 128 141 75 13 153 23 70 52 144 6 36 111 99 53 67 100 113 16 334 335
107 58 91 2 142 155 35 145 157 134 69 146 84 126 44 135 61 42 32 92 93 116 4 7 118 334 335
98 91 23 146 26 21 55 87 102 41 115 53 105 49 63 50 51 95 30 100 99 112 32 13 92 333 334
9 67 59 157 149 126 83 37 17 105 82 95 49 19 54 152 129 63 76 151 141 33 131 111 32 35 120 87 324 325
67 157 42 71 149 139 26 118 85 153 87 142 2 131 19 134 52 88 113 90 135 79 330 331
85 139 106 35 19 141 6 142 155 47 1 80 51 91 146 100 135 148 37 102 10 40 105 57 332 333
80 90 61 75 59 102 13 65 26 116 106 43 54 76 2 120 97 0 142 33 6 99 112 144 331 332
149 52 17 99 135 136 151 97 59 111 13 125 145 148 10 154 43 57 88 91 5 19 0 339 340
145 47 154 157 32 109 110 143 7 141 43 147 90 120 91 2 19 36 99 51 83 114 112 339 340
21 41 54 129 33 120 110 19 0 92 69 59 147 116 106 40 115 82 75 84 74 4 325 326
41 74 87 99 76 89 154 16 55 143 6 36 57 92 69 147 31 50 26 37 327 328
90 51 37 89 70 71 135 35 49 52 33 63 36 17 50 139 86 84 44 333 334
157 147 84 148 76 32 92 125 4 26 40 27 57 118 151 102 86 116 88 100 136 111 113 114 340 341
69 139 116 106 1 31 86 141 131 110 7 37 119 155 57 154 144 146 33 92 82 127 330 331
110 118 27 13 7 40 70 54 36 111 147 83 126 19 0 31 115 97 89 335 336
118 35 82 63 36 50 86 84 155 31 61 75 97 48 51 32 134 114 109 112 23 7 10 135 43 148 87 58 336 337
146 59 51 114 109 142 129 10 70 27 106 58 88 91 143 105 155 5 100 30 47 339 340
91 141 44 26 75 76 27 134 88 136 82 6 115 92 150 84 35 47 49 0 1 33 17 333 334
73 87 5 16 119 109 99 76 66 50 111 42 79 82 23 26 37 83 57 141 95 75 153 97 2 331 332
87 120 89 2 19 6 66 113 53 44 42 32 129 65 56 7 332 333
151 105 141 52 33 63 53 84 47 31 61 64 51 111 92 114 65 144 109 26 56 40 106 93 339 340
125 134 136 59 51 32 109 23 10 89 88 128 35 143 0 52 17 152 50 86 119 100 336 337
134 109 153 142 155 42 43 154 93 58 88 105 5 37 52 55 115 66 83 16 127 78 59 51 13 337 338
112 144 64 136 93 56 70 43 54 57 102 128 2 5 49 0 63 6 143 66 120 97 335 336
141 105 4 52 54 153 99 86 30 16 31 32 95 56 89 42 43 59 120 74 126 338 339
23 86 76 89 154 111 32 100 155 47 19 58 83 63 40 115 153 84 120 54 129 325 326
86 71 119 58 128 131 49 64 50 155 109 99 154 30 144 88 47 1 48 78 13 148 115 105 332 333
102 150 127 31 75 97 131 153 120 26 37 155 76 88 16 136 0 82 55 135 83 334 335
150 135 88 100 0 82 63 64 97 83 65 147 79 142 47 89 42 75 48 78 32 120 7 37 54 55 339 340
37 154 143 92 58 139 116 93 4 70 83 148 95 17 75 127 51 54 327 328
95 111 35 50 147 127 84 1 106 64 75 79 97 70 142 155 71 333 334
111 136 148 115 119 33 36 131 120 30 152 64 154 97 335 336
33 136 139 106 63 40 153 74 64 142 109 99 76 17 88 65 35 47 1 31 326 327
136 148 63 127 78 139 129 152 75 13 126 155 10 144 71 83 84 16 338 339
52 83 19 36 142 119 89 66 56 131 47 143 51 13 113 115 4 59 114 61 328 329
4 109 53 66 43 131 100 56 13 48 106 83 2 148 49 152 324 341
109 7 10 40 70 43 27 127 82 63 36 17 139 116 128 42 64 155 335 336
65 88 113 148 55 36 147 84 16 83 1 128 17 48 50 143 155 76 79 59 144 330 331
88 143 56 99 27 57 89 131 100 113 6 115 139 1 129 31 105 332 333
76 97 152 142 43 27 79 58 16 93 115 82 30 139 119 42 131 153 331 332
97 147 49 0 36 17 116 129 119 61 75 120 48 92 142 56 10 333 334
148 61 10 43 75 13 126 143 54 55 115 53 119 339 340
126 63 36 153 143 99 113 116 142 84 42 78 92 93 43 127 27 152 105 5 337 338
147 44 47 31 42 75 78 51 89 70 43 57 154 2 0 17 50 53 339 340
120 16 115 99 84 64 75 48 92 79 56 131 70 336 337
5 40 30 42 19 74 64 54 1 53 66 100 47 135 59 16 48 84 324 341
50 35 61 51 93 153 44 48 53 154 131 144 100 70 59 114 328 329
49 116 63 44 47 31 54 129 142 53 40 55 113 155 16 82 58 61 328 329
116 82 36 115 66 128 131 64 13 152 142 154 10 57 105 335 336
54 99 154 131 2 55 19 79 44 47 1 51 32 153 329 330
7 119 56 154 0 131 153 113 48 93 40 128 84 152 324 341
119 10 27 0 36 143 51 114 84 30 47 144 31 61 59 336 337
79 144 30 44 100 13 92 70 57 71 2 0 63 66 142 331 332
144 56 70 43 27 57 74 58 66 99 113 100 64 48 114 339 340
63 93 36 16 129 61 59 155 43 92 82 114 330 331
10 44 66 56 154 113 70 115 114 61 93 128 75 153 324 325
44 135 59 114 71 105 30 16 53 13 143 113 327 328
143 32 13 92 74 0 66 127 114 128 152 1 89 42 338 339
127 113 84 1 48 13 129 56 128 40 106 58 19 115 337 338
48 100 115 83 128 40 43 152 154 35 19 328 329
40 152 35 0 17 78 100 1 31 115 92 106 27 75 42 74 327 328
152 106 57 71 74 58 2 19 82 53 30 31 64 139 142 339 340
13 55 35 113 57 92 139 70 83 17 6 51 2 31 129 43 324 325
55 83 74 142 155 89 66 154 78 17 53 47 31 329 330
6 106 17 75 42 74 89 66 43 56 35 57 135 59 16 114 324 341
17 61 139 105 75 1 154 32 57 155 36 114 324 325
61 155 53 135 71 93 128 105 142 99 131 78 329 330
100 75 78 114 56 131 27 2 16 0 66 51 53 83 135 334 335
30 115 59 36 93 128 84 31 129 26 78 70 326 327
27 16 0 142 56 131 35 47 92 26 106 53 128 105 326 327
0 93 64 35 113 57 16 114 324 341
93 153 36 83 142 99 84 47 59 32 115 139 129 58 131 333 334
19 106 129 115 92 82 36 26 325 326
106 155 113 135 70 129 71 74 2 153 334 335
71 153 74 1 135 26 2 16 128 105 330 331
153 58 36 83 113 84 2 16 32 92 26 340 341
115 128 105 82 66 335 336
35 105 129 131 16 113 135 36 114 51 326 327
135 47 1 139 78 129 56 43 57 82 338 339
53 139 83 2 16 64 57 70 92 328 329
105 16 66 89 78 59 70 57 334 335
16 82 64 154 114 324 325
78 113 26 57 114 74 83 128 89 1 331 332
42 92 1 51 32 99 131 327 328
47 84 26 36 113 328 329
74 155 2 99 154 66 92 114 139 331 332
113 89 36 66 335 336
75 92 66 139 129 154 43 331 332
129 1 114 128 58 142 337 338
32 58 51 139 83 31 155 326 327
58 64 70 92 59 139 128 329 330
89 155 154 83 332 333
1 70 26 114 139 128 99 56 324 341
70 142 43 83 84 330 331
139 83 154 114 128 26 2 338 339
26 99 43 56 92 36 114 84 31 325 326
99 128 155 66 334 335
142 155 338 339
155 82 84 31 92 128 340 341
82 128 51 66 114 84 332 333
64 154 56 330 331
51 31 114 66 56 328 329
36 131 327 328
59 83 154 131 329 330
92 333 334
66 43 128 154 330 331
154 2 340 341
83 31 131 332 333
43 2 327 328
84 57 332 333
114 131 2 335 336
57 329 330
56 2 31 329 330
131 337 338
128 337 338
31 326 327
2 324 341
173 320 274 251 172 175 299 243 223 311 278 232 202 313 267 257 237 322 246 259 213 203 216 183 281 271 261 162 185 273 197 174 262 209 284 324 325
320 206 312 209 174 177 207 240 270 213 175 227 208 287 241 274 307 186 189 268 301 315 288 250 286 319 166 178 211 247 264 245 297 246 340 341
174 285 275 241 309 286 289 266 243 210 187 223 200 321 310 202 277 290 224 269 246 226 203 216 258 205 283 263 240 207 171 305 318 324 325
285 204 259 191 254 294 307 188 199 202 216 200 318 266 239 250 283 164 300 167 181 214 168 247 228 179 280 215 245 321 196 311 265 209 336 337
166 281 258 248 238 192 195 316 293 237 273 250 217 194 318 229 241 296 299 243 210 223 321 190 278 189 313 165 168 236 213 203 301 291 324 341
281 218 169 199 232 322 302 219 170 200 266 250 230 282 231 182 213 245 278 307 284 258 193 286 237 238 240 308 194 175 269 253 185 336 337
185 294 228 303 316 306 227 183 207 305 318 170 229 196 307 208 221 319 181 162 266 256 298 278 255 222 313 315 282 216 193 291 304 325 326
294 251 183 321 216 170 301 222 282 267 167 178 230 195 228 304 292 316 319 242 318 308 256 298 210 191 213 194 254 257 208 297 274 337 338
186 259 216 291 238 215 251 228 218 273 262 252 232 307 241 277 188 299 266 200 178 311 278 184 268 235 300 280 257 234 247 214 204 269 325 326
259 216 318 189 170 249 233 265 220 250 253 300 267 322 211 312 184 165 244 225 228 231 187 260 242 256 269 227 306 218 263 202 333 334
246 310 234 229 312 301 291 226 179 240 243 241 302 315 249 206 188 218 314 190 248 284 177 251 203 306 250 318 295 169 202 214 332 333
310 192 279 209 162 195 256 210 227 260 271 307 176 188 172 237 249 266 269 272 253 283 300 167 169 303 199 214 231 182 234 297 248 339 340
257 319 253 164 295 275 181 162 244 225 297 277 215 196 248 229 309 276 209 177 256 221 243 280 315 292 269 188 314 304 219 239 333 334
319 309 307 258 187 209 171 163 210 222 287 271 305 286 183 263 216 247 189 234 314 164 167 197 242 168 277 228 201 212 227 340 341
249 315 292 170 220 251 180 283 197 296 178 211 214 165 195 247 198 308 229 254 176 193 226 240 213 208 241 270 312 171 172 279 332 333
315 233 255 236 266 239 272 253 267 199 181 214 165 168 247 261 313 275 308 262 292 162 177 254 208 271 321 304 188 219 340 341
163 275 252 229 176 274 254 198 309 276 223 321 222 235 225 202 313 234 224 237 302 279 272 314 304 248 205 195 306 296 250 217 295 187 324 341
275 193 177 237 213 321 254 208 291 323 300 169 199 171 172 183 189 170 203 236 272 180 167 178 293 181 179 305 196 176 209 335 336
261 289 169 321 172 232 278 323 236 253 302 184 314 217 304 317 284 229 293 283 298 242 265 226 256 237 307 221 243 224 175 241 276 334 335
289 234 264 284 242 256 210 270 221 321 287 311 258 323 187 303 293 205 235 238 266 314 317 286 267 230 316 211 263 195 225 217 231 337 338
179 256 164 200 190 288 265 232 268 245 189 277 290 267 191 181 302 279 213 216 182 270 306 227 305 197 295 262 229 209 170 266 324 325
256 295 201 262 298 265 229 190 321 213 311 175 241 280 302 269 238 219 170 200 252 314 317 296 165 168 247 333 334
238 305 188 218 233 283 273 220 286 167 178 230 181 225 297 287 201 182 243 279 206 311 187 288 301 258 226 323 303 260 331 332
305 191 269 220 272 286 300 169 303 172 217 247 189 219 234 248 181 226 168 198 212 243 322 290 274 206 314 251 207 338 339
239 270 232 205 191 292 222 304 274 167 217 228 231 182 318 308 288 164 300 178 267 211 299 312 210 208 278 245 258 218 190 171 331 332
270 318 308 197 181 211 214 165 244 195 217 182 212 215 229 192 206 162 223 290 210 221 302 272 284 251 293 306 233 236 335 336
187 196 251 198 296 230 243 233 235 212 175 267 201 322 214 204 167 169 216 184 271 248 303 293 260 207 295 162 242 325 326
196 286 220 213 288 278 255 268 323 234 201 214 204 269 304 248 180 306 273 263 230 295 262 182 232 317 209 307 277 176 326 327
233 312 228 231 279 182 229 284 176 206 209 306 260 226 263 210 191 224 318 175 265 297 264 218 322 266 268 258 235 267 330 331
312 284 265 295 279 322 197 178 211 214 165 226 245 287 313 177 268 240 301 252 282 317 269 302 218 169 217 321 219 339 340
253 290 194 260 241 190 171 193 205 191 316 175 208 220 295 265 247 200 231 277 267 266 180 197 311 288 181 268 165 333 334
290 180 197 211 162 308 165 298 217 168 234 297 278 229 223 321 291 191 221 194 224 254 227 271 274 292 216 222 307 236 337 338
204 206 219 209 231 167 197 211 309 195 266 210 223 301 267 237 322 193 279 282 236 213 194 175 293 169 273 250 183 230 318 327 328
272 303 235 207 237 221 203 236 269 267 184 306 309 264 215 209 211 300 193 195 225 210 322 271 192 301 291 176 190 335 336
303 302 300 199 184 216 217 198 170 201 215 248 295 192 279 176 210 318 260 274 258 218 190 251 202 232 222 299 338 339
165 177 298 167 301 255 268 225 300 313 169 267 191 302 236 258 182 293 273 250 240 194 197 229 287 254 324 341
177 308 168 242 244 299 223 245 235 225 300 313 234 224 172 292 236 203 216 206 251 228 218 316 306 260 164 250 324 325
264 299 266 321 190 301 278 226 254 260 292 188 218 219 271 307 252 203 255 316 220 164 295 181 288 214 225 168 228 277 248 334 335
299 192 193 207 240 191 221 175 227 241 308 188 218 252 282 266 309 322 269 167 178 230 211 263 195 217 198 277 338 339
170 292 282 314 215 182 218 194 318 229 241 208 244 175 309 286 243 220 223 180 232 202 323 300 267 214 324 341
292 200 222 252 236 288 283 286 311 263 228 280 212 302 262 265 176 317 226 254 276 208 271 298 251 297 337 338
295 240 213 243 194 255 322 271 258 202 205 189 200 222 266 250 230 307 168 228 306 229 298 206 337 338
216 236 226 205 218 227 252 198 242 232 254 244 276 171 193 298 311 255 210 213 313 169 329 330
235 230 181 211 317 214 231 293 318 242 307 297 191 224 175 243 311 188 169 199 255 189 323 219 313 222 180 164 331 332
228 301 268 245 202 222 269 167 197 284 293 306 263 240 176 252 232 307 287 254 175 208 243 330 331
192 254 164 231 221 181 322 184 223 200 278 258 300 267 190 201 194 282 175 248 215 205 188 296 263 240 230 318 265 326 327
193 232 307 189 198 167 298 288 301 268 222 212 300 280 247 176 314 248 215 251 218 306 260 273 263 169 326 327
258 199 244 296 198 200 212 215 265 178 243 311 241 268 323 218 313 172 202 280 175 282 304 333 334
217 223 321 288 268 245 323 293 260 200 180 251 167 162 240 168 198 220 212 219 222 176 276 266 329 330
223 212 307 215 297 176 207 191 280 234 224 282 203 271 248 180 250 227 263 167 240 162 184 195 329 330
252 269 210 274 296 188 199 172 232 318 200 262 236 167 197 178 211 279 225 311 288 323 313 176 260 209 333 334
286 276 313 237 268 194 255 236 283 267 188 230 232 183 189 203 297 287 309 311 244 301 168 314 210 336 337
226 308 189 274 287 267 244 180 164 214 168 182 215 313 280 210 194 224 251 316 306 169 172 202 330 331
308 322 243 273 224 276 306 321 293 304 313 219 222 236 288 269 181 211 183 316 277 280 182 190 242 339 340
232 209 314 291 162 284 194 273 250 190 171 172 307 297 244 322 266 198 237 164 206 330 331
298 300 224 287 291 314 205 254 283 218 230 202 183 263 214 168 200 231 245 297 284 318 265 164 211 338 339
302 255 269 180 267 178 195 247 182 316 215 278 321 171 242 207 210 213 301 287 288 322 311 219 338 339
200 168 269 314 291 304 260 227 230 206 242 254 221 296 265 222 212 167 224 201 184 327 328
241 293 283 190 237 191 224 307 274 169 172 189 301 201 215 313 282 195 225 168 210 213 271 331 332
293 271 283 306 218 318 247 203 279 167 230 213 273 316 274 209 171 268 304 317 282 255 337 338
263 311 288 208 172 251 202 314 167 197 306 283 183 225 168 215 287 190 276 266 240 191 334 335
311 277 322 212 234 215 284 314 279 171 242 237 243 194 175 208 218 316 205 230 339 340
236 189 222 203 304 317 251 230 296 273 297 176 206 277 221 208 245 300 280 172 331 332
189 282 167 178 203 181 251 230 176 265 242 209 266 190 301 255 291 268 212 214 227 326 327
282 267 167 197 178 181 211 195 198 280 231 287 176 209 190 210 243 208 301 260 188 199 336 337
274 306 283 237 222 255 277 251 202 203 262 197 242 184 214 195 225 231 273 227 304 260 284 335 336
201 301 268 245 181 300 313 224 260 229 317 271 190 172 240 175 220 318 265 242 183 267 244 168 234 211 327 328
265 277 242 267 225 322 194 260 321 176 313 251 221 167 284 169 184 234 215 288 334 335
277 195 300 237 240 191 276 260 190 172 284 268 316 306 269 250 214 168 234 245 248 335 336
176 199 171 208 213 180 225 214 181 279 269 203 206 183 218 260 230 324 325
199 304 215 218 316 283 260 209 188 297 221 211 296 321 301 278 197 181 183 323 300 195 247 224 327 328
276 245 262 190 287 213 224 175 255 227 279 271 278 218 169 323 203 269 197 317 211 198 316 231 212 335 336
229 221 255 268 188 234 247 202 219 203 220 314 304 317 167 296 213 262 287 330 331
175 240 307 287 244 221 198 309 190 202 280 322 181 291 304 271 306 324 325
240 227 208 205 321 220 288 278 167 230 162 247 225 260 231 212 269 284 331 332
194 207 220 318 262 209 309 279 210 180 225 206 188 190 205 172 218 316 273 250 326 327
207 262 242 209 287 244 309 183 205 210 321 212 267 168 291 304 271 248 284 218 316 283 260 296 227 328 329
234 301 278 178 314 248 198 313 280 262 284 205 251 219 222 273 220 287 203 331 332
218 171 244 221 198 182 301 225 267 224 213 329 330
178 245 222 212 323 224 322 214 203 205 195 283 219 307 284 231 167 309 220 301 324 325
245 230 211 279 244 288 301 300 247 190 171 237 271 208 284 169 318 254 180 309 332 333
271 169 296 203 297 197 322 162 184 279 182 215 301 323 209 304 317 335 336
209 231 191 288 278 172 267 224 180 314 317 162 283 273 328 329
309 278 262 323 221 306 288 322 188 222 266 296 220 164 230 181 162 317 225 168 247 339 340
168 301 278 164 237 214 171 317 284 208 283 296 307 198 324 341
304 316 301 266 250 197 225 297 248 321 278 279 206 323 208 260 338 339
269 222 220 198 283 182 318 260 190 191 213 291 188 323 334 335
318 243 208 291 222 220 164 244 182 212 190 323 171 340 341
291 307 198 231 296 262 284 197 225 182 273 224 227 260 206 190 171 323 288 267 337 338
307 316 242 208 188 172 219 266 297 167 198 215 248 339 340
288 195 231 213 190 171 221 273 224 208 268 280 314 180 167 337 338
321 182 215 262 206 242 237 213 254 227 323 296 297 184 340 341
169 164 167 205 316 162 227 230 184 262 242 219 296 243 224 171 324 341
242 255 297 267 322 279 188 313 203 162 212 215 306 262 331 332
180 203 206 183 248 215 260 230 197 231 188 243 220 190 301 222 212 202 323 325 326
181 255 202 247 224 237 214 191 314 182 273 254 231 221 325 326
255 211 195 225 247 213 215 317 227 284 322 202 183 219 203 248 313 197 333 334
251 172 202 316 220 183 184 214 254 247 182 190 323 225 237 332 333
167 280 279 205 220 287 243 324 341
237 262 164 287 244 184 195 278 313 162 280 247 279 283 296 331 332
191 262 284 244 221 211 266 243 220 323 247 214 248 215 195 306 260 326 327
164 202 280 224 171 183 225 316 230 206 162 284 208 221 243 220 210 278 324 341
202 283 182 296 220 171 287 231 210 268 222 212 183 327 328
162 278 300 280 279 203 183 205 182 227 197 208 188 266 210 190 324 341
278 247 198 279 182 280 171 210 221 224 266 297 335 336
222 184 195 198 213 273 250 210 267 280 247 329 330
248 247 203 268 280 198 182 316 283 296 250 262 221 287 332 333
206 284 297 205 244 203 268 225 184 300 215 283 273 250 262 188 327 328
284 188 171 203 266 197 317 243 323 336 337
313 184 225 247 215 227 306 172 183 205 219 266 296 339 340
205 188 172 208 273 184 231 211 182 213 268 171 300 267 227 327 328
279 215 262 225 268 221 254 316 306 250 296 172 336 337
211 300 267 224 171 283 172 273 250 219 287 198 328 329
231 300 210 260 227 317 296 273 262 195 198 267 330 331
283 317 266 220 250 230 195 280 322 301 210 336 337
314 220 184 316 214 247 198 182 215 317 213 273 208 287 339 340
172 183 184 317 254 244 266 210 213 300 247 324 325
183 195 230 219 317 297 182 220 190 212 323 280 322 325 326
266 221 273 243 254 219 334 335
262 210 322 254 268 188 219 250 273 171 334 335
182 210 171 287 208 244 188 325 326
267 184 225 215 219 334 335
197 212 300 280 214 260 297 287 198 243 190 326 327
212 184 300 280 210 306 250 230 317 287 254 244 221 328 329
195 301 214 213 184 316 227 254 244 326 327
297 273 254 227 208 323 268 219 296 220 198 338 339
227 230 287 244 215 243 301 225 219 330 331
300 323 243 224 208 280 250 338 339
230 219 317 254 244 322 330 331
208 243 213 268 306 328 329
301 215 224 254 171 338 339
316 220 184 214 198 171 273 254 306 340 341
188 260 213 190 280 184 203 325 326
210 322 296 328 329
254 171 268 250 214 273 333 334
306 219 296 244 215 317 221 339 340
322 225 287 171 220 317 214 340 341
220 317 250 215 243 329 330
215 328 329
323 317 247 273 224 260 268 219 340 341
296 317 268 184 214 244 280 337 338
225 214 213 260 250 330 331
243 190 244 268 250 332 333
213 221 317 328 329
190 198 326 327
203 273 184 198 219 287 280 327 328
221 171 244 280 184 273 250 329 330
219 244 184 268 224 329 330
260 244 171 333 334
268 247 250 334 335
171 244 324 325
184 224 214 198 325 326
247 280 317 250 224 332 333
280 244 198 336 337
198 287 327 328
244 317 332 333
273 250 335 336
224 214 287 329 330
317 287 340 341
214 328 329
250 287 332 333
287 336 337
324
325
326
327
328
329
330
331
332
333
334
335
336
337
338
339
340
341
