#/usr/local/lib/python3.10/dist-packages/colab_kernel_launcher.py -f /root/.local/share/jupyter/runtime/kernel-dea7114a-48f2-47cd-9840-9590734c419b.json
# GMT Thu May 23 16:31:50 2024
# 
4 9 2 13 6 15 8 0 10 1 3 12 5 14 7 32 34 35 37 38 39 40 42 43 45
9 8 10 12 0 14 5 7 1 3 11 13 15 2 32 33 35 36 37 38 40 41 43 44 45
3 13 6 15 10 1 12 5 14 7 11 2 0 32 34 35 36 37 39 40 42 43 44 45
13 6 12 14 8 5 0 11 1 7 10 15 33 34 35 36 38 39 41 42 43 44
5 10 12 14 7 1 11 6 2 15 8 32 34 35 37 38 39 40 42 43 45
10 7 15 12 14 2 6 8 11 0 32 33 35 36 38 39 40 41 43 44
8 11 1 15 2 6 12 0 14 7 32 33 35 36 37 38 40 41 43 44 45
0 14 7 2 11 6 15 1 12 32 33 34 36 37 39 40 41 42 44 45
14 11 15 1 12 2 6 33 34 36 37 38 39 41 42 44 45
2 11 6 15 1 12 7 32 34 35 36 37 39 40 42 43 44 45
11 6 7 1 15 12 32 33 35 36 38 39 40 41 43 44
1 15 12 7 6 32 33 34 36 37 39 40 41 42 44 45
15 6 7 33 34 36 37 38 39 41 42 44 45
6 12 7 32 33 34 35 37 38 40 41 42 43 45
7 12 32 33 34 35 37 38 40 41 42 43 45
12 33 34 35 36 38 39 41 42 43 44
20 25 18 27 29 22 31 24 16 26 17 19 28 30 23 32 34 35 37 38 39 40 42 43 45
25 24 26 28 16 21 23 17 19 27 29 31 18 22 32 33 35 36 37 38 40 41 43 44 45
19 29 22 31 24 26 28 21 30 23 27 18 16 32 34 35 36 37 39 40 42 43 44 45
29 22 28 30 24 21 27 16 17 23 26 31 33 34 35 36 38 39 41 42 43 44
21 26 16 28 30 23 17 27 22 18 31 24 32 34 35 37 38 39 40 42 43 45
26 23 17 31 28 30 18 22 24 27 32 33 35 36 38 39 40 41 43 44
24 27 17 31 18 22 28 16 30 32 33 35 36 37 38 40 41 43 44 45
16 30 23 18 27 22 31 17 28 32 33 34 36 37 39 40 41 42 44 45
27 30 18 23 17 31 28 32 33 35 36 38 39 40 41 43 44
30 31 23 17 28 18 22 33 34 36 37 38 39 41 42 44 45
18 22 31 17 28 23 32 34 35 36 37 39 40 42 43 44 45
17 31 28 23 22 32 33 34 36 37 39 40 41 42 44 45
31 22 23 33 34 36 37 38 39 41 42 44 45
23 28 22 32 33 34 35 37 38 40 41 42 43 45
22 28 32 33 34 35 37 38 40 41 42 43 45
28 33 34 35 36 38 39 41 42 43 44
32
33
34
35
36
37
38
39
40
41
42
43
44
45
