#/usr/local/lib/python3.10/dist-packages/colab_kernel_launcher.py -f /root/.local/share/jupyter/runtime/kernel-2b515d16-c871-48c9-ad2b-cd6ecd503099.json
# GMT Thu May 23 13:41:03 2024
# 
13 88 22 143 90 9 158 26 147 81 17 30 72 19 140 153 74 87 129 142 23 144 65 186 146 10 69 124 16 137 126 4 139 60 117 130 51 2 132 53 123 57 46 167 59 180 48 182 103 63 118 39 160 173 162 109 3 43 56 32 166 155 168 102 49 170 91 104 93 40 42 31 44 86 33 380 389
88 26 56 132 71 121 5 136 16 178 39 20 180 127 84 169 182 14 44 184 48 29 107 120 23 109 164 166 36 66 115 159 45 75 174 95 79 150 163 165 73 54 99 154 58 90 3 82 94 1 80 31 12 42 65 46 98 140 10 40 70 155 131 74 91 146 49 0 148 53 83 28 32 62 383 384
35 106 32 161 150 42 7 165 99 154 101 5 16 90 145 37 14 136 149 96 151 153 23 4 87 142 76 131 146 188 148 82 124 137 60 128 75 66 187 176 189 22 3 46 59 61 182 12 171 63 39 173 186 10 175 164 177 111 45 166 58 19 0 113 155 168 34 115 49 170 91 104 38 172 93 380 381
106 99 50 84 124 166 179 113 97 115 183 4 57 8 174 163 176 165 66 112 30 169 64 15 45 145 79 147 160 43 73 151 77 18 22 101 33 86 144 133 1 80 61 42 135 148 46 70 21 126 74 141 130 143 68 49 185 102 53 134 123 178 51 81 138 180 114 96 127 7 71 131 186 5 384 385
136 158 173 98 109 149 28 9 164 58 153 144 116 67 146 159 5 50 114 65 95 137 141 154 59 123 74 143 4 187 72 102 53 113 66 51 81 30 45 75 60 90 186 124 54 118 69 99 179 18 133 84 168 78 131 172 61 12 161 174 76 57 176 110 165 40 55 85 167 119 100 156 169 386 387
158 47 28 51 62 178 145 180 182 139 41 120 71 105 118 99 50 122 103 84 44 127 29 168 112 142 183 8 110 91 161 174 2 163 55 6 85 165 100 130 167 64 169 79 171 43 126 77 58 164 22 52 3 82 63 135 86 146 80 61 42 129 40 70 21 123 74 153 157 0 72 151 53 387 388
53 160 149 24 151 153 3 155 48 89 131 78 91 133 12 42 67 27 148 82 137 71 10 183 75 0 119 187 121 55 176 189 47 28 123 70 32 114 61 22 129 184 118 173 65 107 54 20 164 111 168 29 115 117 159 172 38 161 108 110 36 17 86 167 101 30 169 90 103 147 381 382
160 83 113 169 2 117 32 111 62 92 96 56 164 60 41 166 5 69 50 18 152 44 33 97 29 108 112 12 42 57 110 121 187 100 130 30 64 94 45 75 147 98 128 79 24 126 77 58 137 188 37 22 177 116 146 179 168 80 61 170 65 95 46 125 129 89 70 174 74 104 4 68 387 388
139 163 82 165 135 67 154 80 31 61 169 114 65 147 129 25 89 70 149 162 123 74 134 151 164 19 49 102 132 113 117 146 159 32 96 56 60 90 141 105 16 143 185 20 145 103 133 97 29 108 59 180 27 8 87 38 91 173 6 85 66 0 64 15 168 181 98 170 43 73 107 137 161 386 387
163 120 71 69 20 152 103 84 176 14 44 165 97 78 29 131 23 169 27 57 8 2 155 55 6 36 66 119 149 11 15 45 75 98 128 109 73 54 126 107 141 3 135 185 1 42 95 159 89 21 93 123 134 157 68 19 49 0 184 151 102 34 117 32 111 177 96 166 7 37 181 387 388
6 48 182 105 118 65 41 162 122 98 111 45 166 58 181 36 157 170 104 159 93 161 29 42 110 152 44 33 167 103 24 37 79 4 92 147 39 94 28 96 17 72 32 142 89 10 23 91 12 133 146 80 135 124 7 141 75 3 117 9 130 64 11 132 187 121 134 189 123 57 112 180 380 389
48 36 113 181 102 11 170 15 172 108 24 110 152 99 154 101 22 3 90 103 145 92 149 83 10 40 87 89 78 146 34 80 69 28 9 84 60 73 128 7 62 183 75 64 119 132 187 16 121 55 176 68 189 39 44 72 29 116 171 63 184 105 4 173 65 27 8 122 2 164 177 381 382
97 166 179 60 102 16 183 117 172 50 119 161 84 44 25 176 110 59 152 99 112 167 156 2 85 17 162 30 11 140 15 94 75 157 73 133 146 58 137 3 82 33 128 141 1 61 143 185 95 89 189 93 74 178 138 180 68 49 114 72 116 129 118 47 28 186 188 26 56 111 124 384 385
166 127 29 171 108 112 142 57 87 2 36 115 149 100 15 75 109 143 43 54 77 18 152 3 82 33 80 114 144 95 46 140 182 123 74 68 188 72 34 117 162 9 181 51 111 62 156 96 60 41 71 174 135 124 105 5 150 39 118 20 99 50 84 148 44 169 25 387 388
9 90 11 132 145 79 92 26 147 3 15 70 83 138 72 85 19 129 142 76 144 78 67 122 177 69 124 137 58 126 60 49 183 64 187 121 42 7 189 123 165 167 114 182 116 50 171 96 164 111 32 153 8 47 36 157 2 25 38 159 27 148 40 82 150 84 152 86 20 143 380 389
90 51 99 112 154 167 7 156 169 60 92 105 16 20 162 138 151 14 25 78 59 23 91 27 87 135 148 137 150 36 17 126 130 15 45 75 185 79 134 43 54 178 125 180 114 3 182 116 86 67 61 107 177 111 124 40 179 100 113 74 168 115 170 0 117 34 108 383 384
50 91 2 104 17 148 11 84 45 167 43 92 147 94 149 22 33 96 72 85 87 42 131 78 133 10 67 188 135 82 49 126 181 141 75 130 28 77 119 121 134 176 68 189 123 70 41 112 125 180 114 127 182 103 116 39 20 63 118 173 107 25 54 56 177 111 23 38 381 382
91 131 186 107 14 25 175 188 109 124 100 102 83 170 172 174 32 62 26 165 75 167 156 169 39 105 147 18 84 3 140 31 155 42 76 27 57 144 157 133 93 55 135 148 150 19 49 141 79 28 132 121 58 123 56 7 178 125 138 41 67 5 16 116 129 184 383 384
69 104 117 93 61 12 65 46 176 152 165 40 101 156 103 68 19 0 145 92 34 149 28 151 85 140 74 26 7 142 155 89 144 78 133 5 80 20 82 84 14 126 44 25 128 59 143 4 79 121 134 112 36 182 11 15 107 43 24 54 164 177 124 58 179 113 181 170 67 382 383
104 20 99 140 103 142 155 29 59 133 23 135 76 57 87 38 137 126 55 143 185 11 119 132 187 64 15 94 123 112 43 180 116 129 184 63 118 67 175 109 122 80 42 164 177 124 65 95 46 168 89 21 115 93 68 19 161 72 110 165 47 154 92 156 145 60 71 162 138 384 385
113 147 78 108 138 151 57 8 110 155 131 55 66 17 146 148 137 64 45 126 109 73 54 130 107 58 119 132 121 22 101 52 3 33 86 31 61 12 114 127 169 182 65 95 46 118 40 70 173 93 164 19 181 47 159 92 161 96 26 7 37 71 154 156 20 99 14 384 385
147 189 47 28 51 62 126 96 184 120 71 135 124 105 188 39 99 103 84 168 78 29 108 183 142 23 172 185 76 87 174 176 165 55 36 115 167 94 75 171 98 149 73 77 107 137 18 52 3 82 67 1 31 61 42 125 110 150 152 154 138 49 0 187 83 386 387
2 184 105 118 107 41 162 175 96 109 43 164 177 98 32 45 100 155 157 170 38 93 27 148 161 84 165 20 22 0 24 145 37 79 92 26 94 28 149 85 140 21 63 10 67 80 3 137 71 73 62 75 130 64 119 11 108 55 189 123 4 167 114 127 169 61 380 389
62 101 143 156 18 33 94 96 31 61 42 138 72 46 153 87 40 144 67 80 0 124 137 71 73 128 183 75 64 185 7 119 37 132 66 121 134 189 180 169 182 14 171 184 105 29 107 120 175 4 177 8 111 179 100 30 11 93 174 110 152 165 86 99 24 154 167 382 383
101 11 26 7 130 143 60 41 132 187 121 20 123 125 138 180 114 78 29 171 184 76 57 107 8 38 175 109 66 168 181 102 115 0 15 94 117 159 79 108 73 24 110 58 18 52 3 82 156 169 145 16 31 12 42 162 65 164 140 93 74 142 155 144 157 83 34 51 384 385
20 38 27 108 42 5 152 44 165 33 167 143 14 145 37 79 4 149 138 30 140 142 17 23 65 78 188 135 137 73 128 117 77 132 3 187 176 110 123 178 12 112 59 114 61 118 52 173 107 120 41 162 0 109 56 98 111 179 100 34 155 157 380 381
39 117 172 161 95 108 152 30 44 112 145 105 81 41 96 151 3 33 140 87 78 146 80 137 150 84 126 73 86 0 128 141 34 64 77 119 132 28 79 189 70 7 37 125 72 114 127 182 129 171 63 1 131 186 175 188 109 25 122 164 124 23 102 115 157 49 381 382
117 99 18 103 149 162 63 78 108 164 153 1 31 61 142 76 57 133 146 115 137 150 19 0 94 128 79 109 28 185 43 145 77 121 134 26 178 41 71 138 86 116 180 129 184 131 175 122 59 168 72 47 36 119 81 32 111 30 11 176 75 167 385 386
4 96 43 111 100 34 155 89 23 157 25 146 159 93 27 82 95 99 33 143 156 145 79 26 68 81 149 74 8 21 142 63 76 10 144 186 14 135 124 16 137 58 179 60 181 73 7 130 172 66 187 110 123 44 125 59 37 171 105 118 52 107 54 175 380 389
96 99 72 34 47 51 32 92 26 164 98 41 155 144 54 133 18 14 33 150 141 12 76 130 143 132 66 123 178 30 138 0 64 15 127 182 173 120 58 188 37 177 82 124 67 168 16 1 80 170 183 65 172 119 10 89 40 176 93 165 384 385
83 68 94 162 34 138 151 85 98 47 87 51 81 142 144 26 146 71 135 148 5 124 16 59 119 189 8 38 112 127 169 55 17 129 171 184 105 173 15 79 164 177 179 43 73 24 54 100 168 181 170 3 63 159 172 108 150 1 42 110 46 86 99 154 167 70 156 103 383 384
36 169 182 14 25 184 105 186 107 41 54 175 23 164 98 111 45 58 179 157 17 170 51 30 93 15 150 42 86 145 79 149 1 31 151 12 140 153 142 78 146 67 188 148 82 124 71 126 181 28 141 64 185 132 26 187 121 176 123 178 16 125 59 114 380 381
55 61 171 184 131 173 43 186 24 120 188 109 122 111 22 52 100 60 159 172 46 108 176 49 169 145 92 105 47 28 94 151 26 7 37 98 41 74 5 16 144 157 14 82 84 126 73 128 141 38 143 185 77 119 66 189 17 57 178 11 59 180 15 127 381 382
61 80 148 45 128 75 185 18 68 22 110 52 123 33 178 1 169 42 129 63 105 186 10 40 109 122 177 98 179 0 34 157 32 174 108 150 7 165 60 86 99 5 103 92 14 81 94 59 72 85 87 8 38 76 89 65 133 146 382 383
99 26 159 71 174 110 154 84 169 78 149 27 57 38 140 153 66 17 30 146 75 126 54 128 141 77 130 22 187 86 67 1 80 12 178 112 95 46 114 40 116 129 93 118 173 186 68 19 175 109 124 179 47 28 32 102 157 384 385
127 119 170 64 183 15 94 45 75 172 98 109 161 43 54 176 126 165 37 22 3 33 63 116 80 65 125 162 40 70 153 93 123 68 49 144 157 72 133 34 135 148 28 7 141 60 71 185 105 145 122 178 103 108 182 23 184 173 8 38 21 85 115 66 385 386
15 110 112 125 59 116 171 184 118 52 107 41 109 56 111 5 45 155 47 14 172 93 161 95 108 42 84 44 37 79 81 94 149 138 72 19 140 153 74 142 89 131 23 144 133 3 67 82 16 1 18 73 183 185 77 132 66 134 176 380 389
110 118 45 60 186 175 24 54 111 124 18 84 181 3 183 174 42 27 57 87 176 178 10 70 85 156 49 64 34 79 151 43 153 77 7 37 52 144 71 67 159 16 31 137 152 44 89 141 29 59 145 8 72 51 32 92 129 384 385
120 8 87 152 165 154 85 156 30 11 94 45 79 140 107 155 22 52 3 82 33 63 133 146 86 135 31 114 65 95 46 126 25 128 10 89 130 143 74 187 68 121 134 47 28 180 51 92 129 184 56 7 131 186 60 41 188 177 179 84 14 170 108 172 112 161 174 385 386
179 78 108 59 131 42 176 184 76 27 121 174 155 85 115 66 168 30 0 181 45 73 24 156 137 7 52 67 16 125 148 89 70 123 157 19 49 72 151 132 34 47 17 51 164 11 26 56 60 41 71 173 185 5 187 122 84 14 33 167 63 388 389
118 159 172 119 174 66 176 30 11 154 167 79 109 171 43 73 54 77 52 33 164 86 116 67 140 1 42 95 146 21 135 152 102 34 185 28 187 111 134 123 7 138 182 105 5 129 173 175 44 25 122 23 126 181 76 27 38 170 183 385 386
169 17 145 45 143 73 24 122 152 189 82 33 63 131 112 1 31 12 42 184 21 188 85 119 100 181 34 79 109 47 28 162 187 137 26 141 71 116 150 114 144 173 44 129 25 159 93 138 68 27 8 38 72 151 102 387 388
8 107 162 109 164 56 177 111 0 100 168 159 172 93 27 29 150 154 5 156 77 145 37 81 85 140 153 74 87 129 76 10 131 23 186 12 122 14 124 16 58 126 60 115 183 130 185 119 11 134 178 46 59 1 182 103 63 52 173 380 389
107 87 187 66 17 134 123 30 178 45 114 24 186 175 188 52 177 111 67 31 12 170 183 65 95 46 161 21 108 74 152 68 19 112 0 102 98 28 171 51 81 32 92 26 37 41 71 153 144 84 148 78 29 137 93 141 384 385
173 174 187 85 115 66 149 100 30 164 98 128 79 109 43 24 54 122 22 82 63 135 165 116 131 80 31 12 46 10 40 70 21 93 138 49 34 189 51 126 156 26 171 182 124 186 84 148 78 181 183 112 23 76 27 57 38 388 389
174 124 184 186 122 133 188 63 108 142 181 76 57 170 185 85 149 19 49 0 64 180 98 128 79 162 126 77 58 141 37 52 165 67 146 1 80 31 65 144 14 25 159 89 59 93 38 102 17 51 81 32 30 164 145 56 45 75 71 388 389
71 165 167 1 31 143 65 145 92 40 21 81 151 49 85 153 34 142 89 51 146 188 80 7 82 60 41 181 16 183 132 14 121 134 176 29 189 116 171 66 162 175 30 11 122 164 155 115 157 24 58 161 52 63 382 383
131 177 10 89 70 85 168 181 170 19 172 34 47 32 126 56 171 116 80 162 95 125 151 84 44 78 142 108 93 123 144 146 159 57 38 102 66 51 81 141 154 75 109 189 43 24 54 140 182 22 52 3 63 1 31 42 76 385 386
177 161 23 27 170 155 85 100 130 30 94 128 162 73 24 54 77 58 18 171 22 52 185 63 135 86 146 150 31 178 65 46 180 129 159 10 89 70 123 134 19 49 72 32 92 60 124 154 105 16 122 133 14 44 78 108 187 388 389
29 100 34 155 170 38 93 14 25 148 95 44 33 27 145 37 79 94 149 138 151 129 76 144 18 22 82 58 126 181 73 1 130 64 185 119 66 10 21 123 57 70 19 46 59 180 114 182 116 171 105 52 186 162 175 56 98 111 380 381
122 128 76 85 178 100 167 98 79 171 73 149 77 58 22 52 153 142 157 1 80 65 46 148 161 44 89 70 137 59 74 154 68 130 143 38 72 102 145 47 134 17 32 111 26 56 140 60 182 129 184 105 186 133 103 135 126 385 386
128 18 3 82 33 178 86 116 67 180 1 12 129 65 95 46 125 186 70 49 181 170 183 172 32 92 26 56 165 16 171 14 44 25 78 59 164 112 140 76 27 38 142 144 115 66 119 100 30 11 137 64 94 75 79 109 143 385 386
87 162 175 74 111 49 0 168 181 170 81 32 93 95 108 56 7 150 60 167 16 156 103 84 149 151 23 27 38 142 89 144 85 135 30 64 75 183 130 77 58 176 22 3 63 125 1 80 12 42 182 116 65 46 105 10 40 70 383 384
182 119 11 185 75 109 24 77 58 18 82 33 63 86 165 116 180 1 12 114 95 46 125 89 40 123 74 157 19 49 0 102 132 47 51 32 92 164 175 26 37 60 124 16 152 103 112 76 27 38 140 170 388 389
171 85 100 130 11 64 45 75 109 143 154 180 58 137 18 133 184 22 82 167 186 116 67 146 161 112 188 46 10 40 70 68 49 47 111 77 156 56 141 135 105 84 14 148 25 59 93 23 157 76 151 102 121 388 389
45 112 23 46 180 105 186 54 175 109 30 11 164 56 111 102 115 170 159 51 161 150 3 84 152 86 167 31 79 81 72 19 0 140 142 65 133 146 32 148 82 26 137 181 5 64 132 66 187 14 44 134 189 381 382
124 67 112 1 165 46 156 70 21 115 100 149 94 34 164 109 153 32 77 58 157 135 148 86 116 80 152 89 108 93 123 23 57 72 138 180 66 17 51 111 11 60 24 54 170 103 3 33 63 385 386
108 168 157 103 159 44 161 59 23 12 27 154 57 38 156 21 85 100 138 75 153 98 79 155 43 24 77 7 33 63 86 67 31 183 95 132 40 70 93 189 19 125 180 72 102 34 186 11 56 384 385
98 121 68 125 114 129 17 51 81 186 30 133 188 109 168 54 102 84 172 52 3 161 67 176 31 165 27 112 167 10 103 149 162 164 34 79 140 100 142 32 157 58 26 135 148 41 16 65 95 130 143 14 25 132 384 385
121 79 77 18 82 86 116 67 170 183 1 159 31 12 42 65 10 40 70 152 154 156 68 19 0 145 47 28 162 81 32 111 153 56 37 144 135 103 137 44 25 112 23 130 143 185 76 27 57 187 66 17 138 30 94 129 385 386
184 85 149 130 30 11 183 0 79 181 43 73 77 18 22 135 116 1 114 144 125 148 93 134 157 138 68 19 72 102 132 34 185 28 51 32 92 175 26 41 154 105 5 186 188 152 133 167 78 161 142 176 38 388 389
1 188 135 82 16 5 126 18 11 66 189 70 112 180 63 105 186 162 54 175 43 58 100 34 47 102 115 170 93 27 31 152 44 165 86 46 79 81 28 149 153 74 21 155 89 10 12 146 380 389
188 12 76 21 155 85 115 168 149 100 130 49 0 94 109 73 156 137 26 56 7 141 41 86 116 5 150 114 95 125 148 44 178 25 89 59 74 153 134 23 157 38 72 151 51 111 30 75 105 24 33 167 161 142 388 389
161 181 103 133 44 25 170 59 176 76 27 38 140 155 17 100 30 64 162 79 109 18 152 22 135 86 116 150 80 65 125 129 40 70 21 123 187 157 138 0 189 132 34 81 92 145 56 7 37 186 41 387 388
18 3 183 64 16 66 187 176 189 178 112 125 10 59 103 116 105 52 162 43 56 100 102 157 49 172 93 5 27 150 152 44 14 86 141 154 143 145 92 26 28 138 151 85 140 153 129 21 144 78 133 80 60 380 389
78 65 181 115 40 21 74 159 34 86 47 28 103 26 56 7 37 79 92 94 162 16 151 85 142 155 44 59 23 183 143 119 187 189 123 178 43 73 24 114 77 116 129 52 3 63 164 31 12 42 111 383 384
119 180 22 82 33 63 133 175 67 31 65 126 181 10 21 172 185 74 68 19 49 176 34 178 167 47 32 77 7 60 41 149 86 151 5 16 142 25 93 148 137 152 141 143 51 81 111 100 187 75 79 125 385 386
180 149 130 164 143 54 152 82 33 116 150 31 114 144 46 89 40 21 93 123 74 168 68 19 49 102 132 181 47 162 183 111 185 145 26 7 37 41 16 103 84 148 44 178 59 112 142 23 85 388 389
31 67 80 135 137 5 16 73 130 64 23 57 112 17 63 52 186 41 162 56 100 47 168 115 170 38 159 95 152 12 44 154 10 103 145 37 79 0 151 72 140 74 28 76 144 26 146 7 380 381
67 12 42 84 126 141 183 132 49 134 125 47 32 186 16 65 102 25 170 59 172 23 95 150 27 57 152 154 167 66 17 143 30 92 64 149 85 54 58 142 155 89 3 63 135 82 382 383
17 103 116 162 54 175 43 56 153 34 47 168 102 25 38 159 172 5 148 40 95 150 84 33 154 156 24 145 81 70 19 11 21 142 76 186 146 80 135 82 137 73 183 51 64 185 187 176 44 57 125 46 380 389
3 5 73 115 185 11 176 68 189 112 167 114 54 109 164 111 100 34 155 47 168 102 157 27 40 150 156 77 24 81 28 149 30 151 72 12 25 80 14 135 82 58 380 389
5 150 165 33 24 145 92 94 28 149 30 72 32 153 76 89 10 23 146 80 148 82 16 137 181 73 7 141 183 75 64 77 11 176 68 123 178 70 112 105 162 109 56 34 155 115 157 38 159 172 380 389
187 43 54 77 156 186 82 33 165 42 114 95 46 70 21 93 74 134 157 138 49 183 0 189 102 132 28 32 92 175 26 60 105 152 103 133 148 44 59 142 76 185 85 115 64 94 79 388 389
11 125 105 41 162 109 164 153 47 168 10 170 25 38 148 40 95 152 86 141 154 79 26 149 70 30 85 19 140 129 21 63 23 186 14 16 137 181 73 130 172 64 132 176 189 123 380 389
125 94 135 79 137 43 73 77 183 143 52 33 132 86 80 12 42 114 65 95 89 40 21 93 68 0 164 81 181 56 7 60 41 105 16 165 44 25 156 145 112 162 27 151 140 153 85 142 155 385 386
24 64 132 66 176 189 123 7 57 112 167 103 41 162 175 109 100 34 155 47 49 159 27 148 150 44 86 143 156 77 79 26 81 94 28 22 30 85 142 12 144 10 80 82 58 19 181 73 130 380 381
64 54 129 42 109 111 10 40 181 115 170 19 49 0 34 176 152 56 156 103 145 92 105 16 94 162 138 85 25 140 153 76 89 23 146 27 38 137 150 84 126 86 183 189 382 383
43 77 27 68 57 178 59 72 114 129 186 54 175 47 181 22 102 115 157 159 51 172 93 12 150 152 10 154 167 156 19 94 149 28 85 140 74 155 41 146 16 135 82 14 60 141 183 75 381 382
77 143 58 145 79 7 37 22 81 123 138 16 65 40 74 109 72 168 181 183 60 41 112 154 167 103 63 149 162 12 57 142 155 89 144 133 135 19 137 34 86 141 383 384
84 115 16 80 65 46 14 44 25 152 10 167 74 103 145 94 149 151 81 32 140 30 56 155 75 89 41 144 137 150 126 183 185 132 27 21 116 34 186 175 28 164 82 383 384
115 14 44 33 63 59 175 27 164 181 21 85 159 172 0 94 75 176 109 152 54 156 7 22 52 82 138 10 40 144 68 19 49 135 102 137 150 126 32 111 130 143 26 60 134 105 385 386
73 185 132 33 134 176 189 178 42 46 114 40 49 109 164 72 111 102 32 93 60 150 152 154 25 103 145 23 149 162 138 151 74 155 76 66 89 30 146 80 148 130 382 383
185 152 22 52 33 167 176 65 144 46 140 129 10 70 134 168 138 132 34 47 28 162 81 111 92 26 7 141 37 135 165 114 14 25 172 112 142 23 76 85 30 94 75 79 109 388 389
149 102 47 28 81 175 60 168 172 25 59 176 165 167 76 27 57 38 156 130 30 94 109 58 159 141 150 116 146 152 42 114 65 46 129 40 70 21 386 387
79 56 7 37 186 65 25 100 170 23 68 172 57 72 66 165 167 30 156 103 145 92 81 162 151 140 52 33 144 133 12 82 383 384
10 21 76 89 146 148 82 137 141 183 75 66 7 68 123 178 70 129 63 105 162 175 109 164 58 100 155 168 49 38 93 44 165 22 156 145 37 28 138 30 74 380 389
21 23 65 186 19 135 56 58 126 130 51 132 66 68 123 165 57 112 46 167 14 103 116 105 41 54 153 47 168 102 49 170 25 146 38 159 95 150 152 154 22 156 138 151 72 380 381
54 27 66 189 57 178 114 63 164 56 155 168 102 12 93 150 40 165 154 156 19 0 145 34 81 94 51 32 72 7 37 142 41 89 186 146 137 126 60 181 183 23 381 382
40 129 142 89 144 133 146 135 82 126 181 141 183 75 57 178 112 59 114 116 105 186 41 175 109 100 168 102 49 51 93 95 86 0 154 143 92 26 37 151 72 381 382
129 100 159 49 135 94 137 150 152 126 130 143 37 52 116 189 114 95 46 44 93 123 133 23 102 168 170 81 92 60 41 165 178 167 12 42 76 27 57 153 385 386
59 30 100 172 93 95 150 58 152 86 52 141 92 138 72 85 153 142 19 89 34 186 28 135 51 26 37 132 134 176 189 123 178 70 112 114 63 57 38 382 383
12 181 183 75 0 51 132 176 123 178 7 52 41 162 56 155 89 49 25 38 159 93 27 95 150 152 86 33 154 22 143 28 70 138 30 151 72 76 186 133 380 389
80 93 42 82 65 137 150 68 19 0 72 134 123 28 26 56 116 186 16 44 168 181 102 183 159 95 66 112 154 30 156 75 151 85 140 155 63 89 144 133 146 383 384
58 183 130 143 66 27 57 176 123 178 72 114 30 19 0 65 186 100 37 22 102 157 159 25 156 81 47 138 51 140 56 76 89 144 133 135 137 126 33 141 382 383
183 103 22 112 176 95 46 170 168 68 0 34 7 41 86 116 146 105 148 44 159 172 153 23 57 38 72 51 111 164 175 60 109 154 189 388 389
75 123 22 33 63 114 103 42 186 46 25 164 100 168 68 19 170 72 95 51 56 7 37 60 156 94 14 44 153 142 144 27 30 141 130 132 134 382 383
123 153 157 52 63 150 141 130 145 70 134 93 74 49 102 34 28 81 37 168 181 170 159 172 165 112 23 154 156 85 164 385 386
65 148 126 0 141 34 143 134 68 189 178 7 114 16 46 14 25 111 168 95 32 56 112 154 167 60 41 156 81 151 153 155 76 89 27 382 383
68 138 140 142 89 22 52 135 148 42 126 141 25 189 49 0 70 34 72 114 47 116 32 105 7 175 60 41 181 159 172 93 95 150 27 154 103 81 162 382 383
26 86 154 143 156 103 138 140 74 76 144 25 146 135 148 82 137 126 134 189 178 112 63 105 52 162 175 164 56 111 170 172 93 42 0 165 380 381
86 56 150 126 141 143 132 134 14 23 114 116 186 66 51 81 30 168 181 159 176 82 152 167 76 46 105 70 140 19 49 0 142 155 133 32 383 384
89 142 74 133 135 49 72 51 130 143 132 134 60 41 189 44 63 186 175 157 170 159 172 30 95 103 145 37 92 162 140 153 383 384
142 74 168 138 0 72 132 34 28 176 81 111 56 7 167 156 25 153 155 144 146 148 145 126 141 22 52 135 42 186 114 46 386 387
130 126 22 52 186 46 70 170 74 159 49 0 72 34 152 165 47 28 154 81 32 92 156 56 37 145 60 162 16 103 148 27 57 137 66 94 109 178 385 386
42 16 51 132 44 112 46 114 103 116 175 153 168 157 22 33 82 95 150 165 141 154 143 145 92 0 94 151 85 140 32 144 37 186 381 382
93 155 44 38 141 85 81 134 116 22 33 63 133 175 109 76 168 170 74 95 19 165 154 47 32 94 41 383 384
47 145 92 138 151 27 153 155 76 133 126 132 33 66 134 176 112 46 116 63 105 52 186 175 164 56 100 157 159 7 37 95 41 150 165 167 381 382
145 28 111 156 137 56 60 135 105 25 157 148 132 152 66 30 94 103 133 52 33 175 76 95 46 172 49 0 176 34 386 387
0 70 85 19 74 135 126 172 132 66 178 114 103 116 41 30 164 32 153 102 157 159 95 152 141 154 134 81 380 389
70 76 146 135 7 181 132 46 112 23 103 49 162 175 164 51 32 100 155 168 60 41 148 95 165 154 143 156 27 92 81 94 72 85 382 383
63 126 30 176 189 178 112 22 105 164 100 155 159 19 95 34 150 32 143 56 134 94 138 151 140 14 144 186 133 135 38 382 383
126 116 112 46 138 19 175 28 81 92 168 7 60 41 16 176 178 14 23 102 162 151 164 51 30 146 135 137 103 141 385 386
82 16 46 134 178 19 28 105 81 32 56 7 164 41 157 170 95 167 76 27 57 30 138 151 135 148 22 52 33 383 384
56 23 167 38 143 156 30 155 144 148 137 16 25 189 112 105 28 175 109 164 111 41 100 170 172 14 44 381 382
116 137 150 85 66 100 143 114 46 181 170 72 159 34 176 32 111 92 165 154 37 156 60 41 44 157 27 133 135 385 386
137 143 178 138 72 175 111 92 170 172 133 14 25 165 154 112 76 27 162 66 164 140 144 109 150 22 386 387
135 150 95 143 72 28 81 111 92 41 181 103 133 25 57 165 178 167 94 153 157 148 386 387
150 114 44 25 74 38 72 102 51 175 60 109 105 103 170 33 112 176 154 167 134 19 94 162 32 37 159 386 387
74 140 153 19 133 148 7 141 60 41 134 189 178 25 114 23 186 57 164 66 51 100 168 181 157 95 152 167 52 156 92 105 94 138 382 383
140 138 49 72 102 168 181 32 92 170 172 7 37 105 16 165 154 25 76 57 151 155 66 144 157 146 94 152 141 52 33 46 386 387
32 143 103 37 92 94 162 153 133 148 14 141 134 176 189 178 52 111 157 170 159 172 95 46 167 380 381
143 92 167 156 16 114 153 155 168 27 57 157 159 66 51 60 189 133 33 112 76 46 85 49 34 170 28 386 387
51 156 105 14 44 94 85 27 100 76 144 157 49 141 28 37 57 178 138 16 114 109 23 38 34 60 181 172 95 176 152 381 382
156 60 189 16 152 103 112 175 57 38 170 30 178 141 22 146 144 148 153 159 19 49 34 28 387 388
109 134 189 178 114 85 66 100 175 164 111 168 157 172 95 154 102 162 34 155 144 60 148 16 44 384 385
134 153 155 33 148 95 25 176 189 19 178 38 102 132 28 111 92 175 164 60 105 181 103 159 14 23 152 76 57 66 100 138 151 386 387
132 162 52 155 157 133 146 114 95 19 28 189 178 81 111 37 186 175 44 25 181 23 76 57 176 66 100 154 167 385 386
28 94 138 153 7 133 146 16 14 181 66 176 189 105 175 111 34 155 168 157 172 44 380 381
60 33 46 81 94 151 153 144 157 133 37 66 14 25 138 72 175 164 181 102 159 382 383
22 141 66 176 189 105 52 111 181 102 170 172 95 152 33 154 167 103 37 94 138 151 153 76 144 19 133 25 27 148 380 381
153 155 49 102 34 92 41 133 178 76 57 175 85 66 100 30 168 94 170 159 165 52 154 146 16 164 387 388
27 41 175 157 170 95 167 37 92 81 138 30 85 76 133 141 66 176 178 114 52 186 380 381
41 152 165 167 103 148 181 141 189 57 112 7 37 186 16 111 100 168 102 49 25 172 381 382
159 114 133 148 25 23 151 100 189 154 186 52 33 168 172 176 19 165 178 102 34 81 387 388
38 168 102 23 157 49 148 152 165 154 92 81 94 151 72 85 76 144 146 181 19 176 44 178 46 7 114 16 52 381 382
92 81 37 138 16 155 133 44 146 25 23 141 66 30 112 114 164 100 46 157 170 95 19 165 154 383 384
94 81 37 175 16 168 181 102 14 172 23 152 85 30 105 151 52 33 146 141 49 383 384
105 81 165 154 167 33 144 133 148 141 19 112 7 114 14 44 25 23 157 72 102 384 385
172 152 103 133 14 44 23 57 85 66 168 189 33 186 175 146 114 95 157 49 72 151 102 7 154 388 389
23 164 111 100 155 19 152 44 165 16 81 138 151 14 144 146 66 176 189 57 380 381
164 57 72 102 85 66 81 111 154 133 33 46 155 181 16 25 387 388
138 151 144 37 16 141 114 14 189 178 102 186 111 175 100 170 103 133 167 46 162 386 387
151 162 72 81 111 157 7 37 14 189 76 57 85 100 186 175 168 181 170 33 114 46 167 148 386 387
14 157 49 44 165 154 81 30 85 19 144 133 146 16 57 112 46 52 186 162 175 100 155 380 389
30 19 52 186 34 155 157 49 95 165 33 37 81 72 76 146 380 381
100 114 57 175 85 81 181 102 176 165 154 33 46 162 148 7 37 16 178 384 385
162 102 81 111 186 154 103 168 112 76 57 19 141 37 52 114 144 148 44 387 388
175 57 155 85 168 141 52 148 189 19 81 37 154 103 25 167 176 388 389
44 49 165 85 76 186 133 146 141 176 189 167 114 103 52 381 382
85 170 16 95 152 165 167 103 57 66 155 144 141 189 383 384
103 81 178 112 154 167 33 76 66 146 19 16 72 181 384 385
57 168 157 52 165 46 154 34 155 144 7 133 148 176 189 112 186 382 383
76 111 19 168 72 34 176 154 167 16 133 146 189 178 33 383 384
133 170 46 165 19 154 7 37 16 144 114 141 189 386 387
170 167 181 66 176 52 165 146 144 95 157 102 189 7 37 387 388
186 49 52 146 16 95 46 111 154 33 112 388 389
66 52 111 168 157 165 34 81 37 144 25 178 114 382 383
167 168 154 178 112 155 19 52 165 146 148 102 81 387 388
168 112 178 33 114 95 19 72 102 7 16 189 387 388
189 146 148 178 157 19 81 16 152 25 112 176 155 388 389
114 152 52 49 72 34 7 178 157 385 386
33 181 7 176 178 52 34 148 152 141 37 81 72 144 380 381
112 181 152 46 49 155 157 141 102 81 384 385
181 176 155 37 52 144 148 25 72 81 388 389
19 25 7 141 46 111 34 102 157 154 380 381
46 141 176 178 34 111 102 49 7 155 381 382
7 141 37 72 144 146 49 148 152 380 389
141 52 25 72 176 178 154 144 157 386 387
154 178 16 25 387 388
144 146 148 49 152 37 165 178 52 95 386 387
146 95 25 49 72 102 37 155 157 148 386 387
148 95 152 111 165 34 37 386 387
102 157 52 178 49 34 81 152 384 385
16 152 37 111 155 25 380 389
95 25 52 176 152 49 34 81 384 385
157 72 111 152 155 34 387 388
81 37 155 52 49 383 384
49 178 52 25 111 34 152 381 382
152 165 25 72 111 387 388
34 72 178 111 155 165 380 381
165 155 52 25 72 111 387 388
25 176 37 52 380 381
155 111 52 387 388
111 52 37 176 384 385
52 37 381 382
72 37 382 383
37 178 380 381
178 176 388 389
176 388 389
234 345 237 231 239 281 351 285 210 353 342 289 219 278 267 232 269 282 198 350 271 286 341 275 330 343 220 190 334 376 268 336 257 312 259 327 208 316 329 371 318 331 320 375 206 221 243 311 324 366 215 368 260 302 315 236 357 317 238 359 251 372 306 240 253 374 363 244 365 218 367 288 203 301 235 381 382
345 319 219 294 324 328 365 198 367 262 273 326 192 237 371 256 207 241 271 301 373 335 265 250 280 231 353 366 355 368 214 244 289 357 208 274 346 193 223 253 287 298 350 321 352 232 277 330 281 311 356 230 211 275 305 347 320 254 224 316 267 297 327 242 272 261 336 195 206 340 240 334 236 315 387 388
222 291 219 293 213 227 194 269 282 229 198 271 286 275 207 330 201 216 279 336 257 378 195 259 272 214 327 261 274 263 204 318 193 252 373 254 375 309 243 256 245 366 247 368 260 302 315 238 359 306 319 253 209 190 242 363 297 310 299 199 354 203 235 371 305 294 228 230 351 364 221 340 232 236 278 380 381
291 203 329 318 331 216 261 322 225 324 229 259 210 313 326 274 315 328 370 304 287 238 268 249 319 374 308 363 247 297 277 310 301 226 356 207 292 305 360 294 284 235 349 269 309 364 298 199 233 214 366 342 355 248 253 257 335 295 191 232 285 341 215 279 260 330 334 258 262 243 224 340 241 271 384 385
206 283 296 217 230 351 191 202 208 355 331 278 346 214 348 269 282 284 326 218 339 273 207 262 275 317 209 330 264 211 332 253 266 321 213 197 376 268 257 270 325 246 314 252 373 320 241 362 254 375 322 311 194 245 366 379 198 315 192 196 240 229 242 233 354 288 356 224 279 239 360 281 294 380 389
283 270 290 210 274 334 215 349 219 340 217 247 329 262 342 192 226 256 375 241 235 265 326 315 328 317 263 306 319 212 242 223 253 378 312 191 356 232 369 266 316 305 200 230 307 264 309 364 298 353 239 243 355 224 368 289 302 344 237 218 346 293 252 267 361 295 350 197 227 284 280 341 288 225 383 384
285 347 195 225 259 204 316 329 219 318 333 198 324 313 256 370 304 317 220 372 306 205 284 308 363 310 378 233 263 214 367 278 208 356 369 290 223 305 360 307 349 251 202 232 255 366 300 200 279 230 211 355 357 359 209 335 348 273 295 337 350 339 199 341 252 203 282 288 343 216 197 227 280 384 385
347 204 338 319 268 213 217 349 198 192 196 305 241 201 205 250 329 280 377 314 344 379 233 214 244 278 312 293 323 212 272 223 372 287 257 321 302 191 378 300 311 200 211 369 275 264 339 290 360 209 239 190 362 375 273 303 337 318 351 252 203 368 331 310 348 336 195 350 363 229 259 352 289 387 388
326 348 254 363 318 299 199 233 341 316 267 216 246 332 227 272 231 325 276 336 210 327 329 219 344 249 333 213 194 198 322 273 379 237 226 301 372 374 250 314 295 214 244 367 289 312 293 274 358 253 287 238 298 321 232 351 364 217 236 311 355 368 200 196 275 305 309 346 209 239 190 386 387
348 307 237 218 379 241 335 286 227 372 231 374 333 225 376 308 259 378 342 274 367 369 317 268 249 358 213 217 247 198 228 351 364 353 196 275 226 339 357 205 235 288 318 299 350 352 327 278 354 223 325 276 191 221 232 338 215 230 260 313 294 239 375 262 341 243 322 273 224 303 377 387 388
219 290 237 195 294 349 296 215 351 232 289 217 198 225 346 335 269 207 284 339 273 286 220 205 330 264 279 321 214 334 255 268 336 257 314 248 261 316 250 371 373 265 307 320 309 243 364 256 377 379 247 368 302 315 190 304 238 293 306 361 308 376 244 299 354 246 367 288 301 380 381
196 238 359 251 306 240 361 374 295 190 242 352 244 365 299 233 354 301 358 292 226 294 228 241 296 364 298 340 221 342 355 344 357 333 346 293 214 227 269 194 339 273 328 262 209 330 198 332 266 279 321 268 323 215 336 270 195 259 261 274 316 329 263 197 318 210 254 375 309 203 370 380 389
238 207 290 303 305 351 243 233 287 342 276 289 357 280 282 191 221 202 232 339 236 286 288 211 330 343 277 266 321 190 323 336 224 257 270 325 237 261 316 263 216 320 254 267 309 322 256 366 258 379 247 368 204 249 370 253 213 194 255 376 310 228 378 299 312 192 246 367 301 381 382
227 342 355 331 344 278 197 282 271 195 225 328 275 330 319 332 266 321 334 376 323 378 270 312 259 327 261 371 226 320 241 362 309 322 190 364 366 300 302 236 370 304 372 208 306 240 361 223 295 229 350 363 231 244 191 233 246 343 235 303 237 239 360 349 194 296 351 340 353 380 381
342 280 310 340 259 353 240 366 334 274 204 319 215 287 317 268 332 361 198 363 262 281 354 275 305 256 207 343 356 320 220 254 284 235 265 349 333 351 233 263 308 212 242 193 257 321 191 202 255 315 330 200 258 209 239 376 288 365 378 237 241 271 301 282 267 216 246 197 387 388
287 356 369 280 261 358 371 292 305 195 294 307 259 240 309 364 274 353 366 289 302 247 359 198 281 337 350 207 339 352 330 343 254 235 265 290 269 214 244 336 327 193 223 331 232 375 255 377 311 200 211 379 328 258 209 190 262 273 374 237 363 376 241 282 312 286 246 197 314 384 385
356 317 268 194 217 247 198 277 281 245 275 305 207 350 309 254 205 235 265 318 333 244 267 312 208 212 242 321 379 270 221 232 236 279 264 376 328 239 365 292 224 337 237 218 352 301 282 316 360 373 246 362 231 261 364 325 355 314 340 308 210 289 240 357 323 274 338 359 387 388
199 280 322 269 216 339 260 328 209 191 264 319 332 323 257 270 327 248 190 303 316 250 318 373 241 362 375 243 256 197 355 368 302 315 357 249 251 372 293 361 295 308 242 284 231 365 299 220 288 194 235 290 292 226 192 281 294 215 228 349 217 338 230 351 340 208 289 210 265 333 346 380 389
280 300 271 252 355 344 216 359 261 293 195 210 240 274 204 288 334 213 281 323 325 338 192 327 340 245 275 316 331 320 333 254 265 375 377 244 248 370 304 317 242 193 272 223 306 276 361 363 310 299 354 314 200 279 230 290 358 371 292 239 307 362 273 224 364 298 237 383 384
240 281 192 241 296 207 338 201 353 355 276 344 233 335 282 337 208 350 284 212 193 223 328 330 343 277 221 319 266 279 321 336 200 230 259 314 261 239 371 263 224 252 373 375 311 258 379 370 317 195 225 251 372 229 361 363 297 244 312 354 288 301 213 290 198 292 381 382
281 297 310 365 299 312 264 314 369 213 290 262 273 294 237 296 309 351 271 220 216 355 205 235 265 344 359 335 214 259 282 350 339 286 341 288 251 202 266 247 236 338 327 329 190 318 331 320 333 375 322 203 311 324 267 242 328 231 261 304 317 195 225 191 361 374 383 384
259 294 362 221 364 298 236 230 239 282 295 337 284 218 273 286 328 241 203 330 264 246 270 229 272 261 204 263 318 265 320 194 309 322 217 247 198 324 313 192 368 260 226 256 262 304 201 306 319 254 374 235 308 321 365 299 248 303 371 193 223 292 257 382 383
294 210 289 293 204 336 213 325 266 277 228 329 331 226 207 333 220 201 322 284 265 311 324 379 269 315 370 304 317 248 278 372 319 361 295 308 276 257 310 378 221 251 202 354 301 369 303 358 279 230 211 307 362 296 239 243 224 300 218 357 252 231 225 229 384 385
319 230 260 245 275 305 256 334 290 336 190 224 288 329 203 267 278 320 333 197 272 306 225 270 221 236 315 204 279 363 313 264 376 323 365 262 292 273 307 358 301 282 220 201 216 250 261 366 295 195 368 214 244 344 293 223 253 337 302 339 202 232 354 311 385 386
338 358 191 251 304 315 200 313 264 324 213 194 328 198 303 307 237 207 379 241 301 201 335 246 250 372 333 295 376 229 289 208 293 274 193 268 298 369 371 232 373 217 247 277 300 311 364 377 260 211 353 366 220 209 205 346 359 269 361 218 263 350 316 354 272 343 276 336 386 387
358 215 321 302 332 376 266 217 228 365 311 192 367 245 275 369 309 339 371 290 354 360 235 362 318 269 333 364 352 233 214 267 346 208 370 331 242 325 355 340 191 363 255 315 200 260 343 209 239 341 292 243 322 224 303 237 271 350 301 286 197 344 195 225 293 323 353 387 388
341 363 258 209 190 322 343 218 241 271 301 203 335 286 216 333 344 312 274 215 317 268 321 302 213 194 266 217 370 330 311 245 305 207 309 339 376 205 337 299 233 244 371 267 297 327 373 331 362 212 193 351 257 366 340 191 270 251 232 334 315 346 200 279 230 361 264 386 387
363 330 360 311 192 226 368 309 290 254 299 214 244 278 312 272 351 191 304 334 349 211 264 343 324 328 239 262 292 243 322 273 303 337 307 271 203 316 335 361 372 250 310 376 295 359 308 210 289 293 323 274 369 317 298 302 213 194 375 198 228 388 389
237 215 282 337 273 286 275 330 266 321 334 323 336 220 257 270 272 261 274 263 252 373 265 267 309 212 193 366 258 313 191 302 236 317 251 372 200 230 253 211 242 255 376 190 246 367 224 292 305 307 216 197 364 340 353 300 355 344 229 357 381 382
220 302 315 370 304 317 251 361 295 218 229 310 231 352 244 365 246 197 235 224 239 360 228 210 349 362 296 230 351 340 355 276 223 344 333 269 337 273 190 343 205 266 321 334 255 323 336 325 208 314 327 212 316 329 250 331 191 364 377 215 311 366 379 313 247 380 381
302 367 265 250 269 360 233 307 229 349 212 223 253 357 221 266 296 350 200 230 260 211 245 275 352 209 239 243 273 288 203 282 267 297 327 276 295 318 331 225 320 322 274 311 324 298 313 368 315 370 304 317 198 277 372 262 192 376 207 271 378 384 385
192 361 295 229 365 246 290 279 226 360 215 349 296 191 217 221 289 210 331 344 212 333 225 203 337 271 339 260 207 275 264 200 213 334 255 378 204 248 261 208 329 371 305 197 318 265 307 254 375 243 364 256 311 366 379 300 368 236 317 359 372 293 306 380 389
210 228 241 362 197 217 351 298 340 232 274 289 344 333 293 282 271 339 198 264 277 255 270 327 316 329 371 263 331 307 208 254 193 243 364 377 366 247 315 236 249 370 304 317 359 372 306 253 295 308 229 242 376 244 312 367 301 248 290 305 203 239 360 380 381
296 297 365 378 229 299 289 274 314 204 268 371 360 373 307 349 266 277 351 364 300 275 256 207 201 346 254 205 284 235 337 339 233 352 263 354 278 343 272 200 260 211 329 264 331 320 333 262 273 377 311 324 218 313 203 282 328 370 286 317 246 372 306 231 295 384 385
297 247 198 262 335 377 275 256 324 201 368 328 205 284 304 269 372 244 321 376 310 299 212 193 223 367 253 301 314 257 369 303 270 202 360 255 307 351 230 260 211 298 264 300 209 344 357 273 224 361 241 203 339 352 216 246 197 250 330 334 229 323 204 268 249 327 329 384 385
229 307 207 300 355 201 216 289 236 278 335 195 214 337 352 193 275 264 332 217 268 327 263 190 331 205 265 224 375 267 309 218 256 269 379 313 260 372 361 374 308 255 244 365 257 312 200 233 354 246 367 301 314 248 369 290 250 371 292 381 382
307 208 339 352 193 257 191 251 332 247 236 323 200 275 325 290 340 239 190 288 320 375 335 377 278 311 368 315 306 195 225 372 374 304 255 308 215 310 365 312 367 213 194 258 198 277 228 371 360 207 301 364 353 205 265 344 357 295 385 386
359 226 271 350 301 201 335 265 329 310 314 344 295 263 214 289 274 379 212 223 317 321 332 372 200 260 245 339 290 369 209 254 371 224 288 269 373 352 233 248 366 197 368 231 325 355 370 336 340 304 255 215 279 268 298 313 264 213 194 328 247 243 322 387 388
314 351 364 353 191 221 251 202 232 355 266 200 230 260 290 239 352 224 288 343 252 282 248 216 246 197 276 327 270 320 215 333 268 264 377 213 379 292 243 315 328 330 256 271 365 205 235 378 310 367 369 263 214 244 308 289 293 362 212 272 253 385 386
351 367 195 308 360 317 268 298 249 332 364 353 247 198 277 245 275 226 305 256 205 235 352 288 318 299 263 248 331 223 336 270 251 202 232 304 255 334 315 200 230 313 328 258 292 322 273 224 218 350 282 286 216 310 261 378 387 388
317 369 190 360 373 284 265 349 362 364 233 263 214 244 223 253 346 306 257 251 202 350 304 339 352 215 200 343 313 264 194 209 239 243 336 301 252 329 250 310 225 377 324 293 204 268 298 249 374 277 311 211 226 256 385 386
203 212 333 267 214 271 284 218 260 207 328 262 330 343 277 323 312 204 329 263 373 254 322 364 377 324 245 366 379 300 313 201 357 370 304 195 293 361 253 242 310 231 244 286 299 367 288 235 369 224 202 226 360 228 298 232 353 221 355 380 389
289 362 250 231 298 353 249 337 194 198 228 343 245 332 201 323 284 265 340 316 263 244 318 331 242 272 223 253 309 322 377 311 366 379 313 270 255 372 306 264 376 310 209 378 299 262 224 354 301 369 303 371 271 252 292 360 384 385
247 205 235 354 367 369 233 303 371 305 242 193 232 355 344 357 333 200 293 337 350 339 273 286 328 264 266 279 334 323 336 257 270 325 272 327 225 274 250 331 252 373 320 375 322 194 379 217 368 228 370 304 372 306 207 374 255 376 382 383
361 275 226 305 207 241 350 377 235 265 379 299 214 370 372 323 272 223 357 376 276 336 365 191 232 255 236 369 279 230 324 309 362 239 364 273 303 337 318 368 218 301 316 246 310 261 325 195 225 204 215 349 313 343 213 277 262 388 389
205 300 315 370 251 372 306 253 374 308 376 365 299 233 354 246 288 235 248 369 290 303 224 228 217 340 232 221 276 357 214 282 271 339 286 328 275 330 264 321 213 334 193 270 272 327 202 208 329 373 265 200 320 254 243 377 311 324 258 380 389
300 308 235 321 265 250 231 310 295 367 214 369 303 371 305 193 223 360 268 309 202 232 266 311 230 260 344 357 275 226 346 254 350 352 267 212 336 349 225 191 270 221 340 255 329 331 264 213 324 337 243 379 315 328 256 207 282 372 201 216 246 374 384 385
224 350 284 273 286 328 275 194 277 198 321 334 268 207 257 272 201 248 329 371 252 265 243 377 324 223 260 236 357 249 372 374 242 211 365 233 354 246 367 301 303 305 226 239 360 218 228 362 195 278 333 267 204 380 381
350 207 282 216 246 329 195 308 312 293 323 204 223 249 202 217 330 311 211 190 254 337 318 299 263 244 267 248 365 197 331 257 336 340 371 221 251 373 304 362 215 349 279 260 364 313 366 324 213 368 209 357 262 292 387 388
310 353 217 357 346 335 284 235 339 352 233 263 330 208 334 212 193 223 253 336 325 270 221 251 327 304 255 316 329 318 200 373 320 264 322 209 379 262 218 241 252 216 376 231 378 295 369 293 371 204 268 349 213 364 385 386
353 261 360 366 355 298 357 332 213 194 266 198 245 256 309 339 290 320 254 235 318 352 233 214 244 346 248 327 208 193 272 253 276 257 202 334 236 200 279 313 343 324 370 372 258 262 243 273 303 218 365 378 241 271 335 369 246 250 387 388
329 366 193 272 253 368 325 276 306 344 221 251 346 315 215 279 230 211 313 264 194 343 292 332 303 334 349 286 340 250 231 195 225 375 377 323 321 266 217 376 226 256 378 320 201 369 288 269 233 263 214 278 386 387
366 333 344 233 263 369 308 248 371 208 293 323 272 357 253 321 202 360 245 305 264 309 290 320 209 239 288 282 327 331 325 336 195 340 270 315 362 313 194 379 217 228 370 226 207 301 374 201 286 365 284 235 388 389
251 207 257 270 325 272 261 274 235 331 214 256 377 208 311 193 313 223 260 304 232 306 295 200 211 365 367 209 190 305 360 218 349 362 241 250 276 357 225 333 346 293 335 269 204 215 273 328 213 330 343 228 334 255 268 323 382 383
355 261 333 344 295 225 293 268 298 249 332 266 217 330 374 211 376 275 290 320 284 235 369 318 233 316 346 327 278 208 364 212 272 223 368 357 340 191 202 255 334 315 349 230 264 343 324 194 262 241 301 286 216 387 388
268 369 292 230 349 258 190 340 243 218 357 241 346 293 335 197 250 261 328 277 332 334 249 336 270 213 325 194 217 198 228 274 331 320 201 254 324 235 379 313 368 233 304 248 295 242 253 376 365 378 221 232 383 384
369 370 321 332 372 374 217 277 211 275 226 305 373 299 352 346 327 278 197 242 272 276 191 304 334 368 215 349 200 260 362 264 228 292 273 218 207 201 365 216 261 225 377 379 323 204 223 357 388 389
226 204 215 295 308 255 352 213 246 288 198 235 305 360 228 362 298 340 276 333 346 208 335 193 339 273 286 328 221 202 275 330 264 277 332 321 323 336 257 209 327 261 371 218 373 309 243 377 245 258 195 225 249 304 380 381
308 349 290 284 265 357 233 263 244 248 278 208 352 223 276 330 343 332 191 221 304 255 200 279 230 325 258 209 318 331 292 303 322 241 271 311 252 324 286 246 328 370 261 225 293 323 274 204 365 312 367 316 194 371 266 385 386
198 286 299 301 290 303 360 349 362 232 274 221 276 223 333 225 346 267 269 282 337 218 260 207 328 194 343 200 376 202 323 312 204 208 305 318 265 375 309 201 256 377 245 258 193 368 370 191 380 389
217 195 244 299 312 354 367 301 248 290 303 371 292 360 194 243 364 276 207 344 278 201 293 335 337 218 273 286 328 275 288 330 208 343 266 334 316 211 373 209 190 377 311 324 245 258 368 370 295 242 255 380 381
215 279 272 340 213 221 276 223 344 333 269 271 339 260 195 253 266 321 208 376 312 327 248 316 202 250 263 239 241 375 322 364 311 245 313 190 368 370 304 372 295 242 284 365 212 193 354 288 301 235 290 191 380 381
261 257 276 344 191 202 346 236 335 260 337 271 284 339 258 239 262 343 277 332 266 279 334 252 325 327 274 371 331 373 322 204 379 249 313 194 370 304 228 374 365 201 354 254 292 305 360 233 208 212 382 383
315 323 336 284 299 327 233 278 193 223 322 306 257 324 379 191 202 255 370 211 313 264 374 376 258 209 378 262 292 354 367 301 252 216 250 357 293 274 298 194 352 266 277 228 328 330 305 207 309 290 385 386
312 318 360 373 277 311 357 239 190 284 218 352 267 248 354 242 343 306 332 334 270 336 349 204 279 230 327 213 194 228 243 273 303 335 324 379 207 241 271 301 282 328 216 374 295 321 214 323 365 378 208 325 298 316 385 386
318 208 193 272 368 257 370 270 221 372 232 304 374 236 321 200 230 260 313 258 262 273 303 360 373 218 271 364 357 195 346 337 352 298 213 343 228 311 336 245 256 309 290 265 269 331 244 322 335 248 385 386
194 299 233 354 277 279 292 228 272 208 221 265 278 212 333 216 337 258 262 275 209 330 253 374 266 200 321 323 257 378 325 246 248 303 371 263 197 239 252 243 377 298 232 236 306 231 380 389
299 311 379 228 313 368 245 290 374 284 378 301 263 214 244 303 267 248 371 242 362 257 191 221 340 255 344 357 346 335 258 239 262 339 292 273 218 330 332 321 246 336 295 225 327 316 274 204 333 309 384 385
235 313 304 228 253 374 376 352 201 233 349 241 362 298 223 274 276 344 191 278 221 269 284 286 275 330 332 279 255 336 270 325 216 197 263 331 265 320 254 375 267 322 364 256 258 381 382
364 295 195 323 253 321 266 360 375 230 245 275 305 339 290 190 254 284 370 352 316 267 346 278 212 242 276 306 336 225 221 334 204 200 279 249 264 324 328 258 241 301 282 388 389
207 293 306 374 242 352 365 286 246 301 290 279 360 362 230 208 276 344 225 346 335 269 216 337 271 284 328 262 275 201 211 213 255 323 378 248 250 263 265 241 245 313 236 249 380 389
288 311 324 379 313 277 228 262 243 370 306 374 323 365 265 250 214 371 292 373 242 309 298 202 232 368 266 344 357 200 293 211 245 209 352 354 269 290 263 252 267 216 246 197 327 340 195 270 255 322 384 385
311 269 376 263 244 378 354 367 208 200 279 264 258 209 190 335 262 339 301 330 343 216 246 332 250 231 334 195 325 293 327 340 249 331 333 266 377 275 256 309 201 372 254 385 386
367 213 245 374 320 376 284 263 244 371 346 212 242 193 253 325 276 306 340 232 368 255 236 370 279 313 324 328 190 322 218 271 301 252 282 354 335 286 365 246 197 231 333 225 293 323 274 204 357 298 388 389
208 193 252 320 254 375 309 243 191 377 258 200 357 249 304 372 306 374 354 301 290 303 292 228 298 331 223 344 278 212 202 216 218 339 328 330 332 321 334 323 378 325 250 197 380 389
221 257 378 325 272 327 263 331 320 267 322 245 258 213 368 304 306 374 352 246 305 239 349 212 193 232 191 223 344 278 346 335 269 337 339 209 273 275 330 277 218 266 279 321 323 197 380 381
257 232 331 200 230 245 320 267 239 324 258 260 370 374 365 290 303 371 204 305 249 349 276 344 357 278 335 269 337 254 271 250 262 275 244 343 277 248 332 212 242 193 223 323 270 272 382 383
321 260 211 245 305 371 264 309 320 375 273 303 368 316 267 197 346 231 306 270 304 204 298 249 277 228 327 340 256 301 344 201 286 333 265 295 328 278 242 253 378 236 385 386
265 248 368 193 223 253 304 293 202 232 376 236 352 365 354 211 264 303 305 209 362 274 276 246 344 278 231 346 337 284 204 249 334 228 378 270 325 272 256 373 309 322 214 244 382 383
284 313 243 368 218 241 282 306 376 231 378 195 290 303 360 349 249 266 228 256 293 335 201 295 190 352 286 269 330 233 263 343 214 244 212 253 323 270 202 331 230 260 375 324 209 383 384
313 332 334 263 336 267 248 223 327 340 306 270 232 333 304 255 375 324 258 209 292 372 243 374 301 323 282 286 246 250 295 360 373 349 298 344 346 245 305 339 309 201 385 386
242 316 252 373 254 256 377 324 258 379 368 260 249 262 372 306 212 193 255 365 354 246 248 303 236 305 200 360 362 190 357 218 333 269 337 271 231 339 286 195 277 204 378 272 228 274 381 382
316 223 253 320 333 335 191 324 337 379 236 370 200 260 264 374 239 190 273 303 378 218 271 267 197 360 250 231 375 204 298 213 266 292 354 245 256 241 201 334 254 269 325 263 214 244 340 331 385 386
305 372 204 306 223 253 376 365 378 266 371 211 256 360 290 190 254 214 344 267 337 191 270 332 279 336 213 209 239 228 292 241 282 286 309 322 379 195 225 370 385 386
372 339 290 320 201 337 352 327 212 272 276 340 370 270 232 349 230 211 343 328 258 239 243 273 303 218 241 271 301 252 282 216 246 377 250 344 204 374 213 378 388 389
191 270 204 193 274 197 320 267 377 253 295 255 244 365 233 290 371 349 241 362 230 340 232 236 357 212 225 346 282 216 218 339 328 262 330 277 332 266 213 334 202 380 389
270 272 255 340 200 230 211 209 190 309 322 262 218 252 370 246 306 231 376 195 225 378 301 204 290 371 292 373 362 245 344 278 335 267 275 330 332 253 279 336 383 384
378 202 232 266 236 330 360 260 339 320 209 373 303 337 371 233 282 346 327 231 306 195 225 204 264 343 324 377 228 262 243 375 379 201 365 333 214 293 274 332 388 389
254 368 212 223 253 255 236 354 200 230 211 303 292 360 209 239 362 243 252 344 278 282 337 195 271 339 352 286 275 343 249 334 213 263 373 201 320 333 375 267 322 377 258 379 382 383
295 201 286 250 337 263 352 248 278 328 330 272 223 334 232 323 266 325 211 245 258 239 190 375 273 309 322 377 218 379 368 216 246 197 376 204 279 249 213 349 362 384 385
248 252 373 309 322 256 269 324 379 249 262 306 209 239 253 190 255 376 218 233 354 212 349 298 340 276 230 357 346 213 335 243 339 286 328 343 201 216 334 231 336 225 263 223 382 383
252 333 346 293 212 223 269 282 271 273 202 330 343 277 200 211 266 323 190 325 272 243 327 218 263 331 241 375 216 322 256 377 231 255 213 365 354 228 290 371 360 349 201 298 233 214 244 278 382 383
339 370 322 273 218 241 271 301 282 365 197 231 360 323 274 204 332 368 277 346 245 275 337 263 244 349 278 212 223 325 306 279 230 260 264 328 386 387
370 290 354 269 333 263 244 327 278 331 212 193 272 253 202 232 236 279 260 376 264 324 258 209 262 292 243 373 301 246 197 225 323 274 266 330 256 388 389
269 379 233 368 267 216 246 306 374 195 225 354 301 249 292 349 243 298 344 201 250 282 271 263 214 244 286 343 212 332 323 232 325 236 272 327 340 230 274 373 333 309 383 384
324 343 332 233 244 267 336 197 276 306 304 333 200 377 379 239 228 292 303 374 271 376 216 354 250 231 195 371 293 323 253 298 249 340 213 344 335 320 386 387
230 279 325 272 213 250 331 320 375 322 243 256 245 379 368 236 249 374 352 244 365 223 301 290 349 241 232 357 333 335 337 273 216 197 328 275 343 381 382
290 304 306 228 376 354 245 256 271 303 362 298 212 293 232 266 255 279 260 211 343 243 336 246 331 373 250 309 225 274 368 204 384 385
373 278 293 193 223 357 202 266 236 330 360 200 211 245 264 309 239 190 243 375 273 303 337 377 267 327 276 306 225 255 274 213 328 277 228 256 320 365 250 379 388 389
193 371 241 245 379 368 236 190 293 306 253 374 352 244 286 354 246 301 340 331 344 278 212 346 214 335 282 216 337 260 273 328 262 332 266 334 255 376 323 327 380 389
325 327 340 236 279 333 335 264 337 379 258 209 239 190 262 292 243 322 328 301 374 286 376 216 246 250 195 293 274 360 204 298 213 277 275 309 320 201 244 334 253 386 387
327 375 202 377 236 368 211 264 258 209 239 262 292 243 322 376 241 271 282 216 371 274 344 346 266 245 309 201 336 340 212 223 386 387
223 197 375 236 357 249 304 213 374 365 354 246 303 201 214 340 232 212 267 335 260 273 262 275 343 264 277 266 272 380 381
195 276 225 346 337 218 286 262 330 343 211 332 279 200 213 334 272 250 263 320 267 309 256 258 379 368 249 304 306 253 352 244 354 301 303 239 349 380 389
200 332 266 255 202 272 371 263 331 320 309 201 322 243 377 197 379 236 231 352 349 241 362 298 340 357 278 212 225 273 330 380 389
332 279 211 328 258 209 190 292 322 273 303 218 271 282 216 246 197 346 225 337 204 249 213 334 330 245 320 375 377 214 244 278 212 276 202 304 255 236 386 387
258 273 275 330 214 244 279 212 253 336 272 202 274 232 255 331 333 211 375 267 309 322 209 260 262 374 250 360 349 362 298 213 228 276 357 278 256 293 382 383
273 209 190 352 343 271 334 246 197 331 375 249 322 368 304 256 374 201 263 292 360 212 272 362 232 255 260 346 293 337 383 384
202 204 320 190 375 377 379 236 357 249 293 306 374 231 365 286 343 279 292 362 340 276 201 278 333 225 267 282 271 218 328 262 209 264 277 211 266 376 336 380 389
260 323 233 214 244 272 212 371 331 320 267 309 377 255 213 239 374 376 352 354 216 303 246 292 225 340 274 276 249 278 232 335 282 271 286 328 382 383
279 334 264 336 243 218 241 320 333 216 368 304 274 204 374 253 365 266 277 303 292 211 245 190 214 344 244 267 346 278 293 337 255 383 384
232 250 263 241 256 245 379 357 306 352 365 233 354 246 214 272 344 333 346 335 209 337 262 330 277 253 266 216 323 381 382
278 320 333 216 309 368 274 374 213 365 266 277 354 303 371 256 292 362 263 244 335 282 352 255 236 343 264 334 336 190 243 218 241 383 384
209 275 330 190 266 213 197 320 377 245 379 236 357 304 253 231 244 365 233 246 239 241 274 276 212 214 335 337 271 218 380 381
253 211 371 245 190 309 322 379 368 233 293 374 286 354 301 362 298 340 274 276 346 231 262 343 277 255 323 228 272 382 383
272 331 375 377 368 243 306 374 201 216 197 354 303 225 349 362 204 249 357 228 293 282 337 286 328 190 277 334 244 323 383 384
340 276 336 264 377 228 374 335 286 365 250 233 263 371 293 274 360 212 330 211 352 243 337 282 267 216 231 386 387
264 330 277 266 243 323 336 216 197 250 231 375 267 322 225 377 304 249 262 245 292 298 214 357 282 286 328 211 382 383
330 376 309 328 243 322 371 250 225 357 346 298 249 228 343 245 275 256 201 349 335 337 306 379 255 386 387
241 346 282 286 354 275 343 277 266 323 239 190 331 214 333 375 267 197 368 262 236 255 244 365 371 292 360 298 216 357 225 381 382
346 335 286 246 197 379 344 293 204 266 277 228 275 309 362 368 263 357 331 276 336 352 354 255 236 190 262 292 387 388
197 276 267 335 282 337 271 328 262 211 376 336 204 250 263 201 377 245 236 357 249 293 306 374 231 233 354 246 303 239 360 274 380 389
276 231 331 225 320 375 255 377 204 249 328 213 304 228 262 376 256 365 201 301 303 250 371 292 309 357 211 245 275 343 190 336 267 383 384
322 214 244 343 323 239 333 375 292 303 218 271 328 286 216 231 376 293 204 298 249 213 349 228 275 309 344 337 385 386
190 277 211 371 320 362 309 243 377 245 379 368 236 249 293 231 352 286 301 360 336 349 331 225 335 216 380 389
212 320 267 256 377 245 379 249 204 304 306 374 376 231 244 246 239 228 349 362 236 357 214 335 337 328 277 266 213 380 381
211 266 255 376 250 371 320 362 375 309 245 379 357 374 231 365 286 354 292 239 360 228 333 214 335 337 271 218 275 380 381
333 246 231 306 225 352 354 298 277 292 256 301 201 214 293 274 266 376 275 309 303 218 263 386 387
243 286 328 275 343 277 323 274 250 320 375 267 218 249 306 255 376 365 204 303 349 228 344 357 293 381 382
262 352 239 286 354 343 323 246 225 320 204 249 328 228 201 250 301 371 214 349 362 236 282 337 382 383
204 292 362 274 344 225 335 275 343 334 323 371 263 236 357 249 376 231 352 244 233 301 380 389
292 354 213 334 323 336 245 275 256 233 377 374 255 236 371 360 349 218 362 298 250 344 225 384 385
349 304 334 323 298 277 275 256 201 263 244 306 360 362 343 309 368 303 337 218 301 286 352 231 354 387 388
228 246 301 362 331 344 335 271 214 328 266 334 336 375 309 256 377 245 357 249 216 304 306 381 382
213 233 362 216 218 275 343 277 266 255 376 250 201 320 375 309 245 379 231 352 380 381
233 256 377 245 379 368 201 376 244 214 301 239 362 298 344 236 357 293 352 286 218 328 277 216 334 336 225 274 381 382
218 282 337 376 323 250 371 375 236 304 244 365 214 286 303 360 362 298 344 225 267 380 381
250 344 357 293 282 352 275 343 239 336 216 246 274 331 375 256 368 328 304 374 365 360 244 298 382 383
336 255 375 377 368 271 335 374 376 225 323 371 298 249 362 344 256 320 337 263 214 306 386 387
335 344 357 267 216 231 352 354 334 274 328 245 256 271 201 377 379 266 255 371 375 239 303 386 387
344 286 216 246 231 368 293 323 266 277 309 263 375 304 255 334 376 301 387 388
271 293 267 286 216 231 343 334 274 331 375 377 245 256 379 368 328 263 244 376 365 360 362 309 239 357 383 384
360 357 266 277 362 375 245 275 256 320 337 263 255 334 343 303 282 286 246 225 387 388
245 306 374 214 244 354 301 362 239 293 282 286 231 277 266 225 274 331 320 381 382
306 275 256 201 375 263 267 368 328 374 304 236 362 303 286 225 352 334 323 385 386
286 282 201 246 244 323 375 275 304 374 263 365 303 255 249 384 385
244 256 368 249 374 303 236 331 282 231 334 255 371 381 382
201 236 357 304 293 231 365 354 303 239 274 282 216 277 376 246 263 320 375 309 298 380 389
236 214 371 331 320 309 377 379 374 255 352 301 239 231 298 293 343 277 334 381 382
303 298 249 266 343 277 275 377 368 304 376 354 301 362 216 225 384 385
343 375 379 293 368 374 266 309 320 371 362 267 357 334 352 387 388
301 266 277 354 323 263 214 331 320 375 371 309 274 298 384 385
362 357 298 249 266 277 256 377 379 376 334 328 354 216 246 225 388 389
231 293 282 337 275 274 331 267 309 256 379 249 304 374 255 376 365 246 225 239 298 381 382
357 246 274 277 256 239 352 249 387 388
275 374 239 354 225 274 249 282 337 214 320 379 255 383 384
354 328 256 293 309 337 376 216 331 304 334 274 249 368 387 388
365 277 320 352 263 214 331 304 328 239 282 246 274 375 298 368 388 389
368 214 267 376 337 282 331 225 274 277 388 389
328 334 216 246 331 379 298 256 352 386 387
293 246 298 225 214 274 334 256 331 374 323 384 385
266 216 282 337 277 323 375 377 374 376 383 384
298 371 274 249 277 352 263 214 334 267 255 375 309 377 282 384 385
256 352 239 337 216 334 249 371 331 267 377 304 382 383
320 267 304 239 337 352 225 274 334 331 377 379 214 385 386
277 239 246 249 323 331 263 375 309 267 379 304 383 384
249 282 337 255 376 323 216 371 263 225 309 377 304 352 382 383
304 263 267 255 374 323 371 282 375 246 225 334 385 386
371 337 352 267 375 246 377 323 388 389
267 375 377 255 376 216 246 225 214 282 352 323 331 383 384
376 375 282 374 274 388 389
379 352 214 377 239 282 216 246 274 388 389
214 374 239 274 225 282 216 323 263 331 380 381
309 246 337 352 331 377 385 386
352 377 374 282 216 334 387 388
377 255 334 216 323 274 337 388 389
282 334 331 263 374 239 383 384
255 274 239 375 382 383
216 334 274 239 380 381
323 239 374 386 387
225 337 334 263 375 380 381
331 374 246 375 239 263 386 387
246 337 381 382
334 239 386 387
239 375 337 381 382
374 263 375 388 389
375 337 388 389
337 263 386 387
263 274 382 383
274 383 384
380
381
382
383
384
385
386
387
388
389
