#/usr/local/lib/python3.10/dist-packages/colab_kernel_launcher.py -f /root/.local/share/jupyter/runtime/kernel-dea7114a-48f2-47cd-9840-9590734c419b.json
# GMT Thu May 23 16:31:05 2024
# 
6 18 11 20 2 15 4 8 5 19 0 12 1 14 7 16 9 42 43 45 46 49 50 52 53
18 8 12 15 4 5 0 13 17 1 14 3 20 10 16 2 44 45 47 48 51 52 54 55
16 20 11 0 5 19 7 9 13 1 14 3 10 2 4 43 44 47 48 50 51 54 55
20 10 12 2 8 19 0 17 1 5 7 9 13 14 44 45 47 48 51 52 54 55
7 17 10 19 0 14 5 11 3 13 2 15 4 8 42 43 45 46 49 50 52 53
17 9 13 3 14 10 12 2 4 8 11 0 15 19 43 44 47 48 50 51 54 55
4 9 2 11 15 8 10 1 3 12 5 14 42 45 46 48 49 52 53 55
9 8 10 19 12 0 14 1 3 11 13 15 42 43 46 47 49 50 53 54
3 13 15 8 10 19 1 12 11 2 0 42 45 46 48 49 52 53 55
13 19 12 14 5 0 11 1 10 15 43 44 46 47 50 51 53 54
5 10 0 19 12 14 1 2 15 8 42 45 46 48 49 52 53 55
10 1 15 12 2 8 0 42 43 46 47 49 50 53 54
8 11 1 19 12 0 14 42 43 45 46 49 50 52 53
0 11 15 1 19 42 44 45 48 49 51 52 55
19 1 14 2 11 15 44 45 47 48 51 52 54 55
11 14 2 1 15 12 42 43 46 47 49 50 53 54
14 15 12 2 43 44 46 47 50 51 53 54
2 15 1 12 42 44 45 48 49 51 52 55
12 1 15 43 44 46 47 50 51 53 54
15 43 44 47 48 50 51 54 55
1 42 44 45 48 49 51 52 55
27 39 41 24 34 23 36 25 29 38 26 31 40 33 22 28 37 42 43 45 46 49 50 52 53
39 29 40 33 36 26 34 21 32 22 24 30 41 31 37 23 44 45 47 48 51 52 54 55
37 41 21 38 26 40 30 34 22 35 24 31 33 25 29 43 44 47 48 50 51 54 55
41 31 33 23 25 40 21 22 26 28 30 34 35 24 44 45 47 48 51 52 54 55
28 38 31 40 21 33 35 22 32 24 34 23 36 25 29 42 43 45 46 49 50 52 53
38 34 22 24 35 33 23 25 29 32 21 36 26 40 43 44 47 48 50 51 54 55
25 30 32 34 36 29 21 31 22 24 26 35 42 45 46 48 49 52 53 55
30 31 40 33 21 35 26 22 24 32 34 36 23 42 43 46 47 49 50 53 54
26 31 21 35 22 24 32 23 36 29 42 45 46 48 49 52 53 55
31 36 33 35 23 29 32 21 34 42 43 46 47 49 50 53 54
21 35 23 32 34 29 40 24 42 44 45 48 49 51 52 55
29 32 22 34 36 40 33 35 42 43 45 46 49 50 52 53
32 35 23 22 24 36 40 33 42 43 46 47 49 50 53 54
35 40 34 24 33 23 43 44 46 47 50 51 53 54
23 34 36 22 40 33 42 44 45 48 49 51 52 55
34 40 22 36 43 44 46 47 50 51 53 54
22 36 24 33 42 44 45 48 49 51 52 55
36 24 33 40 43 44 47 48 50 51 54 55
40 24 33 44 45 47 48 51 52 54 55
24 33 42 45 46 48 49 52 53 55
33 43 44 46 47 50 51 53 54
42
43
44
45
46
47
48
49
50
51
52
53
54
55
