#/usr/local/lib/python3.10/dist-packages/colab_kernel_launcher.py -f /root/.local/share/jupyter/runtime/kernel-dea7114a-48f2-47cd-9840-9590734c419b.json
# GMT Thu May 23 21:46:25 2024
# 
15 21 1 23 14 3 16 25 18 12 2 6 27 20 0 11 24 17 5 7 9 57 58 61 62 65 66 69 70
21 17 18 7 9 13 1 27 14 3 16 20 22 24 12 26 2 8 23 0 58 59 62 63 66 67 70 71
6 18 11 20 3 13 27 22 2 4 24 8 10 19 1 14 7 16 25 9 56 59 60 63 64 67 68 71
18 26 8 19 12 23 4 5 11 17 14 3 25 7 9 20 24 2 57 58 61 62 65 66 69 70
16 20 11 0 17 5 7 9 13 1 14 3 10 12 25 2 27 8 57 58 61 62 65 66 69 70
20 22 10 12 4 19 23 0 11 25 17 1 5 9 27 3 57 58 61 62 65 66 69 70
7 17 26 10 0 12 23 1 11 3 25 13 22 2 4 24 56 57 60 61 64 65 68 69
17 13 1 14 10 25 27 4 8 22 24 0 11 26 5 57 58 61 62 65 66 69 70
26 22 9 24 13 14 10 23 12 25 27 2 4 8 19 11 5 58 59 62 63 66 67 70 71
5 10 19 0 23 25 1 3 11 27 2 22 4 24 8 56 59 60 63 64 67 68 71
10 27 22 24 19 12 14 23 4 8 25 11 0 13 56 57 60 61 64 65 68 69
22 14 3 23 12 25 27 4 8 19 11 9 13 58 59 62 63 66 67 70 71
8 9 11 1 3 13 2 24 19 4 14 23 56 57 60 61 64 65 68 69
9 19 12 1 23 3 25 27 11 13 2 24 56 57 60 61 64 65 68 69
12 25 27 13 1 3 24 14 4 11 0 56 57 60 61 64 65 68 69
25 27 2 24 0 14 13 19 58 59 62 63 66 67 70 71
14 11 19 13 1 3 23 2 4 57 58 61 62 65 66 69 70
3 0 19 1 23 11 2 27 56 59 60 63 64 67 68 71
19 13 1 27 24 2 4 23 0 57 58 61 62 65 66 69 70
0 23 2 27 11 4 13 24 1 56 59 60 63 64 67 68 71
11 23 4 24 56 57 60 61 64 65 68 69
23 13 24 1 2 58 59 62 63 66 67 70 71
13 2 4 1 27 56 57 60 61 64 65 68 69
1 24 4 27 56 59 60 63 64 67 68 71
27 2 4 58 59 62 63 66 67 70 71
24 2 4 58 59 62 63 66 67 70 71
2 4 56 59 60 63 64 67 68 71
4 56 59 60 63 64 67 68 71
43 49 29 42 44 53 46 38 40 34 55 48 50 39 28 52 45 54 33 35 37 57 58 61 62 65 66 69 70
49 45 33 35 46 41 53 42 31 44 48 50 38 40 54 30 34 32 36 39 58 59 62 63 66 67 70 71
34 46 31 41 30 36 45 33 54 38 47 28 40 29 42 51 35 53 37 56 59 60 63 64 67 68 71
46 47 40 32 41 28 39 45 29 53 42 35 55 37 38 50 44 30 57 58 61 62 65 66 69 70
44 48 28 39 52 54 33 47 35 37 41 51 31 42 38 40 32 36 57 58 61 62 65 66 69 70
48 50 38 52 40 54 30 32 36 47 51 28 53 29 33 35 41 55 57 58 61 62 65 66 69 70
32 37 51 30 53 55 39 41 50 52 45 54 28 38 40 33 42 56 59 60 63 64 67 68 71
37 36 45 47 38 28 42 33 51 31 53 55 41 50 30 52 56 57 60 61 64 65 68 69
31 41 50 52 36 54 38 47 29 42 51 35 53 39 30 55 28 56 59 60 63 64 67 68 71
41 54 47 40 42 51 36 39 29 55 35 50 52 56 57 60 61 64 65 68 69
50 54 42 53 30 45 29 36 47 39 33 35 52 58 59 62 63 66 67 70 71
54 52 38 40 53 55 30 47 36 39 28 45 58 59 62 63 66 67 70 71
36 39 29 55 52 45 47 28 42 51 33 35 56 57 60 61 64 65 68 69
51 53 39 28 55 33 35 29 42 38 40 30 47 58 59 62 63 66 67 70 71
53 40 30 55 33 28 45 42 35 38 58 59 62 63 66 67 70 71
33 47 40 35 29 39 55 30 52 45 56 59 60 63 64 67 68 71
47 29 55 38 40 30 39 28 45 57 58 61 62 65 66 69 70
42 28 52 45 35 29 38 55 57 58 61 62 65 66 69 70
45 29 38 40 55 30 52 28 57 58 61 62 65 66 69 70
28 30 55 29 38 40 56 59 60 63 64 67 68 71
30 39 55 52 29 35 56 59 60 63 64 67 68 71
39 35 55 29 52 38 40 56 57 60 61 64 65 68 69
40 35 29 52 38 56 57 60 61 64 65 68 69
29 52 38 35 56 59 60 63 64 67 68 71
52 38 55 35 58 59 62 63 66 67 70 71
55 35 58 59 62 63 66 67 70 71
38 56 57 60 61 64 65 68 69
35 56 57 60 61 64 65 68 69
56
57
58
59
60
61
62
63
64
65
66
67
68
69
70
71
