#/usr/local/lib/python3.10/dist-packages/colab_kernel_launcher.py -f /root/.local/share/jupyter/runtime/kernel-ccf9b1d1-ce2b-4d6c-8d13-48aff858ef78.json
# GMT Mon May 27 12:22:07 2024
# 
16 93 27 99 141 154 77 90 24 79 202 149 259 74 63 76 210 131 78 135 203 124 258 139 249 14 196 238 172 66 108 4 255 123 244 112 167 237 37 184 120 164 177 98 113 234 34 155 91 225 38 520 521
93 69 221 20 210 157 25 146 29 201 256 137 87 38 72 152 209 85 81 145 255 45 244 125 138 259 193 131 52 3 33 241 188 124 166 168 102 10 104 227 161 242 218 154 169 211 224 171 7 35 526 527
76 107 10 40 70 122 74 124 179 19 170 161 62 13 231 56 7 5 35 90 211 224 69 81 83 29 59 206 98 221 38 146 150 126 64 45 75 198 132 24 187 242 18 136 3 138 127 182 129 250 524 525
107 27 87 38 196 253 66 30 178 191 246 138 45 75 180 73 88 241 18 243 22 52 33 63 232 234 183 95 159 227 10 161 40 104 231 68 34 156 171 60 41 142 155 99 212 25 203 48 150 205 527 528
81 222 169 147 228 77 96 217 56 7 206 153 208 221 210 20 50 14 44 148 194 207 249 27 130 253 2 145 189 202 136 15 114 127 116 184 131 173 120 177 33 102 115 1 106 227 95 68 101 525 526
222 62 229 242 145 26 7 37 209 41 224 118 50 122 133 163 25 131 234 27 8 140 55 119 149 130 30 94 147 128 43 54 58 201 52 63 116 248 1 31 144 125 197 178 241 89 256 34 117 51 536 537
37 152 13 211 145 151 140 208 146 201 23 135 137 58 192 247 73 21 6 17 196 51 172 64 240 132 53 174 121 9 246 24 180 182 18 50 3 118 162 43 56 166 168 91 104 225 216 229 218 521 522
152 71 238 240 242 99 176 14 148 180 156 224 23 72 91 164 206 17 153 130 11 201 143 258 218 137 22 52 116 80 12 42 189 95 46 257 140 191 259 89 40 195 254 256 92 96 26 7 141 530 531
138 204 140 128 155 144 201 214 7 258 150 120 135 39 251 114 145 202 193 38 72 173 85 175 30 243 11 96 190 15 75 166 79 236 170 73 118 238 33 97 176 165 220 31 95 10 228 119 529 530
204 68 49 252 47 92 245 96 141 105 5 199 240 39 69 84 129 220 127 108 157 187 237 106 8 136 17 221 64 139 73 216 88 101 3 82 33 167 146 161 191 1 176 189 140 89 174 259 104 149 534 535
113 147 160 48 78 29 59 8 199 55 6 256 124 109 207 249 73 88 253 200 255 189 257 67 233 31 95 116 184 70 230 68 19 168 236 47 170 225 32 62 92 214 227 229 41 231 167 99 158 44 527 528
147 117 246 51 32 92 26 56 141 250 184 186 5 39 20 99 190 84 192 234 127 29 236 183 172 57 163 136 6 30 213 226 215 149 24 230 153 210 157 159 42 161 203 140 129 10 154 198 530 531
27 175 245 14 221 34 102 49 23 159 172 40 53 174 42 154 83 24 30 219 140 87 155 146 12 135 82 10 21 73 183 251 198 242 255 189 57 70 246 59 72 26 116 129 250 105 173 521 522
25 34 155 47 102 91 104 159 106 95 42 19 139 220 88 145 28 70 252 144 14 120 190 58 126 181 128 249 62 196 117 238 251 64 119 253 66 123 0 167 59 180 48 50 162 96 217 230 520 521
34 29 83 96 4 8 129 197 2 65 186 133 146 67 245 71 139 73 194 249 117 185 134 231 57 112 167 182 63 105 39 10 241 109 243 219 19 28 9 13 95 229 26 165 101 200 521 522
30 112 46 193 235 171 63 226 239 175 122 56 111 102 5 20 214 227 97 29 231 86 154 209 143 211 224 79 2 94 136 206 0 153 208 89 9 80 201 137 128 185 132 66 68 123 521 522
112 96 190 124 64 45 60 73 58 240 163 97 12 224 110 171 226 10 40 21 68 140 221 53 157 9 212 135 137 192 41 86 207 249 35 99 132 253 145 84 200 59 136 246 4 248 195 17 527 528
143 174 88 26 178 101 86 237 80 129 74 104 208 168 210 57 102 132 225 146 159 117 201 214 203 150 96 139 211 200 69 255 202 63 48 42 199 140 188 40 21 243 85 100 192 0 79 251 227 530 531
174 173 154 197 186 241 18 177 131 234 236 12 87 183 121 229 119 149 94 235 98 224 9 77 156 137 88 52 219 232 150 50 46 148 159 10 216 38 72 102 92 189 164 145 96 191 71 532 533
55 61 195 63 173 65 241 188 177 58 100 234 183 161 95 21 231 99 19 156 224 92 28 160 149 219 87 210 254 148 150 192 205 139 86 23 141 130 251 38 253 200 121 51 136 191 259 235 45 523 524
61 188 69 258 15 73 75 117 64 54 77 255 176 22 3 123 257 178 191 246 180 12 116 237 243 234 115 236 157 104 225 47 172 32 163 154 101 103 158 14 59 72 4 140 74 142 144 78 212 254 523 524
187 217 43 73 77 18 52 86 165 146 180 1 42 95 10 40 209 251 123 153 134 49 132 136 47 250 175 71 256 184 245 39 84 14 148 225 29 242 231 220 185 233 155 66 224 119 130 15 94 533 534
217 68 83 136 117 51 145 203 154 5 69 84 253 186 167 48 210 8 110 189 2 21 155 252 6 85 149 100 202 75 158 234 211 192 9 225 88 150 180 31 235 224 178 208 40 172 74 228 535 536
155 241 175 68 38 151 53 179 117 47 170 183 26 139 41 165 178 54 69 99 156 169 97 127 131 142 87 110 40 0 98 9 126 209 67 189 257 150 1 20 193 95 195 14 530 531
145 220 169 96 226 160 228 164 206 39 114 78 108 212 203 87 205 115 211 100 15 139 79 73 118 58 237 250 103 133 33 173 186 80 31 232 65 95 225 119 19 218 530 531
220 205 7 71 173 105 188 50 122 84 259 108 59 250 57 254 91 198 179 130 247 128 79 43 54 229 156 88 141 22 101 52 186 86 169 195 239 144 134 202 19 196 211 111 13 92 535 536
62 58 103 92 160 42 259 142 78 212 148 203 124 28 249 51 251 185 240 121 255 68 257 129 250 171 29 162 23 175 243 8 98 166 181 223 115 36 170 104 225 214 45 218 207 99 43 523 524
120 163 87 218 115 66 17 158 160 45 109 219 73 54 3 63 86 67 148 12 150 192 46 128 185 253 49 242 191 125 180 193 13 195 250 184 239 252 186 188 230 35 177 245 168 170 225 528 529
163 71 223 170 124 154 225 238 5 50 133 176 131 224 8 87 140 66 206 149 130 11 128 158 109 162 201 205 3 116 146 209 185 12 144 202 10 70 21 53 173 47 51 26 56 234 531 532
69 117 159 172 106 31 161 165 154 209 169 103 158 213 215 9 83 197 41 199 91 254 35 214 135 82 203 73 23 253 121 244 136 178 6 193 252 173 177 232 124 52 115 170 524 525
117 213 162 208 12 42 106 110 70 148 258 192 205 64 94 249 251 28 200 77 121 26 7 257 246 129 114 239 122 104 177 166 223 183 2 6 51 32 229 231 90 235 528 529
36 169 182 184 230 122 43 177 221 234 236 17 91 238 161 229 44 88 156 79 92 3 149 12 153 210 252 146 80 190 82 203 137 258 192 84 9 13 130 64 77 253 7 200 121 257 57 233 180 127 521 522
169 75 207 60 198 99 213 255 84 22 3 33 97 67 206 182 1 121 241 175 149 247 172 43 56 233 135 150 224 20 50 226 44 159 89 78 108 232 4 57 8 210 223 53 532 533
160 235 111 228 162 56 60 139 71 166 221 5 212 122 201 108 253 6 66 130 45 109 237 250 13 126 137 241 188 7 177 67 179 80 148 89 176 231 23 178 68 19 233 167 38 151 531 532
235 236 224 205 15 228 79 109 255 58 18 52 97 86 67 131 161 142 12 241 189 89 234 134 198 19 49 213 98 32 77 137 171 35 199 257 114 250 206 23 106 57 91 245 17 537 538
99 225 5 218 39 20 101 78 59 202 23 4 162 219 6 66 11 133 64 214 203 137 192 24 198 82 134 244 136 12 246 193 195 10 0 175 122 83 111 221 181 526 527
225 133 148 44 212 108 234 238 251 240 242 219 115 149 100 15 237 207 156 88 122 52 116 214 42 159 10 74 134 183 151 253 181 9 13 92 246 96 56 536 537
173 2 136 231 100 130 64 94 228 230 82 210 223 135 165 67 146 131 12 74 134 196 209 0 53 202 47 56 41 71 252 35 254 245 148 127 108 172 236 249 238 8 532 533
47 92 94 83 151 219 140 89 210 17 78 91 254 11 82 258 192 126 128 249 75 3 121 242 255 178 1 127 252 232 100 168 157 49 159 214 26 7 161 39 88 90 211 522 523
71 154 167 42 209 156 103 213 202 215 219 140 208 252 13 133 254 188 135 148 7 245 192 194 240 253 176 59 191 23 233 127 248 239 6 186 241 162 175 232 168 223 52 524 525
43 64 198 68 136 257 246 193 182 237 105 109 24 177 45 166 181 102 170 12 216 150 97 231 44 211 149 96 28 85 32 74 195 26 89 254 67 256 82 39 137 126 141 29 522 523
64 123 244 178 125 33 239 31 188 46 166 170 19 159 28 218 231 165 209 101 26 56 60 41 158 202 162 50 221 197 201 135 247 17 183 11 185 119 66 242 523 524
29 166 168 223 157 104 214 227 84 207 88 209 35 6 87 210 131 201 124 205 126 247 139 249 183 130 240 121 176 110 123 125 180 127 48 226 118 52 175 230 177 111 521 522
166 59 215 23 121 136 119 212 45 258 73 194 77 58 88 196 122 253 200 86 116 255 114 65 180 10 21 250 153 239 241 19 243 53 162 96 238 141 240 124 118 148 531 532
103 115 51 106 26 176 178 167 54 158 171 97 219 210 66 199 148 19 49 216 94 79 128 130 251 77 52 121 134 202 244 136 259 31 248 182 195 116 237 129 197 186 188 109 245 179 526 527
115 14 44 250 171 33 131 243 42 106 57 179 234 181 66 159 0 231 28 233 22 221 89 40 210 199 212 23 201 49 135 8 17 141 56 119 255 189 244 5 191 50 248 527 528
87 177 4 245 68 179 159 229 150 218 231 41 88 39 211 226 96 151 206 153 38 197 131 6 258 15 79 141 196 119 18 136 193 80 248 182 116 65 184 239 186 525 526
123 94 98 157 54 212 58 214 33 258 86 194 207 1 130 46 132 70 21 104 180 127 250 13 230 243 56 41 181 35 39 238 227 14 48 218 231 233 167 38 224 85 228 164 528 529
22 126 13 130 198 66 68 178 191 180 48 129 184 105 52 175 188 243 164 179 6 17 100 234 168 223 236 15 106 161 53 110 233 101 211 39 215 206 74 23 144 254 67 135 84 520 521
126 86 200 1 31 255 136 46 110 89 68 186 254 83 247 181 249 56 7 60 41 105 176 50 114 165 84 237 4 226 106 215 91 85 221 144 201 124 203 139 18 207 141 528 529
96 233 8 213 226 32 151 164 221 39 199 50 18 84 135 256 128 209 185 134 189 257 246 259 193 171 184 252 254 77 232 80 183 104 159 119 89 526 527
228 231 244 102 132 233 246 2 6 11 224 94 209 60 154 82 97 127 161 140 170 10 168 179 255 83 181 162 9 32 250 252 86 256 20 65 236 159 48 78 59 172 153 536 537
231 234 90 41 154 118 20 50 33 167 131 210 195 106 202 49 15 98 79 28 9 13 137 171 199 114 95 148 242 246 4 8 2 230 164 536 537
186 234 194 238 66 251 168 75 109 162 24 156 137 226 101 52 215 67 221 144 210 129 216 68 19 132 83 2 196 198 164 11 175 200 90 184 250 14 63 258 533 534
234 250 252 131 161 241 140 85 238 251 94 177 242 171 3 86 67 199 214 12 223 202 221 72 102 196 175 7 60 139 90 5 20 182 44 537 538
38 162 54 175 177 219 232 100 236 91 159 172 227 148 95 229 150 211 200 202 257 83 259 33 153 74 208 80 190 183 51 253 66 68 110 57 59 114 48 50 521 522
20 238 51 106 161 95 218 33 211 224 158 206 32 153 74 89 131 252 65 67 82 205 73 119 255 68 244 125 59 50 184 39 41 162 19 109 219 9 168 157 91 520 521
238 248 133 84 108 161 142 256 57 258 170 121 85 251 202 15 244 7 141 101 82 135 165 150 14 159 10 172 74 151 132 83 200 45 209 60 259 237 537 538
59 179 221 102 236 212 172 24 218 88 158 12 46 202 83 21 142 89 252 199 67 190 51 139 196 251 185 66 233 246 182 4 116 57 105 226 241 219 523 524
18 128 130 51 53 57 10 114 248 48 184 105 226 118 52 54 56 232 32 45 170 214 106 42 165 141 101 156 90 211 158 12 215 259 6 85 153 250 142 190 137 73 520 521
128 52 3 180 80 197 131 70 188 230 247 181 102 223 159 13 242 60 41 105 118 50 171 97 108 164 23 4 153 110 157 146 216 11 15 94 98 79 198 200 528 529
205 199 31 65 144 95 215 148 159 74 134 206 4 208 83 2 214 200 256 258 164 105 39 122 244 257 108 248 237 195 110 230 66 232 202 183 94 240 54 13 58 190 534 535
244 15 109 24 137 88 33 131 31 189 223 40 70 74 153 104 0 102 132 83 28 9 190 154 233 48 127 172 255 23 259 110 85 200 250 17 119 100 130 224 537 538
31 67 188 80 256 124 192 181 75 196 251 121 134 176 189 6 17 63 184 230 122 164 177 45 58 24 168 3 227 167 90 72 85 32 142 89 131 144 26 146 521 522
67 139 73 40 75 251 185 77 253 121 68 53 9 129 35 179 181 14 44 104 159 214 97 165 207 154 209 90 72 208 52 91 212 80 148 203 524 525
243 246 57 110 170 121 223 119 45 158 192 226 77 190 146 218 150 1 129 89 157 49 151 102 83 32 254 11 60 105 184 5 35 237 188 118 133 14 78 131 191 537 538
246 247 45 251 237 58 171 63 12 114 148 159 104 19 0 72 102 9 194 224 7 60 90 253 188 227 44 57 221 252 189 121 185 119 198 100 537 538
91 118 252 109 232 23 8 223 53 83 66 17 218 110 60 54 213 84 63 164 197 57 133 10 203 0 196 255 136 178 191 259 127 248 250 80 171 184 526 527
118 2 227 242 176 100 233 15 109 156 158 149 162 3 82 164 142 223 157 201 40 135 203 74 104 194 9 200 13 134 189 257 127 35 39 254 175 108 23 57 528 529
182 183 100 130 75 229 98 158 224 141 135 146 42 46 125 221 159 89 40 21 210 223 19 181 111 13 164 60 154 248 133 84 195 44 184 167 254 106 57 245 170 533 534
110 131 75 252 90 133 105 247 236 249 63 78 172 185 227 119 161 12 176 233 40 114 100 224 0 226 208 221 210 144 80 46 209 189 193 248 195 250 527 528
131 190 232 236 249 100 19 83 242 28 7 41 129 23 212 201 258 218 194 141 11 196 251 109 191 122 193 52 195 239 106 529 530
233 175 105 24 188 133 33 255 1 106 121 193 223 130 254 177 109 181 236 226 56 190 253 80 65 125 44 159 237 172 153 132 185 196 6 111 536 537
195 256 130 19 0 94 177 79 101 35 237 125 226 239 148 215 78 74 4 102 136 212 66 214 11 15 45 60 207 200 122 202 97 127 142 46 140 534 535
3 5 247 60 249 1 196 53 176 46 114 237 175 164 111 179 100 221 168 212 161 216 229 165 86 88 24 158 200 15 259 6 210 65 254 14 203 520 539
5 161 150 218 165 1 86 33 200 26 215 28 206 23 188 124 139 7 141 183 9 77 53 257 193 116 250 41 162 109 230 122 177 98 58 179 102 170 214 520 539
75 58 63 116 237 105 226 232 179 74 100 4 68 236 72 172 148 28 95 150 51 97 86 101 156 94 14 140 252 57 203 124 139 181 194 130 185 198 119 524 525
223 250 208 159 97 48 8 151 121 247 196 249 164 253 154 58 137 237 33 167 232 65 189 140 170 10 40 104 202 102 177 111 35 180 50 536 537
94 178 191 259 180 129 171 41 179 221 102 157 48 23 57 97 218 165 17 11 0 15 215 151 140 24 208 77 88 146 150 194 183 185 119 176 526 527
154 60 139 213 44 215 48 206 8 208 136 212 216 15 73 88 141 191 193 80 114 65 184 197 10 89 241 104 68 49 170 111 13 240 530 531
190 161 176 95 198 189 253 213 89 70 168 149 191 0 248 250 252 162 194 105 251 144 14 229 242 48 172 4 132 121 185 239 6 17 219 52 63 86 533 534
15 70 125 46 171 63 105 7 41 54 164 102 236 159 172 84 2 88 101 211 224 17 19 32 21 23 65 133 82 258 73 130 0 520 521
175 85 17 168 119 100 11 98 109 208 210 212 141 256 207 12 134 157 49 180 102 184 32 13 7 177 232 247 14 108 161 23 4 178 532 533
133 236 65 46 21 176 119 218 0 28 213 92 149 162 151 164 140 35 135 256 48 57 249 2 100 136 193 79 124 73 122 33 63 245 247 181 42 529 530
236 84 14 127 161 176 21 6 85 119 232 183 158 192 9 58 82 165 146 241 254 208 10 206 68 251 230 13 92 124 105 188 50 537 538
188 170 19 224 237 213 226 79 221 165 146 212 180 201 114 65 203 218 194 209 23 211 57 151 102 185 111 241 254 245 63 97 48 533 534
252 168 179 177 241 73 245 171 201 135 248 180 65 144 208 89 258 153 206 68 251 249 230 255 194 11 90 124 207 33 78 176 538 539
58 185 77 121 72 127 250 49 177 13 245 221 168 181 52 104 159 214 150 46 165 167 88 4 151 85 206 78 54 82 203 137 247 139 523 524
84 172 106 14 86 224 158 92 213 2 162 151 98 142 45 197 24 54 207 141 183 119 57 200 255 114 129 250 239 79 241 122 177 111 525 526
198 54 88 82 63 165 245 125 247 249 240 4 229 151 53 185 2 224 11 26 226 124 184 219 50 44 210 78 12 8 6 119 100 211 130 253 98 534 535
161 35 170 127 242 140 224 237 98 158 141 101 86 116 216 1 114 46 209 40 104 134 189 83 191 26 56 254 139 90 531 532
179 248 237 250 121 21 245 168 162 240 52 211 224 215 10 104 134 4 68 199 256 17 111 192 207 41 124 200 39 50 189 44 191 33 63 532 533
80 201 258 10 200 178 125 193 114 248 56 41 35 109 230 245 168 181 102 106 227 218 6 101 156 90 45 158 79 215 24 206 98 197 146 525 526
247 167 142 1 106 46 250 193 10 70 68 49 0 83 28 162 13 56 171 218 199 150 229 180 65 14 148 129 172 153 157 221 151 6 124 237 538 539
250 100 98 158 24 245 226 77 156 239 256 197 70 157 240 72 102 215 51 194 203 35 167 97 538 539
201 65 148 178 159 40 172 153 255 134 257 72 83 9 51 111 241 254 7 245 39 2 66 149 230 79 109 54 88 212 214 82 135 534 535
68 83 85 9 153 208 210 199 146 82 183 40 4 0 53 127 28 171 122 111 35 48 97 211 92 11 45 524 525
83 151 28 51 197 144 60 137 207 132 253 121 242 134 125 193 114 66 164 221 216 42 218 46 167 209 224 92 213 525 526
135 258 42 139 46 141 89 251 211 200 49 191 51 26 56 256 124 168 183 240 176 85 158 130 149 79 54 221 77 88 116 148 529 530
258 150 1 253 151 136 32 245 26 90 184 218 199 197 44 167 97 127 212 108 242 191 206 240 57 170 2 215 219 17 100 207 77 538 539
196 88 171 82 33 116 206 114 65 125 178 10 70 214 157 0 151 207 56 259 241 97 127 78 108 256 232 245 168 11 158 162 192 237 534 535
167 26 139 227 35 229 39 122 224 215 21 219 208 98 158 214 162 156 141 52 86 150 1 70 74 153 157 151 102 132 111 192 531 532
0 70 259 85 129 142 63 78 240 53 189 165 178 46 180 39 54 164 32 100 89 210 227 216 97 86 33 24 158 13 257 149 520 539
70 142 89 144 124 245 183 251 253 65 121 242 134 257 127 23 19 49 171 226 230 164 177 32 56 168 104 229 12 42 158 79 215 85 206 524 525
65 199 212 214 40 150 19 73 49 249 130 134 136 52 127 35 129 14 109 230 100 4 172 176 45 156 149 48 85 210 144 524 525
199 144 193 10 74 211 200 181 32 92 139 90 254 50 245 178 127 78 4 57 8 140 136 66 17 119 164 158 73 54 101 33 63 180 534 535
82 139 253 121 49 114 72 28 239 241 162 109 56 7 164 102 157 159 14 44 229 97 207 224 2 92 6 85 219 197 146 203 525 526
139 178 12 156 224 40 151 206 4 256 203 60 90 194 105 253 191 57 237 17 232 168 170 73 24 172 77 137 529 530
183 191 122 142 176 125 89 245 192 49 98 181 92 56 141 116 35 14 148 232 157 72 132 214 66 218 194 60 211 124 533 534
191 45 54 137 229 116 42 125 4 19 53 136 92 11 56 216 90 97 127 142 23 193 248 2 197 21 241 168 256 533 534
109 242 257 125 114 66 116 98 122 164 177 88 181 86 216 74 213 215 149 102 28 208 142 210 254 146 214 108 119 200 527 528
242 124 122 101 95 189 104 257 248 241 51 32 92 105 35 148 227 129 208 159 108 106 136 6 85 219 17 164 194 11 537 538
141 194 207 202 114 259 193 104 134 239 132 2 232 105 35 39 50 33 48 127 108 151 212 28 203 150 13 77 529 530
194 101 33 237 226 1 12 114 125 230 89 74 72 151 53 92 218 26 209 90 259 206 248 127 142 140 2 85 119 130 249 45 533 534
144 146 129 159 104 216 192 207 251 136 9 26 7 60 259 197 50 78 245 106 249 170 2 172 176 165 211 213 77 88 1 42 95 530 531
74 140 210 78 53 150 56 249 130 185 35 79 200 134 259 180 57 245 17 51 102 106 240 63 209 156 92 42 46 206 524 525
140 177 132 232 9 249 92 170 185 105 165 178 114 14 158 213 4 57 153 208 159 150 88 122 200 189 237 529 530
51 156 39 211 92 14 44 153 142 21 78 214 148 45 130 185 132 79 200 121 257 125 180 129 40 124 181 170 240 26 165 522 523
156 56 255 189 257 39 50 8 249 149 100 11 240 176 178 73 77 224 158 52 213 226 116 42 114 208 10 157 153 49 53 531 532
248 149 177 73 226 77 137 165 229 214 114 178 72 53 32 224 239 209 105 207 39 50 14 48 127 108 106 8 189 193 6 66 538 539
54 119 121 114 45 184 241 164 219 33 157 1 159 106 148 77 158 79 92 28 13 72 208 129 89 35 203 192 48 60 251 523 524
142 232 170 72 102 240 136 9 216 111 92 165 60 211 35 14 212 2 148 85 150 192 45 137 88 178 52 171 1 12 125 529 530
9 132 213 202 129 63 184 10 12 122 192 249 42 189 57 46 180 48 105 226 232 32 2 6 95 97 218 520 539
132 215 162 164 101 116 212 129 137 150 207 249 19 185 53 255 257 241 254 122 14 245 44 97 127 78 106 216 45 98 79 529 530
88 26 125 171 184 78 245 2 85 95 216 229 218 165 77 63 92 149 1 42 89 137 525 526
212 125 197 40 153 104 214 23 2 200 26 56 90 41 105 259 24 108 241 106 21 66 202 229 192 239 52 535 536
13 35 24 136 28 149 72 206 197 89 210 14 4 8 249 130 253 46 180 116 232 32 102 157 95 216 86 520 521
49 151 44 153 48 197 8 122 256 2 245 249 185 119 121 24 237 50 105 239 12 28 108 229 32 86 207 26 224 202 257 522 523
35 40 108 42 44 165 90 149 208 146 60 73 185 121 134 1 63 177 219 19 102 159 172 521 522
40 89 254 146 245 192 23 181 2 119 240 253 53 255 180 24 239 164 98 111 232 104 97 209 90 26 72 522 523
207 101 180 114 95 57 72 232 66 11 45 90 203 184 122 257 176 208 193 254 202 19 256 162 73 92 77 534 535
116 150 85 192 249 185 79 121 125 101 63 127 129 72 102 227 216 28 218 32 26 105 215 149 14 97 108 254 527 528
150 203 211 253 189 202 259 136 237 111 184 241 45 104 213 98 79 32 77 137 26 56 530 531
46 148 137 60 181 119 240 253 255 12 180 10 171 226 28 157 41 216 165 101 158 213 202 23 151 206 219 32 522 523
53 215 219 197 78 146 1 214 137 21 249 19 119 134 257 57 72 26 7 41 50 164 56 8 86 101 213 523 524
215 111 232 26 7 221 209 216 44 218 97 78 6 98 158 254 162 73 245 63 1 214 240 114 229 10 104 202 535 536
39 95 32 176 44 209 90 211 105 146 192 185 253 66 79 134 255 136 193 48 129 50 171 241 230 164 60 522 523
159 216 192 23 151 209 121 2 6 255 100 79 73 172 178 28 26 206 531 532
44 102 170 216 14 202 21 208 78 254 146 122 124 7 130 253 255 189 48 63 184 226 52 56 17 98 221 11 522 523
102 164 153 100 11 249 251 255 52 184 177 232 240 176 218 50 213 226 526 527
7 92 213 257 17 8 63 210 10 254 245 192 73 251 11 127 105 230 32 153 168 104 227 95 229 520 539
48 221 168 11 170 104 172 218 12 149 162 21 210 203 251 119 240 200 134 57 72 114 129 239 522 523
221 78 157 8 72 136 203 1 42 170 121 21 85 134 130 181 92 180 95 125 197 178 536 537
125 214 98 79 73 77 185 200 134 255 95 259 10 164 232 245 157 90 229 105 50 122 211 108 226 208 197 528 529
78 100 106 227 229 26 56 162 259 89 8 249 6 66 17 134 255 45 257 193 129 122 111 245 525 526
100 237 23 8 104 63 101 224 12 105 206 219 153 197 210 157 256 32 92 192 253 255 50 526 527
157 164 148 219 208 210 151 218 17 130 60 90 253 79 202 127 184 12 89 170 180 56 237 86 531 532
164 72 237 171 130 168 203 216 63 209 12 202 257 77 177 251 227 531 532
14 227 216 108 224 24 200 202 208 89 146 192 249 240 180 50 105 41 230 520 521
90 165 26 209 101 151 206 208 2 6 17 130 119 253 134 24 52 237 129 241 230 177 245 229 525 526
213 111 92 203 184 245 122 197 227 240 206 4 106 185 200 168 11 209 230 219 33 189 178 129 153 104 19 535 536
136 226 162 28 1 148 95 211 189 2 184 256 249 127 170 172 185 21 85 529 530
226 32 203 184 256 108 214 168 149 19 28 162 73 137 41 178 129 89 227 206 151 536 537
229 124 210 176 8 257 259 66 168 11 254 245 77 52 251 214 95 21 72 230 232 111 26 536 537
134 153 208 73 114 200 72 2 237 92 11 26 230 60 177 105 122 63 97 57 8 211 529 530
153 216 41 251 124 200 257 180 193 127 12 241 21 85 66 168 240 73 218 101 86 530 531
218 178 255 257 151 256 245 203 216 240 146 1 189 239 232 181 111 171 535 536
172 50 97 42 8 121 209 17 168 130 255 158 193 24 77 239 171 256 181 148 104 72 532 533
85 239 241 122 177 181 170 95 216 165 105 8 149 162 219 210 146 256 148 192 33 42 525 526
232 121 185 219 119 224 137 101 1 239 168 181 28 32 26 124 184 122 255 536 537
2 98 219 32 214 200 17 6 21 10 12 254 203 137 60 251 119 11 57 520 539
122 251 178 237 98 149 219 210 114 95 202 92 259 184 50 192 108 528 529
208 216 200 211 60 105 257 239 254 8 170 119 130 240 45 162 114 219 178 535 536
178 24 203 216 137 101 253 95 189 89 197 177 241 254 181 127 151 121 219 532 533
124 176 1 10 21 171 119 149 162 230 151 219 28 92 41 86 200 255 193 127 184 24 528 529
41 158 79 202 197 148 1 12 181 240 121 19 180 32 129 184 52 241 162 230 111 168 170 23 522 523
162 202 45 239 185 12 42 165 180 149 210 50 95 104 209 211 531 532
6 129 105 239 241 177 104 216 33 158 259 72 19 146 148 137 192 240 180 114 520 539
129 146 203 216 130 251 185 200 180 239 104 177 8 168 181 105 171 528 529
45 57 52 98 219 170 106 227 95 97 86 12 211 79 197 256 192 60 73 119 522 523
57 111 214 227 1 21 224 206 28 210 23 176 4 17 105 239 523 524
50 106 227 11 101 200 72 146 256 245 137 237 171 184 239 23 522 523
60 101 224 19 197 148 56 192 130 251 79 121 255 72 193 171 230 111 106 95 523 524
193 177 171 251 86 165 240 1 148 237 241 17 11 227 216 33 42 106 189 259 21 533 534
24 119 240 66 189 52 98 4 8 17 216 42 209 101 211 257 151 72 1 256 192 181 251 520 521
119 239 165 32 224 101 149 256 23 17 253 202 528 529
170 127 245 4 17 130 176 98 33 146 148 19 200 257 180 105 532 533
240 237 210 1 106 10 21 92 259 254 89 206 23 251 224 184 537 538
98 189 202 8 259 180 241 52 108 176 149 19 77 146 214 256 148 137 209 185 526 527
189 245 52 63 12 10 21 151 26 56 214 202 121 66 259 206 533 534
10 12 203 181 73 77 105 230 214 108 101 211 28 151 206 520 539
101 26 185 257 259 171 111 168 106 1 149 151 206 197 4 19 526 527
237 230 224 209 77 52 42 181 197 256 106 249 251 537 538
230 106 121 200 17 158 77 137 216 146 1 255 257 202 181 211 256 171 227 536 537
256 255 114 177 26 239 171 254 108 4 151 185 257 219 66 86 538 539
149 72 28 111 254 105 227 108 211 66 219 77 95 253 202 19 530 531
33 73 26 130 114 23 184 241 219 111 11 97 209 211 158 92 21 89 245 137 521 522
73 63 1 19 56 214 97 79 8 151 210 11 130 524 525
165 192 202 97 127 108 121 239 11 86 42 114 224 95 89 210 28 214 26 531 532
192 180 42 197 177 32 184 210 130 79 77 137 251 533 534
202 28 148 108 23 8 111 79 52 104 534 535
114 146 148 203 137 79 89 21 239 19 111 97 206 527 528
146 249 251 104 4 28 32 111 171 206 63 86 203 530 531
197 214 227 216 209 111 92 77 206 97 127 241 4 66 253 1 42 95 534 535
26 209 79 89 4 130 176 257 12 521 522
72 206 52 203 185 121 66 17 239 254 227 176 42 224 92 524 525
92 137 23 185 121 255 79 184 1 168 104 526 527
19 259 66 176 4 219 111 148 216 108 97 86 211 520 521
259 79 181 32 86 95 89 108 219 216 63 1 42 176 21 168 538 539
211 255 171 184 97 106 17 209 219 180 168 535 536
63 249 255 180 184 4 106 97 28 77 257 254 8 203 523 524
89 28 251 11 253 168 21 106 216 97 206 525 526
42 203 245 137 171 11 241 104 106 227 95 12 97 86 77 522 523
148 95 127 251 176 171 137 86 530 531
151 219 111 108 23 4 66 79 227 176 224 104 530 531
203 104 32 111 214 216 106 257 158 171 227 534 535
255 171 254 180 12 227 105 127 11 538 539
108 168 181 227 106 8 209 21 251 253 180 184 17 241 11 527 528
219 4 17 111 11 210 181 28 171 180 535 536
106 176 66 210 86 95 137 209 56 527 528
8 111 168 104 214 227 97 86 209 17 21 66 105 520 539
227 206 17 130 177 79 158 77 241 86 95 32 56 536 537
168 254 121 11 95 216 111 105 531 532
4 32 23 200 257 17 206 254 177 137 181 180 520 539
171 66 17 239 12 95 56 210 532 533
176 181 1 21 28 214 95 23 66 111 239 254 532 533
66 111 86 206 249 77 11 180 524 525
251 21 239 127 130 177 79 538 539
130 111 209 56 206 23 79 529 530
224 56 105 79 52 249 104 536 537
17 86 210 137 253 121 520 521
184 181 210 1 95 104 127 533 534
52 185 200 180 239 245 214 97 28 158 23 523 524
86 257 239 241 104 97 1 158 21 525 526
181 12 254 137 56 253 23 210 216 532 533
185 1 210 104 177 253 200 257 245 249 11 158 533 534
249 214 241 32 245 105 180 97 200 77 538 539
77 127 241 177 111 12 137 524 525
209 56 23 210 111 257 127 158 32 535 536
158 257 239 177 127 79 1 214 216 531 532
257 241 239 254 56 97 538 539
56 79 28 32 11 214 95 523 524
214 253 11 32 535 536
105 21 32 241 23 527 528
32 200 12 121 239 97 521 522
97 23 206 177 526 527
23 121 239 12 520 521
11 111 79 28 21 245 520 539
1 137 121 239 28 520 539
104 95 21 527 528
239 12 21 253 28 111 537 538
127 28 200 121 528 529
180 206 532 533
137 121 206 79 529 530
177 241 12 21 210 532 533
121 28 528 529
253 254 95 28 216 538 539
245 21 216 537 538
210 111 535 536
95 526 527
28 206 21 521 522
111 12 216 527 528
12 254 520 539
241 254 200 537 538
200 206 534 535
79 216 525 526
254 21 216 538 539
206 534 535
21 216 520 521
216 535 536
466 477 479 328 309 260 313 341 474 465 286 297 480 414 265 299 471 412 363 344 457 438 372 451 508 268 298 400 351 415 514 516 275 507 358 509 511 314 513 401 293 395 425 406 484 497 453 464 488 353 413 534 535
477 417 309 362 445 377 341 322 435 399 518 403 433 265 378 329 310 344 319 421 519 317 315 296 375 277 514 458 409 516 462 275 505 339 509 284 498 416 397 487 401 293 395 491 325 306 457 389 486 413 535 536
383 479 354 314 337 348 461 323 410 465 346 467 302 456 270 504 396 442 343 294 497 510 444 457 433 446 292 322 514 448 450 492 295 276 430 443 487 344 304 319 425 283 264 427 366 381 262 486 277 475 271 528 529
479 398 268 298 362 501 475 377 341 292 305 335 469 399 284 278 263 293 357 482 368 400 351 434 464 315 296 428 458 510 294 514 407 437 503 452 333 386 507 509 327 500 276 310 404 408 349 319 508 535 536
322 469 350 471 282 352 462 343 345 468 336 512 338 327 448 395 399 443 456 390 511 324 379 392 326 447 515 436 449 493 506 274 289 367 488 380 422 358 492 373 315 483 266 375 290 366 487 476 480 523 524
469 504 493 267 431 461 482 495 380 346 459 276 280 475 344 408 304 289 319 362 381 315 277 371 424 405 356 471 369 463 473 467 515 448 517 382 312 261 325 355 281 439 498 437 388 418 452 269 489 535 536
396 418 473 269 490 333 273 342 472 474 408 476 325 518 465 389 285 456 458 264 268 373 506 296 335 350 512 446 514 384 284 314 450 505 382 363 344 507 263 496 430 498 487 434 370 381 480 493 495 429 529 530
418 502 311 292 273 356 453 508 510 295 433 280 359 503 426 439 372 483 366 347 298 432 400 351 381 491 427 482 471 484 269 488 386 318 395 376 261 340 291 302 325 408 285 281 413 454 411 294 460 531 532
417 408 304 308 338 368 319 483 461 518 266 375 341 405 456 511 354 305 335 513 414 449 303 318 348 278 412 457 391 261 450 505 452 315 507 430 443 328 279 487 421 273 337 480 395 295 299 359 325 404 531 532
274 428 296 474 366 476 467 260 482 295 471 284 339 269 407 341 273 517 277 267 290 455 349 470 512 325 338 406 340 516 454 264 377 337 392 313 381 504 493 319 440 495 308 431 501 303 437 358 305 294 520 521
428 453 508 357 283 459 298 381 439 360 290 275 354 305 498 511 487 403 489 422 333 436 284 491 416 348 323 346 497 425 376 473 321 490 270 334 332 307 478 292 352 356 380 458 276 462 299 310 451 531 532
389 415 315 345 461 463 518 369 452 386 405 346 519 325 457 512 433 446 364 393 264 503 343 441 509 443 485 432 286 500 489 478 491 384 365 438 329 359 416 278 484 473 486 368 475 366 317 381 402 528 529
415 501 398 435 448 328 313 505 262 485 498 405 445 487 335 421 301 436 314 493 299 378 357 308 368 473 321 272 366 317 347 400 481 345 390 279 260 358 369 348 471 342 504 265 410 325 355 306 508 530 531
287 367 380 265 301 490 424 439 481 294 441 375 430 364 485 377 313 262 478 425 266 427 361 403 295 416 473 475 464 290 413 349 406 272 329 342 465 507 456 337 279 379 315 330 332 374 508 321 376 512 325 521 522
367 298 332 511 405 266 290 455 376 284 314 391 514 278 369 382 361 263 293 450 439 373 441 321 302 377 300 489 364 425 309 260 471 292 488 424 265 393 304 395 516 408 357 338 289 465 454 388 509 527 528
292 482 268 462 464 345 400 468 402 351 327 340 395 516 408 342 284 331 386 278 467 509 443 456 458 392 313 447 330 319 453 495 508 290 490 273 305 419 300 421 368 302 357 370 412 304 521 522
482 424 414 478 486 499 412 393 423 304 285 476 391 494 347 464 345 375 290 473 335 358 471 348 515 401 431 517 395 325 355 385 408 438 453 398 279 260 507 481 313 343 475 288 460 500 536 537
350 423 341 425 267 361 301 265 354 299 344 338 402 459 474 395 408 450 262 266 399 390 392 381 394 515 517 318 385 278 440 495 263 342 293 323 490 382 424 437 371 384 360 430 279 260 377 343 307 525 526
423 331 483 496 443 403 265 359 310 393 289 480 493 427 391 402 484 431 315 266 326 277 390 275 472 516 386 463 465 282 406 302 460 449 462 419 508 309 260 332 411 362 313 373 514 269 490 492 267 531 532
295 487 421 476 489 478 304 403 471 484 405 460 289 455 347 268 338 262 463 384 505 397 275 441 454 324 379 513 434 436 449 282 330 506 306 291 376 486 312 446 301 362 294 375 288 474 521 522
487 310 442 357 472 485 336 366 345 515 409 290 473 407 278 480 503 516 293 346 425 410 261 474 321 509 325 511 438 419 502 394 398 462 313 294 426 420 320 301 380 331 384 536 537
288 484 341 462 475 330 290 273 345 267 338 327 448 340 461 516 280 329 342 388 377 458 392 447 328 262 266 495 497 431 486 312 380 303 426 282 472 298 272 474 421 302 291 346 467 401 361 416 337 521 522
484 493 277 495 424 316 486 301 331 310 344 293 427 357 319 455 370 430 281 345 513 473 358 437 441 506 303 284 318 397 278 450 480 263 291 321 306 385 494 438 330 472 334 502 343 536 537
403 434 502 318 267 493 346 429 310 325 304 368 492 283 468 481 298 313 343 406 377 277 465 454 305 380 456 405 314 462 278 464 263 323 506 336 306 400 351 381 315 505 439 452 430 303 530 531
434 384 365 452 421 494 272 509 498 370 445 447 345 436 491 260 475 397 348 267 492 346 425 276 321 310 485 404 285 419 476 289 353 432 334 283 298 411 343 458 460 462 424 405 275 399 331 532 533
320 436 370 282 425 414 361 429 291 363 365 407 354 488 422 356 338 307 329 397 518 410 267 301 467 265 379 447 339 381 504 438 289 319 283 508 455 378 391 433 266 369 507 441 362 485 299 355 489 278 523 524
436 380 450 382 393 496 282 357 445 302 491 375 394 360 309 324 313 422 269 416 483 459 395 346 376 463 276 465 359 355 454 467 368 353 432 460 347 332 411 362 326 420 510 444 424 532 533
290 493 508 308 442 312 488 382 303 424 318 362 265 474 421 344 346 416 339 460 354 409 356 519 271 470 459 516 278 282 454 324 337 379 392 326 281 449 370 504 330 451 521 522
493 424 275 488 305 414 314 448 329 359 412 293 357 470 402 261 474 291 336 430 512 390 309 354 373 269 337 316 301 506 325 355 495 491 472 319 364 499 298 411 313 326 536 537
424 495 377 277 341 470 483 485 474 312 293 387 291 513 473 300 330 449 394 506 453 510 307 269 450 286 267 361 331 507 441 365 509 299 329 500 489 502 491 289 425 531 532
289 305 439 294 276 362 364 353 355 368 491 359 337 352 407 336 349 393 448 382 282 397 318 386 333 272 443 335 313 270 381 394 328 451 506 279 306 387 444 299 380 503 267 521 522
305 317 319 442 510 323 262 435 490 382 275 362 303 368 282 344 467 416 339 473 270 341 332 279 391 404 325 273 448 463 297 465 333 401 265 443 390 324 445 500 392 381 449 522 523
297 425 359 337 471 352 354 409 464 519 334 336 459 406 331 296 377 390 326 381 502 315 449 370 306 440 374 495 308 429 321 497 310 282 365 378 433 501 435 261 272 481 270 483 496 474 264 300 410 521 522
425 301 467 384 513 460 368 451 391 366 400 444 375 503 505 335 507 388 369 441 485 318 348 282 327 480 272 404 270 330 413 364 426 468 411 481 373 307 420 371 531 532
329 377 261 500 325 412 281 414 416 352 365 486 341 398 347 468 338 459 406 461 516 280 450 410 452 285 454 346 513 339 262 385 506 277 374 497 324 490 314 437 494 441 323 375 524 525
377 486 363 344 488 263 342 457 470 459 393 330 360 260 388 401 458 303 405 447 286 517 361 312 451 385 519 346 508 374 433 353 334 450 268 362 430 371 356 275 528 529
380 480 379 260 407 420 354 462 409 464 411 284 413 457 470 404 312 406 327 408 397 410 399 454 467 388 456 364 460 279 309 440 273 444 391 433 331 435 426 496 319 489 528 529
271 372 385 308 429 376 310 431 301 314 435 261 492 373 296 351 298 421 476 489 273 341 354 517 277 519 334 510 281 402 446 459 272 393 503 316 384 505 276 397 386 333 509 266 390 311 432 379 370 520 539
372 437 373 494 441 483 485 314 419 348 489 342 495 473 486 407 349 409 334 364 411 468 294 404 307 472 337 267 361 509 401 340 390 394 504 517 283 440 374 387 347 362 376 497 433 266 371 503 527 528
331 414 460 352 519 345 294 402 404 273 448 286 450 507 333 265 388 509 443 280 458 447 449 370 283 440 453 298 510 499 326 277 382 358 426 439 373 494 498 318 353 278 263 524 525
303 324 500 392 298 438 330 266 319 440 495 321 378 312 314 369 382 371 492 278 494 375 364 498 419 421 410 270 414 348 260 352 354 409 273 267 336 404 351 280 285 388 401 522 523
324 517 451 506 278 332 453 508 431 444 433 501 437 281 373 494 432 500 294 307 311 429 473 310 343 358 468 470 283 317 450 344 266 507 333 346 401 337 513 447 460 502 394 449 523 524
261 327 516 342 465 265 333 388 337 392 513 315 517 438 330 440 442 376 323 378 501 422 318 481 441 485 421 355 476 478 491 361 282 471 363 405 299 343 464 356 519 285 406 520 539
327 397 518 333 388 511 445 458 379 515 328 438 451 506 269 429 442 510 316 265 426 280 310 441 496 476 268 412 480 326 405 473 475 409 343 464 284 278 282 263 323 340 461 408 524 525
310 485 408 344 427 471 405 409 464 334 512 514 448 395 516 279 399 456 337 392 315 286 267 517 317 495 508 497 280 444 365 499 312 488 422 314 264 268 362 522 523
485 363 505 357 308 472 421 498 298 370 315 326 439 335 388 369 448 348 382 278 412 282 361 312 293 470 474 272 419 281 353 443 343 407 456 371 273 512 265 459 536 537
384 502 491 321 302 336 366 438 351 429 281 431 486 407 488 260 354 339 369 307 470 318 286 361 516 452 304 458 368 334 447 504 313 398 296 326 277 356 503 450 492 443 293 528 529
387 439 494 379 441 496 443 275 335 498 269 348 361 312 263 293 291 475 411 300 364 468 457 404 343 463 518 311 452 352 356 467 511 458 504 363 344 398 440 338 508 368 442 512 268 347 490 437 528 529
439 366 499 400 505 379 260 354 407 437 388 339 269 284 314 416 397 282 346 410 374 419 481 483 392 463 311 371 465 356 316 454 511 445 299 449 412 504 304 427 506 532 533
298 501 356 371 264 430 355 368 302 296 357 346 467 359 460 462 284 475 278 345 457 404 338 393 514 463 281 500 513 269 370 273 306 286 508 308 442 497 521 522
262 444 499 433 356 437 413 362 483 351 353 421 355 302 465 346 280 337 354 277 398 402 336 512 283 404 448 340 461 382 395 463 505 386 507 278 267 311 515 449 264 374 376 520 539
444 296 375 478 275 335 369 441 337 397 464 278 323 346 376 429 321 472 325 476 270 300 452 432 334 467 264 309 456 307 341 517 435 316 276 446 448 442 503 304 283 347 400 533 534
344 483 340 291 280 270 319 427 429 471 405 475 409 422 464 411 358 335 349 459 351 514 395 408 452 308 390 458 392 272 381 296 326 495 431 492 481 494 525 526
483 304 366 317 268 481 505 411 507 496 296 420 360 454 354 502 388 433 333 314 318 363 442 497 446 490 325 355 306 385 430 409 279 473 392 269 386 316 410 440 536 537
361 386 399 462 359 519 453 376 317 490 382 503 371 315 266 494 419 368 489 370 337 263 293 429 346 272 409 325 306 330 353 481 264 459 406 313 294 408 397 526 527
386 312 390 291 407 385 440 379 512 393 343 358 450 452 441 356 509 316 445 489 280 491 374 438 480 285 427 497 433 366 488 411 426 275 335 395 463 397 410 465 348 528 529
421 437 452 299 507 509 304 264 370 351 427 495 473 335 339 481 416 318 461 395 376 291 355 413 460 449 332 519 440 307 455 341 405 512 316 301 435 516 531 532
437 402 449 451 508 379 390 358 505 496 443 498 445 376 489 502 272 504 432 413 394 486 264 328 490 362 343 373 371 352 286 301 433 414 299 378 456 427 357 532 533
283 503 316 358 481 364 419 366 410 478 346 467 416 405 352 407 341 334 468 391 325 393 514 395 318 507 511 445 381 269 278 427 374 495 263 363 497 486 499 299 420 520 521
503 474 351 494 326 462 388 369 422 452 348 499 282 376 406 276 374 325 457 285 353 364 447 264 328 332 273 316 448 378 359 304 427 323 491 308 368 391 451 537 538
354 313 451 307 341 431 512 301 382 371 505 426 373 304 308 476 489 336 357 480 315 296 363 462 422 459 342 291 452 401 443 458 447 460 515 279 526 527
433 447 381 390 495 358 388 488 293 376 272 476 518 419 454 467 413 394 328 279 471 513 515 307 269 341 420 356 457 514 393 494 507 432 509 264 317 532 533
447 314 468 470 282 312 263 472 474 476 321 325 385 353 432 513 460 443 515 462 294 371 455 499 399 514 280 442 509 264 347 400 351 375 326 497 360 488 388 533 534
385 408 450 397 410 452 333 454 467 318 456 390 263 513 346 502 438 519 495 330 334 391 512 362 313 307 269 494 352 476 359 427 363 429 319 420 351 468 481 266 345 296 528 529
312 388 445 392 513 394 328 438 284 510 431 263 446 314 492 302 360 306 441 432 476 279 309 480 307 269 486 462 398 276 400 413 334 347 285 404 472 514 523 524
453 510 390 512 309 275 339 333 507 267 342 406 276 489 502 340 408 285 364 394 328 501 392 445 426 341 352 286 378 280 465 442 446 323 338 302 347 449 381 281 345 455 533 534
510 464 296 379 260 275 358 273 450 431 376 404 457 349 413 264 328 500 332 411 343 373 307 509 277 311 420 435 465 286 278 412 304 476 427 319 504 302 347 381 538 539
365 476 491 416 471 405 473 420 409 348 400 293 472 272 514 474 306 507 401 328 309 260 511 294 392 513 460 269 449 506 440 316 267 374 431 435 369 490 426 334 375 430 317 347 527 528
291 448 408 507 441 454 511 500 502 394 515 517 268 440 374 266 325 301 316 358 481 351 282 366 355 478 370 304 471 339 473 420 475 409 519 457 391 512 406 521 522
448 321 302 480 409 360 390 279 294 373 369 282 429 410 461 465 478 349 319 353 334 413 513 460 445 296 341 508 399 284 450 492 452 446 507 498 533 534
351 499 446 514 435 349 319 371 492 507 313 443 432 307 379 326 311 368 414 352 486 464 411 358 321 470 459 315 460 438 506 398 374 495 431 280 526 527
499 277 454 275 488 388 339 284 314 342 293 516 489 440 340 455 330 353 462 502 309 411 504 313 307 420 273 352 405 435 316 480 399 463 280 427 338 319 451 402 336 537 538
409 440 332 455 269 501 505 265 432 285 357 308 491 336 317 429 400 486 345 296 375 390 339 470 461 342 518 454 467 302 511 355 306 445 449 398 530 531
440 518 333 314 511 318 412 401 515 282 376 508 442 455 374 300 330 281 446 407 426 269 286 502 491 414 363 486 308 338 402 347 470 472 277 532 533
345 455 279 343 382 505 316 496 353 370 480 348 471 363 407 420 475 422 464 411 266 404 275 472 339 333 410 452 388 509 323 445 379 394 449 306 451 525 526
455 260 358 498 422 337 416 431 301 506 346 265 410 497 355 285 488 349 334 481 317 362 392 480 369 359 473 278 393 263 342 357 464 508 272 302 512 501 281 534 535
402 349 300 426 353 294 427 486 422 464 304 285 338 413 468 391 470 404 366 268 461 296 511 445 339 458 513 460 314 337 504 278 506 282 293 321 272 446 501 490 529 530
347 501 369 371 307 273 355 489 267 427 265 416 299 471 363 473 336 457 391 512 296 406 275 339 388 445 458 379 513 460 381 293 506 272 429 376 525 526
501 430 381 494 517 379 443 335 339 337 450 395 346 406 511 374 306 468 330 260 332 343 475 460 311 420 435 465 267 463 265 378 412 304 357 491 308 338 319 537 538
399 342 427 302 306 270 281 488 422 353 364 394 264 328 332 313 470 352 476 267 452 301 401 276 511 445 458 368 451 464 317 268 381 315 326 339 430 337 397 278 529 530
366 514 369 441 319 496 419 432 266 360 416 471 275 422 411 400 468 342 459 393 406 340 474 397 518 452 270 349 511 279 513 294 451 311 378 446 527 528
514 400 349 513 494 458 279 443 473 515 294 517 507 519 441 422 352 337 416 265 478 508 489 359 457 268 332 392 426 456 284 314 318 363 538 539
517 358 369 422 273 397 450 267 461 340 457 438 270 491 353 432 394 398 392 373 445 456 307 405 497 280 382 278 393 495 263 357 308 400 494 266 360 538 539
496 304 427 308 391 388 339 471 486 416 318 519 401 508 346 276 410 374 404 516 468 270 349 300 472 432 507 279 309 498 511 454 286 267 488 497 463 414 265 299 537 538
321 516 408 450 342 441 390 511 282 442 497 431 486 281 435 358 492 481 362 419 353 286 267 359 414 348 352 473 464 356 398 411 332 413 468 459 523 524
395 397 272 465 355 511 300 449 328 309 373 519 442 267 494 441 363 430 304 285 308 427 495 422 490 369 284 468 318 278 459 282 323 419 529 530
397 405 325 515 300 519 394 497 328 332 269 490 341 450 492 505 356 494 498 478 308 391 317 407 275 335 457 388 369 516 465 323 401 529 530
265 300 489 478 491 339 475 519 279 400 391 512 338 340 342 463 452 507 454 335 381 502 370 317 438 506 319 508 360 307 375 520 539
342 507 454 509 325 392 300 394 506 429 497 311 446 273 505 426 441 362 364 432 338 410 302 336 317 348 405 352 407 411 269 472 323 525 526
507 293 470 451 474 370 349 458 462 492 471 269 352 337 301 406 280 404 438 413 362 266 371 339 414 333 538 539
369 381 515 268 296 378 512 335 488 492 282 489 480 427 349 416 334 462 362 422 457 391 393 301 461 363 285 456 511 368 458 500 527 528
381 435 505 293 346 430 419 340 432 500 306 489 412 260 343 267 457 474 450 463 518 304 357 388 451 508 442 431 528 529
502 333 446 476 376 406 474 370 334 364 379 309 473 519 313 307 422 452 269 316 480 518 478 429 276 280 511 419 513 338 317 268 266 490 420 537 538
349 285 270 470 404 461 450 518 313 294 452 388 509 277 341 513 438 519 299 495 497 492 360 281 500 476 489 357 491 314 337 348 346 356 411 525 526
504 516 358 388 505 518 333 511 461 263 323 346 340 474 325 506 404 281 398 328 332 294 426 420 371 356 286 301 478 429 359 357 308 368 451 370 460 537 538
307 405 352 486 407 475 468 266 335 313 326 394 449 330 302 495 308 431 279 505 373 309 311 489 301 357 478 480 280 363 522 523
405 414 427 473 301 411 481 472 419 476 412 454 275 449 506 314 508 363 435 306 281 430 498 334 394 500 279 309 373 478 530 531
293 443 498 379 313 326 328 449 491 317 508 497 435 277 426 360 373 362 296 430 432 346 401 348 272 473 330 464 398 413 512 521 522
300 299 325 516 518 452 388 335 458 500 515 451 374 429 376 497 301 435 282 494 362 375 311 353 474 270 281 355 489 357 478 491 412 346 348 407 273 475 522 523
346 518 316 410 392 394 308 264 442 376 341 492 426 275 443 314 357 370 480 486 400 413 470 525 526
518 489 474 272 515 374 468 270 353 364 394 398 294 373 426 456 269 505 273 486 316 276 304 427 338 368 451 360 422 452 333 416 348 401 538 539
404 459 472 260 343 373 311 449 451 519 497 378 512 446 382 285 319 492 264 498 432 500 277 379 390 491 438 358 407 411 470 530 531
459 419 270 478 458 398 332 313 294 407 473 456 452 311 341 420 371 352 356 429 276 432 264 498 430 360 497 333 348 468 481 406 391 534 535
464 373 422 516 416 286 267 401 509 276 359 363 419 357 308 264 336 411 315 454 470 474 333 442 427 340 355 519 334 379 534 535
316 359 420 315 277 462 519 413 338 393 441 454 443 302 445 337 500 394 438 330 279 374 442 323 286 358 318 360 362 299 432 368 478 523 524
302 463 505 280 333 311 500 328 370 304 317 508 422 314 358 278 263 408 410 359 480 401 281 352 264 394 279 260 341 519 325 522 523
353 413 280 461 474 516 332 454 456 392 394 275 335 451 398 333 284 314 450 375 315 355 279 370 495 416 273 420 422 356 411 526 527
413 334 309 332 313 392 465 513 359 368 508 512 317 370 400 375 360 498 388 419 269 348 478 471 340 473 420 374 355 408 270 530 531
309 343 519 400 406 461 463 452 441 333 454 335 500 269 315 370 317 330 427 374 442 363 422 358 371 426 362 419 432 408 414 267 276 522 523
343 422 332 294 398 400 311 273 452 465 388 401 456 511 392 449 268 438 451 431 378 446 339 333 360 278 432 306 416 486 525 526
410 463 454 511 338 513 462 317 268 451 392 442 326 446 505 299 378 441 382 430 432 445 357 336 480 400 364 394 260 358 388 530 531
332 475 411 408 452 465 333 454 335 456 390 304 339 319 438 451 506 296 326 378 311 490 284 299 364 419 357 495 416 420 524 525
475 362 313 486 488 356 378 382 442 304 478 317 430 315 296 458 390 443 275 335 452 318 505 450 461 494 323 406 340 272 279 260 535 536
390 337 282 431 376 488 435 490 325 505 426 281 364 260 491 352 286 462 422 382 468 304 408 336 450 454 445 458 392 284 529 530
273 282 416 269 341 275 277 400 468 281 270 452 441 454 506 422 490 358 492 426 481 474 408 476 465 304 467 280 520 521
282 388 509 337 376 497 264 268 435 360 481 294 498 474 355 478 359 284 352 472 260 393 340 463 520 521
515 422 284 416 318 348 431 406 340 438 398 456 460 371 352 454 465 488 276 467 497 378 359 382 412 442 338 451 317 268 315 379 462 492 538 539
267 467 401 394 407 341 330 277 519 279 336 338 406 340 454 445 500 328 491 319 376 430 408 278 412 520 539
467 489 406 506 280 325 495 490 426 481 494 311 420 275 414 478 284 412 363 442 391 306 270 330 512 379 458 462 294 505 339 534 535
294 341 393 461 382 463 465 441 333 458 392 315 317 438 451 427 374 363 378 490 364 355 489 414 276 460 521 522
341 429 352 486 420 358 280 393 516 452 268 326 335 497 278 371 492 494 375 364 306 368 489 334 412 525 526
313 358 334 468 263 457 474 306 454 388 509 335 260 328 374 495 431 325 314 280 430 432 478 491 277 523 524
472 494 457 408 285 398 456 356 435 278 393 512 357 338 368 391 296 360 500 279 489 491 358 388 441 452 318 401 461 488 490 492 535 536
359 419 500 301 370 412 414 285 363 336 315 457 461 465 284 314 509 318 443 451 519 374 270 512 279 260 490 382 492 526 527
362 481 317 457 470 296 326 463 476 465 456 314 394 398 378 490 328 379 500 311 414 429 471 280 420 526 527
334 468 393 340 461 474 465 286 509 301 445 299 451 442 497 264 490 266 326 481 498 368 429 471 325 422 270 281 524 525
301 370 491 339 407 462 275 411 441 401 335 260 330 374 508 429 323 378 325 435 505 318 280 364 419 474 368 522 523
473 356 512 299 382 363 509 368 391 500 264 375 495 360 339 422 416 446 438 468 419 432 398 328 535 536
299 311 478 284 422 263 400 468 336 406 461 454 260 443 456 379 339 449 330 323 280 325 446 488 314 426 318 494 441 522 523
311 471 263 308 422 356 411 400 360 336 470 296 393 452 335 339 460 519 276 378 285 270 435 382 371 279 268 375 277 432 522 523
370 393 314 373 441 498 445 336 489 480 266 495 260 468 470 408 340 458 471 513 394 451 508 400 356 527 528
285 470 406 474 465 357 279 412 414 277 460 394 407 446 516 452 441 498 511 266 489 275 319 374 429 442 269 431 358 481 520 521
414 478 491 438 427 280 488 368 336 481 411 470 315 360 456 511 445 513 442 497 512 270 394 490 450 398 373 443 498 371 530 531
429 420 476 356 335 314 513 460 442 272 306 394 388 430 498 337 495 276 340 431 364 398 468 481 317 411 532 533
382 430 511 279 339 333 411 470 276 306 476 330 319 454 328 373 460 277 352 391 284 280 278 516 492 494 528 529
430 317 509 432 266 375 277 360 480 358 339 401 490 406 468 470 374 270 330 465 328 454 456 426 471 378 532 533
338 360 375 419 260 480 471 363 339 407 519 411 280 308 319 406 516 450 401 392 337 431 263 446 371 492 525 526
360 376 378 268 435 277 371 426 441 275 498 432 500 318 491 340 325 398 330 468 328 470 406 356 456 506 526 527
420 371 490 468 481 368 391 336 456 460 375 379 519 335 333 284 314 435 340 325 355 432 489 364 491 398 531 532
470 432 460 491 465 463 276 490 412 442 427 308 368 336 317 474 315 458 480 269 519 512 374 535 536
419 393 461 319 264 336 411 456 511 326 462 442 497 512 446 450 406 426 281 364 379 478 407 286 401 531 532
304 474 355 280 348 272 281 400 260 340 450 463 278 263 443 394 449 317 376 435 481 494 286 522 523
416 458 356 451 512 368 446 336 494 296 277 438 480 427 495 263 323 406 481 408 281 461 260 463 531 532
357 494 441 375 276 498 500 368 308 495 315 266 457 284 272 511 306 394 519 374 446 490 286 526 527
494 491 264 449 488 500 407 452 486 461 263 468 364 462 492 460 454 356 465 286 478 378 537 538
491 280 323 368 326 443 335 407 388 269 480 376 406 306 468 506 277 352 536 537
315 497 378 446 263 441 375 364 432 500 478 488 358 400 276 452 388 509 401 445 513 394 506 523 524
497 326 513 379 463 284 318 278 412 272 449 458 398 492 471 461 512 368 319 498 537 538
486 460 371 356 435 378 442 263 391 451 474 336 509 306 498 489 379 462 452 352 286 480 431 481 536 537
392 488 272 461 306 364 456 373 438 398 442 435 450 505 368 498 317 500 375 326 412 427 495 529 530
488 456 326 371 435 339 314 378 318 278 412 446 474 270 394 328 407 269 337 512 450 480 431 319 536 537
427 498 445 412 438 263 317 375 379 335 339 474 333 337 406 458 276 442 398 450 531 532
476 276 438 426 275 492 463 442 323 406 340 306 400 330 379 519 462 279 260 441 471 422 516 286 431 461 535 536
296 376 323 378 358 505 277 432 474 489 480 339 407 462 272 400 336 270 391 516 441 335 445 330 276 521 522
376 375 277 388 458 460 314 348 506 325 355 490 330 492 328 371 280 308 468 474 408 450 527 528
368 481 478 260 358 339 457 393 461 263 323 465 379 451 508 356 527 528
481 268 277 463 513 412 391 272 400 270 364 505 407 498 511 337 406 325 438 536 537
500 284 314 378 348 446 375 364 498 379 443 373 471 450 276 374 264 398 456 326 356 537 538
375 263 308 391 512 492 335 478 284 314 318 276 374 461 516 452 352 456 460 449 438 527 528
278 443 506 270 319 364 432 412 284 268 468 457 260 275 406 318 520 521
443 363 393 519 323 355 450 330 379 328 260 358 489 352 276 408 319 454 356 275 458 513 533 534
317 318 373 355 489 422 398 468 408 280 509 511 513 264 328 449 495 431 446 523 524
277 435 426 408 355 489 458 284 286 388 509 326 328 449 451 306 374 508 520 521
268 435 260 412 480 284 339 460 352 330 398 411 468 457 325 393 461 450 276 441 509 498 445 506 319 431 520 539
435 407 388 468 348 401 323 456 374 408 364 519 373 426 457 371 393 445 308 438 532 533
474 438 398 426 266 508 333 363 263 308 336 449 339 406 535 536
363 286 480 266 516 275 412 401 333 456 337 348 460 449 276 340 306 457 393 490 505 373 441 526 527
379 508 442 348 505 330 328 279 478 373 269 337 411 458 449 335 506 528 529
451 335 314 498 337 263 406 276 270 364 279 373 463 412 449 266 516 533 534
337 513 449 378 391 426 364 355 348 280 407 323 411 468 281 266 393 524 525
508 284 480 431 281 432 279 260 373 509 445 460 286 442 446 319 336 326 538 539
326 431 378 318 492 272 325 364 270 281 489 260 348 460 276 280 340 319 264 401 445 524 525
284 330 306 319 495 431 323 432 355 478 471 407 462 398 461 318 520 521
516 400 330 394 462 373 422 371 356 286 378 438 308 319 432 264 511 445 348 506 538 539
393 355 498 281 260 356 286 468 308 465 454 509 449 335 457 348 490 263 505 391 529 530
446 281 335 407 358 333 431 340 325 355 408 264 426 471 460 286 462 519 412 391 533 534
449 441 263 432 328 279 426 352 286 478 471 266 506 457 533 534
335 438 431 422 492 364 355 339 509 260 456 511 445 333 524 525
438 461 348 323 458 328 457 371 505 509 498 276 495 264 426 532 533
270 457 461 505 465 454 319 431 323 264 492 426 373 432 280 460 263 356 279 400 520 539
457 281 463 260 358 269 371 356 286 512 398 445 511 412 323 391 272 306 534 535
314 330 323 373 412 286 468 336 512 406 318 441 509 498 523 524
281 323 336 391 505 452 445 276 374 442 431 378 371 408 412 471 460 286 400 520 521
323 333 458 513 328 269 495 490 306 355 480 462 398 519 400 340 461 523 524
511 355 306 364 328 492 407 456 450 512 408 468 319 391 358 538 539
279 398 450 318 422 490 426 373 355 489 412 286 407 462 520 521
398 454 456 325 445 458 264 356 426 318 272 336 471 529 530
454 355 330 394 458 506 308 512 505 509 333 318 533 534
355 450 463 465 401 506 391 490 318 348 364 478 422 526 527
272 276 498 445 506 374 495 422 356 492 264 432 480 458 339 275 330 336 391 406 520 539
408 461 465 364 456 373 460 280 450 263 509 432 388 411 468 530 531
513 461 263 489 340 325 364 328 462 492 441 352 463 378 506 266 519 538 539
465 495 411 371 286 378 412 442 319 266 492 388 498 450 534 535
352 286 519 468 391 308 264 460 394 275 374 442 333 422 358 371 412 526 527
471 519 509 445 426 506 358 318 412 406 492 391 306 328 407 535 536
333 506 306 374 442 330 492 441 364 478 412 411 358 463 524 525
336 450 348 407 308 411 358 340 275 388 401 394 263 506 374 378 524 525
401 456 407 306 506 450 492 509 498 432 378 263 490 426 260 275 461 463 478 529 530
318 330 431 269 505 498 276 306 264 286 461 523 524
519 269 374 319 266 509 371 275 442 308 400 458 538 539
286 306 462 276 461 450 495 325 371 426 489 478 521 522
306 461 275 450 505 388 509 319 260 373 339 522 523
468 378 275 358 431 461 406 535 536
452 460 325 330 260 492 505 422 463 456 263 533 534
460 490 394 411 462 330 489 534 535
463 340 480 490 445 356 378 400 275 407 388 492 505 422 348 431 534 535
280 478 412 407 400 340 505 509 456 458 266 422 520 521
358 441 432 480 400 461 388 456 526 527
260 411 512 509 374 348 520 539
411 490 373 378 308 266 339 330 364 394 530 531
489 412 400 506 269 495 364 373 456 536 537
276 407 400 445 264 495 490 426 406 520 521
266 431 325 422 490 373 441 480 407 400 391 512 340 269 319 520 539
431 378 498 388 480 269 371 356 490 461 532 533
422 441 391 480 495 319 458 531 532
490 275 412 394 458 328 509 536 537
495 339 325 328 269 356 308 264 537 538
356 407 400 406 506 512 348 505 478 526 527
441 509 264 371 458 532 533
378 480 348 400 340 374 388 394 319 528 529
275 374 269 426 478 462 391 340 461 394 520 521
263 388 394 264 374 492 480 462 391 340 520 539
388 340 374 348 528 529
426 264 412 340 506 400 512 505 531 532
442 407 406 374 325 364 461 462 391 400 533 534
506 394 269 371 391 445 458 537 538
509 364 407 348 538 539
498 512 308 505 339 478 340 537 538
512 458 269 348 450 264 308 391 538 539
450 373 371 492 533 534
340 330 374 492 308 432 412 339 525 526
400 264 412 456 391 529 530
458 348 373 308 534 535
407 308 406 478 328 530 531
328 406 339 374 371 492 364 319 480 462 524 525
391 445 308 456 348 529 530
456 432 371 462 534 535
269 373 445 264 406 412 480 520 539
348 308 432 412 480 525 526
461 462 373 534 535
308 339 394 319 374 371 522 523
373 394 330 412 480 527 528
480 264 505 535 536
478 319 339 505 325 330 371 535 536
264 364 462 330 520 539
412 445 530 531
445 325 364 371 339 533 534
319 432 523 524
325 364 524 525
505 462 432 537 538
432 492 532 533
462 406 371 339 330 534 535
406 394 530 531
371 330 492 527 528
374 339 492 527 528
364 527 528
330 394 524 525
339 525 526
492 536 537
394 529 530
520
521
522
523
524
525
526
527
528
529
530
531
532
533
534
535
536
537
538
539
