#/usr/local/lib/python3.10/dist-packages/colab_kernel_launcher.py -f /root/.local/share/jupyter/runtime/kernel-dea7114a-48f2-47cd-9840-9590734c419b.json
# GMT Thu May 23 22:41:14 2024
# 
15 21 30 39 14 3 25 6 9 1 12 34 4 20 29 38 24 33 19 28 37 23 32 18 2 5 13 36 8 22 31 11 26 80 81 84 85 88 89 92 93
21 37 18 36 22 31 10 26 35 2 30 5 13 16 19 8 11 0 25 3 29 38 24 33 28 23 17 9 1 20 12 4 81 82 85 86 89 90 93 94
7 17 26 35 12 30 16 11 2 5 39 34 20 29 38 24 33 10 19 28 37 14 23 9 3 6 1 32 18 27 13 31 8 80 83 84 87 88 91 92 95
17 39 10 25 34 20 38 24 33 19 5 37 13 23 16 8 0 11 14 32 18 27 36 6 31 26 35 9 30 1 4 80 81 84 85 88 89 92 93
30 26 18 9 10 29 2 5 24 36 31 27 8 19 11 22 3 14 6 39 0 1 38 20 33 23 37 32 25 82 83 86 87 90 91 94 95
26 18 39 10 16 34 29 38 19 8 33 11 0 28 37 22 14 3 25 6 9 1 20 23 12 36 4 35 81 82 85 86 89 90 93 94
18 35 8 16 6 39 0 11 25 34 29 38 24 19 28 37 23 10 2 12 4 5 32 27 36 22 31 80 81 84 85 88 89 92 93
39 9 10 20 23 12 32 5 34 37 27 29 2 22 24 13 35 6 8 19 0 1 31 3 14 33 25 82 83 86 87 90 91 94 95
35 29 2 36 32 5 24 16 27 8 19 11 0 22 14 3 25 6 38 28 9 37 31 12 23 4 34 82 83 86 87 90 91 94 95
8 9 2 27 13 22 31 16 11 3 6 1 25 34 20 29 38 33 4 19 28 37 14 23 80 83 84 87 88 91 92 95
9 0 3 25 11 20 29 24 33 6 28 14 1 4 37 23 32 36 13 22 31 2 12 16 80 83 84 87 88 91 92 95
0 5 23 37 32 27 36 4 22 31 3 12 16 2 25 34 11 20 38 6 24 33 1 19 28 80 83 84 87 88 91 92 95
5 3 27 36 22 31 12 16 25 11 6 4 20 29 38 2 33 10 19 28 37 23 32 13 80 83 84 87 88 91 92 95
37 22 3 33 6 11 1 20 31 12 23 38 34 10 2 4 32 13 27 19 82 83 86 87 90 91 94 95
11 14 10 32 4 13 22 31 16 3 25 34 20 29 38 1 24 33 19 28 80 81 84 85 88 89 92 93
14 24 33 19 28 3 23 32 6 1 4 27 36 31 16 25 10 2 13 34 20 29 38 80 81 84 85 88 89 92 93
23 22 3 6 25 34 38 33 1 20 28 12 10 27 4 36 13 16 81 82 85 86 89 90 93 94
10 27 36 22 3 12 6 16 25 1 4 34 29 38 24 33 19 28 2 32 13 80 81 84 85 88 89 92 93
27 2 22 13 24 16 36 31 19 3 1 20 34 12 29 38 4 33 28 32 81 82 85 86 89 90 93 94
36 29 2 38 32 13 24 19 22 3 33 25 6 28 31 20 12 4 34 82 83 86 87 90 91 94 95
33 38 3 6 28 20 12 29 2 32 13 24 16 19 34 82 83 86 87 90 91 94 95
38 1 20 12 4 34 29 2 32 13 24 16 19 22 82 83 86 87 90 91 94 95
2 32 22 31 3 12 25 34 20 29 6 24 28 4 1 80 83 84 87 88 91 92 95
32 22 13 24 6 1 20 31 3 25 28 34 12 4 82 83 86 87 90 91 94 95
25 34 29 28 12 4 24 19 22 3 13 16 1 20 81 82 85 86 89 90 93 94
34 6 28 1 20 31 12 29 13 24 16 22 82 83 86 87 90 91 94 95
3 6 24 19 28 13 22 12 16 1 29 80 83 84 87 88 91 92 95
6 29 24 28 13 4 22 31 12 16 1 80 83 84 87 88 91 92 95
22 28 13 16 19 31 1 20 24 81 82 85 86 89 90 93 94
28 29 12 4 31 24 13 16 19 81 82 85 86 89 90 93 94
24 31 1 12 4 29 13 16 81 82 85 86 89 90 93 94
12 20 19 13 31 1 16 4 80 81 84 85 88 89 92 93
29 31 1 20 4 13 16 19 81 82 85 86 89 90 93 94
19 1 31 4 13 16 20 80 81 84 85 88 89 92 93
16 31 13 20 1 4 80 81 84 85 88 89 92 93
31 13 1 20 4 82 83 86 87 90 91 94 95
13 20 4 80 81 84 85 88 89 92 93
20 4 1 81 82 85 86 89 90 93 94
1 4 80 83 84 87 88 91 92 95
4 80 83 84 87 88 91 92 95
55 61 70 79 43 56 65 46 49 41 52 69 78 64 73 59 47 77 63 72 58 50 42 53 67 76 48 62 71 51 57 66 75 80 81 84 85 88 89 92 93
61 47 72 67 76 62 71 50 66 75 42 70 45 56 59 48 40 79 65 74 54 43 69 78 64 73 46 68 63 49 60 52 81 82 85 86 89 90 93 94
47 57 66 75 52 70 51 42 45 65 74 78 73 50 59 68 77 54 63 49 43 46 41 72 58 76 53 62 71 44 48 80 83 84 87 88 91 92 95
57 79 74 42 60 69 78 64 73 45 59 68 77 53 63 56 48 40 43 72 58 67 76 46 71 66 75 49 41 52 44 80 81 84 85 88 89 92 93
66 70 58 50 42 45 64 56 78 48 51 68 77 62 72 54 43 65 46 49 41 60 63 52 67 76 44 71 75 81 82 85 86 89 90 93 94
70 58 49 50 69 42 44 45 64 76 56 67 75 59 51 62 43 46 79 74 41 78 60 73 52 63 77 72 65 82 83 86 87 90 91 94 95
58 75 48 54 43 79 40 51 41 65 74 60 69 78 64 68 77 63 49 50 52 44 45 53 72 76 62 71 80 81 84 85 88 89 92 93
79 68 49 50 60 52 63 45 74 77 67 69 42 62 75 53 64 56 46 76 59 48 40 51 41 43 73 65 82 83 86 87 90 91 94 95
75 50 69 42 76 45 53 56 67 59 51 40 43 54 73 46 78 68 49 77 71 63 52 44 74 82 83 86 87 90 91 94 95
69 72 76 65 49 41 60 52 63 44 50 78 42 73 77 45 64 53 56 59 48 40 51 62 43 54 81 82 85 86 89 90 93 94
72 42 62 76 64 53 56 59 48 40 51 41 71 65 68 74 49 78 73 52 63 77 44 45 67 82 83 86 87 90 91 94 95
48 49 42 45 67 62 71 40 56 51 43 46 41 65 60 78 64 73 44 50 59 68 54 63 80 83 84 87 88 91 92 95
49 43 74 51 60 78 73 46 59 68 54 41 44 77 76 62 71 42 52 45 56 80 83 84 87 88 91 92 95
51 54 63 50 42 44 45 67 76 53 62 71 52 43 46 74 40 60 78 41 64 59 80 81 84 85 88 89 92 93
54 40 64 73 68 77 43 63 46 41 52 44 67 62 71 56 65 50 42 45 53 74 60 78 80 81 84 85 88 89 92 93
40 63 77 67 76 44 53 62 71 43 52 56 42 65 74 60 46 64 73 41 50 59 68 80 83 84 87 88 91 92 95
63 46 74 78 64 41 60 68 77 52 50 42 67 44 71 53 56 59 81 82 85 86 89 90 93 94
50 67 76 62 71 52 46 56 65 41 74 78 73 59 68 77 42 53 45 80 81 84 85 88 89 92 93
67 42 45 64 53 56 76 71 59 43 65 46 41 74 52 78 44 73 68 81 82 85 86 89 90 93 94
76 45 64 53 77 56 59 62 43 73 65 68 60 71 52 44 74 82 83 86 87 90 91 94 95
73 78 43 77 65 46 68 60 52 44 45 64 53 56 59 74 62 82 83 86 87 90 91 94 95
78 46 68 41 60 52 44 74 77 42 45 64 53 56 43 82 83 86 87 90 91 94 95
65 74 68 52 44 45 64 77 42 71 62 43 53 56 46 41 60 81 82 85 86 89 90 93 94
74 46 68 41 60 71 77 42 53 64 56 59 62 43 82 83 86 87 90 91 94 95
42 62 71 43 56 46 64 59 68 45 44 41 80 83 84 87 88 91 92 95
43 46 64 77 45 44 53 62 71 41 60 80 83 84 87 88 91 92 95
46 64 59 53 44 45 62 71 52 60 41 80 83 84 87 88 91 92 95
62 68 77 53 56 59 71 41 60 52 44 81 82 85 86 89 90 93 94
68 77 60 52 44 71 45 64 53 56 59 81 82 85 86 89 90 93 94
64 71 41 60 44 45 53 56 59 81 82 85 86 89 90 93 94
77 56 41 71 60 52 44 45 53 59 82 83 86 87 90 91 94 95
56 71 53 60 59 52 44 80 81 84 85 88 89 92 93
52 45 60 59 41 44 80 81 84 85 88 89 92 93
71 45 53 59 41 60 82 83 86 87 90 91 94 95
45 44 60 59 53 80 83 84 87 88 91 92 95
53 41 60 59 44 80 81 84 85 88 89 92 93
60 44 59 41 81 82 85 86 89 90 93 94
59 41 80 81 84 85 88 89 92 93
44 41 80 83 84 87 88 91 92 95
41 80 83 84 87 88 91 92 95
80
81
82
83
84
85
86
87
88
89
90
91
92
93
94
95
