#/usr/local/lib/python3.10/dist-packages/colab_kernel_launcher.py -f /root/.local/share/jupyter/runtime/kernel-dea7114a-48f2-47cd-9840-9590734c419b.json
# GMT Thu May 23 21:20:32 2024
# 
7 17 35 21 5 34 20 38 15 24 3 6 18 27 36 13 4 80 81 88 89
17 25 2 38 13 8 11 0 14 32 18 6 26 30 4 15 82 83 90 91
18 26 35 3 39 0 1 38 28 37 9 2 5 13 32 82 83 90 91
26 39 10 5 13 24 38 19 11 28 22 6 9 23 4 84 85 92 93
39 9 20 32 5 34 2 24 16 8 30 38 14 33 25 86 87 94 95
35 29 21 32 13 27 19 30 22 3 33 9 31 4 34 86 87 94 95
0 5 9 36 13 12 21 25 34 11 29 6 15 33 19 80 87 88 95
5 36 22 8 21 30 16 4 19 23 32 9 80 81 88 89
21 37 31 10 2 30 11 14 24 23 9 1 4 83 84 91 92
37 22 3 28 11 31 12 25 15 34 10 13 24 8 30 86 87 94 95
10 36 22 31 3 12 11 1 4 20 29 28 14 13 81 82 89 90
36 29 2 24 27 8 11 22 33 25 1 20 12 86 87 94 95
33 38 14 25 9 31 23 4 32 24 27 30 19 85 86 93 94
38 28 9 4 29 2 16 27 8 11 3 86 87 94 95
25 34 15 29 23 4 19 22 16 8 20 84 85 92 93
34 6 1 20 12 29 32 13 30 22 14 85 86 93 94
2 32 13 12 30 16 29 15 28 23 1 80 87 88 95
32 22 13 6 8 1 31 3 28 85 86 93 94
3 6 19 14 23 9 31 8 16 20 80 87 88 95
6 24 19 23 27 31 8 12 11 20 80 81 88 89
14 15 9 1 12 4 27 16 8 20 81 82 89 90
15 16 1 12 19 23 27 8 22 11 82 83 90 91
22 23 19 31 9 29 24 83 84 91 92
16 27 31 11 20 19 28 1 4 82 83 90 91
29 1 20 12 13 27 8 11 84 85 92 93
9 30 28 4 31 80 81 88 89
31 24 27 28 20 23 85 86 93 94
23 24 1 28 27 19 83 84 91 92
19 1 8 28 11 82 83 90 91
13 30 1 28 12 81 82 89 90
30 27 8 28 1 12 85 86 93 94
24 1 20 12 28 11 83 84 91 92
12 20 11 4 81 82 89 90
28 27 84 85 92 93
20 4 27 83 84 91 92
1 80 87 88 95
11 8 81 82 89 90
27 4 84 85 92 93
8 80 81 88 89
4 80 87 88 95
55 61 54 49 41 44 73 59 68 63 72 58 45 67 76 71 66 82 83 90 91
61 47 72 67 62 71 75 42 56 51 79 54 78 68 63 60 83 84 91 92
47 57 70 56 51 42 65 78 59 68 77 40 63 43 46 41 80 81 88 89
57 79 65 42 60 78 77 53 48 51 54 58 76 46 71 66 82 83 90 91
69 72 76 71 70 60 63 44 58 74 78 42 45 64 53 43 54 84 85 92 93
72 42 62 79 59 48 40 68 74 78 52 44 45 58 85 86 93 94
48 49 67 53 62 66 75 52 56 51 46 79 74 77 54 80 81 88 89
49 40 43 65 74 51 78 73 59 44 77 58 53 71 45 80 81 88 89
40 54 63 58 67 76 44 62 56 79 74 78 46 64 80 87 88 95
54 73 59 68 43 71 66 75 56 53 78 81 82 89 90
63 62 79 64 41 68 77 52 50 71 56 70 83 84 91 92
73 78 43 41 60 44 50 75 42 45 53 64 51 74 85 86 93 94
78 76 71 52 56 79 70 62 86 87 94 95
65 74 68 50 44 58 77 42 62 75 53 46 41 70 84 85 92 93
74 71 44 50 42 64 67 51 76 75 85 86 93 94
42 71 75 51 60 46 59 68 45 80 87 88 95
43 64 50 59 77 58 44 67 76 75 79 60 80 87 88 95
64 46 67 41 75 70 52 79 45 53 51 83 84 91 92
62 77 45 56 70 46 41 60 52 58 83 84 91 92
77 56 68 41 52 79 58 50 67 86 87 94 95
70 50 53 67 75 59 51 79 41 60 85 86 93 94
76 53 75 56 79 71 60 52 66 58 86 87 94 95
50 66 75 46 51 41 60 68 53 45 81 82 89 90
59 41 67 71 52 44 45 68 51 82 83 90 91
68 41 52 66 58 45 84 85 92 93
79 52 58 67 71 86 87 94 95
56 71 66 75 45 53 46 82 83 90 91
71 75 44 85 86 93 94
67 53 46 60 66 58 84 85 92 93
66 45 53 51 46 41 60 52 84 85 92 93
75 60 44 86 87 94 95
51 45 46 60 81 82 89 90
46 52 60 41 80 81 88 89
58 52 44 82 83 90 91
60 41 83 84 91 92
53 52 45 81 82 89 90
44 41 45 52 80 87 88 95
45 80 81 88 89
52 81 82 89 90
41 80 87 88 95
80
81
82
83
84
85
86
87
88
89
90
91
92
93
94
95
