#/usr/local/lib/python3.10/dist-packages/colab_kernel_launcher.py -f /root/.local/share/jupyter/runtime/kernel-6c0fbf18-c276-4b2d-9452-8819c27dba4d.json
# GMT Sat May 25 00:07:14 2024
# 
15 21 30 25 6 34 4 20 33 28 32 18 2 5 27 22 31 17 26 73 74 79 80 85 86
21 32 27 22 10 26 35 30 0 25 14 3 24 33 6 28 9 1 74 75 80 81 86 87
30 7 9 5 13 24 11 22 3 6 28 17 34 1 20 32 25 76 77 82 83 88 89
18 26 14 3 0 11 34 20 19 17 12 4 13 32 7 27 22 31 74 75 80 81 86 87
26 2 5 24 13 29 8 33 28 22 32 14 25 6 27 4 75 76 81 82 87 88
8 9 2 32 31 12 0 16 11 3 1 34 20 24 10 19 23 7 72 73 78 79 84 85
9 3 34 24 33 6 10 19 28 7 13 22 31 2 35 12 72 73 78 79 84 85
0 5 14 32 4 3 7 2 11 20 29 6 24 1 19 28 72 77 78 83 84 89
5 27 22 7 1 11 6 4 34 20 24 10 19 28 32 72 77 78 83 84 89
14 24 33 28 23 32 6 12 27 22 16 25 10 13 20 73 74 79 80 85 86
11 23 10 2 4 27 13 17 16 3 34 29 1 19 72 73 78 79 84 85
23 6 25 34 24 33 1 20 28 7 2 32 27 31 13 35 74 75 80 81 86 87
10 27 22 31 3 17 12 16 4 29 33 19 13 72 73 78 79 84 85
27 13 31 35 12 4 33 28 7 32 75 76 81 82 87 88
25 34 29 17 12 4 7 19 13 16 6 1 20 75 76 81 82 87 88
34 17 31 4 29 2 16 22 3 35 76 77 82 83 88 89
3 6 19 2 31 17 35 12 16 1 72 77 78 83 84 89
6 29 33 4 17 35 7 20 72 73 78 79 84 85
24 17 1 35 12 4 7 2 29 19 75 76 81 82 87 88
33 17 31 12 4 7 35 29 13 16 76 77 82 83 88 89
7 16 2 29 28 32 4 72 73 78 79 84 85
32 22 13 16 1 17 12 76 77 82 83 88 89
22 2 13 16 20 12 4 29 74 75 80 81 86 87
31 29 16 19 28 1 20 35 4 76 77 82 83 88 89
29 28 1 20 4 16 19 75 76 81 82 87 88
19 17 35 2 13 20 28 74 75 80 81 86 87
28 17 2 35 16 75 76 81 82 87 88
16 35 13 1 12 73 74 79 80 85 86
17 13 35 12 4 73 74 79 80 85 86
2 35 12 20 1 72 77 78 83 84 89
12 20 1 35 73 74 79 80 85 86
35 13 20 76 77 82 83 88 89
13 1 73 74 79 80 85 86
1 20 72 77 78 83 84 89
20 74 75 80 81 86 87
4 72 77 78 83 84 89
51 57 39 61 42 70 40 56 60 55 43 68 54 46 63 44 67 36 62 73 74 79 80 85 86
57 54 68 58 67 71 38 66 41 44 47 70 50 65 60 42 37 48 74 75 80 81 86 87
43 53 62 48 66 70 56 65 69 46 64 50 45 54 63 58 40 44 72 73 78 79 84 85
53 38 56 60 69 41 64 49 52 44 47 68 54 63 58 67 45 40 73 74 79 80 85 86
62 66 46 41 60 49 70 65 55 44 58 50 39 61 56 40 71 75 76 81 82 87 88
66 45 65 60 52 63 71 44 58 39 42 64 70 36 37 48 76 77 82 83 88 89
54 71 50 39 52 42 47 36 61 56 55 64 46 38 48 74 75 80 81 86 87
71 38 49 60 63 55 44 36 58 69 61 42 45 67 56 76 77 82 83 88 89
65 68 42 64 45 37 56 59 48 40 46 69 41 47 39 75 76 81 82 87 88
68 58 50 52 42 55 47 37 67 61 64 70 69 59 63 76 77 82 83 88 89
36 50 59 63 49 44 39 48 52 38 61 70 47 42 69 72 77 78 83 84 89
50 64 39 59 37 58 67 61 46 41 49 44 56 73 74 79 80 85 86
59 58 42 70 60 69 37 56 64 45 46 38 63 40 44 74 75 80 81 86 87
46 63 39 42 61 47 45 55 64 49 41 44 72 73 78 79 84 85
63 38 41 60 67 61 42 56 69 64 75 76 81 82 87 88
61 70 45 40 60 55 38 49 52 42 75 76 81 82 87 88
70 45 67 48 40 38 60 52 44 55 76 77 82 83 88 89
39 42 60 55 41 45 40 58 44 47 37 72 77 78 83 84 89
42 60 64 67 38 37 72 73 78 79 84 85
58 64 49 47 67 37 48 60 69 74 75 80 81 86 87
64 69 40 67 41 49 52 75 76 81 82 87 88
60 67 45 40 41 55 75 76 81 82 87 88
48 38 41 56 69 44 49 67 37 52 40 73 74 79 80 85 86
38 52 47 56 55 45 40 37 72 77 78 83 84 89
55 45 37 67 41 56 69 47 74 75 80 81 86 87
41 44 37 47 40 69 49 72 77 78 83 84 89
45 56 37 49 67 52 72 73 78 79 84 85
67 49 52 56 76 77 82 83 88 89
56 52 44 47 74 75 80 81 86 87
40 47 69 37 52 72 77 78 83 84 89
52 49 44 47 69 73 74 79 80 85 86
69 37 49 47 76 77 82 83 88 89
47 49 37 72 73 78 79 84 85
49 44 37 73 74 79 80 85 86
37 72 77 78 83 84 89
44 72 73 78 79 84 85
72
73
74
75
76
77
78
79
80
81
82
83
84
85
86
87
88
89
