#/usr/local/lib/python3.10/dist-packages/colab_kernel_launcher.py -f /root/.local/share/jupyter/runtime/kernel-dea7114a-48f2-47cd-9840-9590734c419b.json
# GMT Thu May 23 19:42:19 2024
# 
165 216 56 90 71 194 207 124 5 16 196 209 69 20 122 133 97 48 204 142 193 57 182 237 140 121 21 186 6 115 100 179 234 128 168 181 183 126 141 229 22 101 82 176 116 146 178 167 31 222 144 224 171 10 89 215 153 4 68 132 210 28 212 160 111 62 203 484 485
216 234 105 5 35 199 50 178 25 159 127 108 123 231 187 4 27 151 115 200 160 164 194 11 217 64 139 221 223 225 58 18 186 167 97 116 210 112 1 61 195 176 95 46 125 170 193 40 21 134 119 132 113 147 117 181 211 192 32 62 107 26 171 201 60 90 487 488
32 101 222 145 23 158 79 204 96 151 208 197 210 131 78 212 146 148 69 18 194 14 207 3 185 132 53 187 68 189 178 70 191 112 180 6 235 127 169 237 171 63 15 52 107 41 9 98 166 58 221 7 223 22 225 172 40 161 174 1 95 150 152 44 167 209 476 477
101 13 126 11 141 7 41 187 5 202 123 136 191 125 127 97 78 237 184 173 57 87 91 230 2 124 21 6 85 66 179 100 181 0 225 172 98 108 9 24 58 233 167 52 222 3 33 156 169 224 1 80 31 215 10 219 140 93 210 4 157 68 199 83 201 480 481
123 219 140 221 109 155 210 58 18 192 139 80 12 209 130 114 185 46 198 145 200 10 189 74 136 125 72 102 182 83 237 129 186 111 175 96 124 126 105 5 236 39 69 20 159 161 174 25 176 48 29 220 23 222 27 57 91 121 158 171 213 160 115 66 151 482 483
219 134 224 4 68 102 228 2 230 232 30 11 96 26 56 15 209 41 124 5 207 229 54 122 163 220 108 112 191 195 57 170 121 193 174 204 21 55 66 168 119 0 64 177 158 109 192 73 107 58 141 171 201 86 218 16 150 80 95 197 14 44 178 159 29 487 488
21 208 10 129 63 76 23 67 137 139 181 115 13 75 117 130 172 64 185 119 132 176 231 57 178 167 114 48 61 14 103 37 118 160 228 109 230 2 113 102 49 146 159 227 27 148 161 82 95 163 99 22 143 211 3 145 147 1 70 12 127 74 195 476 477
208 223 138 202 49 34 136 200 81 160 111 209 96 175 56 139 124 50 152 103 84 197 78 59 161 112 206 23 195 76 57 8 87 38 140 91 234 155 85 149 100 30 227 64 45 128 158 43 54 222 201 224 22 186 3 135 215 228 169 180 1 114 144 178 193 487 488
39 225 51 172 106 227 40 161 174 95 42 97 218 152 26 154 46 88 226 147 160 215 149 33 85 153 74 27 133 36 150 84 194 86 128 198 132 28 79 200 121 134 57 178 7 72 48 116 50 184 173 65 107 228 120 25 122 232 124 179 47 23 168 60 181 223 477 478
225 20 197 14 44 108 234 172 161 112 23 176 76 57 8 221 91 119 130 30 164 11 224 15 45 75 209 173 203 192 207 188 126 137 167 116 214 31 95 189 159 193 40 153 104 198 49 72 151 83 47 181 51 81 160 7 220 71 105 184 5 169 16 488 489
218 227 41 154 5 169 199 50 133 44 48 127 78 108 206 23 157 76 185 136 166 55 6 36 200 149 100 179 30 194 45 98 24 88 22 186 86 229 67 231 1 80 214 233 65 189 129 159 10 40 93 74 104 168 138 68 19 183 132 34 113 232 56 190 141 487 488
227 50 103 84 197 44 25 167 48 142 27 110 189 140 2 155 85 36 115 100 179 15 177 128 109 192 73 24 54 77 156 107 137 171 186 63 150 1 80 125 178 223 93 231 138 19 49 102 235 215 237 196 81 62 164 194 96 26 56 209 60 71 5 488 489
56 23 154 156 224 145 147 6 81 149 204 30 151 155 76 197 89 210 131 9 80 190 22 3 71 205 126 128 12 62 183 42 196 132 66 187 10 40 59 49 114 182 105 118 28 173 186 228 109 11 7 37 98 111 20 172 106 95 150 163 29 97 478 479
14 168 170 104 95 108 42 99 0 33 35 158 79 9 26 147 160 81 94 136 28 96 17 30 193 142 25 122 190 124 192 126 139 128 141 196 8 119 132 187 6 134 176 110 178 180 48 182 237 171 63 118 173 186 107 162 54 109 177 3 221 234 47 476 489
168 44 206 167 29 59 161 199 175 2 155 55 36 66 192 234 100 130 94 45 185 147 98 79 143 187 162 73 24 178 58 88 169 150 31 12 114 144 125 217 230 129 232 221 223 157 19 132 83 51 160 13 92 26 196 139 90 71 211 154 99 50 484 485
41 42 110 152 207 2 154 167 222 36 79 213 15 215 83 204 72 206 76 18 33 146 67 188 80 201 137 1 31 12 205 73 196 10 117 119 200 57 112 125 59 9 114 127 171 63 105 118 7 52 175 122 5 16 179 223 115 236 91 159 29 214 229 477 478
42 122 69 190 203 16 124 137 179 71 192 60 181 194 196 130 185 53 66 55 8 38 231 44 125 114 235 48 169 61 171 105 226 54 230 111 153 100 221 18 89 102 157 104 214 97 220 141 154 88 143 156 158 213 4 0 202 94 215 149 70 72 197 477 478
113 147 202 78 29 108 162 138 151 23 140 27 153 38 195 142 210 6 85 36 201 135 11 45 139 200 3 176 189 67 193 80 31 235 182 116 70 173 186 228 122 4 19 179 53 28 51 81 159 13 172 161 7 37 60 71 231 5 35 16 20 211 224 145 481 482
147 47 28 9 145 96 37 186 199 118 69 20 50 103 44 25 236 170 183 142 4 57 229 121 2 55 6 115 66 17 180 11 169 224 15 94 75 160 109 143 215 228 149 73 153 221 52 155 146 212 12 65 125 70 138 19 49 72 102 53 483 484
222 13 164 175 60 233 120 173 105 5 118 69 226 152 103 182 131 232 161 142 234 76 106 8 87 121 174 85 198 202 183 128 79 211 24 77 18 201 82 150 31 61 12 95 148 178 129 10 89 40 172 153 157 4 217 221 53 132 215 117 51 488 489
151 173 228 19 49 0 230 72 206 47 221 51 210 13 212 7 37 120 5 154 209 122 127 108 187 200 189 4 191 8 121 2 55 36 119 130 188 15 45 128 179 234 43 236 126 18 172 174 67 1 12 220 233 46 224 93 213 74 226 104 160 483 484
173 187 121 166 155 55 85 178 220 130 30 235 11 54 217 77 152 221 52 167 63 135 146 150 80 201 40 194 93 104 134 209 19 198 53 83 47 9 111 62 156 37 60 71 16 118 20 99 190 103 84 148 44 48 127 78 29 23 185 485 486
44 47 102 223 236 91 212 35 214 106 161 20 150 152 154 88 209 77 200 83 217 138 206 153 195 87 142 0 197 89 199 146 9 122 43 69 71 194 22 33 141 183 196 130 185 176 189 125 114 235 226 2 162 54 175 98 232 26 477 478
47 158 226 160 4 83 204 217 27 153 195 155 210 131 144 91 212 30 135 205 60 73 194 128 62 130 64 3 53 70 125 127 61 40 63 184 118 186 107 228 120 175 19 122 0 164 100 181 115 49 104 51 37 161 174 5 86 99 20 209 477 478
2 50 184 105 226 107 120 109 230 153 34 212 104 172 40 161 95 163 207 220 154 37 158 200 213 134 81 202 28 70 83 204 17 138 6 74 142 76 144 65 199 133 188 201 82 3 71 181 7 62 75 130 119 187 55 176 235 103 476 489
50 214 36 106 17 148 150 163 86 88 209 156 43 158 92 18 81 202 94 149 204 96 72 206 153 74 31 12 131 133 67 137 71 192 19 34 183 75 28 134 55 110 191 233 127 103 116 52 29 109 230 98 4 179 234 223 115 157 170 477 478
13 143 156 77 211 79 81 15 17 19 87 210 23 186 133 80 10 190 82 124 58 71 192 18 139 60 194 115 128 62 51 64 119 132 53 174 187 134 176 68 235 127 61 118 160 54 96 232 166 221 234 157 49 212 25 161 150 99 220 20 33 476 489
25 155 210 223 36 10 93 214 148 29 23 152 8 220 141 75 209 156 92 28 149 131 65 78 120 67 80 135 69 124 60 181 73 115 183 196 117 51 172 6 132 66 108 189 0 233 125 46 59 180 235 226 22 96 217 43 98 111 232 166 476 477
155 93 153 23 138 68 38 190 102 53 232 117 236 81 111 62 183 11 75 161 139 90 229 54 122 18 84 224 63 158 171 97 226 215 61 217 164 206 140 91 166 70 6 36 119 212 130 34 192 194 77 137 88 211 200 71 86 5 484 485
164 233 180 138 8 224 117 215 55 81 175 130 11 96 232 94 79 109 210 143 24 54 201 18 152 163 203 22 52 33 205 116 67 112 106 65 110 91 213 74 191 204 119 149 193 182 195 53 34 158 186 126 77 179 71 114 84 159 108 59 178 484 485
233 194 224 45 60 90 120 143 203 24 188 182 33 167 127 1 61 106 46 91 223 149 202 232 183 0 213 94 158 126 77 107 26 141 22 71 135 86 146 199 114 144 129 159 93 172 206 138 217 68 27 57 38 72 136 117 196 66 230 51 488 489
117 158 160 18 228 3 82 221 76 27 197 110 91 212 133 70 85 115 135 137 205 19 49 194 207 196 132 121 26 7 178 116 127 35 182 80 237 20 171 65 131 186 120 89 230 93 74 179 8 38 83 236 36 17 161 90 220 105 54 481 482
158 111 178 90 120 154 16 118 99 230 133 84 97 78 142 170 27 8 87 159 163 6 36 130 98 160 24 54 162 126 156 221 135 116 146 1 80 12 212 114 144 95 203 129 89 93 74 134 207 196 68 49 0 187 484 485
29 45 234 223 115 36 49 170 38 40 231 152 23 86 220 27 88 143 35 90 160 81 94 83 72 193 197 131 65 78 67 69 22 190 137 139 73 12 183 119 132 121 134 55 110 178 112 125 167 59 180 235 9 107 228 120 54 232 476 477
45 4 114 169 237 63 226 52 186 17 162 15 58 221 234 223 115 43 91 159 172 93 214 106 18 108 229 97 1 12 143 156 224 213 40 72 193 206 153 87 129 142 197 89 131 9 67 80 201 203 71 192 60 181 73 5 185 198 189 477 478
122 236 12 76 57 185 110 174 176 55 85 49 0 235 224 237 160 77 107 58 7 86 142 223 16 61 201 203 89 150 104 23 130 143 38 102 83 198 132 200 51 62 125 193 206 127 182 105 199 188 177 3 63 48 181 112 482 483
236 103 133 163 167 97 131 210 112 189 193 234 115 17 198 179 30 232 183 75 177 109 181 43 24 54 77 156 107 18 190 141 201 3 33 116 146 12 114 65 197 178 70 212 172 153 221 72 83 160 11 145 96 26 7 209 60 105 5 488 489
48 58 100 30 223 15 51 93 161 108 229 163 97 152 99 220 88 3 156 169 90 211 103 145 92 226 1 31 12 94 215 162 204 138 153 199 34 214 9 192 126 60 7 66 200 176 57 125 59 235 237 63 184 118 52 186 109 477 478
58 183 196 64 119 66 200 189 191 125 6 59 193 116 129 118 65 34 120 188 28 43 177 124 179 37 157 170 159 106 161 174 97 110 231 86 154 156 224 160 53 94 204 51 11 26 212 133 67 24 54 203 126 139 207 3 128 478 479
120 163 106 87 110 209 100 145 30 11 94 215 109 138 9 73 107 88 142 22 199 67 203 61 192 95 128 10 89 74 185 198 187 68 189 72 102 83 136 127 111 92 195 237 171 131 90 175 230 35 69 20 59 159 172 161 482 483
163 124 154 105 118 174 133 108 59 131 161 112 142 224 27 106 171 226 110 228 36 17 149 11 221 64 75 197 210 212 43 214 126 77 156 137 88 22 82 33 194 207 196 200 144 148 159 40 74 153 134 157 0 175 230 111 7 484 485
20 159 51 7 214 106 27 97 231 16 99 154 22 35 211 24 200 92 160 149 204 96 72 85 195 23 212 133 11 146 80 82 205 126 139 183 18 198 132 174 121 55 189 110 191 12 193 186 175 109 230 177 100 49 170 476 477
97 179 90 71 115 35 69 84 108 231 152 220 167 4 156 8 38 171 91 160 215 228 217 11 98 153 94 75 221 142 144 157 54 146 77 22 3 63 192 196 95 145 187 121 70 202 68 19 195 186 51 62 37 111 480 481
179 78 108 180 131 112 182 12 184 197 106 57 186 170 174 85 66 190 232 0 181 177 9 77 156 7 37 220 82 211 169 16 213 129 204 104 134 34 136 166 17 62 92 192 205 11 96 194 60 139 143 105 485 486
160 235 171 213 226 17 81 62 228 230 143 124 5 35 223 18 152 133 112 142 207 76 106 209 121 115 30 15 75 193 128 109 182 186 88 175 52 82 116 181 31 61 89 174 74 176 484 485
235 194 145 94 228 143 188 18 133 52 3 167 161 112 191 80 61 95 193 10 70 234 68 213 53 83 34 181 111 137 37 201 60 135 5 16 180 69 231 59 187 4 217 27 106 8 221 38 91 121 136 55 85 115 488 489
90 176 51 99 154 167 37 156 224 145 92 5 69 84 206 140 78 197 23 76 27 214 148 203 137 192 66 126 30 141 75 198 119 79 187 24 136 191 88 52 182 109 230 111 70 166 181 102 49 159 72 93 83 106 174 229 480 481
176 143 190 73 24 54 234 88 181 152 183 22 3 131 61 106 231 91 121 70 100 68 19 0 128 9 221 77 137 223 26 37 212 71 201 214 135 86 150 125 129 59 211 172 187 4 87 38 166 6 51 184 145 485 486
134 79 142 43 73 197 210 144 107 18 135 80 31 61 114 95 198 10 74 104 189 136 191 38 28 237 51 81 62 186 96 5 35 234 69 157 84 63 78 108 150 231 76 27 57 8 209 110 121 66 226 202 215 149 217 482 483
194 52 33 180 226 80 31 114 125 189 230 148 40 157 19 53 132 34 181 190 196 60 71 184 35 213 99 202 182 204 195 161 191 76 27 57 38 140 170 6 149 130 64 98 128 79 109 162 73 24 486 487
106 69 99 230 177 111 181 170 76 57 119 38 174 6 100 11 169 149 43 162 77 206 140 22 33 210 86 67 212 146 80 12 214 205 93 104 196 209 0 185 198 187 200 202 178 138 193 195 237 184 481 482
166 171 213 142 215 228 4 57 8 206 6 85 17 223 100 130 199 98 109 207 77 18 211 3 82 33 31 191 144 180 140 129 195 184 197 93 68 102 177 51 81 92 126 156 170 37 172 124 105 118 220 99 167 103 133 84 169 224 484 485
171 196 51 145 187 64 15 189 109 143 73 24 88 18 167 67 146 190 46 125 234 181 183 74 119 53 231 28 162 62 77 156 224 26 215 16 150 230 206 84 210 223 127 78 93 142 203 27 72 205 91 485 486
105 161 6 17 152 154 96 156 169 202 24 88 103 3 199 212 12 146 214 148 10 205 139 104 141 196 19 49 130 143 185 34 119 98 79 28 189 77 26 127 182 195 116 129 5 188 109 177 124 234 4 87 38 481 482
161 16 69 84 108 112 174 23 27 110 55 169 213 15 215 128 109 206 43 73 126 152 22 212 52 3 82 33 135 146 31 65 207 74 200 157 19 72 132 34 28 9 62 92 60 484 485
124 174 231 61 12 178 91 121 156 10 224 213 226 228 94 34 98 62 144 86 137 35 205 196 143 59 145 74 4 189 72 138 193 140 195 6 17 51 197 131 186 96 133 188 60 190 88 170 172 22 82 63 482 483
174 154 184 54 118 69 199 175 63 190 127 181 27 183 121 70 66 220 64 128 109 9 226 215 137 88 230 141 22 169 150 80 61 201 10 89 138 68 8 72 102 198 136 213 17 191 193 139 71 485 486
36 61 116 184 107 175 4 98 111 232 100 221 115 157 38 93 15 95 229 231 152 86 99 88 211 22 33 81 149 138 31 72 85 206 195 210 212 80 69 137 139 73 9 128 141 119 66 187 70 35 112 59 127 477 478
61 67 80 201 148 84 15 181 128 141 62 196 54 185 119 66 52 112 31 12 116 184 46 118 107 234 115 104 93 108 7 152 60 86 209 5 16 156 103 145 79 136 149 83 96 140 27 38 65 78 478 479
38 107 230 111 221 89 157 170 104 27 8 148 95 108 229 17 152 86 99 220 88 143 145 81 215 72 153 129 210 65 31 133 67 190 203 10 75 0 130 185 34 53 57 178 112 59 37 103 226 118 477 478
107 91 185 55 85 66 17 191 94 127 79 182 129 118 131 88 18 188 109 82 33 190 181 80 46 10 89 110 152 68 220 167 156 224 226 62 92 204 26 206 71 153 142 144 157 69 212 148 137 205 481 482
184 55 231 119 183 211 98 177 109 213 162 9 126 137 88 18 141 22 3 116 150 180 199 144 95 203 10 68 19 49 196 72 34 198 200 28 202 62 92 191 145 175 71 5 16 69 99 182 133 127 131 76 140 485 486
103 51 26 75 60 110 231 220 24 156 18 33 63 215 149 204 12 55 6 199 100 19 203 64 192 205 98 79 9 128 43 209 77 88 145 121 189 202 67 191 31 193 65 237 186 93 23 109 230 190 232 102 126 481 482
126 130 143 12 204 180 70 182 119 68 49 133 53 175 98 9 62 96 37 60 71 5 16 231 84 78 169 23 4 87 228 162 121 6 17 153 30 11 210 223 135 148 203 43 137 54 150 154 482 483
78 46 223 115 70 104 214 19 108 72 231 86 28 9 88 62 224 79 92 213 226 215 35 206 98 197 89 210 131 80 201 4 27 207 128 6 66 200 15 136 125 73 54 77 129 22 52 3 33 228 67 31 479 480
205 220 135 116 199 16 31 213 226 114 65 46 125 197 89 40 70 93 172 74 153 104 157 4 138 221 210 223 83 185 136 51 62 175 207 139 35 188 133 237 12 140 85 100 234 202 64 177 128 162 9 137 190 37 487 488
220 7 37 5 35 118 197 212 142 87 119 149 100 130 234 30 183 64 94 79 43 54 141 22 186 82 67 224 237 180 1 12 228 10 93 153 221 138 68 102 53 132 34 136 211 51 81 487 488
224 51 92 145 175 209 71 203 5 152 33 112 23 110 193 223 204 6 198 64 177 181 192 73 88 201 3 116 146 199 16 150 114 125 178 129 70 93 74 104 217 72 102 196 488 489
55 195 129 131 24 67 232 52 60 40 99 112 49 156 211 92 226 81 162 37 87 142 76 89 144 212 133 146 69 190 150 192 139 73 86 128 4 62 8 77 119 79 6 189 17 178 138 72 127 478 479
195 85 115 119 19 94 98 177 28 92 156 231 135 146 35 150 114 95 148 129 215 108 59 217 157 138 57 102 223 185 81 203 145 96 75 54 188 200 88 152 133 84 22 186 67 206 1 170 10 486 487
154 229 60 139 167 5 211 215 217 23 27 87 110 91 210 199 212 149 30 15 79 143 73 24 77 200 22 202 82 63 86 180 193 114 95 197 10 40 175 93 74 177 138 232 68 19 83 34 28 172 484 485
187 43 73 54 77 52 186 135 180 1 95 46 10 89 196 198 211 157 200 0 191 204 9 175 37 60 35 169 118 69 234 182 84 112 4 229 27 57 110 140 91 170 185 66 130 64 75 98 486 487
112 177 232 64 109 183 24 18 22 52 3 63 167 31 156 169 10 228 206 68 49 0 153 34 142 210 199 92 214 192 71 86 196 209 95 200 121 93 178 125 180 8 237 6 111 230 481 482
177 23 202 57 8 91 121 182 6 85 197 130 11 186 199 15 75 98 43 181 137 86 116 67 31 114 65 125 180 70 237 153 157 138 228 49 217 230 111 210 175 7 37 201 60 143 35 99 207 108 485 486
24 64 121 110 191 125 167 180 127 5 118 186 34 212 159 51 6 229 11 86 99 211 79 200 202 136 28 149 22 83 217 85 140 142 76 197 210 144 133 146 80 201 69 190 0 73 141 476 477
64 54 125 18 180 22 3 63 116 65 1 175 46 100 115 159 53 231 26 7 211 92 16 81 202 83 96 217 98 140 153 74 144 199 91 212 146 80 201 135 148 69 82 73 128 143 15 200 189 478 479
234 231 142 23 4 76 27 57 189 85 119 149 130 183 128 79 73 77 141 52 3 146 199 1 214 65 148 129 159 10 70 157 217 221 28 9 230 81 62 92 145 60 16 99 133 488 489
1 80 69 203 16 137 5 18 139 62 196 130 185 132 57 70 125 193 6 127 63 65 162 43 221 34 223 214 27 95 150 152 207 46 209 143 35 79 92 81 202 204 72 85 19 140 87 142 76 476 489
80 31 65 86 141 130 143 185 68 132 121 189 191 62 193 114 237 188 109 230 100 172 108 110 6 17 167 88 211 145 149 73 18 140 153 63 89 67 91 133 479 480
87 111 232 19 49 0 221 102 51 62 95 229 37 110 231 60 152 99 35 16 156 69 213 202 215 138 76 57 142 91 212 135 203 192 75 139 79 183 198 119 18 200 22 189 136 67 114 31 182 237 65 186 480 481
133 183 10 40 229 74 119 169 213 226 92 215 26 7 204 60 35 16 146 135 148 108 93 137 150 76 121 6 66 189 136 178 191 15 94 138 128 79 77 230 67 31 482 483
31 188 73 141 198 119 66 200 189 23 57 70 46 182 237 17 226 162 175 43 98 100 34 170 18 159 51 172 214 95 207 209 143 211 92 94 0 96 206 89 210 26 476 477
188 40 119 149 0 213 128 79 109 215 162 43 62 156 37 71 210 223 116 5 150 180 214 114 95 59 207 93 104 4 138 68 198 211 57 72 102 53 189 51 111 30 60 139 54 18 152 182 192 186 82 131 486 487
108 181 159 229 23 57 91 211 145 100 149 15 98 210 131 199 212 201 7 37 148 52 190 137 86 67 196 119 10 40 200 74 136 178 68 125 83 169 81 228 26 230 232 481 482
67 12 137 71 141 130 185 119 19 68 53 70 28 182 116 237 129 26 16 98 170 93 4 86 92 94 215 83 204 96 217 206 140 153 18 197 89 91 212 135 148 478 479
85 19 49 118 53 230 28 232 51 62 100 26 172 93 95 84 99 167 209 59 4 213 76 27 57 149 162 96 89 210 15 91 79 203 77 86 207 52 3 82 119 12 202 125 114 74 480 481
43 198 23 119 66 200 8 68 189 178 70 193 182 30 11 237 65 228 54 111 232 181 157 49 172 12 86 209 156 0 81 94 149 162 204 217 28 206 140 142 144 214 148 84 139 207 143 477 478
198 156 137 88 190 141 63 199 116 16 114 95 46 125 159 10 70 153 157 49 229 132 231 185 196 28 11 145 139 182 131 201 214 203 110 170 207 193 100 30 183 15 202 79 109 162 486 487
10 76 210 131 144 12 146 135 203 16 137 71 60 181 141 185 66 7 57 178 116 237 118 52 230 98 100 223 6 172 214 229 211 79 200 94 215 15 96 476 489
54 8 6 70 191 127 118 230 115 157 104 12 172 214 46 84 40 152 86 207 99 141 88 156 0 77 53 34 213 9 193 140 197 131 186 199 5 35 16 62 478 479
40 129 144 212 146 148 82 192 128 62 183 75 77 132 17 15 114 127 182 237 118 52 228 175 100 221 102 12 223 157 170 159 51 150 84 0 167 88 34 200 94 204 96 37 138 153 477 478
129 199 100 201 214 0 135 94 137 79 139 207 141 77 7 37 132 145 22 202 35 204 180 193 65 125 237 131 186 230 8 72 102 232 17 30 11 96 15 71 99 84 3 110 221 482 483
100 180 59 237 131 8 72 109 232 11 102 223 115 94 82 33 63 209 86 211 76 65 46 149 140 142 157 34 135 137 192 7 37 141 130 143 132 35 136 178 480 481
180 203 15 75 192 109 207 88 152 82 63 135 191 95 89 70 93 68 0 53 83 28 162 183 81 145 229 60 231 71 169 118 69 213 148 131 157 4 27 57 8 110 223 115 485 486
12 16 181 115 62 75 0 185 66 231 178 125 46 226 175 109 153 102 170 8 93 27 229 150 6 99 33 22 35 79 81 149 19 140 74 146 476 489
183 88 18 182 193 206 3 167 63 140 170 121 70 192 74 104 68 19 49 185 28 9 62 116 5 16 114 84 178 172 138 136 203 66 81 111 130 96 211 79 73 485 486
77 196 7 22 81 127 46 116 74 23 8 115 17 104 62 159 26 110 167 69 211 215 228 83 204 206 98 76 57 153 89 157 201 148 75 84 86 9 479 480
196 213 18 228 3 63 217 150 221 46 125 178 159 201 72 53 132 185 136 28 211 96 60 139 16 186 191 23 76 57 8 189 149 15 94 128 73 237 486 487
94 136 34 125 116 26 175 35 16 221 115 157 170 159 110 152 91 167 66 145 226 202 162 204 79 138 9 199 52 212 86 207 141 89 70 74 4 121 68 19 49 480 481
136 213 34 79 217 73 206 153 221 82 210 223 157 135 214 148 203 150 207 59 211 83 191 204 11 96 60 186 199 190 99 232 84 3 33 63 127 131 27 229 231 6 167 483 484
115 131 175 76 27 57 232 110 91 181 157 0 9 156 37 22 16 206 140 221 197 135 203 53 34 137 17 141 81 92 143 119 132 5 178 69 99 127 481 482
114 199 159 201 203 79 109 139 207 128 88 132 145 52 63 86 189 191 193 95 127 182 237 74 104 175 19 232 51 170 111 37 229 156 59 162 76 206 6 17 481 482
199 95 93 207 19 0 211 102 53 132 34 213 162 9 51 37 71 16 59 191 76 27 8 170 6 66 98 128 79 143 137 18 152 141 3 135 146 486 487
86 137 139 130 185 65 84 121 59 4 72 175 11 181 104 159 69 229 3 82 231 88 156 76 92 215 74 221 53 83 212 9 62 214 203 480 481
137 116 95 138 74 182 19 72 132 51 62 92 232 96 7 181 71 69 127 169 110 91 149 162 30 15 75 197 144 214 192 139 52 82 33 483 484
89 142 197 70 212 49 190 203 72 150 83 192 139 128 143 119 121 60 35 63 118 59 186 23 109 111 181 6 66 30 152 9 73 156 211 82 33 202 215 149 217 206 480 481
142 190 70 93 74 0 53 132 159 28 111 7 37 60 71 156 169 5 16 69 99 215 162 204 217 91 6 66 11 209 98 109 73 22 52 3 193 237 483 484
206 157 138 202 102 210 28 81 92 7 60 71 69 99 213 178 167 131 23 4 121 30 11 75 98 128 109 88 201 186 33 65 46 125 226 70 74 487 488
88 130 143 7 37 119 60 200 5 16 178 193 84 169 59 8 6 66 223 30 172 75 79 22 204 138 146 135 190 192 51 62 480 481
0 70 191 204 72 127 19 140 8 131 65 186 203 7 9 132 66 189 110 231 118 52 175 217 102 212 214 27 82 139 143 211 145 200 92 149 476 489
70 190 139 22 52 128 75 121 46 191 169 4 226 228 162 232 26 102 157 104 172 35 93 214 95 231 167 81 83 217 140 30 479 480
19 83 204 217 138 30 135 190 82 7 181 16 119 125 46 167 169 237 63 226 162 11 111 51 148 150 33 209 156 145 37 200 92 213 26 476 477
83 202 34 96 140 51 197 131 26 60 35 192 84 200 23 4 189 57 125 193 127 182 237 30 186 75 79 232 223 104 214 229 110 99 74 145 213 479 480
79 9 193 35 16 228 175 181 159 8 95 231 51 99 209 162 204 217 18 22 197 210 46 148 190 82 192 84 130 200 479 480
140 175 49 190 72 232 9 111 26 7 229 5 167 156 127 59 23 162 153 66 17 130 146 201 214 75 98 109 207 82 33 63 189 131 125 237 197 483 484
190 207 65 170 200 202 74 104 204 28 162 201 141 37 135 5 231 153 102 6 17 130 217 230 175 15 75 109 143 73 214 182 52 33 167 116 486 487
116 150 17 192 139 121 191 125 193 3 82 237 118 95 230 104 223 170 72 172 34 28 231 92 152 167 7 209 169 35 162 153 210 23 4 212 57 146 481 482
201 65 95 46 148 211 172 157 53 34 28 145 139 71 118 69 182 197 167 131 23 76 57 170 6 66 17 130 15 128 109 221 73 212 214 203 486 487
191 75 98 162 9 52 3 231 146 65 144 46 213 172 74 153 157 4 68 34 185 210 223 28 81 111 96 7 60 71 207 118 182 8 189 91 170 486 487
204 9 81 71 135 99 144 84 148 127 172 23 76 91 215 217 6 11 221 15 139 109 73 18 152 207 146 213 125 189 193 104 149 487 488
46 30 11 26 69 192 128 75 18 130 33 132 68 189 27 59 237 6 52 65 186 230 232 9 102 49 37 51 22 110 152 99 209 213 81 202 23 4 217 72 477 478
95 212 16 148 69 141 185 27 178 66 17 193 127 30 228 82 65 99 74 167 156 169 211 226 162 96 138 81 92 98 221 480 481
53 202 162 96 98 18 3 33 131 91 146 27 139 207 62 49 132 34 66 28 26 237 186 35 230 102 223 159 229 150 110 99 30 11 169 211 145 213 478 479
202 34 128 28 192 5 35 150 69 65 84 148 172 153 23 4 102 237 81 30 228 15 73 221 182 186 214 131 207 125 121 74 104 149 215 486 487
207 37 229 5 65 144 197 59 172 157 230 102 185 221 66 111 214 15 139 118 69 99 152 84 127 27 170 121 128 109 62 92 487 488
28 145 200 215 74 7 144 130 132 189 110 57 6 127 237 63 226 52 228 96 230 98 232 102 170 159 148 150 33 35 156 211 476 477
145 9 167 92 156 96 26 215 149 217 230 35 99 212 59 146 214 27 57 72 91 66 209 51 130 182 237 52 170 172 49 231 483 484
65 212 146 135 148 82 84 139 73 49 143 9 68 72 182 237 232 102 104 172 62 110 231 11 152 211 228 18 162 3 153 221 27 478 479
212 93 153 214 4 68 8 102 17 81 62 92 11 26 69 18 152 63 131 76 66 229 73 237 141 146 169 232 487 488
81 156 228 149 96 217 26 7 153 221 197 139 23 76 200 30 182 118 73 175 109 232 170 119 229 74 110 68 49 479 480
156 111 92 96 26 143 99 186 175 110 181 17 231 215 217 150 144 125 104 214 72 102 34 9 484 485
150 35 144 59 57 182 17 51 30 11 175 139 232 99 181 170 3 82 172 185 231 213 226 215 228 34 217 230 98 92 7 37 483 484
102 215 217 59 23 4 76 197 210 214 66 203 192 128 141 98 209 121 18 82 33 125 127 230 93 111 232 68 9 119 62 481 482
215 185 9 62 143 5 99 197 57 91 170 121 130 11 213 75 181 73 3 82 33 63 169 144 229 178 193 487 488
74 153 197 192 26 132 69 125 59 27 8 232 66 223 15 229 73 231 18 22 52 169 211 92 213 96 138 479 480
153 104 4 132 203 11 5 189 152 193 182 57 232 149 30 15 73 37 22 52 33 63 16 213 144 228 484 485
217 72 34 92 11 96 7 143 5 99 59 110 91 121 193 6 17 149 130 162 73 141 229 135 146 231 197 178 226 93 487 488
143 229 141 37 22 71 135 35 162 230 23 68 27 144 146 159 148 203 75 139 200 213 18 82 127 76 130 49 181 185 483 484
30 59 169 237 186 5 104 51 84 99 33 209 211 92 96 138 11 15 197 131 144 146 135 148 82 203 192 60 75 185 68 110 178 476 477
213 111 92 175 60 139 35 69 127 57 91 170 6 66 119 130 209 98 230 210 144 178 159 138 68 49 72 487 488
7 99 35 211 37 200 92 186 146 82 16 139 130 119 132 121 110 59 237 4 118 228 98 111 34 223 214 148 476 489
99 37 229 167 209 211 59 23 197 144 75 148 192 139 18 82 33 119 127 182 118 175 9 223 480 481
34 149 138 4 27 76 197 186 6 135 71 139 181 132 33 57 178 63 226 118 232 223 49 9 104 26 84 209 477 478
51 92 3 96 197 146 93 15 71 128 185 121 189 178 125 182 118 175 60 170 17 11 26 231 152 478 479
37 209 200 5 76 144 146 135 8 71 73 62 172 185 15 110 178 169 226 52 162 157 170 159 148 477 478
111 76 27 8 228 162 17 210 144 157 109 214 135 203 139 52 82 33 63 182 49 72 92 26 223 159 16 119 231 84 152 167 59 481 482
23 221 223 49 104 93 141 209 92 5 197 131 135 69 203 71 128 75 18 127 169 226 118 52 96 476 477
9 26 149 186 128 49 172 121 125 59 5 182 237 118 175 96 98 232 221 84 139 35 476 489
69 159 229 110 68 49 92 149 162 62 146 35 135 192 119 57 8 200 131 228 230 232 22 63 170 479 480
159 223 84 127 59 27 57 209 185 11 98 237 186 22 3 63 230 125 110 119 167 92 226 96 141 162 5 35 221 484 485
228 132 66 237 130 75 209 203 232 73 118 152 186 3 82 127 214 91 49 128 62 26 141 197 148 172 157 138 488 489
104 84 197 146 135 148 203 139 141 6 132 200 98 125 73 18 237 3 33 223 157 170 172 68 72 152 209 96 26 149 16 481 482
172 118 84 127 59 131 57 91 121 130 98 73 63 148 93 157 68 49 231 92 26 139 71 5 35 485 486
229 5 35 118 152 84 127 76 8 110 17 149 130 11 75 109 211 73 82 33 63 169 231 144 138 68 232 200 175 60 139 488 489
60 231 52 152 92 226 221 144 214 148 128 5 130 185 200 68 178 59 72 4 237 109 230 478 479
231 71 84 189 121 223 119 130 49 15 192 226 141 169 16 59 157 68 72 62 26 488 489
210 93 157 138 96 175 226 5 35 16 118 221 131 8 214 110 170 193 119 149 15 181 162 22 52 63 135 169 487 488
223 59 93 76 185 175 15 139 203 3 226 33 146 131 170 72 132 181 192 71 169 144 488 489
118 17 15 75 98 169 226 18 149 22 82 214 93 128 200 121 127 182 35 131 186 59 181 27 481 482
11 167 59 169 237 226 3 52 96 230 93 214 27 152 138 72 192 139 73 128 75 185 110 178 476 489
59 15 170 33 141 149 49 76 135 203 139 75 5 16 66 189 125 237 162 109 230 478 479
71 96 72 76 131 144 135 148 5 35 75 132 110 4 226 6 17 15 157 91 18 33 479 480
16 18 33 92 26 149 197 144 135 192 128 75 130 189 8 57 169 182 162 232 170 476 489
226 84 131 110 189 193 119 149 181 82 230 146 5 125 197 148 178 93 157 138 68 8 72 488 489
92 211 62 149 148 4 57 128 91 66 200 52 33 98 232 170 93 167 480 481
110 232 181 119 76 27 121 167 52 144 146 209 93 132 125 138 62 96 26 481 482
27 175 49 170 93 8 152 6 33 18 3 197 91 132 189 57 127 22 52 476 477
175 91 17 149 15 75 128 109 18 214 63 203 146 192 169 209 138 72 197 62 232 84 178 485 486
132 73 22 52 33 144 214 148 192 141 209 68 185 138 182 5 186 230 84 57 98 128 482 483
167 5 152 178 33 230 6 221 49 214 162 203 146 200 144 193 93 138 197 68 186 17 192 484 485
131 232 192 130 170 49 98 169 221 93 144 146 15 211 200 189 138 193 3 82 197 482 483
232 8 91 66 130 18 141 52 82 189 157 138 72 96 152 178 488 489
119 197 3 170 185 211 26 35 135 4 8 192 6 66 200 121 15 138 482 483
15 57 178 125 169 52 186 162 109 230 93 84 149 17 146 82 181 62 189 476 489
57 181 157 52 93 209 211 144 146 84 128 75 185 72 169 478 479
138 49 62 214 139 152 209 189 93 4 193 8 230 52 33 76 211 91 483 484
8 109 221 49 170 148 84 152 141 33 72 144 146 6 135 82 73 128 75 68 182 237 476 489
52 185 72 186 109 157 49 152 209 26 5 35 76 91 4 82 478 479
178 73 203 125 193 68 192 26 181 185 35 84 127 4 91 66 17 221 485 486
18 130 66 68 157 170 93 141 35 26 6 193 144 203 192 476 477
130 33 63 72 62 162 146 148 76 203 91 139 17 141 98 189 482 483
17 237 96 230 49 91 5 93 214 148 209 35 4 211 6 135 82 203 185 121 68 127 476 477
182 149 75 98 237 141 135 221 148 157 214 203 181 209 26 189 5 91 170 485 486
121 186 230 22 181 93 209 211 149 62 146 148 84 139 141 4 91 189 6 125 193 482 483
66 237 186 109 63 98 157 214 152 62 149 5 135 82 73 141 185 6 478 479
237 200 152 33 63 193 62 96 35 169 148 127 76 488 489
200 181 22 135 203 157 26 139 152 63 127 76 193 109 486 487
76 109 230 181 72 170 62 152 96 98 221 144 82 203 139 128 22 479 480
73 63 189 186 68 221 181 157 152 96 6 197 146 203 128 479 480
63 181 169 22 98 157 91 93 214 84 152 62 26 72 193 197 144 135 203 478 479
197 149 203 162 26 141 4 185 109 3 189 170 486 487
186 22 221 144 148 157 4 209 193 33 127 485 486
181 149 128 162 146 169 144 125 148 230 209 84 485 486
75 125 22 169 162 109 98 221 68 49 93 214 148 84 211 144 203 128 141 189 479 480
192 125 193 93 68 72 26 84 148 4 230 185 214 98 109 3 486 487
135 141 93 189 5 35 84 169 162 109 221 157 22 33 203 482 483
33 62 68 169 221 157 91 3 209 211 193 144 82 476 477
146 4 68 49 84 152 6 169 141 82 483 484
49 82 203 139 62 189 125 230 4 170 214 209 149 477 478
128 22 82 68 170 162 127 157 139 98 109 482 483
148 125 68 26 3 185 109 149 162 230 82 483 484
152 185 35 4 109 125 149 68 98 96 483 484
5 26 189 4 169 91 476 489
26 209 35 149 96 84 141 193 3 230 98 476 477
72 162 221 91 141 209 4 170 479 480
162 6 193 96 139 3 230 22 214 125 93 4 484 485
157 221 93 189 127 91 68 185 62 484 485
35 149 203 185 22 127 98 170 214 477 478
221 4 139 109 127 91 211 144 488 489
109 209 211 96 214 185 481 482
149 98 82 144 189 483 484
214 185 3 127 193 487 488
203 144 125 68 84 209 189 170 22 486 487
170 185 6 3 82 125 96 139 485 486
211 96 141 84 127 4 185 209 98 3 82 230 125 487 488
230 209 3 62 488 489
4 98 209 193 476 489
98 127 3 169 139 480 481
91 62 169 96 144 141 22 193 127 480 481
84 93 209 68 96 62 144 189 479 480
125 22 68 169 482 483
22 62 185 193 169 144 476 477
185 3 93 189 96 141 193 169 485 486
82 141 193 127 6 144 479 480
141 209 189 68 3 169 6 483 484
93 144 3 169 480 481
144 68 209 189 6 3 483 484
139 169 127 483 484
193 169 68 127 6 486 487
209 487 488
68 479 480
96 6 480 481
6 476 489
169 3 127 484 485
62 478 479
3 189 476 489
127 482 483
189 486 487
444 455 342 440 459 340 291 321 351 461 374 434 419 270 334 413 443 428 275 279 309 458 343 447 254 307 449 341 420 371 401 416 405 335 316 446 344 295 246 325 348 423 274 357 387 402 283 415 366 381 400 364 375 256 379 339 241 460 239 318 433 280 462 303 427 412 453 487 488
455 395 242 376 287 340 321 351 453 404 270 251 402 383 264 279 456 362 441 422 445 426 337 288 390 420 401 454 365 316 267 369 399 280 314 240 259 293 353 436 440 421 302 332 366 396 419 449 474 311 364 375 326 439 260 301 469 437 388 473 462 475 386 327 308 372 487 488
282 393 406 279 408 329 450 331 386 333 454 467 403 337 458 447 339 394 462 250 330 265 374 442 334 376 389 310 431 446 316 305 362 375 309 298 432 379 300 302 423 239 269 412 304 293 348 361 263 308 405 418 352 473 286 341 354 475 257 464 276 402 255 457 251 349 404 477 478
393 367 342 424 376 413 306 246 340 370 470 417 374 406 319 349 330 268 249 383 334 253 328 279 401 262 458 356 307 405 394 286 346 464 369 468 344 325 348 359 459 248 293 323 357 450 368 287 332 441 317 443 266 315 345 436 449 260 324 354 427 239 429 303 333 386 484 485
342 307 457 446 341 450 261 441 314 265 276 375 329 379 293 323 436 268 425 253 332 313 317 350 363 311 473 365 420 339 271 301 411 305 345 426 318 349 284 404 459 406 308 257 238 399 412 454 346 469 266 471 289 447 300 460 330 394 407 334 264 383 328 273 389 481 482
254 331 452 344 267 388 250 322 456 256 269 458 326 460 260 273 449 238 453 266 429 321 442 268 323 446 369 303 245 426 373 294 243 364 298 311 474 252 313 357 291 346 427 240 339 341 354 275 288 409 343 356 277 290 345 400 334 468 402 336 470 391 283 327 450 463 476 489
331 338 307 258 288 380 322 252 263 286 267 297 441 261 443 432 366 240 381 255 289 319 383 313 298 429 376 365 262 420 433 354 367 413 360 269 280 364 406 340 353 248 327 463 312 344 467 287 238 335 456 469 291 350 471 285 352 394 341 451 343 245 387 279 334 480 481
300 447 256 328 449 341 383 396 260 451 440 387 321 442 280 310 284 391 325 314 435 327 382 371 307 428 320 309 430 377 285 366 313 315 264 245 370 438 427 374 273 416 431 352 407 252 354 475 297 411 424 345 261 242 415 276 336 244 274 474 249 399 333 390 292 478 479
447 364 345 375 264 245 379 275 339 298 358 324 343 388 258 453 468 416 263 286 267 361 391 425 448 265 246 423 355 454 293 353 289 413 443 449 347 411 311 445 296 326 390 341 290 320 335 350 269 250 280 344 303 348 378 278 259 472 421 291 321 366 266 487 488
272 385 440 374 387 321 442 389 242 312 240 382 424 426 318 373 428 320 362 309 253 419 262 436 304 359 372 306 427 361 416 471 405 297 239 475 464 290 248 466 292 413 468 281 457 349 470 257 417 459 472 285 340 474 247 397 270 251 278 454 467 245 322 390 379 258 330 477 478
385 427 355 266 429 270 349 364 334 379 377 309 343 243 413 277 307 322 430 252 365 261 465 276 467 359 240 469 416 293 274 255 357 460 268 394 283 409 398 317 411 387 311 262 402 459 260 301 450 382 443 456 367 308 259 432 445 361 312 372 434 257 287 238 438 340 483 484
418 439 338 441 302 430 317 281 292 436 296 326 390 425 260 427 440 384 429 269 280 433 397 412 312 372 376 287 470 389 321 472 404 355 400 247 421 289 319 251 413 264 279 358 309 458 362 471 243 273 356 449 386 416 365 466 316 346 395 242 457 414 295 446 378 408 485 486
439 239 250 445 416 278 361 395 306 257 442 389 291 374 434 285 266 438 398 270 251 330 432 264 428 422 472 277 337 288 420 435 467 429 456 261 414 276 293 255 357 436 387 368 421 302 415 347 459 430 311 461 315 345 326 256 290 241 271 301 441 373 443 407 388 486 487
335 404 417 298 279 364 340 353 474 463 288 344 263 286 456 316 403 392 405 295 246 325 396 451 343 398 293 323 466 387 336 457 253 313 446 317 448 326 386 441 375 271 443 434 299 250 303 333 438 248 308 361 416 363 257 365 422 369 285 247 251 426 294 275 480 481
404 286 267 380 466 265 325 240 244 304 398 461 357 268 383 302 332 283 441 317 281 432 445 345 296 360 256 436 438 399 427 269 429 442 352 397 361 413 351 355 417 285 247 319 270 474 408 334 264 245 328 362 392 469 277 458 337 405 460 401 263 462 484 485
395 468 322 457 446 286 461 295 246 276 310 389 304 302 298 438 381 281 326 256 371 431 260 290 241 320 271 301 365 269 314 363 348 415 293 472 419 408 257 238 410 336 412 467 285 401 270 458 294 245 473 339 373 354 451 343 243 273 411 318 453 466 258 400 484 485
247 328 370 306 442 365 446 380 369 424 358 426 375 238 298 421 289 410 423 344 357 425 467 427 348 361 295 363 284 297 243 460 407 299 275 409 356 277 398 290 411 332 279 400 389 402 336 349 327 240 408 384 276 265 322 269 445 337 458 392 326 273 394 476 489
328 469 390 251 458 350 471 392 394 298 279 309 396 453 334 336 391 297 435 261 437 450 295 276 452 388 430 274 364 268 379 434 302 357 311 262 292 361 429 256 352 473 365 433 354 356 369 280 413 426 347 468 360 415 470 308 259 406 408 310 412 346 480 481
307 465 299 412 467 303 401 469 248 259 405 326 407 383 319 453 266 270 323 336 459 294 448 298 382 329 371 384 243 386 258 428 320 375 443 252 324 445 366 313 368 261 436 370 265 295 372 416 274 310 365 268 475 367 422 411 426 290 474 408 305 479 480
367 308 259 461 274 304 357 384 452 287 386 302 454 336 317 266 315 345 296 326 368 436 370 383 339 239 269 352 284 363 420 433 263 369 297 411 306 472 419 474 255 330 410 268 313 358 309 414 343 403 416 262 356 473 394 407 341 322 316 453 280 344 329 482 483
312 457 391 325 435 448 287 382 316 291 371 318 452 428 320 441 388 270 443 245 421 368 279 309 315 317 372 374 252 431 352 267 354 356 424 310 358 468 293 362 244 274 338 249 461 408 283 463 410 454 281 401 348 469 301 460 305 239 250 376 248 278 259 479 480
457 425 376 389 340 285 470 255 398 459 268 249 383 377 279 463 465 392 292 277 360 390 341 371 241 405 301 286 316 452 433 295 359 442 293 357 387 257 415 366 430 364 296 375 326 428 260 339 373 403 354 305 384 269 258 333 416 263 267 410 487 488
430 449 403 369 388 318 382 333 327 412 308 433 372 406 437 421 321 266 349 364 383 334 463 245 275 465 377 343 471 341 401 475 365 316 267 261 425 466 325 468 240 323 353 448 338 417 268 396 454 381 411 456 311 262 426 315 375 390 434 290 271 486 487
449 319 451 349 334 413 264 379 275 409 377 373 362 392 343 273 258 252 416 365 267 410 265 344 295 434 255 467 402 249 302 253 332 313 336 366 460 381 411 281 262 292 464 296 466 339 320 448 239 269 427 378 463 308 259 361 372 355 285 487 488
289 473 407 258 341 396 464 252 241 286 400 280 391 325 338 380 327 437 371 386 320 287 253 309 322 324 262 251 383 304 425 438 359 374 429 376 431 433 284 411 278 303 413 426 347 468 362 417 351 461 353 474 408 401 456 390 350 471 392 326 339 460 478 479
473 462 302 253 332 317 460 362 441 292 341 260 424 241 320 301 365 324 384 399 380 299 433 303 333 327 278 442 259 417 306 451 291 321 336 396 400 270 464 345 375 334 275 409 403 243 388 258 471 386 465 391 242 344 325 310 329 359 453 355 488 489
452 288 252 397 450 267 297 474 410 261 295 389 438 249 383 334 443 381 262 356 296 420 371 322 459 472 260 271 405 305 369 399 465 348 248 412 442 259 293 323 458 357 436 417 287 238 451 332 330 364 345 264 294 245 379 275 339 279 373 403 243 273 487 488
286 472 268 340 463 355 291 333 467 262 390 324 256 260 241 271 383 396 250 387 400 248 325 380 435 327 369 257 316 450 384 441 266 309 322 298 432 245 275 434 368 302 273 427 258 310 431 267 301 343 303 265 246 292 426 468 240 402 477 478
432 458 379 290 271 324 403 384 388 299 280 466 468 391 425 376 370 321 351 441 398 275 309 362 422 426 258 440 322 405 316 267 346 297 350 429 380 265 344 276 329 293 244 323 472 338 368 268 474 421 302 332 313 336 366 317 396 347 400 326 256 486 487
458 264 428 298 392 343 426 420 371 252 267 399 429 242 414 246 423 240 293 323 387 472 451 313 336 366 396 311 262 315 296 326 256 409 424 241 454 271 448 388 318 464 352 284 468 397 327 361 391 459 340 370 463 374 434 251 487 488
244 407 299 420 343 356 303 424 466 413 468 402 294 283 296 419 353 274 287 397 278 333 239 267 469 324 339 260 381 273 383 275 317 464 440 253 387 321 334 376 248 316 437 450 250 384 305 373 243 320 366 379 355 315 291 425 251 427 361 308 350 363 352 476 489
407 255 398 441 268 402 383 443 358 434 362 277 256 390 440 260 405 301 431 399 280 424 437 413 387 368 257 287 332 336 408 421 281 394 375 414 294 469 379 275 339 388 475 409 288 464 363 411 386 267 346 391 242 376 459 265 246 325 355 484 485
242 334 347 281 270 283 338 276 399 388 401 322 456 269 445 271 313 273 315 436 262 438 306 440 429 321 376 310 323 380 248 316 437 252 294 375 351 419 311 353 245 366 302 423 412 414 348 469 416 471 284 405 462 240 288 464 398 279 292 413 476 489
334 306 339 310 394 396 398 453 466 387 400 264 378 243 435 448 371 428 388 443 366 250 423 293 323 304 427 440 268 363 238 332 352 354 475 281 311 251 358 326 360 290 320 324 340 239 318 269 463 263 327 414 480 481
381 412 467 315 345 296 469 294 245 379 309 373 324 460 243 462 409 333 398 453 387 400 468 346 376 265 461 276 321 240 397 274 319 441 349 443 249 390 445 313 298 377 383 277 256 301 433 437 359 368 417 419 332 474 351 408 366 410 285 281 483 484
412 411 392 292 356 256 322 426 241 405 316 380 419 250 325 421 348 378 423 467 304 414 387 287 317 347 311 453 345 260 320 470 373 459 273 388 448 239 461 450 303 382 333 386 391 376 445 276 434 389 436 374 427 264 377 420 485 486
298 414 456 403 471 392 326 394 280 341 284 398 332 389 257 287 238 314 316 437 329 450 320 441 375 279 311 324 434 273 425 372 306 263 308 267 352 261 299 295 409 369 424 358 305 274 362 249 283 461 421 397 410 399 333 478 479
414 415 311 292 326 390 371 401 421 405 467 239 269 314 327 278 323 338 368 451 464 287 453 291 351 366 251 394 375 264 245 354 441 318 303 363 386 397 346 436 410 425 376 276 310 340 370 429 374 355 304 255 420 319 268 402 424 283 485 486
265 466 347 281 415 349 338 406 461 353 274 287 408 261 276 246 291 388 401 240 348 390 337 255 271 284 394 341 275 396 451 464 277 398 319 266 321 323 378 325 446 314 426 364 377 259 421 302 315 370 363 420 245 422 343 290 476 477
466 246 325 459 370 471 374 434 274 353 255 398 368 249 383 302 313 468 460 422 281 296 326 360 420 424 454 301 365 448 380 269 250 463 314 344 461 372 387 417 306 415 396 400 394 373 388 318 337 263 316 267 346 297 261 467 488 489
406 263 316 346 420 314 413 348 329 359 240 428 274 353 417 472 387 474 408 302 410 396 425 469 296 375 379 460 290 320 271 384 451 464 388 250 352 303 284 363 248 327 470 259 361 372 448 238 450 291 374 355 330 275 309 436 440 429 390 371 484 485
344 358 426 347 337 360 415 341 362 263 461 355 410 465 325 357 346 467 348 293 253 462 283 313 464 387 311 292 402 378 339 459 380 382 384 239 269 250 443 327 377 445 379 423 321 425 359 427 374 416 429 251 354 475 279 481 482
295 345 253 336 417 338 281 262 353 408 397 271 399 333 454 348 469 280 445 284 392 326 248 259 462 451 464 287 238 321 376 323 378 380 251 448 382 329 245 279 373 273 309 277 379 263 304 438 361 471 420 475 301 343 249 424 478 479
345 329 370 293 274 372 440 374 416 363 376 431 352 433 411 424 326 241 415 305 351 299 461 353 474 421 397 278 346 401 456 348 469 403 350 392 405 460 321 394 462 396 270 251 330 309 378 446 371 322 454 316 297 377 481 482
358 401 293 255 462 338 396 238 332 440 336 292 391 446 459 315 296 326 290 241 384 324 354 386 239 250 280 388 303 284 377 308 434 368 423 438 427 340 374 285 431 251 422 245 275 424 279 309 360 273 362 417 419 474 408 316 267 454 482 483
401 309 392 243 273 360 252 469 346 261 325 276 329 359 338 368 446 459 253 448 336 366 317 400 281 292 454 443 241 271 324 354 305 384 434 423 436 269 299 438 284 440 327 429 306 475 310 424 355 270 349 470 294 484 485
258 463 278 399 467 267 388 243 445 337 271 460 260 394 438 330 451 332 321 442 246 389 259 435 255 382 303 437 371 384 441 375 364 421 434 368 423 315 357 241 291 359 350 284 352 420 301 422 290 400 238 347 402 415 349 283 476 477
463 337 341 371 252 386 316 472 410 429 474 314 325 276 465 408 471 249 313 366 317 411 292 364 296 468 256 379 409 470 260 290 454 405 403 433 250 280 382 308 376 440 238 340 291 321 355 285 419 266 400 330 443 428 362 488 489
330 339 460 383 396 440 332 453 442 389 378 369 450 371 373 441 364 377 246 434 329 423 370 304 427 363 431 317 365 420 281 422 464 315 326 400 301 468 415 336 472 318 299 250 280 303 327 278 259 465 399 454 467 306 390 392 480 481
339 264 294 245 434 372 431 352 316 297 420 409 422 314 426 329 240 349 274 351 419 268 340 461 408 238 253 283 410 317 311 403 326 471 260 290 394 341 324 383 398 269 284 263 308 391 448 450 384 266 375 480 481
299 318 362 309 419 379 355 302 292 372 260 348 361 271 431 365 420 301 284 343 464 248 278 413 468 402 415 349 470 257 287 238 408 285 397 270 264 294 324 445 337 405 460 288 317 398 453 267 297 321 442 261 378 325 446 314 369 478 479
261 468 281 349 283 459 285 461 238 346 456 390 337 394 462 451 440 332 266 308 310 323 378 391 446 435 316 384 426 318 360 373 441 375 296 309 311 353 421 253 291 304 372 293 348 361 405 297 352 288 409 301 398 476 477
468 314 246 423 338 417 383 462 336 460 311 296 375 360 424 241 320 271 448 429 269 250 303 284 378 397 391 357 376 257 421 310 370 319 443 428 379 275 409 309 403 243 386 446 316 267 346 350 488 489
376 402 306 291 351 446 366 375 443 377 277 337 303 383 425 297 361 429 420 304 319 349 428 253 313 417 472 317 461 281 421 262 292 356 296 326 241 369 392 314 333 329 464 327 308 453 372 400 483 484
417 267 297 399 250 422 348 426 268 472 253 283 366 465 394 326 275 260 471 460 403 305 451 303 382 333 453 442 391 372 459 448 310 389 370 450 374 285 398 249 413 264 294 362 343 423 243 277 356 360 429 405 485 486
348 356 283 415 262 256 341 419 271 423 314 359 325 278 308 238 453 336 400 266 402 251 315 459 275 260 450 324 305 397 273 386 239 445 379 297 368 383 425 438 310 291 240 285 431 378 268 294 422 481 482
356 329 410 323 255 338 469 332 460 462 409 398 315 296 256 290 320 354 305 380 448 303 284 441 306 287 366 379 423 436 383 438 319 251 361 429 309 243 273 422 435 369 288 341 322 426 267 297 470 362 364 246 325 421 481 482
251 460 273 262 275 451 332 253 387 245 308 442 255 378 325 435 375 377 419 311 313 370 359 361 363 352 365 341 288 422 464 398 292 336 349 270 459 472 340 461 287 408 397 386 443 238 324 445 271 476 489
460 467 402 264 279 309 243 273 277 464 263 346 429 380 433 325 378 240 323 465 353 357 387 338 421 253 283 347 419 281 311 292 315 326 290 301 305 318 333 363 446 248 257 238 459 291 488 489
337 264 294 245 410 465 243 273 471 322 394 263 341 464 400 314 442 378 240 380 255 437 384 332 441 375 364 281 379 315 326 436 290 241 305 427 269 429 350 333 284 431 352 327 259 409 310 402 459 419 270 353 474 408 480 481
411 425 408 359 274 353 471 357 368 268 402 462 253 475 283 464 453 292 315 470 301 382 333 397 443 278 445 372 238 429 442 398 270 431 383 245 409 433 279 343 243 415 428 252 472 419 297 410 474 350 380 465 485 486
249 350 471 284 462 288 422 277 398 290 402 336 270 285 461 248 287 465 388 280 443 456 256 269 403 445 317 440 253 374 266 442 389 365 325 314 369 382 316 437 250 305 426 360 246 296 421 434 368 410 423 304 425 238 427 476 489
350 415 470 362 332 347 353 408 281 311 292 410 465 260 390 305 392 250 314 284 329 451 400 306 391 291 321 380 435 448 266 371 270 315 386 454 264 434 288 303 370 383 322 425 438 263 372 440 346 416 310 354 422 349 481 482
309 324 280 303 284 259 442 389 306 257 310 323 291 380 327 266 369 316 437 371 264 245 279 288 357 263 361 416 363 354 424 400 413 360 336 283 472 340 353 281 292 454 241 301 479 480
369 415 248 472 353 419 357 238 321 399 405 409 243 273 318 387 363 402 252 297 448 382 246 373 454 240 375 388 456 319 349 283 313 370 383 438 347 427 440 292 429 296 360 256 431 241 320 422 437 280 482 483
415 399 380 427 329 293 323 357 368 424 437 317 347 262 419 364 315 394 256 379 423 301 354 467 469 333 363 259 475 287 374 266 319 448 402 264 377 441 454 362 343 288 360 341 434 436 365 346 425 485 486
281 302 436 438 276 361 416 308 255 431 422 303 424 402 296 340 410 465 250 333 454 278 471 259 326 341 462 398 321 266 323 270 391 275 327 382 279 384 243 428 375 443 252 311 421 313 477 478
302 361 262 292 416 352 260 290 271 409 422 250 347 470 472 474 397 456 390 270 264 451 343 398 453 288 323 391 446 459 314 448 316 371 246 318 276 320 441 240 388 322 364 324 379 268 313 283 306 478 479
267 338 459 351 472 285 274 408 450 276 333 467 271 246 394 275 396 438 440 321 442 325 382 303 305 428 375 296 377 311 423 357 370 291 248 308 429 238 284 266 464 424 292 402 476 477
239 305 426 379 434 368 357 291 438 359 427 361 374 416 429 363 297 431 352 365 288 343 290 400 349 283 465 399 280 456 403 396 317 464 264 266 255 268 310 323 257 378 433 446 259 380 435 248 382 437 250 263 476 489
305 362 379 278 293 359 306 374 285 266 431 352 354 409 264 400 413 336 349 470 461 474 397 246 276 403 445 240 326 341 383 464 283 389 323 262 378 391 277 256 327 448 382 290 241 437 371 428 478 479
420 323 274 421 387 338 465 315 296 462 379 290 241 301 250 352 363 446 248 308 259 361 372 257 238 441 389 456 374 419 413 245 275 392 442 277 390 341 371 322 433 263 365 297 437 428 408 485 486
347 372 427 314 246 416 329 352 274 304 268 424 253 283 349 262 292 256 474 260 290 241 301 355 467 318 280 471 383 396 451 464 238 340 400 378 391 446 275 437 450 373 343 243 441 322 434 436 357 370 425 438 481 482
283 416 284 301 422 464 400 292 349 253 353 329 397 410 454 346 467 388 324 392 280 394 438 440 321 431 446 435 382 303 371 384 318 441 275 443 364 377 313 355 315 436 357 252 477 478
343 399 240 454 346 467 403 405 262 292 387 442 326 341 241 301 448 269 280 329 375 248 323 306 291 425 438 427 361 374 294 245 324 409 413 303 333 360 316 351 472 461 355 325 465 481 482
399 470 371 474 252 386 263 421 365 316 325 276 416 378 329 293 304 255 402 262 446 459 360 256 260 450 241 301 373 354 384 441 454 318 269 250 280 456 303 445 436 391 438 257 374 266 383 245 275 484 485
361 459 380 262 437 315 326 373 441 301 375 443 366 368 370 425 438 248 308 374 306 351 475 355 413 426 419 397 410 322 252 263 467 346 403 325 462 359 409 451 464 353 482 483
246 279 402 270 461 408 450 465 386 333 467 280 456 269 390 403 445 326 243 262 396 253 266 321 442 389 310 257 433 325 446 448 248 424 296 256 419 291 425 427 469 416 429 354 301 422 398 476 489
263 276 248 278 388 280 322 443 456 377 390 324 271 394 436 317 306 429 321 389 431 433 325 314 435 303 437 351 364 474 410 259 304 467 427 469 403 405 352 277 332 292 413 470 270 476 477
471 462 362 392 292 277 256 290 424 241 380 269 359 248 461 259 357 257 396 419 266 400 315 428 379 354 384 388 303 363 252 465 327 475 469 450 346 372 425 291 321 240 355 434 472 438 349 488 489
323 475 306 310 321 362 270 338 351 472 340 408 279 410 465 288 456 326 297 314 400 293 304 336 255 391 380 435 253 371 384 386 375 388 364 366 436 425 318 269 440 374 480 481
240 422 464 292 270 285 276 410 278 454 467 443 456 390 324 392 383 275 374 308 321 389 378 433 446 435 382 303 424 437 371 384 441 241 296 256 313 434 368 423 359 306 469 284 476 489
422 469 338 268 238 313 396 451 311 262 296 409 320 271 373 354 388 269 250 382 333 248 443 372 257 287 434 389 321 423 425 349 402 264 294 433 392 435 277 288 428 470 380 329 485 486
325 413 336 470 238 310 291 419 408 454 390 403 392 273 394 341 396 464 378 446 380 437 384 255 426 373 313 366 355 262 292 256 359 260 301 374 409 424 480 481
426 269 359 469 308 357 338 421 451 336 366 326 294 459 260 461 373 384 388 318 333 363 397 346 445 410 391 372 276 374 274 255 429 349 268 383 377 360 256 341 424 241 320 486 487
459 346 276 374 453 355 349 413 392 292 390 341 260 241 320 269 433 427 408 278 442 257 238 336 396 285 419 266 270 364 275 373 354 388 475 352 382 464 252 416 488 489
462 438 398 270 475 264 288 322 252 424 454 316 346 297 448 280 427 378 359 461 293 274 357 436 440 238 451 253 366 400 315 296 245 354 456 318 269 284 472 397 248 450 425 287 276 340 434 488 489
255 341 354 238 288 402 270 351 327 461 397 278 456 326 260 394 396 317 438 451 319 440 442 268 310 259 448 316 437 371 318 360 362 377 311 353 355 250 359 306 427 416 363 284 352 476 477
329 424 413 327 360 362 338 472 310 410 357 274 304 454 467 390 313 341 383 332 387 271 301 316 389 402 378 391 250 437 428 388 364 445 379 423 370 372 275 290 431 365 243 273 475 480 481
274 354 252 409 464 303 413 360 294 470 287 276 397 465 467 469 403 392 405 394 383 317 451 374 269 391 446 314 327 448 382 450 384 318 257 428 364 377 366 313 370 304 438 306 429 477 478
293 433 354 409 402 470 241 296 472 419 461 454 248 278 469 390 287 326 291 451 285 266 270 446 448 273 277 288 384 318 373 428 320 434 423 425 317 306 427 440 308 429 310 478 479
433 372 368 238 472 332 351 336 285 400 394 384 318 352 252 386 416 397 346 425 446 276 340 349 268 443 253 362 392 434 311 296 360 390 341 371 440 260 405 365 429 380 250 427 278 486 487
392 275 469 416 362 273 277 288 396 341 322 365 389 374 437 368 268 454 332 443 445 311 326 427 241 301 442 388 352 333 248 308 259 428 310 340 370 474 421 285 349 465 484 485
425 262 394 375 256 403 454 443 352 445 278 259 434 438 291 370 266 319 398 413 435 245 275 437 279 362 341 474 365 346 380 469 304 475 357 338 268 313 486 487
262 372 306 284 405 352 290 279 402 465 278 454 280 322 253 273 315 317 451 332 453 387 260 321 389 378 437 248 259 375 296 443 364 419 311 366 379 421 355 476 477
269 441 364 366 434 368 436 429 363 297 365 464 268 279 360 294 349 472 461 474 276 260 465 278 454 469 250 271 273 317 398 266 314 437 384 245 476 477
317 359 270 363 296 431 365 294 245 424 349 470 362 351 397 410 465 291 469 319 453 387 277 442 336 378 260 290 241 450 250 280 284 386 278 322 259 445 366 438 479 480
359 311 413 402 470 362 354 421 397 280 303 284 469 259 403 287 396 321 451 355 453 285 442 319 378 264 294 446 437 450 371 384 277 441 388 364 366 434 370 353 304 357 313 482 483
436 311 292 394 296 428 245 379 275 373 388 363 472 435 248 372 465 257 370 321 423 355 434 475 451 464 453 362 277 390 405 346 450 280 408 353 304 338 368 438 253 486 487
380 470 306 408 340 291 370 351 465 266 319 469 403 394 273 451 288 387 360 252 389 365 435 448 314 276 437 353 443 268 332 434 311 364 296 241 320 431 324 303 483 484
292 423 276 268 294 290 271 474 408 397 280 284 322 456 394 257 315 438 451 398 266 442 391 245 435 327 303 316 437 320 296 313 368 478 479
297 338 472 340 353 450 397 465 333 454 346 467 322 403 445 398 440 453 248 257 382 291 371 285 428 320 441 443 275 366 355 368 273 370 304 288 427 252 416 429 301 400 336 478 479
338 365 310 360 349 470 319 351 472 268 474 313 408 311 290 241 301 324 383 318 280 464 398 333 387 327 278 389 391 446 382 321 371 266 270 434 368 243 438 427 440 416 363 480 481
357 431 475 301 413 360 318 333 419 308 467 287 456 321 336 315 409 464 294 275 387 400 324 389 252 346 384 373 386 310 340 390 366 379 319 349 440 374 482 483
431 368 253 437 332 419 400 296 409 260 290 320 373 469 303 363 416 248 278 410 475 389 423 285 270 472 383 450 313 377 465 243 443 390 341 424 405 365 346 451 250 408 486 487
373 375 443 280 377 445 284 363 248 427 306 440 287 374 310 291 285 270 362 243 277 288 371 322 423 346 456 314 353 464 268 387 402 296 448 256 382 320 397 324 386 482 483
375 318 280 363 427 416 306 409 340 321 351 355 413 319 428 472 264 294 279 243 273 277 467 316 405 396 453 368 253 435 388 290 320 271 301 483 484
290 377 366 379 368 423 370 253 374 363 260 271 303 413 472 461 474 248 259 410 454 287 456 403 275 398 440 453 279 243 314 435 316 320 478 479
377 271 301 403 324 405 318 250 280 303 333 396 451 248 278 308 259 453 372 257 340 370 351 374 285 437 266 397 443 279 243 434 383 360 365 314 435 368 428 253 421 311 410 483 484
423 464 326 405 470 448 461 333 284 363 408 308 259 456 306 445 310 340 451 349 427 440 279 273 388 424 437 416 346 314 353 387 368 253 313 396 362 475 485 486
311 301 438 372 416 363 354 259 287 238 402 291 349 470 472 266 461 353 474 270 469 243 403 405 252 383 398 321 442 276 314 304 448 386 479 480
352 437 397 332 313 366 296 372 324 374 442 333 248 371 306 360 428 470 321 351 285 319 421 410 264 245 456 243 416 394 322 396 464 316 389 314 446 481 482
437 308 306 287 389 291 321 434 400 319 398 383 435 252 386 346 276 467 469 304 387 268 332 394 409 424 405 354 461 450 280 486 487
362 250 284 394 353 453 387 389 270 275 397 386 354 454 318 445 366 379 434 327 372 365 355 378 319 349 424 371 253 364 277 360 421 271 482 483
308 238 314 382 450 266 320 296 364 366 284 372 427 278 365 475 287 400 336 351 279 408 397 277 388 469 241 326 394 396 398 319 332 442 304 391 268 479 480
296 313 434 257 287 303 245 419 260 355 333 288 388 403 278 341 319 332 453 294 314 435 316 450 371 273 386 320 322 478 479
313 256 365 354 409 464 250 400 278 306 287 291 397 465 454 467 324 445 264 245 326 279 273 387 442 446 327 384 304 443 364 379 427 479 480
318 320 388 322 364 379 368 287 440 270 264 294 273 413 470 351 419 316 353 410 467 469 326 394 383 396 451 319 442 336 256 391 448 382 371 384 479 480
285 383 398 319 332 389 435 382 384 428 421 368 370 291 271 306 374 416 310 409 301 303 424 360 266 340 287 355 410 465 275 333 454 346 469 243 252 477 478
383 409 264 273 391 252 448 461 384 386 454 276 310 390 374 434 353 319 253 256 371 260 241 413 250 314 465 483 484
238 429 378 446 301 314 316 250 441 241 353 368 304 469 284 405 341 409 464 398 402 349 270 351 448 340 408 450 320 454 388 445 396 476 489
364 354 370 374 284 327 435 424 336 355 428 266 470 270 315 366 264 245 467 288 346 394 409 464 340 387 400 353 304 391 268 253 384 341 482 483
259 314 424 294 421 368 245 363 405 252 354 475 288 409 464 277 279 400 402 336 472 327 397 465 278 388 456 390 324 451 453 387 321 310 476 477
379 445 275 260 320 324 440 363 429 372 340 370 355 319 474 421 410 467 469 360 256 371 346 409 451 250 378 389 304 382 388 483 484
310 332 453 321 287 389 391 314 316 450 371 245 454 243 324 445 434 252 370 374 429 270 349 470 277 256 465 346 467 456 326 248 278 479 480
332 365 319 354 475 424 360 288 351 340 461 408 316 465 467 405 396 253 387 378 320 271 386 284 366 434 248 278 370 306 257 287 427 480 481
434 428 260 324 333 461 389 340 291 370 321 351 374 402 275 277 435 346 314 378 368 268 456 253 475 486 487
271 353 421 243 291 427 252 365 354 475 294 336 349 470 351 472 340 461 474 450 454 388 280 456 390 260 241 315 387 314 327 303 371 266 441 476 477
429 419 315 394 256 354 280 382 475 386 327 278 410 287 389 340 446 374 266 270 279 445 243 390 371 316 346 440 442 486 487
257 442 389 378 446 314 435 327 448 303 384 245 443 304 363 284 405 341 354 277 424 470 270 353 408 450 386 333 280 241 469 390 403 326 250 315 248 453 476 477
442 421 351 355 266 394 245 275 409 465 277 467 382 322 386 416 475 374 438 398 470 336 456 405 354 284 363 248 278 372 387 487 488
372 435 245 386 441 303 327 438 427 291 370 355 402 243 472 277 360 322 410 465 365 316 454 467 388 403 353 304 398 368 268 400 482 483
306 389 260 371 443 445 421 278 266 424 275 413 402 470 351 472 419 461 353 252 397 465 454 456 276 390 403 405 464 268 319 479 480
264 245 319 266 391 314 448 252 441 366 416 365 475 288 409 301 256 303 260 360 294 349 250 351 340 474 276 397 454 346 467 388 456 390 476 477
250 360 320 441 353 366 355 245 475 277 391 461 287 276 397 386 256 403 445 260 394 315 396 451 319 448 303 476 489
453 291 464 351 374 266 319 349 470 443 294 441 322 435 252 456 424 353 387 368 451 366 396 241 320 324 465 416 397 248 450 391 287 487 488
368 475 260 284 248 456 319 270 394 387 243 273 277 378 391 360 341 382 314 276 428 443 445 353 253 438 336 482 483
370 400 256 378 391 320 324 354 435 284 386 441 327 443 287 340 438 427 349 294 273 413 288 360 316 474 421 268 396 464 482 483
301 366 421 355 253 365 245 475 409 398 402 351 278 327 287 454 291 467 388 315 319 374 243 321 314 448 280 478 479
421 360 320 405 280 363 278 387 474 366 275 279 384 451 273 388 382 346 446 340 374 353 304 443 319 398 445 253 485 486
245 445 387 268 378 435 448 252 320 353 243 291 427 475 409 398 400 413 402 461 397 454 322 256 476 489
445 409 260 333 416 397 389 374 448 438 461 398 450 443 365 451 314 284 378 248 387 336 366 419 400 474 394 487 488
277 397 467 280 270 390 403 284 326 394 341 243 464 440 256 378 314 448 316 384 428 324 363 475 360 294 349 351 419 461 474 477 478
397 288 371 316 346 454 268 440 475 326 413 354 470 280 474 303 284 248 465 405 355 398 243 388 484 485
275 324 270 396 451 440 321 448 384 428 441 291 427 341 409 279 400 349 391 461 474 408 333 454 456 477 478
324 366 322 374 316 354 413 360 268 355 465 256 333 260 241 320 390 403 405 326 280 396 398 378 291 321 327 450 428 480 481
294 398 319 440 374 268 391 446 327 384 256 260 322 443 419 284 304 416 287 354 464 303 424 400 402 279 472 340 465 454 346 388 456 390 478 479
321 440 266 279 386 243 252 438 314 416 365 304 354 409 353 333 467 469 278 394 341 479 480
440 351 336 396 419 266 315 409 303 474 416 316 374 304 268 413 253 470 341 260 465 441 454 314 363 378 486 487
252 340 474 408 454 467 388 322 469 438 253 387 389 378 270 243 448 303 320 441 443 355 315 304 288 400 402 349 476 489
340 387 382 384 441 454 443 256 241 416 363 475 303 333 284 248 472 353 408 270 403 394 409 288 398 481 482
391 355 266 319 349 279 273 288 322 365 346 435 276 353 304 472 268 474 465 467 326 456 403 388 396 451 327 484 485
456 243 273 341 371 435 386 416 446 365 314 389 378 387 336 441 326 241 403 382 284 248 278 351 428 487 488
291 400 336 256 241 435 371 284 322 366 427 416 365 279 349 472 461 408 410 276 403 405 394 478 479
349 394 400 435 382 336 386 315 326 303 365 409 266 410 243 467 341 322 390 403 481 482
394 279 427 341 424 428 470 366 403 416 256 475 354 384 333 446 278 351 443 484 485
409 402 390 260 354 384 280 428 470 408 278 387 467 416 319 475 451 273 446 450 443 485 486
428 303 427 378 408 387 366 435 315 243 388 288 382 316 389 475 355 268 402 470 446 326 390 441 241 405 354 384 486 487
386 461 450 382 248 441 278 443 374 438 319 270 279 424 256 371 322 378 304 469 403 268 266 398 320 446 354 483 484
461 316 410 314 374 474 467 441 326 360 256 341 464 320 354 472 327 451 336 355 419 288 382 488 489
279 276 469 326 341 268 389 314 327 448 450 384 419 315 464 424 413 402 353 474 287 408 410 467 388 477 478
351 316 389 314 446 448 382 304 384 268 253 438 320 280 303 284 248 278 424 360 287 266 408 270 410 405 341 322 481 482
284 450 371 253 320 419 315 363 248 475 413 402 470 474 388 403 378 477 478
450 435 248 389 374 438 270 451 441 288 371 322 241 405 280 474 353 387 268 287 469 475 464 320 384 487 488
273 333 405 396 438 398 319 389 435 268 253 419 366 355 315 256 260 363 354 400 413 360 336 472 276 477 478
287 382 276 371 384 253 427 256 354 280 402 408 410 346 322 390 326 396 243 398 477 478
402 405 355 319 413 446 390 371 454 241 320 365 378 438 396 424 315 474 288 484 485
405 474 467 288 469 371 416 241 365 346 475 304 446 384 438 382 333 327 435 319 484 485
446 448 410 355 398 413 243 288 371 322 472 304 474 387 268 253 396 315 475 260 363 487 488
448 327 474 467 398 475 288 390 316 346 408 304 336 451 315 260 241 403 280 363 487 488
464 441 360 341 322 365 316 280 314 474 467 320 354 363 327 410 488 489
467 441 316 346 396 400 315 384 382 278 475 266 443 488 489
354 353 268 438 315 326 320 333 278 390 243 322 378 382 481 482
398 270 365 346 314 320 419 474 410 465 248 469 416 276 389 484 485
410 360 365 408 253 427 396 400 435 403 388 472 382 363 248 327 278 469 416 355 319 485 486
288 333 346 322 469 253 438 256 241 435 316 278 441 419 355 266 243 341 424 360 336 472 474 477 478
474 316 314 427 387 470 336 400 382 435 248 327 278 319 488 489
469 256 322 424 365 346 280 378 304 366 396 403 465 278 389 355 443 488 489
276 413 336 470 327 333 388 280 403 268 438 451 319 378 435 382 360 419 266 427 270 341 475 477 478
322 403 248 341 400 389 319 270 336 253 435 243 314 475 413 360 479 480
472 378 268 253 336 241 403 382 363 327 355 441 243 360 390 341 371 435 488 489
360 403 416 253 475 396 315 326 248 388 435 243 424 371 413 470 346 482 483
253 416 475 470 353 333 280 396 389 314 327 241 366 248 304 476 489
256 355 363 475 400 413 270 278 280 315 396 266 378 435 384 441 476 477
316 419 333 390 266 341 400 435 320 441 438 260 479 480
454 243 346 314 304 260 303 333 363 378 278 396 400 487 488
416 366 315 326 390 435 266 400 382 475 389 374 470 413 485 486
341 319 346 400 384 388 260 320 424 470 419 481 482
346 243 419 355 465 388 390 382 248 374 470 481 482
475 438 387 315 390 241 388 382 363 327 243 371 408 488 489
438 470 333 435 304 319 413 390 424 408 465 248 278 336 486 487
441 303 435 266 390 378 387 268 336 366 396 315 326 486 487
353 413 470 304 315 326 396 451 400 333 378 382 384 319 270 427 481 482
470 408 304 451 320 403 382 248 327 278 319 270 413 443 390 488 489
408 424 314 378 387 366 396 400 260 320 388 333 363 327 243 485 486
413 304 387 366 241 303 382 278 374 435 390 371 465 365 485 486
427 336 241 403 388 465 333 363 389 270 390 365 451 304 486 487
378 424 319 371 365 451 314 260 241 320 280 483 484
424 304 336 419 326 403 303 382 355 451 371 241 365 485 486
336 374 365 304 268 355 320 314 248 278 315 243 480 481
304 400 260 241 280 465 266 319 387 443 419 363 365 478 479
365 419 315 363 387 278 384 355 443 482 483
315 260 435 270 465 451 371 384 268 320 390 366 479 480
260 374 355 403 268 270 314 327 371 476 477
403 268 396 419 465 280 382 333 363 355 319 484 485
278 435 371 419 363 333 387 389 477 478
435 366 419 451 388 389 384 280 333 363 486 487
314 355 389 382 374 280 479 480
443 451 382 389 355 270 243 390 371 241 396 419 487 488
371 363 327 319 400 366 482 483
389 400 266 270 243 419 465 388 327 396 483 484
363 241 320 355 319 465 243 390 482 483
382 384 266 465 396 451 387 483 484
384 374 355 266 270 419 465 366 387 483 484
327 388 266 319 374 419 333 326 320 451 387 480 481
280 419 400 390 248 396 387 477 478
387 355 326 320 483 484
419 451 396 388 303 319 465 390 485 486
451 319 270 390 366 396 400 333 487 488
243 396 303 366 465 476 489
333 366 374 268 326 303 266 270 480 481
319 266 241 303 465 479 480
374 266 465 248 483 484
396 303 484 485
400 241 366 303 484 485
390 388 326 483 484
355 241 303 465 270 481 482
270 366 268 476 477
465 241 320 488 489
366 320 248 482 483
248 303 241 268 476 489
320 303 326 268 479 480
326 268 241 480 481
266 241 476 477
268 476 477
388 483 484
303 241 478 479
241 476 489
476
477
478
479
480
481
482
483
484
485
486
487
488
489
