#/usr/local/lib/python3.10/dist-packages/colab_kernel_launcher.py -f /root/.local/share/jupyter/runtime/kernel-ccf9b1d1-ce2b-4d6c-8d13-48aff858ef78.json
# GMT Mon May 27 11:00:46 2024
# 
13 88 199 100 188 191 37 12 112 79 36 169 38 159 15 136 126 18 93 27 128 108 62 42 84 120 97 74 152 142 96 86 53 187 43 56 141 177 144 400 401
88 118 173 140 153 26 37 175 152 54 122 76 27 57 38 71 167 18 189 133 33 158 66 148 39 20 157 67 114 117 126 28 106 171 161 48 29 141 407 408
44 155 145 9 24 147 124 160 104 192 48 149 60 73 22 184 193 173 150 195 30 2 175 129 164 56 131 65 199 55 68 45 110 146 11 67 188 25 57 403 404
155 129 25 162 73 184 76 197 164 139 93 196 58 137 186 176 154 4 178 101 55 115 38 118 99 86 67 146 149 189 117 150 47 1 80 46 147 195 414 415
16 93 70 83 73 194 171 161 115 11 193 62 39 175 152 86 63 33 154 108 111 78 199 22 178 34 168 158 135 190 180 2 114 0 3 192 48 25 139 400 401
93 163 22 82 33 133 36 185 198 83 109 99 112 177 167 47 199 166 156 76 59 92 102 115 23 170 104 94 54 55 195 86 174 151 95 98 408 409
35 106 29 171 161 105 183 39 75 117 23 107 26 97 198 165 8 122 144 98 78 199 100 90 103 33 20 34 180 157 160 11 14 71 61 9 172 31 15 402 403
106 107 0 198 82 175 132 20 72 197 187 144 100 30 189 156 133 28 136 61 12 178 78 181 51 79 180 114 182 40 149 139 24 27 87 18 130 409 410
76 107 23 77 198 56 37 152 21 109 57 190 124 133 113 22 52 3 148 39 115 69 180 137 117 195 28 64 45 161 48 164 118 95 85 186 406 407
107 57 60 72 186 152 19 52 33 55 121 99 53 83 34 123 126 14 158 80 31 61 15 180 193 59 62 159 116 129 119 10 89 70 73 54 409 410
135 193 170 183 140 182 45 185 162 127 92 95 46 161 98 79 109 23 26 166 43 198 165 90 120 177 121 147 49 179 22 85 39 20 50 191 171 133 412 413
193 130 136 169 183 15 111 198 144 95 98 112 175 181 162 57 87 29 59 41 71 134 126 77 137 173 138 70 52 188 39 20 195 53 83 418 419
96 122 112 37 177 144 124 50 53 34 67 168 2 14 138 1 190 61 160 137 104 105 182 129 11 118 70 131 42 43 24 196 173 87 110 58 198 142 408 409
122 26 170 89 40 173 73 41 195 172 129 91 21 22 52 176 66 143 38 113 47 147 31 94 45 97 156 78 169 32 111 136 98 168 109 148 411 412
136 158 3 94 36 50 81 170 160 125 30 195 12 184 151 141 87 29 74 46 58 176 110 175 165 145 187 41 102 86 179 19 181 1 80 412 413
158 14 12 127 78 108 111 178 128 79 171 180 25 70 27 156 137 140 197 164 141 101 176 63 85 66 17 69 72 175 83 34 113 146 130 414 415
118 182 105 19 0 101 52 82 63 151 17 141 50 103 133 31 97 51 144 121 157 111 92 46 98 79 109 166 4 191 181 70 148 138 77 410 411
74 183 140 143 110 87 152 119 5 164 19 22 111 63 78 199 39 34 145 181 112 9 1 147 29 94 32 192 162 184 161 4 174 7 37 70 43 406 407
183 58 146 150 68 33 63 20 195 81 111 65 144 147 194 197 178 129 25 162 9 1 31 75 60 139 123 153 188 170 121 173 4 37 40 417 418
159 178 85 72 113 114 167 84 179 9 1 31 42 168 15 75 127 108 139 81 62 65 98 109 140 143 192 182 26 7 70 90 186 163 150 49 165 414 415
178 162 61 176 97 127 78 111 123 126 179 110 7 141 171 89 24 27 58 91 18 166 169 194 167 17 160 102 67 177 133 145 188 416 417
46 121 143 146 67 103 57 15 70 27 148 125 69 59 170 137 114 91 81 48 84 172 63 184 138 174 173 18 186 5 97 1 33 142 53 403 404
121 151 140 153 26 56 7 40 70 73 27 120 187 164 154 167 134 146 6 115 191 99 145 119 170 160 137 11 61 64 48 78 108 59 411 412
2 194 161 115 151 128 105 95 196 29 163 84 185 21 11 99 66 43 10 65 176 45 156 90 0 37 112 79 92 167 157 26 3 137 83 60 400 419
194 101 82 188 85 17 102 113 116 168 149 84 164 166 25 181 1 64 97 127 32 98 145 175 148 197 56 89 174 73 196 54 123 156 58 418 419
58 95 48 65 186 143 97 77 56 9 99 89 43 177 167 189 166 100 90 7 112 52 24 54 36 180 20 53 81 84 30 83 3 404 405
95 134 124 18 49 22 3 33 168 6 36 102 72 53 180 67 147 150 80 59 138 151 128 141 65 130 23 56 152 142 57 112 144 408 409
49 126 83 50 184 11 72 31 196 140 32 51 87 109 89 164 177 26 37 98 176 8 166 179 123 113 90 188 18 69 180 19 157 147 3 169 403 404
126 0 101 186 6 176 39 166 69 99 34 175 112 167 31 12 147 179 192 146 125 110 171 23 138 54 120 182 172 149 129 5 68 411 412
109 177 23 154 73 189 27 146 60 191 145 180 22 127 53 83 139 151 128 47 9 140 10 130 48 78 195 92 65 165 197 164 409 410
177 180 142 189 89 54 87 77 140 4 141 171 52 82 185 63 17 39 50 184 119 130 186 117 169 61 167 64 75 51 81 416 417
29 68 143 113 80 102 79 22 3 59 137 20 48 169 73 151 105 62 39 173 130 41 152 129 165 23 53 66 164 21 131 98 8 401 402
68 51 129 105 108 150 7 163 37 140 10 40 86 99 52 146 55 100 113 90 103 50 145 181 92 82 72 157 28 94 192 182 64 15 162 405 406
128 190 144 134 5 156 146 3 39 69 191 148 180 84 137 150 14 12 42 172 64 149 75 92 125 112 56 153 7 10 89 40 73 198 411 412
190 161 47 162 80 31 176 48 108 92 123 140 184 171 10 70 24 27 60 41 102 134 165 119 103 101 82 85 17 20 99 51 195 144 67 418 419
129 37 132 38 69 53 199 156 18 181 64 94 127 180 62 137 79 192 139 26 89 161 75 59 90 120 77 153 23 165 411 412
14 168 37 112 79 92 157 26 124 137 192 48 61 50 4 40 161 7 105 196 186 163 175 152 165 197 164 20 131 25 110 57 191 47 400 401
168 150 15 51 144 112 26 70 176 27 87 41 153 134 156 91 18 124 105 101 3 63 85 39 20 99 102 113 116 67 146 84 415 416
69 104 117 71 84 172 149 25 1 161 141 59 32 108 75 186 130 188 10 40 197 79 60 134 78 169 146 19 0 63 66 92 405 406
104 196 186 83 153 86 130 143 94 166 179 98 156 169 123 145 37 112 43 54 87 170 41 71 192 116 171 19 184 174 151 63 6 17 39 409 410
80 113 90 31 191 64 48 51 147 117 94 4 37 10 116 40 73 27 38 60 174 71 131 98 176 110 119 63 6 187 199 91 25 407 408
113 169 81 111 149 184 151 23 56 37 9 40 21 196 43 195 152 197 5 131 144 134 3 6 179 39 53 188 180 410 411
40 77 132 99 53 66 3 20 134 111 166 143 57 70 145 28 148 102 127 192 182 51 149 7 184 72 173 42 84 403 404
77 85 59 71 120 198 188 165 132 154 144 24 124 101 66 39 179 125 0 170 45 114 48 117 94 195 65 83 197 174 141 9 406 407
151 143 105 39 132 164 25 150 94 62 92 144 167 147 98 131 189 148 4 56 10 70 191 57 38 41 71 123 137 414 415
132 160 26 56 21 43 182 149 57 162 38 41 120 184 161 174 141 173 163 19 6 185 115 53 83 67 130 30 11 61 64 81 148 112 412 413
160 119 152 103 133 30 0 33 15 17 170 114 192 131 142 148 28 42 57 120 71 186 143 157 4 141 37 52 115 8 38 102 415 416
19 103 83 148 141 108 85 120 195 17 162 54 152 142 119 197 66 187 164 56 111 9 110 123 47 36 26 137 71 192 61 400 401
103 0 3 15 137 50 114 127 182 172 26 174 164 87 173 59 60 186 133 91 198 188 5 134 8 111 102 86 169 67 146 191 409 410
10 54 21 86 53 7 20 144 189 45 22 110 123 47 115 92 82 157 81 71 51 149 83 27 17 174 1 196 153 130 400 401
54 64 24 152 86 187 131 144 18 111 65 78 55 5 189 143 110 67 102 11 127 81 61 15 48 73 32 130 120 404 405
36 192 169 61 51 172 149 63 28 9 174 1 12 15 32 64 119 23 4 89 43 98 8 111 199 166 143 67 125 79 22 6 91 402 403
192 83 86 146 147 161 30 11 148 9 15 97 23 157 188 57 8 41 71 18 196 166 52 82 198 55 418 419
83 124 0 162 72 34 28 12 143 195 185 198 59 152 119 89 164 23 111 179 100 60 112 147 407 408
124 174 79 196 11 163 25 143 9 43 75 110 144 105 166 56 179 169 8 39 71 119 147 137 172 52 149 82 162 139 48 411 412
28 188 191 6 145 17 59 180 94 71 38 9 181 72 75 52 150 153 130 120 97 26 142 24 86 43 56 131 32 133 123 401 402
188 162 43 73 60 139 90 197 172 156 196 199 23 37 21 55 87 149 18 169 180 0 111 34 30 181 417 418
162 85 87 39 41 146 18 133 84 179 150 82 33 171 127 78 144 131 30 89 27 62 123 199 7 37 415 416
73 110 165 33 99 20 67 91 123 25 47 61 145 62 65 137 114 94 169 172 37 60 108 85 186 18 406 407
110 15 131 75 60 196 90 163 153 175 112 157 134 111 99 169 84 5 3 64 108 50 51 34 25 161 410 411
0 191 50 39 52 140 94 51 41 18 197 33 131 98 65 12 100 1 112 125 56 26 101 179 48 169 25 149 400 419
173 197 140 199 101 52 33 63 115 67 146 161 30 117 189 25 47 31 61 62 65 98 112 26 21 24 27 184 416 417
197 138 37 174 72 165 137 185 196 52 82 115 99 144 67 163 164 117 31 12 127 123 65 189 170 418 419
146 180 32 172 145 56 87 186 120 71 176 123 140 141 33 63 6 20 116 67 117 181 148 413 414
180 147 130 164 25 61 12 64 125 112 142 139 90 71 154 138 5 55 6 115 66 17 417 418
71 186 17 198 175 89 9 179 125 7 37 70 157 27 57 81 116 181 174 141 108 85 196 406 407
186 134 156 143 154 184 171 6 53 179 30 185 31 15 75 108 32 34 65 25 56 42 87 417 418
23 53 89 33 134 9 55 90 34 4 5 157 91 3 70 181 50 108 42 163 153 195 87 185 198 401 402
84 125 102 66 137 114 161 48 32 163 140 153 30 198 165 86 89 187 154 131 167 176 179 169 90 21 22 407 408
125 30 11 117 1 12 15 94 62 92 7 37 38 60 123 184 141 91 131 5 130 52 33 55 115 142 53 67 119 411 412
70 175 142 63 64 187 154 62 144 101 199 166 100 42 27 57 157 81 148 138 20 50 140 406 407
143 174 90 32 92 176 55 27 87 38 144 18 156 191 52 6 66 17 97 34 98 172 47 15 413 414
174 154 184 52 66 72 176 163 33 167 63 127 20 111 62 144 179 164 181 45 90 172 153 170 416 417
170 163 30 61 64 48 187 65 144 131 199 148 4 56 191 8 60 90 41 138 185 101 6 115 99 184 53 416 417
134 150 152 89 142 43 90 154 167 189 4 21 22 101 181 6 99 102 34 116 117 47 61 94 138 78 412 413
41 163 21 117 153 24 27 175 152 86 78 199 191 112 11 59 137 114 12 94 169 105 108 26 62 37 403 404
163 120 101 85 50 72 116 100 196 176 11 117 25 1 198 48 78 81 187 145 189 7 21 8 87 415 416
25 17 167 91 38 191 181 37 161 85 140 7 87 139 3 131 144 18 199 166 100 401 402
45 133 123 90 26 157 21 43 81 8 48 61 51 171 5 196 22 117 120 64 185 165 119 86 187 9 1 65 55 176 166 403 404
133 59 111 92 123 182 139 152 89 43 27 38 140 119 105 175 52 33 6 85 20 102 34 98 166 61 148 412 413
65 111 123 7 37 145 148 52 55 115 38 137 172 116 184 131 85 32 75 30 11 165 112 405 406
111 89 21 91 139 101 161 82 85 131 39 102 53 153 100 30 12 15 75 410 411
37 66 63 57 47 79 81 5 171 161 62 34 87 172 185 402 403
57 15 152 66 167 98 101 166 7 100 24 59 18 127 117 169 20 50 161 105 75 11 153 404 405
17 38 139 60 27 148 39 75 196 150 117 51 142 99 187 56 141 78 55 22 123 145 102 79 400 401
3 172 149 139 171 7 105 72 1 75 51 31 152 21 142 56 141 32 12 4 82 94 61 400 419
85 182 184 63 6 98 20 50 140 87 89 75 78 101 51 179 90 4 102 38 114 94 407 408
108 189 166 179 123 105 4 101 115 157 50 72 67 116 161 15 81 153 185 152 56 27 154 167 409 410
189 59 62 92 114 26 21 87 137 140 91 105 184 157 171 22 82 63 72 34 116 100 152 182 150 417 418
154 161 112 164 145 21 43 8 153 91 18 138 166 55 99 50 72 100 150 47 9 94 182 195 97 48 92 414 415
21 8 141 90 6 20 94 11 38 60 50 184 30 115 39 127 140 130 195 51 87 401 402
48 156 100 1 127 15 172 149 50 161 4 24 64 175 5 22 55 176 403 404
15 90 34 147 127 94 149 161 196 7 32 185 175 99 187 43 56 98 400 401
147 157 116 179 9 31 64 94 59 62 98 79 145 182 26 184 139 90 18 166 105 52 82 413 414
26 119 99 90 191 115 114 81 94 182 38 181 171 105 62 42 6 165 401 402
119 150 87 195 149 185 139 86 161 33 153 130 50 51 165 145 30 31 42 75 169 92 79 181 410 411
90 31 12 75 59 175 142 112 167 7 101 179 138 98 196 408 409
139 176 101 6 115 20 175 99 102 142 100 187 166 12 179 169 94 62 114 60 164 4 412 413
176 153 187 89 101 179 8 116 100 166 117 66 51 53 114 161 112 11 145 78 416 417
120 140 153 164 33 66 20 102 34 123 67 148 94 150 75 81 32 62 182 149 112 56 141 131 9 411 412
32 199 166 145 7 82 24 6 137 20 127 51 18 30 50 63 31 130 97 175 165 142 66 402 403
199 92 172 157 56 7 27 152 138 72 34 116 30 117 196 47 181 31 12 42 78 59 418 419
38 130 185 175 165 164 141 9 31 55 123 112 89 167 114 24 61 8 181 18 402 403
130 137 149 101 33 63 99 131 102 34 153 30 185 142 31 42 75 127 51 191 412 413
79 131 91 166 1 31 123 59 181 112 102 92 56 81 117 116 53 5 153 22 97 20 142 406 407
131 56 43 55 115 138 150 52 195 82 185 127 81 47 42 59 60 412 413
24 195 87 185 31 9 89 144 78 179 4 191 112 59 137 91 116 141 72 62 75 196 42 11 401 402
195 198 102 86 165 185 22 167 64 127 53 164 11 89 75 59 137 91 105 418 419
172 82 55 53 175 67 100 169 150 47 1 167 142 145 56 27 60 182 184 171 416 417
169 127 20 9 42 43 78 156 4 198 55 72 86 116 149 5 415 416
117 86 150 149 94 78 51 175 152 60 92 167 91 4 7 123 55 115 410 411
101 149 184 164 89 196 153 4 157 156 39 123 105 12 64 59 182 409 410
149 52 82 47 164 81 185 175 43 167 8 60 18 181 141 413 414
102 114 12 116 78 51 153 7 43 142 145 82 66 171 34 100 409 410
114 86 67 42 97 78 51 140 185 152 184 164 141 27 60 153 198 82 167 144 50 410 411
153 196 4 5 52 6 72 31 64 127 144 161 164 414 415
196 140 18 141 115 50 116 179 182 30 185 81 4 8 87 418 419
59 115 81 60 181 171 148 161 8 97 185 187 50 78 404 405
161 157 167 55 99 191 67 100 43 27 165 415 416
20 81 4 7 184 138 8 62 18 165 99 100 148 401 402
81 34 30 138 105 12 75 182 184 72 97 18 144 33 6 407 408
39 94 51 138 64 142 112 144 27 55 4 5 148 92 8 150 402 403
94 100 42 75 62 140 43 175 152 165 167 52 408 409
30 92 5 116 50 63 184 138 11 141 12 140 97 165 187 34 402 403
31 8 148 115 157 18 116 6 105 11 198 175 142 99 156 402 403
51 156 50 171 138 63 53 42 55 185 67 99 22 404 405
82 64 140 198 175 152 11 164 27 8 91 156 191 145 5 63 66 407 408
198 43 27 8 87 60 156 157 63 55 34 86 182 47 61 144 142 164 418 419
66 7 8 72 75 150 140 97 22 86 55 166 156 47 191 1 148 62 157 405 406
52 138 5 105 150 50 97 187 56 179 156 157 43 182 404 405
145 1 75 92 137 191 148 138 87 72 185 91 5 127 142 413 414
87 152 99 164 22 33 6 86 137 127 184 138 407 408
61 50 115 11 47 1 138 62 150 27 152 89 187 5 166 156 33 405 406
9 47 56 92 116 50 27 62 127 1 97 64 18 33 4 123 400 419
166 157 165 137 91 18 152 86 47 1 12 42 415 416
112 167 78 115 7 116 86 184 140 98 410 411
127 179 53 64 182 56 164 42 60 165 142 167 6 411 412
179 12 91 4 7 115 99 165 116 152 150 63 416 417
144 7 138 34 185 175 64 75 97 413 414
157 164 165 140 4 8 18 150 33 97 99 50 53 414 415
140 123 175 100 156 148 97 185 89 413 414
182 115 72 11 12 64 75 97 78 148 137 18 5 171 191 417 418
150 181 86 171 116 97 53 11 165 4 138 43 8 414 415
175 6 72 86 165 116 42 167 98 56 416 417
75 100 115 55 137 34 171 42 64 152 406 407
156 62 165 4 187 43 8 60 137 105 191 72 47 184 64 414 415
62 91 123 67 92 47 1 97 165 187 164 167 405 406
91 11 185 187 167 56 22 181 55 105 137 18 5 47 63 64 408 409
92 47 100 191 115 171 97 22 142 63 187 72 34 408 409
12 67 191 47 181 138 105 64 152 53 187 43 98 22 400 401
11 7 8 50 148 72 6 152 63 53 98 55 400 401
116 33 6 99 72 53 86 67 64 187 56 105 410 411
115 184 187 60 105 5 55 137 86 410 411
7 98 55 100 191 60 42 97 185 400 419
53 22 60 138 141 142 89 34 72 404 405
123 78 165 187 56 191 171 138 137 1 411 412
56 164 60 63 141 404 405
18 105 6 97 33 34 5 400 401
105 22 63 142 167 47 60 181 43 86 409 410
185 184 5 167 100 42 78 4 191 417 418
43 4 86 89 78 184 141 98 97 403 404
181 1 33 63 78 50 34 148 89 42 187 8 417 418
55 98 8 142 5 22 42 404 405
142 89 27 137 5 33 47 1 98 413 414
64 191 72 5 22 141 1 405 406
100 138 8 72 165 5 22 33 50 67 98 191 409 410
60 97 191 72 4 86 63 405 406
5 171 141 8 86 98 6 400 419
171 6 99 50 86 98 164 148 1 42 89 72 416 417
67 72 8 99 89 187 98 22 78 6 148 405 406
191 42 187 22 33 165 418 419
6 63 42 164 47 4 400 419
4 184 22 138 400 419
184 138 22 1 417 418
138 33 97 99 42 8 86 412 413
89 99 164 34 1 141 78 407 408
167 148 27 50 187 1 78 415 416
164 99 415 416
1 34 152 187 33 22 400 419
34 148 72 42 152 22 402 403
22 97 401 402
86 98 33 165 407 408
47 148 42 63 27 141 152 187 403 404
99 27 42 78 408 409
97 33 63 141 152 408 409
33 8 42 402 403
72 187 406 407
27 148 63 8 42 401 402
78 148 141 98 406 407
50 42 137 404 405
152 165 414 415
165 187 415 416
148 141 413 414
42 187 403 404
8 187 98 400 419
63 141 405 406
137 141 412 413
141 413 414
187 417 418
98 408 409
252 359 273 263 384 374 351 219 262 265 386 287 319 276 211 214 247 228 242 278 343 229 336 267 303 257 368 325 302 223 204 226 207 237 272 324 243 317 238 404 405
359 378 236 239 269 390 211 345 244 209 368 381 248 278 232 213 292 295 246 326 298 309 392 204 256 207 221 287 241 351 274 304 319 349 305 205 216 388 414 415
232 301 245 356 303 280 270 345 205 325 279 222 380 224 239 360 337 339 361 338 318 262 383 396 373 350 242 353 395 287 241 375 319 211 299 354 321 311 402 403
301 213 292 246 319 223 256 237 289 276 227 293 355 332 291 218 397 387 204 205 268 334 203 399 255 239 253 378 381 230 338 214 247 370 317 248 259 382 409 410
243 310 398 375 244 226 237 387 288 376 268 389 245 366 379 313 280 216 358 219 315 292 259 272 234 327 281 271 362 293 250 228 263 209 295 308 373 297 403 404
310 318 331 275 287 343 333 305 240 222 311 299 324 399 389 267 346 323 313 205 219 348 325 200 233 264 220 251 337 234 246 298 395 319 244 226 394 384 410 411
316 380 360 350 392 313 286 267 211 351 328 231 396 212 373 386 363 294 297 343 278 311 295 375 309 377 354 207 334 254 389 366 356 346 271 304 358 218 325 410 411
380 377 379 330 228 209 308 360 262 292 295 246 223 357 240 396 386 287 241 271 323 274 353 326 277 340 291 321 352 390 268 219 355 203 315 217 286 417 418
236 271 284 251 349 230 211 296 381 361 209 201 231 215 285 262 375 299 397 210 221 224 298 334 288 376 268 366 300 303 257 368 235 348 302 292 269 347 402 403
271 363 307 253 274 385 342 289 225 231 321 242 229 213 333 265 323 246 358 312 325 204 282 314 327 382 381 273 394 202 374 216 268 200 272 406 407
327 389 366 356 346 201 280 215 350 259 311 262 314 298 394 374 240 242 224 227 306 363 287 241 293 326 385 398 291 321 342 235 387 222 255 206 220 411 412
389 308 259 292 314 377 328 358 296 226 270 221 273 227 306 290 353 326 277 258 337 218 394 233 266 393 332 368 300 385 211 244 247 212 215 417 418
293 396 386 376 263 320 285 217 251 375 355 265 332 267 321 357 231 261 264 292 246 305 237 304 221 294 273 307 372 329 218 328 318 295 202 308 408 409
396 334 258 321 384 205 390 341 219 255 266 250 332 313 286 368 333 385 336 244 369 247 228 212 215 275 278 229 251 364 296 223 348 209 260 418 419
200 205 273 394 371 204 361 217 393 239 206 242 330 274 395 352 319 299 276 230 364 354 331 288 366 343 320 212 333 244 280 368 358 269 203 281 248 400 419
205 283 217 338 374 340 307 277 375 244 221 342 299 253 387 233 344 298 376 268 366 303 355 237 315 269 390 259 347 206 294 349 306 400 419
378 201 261 212 242 376 278 281 311 379 340 204 391 256 237 270 254 276 287 260 334 365 349 369 249 222 263 217 239 313 399 346 298 363 230 244 329 416 417
283 324 216 304 392 282 284 263 372 217 220 250 272 374 351 386 209 330 261 212 287 248 398 375 281 342 332 387 377 256 240 224 254 276 227 312 202 357 407 408
264 369 267 335 315 218 347 350 249 392 284 395 206 362 339 217 220 296 273 394 371 361 351 328 244 307 209 365 319 213 309 322 354 311 226 237 366 405 406
369 391 206 217 251 313 295 331 342 230 364 345 329 289 215 374 320 304 343 223 204 256 341 268 398 375 388 227 315 241 335 349 303 333 202 249 415 416
217 294 238 273 371 384 328 272 239 284 395 241 329 209 201 220 213 288 278 268 235 333 277 207 267 210 312 325 324 314 281 400 401
294 303 312 348 284 357 347 228 201 314 261 242 372 306 371 318 223 295 210 373 240 270 254 257 290 365 355 322 344 311 222 399 376 263 366 408 409
257 330 247 297 201 398 245 248 319 251 213 397 364 367 288 256 258 207 343 379 237 323 300 303 388 227 270 368 302 390 272 370 284 249 383 363 404 405
330 287 357 347 360 277 392 305 394 371 203 285 338 266 220 250 302 363 319 303 230 317 214 388 212 248 259 367 344 265 309 379 336 237 210 412 413
222 372 228 326 296 384 253 338 305 265 340 287 208 254 375 244 365 387 233 344 311 216 255 219 379 300 267 391 345 335 279 292 201 281 401 402
372 203 285 315 239 250 368 319 322 214 247 228 297 379 213 292 246 325 296 362 289 242 276 238 241 395 274 326 307 218 343 324 354 357 219 416 417
268 339 251 361 338 295 383 207 274 385 238 241 355 331 321 202 311 204 291 356 203 323 290 239 270 358 348 390 337 392 349 405 406
339 249 269 388 300 390 230 317 357 247 280 366 242 295 358 393 225 210 340 289 254 382 208 238 260 290 241 323 334 394 258 291 364 218 341 324 412 413
328 390 344 357 305 235 356 336 263 206 269 220 391 335 371 348 300 347 211 280 275 248 251 314 295 298 364 226 273 224 385 241 320 258 411 412
390 358 364 375 244 329 247 245 275 248 308 246 373 256 341 237 289 221 273 208 302 332 335 382 385 216 219 383 263 206 314 418 419
391 350 247 275 297 248 278 229 308 311 246 309 361 211 348 381 362 376 306 290 323 288 291 373 204 249 221 282 263 388 285 220 272 332 319 418 419
348 368 219 367 201 263 248 279 345 358 371 214 361 210 370 275 276 323 274 349 258 340 324 394 204 351 206 315 399 299 267 355 413 414
368 244 393 373 212 275 229 298 331 345 306 208 260 277 356 258 324 305 357 216 285 315 379 392 318 299 335 286 322 317 415 416
321 351 309 312 363 240 365 306 287 355 322 397 377 354 356 333 233 239 299 286 370 284 360 230 244 228 280 278 308 281 371 374 411 412
351 324 216 385 219 352 282 255 206 285 318 269 332 364 354 335 286 228 212 297 278 259 262 279 345 256 270 224 306 320 326 340 414 415
241 242 340 238 395 277 375 319 309 322 387 256 288 278 255 343 313 345 335 292 282 214 347 324 291 392 361 223 275 403 404
242 289 367 249 324 337 203 392 248 220 234 273 394 361 305 282 360 373 287 362 375 352 329 263 253 266 341 226 224 403 404
219 303 381 371 384 272 393 229 340 203 206 395 231 397 387 220 233 223 334 311 245 235 325 292 204 347 324 281 392 400 401
303 338 249 315 370 347 278 281 298 395 349 329 256 361 260 290 274 291 398 309 322 237 387 282 254 344 334 311 299 335 409 410
225 234 345 312 302 370 291 211 248 382 313 361 315 282 272 307 284 251 362 254 221 375 286 263 384 220 230 341 354 298 265 386 255 356 300 398 388 401 402
234 360 337 209 392 215 349 326 381 223 207 363 210 317 353 297 274 208 362 342 309 299 253 374 266 364 216 376 366 379 388 312 279 230 259 402 403
279 354 367 211 288 324 366 336 229 259 260 262 305 347 314 226 210 392 270 221 208 306 371 384 318 218 295 235 343 248 352 251 309 289 406 407
354 363 210 208 388 304 288 322 218 305 367 203 239 318 302 335 381 267 347 349 317 244 360 209 382 275 278 281 292 344 414 415
324 314 295 211 296 333 259 260 290 320 262 213 307 334 379 336 224 315 208 272 337 202 340 216 203 206 411 412
203 215 336 218 260 263 361 315 272 393 285 360 350 209 307 395 385 365 374 377 210 366 356 280 202 204 282 367 213 400 419
215 290 280 345 237 335 246 281 212 251 349 218 306 250 227 341 295 275 373 353 274 254 319 332 299 397 387 265 376 245 258 343 400 401
228 367 347 337 291 281 214 336 270 306 381 240 295 272 393 262 383 239 275 373 229 340 307 251 210 227 276 233 323 290 401 402
362 388 240 285 315 318 269 352 333 336 392 280 282 266 248 358 296 214 395 273 245 275 290 320 262 353 326 258 399 366 357 204 415 416
388 261 245 306 320 397 373 270 221 208 253 346 379 352 284 385 392 280 266 297 278 360 313 267 331 342 230 375 329 417 418
240 329 365 319 235 332 253 377 367 288 356 300 312 231 302 282 347 304 392 382 326 223 260 338 224 308 285 275 373 340 385 403 404
274 275 340 238 297 287 385 277 375 365 342 309 387 377 266 269 250 251 346 280 302 357 284 265 329 338 226 308 285 406 407
275 290 325 292 249 263 347 250 304 281 382 267 371 305 231 245 248 386 363 340 213 307 364 367 278 406 407
206 349 329 227 202 338 374 262 229 307 395 398 221 319 332 397 331 367 288 291 336 313 224 204 249 226 337 304 400 419
212 300 313 280 322 292 367 213 347 281 392 238 394 230 305 229 284 320 385 342 296 309 341 223 211 298 386 353 343 400 401
300 245 370 213 326 329 306 207 270 331 227 383 307 218 375 352 365 342 216 364 377 282 233 344 239 251 281 399 325 231 409 410
213 265 386 379 323 211 277 224 216 314 291 248 238 384 317 353 284 297 244 365 299 276 253 374 331 223 311 400 401
265 311 333 346 224 292 305 208 239 272 360 235 216 306 296 249 286 341 318 248 331 220 386 297 277 226 319 309 312 367 405 406
231 313 267 280 227 370 218 202 238 381 273 361 353 211 395 277 254 342 332 229 364 256 377 331 344 298 334 288 255 366 346 402 403
313 337 308 329 384 361 223 221 254 276 227 353 398 352 355 344 334 376 379 250 323 253 336 286 230 325 357 410 411
204 296 364 341 331 308 311 255 245 323 244 355 289 256 377 370 261 326 381 227 272 360 363 340 329 400 419
296 235 312 387 344 282 255 266 250 286 336 218 201 280 393 350 317 382 349 211 318 331 298 290 307 320 398 291 408 409
272 314 350 216 394 397 266 341 331 308 285 343 230 398 375 201 261 227 344 258 281 333 223 371 224 406 407
314 326 247 381 209 335 281 311 350 295 298 382 312 256 237 397 374 386 304 363 376 307 343 398 263 367 357 334 410 411
338 333 202 317 216 263 363 340 239 299 342 345 387 201 308 366 356 346 325 337 291 393 255 287 290 302 395 304 288 412 413
295 334 288 333 323 266 220 337 317 211 201 306 281 341 383 386 363 343 237 289 375 270 224 290 408 409
334 386 343 365 227 387 290 288 291 356 346 235 249 285 220 302 253 332 357 286 347 214 394 384 361 281 412 413
255 261 246 286 207 221 254 297 385 267 342 202 256 357 288 278 250 336 290 280 381 325 302 259 393 209 337 304 404 405
261 355 315 393 230 360 337 304 209 381 384 262 383 223 363 256 395 208 365 276 289 258 266 377 344 298 278 376 379 356 346 405 406
366 308 356 393 370 329 226 341 210 270 254 353 304 336 350 398 377 286 367 284 364 211 209 201 415 416
247 312 315 259 249 370 281 392 284 251 349 326 273 371 361 227 318 350 353 320 218 277 342 305 256 311 399 336 290 403 404
287 320 322 397 289 387 344 233 379 263 356 285 333 346 250 358 302 393 244 201 349 259 251 246 384 407 408
207 221 263 377 210 311 278 343 356 333 323 290 355 345 302 292 357 370 392 326 306 273 361 393 363 317 209 320 297 352 400 419
221 375 352 329 376 356 323 365 322 302 269 246 357 304 248 346 214 381 273 315 282 393 262 360 373 401 402
288 363 237 210 342 322 299 289 277 311 235 216 282 358 266 286 201 394 245 384 278 374 251 407 408
358 214 350 399 297 278 246 312 345 209 210 276 306 395 260 304 356 337 364 202 249 386 282 269 385 398 253 414 415
244 209 315 269 246 347 304 258 248 336 326 235 239 353 214 309 286 344 399 376 346 211 403 404
350 332 304 335 319 336 317 383 235 382 385 253 394 376 245 248 229 262 292 337 387 377 343 210 270 254 269 414 415
270 277 365 263 299 276 289 251 367 311 278 346 256 345 254 260 258 394 239 318 285 383 353 320 297 406 407
277 298 273 376 355 332 387 235 237 367 254 238 281 333 326 292 233 245 306 384 361 374 341 209 210 406 407
311 336 345 381 289 208 393 304 382 395 216 394 374 341 269 250 280 397 377 410 411
284 292 269 305 357 337 218 382 349 371 220 281 211 209 309 227 229 259 260 379 336 290 345 282 312 407 408
249 273 263 230 214 383 363 307 319 276 289 298 386 224 376 238 333 345 322 315 282 357 370 336 349 403 404
308 343 333 263 299 250 253 360 317 201 262 386 320 395 223 352 365 355 397 224 254 377 208 367 399 409 410
336 251 393 337 340 214 361 260 258 355 282 224 269 319 322 218 202 317 381 412 413
269 281 349 371 374 318 383 386 376 385 398 375 352 332 299 224 397 367 278 291 356 333 305 405 406
281 381 302 383 337 371 226 285 298 363 297 385 309 322 377 233 407 408
360 399 267 317 214 371 248 259 246 392 331 345 397 364 254 276 323 356 340 355 367 238 318 250 415 416
399 312 343 373 387 226 393 210 276 306 238 356 218 382 371 355 282 220 299 379 333 364 397 214 381 280 395 418 419
267 357 347 259 392 262 349 374 208 353 307 385 352 355 332 202 377 216 278 343 220 250 356 253 312 405 406
357 364 214 386 201 278 262 367 273 238 302 304 305 216 373 315 266 385 253 414 415
286 370 226 382 254 285 326 239 329 371 258 331 298 235 363 353 343 352 309 312 344 291 333 302 407 408
370 365 349 373 230 211 248 344 325 309 345 223 237 289 254 260 326 307 340 395 355 233 266 239 394 416 417
386 353 343 371 282 266 299 253 365 379 233 245 297 229 298 377 345 273 224 276 259 417 418
292 376 356 346 278 259 246 382 237 326 306 227 260 291 373 202 398 352 299 239 408 409
290 340 353 343 355 299 312 226 210 273 356 238 325 305 393 304 211 331 383 373 408 409
340 304 353 216 345 239 220 250 331 379 230 211 317 248 259 395 226 289 394 413 414
318 218 382 349 329 319 384 285 341 220 299 343 320 214 209 245 387 278 259 356 323 210 208 238 410 411
202 227 384 361 315 393 285 239 307 251 329 299 374 210 235 323 345 322 335 302 259 216 304 382 400 419
227 320 395 266 387 376 245 214 201 315 282 347 337 392 251 306 384 253 373 363 401 402
320 306 258 342 332 235 377 233 315 220 299 379 345 335 297 229 395 309 223 256 237 373 411 412
259 343 209 282 367 347 326 226 237 260 238 218 395 319 289 374 266 298 404 405
333 248 262 394 397 238 260 304 319 285 387 220 299 344 346 214 335 371 412 413
367 331 342 364 381 214 289 356 224 208 302 335 319 349 280 251 344 415 416
365 224 254 306 382 326 307 384 374 373 315 266 302 346 352 230 387 245 246 331 342 329 415 416
211 312 325 209 256 246 347 326 260 394 262 239 344 376 235 280 355 400 401
312 201 379 278 346 262 381 291 325 347 337 224 254 258 319 374 216 263 342 345 410 411
230 325 246 347 382 238 349 250 214 363 317 385 319 309 223 331 224 356 208 355 402 403
325 201 297 248 251 345 381 335 246 210 382 306 238 371 307 285 315 375 266 250 387 411 412
363 323 291 235 285 220 335 352 317 214 385 375 278 229 246 226 371 415 416
291 341 262 331 373 398 375 352 209 342 322 346 223 381 305 383 371 248 220 408 409
341 266 353 220 335 398 319 322 280 233 229 379 246 298 331 381 209 210 276 323 307 258 413 414
251 220 323 214 248 349 394 263 364 297 385 309 266 387 237 278 404 405
315 395 326 280 233 246 353 209 210 322 364 304 346 305 250 410 411
260 353 233 352 250 397 266 344 209 323 381 335 305 337 226 237 395 349 254 384 331 405 406
353 376 323 258 235 220 335 379 346 381 245 309 226 361 210 289 273 414 415
306 385 233 263 253 397 214 323 280 229 345 246 289 361 331 409 410
377 342 329 376 305 374 355 263 239 220 299 250 302 253 319 322 347 298 416 417
305 361 297 375 355 397 379 245 356 346 229 223 224 299 302 329 394 409 410
361 235 233 285 392 239 347 201 382 248 278 262 384 256 323 337 415 416
216 381 273 393 229 332 309 263 233 331 343 235 208 302 256 248 382 400 401
256 319 355 322 223 364 224 208 343 379 218 302 337 250 285 383 245 395 404 405
319 210 337 302 304 352 235 343 298 355 276 410 411
235 273 263 285 239 373 223 352 329 344 376 258 379 345 282 382 402 403
317 335 302 218 326 329 248 394 384 374 298 201 245 342 276 332 322 356 237 224 410 411
335 395 297 352 394 309 331 223 289 398 208 355 326 347 392 266 412 413
209 345 223 347 393 239 385 218 233 298 278 245 400 419
326 250 355 332 307 309 381 393 337 224 254 276 364 411 412
214 322 302 349 381 250 371 384 262 398 299 397 364 355 400 401
322 226 383 289 382 385 237 208 220 332 345 387 246 298 309 371 411 412
344 331 356 329 273 254 304 258 383 337 392 233 285 220 253 332 280 413 414
337 376 201 387 278 246 226 289 381 393 258 371 412 413
355 384 364 258 237 254 239 253 246 347 414 415
384 349 383 280 229 262 375 289 273 276 208 395 307 218 343 417 418
298 379 226 254 208 238 383 392 233 220 398 273 408 409
289 352 299 387 276 376 379 258 346 266 382 280 263 407 408
352 383 208 238 373 304 397 282 233 253 332 345 280 323 223 414 415
332 237 210 395 323 304 371 307 373 376 282 263 398 387 245 412 413
331 347 226 237 356 218 383 266 397 374 323 412 413
262 356 345 304 349 329 394 374 373 223 342 237 266 364 238 405 406
223 299 364 343 346 323 381 371 393 383 398 254 401 402
299 238 394 307 398 375 297 229 246 408 409
273 282 246 347 349 210 329 254 238 285 383 343 297 406 407
375 238 307 218 282 250 392 394 201 280 342 398 237 416 417
343 253 218 392 383 342 329 394 413 414
356 309 342 304 381 239 201 414 415
233 349 373 307 297 385 218 254 374 266 346 323 345 302 392 402 403
349 250 397 245 385 329 387 208 218 413 414
201 280 345 393 239 382 394 371 263 220 254 397 253 346 400 419
280 382 210 254 276 307 342 309 364 346 407 408
345 307 226 374 285 266 413 414
297 238 381 218 302 392 382 329 374 245 229 398 397 226 408 409
250 258 220 394 371 393 229 364 246 376 237 302 404 405
258 383 373 210 229 376 379 302 254 208 238 393 394 371 404 405
393 309 342 276 229 394 373 374 224 254 266 418 419
347 245 229 342 276 323 376 220 253 413 414
239 248 395 383 373 254 229 245 282 224 402 403
248 220 346 245 382 385 309 364 403 404
398 254 276 323 304 373 387 237 263 253 346 309 364 418 419
381 382 383 307 395 218 417 418
342 346 285 266 394 229 376 246 309 329 413 414
329 263 383 309 226 394 397 229 411 412
376 246 309 373 371 224 285 385 416 417
245 226 237 224 285 385 397 253 278 379 403 404
304 253 395 323 282 263 285 409 410
323 309 276 379 220 253 411 412
218 285 383 374 278 226 392 382 400 401
383 282 385 246 307 373 210 374 238 417 418
395 220 392 246 387 374 418 419
379 397 224 385 282 387 285 253 416 417
253 226 263 373 276 397 387 282 404 405
238 385 276 397 266 346 224 208 373 402 403
309 282 371 229 409 410
226 276 266 278 224 392 373 307 401 402
285 263 229 346 208 407 408
246 346 394 397 403 404
237 364 210 302 208 382 307 402 403
387 397 374 224 276 346 417 418
220 374 278 401 402
302 392 229 374 208 266 409 410
346 307 385 364 413 414
210 276 397 392 382 229 385 400 401
263 208 282 392 405 406
397 374 307 282 266 418 419
254 276 307 404 405
382 385 229 371 374 417 418
307 278 224 409 410
373 282 278 416 417
364 208 394 266 276 229 415 416
385 392 417 418
276 208 392 394 406 407
374 266 416 417
392 208 418 419
224 371 229 401 402
371 229 208 416 417
394 418 419
266 208 405 406
282 208 407 408
208 278 400 419
278 406 407
229 401 402
400
401
402
403
404
405
406
407
408
409
410
411
412
413
414
415
416
417
418
419
