#main.py
# GMT Tue Jun 11 16:51:57 2024
# 
13 88 101 22 35 37 158 79 92 26 147 81 15 28 70 83 17 138 30 151 193 74 87 129 142 1 76 89 65 78 199 133 188 80 135 69 82 124 16 18 60 73 115 8 75 196 51 2 64 185 187 121 176 68 123 178 112 46 59 114 127 48 61 5 63 184 105 118 39 160 107 120 41 162 54 96 109 164 177 98 111 100 47 168 36 157 25 38 159 172 106 95 84 31 152 0 86 99 33 400 407
88 183 130 143 185 37 119 132 187 60 41 121 123 136 191 112 125 39 180 114 84 169 182 14 44 25 116 129 171 105 107 120 175 109 122 76 57 38 164 2 85 102 115 157 117 159 64 79 163 97 165 24 99 101 18 90 52 33 63 86 147 160 94 162 1 80 61 12 96 65 46 98 153 10 70 142 21 89 144 199 91 133 146 19 49 148 72 53 83 192 47 28 9 194 128 81 141 62 402 403
76 107 188 70 21 109 122 177 74 111 166 179 19 49 168 181 102 72 34 104 117 28 106 161 32 95 176 26 56 7 152 99 112 71 101 103 158 39 20 50 105 147 160 81 94 162 96 98 23 57 89 8 38 144 157 133 135 6 36 148 17 150 30 84 11 139 194 15 45 75 141 196 130 143 77 43 73 134 123 136 178 22 3 63 125 193 67 195 116 129 1 12 184 118 131 65 186 402 403
107 27 8 87 196 72 143 185 132 145 6 85 66 17 134 123 178 191 138 64 94 45 127 79 184 43 73 24 118 186 120 18 22 63 111 124 86 67 113 168 80 31 12 183 117 46 159 119 161 40 174 108 163 74 176 104 110 152 165 68 0 154 53 98 158 51 32 37 151 60 71 105 142 155 5 35 197 144 157 69 20 99 50 199 133 84 14 44 25 97 48 150 93 139 4 194 403 404
53 160 81 94 149 138 18 140 153 74 3 33 142 155 48 197 144 91 31 12 42 67 27 148 10 40 21 126 139 60 73 75 130 143 49 198 119 34 187 79 189 123 9 57 178 70 191 112 59 180 193 127 7 61 37 182 22 116 129 171 63 105 118 173 35 177 111 124 25 100 113 181 115 170 172 8 161 174 95 150 163 110 152 6 36 86 154 167 101 30 11 156 169 103 45 145 158 401 402
160 132 83 169 2 117 171 51 81 32 62 11 145 56 139 90 71 154 105 5 35 99 50 199 18 152 103 84 44 29 131 142 194 106 57 196 91 121 155 55 66 189 119 100 130 191 0 64 180 147 158 9 184 43 173 186 156 137 188 141 37 22 82 190 67 146 179 168 16 80 114 144 95 46 172 185 148 129 25 159 10 89 161 70 123 74 163 176 23 157 49 167 8 151 102 405 406
56 165 86 99 23 101 27 38 143 156 90 145 158 79 92 21 6 17 81 96 30 138 0 72 140 74 195 142 9 43 54 199 146 67 135 148 190 22 33 84 126 73 194 16 128 62 183 75 117 185 198 119 132 40 121 176 189 123 178 191 112 125 19 49 193 127 61 34 129 184 105 47 173 65 51 120 162 109 11 7 177 98 166 179 113 168 102 20 50 159 172 14 44 95 108 97 152 401 402
165 7 60 139 41 120 194 143 5 39 118 69 198 103 84 163 187 14 127 29 59 131 23 193 106 38 182 140 121 184 2 186 6 36 115 66 175 188 119 149 100 30 11 177 190 0 15 94 147 128 168 109 181 162 170 9 183 174 101 52 33 176 63 135 86 67 167 150 1 31 12 42 114 144 95 125 40 70 93 123 74 153 134 68 19 49 151 47 28 199 51 81 92 164 96 26 405 406
97 166 60 41 113 102 35 16 170 183 117 69 20 172 50 106 119 161 174 108 25 163 78 59 152 112 101 169 87 158 171 91 2 147 36 149 151 30 64 15 94 100 155 197 144 157 54 77 58 135 148 137 150 22 52 63 139 128 80 31 42 130 143 198 65 46 145 187 121 89 70 189 123 191 180 193 68 19 114 127 182 195 184 118 131 28 32 175 188 109 96 177 190 26 7 111 402 403
166 48 127 78 108 112 173 23 4 57 8 38 151 6 36 119 149 100 130 199 164 94 98 128 79 158 143 73 194 77 137 122 198 22 101 116 67 161 189 31 61 12 42 191 114 144 125 193 140 129 159 21 184 197 93 123 74 104 134 186 19 0 188 72 102 34 177 147 117 47 9 168 81 32 111 156 96 90 71 174 135 154 105 5 35 150 178 118 69 20 99 103 133 14 148 44 405 406
9 90 11 132 79 26 81 15 136 28 70 17 193 140 1 63 197 10 131 144 186 78 199 120 12 133 67 188 80 122 14 0 71 113 126 60 181 73 115 128 51 119 174 66 187 121 123 57 178 112 46 167 59 5 101 114 48 103 158 39 173 41 109 43 98 32 153 87 34 155 168 89 36 2 170 91 146 159 6 27 148 161 82 95 150 163 152 99 20 141 75 77 198 400 407
90 163 110 51 32 152 62 99 167 26 169 60 41 71 145 158 5 94 39 69 162 96 138 14 44 140 78 29 59 142 197 144 23 157 199 57 135 148 137 150 192 6 85 36 66 17 139 194 128 141 143 45 75 198 132 79 24 123 136 191 58 125 18 180 193 114 3 63 86 184 118 131 173 1 31 65 46 122 164 10 100 102 170 68 104 117 159 172 72 83 161 174 108 28 402 403
14 168 1 36 157 49 170 51 172 93 148 40 161 95 29 31 152 86 33 154 101 24 37 79 92 81 149 83 151 193 85 19 140 195 87 129 142 5 197 199 146 80 122 124 137 71 192 126 139 60 181 4 128 141 183 75 196 130 64 185 77 187 121 6 134 55 189 110 123 178 70 191 11 46 114 48 169 182 50 171 63 120 162 54 109 3 45 179 100 113 34 155 400 407
168 148 193 167 78 29 59 131 161 142 197 27 106 8 38 188 2 177 190 155 55 6 36 179 66 17 181 100 164 11 64 94 45 98 128 187 43 176 24 54 126 77 156 141 101 52 82 135 86 67 150 1 31 173 12 42 114 65 46 129 159 40 70 134 157 138 49 102 34 117 51 81 92 194 7 37 139 41 120 71 124 154 105 5 35 39 191 122 152 84 405 406
148 16 80 31 61 114 65 144 129 25 89 40 150 59 134 138 68 196 38 102 132 113 2 136 117 189 62 92 145 96 26 193 75 60 120 182 195 143 105 5 35 186 39 188 18 103 133 190 48 127 78 192 131 183 27 172 185 110 140 70 55 6 115 163 176 19 49 0 180 15 45 34 169 147 98 128 79 109 73 126 77 141 164 22 101 52 67 146 404 405
27 16 41 175 109 20 43 164 45 179 25 113 47 181 36 157 104 38 4 159 93 40 95 29 2 110 31 44 6 86 99 17 33 46 143 11 156 103 145 15 37 158 147 149 83 24 138 32 153 195 87 197 131 91 133 146 67 135 69 190 82 137 71 192 126 10 21 60 73 194 183 130 19 187 121 55 176 68 189 123 57 178 112 125 59 72 193 114 127 182 129 171 52 400 401
113 147 48 59 149 112 23 140 57 38 131 144 199 55 36 66 133 135 11 190 124 137 64 126 139 79 109 43 73 24 77 119 132 18 22 101 33 176 189 123 86 67 191 125 1 31 12 182 65 95 116 89 40 186 120 93 104 175 122 164 4 68 0 72 102 34 47 28 157 170 117 32 111 92 161 96 174 37 150 60 105 154 16 167 143 39 156 99 50 158 44 403 404
147 117 28 51 92 193 182 26 141 37 184 197 60 139 71 135 199 124 16 188 118 50 177 190 133 179 44 48 29 108 59 183 23 172 185 38 91 163 2 178 55 36 66 17 180 119 100 30 156 169 15 171 98 128 79 149 162 43 24 54 151 164 22 101 52 155 3 33 86 116 159 161 114 46 150 140 10 152 21 194 154 123 196 138 49 187 72 132 83 404 405
132 43 73 24 54 149 162 58 164 18 153 22 52 33 63 155 116 67 31 61 114 65 46 125 129 10 89 40 139 74 104 196 68 19 0 72 34 145 134 28 189 136 178 32 111 191 92 138 193 96 26 7 37 182 195 60 41 120 171 184 16 20 50 177 190 103 84 29 181 131 112 170 183 172 57 87 161 2 115 17 119 100 154 167 15 94 75 158 98 79 404 405
25 34 47 102 36 146 38 93 82 95 42 23 4 139 86 99 141 33 154 35 77 145 79 92 26 11 81 28 191 83 151 85 127 140 5 195 63 20 197 131 144 18 186 199 120 133 67 80 69 190 124 58 71 126 12 181 73 128 49 183 196 117 172 64 0 57 15 112 125 46 167 59 182 103 116 24 158 105 52 7 41 54 175 30 164 177 98 111 32 153 45 400 401
34 81 94 136 149 151 72 23 74 195 142 89 65 78 67 69 190 82 124 137 60 181 73 194 196 117 130 64 198 119 66 187 18 55 176 68 189 22 3 110 178 70 112 46 167 180 127 31 48 103 50 171 63 184 52 10 21 41 162 54 43 164 19 45 102 157 49 170 28 104 38 32 93 40 95 108 7 150 84 152 44 141 154 5 143 35 156 77 400 401
151 173 68 19 49 72 102 153 155 51 32 92 157 26 159 37 143 5 16 194 118 99 196 122 103 84 44 198 127 78 142 189 23 4 191 106 87 140 121 2 182 195 66 17 119 100 130 30 94 75 177 98 79 179 192 43 73 54 181 126 183 18 22 101 52 3 82 33 174 116 67 146 163 176 80 12 42 178 144 95 167 125 129 10 40 70 123 74 104 405 406
173 174 110 121 2 155 6 85 36 178 119 180 100 15 45 98 128 79 109 143 43 73 58 137 122 18 152 3 82 167 63 135 86 116 146 131 150 31 12 114 65 125 89 40 93 74 134 196 49 0 102 83 189 47 28 162 81 62 92 156 96 26 141 37 171 195 60 139 41 186 105 5 188 39 118 69 20 99 50 177 190 103 179 48 78 181 108 4 106 57 38 405 406
44 47 102 41 91 159 51 161 95 20 108 163 84 152 86 29 101 143 156 77 23 158 42 136 149 21 138 153 87 129 142 0 197 89 131 65 186 133 67 188 80 122 24 137 58 126 139 37 60 181 73 194 22 33 128 141 75 130 64 198 119 66 187 55 176 110 123 57 10 112 125 167 180 127 48 61 182 103 116 50 105 120 2 54 175 109 177 111 400 401
47 145 158 149 23 83 96 138 8 38 153 87 2 142 155 197 36 78 199 91 133 146 11 67 80 15 45 69 190 82 71 73 194 62 183 196 18 64 198 119 33 66 121 134 68 189 123 178 1 31 112 12 42 59 72 193 114 46 169 182 129 10 50 184 105 118 52 186 120 164 98 111 58 181 157 32 104 159 172 93 106 174 41 110 35 154 20 143 103 400 401
71 150 67 152 86 1 31 12 143 156 65 103 79 92 70 21 94 136 149 96 49 0 85 153 197 89 28 78 51 62 133 146 188 80 26 190 137 84 181 73 194 5 128 141 196 20 130 185 198 121 176 29 123 178 23 125 180 57 38 169 116 129 2 105 6 186 120 175 164 177 98 111 15 45 179 155 115 157 91 159 172 93 18 174 3 33 63 401 402
150 86 146 35 16 80 192 152 114 144 125 196 129 89 59 74 187 23 138 72 102 136 195 66 184 197 30 96 186 15 45 75 175 188 190 143 124 43 73 39 69 99 18 84 170 82 33 127 67 161 112 142 176 61 42 106 46 110 91 167 10 40 70 55 149 130 68 19 0 162 83 79 164 153 126 77 157 26 199 7 141 37 101 159 405 406
163 120 170 183 143 105 5 35 16 172 118 69 20 174 133 84 127 78 29 112 142 4 169 106 38 171 91 121 2 55 85 115 66 100 30 11 64 15 75 98 128 109 199 43 54 126 77 192 141 52 3 33 135 67 196 185 80 12 42 114 65 46 125 189 21 178 191 93 153 104 134 157 0 184 102 83 186 136 117 175 51 32 190 179 26 37 181 405 406
2 50 184 105 118 109 164 98 32 89 36 49 170 91 104 1 161 152 141 143 35 145 134 94 15 149 70 83 17 30 85 6 140 195 8 129 21 142 10 23 144 186 78 133 146 188 122 135 69 3 124 137 58 179 192 5 60 115 183 75 64 119 174 187 176 68 189 110 123 57 112 4 125 180 114 127 48 169 61 182 103 116 400 407
50 172 6 161 108 11 45 154 143 156 24 145 158 79 81 136 149 22 3 72 140 153 195 1 31 197 89 46 131 144 78 133 21 67 69 124 58 192 49 181 73 141 183 75 196 130 64 185 77 119 32 134 55 176 68 189 26 7 37 110 57 178 41 114 127 5 169 182 116 39 20 171 184 118 186 162 48 29 164 177 23 179 100 8 170 401 402
62 101 58 103 145 22 52 3 94 149 83 96 61 12 138 74 155 21 197 89 144 199 91 133 67 188 19 49 0 135 69 82 124 137 84 139 194 51 117 64 185 26 7 37 66 187 134 68 189 136 16 70 191 20 180 193 114 127 129 171 184 105 48 118 65 120 4 109 57 177 38 98 111 100 181 102 115 157 170 104 159 30 93 106 161 15 45 95 108 24 54 401 402
101 126 194 11 96 7 196 130 185 187 35 134 189 69 20 123 136 178 125 138 193 48 78 59 195 129 118 57 38 175 188 177 124 17 179 30 170 104 117 172 106 79 119 161 174 108 43 24 54 152 18 112 154 52 3 82 33 169 103 67 145 16 1 31 61 12 164 10 89 40 155 197 4 157 68 49 133 83 135 137 51 403 404
7 99 141 33 154 3 22 156 77 24 145 158 92 134 28 149 70 17 138 72 193 19 74 8 21 142 10 131 23 65 186 78 199 146 188 122 16 179 192 126 60 194 115 183 196 117 130 51 185 11 5 174 187 121 110 123 178 125 167 59 180 127 61 182 171 184 39 120 41 162 54 175 43 164 177 111 45 170 172 106 40 161 95 42 84 152 400 407
48 58 30 102 157 104 15 117 45 51 106 161 174 95 43 110 99 156 169 103 145 158 12 81 162 46 83 85 98 10 40 21 74 195 89 78 91 69 190 28 137 192 126 139 73 194 141 26 183 75 130 143 64 198 66 5 16 121 134 68 189 39 20 123 136 178 112 180 193 61 182 116 63 184 118 4 52 65 186 188 109 177 111 400 401
20 104 159 172 106 40 95 42 5 1 154 167 22 35 145 158 79 92 26 94 28 4 149 138 8 72 140 32 153 129 21 131 199 133 11 80 135 69 82 124 192 139 60 141 183 196 130 64 119 3 174 55 176 110 57 178 70 191 59 180 169 182 171 184 105 118 39 52 41 162 19 109 122 164 177 58 102 115 36 157 49 400 407
104 140 195 142 155 197 59 133 23 57 87 38 137 91 128 6 85 17 183 196 198 30 119 187 64 15 94 134 176 79 123 136 178 191 112 125 43 73 24 114 127 77 58 18 116 22 52 82 33 105 118 67 175 80 61 42 177 65 95 179 181 10 89 40 70 157 93 159 106 0 110 152 28 167 51 81 32 96 145 158 162 5 16 403 404
6 169 61 182 116 129 105 65 162 175 122 98 111 179 181 49 170 159 51 161 174 95 108 110 99 33 46 143 156 103 145 37 158 26 81 15 96 30 72 85 140 32 74 195 87 8 155 89 23 78 91 133 67 80 135 69 190 124 192 60 73 128 183 75 117 130 77 198 66 134 55 176 68 189 123 136 57 70 125 59 180 114 400 407
169 17 111 164 11 145 96 15 45 60 120 196 198 39 118 69 99 152 133 84 22 52 167 63 161 112 142 182 1 61 197 46 140 199 40 70 85 190 100 130 179 192 19 64 194 83 170 158 109 43 174 92 77 58 137 176 26 37 41 86 116 180 16 114 144 125 89 78 29 108 59 93 74 153 157 138 68 8 72 102 136 117 405 406
39 117 159 51 172 93 106 40 161 174 95 108 32 110 152 154 46 156 103 92 81 94 83 96 3 33 140 153 87 142 155 89 144 91 133 146 80 135 69 82 137 192 126 194 19 128 75 196 130 64 185 198 187 121 189 70 59 193 114 127 61 129 35 171 184 1 31 131 52 65 120 54 175 188 109 122 124 45 4 115 170 8 38 400 401
117 69 99 63 78 112 12 155 106 57 197 46 157 199 133 146 40 70 21 55 85 115 135 100 137 192 49 126 139 94 194 128 141 109 130 28 185 43 73 77 58 134 123 52 178 191 125 86 193 35 16 184 95 118 120 89 188 74 4 179 8 87 38 72 170 183 172 66 119 81 32 152 15 154 105 156 54 403 404
4 96 109 30 164 0 111 153 100 155 102 170 146 38 159 93 106 40 161 82 95 31 99 154 22 24 79 134 26 68 15 136 28 191 83 195 21 197 10 131 144 65 186 78 12 133 80 122 190 124 16 192 5 181 194 115 128 183 196 51 64 119 174 66 121 42 55 189 123 178 125 167 59 103 116 37 105 118 52 41 162 54 175 400 407
96 68 167 8 83 145 51 81 32 92 149 26 41 153 142 5 144 157 133 146 84 190 3 137 29 192 139 194 141 42 143 185 198 187 55 85 36 66 123 136 30 125 138 49 180 193 64 45 127 195 184 28 118 131 175 109 22 52 124 86 181 115 80 170 46 159 172 106 174 89 40 108 59 176 93 74 152 402 403
23 109 43 164 177 21 32 100 155 102 49 170 0 91 38 159 93 40 108 29 42 141 143 77 145 79 92 5 16 94 149 30 193 140 87 142 89 131 65 186 78 146 67 80 122 69 190 82 124 192 17 126 73 115 128 75 196 64 198 119 134 55 110 191 18 46 59 22 3 182 116 171 63 105 12 120 162 54 175 400 407
109 121 134 189 57 180 127 36 66 17 182 116 100 11 186 15 94 75 120 188 122 43 54 179 77 181 18 22 3 82 159 86 67 161 174 1 31 61 12 42 65 95 46 167 89 21 158 68 49 0 138 28 195 51 92 142 131 199 146 135 16 192 69 99 103 84 128 141 196 29 59 185 198 119 187 403 404
83 19 49 94 72 98 28 87 51 32 197 89 144 199 146 41 5 35 137 16 84 126 69 139 141 196 130 185 78 198 189 123 8 112 125 193 127 182 55 66 116 184 11 186 120 15 45 188 122 79 164 177 179 54 181 58 102 115 18 170 3 63 159 106 67 161 95 108 80 31 12 110 86 154 40 156 74 145 158 402 403
127 119 170 183 15 94 159 98 161 73 24 54 126 77 58 37 154 82 116 1 31 61 114 65 95 46 149 162 70 123 142 197 19 144 157 72 102 28 51 192 92 139 11 196 41 130 143 185 105 145 35 187 69 189 122 84 180 193 78 29 182 129 171 42 186 38 175 110 188 91 190 55 85 36 115 404 405
60 176 110 33 152 99 154 156 12 42 145 158 92 81 10 40 21 149 153 19 74 87 197 89 78 199 28 93 135 69 190 192 84 139 41 73 194 5 16 64 185 77 119 66 121 134 123 191 125 138 180 72 61 182 116 57 8 63 131 186 175 36 51 122 177 111 100 45 181 170 159 43 24 161 174 108 18 401 402
176 79 154 177 43 73 24 54 179 192 69 58 152 103 133 52 3 167 131 161 112 1 61 12 106 178 140 21 85 74 119 130 68 19 0 98 128 158 28 32 92 77 156 137 141 171 41 135 86 146 35 114 65 159 78 29 93 123 153 157 138 8 87 38 72 191 136 193 36 66 195 51 81 111 145 45 406 407
29 45 179 155 5 16 115 36 157 38 159 51 106 95 42 86 154 8 35 156 77 37 158 79 92 17 136 149 30 140 153 129 142 197 89 24 144 65 78 146 67 18 122 135 22 190 124 137 181 73 128 141 12 183 75 130 64 185 119 10 21 134 55 189 110 178 0 167 180 114 171 63 184 28 105 118 52 186 175 177 98 400 401
45 110 123 178 125 8 61 182 63 184 105 118 52 186 17 120 162 175 122 177 98 111 58 100 155 115 43 91 24 172 18 161 22 84 152 1 42 143 145 79 92 10 21 94 138 72 193 87 142 197 89 131 144 146 32 80 190 26 37 124 137 192 41 128 35 75 130 198 174 66 121 134 55 189 400 401
58 183 196 130 198 119 79 57 134 68 189 123 136 112 21 55 114 61 182 30 116 129 171 0 15 65 120 175 188 28 122 177 124 100 22 102 52 170 172 93 106 16 1 161 46 110 152 40 154 167 103 145 158 92 8 38 149 162 138 85 51 74 87 26 89 131 144 78 199 91 133 146 80 35 135 190 82 137 139 141 401 402
15 110 123 178 70 125 46 180 182 171 52 186 120 162 175 122 164 111 179 100 102 115 49 170 38 51 172 93 106 40 161 42 152 86 154 167 156 145 92 94 136 28 138 85 19 153 74 87 21 197 144 65 78 199 3 188 135 16 137 1 181 194 183 75 10 64 174 66 187 121 134 0 400 407
110 118 131 186 175 177 54 99 124 179 18 84 63 170 78 183 172 174 12 106 91 178 112 10 21 55 167 85 36 114 100 158 49 0 79 149 164 153 77 142 155 37 52 82 157 199 67 146 16 135 1 31 128 59 130 143 145 68 8 38 136 125 138 180 66 193 81 32 195 116 11 26 403 404
120 8 152 91 85 36 115 156 100 145 30 0 64 94 75 162 79 24 153 142 22 63 199 133 146 116 135 1 31 61 12 42 137 192 65 46 126 194 141 10 70 183 130 143 74 185 198 134 189 72 102 191 125 51 32 195 184 26 37 131 186 41 175 177 124 118 69 179 181 78 59 161 403 404
61 67 11 124 192 84 139 141 183 75 196 24 64 54 185 77 198 187 18 121 134 68 52 70 180 12 182 42 116 129 171 63 184 186 175 98 111 19 179 49 0 100 102 91 159 93 95 37 41 86 154 35 16 143 156 145 158 92 136 138 85 140 153 195 87 57 8 142 89 65 78 199 133 146 401 402
78 46 115 157 159 172 106 49 95 108 152 99 28 167 32 156 103 26 79 81 94 5 35 16 85 69 140 153 195 87 142 131 133 80 82 57 192 84 139 141 198 119 134 75 189 178 191 125 180 43 73 193 24 54 77 18 171 184 118 22 3 67 122 177 42 111 402 403
69 172 106 31 12 42 161 174 108 65 152 10 99 156 68 158 105 94 28 138 32 85 98 153 87 26 37 5 35 135 190 194 141 196 143 77 198 119 187 57 79 8 189 136 66 17 180 72 11 195 116 129 171 64 131 186 188 122 24 177 111 18 181 22 33 102 170 67 401 402
118 159 172 174 85 30 178 64 94 75 167 156 73 24 54 77 18 149 3 116 67 140 153 142 1 12 146 10 93 137 192 19 0 194 128 141 102 130 143 198 145 51 32 111 92 123 136 26 37 191 125 193 129 197 99 131 186 103 175 188 177 108 112 181 106 8 87 38 170 183 403 404
8 162 175 98 100 102 49 38 172 93 95 108 42 152 99 141 33 5 35 156 77 24 37 92 26 94 136 17 193 85 19 140 74 195 87 129 21 89 10 144 65 186 188 80 135 124 16 137 126 73 194 128 130 198 119 187 121 134 189 191 112 59 180 114 1 103 116 171 63 105 52 400 407
154 161 145 26 37 139 41 105 5 16 156 103 133 59 112 142 106 57 155 140 121 157 85 36 115 17 159 119 11 128 79 143 196 43 73 54 198 77 137 187 18 189 82 63 191 135 67 131 31 12 114 144 95 46 184 21 188 93 153 190 138 68 19 0 72 102 181 170 51 32 92 126 405 406
161 190 5 35 16 179 99 181 84 183 172 59 87 38 121 85 17 149 171 64 94 75 128 158 143 43 54 126 137 18 141 3 82 135 86 67 146 80 12 42 46 159 196 40 70 21 153 138 68 19 0 189 191 180 28 182 195 51 197 145 186 41 188 405 406
174 124 24 99 186 122 103 133 177 167 63 190 179 112 142 194 12 42 57 183 140 91 121 185 40 70 21 155 130 49 0 94 180 98 128 158 28 162 43 126 77 137 141 135 86 146 16 31 125 129 10 89 93 153 138 68 38 196 198 136 17 81 111 189 145 26 75 139 195 405 406
11 112 125 180 114 182 103 116 37 171 184 105 52 162 54 164 177 32 100 89 102 10 157 38 106 40 82 152 99 22 143 77 24 145 81 94 136 149 5 138 193 85 140 74 195 87 142 63 197 144 65 186 12 133 188 135 124 16 137 179 126 139 181 128 183 130 51 172 185 187 0 108 55 189 400 407
112 177 124 64 94 75 126 79 115 43 24 54 18 52 82 67 167 1 156 106 158 171 10 40 55 85 68 19 140 142 197 199 146 32 77 26 137 192 41 139 86 194 128 5 196 80 99 95 145 121 123 136 178 191 125 138 180 193 114 57 38 102 129 81 111 188 122 403 404
30 125 59 182 116 171 63 184 105 28 52 41 162 54 122 43 164 98 111 155 102 16 170 91 38 159 172 93 40 95 108 42 84 152 145 158 92 81 94 17 149 72 85 0 195 87 129 197 89 131 199 24 133 188 80 135 18 82 3 139 194 128 183 196 185 77 119 187 134 10 21 57 178 70 191 400 401
125 133 75 190 192 24 54 194 77 141 143 3 33 67 187 80 31 12 136 191 65 95 193 70 93 123 74 186 68 19 175 188 72 102 177 81 111 181 37 172 41 124 16 152 99 103 156 108 59 149 162 106 57 87 91 140 85 36 115 66 17 119 404 405
131 177 190 91 121 179 10 21 55 85 115 181 19 172 185 128 28 92 77 167 41 158 171 86 116 16 80 149 164 129 108 155 123 157 146 159 135 137 36 139 17 51 111 196 94 198 75 79 105 189 43 24 54 191 122 18 103 195 3 82 33 199 1 12 42 175 404 405
177 189 87 38 191 140 121 193 155 55 66 17 149 199 64 98 190 179 162 181 77 141 171 3 82 33 86 31 12 144 95 129 89 40 21 172 74 153 134 157 19 72 136 28 51 32 92 164 175 139 41 105 5 35 194 152 167 198 108 59 406 407
43 64 185 119 66 187 79 134 189 123 70 36 59 17 72 129 63 184 105 65 186 54 175 188 122 164 24 111 124 100 102 115 157 49 93 1 42 95 108 152 40 21 46 103 145 158 162 138 85 87 142 155 144 199 133 80 16 135 190 82 84 73 183 196 130 143 400 401
64 24 70 191 18 193 182 52 33 63 129 171 65 31 42 175 164 179 10 21 115 0 172 93 106 32 99 167 26 145 35 16 81 94 85 98 140 153 59 155 197 91 57 80 38 135 190 82 137 192 17 194 128 183 130 143 77 66 187 79 121 134 68 189 401 402
87 162 175 122 111 19 49 181 102 115 157 28 81 106 108 37 41 152 167 5 35 158 84 149 140 153 57 195 155 144 199 55 85 133 17 137 192 75 126 194 79 141 183 196 130 73 54 185 198 119 187 121 3 82 178 86 180 1 80 31 42 182 116 129 171 40 21 402 403
1 67 135 190 82 3 124 84 18 139 194 128 196 185 77 198 0 187 68 123 136 57 180 193 116 129 171 184 52 41 162 175 122 181 102 157 170 38 51 93 106 40 95 108 42 99 143 35 156 103 145 158 79 26 28 149 17 138 140 32 153 195 142 197 89 10 91 146 400 407
67 31 12 42 137 46 126 73 10 40 21 196 55 130 119 187 19 49 0 68 189 123 178 70 114 182 116 129 171 184 26 37 122 16 179 100 102 115 170 93 106 95 167 36 17 143 149 85 74 195 142 18 89 22 91 133 188 135 190 401 402
182 36 66 183 100 94 75 98 79 158 73 54 77 156 137 141 22 52 3 82 33 63 135 86 116 31 12 65 144 95 178 159 40 134 138 68 19 0 72 102 136 81 32 111 92 196 175 139 105 35 16 191 103 84 167 197 106 57 190 91 170 192 155 406 407
124 12 42 178 167 91 70 85 115 171 100 19 49 0 149 162 94 153 144 157 199 26 146 159 41 135 116 192 80 194 114 128 141 196 130 89 108 93 123 74 57 191 72 102 180 193 129 197 186 133 75 105 73 126 24 54 181 99 122 18 103 172 52 185 82 63 403 404
143 187 126 77 26 141 178 135 116 156 5 16 80 114 65 149 162 89 164 108 59 123 138 68 155 102 157 136 51 81 111 75 139 196 198 145 122 18 103 133 191 31 199 140 175 10 40 70 55 190 192 19 49 0 94 170 79 185 404 405
187 162 77 156 137 18 171 52 3 33 63 135 116 146 180 80 31 12 65 144 194 89 196 93 172 123 74 134 198 138 49 0 189 72 102 193 92 145 197 139 41 5 190 99 192 152 103 84 178 167 57 38 140 121 185 155 115 66 17 149 100 79 158 406 407
108 179 5 181 115 99 103 159 59 42 106 167 38 156 145 85 36 100 149 162 0 138 94 75 98 195 197 73 54 144 199 77 146 188 52 3 82 33 137 86 192 80 128 183 196 65 130 185 121 134 93 74 123 136 178 191 19 180 193 28 171 184 81 32 26 122 403 404
99 37 172 41 5 35 167 156 145 158 105 149 162 57 138 140 153 55 36 155 66 17 144 94 190 98 73 194 128 77 183 18 130 198 3 86 121 189 123 80 42 178 65 195 10 70 21 116 171 68 19 49 175 122 111 28 100 51 92 157 170 402 403
184 36 17 119 179 130 183 0 94 75 98 128 162 126 156 137 141 171 22 135 86 116 180 31 199 114 95 46 129 159 89 40 21 172 153 138 49 185 189 51 92 164 175 37 193 139 41 195 105 186 122 152 103 84 190 167 106 57 38 140 91 170 406 407
185 24 54 137 122 152 22 3 82 33 63 146 42 65 170 129 159 89 40 74 153 134 119 138 68 19 183 72 196 181 162 51 81 111 92 126 141 191 37 139 41 195 35 180 199 133 188 190 59 192 157 38 91 85 36 115 66 100 179 175 94 128 79 406 407
123 153 142 144 24 135 52 33 86 139 152 194 128 141 114 65 95 46 10 40 21 49 0 193 129 81 92 175 26 190 179 126 181 105 16 170 172 103 167 106 38 156 91 121 171 85 36 115 66 149 162 403 404
126 3 196 82 33 130 80 12 189 136 95 191 138 180 89 21 195 119 197 68 49 0 175 188 98 190 28 179 192 32 111 92 170 41 105 5 35 167 59 156 171 106 57 38 149 162 91 121 164 85 17 153 51 100 157 75 159 79 135 73 137 24 139 141 404 405
18 128 183 119 16 121 191 10 180 114 63 105 52 41 17 98 111 100 155 36 49 170 91 38 159 93 106 5 95 84 152 33 156 24 158 79 92 136 28 70 72 85 74 129 21 142 197 89 0 144 186 133 146 80 122 82 137 73 400 407
128 134 22 3 136 191 31 195 129 114 65 197 40 70 93 74 68 179 19 72 181 102 170 159 111 92 26 105 35 158 103 162 140 57 38 142 155 121 144 199 146 115 66 135 119 100 192 94 139 152 196 54 198 77 404 405
31 80 135 137 84 16 139 73 194 141 183 75 196 130 66 121 189 70 193 116 129 17 63 105 52 186 41 162 175 122 98 179 100 115 36 157 49 170 91 159 51 172 3 106 95 12 86 167 35 10 103 136 149 0 74 155 89 144 199 146 400 401
17 116 171 52 162 54 164 98 111 32 155 102 157 49 170 91 172 5 93 106 84 141 33 22 35 156 77 198 24 134 26 81 94 28 72 140 74 195 142 197 122 135 190 82 179 181 3 73 194 115 75 130 51 121 55 57 191 46 167 400 407
36 116 171 52 54 175 164 98 111 179 100 157 91 38 172 106 40 42 86 145 158 79 22 33 136 138 12 72 85 153 74 142 155 21 144 133 146 135 0 190 82 137 192 139 141 183 196 32 77 198 121 55 68 189 70 191 16 46 193 114 400 401
190 142 80 42 95 198 46 189 89 70 21 155 74 19 49 195 98 197 111 92 156 171 192 41 135 105 114 84 178 93 172 153 138 106 38 72 91 85 81 100 130 164 175 139 79 24 103 52 82 63 406 407
24 198 66 134 55 189 178 167 114 171 186 41 162 54 175 164 115 49 170 91 38 159 51 93 106 95 42 84 86 33 77 145 37 79 92 26 81 28 3 138 72 85 197 144 199 133 146 188 10 80 135 82 137 73 75 130 400 407
84 115 157 170 159 172 35 16 95 46 152 10 86 59 156 68 158 38 72 149 85 98 26 197 89 146 54 139 3 194 33 141 183 196 130 198 12 134 189 178 21 55 66 193 114 195 19 0 186 79 188 28 122 164 111 179 100 181 82 402 403
115 195 116 171 3 33 63 59 42 57 91 179 181 100 75 73 167 145 158 22 82 86 149 162 16 80 114 65 95 46 140 153 142 155 70 144 74 38 72 102 137 192 141 51 81 32 111 92 130 198 121 189 105 136 191 193 403 404
179 59 180 12 197 106 57 140 91 170 121 188 55 85 119 130 94 158 73 54 156 37 171 3 65 144 178 10 89 93 74 153 157 138 19 49 72 102 199 51 32 92 192 164 145 26 105 198 5 122 103 133 33 63 406 407
3 139 181 196 130 51 119 66 134 55 68 178 191 46 180 103 171 41 54 98 32 155 91 38 172 106 40 141 33 35 156 77 145 37 79 92 81 94 28 149 70 72 85 19 140 74 195 129 10 144 188 82 137 192 400 407
193 119 149 183 199 158 181 192 141 37 22 52 86 116 146 180 65 144 10 59 172 68 136 51 81 32 111 164 145 26 75 139 105 5 35 122 103 133 63 198 191 142 12 106 189 140 170 70 155 55 85 195 406 407
66 116 129 171 105 22 52 122 33 63 164 98 111 12 42 65 46 93 106 40 95 19 0 167 28 158 79 51 32 81 94 136 26 138 41 140 74 195 35 16 197 144 146 188 80 181 194 57 141 183 75 198 119 121 68 189 70 401 402
196 156 137 52 82 63 135 86 116 180 12 144 129 199 70 93 153 157 19 49 0 136 198 111 37 105 5 35 197 152 167 59 142 106 38 189 140 91 121 100 130 183 75 158 181 162 406 407
79 121 191 32 77 180 37 195 116 35 100 181 170 68 159 172 57 106 95 167 92 105 81 94 54 138 140 22 52 33 63 199 91 133 42 80 46 82 137 40 192 55 139 194 19 0 119 402 403
121 54 22 52 82 33 63 86 183 159 172 65 95 74 167 156 49 72 102 28 149 162 51 32 111 140 153 26 142 157 199 35 16 133 146 103 137 139 59 194 141 130 57 189 136 55 138 119 100 195 129 171 403 404
98 134 191 138 114 195 116 81 133 175 188 75 181 102 183 159 172 33 119 42 178 167 156 103 70 21 55 85 149 19 49 164 153 28 32 92 77 157 146 135 137 35 16 139 80 152 194 141 198 89 145 93 74 402 403
134 153 73 54 82 33 135 86 116 192 16 139 80 194 141 114 95 183 129 89 70 93 136 68 19 38 171 51 32 92 186 175 188 41 5 35 181 157 133 172 59 152 12 42 167 145 55 85 100 130 0 94 138 404 405
82 139 194 16 12 130 65 46 10 40 70 136 191 49 114 129 171 51 186 81 175 122 26 164 111 41 35 102 93 106 95 59 167 57 156 103 158 85 75 195 89 73 54 199 133 22 63 192 402 403
40 129 5 16 89 199 133 146 188 80 135 137 192 139 181 194 38 183 130 77 57 70 46 59 180 116 171 186 54 175 22 164 100 157 51 93 10 86 0 167 158 32 26 37 72 85 140 74 195 400 401
129 70 85 119 100 159 135 94 192 139 141 198 37 145 22 52 136 35 16 191 80 114 65 10 89 197 59 93 74 68 38 72 32 111 183 105 178 54 103 33 164 106 57 140 153 404 405
59 155 157 91 159 93 106 152 86 22 52 33 156 94 136 149 10 138 72 140 49 144 65 186 199 133 80 28 135 51 32 137 139 73 41 183 75 130 198 5 119 68 70 191 167 114 116 63 105 162 401 402
100 180 195 116 171 85 94 75 159 106 73 54 33 63 167 156 80 105 42 95 162 138 10 89 70 21 140 74 142 197 19 157 133 146 135 28 92 77 139 194 26 41 198 5 35 16 178 403 404
180 164 75 192 158 194 198 156 122 171 52 167 189 135 86 146 12 42 195 114 95 159 10 21 186 93 74 188 138 68 19 49 0 72 102 181 28 162 183 51 145 175 26 41 157 38 140 155 199 85 406 407
119 140 195 197 22 33 188 116 12 42 65 46 181 91 170 10 183 70 21 172 74 68 19 49 178 158 26 41 149 86 5 153 155 144 157 199 93 135 38 192 102 194 85 81 189 403 404
12 188 122 135 16 137 192 73 183 0 51 55 189 57 116 171 5 41 164 32 153 155 89 157 49 159 93 95 42 33 35 156 198 145 92 136 28 149 138 72 195 21 63 197 144 400 407
80 46 21 194 86 141 198 19 189 136 28 178 138 51 32 114 195 37 171 186 5 16 175 188 181 170 183 172 57 38 152 145 75 105 149 162 54 77 140 155 33 197 89 199 91 402 403
91 186 89 111 68 102 183 159 106 81 32 75 156 103 54 158 92 105 94 149 162 33 63 164 140 153 142 42 199 146 10 85 137 192 139 49 0 141 130 73 136 178 22 138 86 195 5 402 403
183 122 33 186 42 199 170 10 89 155 55 74 49 28 32 77 156 137 26 171 86 35 16 138 38 136 85 51 81 111 194 145 175 94 75 198 73 189 406 407
33 139 51 189 178 46 116 171 63 41 162 54 111 102 157 159 93 106 95 42 86 22 156 158 94 149 70 10 72 85 74 142 19 89 144 65 186 133 146 188 135 137 32 400 401
52 139 194 75 77 55 68 178 70 116 63 22 54 175 122 111 42 181 157 170 172 106 19 0 167 28 51 92 26 37 81 94 41 149 162 138 5 85 153 142 155 197 199 38 192 401 402
139 63 135 86 167 42 114 95 46 21 162 93 164 138 68 153 72 102 199 28 159 81 152 194 141 105 5 198 145 122 189 191 140 195 38 55 188 94 73 404 405
10 142 144 199 133 146 135 0 16 73 194 141 75 55 68 189 57 191 46 116 162 54 175 122 164 155 157 159 172 93 106 42 152 22 35 145 37 92 81 149 19 153 195 400 407
142 89 93 138 68 19 49 102 172 136 51 32 111 152 26 37 167 41 156 35 149 162 103 133 155 57 38 199 140 55 85 192 75 145 189 137 178 191 141 195 171 42 186 114 95 46 404 405
195 149 130 68 49 0 94 158 28 162 92 77 137 141 171 86 146 35 65 95 178 93 138 102 81 194 105 73 188 122 22 191 197 140 170 199 406 407
156 51 32 92 198 145 26 37 41 105 191 16 152 103 197 186 175 192 181 155 55 170 94 75 178 73 54 141 86 116 146 144 95 199 93 74 138 0 72 102 405 406
54 38 189 57 70 191 103 171 63 162 111 22 155 102 159 95 86 0 77 158 81 28 136 51 138 85 140 153 37 41 197 35 16 133 188 122 137 75 130 401 402
26 86 103 92 81 136 28 138 72 5 32 153 74 155 89 199 133 137 181 75 130 68 189 191 114 171 63 65 186 175 122 164 111 157 49 170 38 51 93 106 42 400 401
86 37 192 41 194 141 130 198 65 136 191 114 38 188 81 111 75 102 73 159 172 42 103 145 92 94 70 55 19 49 153 0 197 89 144 133 146 32 93 77 402 403
188 42 106 140 170 70 21 55 85 19 94 181 28 162 73 77 137 37 22 41 116 5 16 114 95 93 172 153 198 38 136 189 81 111 164 145 75 197 152 103 133 63 406 407
70 0 144 146 28 192 22 181 73 75 16 77 65 178 68 116 19 105 162 175 122 164 155 41 5 172 35 93 95 63 167 158 57 92 55 138 85 74 401 402
89 155 197 199 74 133 192 28 81 130 198 41 136 191 5 114 171 186 175 122 164 57 111 102 21 172 0 167 145 158 37 22 94 65 402 403
149 28 186 145 37 41 181 35 170 172 122 133 178 106 140 55 85 75 73 157 199 77 63 116 146 152 194 42 114 144 95 46 189 93 74 138 68 49 0 404 405
42 135 35 192 55 68 189 57 178 167 175 164 111 153 155 102 49 22 95 141 198 158 19 94 136 85 74 63 197 37 65 186 199 133 146 400 401
145 28 32 111 92 77 158 141 41 135 162 164 153 155 157 199 138 194 51 94 75 122 197 186 140 181 74 172 68 19 178 404 405
0 191 19 21 197 186 199 133 122 16 137 192 5 194 49 55 68 57 178 167 114 171 155 102 159 106 75 35 77 198 158 92 28 400 407
19 138 72 140 153 74 197 144 146 137 73 75 16 130 198 55 57 46 114 116 171 105 186 41 175 164 38 159 172 93 22 37 81 94 136 400 407
198 77 137 37 63 135 116 16 114 65 95 46 178 159 172 157 138 72 136 28 111 92 41 35 103 167 38 140 170 21 85 130 94 192 406 407
81 28 92 94 77 162 37 85 140 153 155 35 197 144 146 93 137 192 141 130 72 55 189 178 138 75 114 116 171 73 186 175 22 181 102 170 65 152 49 402 403
72 94 49 85 140 153 155 157 133 37 35 152 73 194 75 65 189 178 191 38 114 74 197 32 175 111 102 170 106 63 95 57 167 46 103 21 158 55 92 105 401 402
94 191 28 114 51 37 41 122 5 16 181 102 159 95 158 105 75 155 197 199 63 135 192 65 194 130 74 68 49 402 403
144 199 146 21 93 74 68 49 92 189 37 191 105 5 35 16 186 122 133 181 106 57 38 170 172 55 130 178 75 73 158 141 135 153 114 46 157 404 405
199 95 46 189 74 153 49 181 111 37 41 5 35 172 191 57 38 140 136 155 194 73 122 152 22 186 63 116 146 406 407
191 158 137 171 22 63 135 116 16 114 95 46 159 93 172 74 157 138 49 102 51 111 194 5 152 186 106 57 189 140 197 21 406 407
74 140 153 155 68 49 133 146 135 137 192 37 141 189 178 171 186 57 164 55 51 170 159 106 95 73 103 92 65 46 162 21 401 402
140 68 32 170 37 41 105 35 16 103 158 162 106 57 153 136 155 146 75 152 194 77 22 63 65 46 21 197 404 405
46 133 135 192 181 194 141 75 77 55 178 114 21 116 105 162 175 122 164 111 102 157 49 170 37 93 106 5 16 152 167 158 136 38 85 155 197 400 401
5 152 167 103 37 92 28 138 85 32 153 197 65 133 146 137 192 141 77 55 68 57 178 171 186 41 122 111 155 38 172 93 400 407
137 65 178 21 68 171 136 51 111 37 170 159 172 35 152 57 55 85 164 155 197 157 73 77 192 22 63 404 405
51 103 105 162 164 197 21 133 93 192 73 194 141 130 77 68 136 178 138 16 116 63 111 181 170 152 167 401 402
49 85 65 186 38 122 73 130 178 103 116 171 63 105 164 157 170 159 172 93 28 152 77 158 35 16 400 401
68 153 135 192 65 73 141 21 77 136 116 37 175 41 122 164 111 181 170 159 172 106 95 57 152 167 162 401 402
95 146 135 192 141 130 57 189 178 55 114 116 175 73 122 77 111 63 181 65 21 93 105 162 155 197 402 403
155 197 93 38 136 32 111 92 170 172 75 105 122 63 158 162 106 157 159 28 77 37 22 146 189 35 114 405 406
171 194 85 130 164 75 189 103 133 22 167 63 186 146 175 21 158 178 111 141 37 41 159 93 138 405 406
194 22 186 135 116 146 114 178 159 93 153 157 102 28 32 92 175 105 35 152 197 55 164 158 162 406 407
28 37 158 85 153 186 133 146 16 122 75 57 178 103 116 105 175 32 102 170 159 172 106 21 152 141 400 401
158 111 41 35 175 133 181 170 106 55 85 75 77 164 63 135 116 114 21 153 157 138 102 405 406
22 141 75 77 16 55 136 114 116 63 105 175 164 111 181 102 157 170 159 172 93 106 152 167 92 162 85 153 21 197 192 400 407
32 35 37 162 138 85 153 197 133 146 192 73 75 77 55 189 57 21 114 63 65 186 122 111 102 170 159 16 400 401
35 16 103 92 138 197 135 192 181 141 75 130 57 114 116 41 162 21 122 102 157 170 38 159 93 400 401
63 21 181 75 189 178 167 103 116 37 105 16 102 141 41 136 138 153 65 186 133 57 38 401 402
153 138 136 192 41 178 197 106 57 38 21 55 181 170 172 73 141 167 116 16 164 405 406
16 92 138 85 65 122 135 192 181 172 55 57 167 114 103 37 111 157 400 407
159 114 133 192 157 57 136 55 122 175 116 146 170 21 178 102 111 92 141 41 164 405 406
37 77 92 138 85 197 65 186 122 192 21 75 55 57 178 167 103 41 164 102 157 170 38 400 401
41 38 167 103 92 146 192 21 130 77 55 189 116 162 122 111 102 93 106 400 401
146 102 189 136 111 186 175 122 103 133 181 170 106 57 152 85 130 73 77 141 197 157 135 404 405
102 162 197 55 192 73 77 189 138 114 65 21 175 170 92 167 103 105 403 404
105 152 73 162 197 133 135 21 192 55 85 136 92 178 114 186 175 122 164 111 93 181 157 403 404
172 103 167 106 57 21 55 85 130 75 189 162 73 186 135 65 93 157 138 136 111 164 405 406
164 157 138 38 136 55 175 75 122 152 103 133 116 106 65 21 162 92 77 141 192 170 114 178 405 406
157 138 57 111 189 122 152 103 133 186 55 85 170 92 178 162 114 405 406
55 116 186 175 122 111 181 170 106 152 167 103 92 133 141 75 130 38 77 138 401 402
116 85 192 73 114 175 21 93 181 170 152 167 135 403 404
92 103 133 135 181 57 38 73 77 162 122 111 65 21 106 152 167 402 403
111 75 77 65 189 21 138 93 114 103 152 167 403 404
152 170 135 114 138 106 38 136 85 130 73 122 103 65 197 186 175 77 181 405 406
170 175 106 38 181 130 75 162 73 135 114 192 405 406
162 189 136 197 186 175 103 192 21 178 85 167 130 114 405 406
175 106 57 38 85 130 75 73 77 141 93 138 181 122 103 133 178 406 407
85 186 167 135 192 77 141 130 65 402 403
38 77 136 197 133 181 73 130 178 103 400 401
122 178 73 65 93 141 130 138 186 135 192 403 404
106 103 181 167 75 133 65 93 141 130 178 403 404
138 77 135 136 181 73 167 404 405
167 133 178 57 21 130 189 65 197 186 136 405 406
57 181 21 103 197 133 192 73 141 136 114 65 186 401 402
178 73 77 186 192 141 181 114 93 406 407
186 21 130 181 141 135 65 93 189 103 133 406 407
130 77 114 65 103 133 135 192 75 189 136 73 404 405
135 93 136 197 181 103 73 404 405
181 192 73 93 75 103 406 407
77 103 93 75 402 403
73 136 65 114 93 197 75 401 402
189 141 65 21 93 136 133 197 406 407
21 197 65 133 192 114 93 136 400 407
192 114 65 103 406 407
197 141 114 136 75 406 407
133 114 141 136 103 404 405
141 75 404 405
93 65 136 103 402 403
103 136 65 403 404
114 75 136 65 403 404
136 65 75 404 405
75 65 402 403
65 401 402
213 288 235 356 224 237 292 347 294 215 349 207 270 283 217 338 230 351 285 219 340 353 287 201 397 289 331 344 265 386 399 333 346 267 388 280 322 214 269 390 324 216 337 258 271 204 339 381 394 208 328 317 330 251 398 319 332 253 266 321 334 376 268 323 211 378 391 312 325 246 367 314 248 382 250 384 305 318 252 320 241 375 364 232 366 300 355 368 212 302 304 359 293 306 227 206 308 242 352 400 407
288 383 343 319 376 323 216 378 391 239 250 393 314 284 369 382 329 371 248 229 373 386 320 223 375 309 322 276 227 208 287 238 377 311 366 300 313 381 236 217 302 357 304 230 372 215 361 374 308 279 363 310 352 243 273 299 258 301 252 203 263 358 292 286 360 294 349 362 201 280 261 242 351 246 340 395 210 240 221 289 331 274 268 249 390 234 337 392 326 247 228 339 209 251 328 281 341 262 402 403
235 306 232 361 295 242 284 226 207 352 244 354 367 356 358 220 347 214 283 229 285 223 274 329 342 227 397 289 278 202 346 267 388 280 335 348 269 282 337 230 392 326 339 215 260 381 273 394 275 396 277 332 374 266 321 218 255 376 389 310 323 257 378 270 246 259 314 327 212 316 250 371 263 305 373 210 241 221 375 243 256 377 298 311 366 258 219 355 302 357 249 370 291 228 359 209 372 293 400 401
306 307 320 388 239 299 377 303 284 244 225 379 313 297 368 229 381 317 257 319 238 374 308 202 363 365 217 367 300 230 356 369 294 245 345 358 298 279 360 209 349 273 351 364 301 252 282 342 355 397 267 357 280 212 335 348 265 337 392 210 289 240 270 221 326 339 293 274 304 330 268 200 385 272 253 283 234 387 334 247 336 262 338 393 314 296 327 256 207 395 260 290 271 318 373 305 386 403 404
276 307 210 311 324 200 368 302 359 372 247 232 363 376 310 352 365 299 260 241 354 367 356 216 290 303 358 239 269 220 292 347 294 214 244 225 283 296 351 259 364 298 353 223 300 342 257 289 238 344 357 202 346 280 293 335 206 236 348 266 282 230 284 339 286 275 328 341 396 330 343 385 398 332 345 273 224 387 334 258 218 336 378 252 203 233 325 338 380 393 327 382 316 201 242 331 373 386 402 403
307 287 396 330 343 291 398 332 255 236 217 389 300 336 211 378 391 275 380 314 327 382 329 384 243 224 331 258 320 309 322 282 233 377 263 390 311 324 366 313 381 201 280 261 370 383 295 317 246 359 319 361 240 270 221 308 363 310 365 268 219 249 200 354 283 234 298 247 209 251 281 262 292 362 207 290 241 271 353 355 216 397 220 299 284 214 244 335 348 259 337 293 339 223 204 328 341 403 404
336 358 371 264 360 298 349 362 243 273 364 292 326 277 258 353 366 256 207 237 355 252 241 344 335 286 346 205 216 201 220 295 337 325 214 244 339 225 289 394 229 354 259 323 396 343 204 268 387 238 302 283 313 202 217 251 281 232 311 262 395 211 245 399 377 318 269 299 379 392 284 368 381 203 233 297 327 278 308 372 231 212 242 361 374 310 210 270 221 367 319 300 330 219 249 200 404 405
358 232 378 391 345 296 256 237 382 241 320 271 324 305 205 386 239 220 299 250 375 352 303 333 297 248 327 368 381 223 227 257 208 287 359 372 291 321 361 363 376 206 285 236 266 217 319 349 330 211 264 215 294 245 347 328 279 371 224 362 277 364 222 252 203 263 286 316 346 201 399 295 325 221 392 323 334 357 204 338 396 268 249 200 385 398 272 302 253 332 283 234 313 387 405 406
229 232 245 379 300 313 234 355 247 216 315 236 370 304 359 293 240 361 295 297 231 352 244 223 286 227 356 292 206 347 217 294 349 296 230 215 329 397 224 344 265 278 399 333 346 388 218 280 322 269 282 203 324 258 392 326 260 201 262 332 253 210 221 334 255 376 389 310 323 257 378 391 312 325 200 246 259 314 369 261 382 303 263 228 318 252 320 362 254 375 309 243 364 377 311 400 401
232 343 356 303 345 223 204 347 239 360 362 283 296 285 340 353 342 355 211 226 397 331 344 333 346 269 324 337 392 326 339 218 260 341 383 275 396 330 264 253 212 255 376 268 391 312 259 380 206 314 248 261 382 316 329 371 263 200 318 265 386 254 309 322 228 364 256 377 298 258 379 313 247 368 381 315 236 357 249 304 317 359 240 216 374 201 231 350 363 310 244 365 299 400 401
339 363 376 301 263 286 316 201 231 261 212 242 265 347 360 210 221 349 362 274 334 351 338 268 219 353 272 253 342 234 247 228 251 281 348 296 207 392 290 271 341 324 305 205 385 269 220 345 284 244 389 297 327 308 259 391 331 312 393 382 395 257 397 310 291 321 202 373 255 315 319 300 330 377 390 379 264 215 245 275 368 381 298 328 309 383 209 243 326 258 218 404 405
363 290 241 271 383 343 324 354 305 372 318 299 352 303 244 225 365 297 248 327 331 361 369 257 238 310 340 321 255 206 285 236 315 266 349 300 330 215 245 347 362 243 273 224 326 356 258 337 218 341 222 203 233 263 394 286 267 396 385 280 265 295 389 348 289 270 378 391 293 323 274 304 382 395 268 351 302 253 234 313 373 386 228 209 375 360 311 366 379 226 207 368 405 406
206 248 382 316 250 305 200 265 386 320 241 362 254 375 309 364 256 377 245 366 258 300 313 247 368 381 302 315 249 370 251 372 293 227 374 308 231 352 244 365 299 233 354 246 367 290 224 345 279 204 292 360 281 294 215 283 202 230 351 395 287 397 331 278 399 267 214 205 390 282 392 220 341 383 203 396 317 209 264 385 277 398 253 266 321 334 268 323 257 378 325 259 314 400 407
248 366 379 300 368 230 302 249 370 317 293 361 253 308 350 243 352 365 218 354 301 222 203 292 201 212 294 349 246 338 285 210 240 340 353 287 342 355 289 200 278 291 333 346 234 267 280 335 348 247 228 209 271 392 260 273 341 207 237 262 396 330 385 277 319 266 387 216 321 255 376 378 391 312 214 225 272 261 316 329 371 384 252 373 386 227 208 320 238 375 388 309 311 400 401
256 365 299 223 301 227 208 238 343 356 303 279 221 347 255 236 294 349 283 296 230 338 351 285 340 353 274 287 399 267 388 335 348 269 252 233 324 337 284 381 273 394 216 328 341 212 262 383 242 275 317 330 246 385 332 266 225 210 321 334 312 325 204 259 380 314 327 234 316 371 305 247 265 309 322 211 226 364 377 366 300 368 302 357 370 220 250 293 374 244 350 297 352 401 402
365 207 392 241 271 394 343 205 216 239 318 250 398 322 352 303 284 387 297 327 278 308 259 391 331 312 342 380 257 395 291 321 397 255 315 266 388 230 264 275 347 328 368 381 362 370 209 383 243 273 224 385 258 218 222 252 233 376 263 335 286 346 367 280 231 212 242 369 265 344 371 329 240 270 323 353 357 338 268 219 366 272 253 313 247 399 251 360 292 345 226 405 406
269 304 317 293 201 261 361 374 295 308 376 299 354 367 301 369 249 345 292 234 360 209 283 262 285 298 340 274 226 355 241 205 216 280 335 239 220 390 250 337 350 284 326 273 286 341 383 275 330 385 204 398 319 227 257 208 334 389 323 202 391 325 380 272 393 327 230 395 329 371 264 215 245 331 373 386 320 322 243 364 311 258 366 379 300 368 222 203 233 315 370 401 402
304 220 299 340 395 303 284 355 225 278 333 204 335 227 287 337 291 326 202 394 341 255 285 236 266 217 385 211 319 332 387 294 245 389 298 279 391 325 273 224 393 314 327 277 382 329 222 252 263 305 318 320 388 280 231 212 242 311 265 246 366 379 381 210 289 270 221 357 293 274 317 372 361 374 308 350 234 209 354 367 251 281 262 356 226 290 241 271 205 216 338 239 403 404
214 368 302 315 236 249 370 238 359 372 227 348 361 295 350 231 352 343 224 345 279 292 226 347 360 281 294 217 338 230 351 272 393 285 219 340 353 274 221 331 265 278 333 225 267 388 280 335 216 337 258 326 218 381 273 328 208 319 321 376 389 310 378 270 391 312 325 246 367 259 314 327 369 261 382 303 250 371 263 384 386 320 241 309 243 298 311 366 379 300 313 355 400 407
368 225 393 278 259 331 312 384 397 223 204 227 208 238 375 388 340 321 202 377 390 285 315 379 392 349 381 230 211 370 264 372 385 347 298 343 243 326 277 258 218 380 222 252 203 282 263 369 286 316 267 346 350 201 314 295 246 325 359 210 323 334 249 200 272 302 253 332 234 313 247 345 237 241 320 398 205 389 239 318 220 391 352 303 284 405 406
329 355 240 285 236 344 357 300 346 219 200 335 234 337 298 328 309 392 243 341 277 330 343 385 398 345 222 301 252 387 334 316 389 216 261 220 393 314 265 295 246 325 244 210 331 259 274 333 223 388 204 268 238 253 379 317 247 381 251 281 311 262 372 211 296 215 245 260 290 241 320 376 324 224 367 322 371 233 327 278 308 360 312 362 351 227 287 353 291 321 404 405
355 289 397 259 293 323 334 373 204 375 388 268 238 377 390 272 332 202 317 217 251 281 311 370 230 296 372 226 215 245 374 290 376 343 305 224 239 318 299 352 303 356 369 371 327 308 331 312 342 362 261 212 257 287 310 340 291 210 236 300 330 359 234 279 309 209 243 394 326 277 258 398 207 222 387 271 286 346 280 250 314 265 295 246 325 382 395 405 406
241 242 227 297 208 352 301 279 211 347 360 349 283 296 338 351 272 285 239 397 289 218 331 344 278 399 222 203 333 267 388 280 231 271 392 326 394 328 383 275 240 330 264 385 398 319 332 253 266 321 219 200 234 257 391 246 380 393 314 261 316 250 371 263 384 237 252 373 320 254 375 309 322 364 298 366 220 300 313 251 293 361 374 295 350 400 401
242 388 280 390 337 258 379 271 392 239 260 381 315 328 383 275 317 330 251 319 332 266 387 321 255 376 310 323 257 391 312 202 246 367 259 314 217 261 382 316 360 252 373 215 375 296 309 364 311 353 300 313 218 289 302 249 370 222 203 291 233 293 348 282 284 286 210 221 343 398 279 292 204 281 294 234 270 283 272 340 287 342 331 226 344 265 386 278 346 400 401
332 360 273 326 351 218 353 282 233 263 316 267 344 357 399 231 261 333 346 295 246 335 325 348 350 270 392 293 396 204 219 249 343 398 302 253 283 387 317 228 389 378 292 338 393 296 226 207 382 395 260 290 324 386 375 318 220 250 377 322 390 297 278 308 259 381 312 370 223 372 227 257 208 238 291 321 376 236 315 217 319 211 356 294 245 298 347 404 405
360 313 369 247 371 251 262 292 211 296 226 364 260 320 271 343 354 305 205 250 322 218 352 303 333 203 297 278 308 312 342 212 227 257 287 310 340 291 398 221 255 236 266 389 319 330 230 380 347 279 382 395 384 397 224 373 326 356 258 237 222 377 390 316 267 379 216 201 231 383 314 344 325 385 348 225 210 361 374 274 353 376 204 351 302 405 406
244 247 315 357 291 359 361 239 295 308 352 286 343 356 290 223 227 208 281 283 338 236 393 285 340 353 274 230 342 200 397 344 386 278 333 267 388 280 322 335 224 390 282 324 337 271 392 218 207 237 233 341 262 383 275 330 264 385 216 374 266 321 334 255 376 389 310 257 270 240 259 314 382 204 219 305 238 202 254 309 364 377 298 366 379 300 313 400 401
247 225 347 294 362 223 283 296 227 208 274 287 202 342 289 217 291 333 280 335 348 245 282 271 392 284 326 394 243 224 328 383 275 330 218 264 398 222 203 253 233 266 255 376 268 270 231 325 246 382 210 240 263 252 265 386 254 309 322 200 298 311 234 209 357 249 370 317 251 207 237 361 350 297 310 352 216 299 354 239 367 220 301 303 400 401
290 376 297 251 352 312 226 301 369 292 205 294 250 362 298 353 397 344 357 204 333 208 287 335 348 337 350 255 285 236 217 394 230 383 330 264 245 319 387 334 243 273 224 254 323 391 258 218 393 314 327 222 282 233 263 395 371 373 386 201 261 320 375 388 246 309 322 364 377 311 324 210 289 270 313 381 315 370 219 249 200 317 372 272 253 283 374 295 402 403
207 220 341 203 343 356 277 345 237 292 201 334 281 294 228 349 270 283 217 230 272 285 219 340 395 221 263 397 210 223 212 333 346 388 280 335 324 216 337 392 260 273 328 275 396 317 330 251 374 266 308 321 255 310 323 325 246 380 382 316 204 305 239 252 320 362 254 296 309 298 311 353 313 234 249 359 372 227 240 361 295 350 284 297 231 352 400 407
366 371 308 373 204 257 208 287 238 351 236 266 217 330 364 211 345 215 294 275 279 309 343 273 224 394 277 218 222 301 203 282 263 267 346 331 361 201 280 212 265 344 295 325 380 340 395 289 270 221 397 293 353 338 200 302 253 283 234 313 317 379 392 251 262 326 356 296 226 341 237 372 385 260 320 271 335 324 305 216 239 318 367 369 405 406
220 359 251 240 295 350 205 231 201 299 354 301 356 345 237 279 226 294 349 283 338 230 351 285 340 395 221 217 344 265 399 333 211 225 346 267 280 215 348 390 324 271 392 381 273 341 383 317 385 398 321 376 268 389 310 323 270 391 325 259 327 382 210 250 371 305 239 373 386 362 219 200 322 243 377 298 311 245 258 313 302 357 291 400 407
204 296 230 243 311 353 287 300 302 223 357 346 227 348 240 361 282 295 203 350 297 352 286 233 354 201 275 343 277 345 226 268 228 391 217 338 272 393 219 274 263 344 265 278 399 320 212 267 388 280 322 377 216 379 205 326 260 394 315 328 249 396 317 209 385 319 266 321 389 323 246 259 369 316 371 239 252 373 362 254 400 407
296 299 219 208 301 283 356 369 303 202 345 217 262 349 351 298 260 353 271 205 344 357 254 333 348 390 203 337 278 326 328 212 287 343 385 398 291 387 334 266 389 378 391 200 380 393 264 215 294 245 275 382 395 316 371 228 331 273 224 373 386 277 309 322 237 222 311 324 379 300 381 302 201 231 370 372 361 289 270 376 293 297 402 403
324 361 312 246 367 310 321 356 369 270 255 347 200 349 294 313 364 279 309 228 277 258 344 346 359 301 271 335 348 286 316 205 392 280 352 250 394 328 396 343 289 398 345 223 257 208 287 391 238 272 253 338 380 202 327 317 236 281 384 373 211 333 375 215 388 275 377 390 273 254 318 381 299 370 218 303 222 252 203 233 263 297 403 404
361 377 205 318 299 381 333 284 370 297 278 259 385 331 227 287 238 378 310 340 291 255 285 369 319 371 300 230 373 215 294 298 328 279 343 243 326 337 322 341 282 233 263 286 267 280 212 314 265 344 295 359 396 210 240 221 398 293 323 274 353 338 219 249 200 302 234 347 209 251 281 292 384 397 226 237 320 271 375 405 406
343 374 262 292 326 258 337 226 237 378 301 367 316 205 280 371 250 314 295 349 362 289 351 259 323 223 257 208 238 272 344 357 346 348 236 266 251 281 350 230 394 275 260 254 299 389 218 303 333 284 391 203 233 327 331 312 201 212 399 340 388 210 270 285 377 390 300 330 392 249 200 381 264 309 228 243 273 404 405
374 373 305 205 384 397 239 318 299 399 303 333 375 284 388 203 233 390 327 308 392 331 312 342 381 394 227 340 291 321 240 221 387 236 315 266 330 378 294 309 228 209 243 273 326 237 222 252 335 316 346 350 280 261 250 314 265 295 325 348 225 359 289 259 372 323 274 353 338 268 238 351 202 251 281 311 364 345 226 245 393 260 382 405 406
299 317 226 359 260 308 205 310 352 354 225 369 297 345 278 305 347 223 257 287 338 351 340 202 255 285 236 266 331 344 399 264 215 335 348 390 279 337 350 392 326 394 341 277 203 282 319 286 323 201 280 261 378 391 325 265 295 380 382 395 270 221 384 274 320 219 375 309 322 272 253 364 377 228 300 313 251 302 370 402 403
260 376 222 203 233 312 354 367 301 369 201 303 246 292 305 347 294 210 240 221 349 351 298 340 219 249 253 397 357 209 280 348 390 282 337 226 271 284 326 286 262 275 264 385 277 250 266 279 334 268 389 270 391 338 272 393 327 395 227 263 384 318 373 265 386 320 267 236 388 309 311 230 379 300 215 245 315 359 224 295 308 218 401 402
376 320 279 309 373 354 305 390 273 224 379 392 239 218 383 282 263 297 327 231 212 246 378 291 370 321 210 240 270 255 285 274 334 319 300 330 268 200 264 283 234 313 328 228 262 326 277 341 335 316 346 205 369 350 280 325 284 225 359 396 398 223 389 287 302 202 393 217 382 251 281 364 386 215 294 245 406 407
371 394 236 345 294 245 275 354 243 273 254 380 393 382 395 352 303 397 252 282 263 297 316 267 331 312 388 201 280 231 261 246 340 370 289 270 383 334 349 385 268 219 234 347 378 228 362 209 292 326 277 356 341 237 373 271 335 305 205 350 239 314 284 225 359 327 278 259 293 353 342 223 357 257 238 272 351 321 405 406
245 323 391 312 223 246 259 314 227 208 238 316 250 263 305 318 236 215 258 300 313 302 315 357 370 291 359 251 308 222 350 233 284 352 286 367 201 301 212 356 303 279 240 338 272 393 285 219 200 340 395 287 234 342 331 344 228 209 265 333 267 348 226 337 273 394 328 341 216 262 383 317 239 264 277 319 253 268 389 400 401
215 310 323 270 391 312 380 327 250 305 318 373 320 362 254 309 243 364 298 311 379 234 302 236 291 238 359 251 295 308 297 208 233 354 202 356 237 292 211 226 349 217 338 351 272 340 353 274 395 397 289 331 223 399 333 225 346 280 335 348 390 282 392 212 218 381 273 262 383 317 330 264 385 277 253 266 387 321 400 407
310 318 275 373 320 305 388 322 377 224 390 239 311 379 392 218 313 326 284 381 308 317 372 385 319 212 257 291 354 285 249 200 234 279 309 364 273 342 222 252 357 271 286 267 346 359 205 216 335 280 350 265 246 352 225 394 289 341 259 396 274 223 345 387 208 302 283 202 266 217 393 251 281 262 327 395 230 226 403 404
292 301 356 228 209 251 262 347 294 237 353 395 239 250 344 399 346 278 348 259 390 337 381 394 287 328 341 383 396 317 330 202 385 398 319 255 266 217 387 321 211 275 380 279 382 316 243 384 318 277 362 375 203 282 233 263 309 286 267 300 313 261 212 246 370 289 240 270 221 293 274 308 350 219 200 272 253 283 402 403
301 326 237 396 330 398 387 334 389 323 284 338 393 314 297 278 382 316 384 223 373 227 287 238 320 375 291 322 311 255 217 313 300 230 302 315 264 294 275 372 319 243 224 254 312 367 222 252 282 263 356 303 286 345 347 280 261 212 349 362 265 246 351 364 225 289 270 353 274 397 268 219 249 253 234 335 348 228 337 392 281 403 404
317 347 218 284 203 282 263 297 308 267 340 353 201 231 342 246 291 399 333 346 210 221 255 285 348 337 219 249 200 264 394 234 328 396 228 209 398 262 277 334 389 252 316 380 393 280 250 384 314 265 318 373 386 225 320 388 322 274 390 223 381 272 302 283 313 370 202 217 251 281 275 369 224 254 403 404
318 291 359 319 255 236 315 266 300 378 275 354 367 298 279 356 369 243 224 218 349 362 252 267 340 353 342 280 231 261 212 344 246 210 289 240 270 335 337 392 352 341 302 283 234 396 385 228 345 251 389 237 391 338 380 393 271 327 395 305 216 397 331 373 386 303 333 377 278 390 259 379 326 227 257 287 238 383 403 404
255 382 395 316 331 243 386 254 267 388 309 218 322 377 311 233 258 313 381 302 201 231 383 295 240 221 352 354 367 219 356 369 253 305 294 349 362 283 351 226 298 340 274 205 278 399 346 280 293 271 392 326 394 328 341 262 275 330 264 277 398 202 387 236 268 389 217 251 323 257 211 380 393 314 327 401 402
382 236 217 300 294 275 298 279 309 273 224 254 326 356 337 252 233 335 267 346 369 380 201 231 261 246 348 359 289 270 221 323 274 334 357 338 268 249 272 351 234 228 394 251 396 364 345 387 320 373 305 205 239 250 333 395 225 384 367 397 327 308 259 331 342 223 257 208 238 291 392 406 407
313 278 349 362 223 353 227 257 208 291 397 331 344 399 285 217 346 300 335 348 211 264 328 341 383 243 254 398 321 334 222 252 203 282 263 267 378 391 314 369 295 316 384 225 289 240 373 322 268 219 379 302 315 357 281 311 359 262 372 237 350 271 354 216 367 239 356 250 345 284 403 404
373 340 291 285 378 315 319 349 300 330 211 275 298 328 243 258 337 322 203 282 335 286 267 331 201 280 231 261 314 265 295 325 210 240 394 338 268 249 398 302 253 234 347 389 262 226 237 384 354 386 305 399 205 369 239 250 377 348 225 392 297 327 278 308 383 223 385 208 238 405 406
225 236 291 346 238 359 210 293 348 284 297 219 208 286 233 275 202 398 279 334 226 268 211 281 228 349 270 391 283 338 393 285 274 342 263 384 344 386 278 320 333 388 322 335 337 258 379 271 394 315 262 330 372 264 266 387 389 323 257 378 325 246 259 261 209 224 237 305 294 375 222 203 309 377 311 300 400 401
271 297 352 201 212 265 303 210 240 221 347 294 349 283 338 351 268 219 249 272 340 274 287 342 397 289 228 399 251 262 333 346 280 348 390 392 284 326 394 205 250 330 398 334 259 323 312 223 380 393 227 327 238 202 236 386 320 230 211 311 379 300 370 243 291 372 258 218 222 252 233 263 401 402
230 325 380 219 314 369 250 384 239 252 386 320 362 254 375 377 226 311 234 302 315 236 216 249 291 238 359 293 295 350 286 354 367 356 303 345 279 347 217 283 338 272 200 340 287 331 344 209 265 278 224 267 388 280 348 390 222 381 273 394 341 396 201 330 277 398 319 266 321 334 221 389 323 400 401
325 211 399 294 335 279 392 243 258 341 218 383 396 222 203 282 233 263 286 389 201 280 261 212 265 295 246 380 240 270 221 274 384 331 386 200 388 272 302 283 377 228 379 251 357 370 226 305 352 239 250 367 303 284 369 297 278 259 312 347 223 227 257 287 338 351 321 202 340 353 236 266 397 300 404 405
243 264 385 319 279 227 208 268 389 202 257 270 391 259 217 380 314 261 211 316 250 263 384 305 265 386 375 388 322 377 311 379 381 222 302 203 233 357 370 359 231 253 212 297 367 369 281 228 209 351 340 353 274 237 289 344 278 399 346 216 348 390 239 337 392 284 275 396 400 401
264 270 312 218 272 314 222 203 395 233 265 261 388 377 379 210 240 300 381 315 357 370 219 200 359 293 234 295 228 209 297 251 262 354 367 226 237 356 303 345 305 216 362 338 340 287 259 342 289 344 223 278 399 346 227 267 348 392 284 236 217 273 394 286 328 341 383 396 385 398 266 387 321 389 401 402
284 302 315 267 359 201 231 295 297 286 354 367 356 223 268 208 294 349 362 338 251 281 262 285 298 353 342 397 331 291 346 205 239 337 350 392 326 203 394 233 328 330 385 398 387 321 323 378 312 314 395 316 219 234 386 279 375 228 209 309 322 364 377 258 379 300 237 222 402 403
302 349 362 297 259 351 364 353 257 287 357 202 346 285 300 337 392 294 275 341 279 330 273 254 345 387 277 321 222 252 263 378 286 380 327 395 201 231 261 316 295 386 270 375 309 377 390 379 268 219 326 272 253 283 383 372 319 281 262 226 312 354 356 305 403 404
379 278 259 380 393 342 212 227 287 370 321 388 236 315 319 349 200 294 377 279 309 209 254 326 277 356 337 218 252 203 335 286 350 280 344 295 359 210 289 334 357 338 219 238 253 283 234 202 228 251 281 311 262 364 345 375 226 394 320 396 354 305 385 398 250 303 391 263 406 407
287 320 309 377 268 219 200 272 253 381 370 228 359 372 281 293 226 354 367 205 356 239 303 345 278 351 223 353 257 395 208 397 202 331 344 399 291 285 266 346 388 335 337 326 394 328 209 330 385 398 321 334 252 203 282 378 391 267 312 380 393 314 201 280 212 316 210 270 402 403
320 354 367 236 315 217 356 369 319 300 211 294 275 349 279 309 338 351 209 254 340 353 258 397 252 233 333 316 390 280 261 350 392 341 210 240 383 396 330 293 385 398 268 249 389 378 391 393 327 251 281 262 384 226 386 205 216 377 239 250 303 357 370 297 278 259 403 404
236 261 316 252 362 375 223 377 227 298 208 311 300 315 357 249 359 251 293 211 240 295 350 297 352 286 354 218 345 279 239 283 231 351 340 353 395 399 333 267 280 335 200 390 282 326 381 273 228 209 341 385 226 253 266 268 389 323 391 205 216 246 393 327 400 401
261 388 280 390 282 211 337 273 394 328 341 262 275 330 254 277 398 266 387 218 334 222 378 270 391 393 314 231 212 263 246 386 221 375 309 322 364 249 200 253 357 370 228 209 359 293 308 237 297 286 367 205 216 303 250 345 283 338 285 340 353 257 238 397 289 344 202 265 278 333 401 402
308 305 250 359 297 278 259 350 223 212 227 354 257 208 291 345 221 285 200 351 340 342 209 397 224 254 331 277 258 346 388 237 222 252 203 282 263 390 337 286 326 216 201 231 328 341 265 246 330 385 398 319 210 289 321 378 268 219 249 380 253 283 369 316 228 217 251 386 226 322 403 404
202 384 362 309 377 298 234 357 370 238 201 348 240 295 350 286 341 354 356 277 224 279 347 294 228 349 283 338 272 393 274 221 342 263 397 331 344 265 386 280 322 203 216 337 258 205 326 218 381 394 315 328 396 209 251 211 266 321 268 323 257 312 367 259 380 314 327 369 400 407
384 266 319 349 211 383 200 294 275 298 328 279 309 381 362 326 356 222 203 335 316 267 369 350 201 280 212 399 265 344 246 348 289 240 270 392 293 274 394 268 396 351 283 387 228 389 281 311 262 391 364 345 375 237 395 354 305 397 205 386 250 322 352 333 390 327 278 259 312 342 223 257 208 291 370 406 407
385 224 277 322 282 367 316 331 280 231 340 359 221 323 274 353 334 338 268 219 383 200 272 396 347 381 209 251 262 326 226 391 237 335 395 305 369 216 239 386 399 303 333 388 378 297 327 392 223 357 208 291 321 387 285 315 266 349 300 345 375 294 328 406 407
323 294 275 340 353 342 344 357 273 254 218 348 222 252 203 392 286 328 341 201 231 314 295 246 387 210 289 240 334 221 293 274 391 338 249 200 272 234 209 386 281 262 388 237 326 381 305 205 216 370 383 250 359 372 322 303 297 208 356 321 347 285 349 362 211 364 403 404
326 252 396 263 330 267 312 246 391 338 289 221 340 395 397 331 219 249 386 399 253 283 298 377 228 209 392 281 277 226 237 370 372 216 378 293 227 208 272 351 364 285 315 266 217 342 300 211 359 335 273 337 254 350 258 303 404 405
377 312 227 257 238 340 393 395 285 266 319 330 211 386 294 275 347 298 328 309 392 209 277 356 218 383 341 203 233 263 350 280 378 344 246 348 240 293 372 274 334 249 272 351 253 283 234 262 364 345 205 250 322 352 396 367 398 297 327 387 406 407
278 300 381 315 240 221 359 372 249 350 272 234 297 352 286 367 356 303 237 279 347 281 294 349 362 283 216 351 285 239 250 342 289 399 291 335 390 282 227 257 392 328 341 383 266 217 330 398 211 387 312 273 393 254 277 258 218 233 263 364 231 212 402 403
231 267 335 348 337 205 216 381 394 341 383 277 398 319 266 387 321 268 389 223 257 378 270 391 246 380 316 250 263 265 211 362 254 322 364 298 300 234 224 249 218 238 372 293 240 295 201 352 212 286 233 354 367 303 221 345 279 239 294 200 283 272 353 395 209 397 331 346 400 401
267 212 392 273 341 240 330 277 398 319 387 219 389 253 234 378 380 327 316 226 386 362 375 322 205 364 250 265 381 370 259 372 295 350 227 257 352 286 367 266 347 281 294 349 338 351 272 285 224 254 353 239 274 258 289 331 222 263 291 388 335 390 282 401 402
217 369 303 316 305 239 252 362 254 375 298 311 353 249 238 359 372 348 240 295 352 286 233 354 277 398 347 294 228 349 283 338 272 393 285 211 395 223 344 265 399 388 322 335 282 337 203 273 315 262 383 275 396 330 251 201 212 387 321 389 257 378 246 367 400 407
369 211 345 275 398 273 224 352 303 333 389 252 203 282 367 391 297 327 393 342 395 212 246 340 291 386 399 221 388 285 315 390 334 319 219 249 200 294 381 394 298 370 309 383 372 209 262 356 258 337 226 237 380 346 205 216 265 295 357 338 268 227 257 208 238 405 406
291 375 388 289 322 259 300 381 238 315 272 253 283 370 383 372 281 262 295 211 297 226 352 354 254 305 347 294 362 263 351 353 342 212 257 357 246 399 210 270 221 335 285 337 392 219 249 394 234 396 279 209 273 277 258 252 393 286 316 201 402 403
395 285 300 330 249 383 200 283 234 328 381 228 362 262 277 356 337 226 390 341 237 346 216 295 359 259 274 353 223 257 208 238 251 281 311 394 211 345 396 224 388 239 258 303 203 282 263 297 391 201 397 246 389 340 370 399 210 240 270 221 406 407
203 205 381 273 394 315 328 201 262 396 398 253 334 389 257 312 380 314 303 316 250 239 309 311 300 234 357 249 370 238 372 293 240 350 286 341 233 354 222 279 226 347 228 349 270 393 208 221 397 210 331 223 344 386 399 346 390 400 407
205 227 295 350 297 286 233 354 222 356 303 345 237 279 226 347 294 200 351 272 285 340 353 274 208 342 289 210 331 223 399 346 348 390 218 273 328 341 275 277 319 211 321 389 391 312 259 393 305 254 375 322 364 311 258 315 357 249 370 359 372 400 407
275 378 312 252 380 233 327 303 316 305 201 386 265 375 322 210 298 311 274 315 268 219 249 370 234 293 348 295 251 262 354 345 347 239 250 294 283 351 259 353 289 331 344 257 333 346 337 392 381 394 328 200 341 396 330 277 398 254 334 389 402 403
294 272 253 234 312 380 251 262 322 364 239 250 381 370 359 372 223 295 257 352 354 367 356 303 345 211 305 362 209 224 331 399 252 233 263 333 346 286 335 348 350 392 383 289 240 221 274 319 387 249 402 403
211 246 380 303 250 252 362 375 309 364 201 311 289 249 370 238 359 348 240 282 295 297 218 233 222 398 334 226 281 349 338 272 327 219 340 274 221 342 263 344 386 333 388 322 335 216 337 392 381 273 315 328 383 330 372 253 266 387 321 400 407
252 273 394 328 341 262 383 396 319 387 334 268 389 257 270 391 312 259 393 224 316 218 263 305 386 254 375 364 201 246 381 315 357 295 219 249 297 352 286 228 279 237 338 216 340 353 239 250 342 331 344 399 280 223 208 238 401 402
312 381 370 273 224 239 359 372 319 218 222 282 263 297 354 356 210 289 270 274 351 268 219 200 340 283 298 228 399 333 346 262 277 335 237 337 350 286 328 216 396 398 295 387 334 389 259 293 378 391 380 327 208 272 386 251 281 311 375 388 403 404
331 390 240 221 274 319 268 372 253 328 228 262 237 356 286 316 349 250 314 353 342 259 223 346 227 257 208 238 335 348 350 251 311 341 398 345 309 273 254 391 380 218 393 340 233 297 386 399 201 333 212 375 388 246 404 405
390 342 280 212 295 398 246 389 210 289 240 270 221 319 349 391 268 393 249 283 234 298 209 399 277 337 341 392 335 305 350 380 378 293 372 353 357 227 208 285 315 281 330 364 375 279 309 254 258 218 352 222 386 282 367 263 286 346 406 407
315 316 233 263 375 388 364 381 285 200 279 352 228 209 273 224 254 367 258 356 237 282 286 349 362 280 295 246 340 353 342 210 240 270 397 399 333 335 208 272 253 283 234 337 350 392 328 251 281 311 262 383 396 398 321 334 389 380 403 404
305 251 281 352 354 367 347 254 239 349 362 258 338 218 222 353 282 233 397 399 335 348 337 350 300 328 383 396 249 200 398 298 387 209 389 262 277 380 393 226 237 327 286 280 265 364 311 289 293 274 223 357 359 238 372 403 404
258 262 383 330 398 266 387 279 257 321 270 391 221 380 272 219 249 200 265 234 386 375 322 311 381 237 370 359 216 201 295 350 246 297 240 354 356 345 238 253 281 362 283 351 298 342 344 333 346 280 348 224 254 239 273 233 341 401 402
262 356 222 349 283 201 212 272 246 342 240 399 219 253 337 392 209 273 394 330 226 319 387 321 389 378 391 239 380 250 314 327 259 265 386 375 322 227 257 238 311 381 357 359 293 297 224 254 354 401 402
349 380 283 234 397 209 251 281 311 375 388 345 370 239 250 322 327 378 223 354 227 257 238 356 321 285 300 330 362 364 353 347 309 254 357 218 233 263 350 392 335 316 346 352 394 212 396 314 348 387 221 219 249 200 404 405
380 364 273 277 337 322 218 387 341 367 263 286 391 280 212 265 344 295 246 359 289 240 270 221 386 274 353 334 338 268 219 200 351 253 283 234 381 228 362 209 383 251 281 311 375 239 348 378 372 342 357 370 321 266 406 407
393 319 300 330 397 399 347 279 309 362 392 273 277 356 337 394 222 286 216 250 314 265 378 359 289 240 293 274 223 338 268 272 351 283 251 311 364 226 354 224 254 239 303 333 386 233 263 297 327 212 227 257 389 370 321 406 407
285 316 268 253 234 322 209 281 300 381 226 237 370 297 354 367 303 345 257 208 238 362 351 266 342 289 344 333 346 335 348 254 337 350 218 394 328 222 341 282 383 330 319 387 201 212 334 378 391 270 314 327 274 402 403
396 277 356 337 218 233 263 335 346 201 212 344 246 378 210 289 240 270 221 372 334 357 338 268 249 200 272 253 283 228 398 251 311 364 226 354 216 388 322 303 333 297 327 391 223 208 389 370 300 330 383 347 298 328 279 362 224 406 407
224 398 209 319 266 387 378 246 367 259 314 327 216 303 250 239 362 254 309 298 311 300 234 208 357 359 251 372 293 240 297 352 356 345 279 226 347 218 228 338 351 353 274 342 212 397 344 399 333 388 221 335 282 337 219 381 328 400 407
298 334 223 268 208 338 283 314 327 281 333 375 388 322 254 359 372 282 319 263 201 212 227 367 356 210 240 270 221 347 219 362 249 200 351 364 279 353 209 342 344 277 399 237 222 392 216 352 250 265 295 398 345 259 387 274 402 403
334 328 309 353 209 342 254 397 344 277 399 237 282 286 316 337 201 280 314 265 383 398 270 387 274 268 249 238 272 253 234 251 311 386 226 388 364 239 250 357 370 359 263 259 350 352 212 208 321 221 345 300 330 362 200 351 404 405
240 342 216 397 289 265 346 348 282 392 223 381 328 341 208 238 383 330 398 266 246 259 314 316 250 218 362 375 309 322 311 300 212 357 370 359 372 210 350 297 200 234 303 228 237 272 353 274 400 401
259 300 370 359 372 350 218 352 356 277 345 201 279 347 246 221 338 272 274 342 249 289 344 253 234 399 333 346 280 228 209 335 282 226 273 383 398 268 378 270 303 316 263 227 362 375 311 401 402
273 277 233 263 321 391 265 314 221 386 388 219 200 309 272 311 300 228 209 372 237 293 297 216 352 239 354 367 345 279 347 223 227 208 238 274 342 266 397 289 399 280 348 254 341 383 218 330 401 402
277 330 398 345 387 279 321 222 389 391 338 216 327 265 316 375 309 223 272 381 370 383 359 295 367 254 250 303 218 347 233 362 283 351 227 340 353 300 289 344 221 399 333 346 282 249 200 337 209 402 403
319 327 254 340 218 303 397 222 282 233 263 297 375 316 322 201 265 370 289 383 372 268 249 283 354 228 209 237 347 351 364 353 239 314 342 344 357 346 359 293 223 350 352 394 328 341 251 281 391 309 338 403 404
212 388 280 335 216 337 210 381 394 383 251 253 266 387 321 268 257 378 246 314 327 316 239 375 309 364 311 357 359 372 348 295 350 297 352 286 237 279 226 270 338 351 219 221 342 265 386 201 400 407
383 322 218 303 333 222 367 397 201 388 210 392 219 249 253 283 234 347 387 362 356 226 341 237 346 280 239 314 265 344 372 227 208 272 266 281 300 394 345 375 398 279 309 254 406 407
388 370 210 249 234 279 381 228 362 226 286 346 216 314 344 348 378 289 394 293 372 223 357 338 268 208 238 351 253 283 391 281 364 397 399 254 239 322 352 303 233 367 263 297 327 406 407
335 337 280 352 314 246 341 210 289 274 347 268 219 249 200 253 283 338 228 251 226 327 227 208 354 367 300 330 362 328 279 351 364 353 218 344 357 399 222 346 233 359 348 404 405
337 345 246 389 210 289 391 270 219 200 375 281 311 226 381 359 354 223 227 257 208 238 321 340 330 353 342 397 344 357 399 346 218 222 282 233 394 263 341 404 405
293 340 280 239 342 265 357 399 359 348 223 350 392 227 257 208 238 272 394 328 341 266 398 251 281 387 321 389 279 338 397 282 233 263 309 322 201 246 381 370 372 274 295 268 219 249 297 234 378 354 228 347 362 364 402 403
340 274 386 219 200 272 253 228 209 381 311 370 237 378 239 250 354 367 314 351 364 321 342 399 300 330 359 350 279 254 341 322 398 345 233 387 286 389 280 265 246 210 289 270 397 404 405
227 254 309 364 234 370 223 238 372 350 297 352 286 233 246 356 303 345 279 281 283 274 342 397 289 344 333 280 282 394 341 398 200 266 268 389 257 378 270 391 314 327 226 316 250 265 400 401
356 251 281 345 237 387 389 250 352 333 327 342 257 208 238 321 266 370 300 347 328 279 378 367 254 218 282 362 350 201 314 265 210 399 338 268 219 249 200 272 234 394 228 405 406
309 321 389 257 208 378 314 375 322 364 254 357 370 222 282 350 354 289 219 249 272 253 283 234 338 351 228 209 353 251 342 397 344 226 399 333 216 392 250 341 297 387 403 404
321 386 375 322 218 222 282 233 381 286 201 280 314 265 295 210 352 268 219 249 253 347 228 251 281 311 237 342 344 333 346 239 303 350 394 223 330 398 208 387 266 378 327 403 404
328 282 233 378 391 286 316 201 280 265 295 246 397 274 268 200 272 283 370 228 251 226 237 354 367 216 239 362 327 364 223 257 238 342 344 399 333 266 279 330 254 398 345 387 404 405
314 399 346 348 350 392 394 254 341 345 282 233 387 286 389 295 246 316 289 274 375 219 322 249 200 272 283 381 228 209 251 281 226 237 347 362 257 208 238 353 357 403 404
399 265 344 295 389 210 270 221 274 353 398 219 249 272 351 381 392 209 251 345 216 303 333 397 378 391 357 208 238 300 254 322 218 352 282 367 263 350 280 406 407
226 286 233 367 345 279 228 272 397 344 346 280 348 282 223 392 381 253 266 268 257 378 316 250 218 386 222 375 364 311 210 251 372 295 350 297 352 400 401
286 350 341 398 250 265 387 378 391 223 208 316 251 311 381 279 218 295 222 282 233 201 345 347 210 270 221 364 268 249 353 200 342 234 289 228 209 333 348 402 403
280 210 270 341 274 398 268 219 249 200 387 234 228 209 327 237 216 375 239 364 300 257 297 266 354 281 362 254 351 222 263 402 403
200 270 272 208 221 223 265 333 201 216 392 394 209 251 387 268 389 257 378 246 303 237 362 254 375 311 353 234 370 346 359 297 398 345 279 228 400 407
270 342 397 344 333 209 254 222 394 341 216 201 387 265 389 378 223 303 249 234 375 322 311 359 372 295 218 352 233 263 354 345 257 281 283 351 272 353 274 401 402
398 341 222 316 346 216 350 201 397 378 210 289 274 268 219 283 228 364 394 345 375 239 333 386 367 327 223 208 370 347 392 406 407
265 333 221 348 392 219 394 330 279 268 378 237 272 327 316 250 375 364 300 381 238 370 253 297 354 303 254 281 218 362 263 353 289 257 344 401 402
263 221 394 268 389 209 367 327 222 216 201 311 246 300 357 370 372 219 253 297 354 251 345 338 351 239 250 342 344 386 223 322 401 402
342 221 274 381 268 219 249 370 272 372 228 281 352 237 216 347 239 322 303 333 327 223 397 357 257 208 348 266 300 330 394 345 254 389 378 282 201 295 404 405
300 327 223 257 208 272 311 251 281 359 352 354 233 297 303 351 221 353 249 344 357 253 283 346 348 392 237 330 387 239 378 403 404
341 394 237 222 345 216 389 246 397 223 338 219 386 272 251 392 381 372 254 378 303 333 354 367 233 297 362 364 353 330 249 344 234 350 404 405
394 222 386 233 316 350 344 295 246 348 210 289 221 372 387 338 268 234 381 209 251 281 311 237 354 216 367 327 391 397 257 330 347 362 392 254 406 407
272 362 351 364 234 228 357 222 282 250 345 281 338 327 316 397 266 386 381 254 370 372 295 297 257 354 367 210 221 347 401 402
344 359 210 289 348 350 268 219 253 283 228 237 391 216 239 386 322 375 297 327 238 372 266 367 362 222 233 316 353 201 295 357 404 405
274 353 397 289 268 346 209 350 237 387 279 216 389 378 391 327 386 257 375 364 311 266 251 381 357 359 372 295 218 222 233 303 201 347 338 351 401 402
251 250 218 233 362 283 397 289 221 333 350 209 266 237 391 338 216 246 375 322 223 311 208 238 370 253 401 402
295 239 392 330 223 257 208 387 391 327 316 375 364 311 222 381 372 297 289 352 219 249 253 283 347 209 338 281 351 237 402 403
350 316 352 250 348 289 387 223 389 208 238 391 266 281 311 386 375 254 239 381 333 222 282 233 327 201 210 221 219 364 237 359 405 406
289 210 333 346 268 249 238 253 392 387 378 239 250 316 375 322 364 221 297 352 367 303 222 347 216 201 338 351 402 403
330 222 282 386 375 201 246 221 359 372 219 352 228 354 237 345 347 362 250 353 322 303 397 333 346 223 348 238 389 378 404 405
219 338 397 333 322 282 392 381 253 266 389 378 246 208 386 254 375 311 234 357 238 372 297 354 345 279 347 400 407
353 338 249 351 253 283 234 228 281 311 322 303 333 223 257 238 375 221 370 372 237 282 354 367 316 346 405 406
221 223 386 333 322 209 372 268 216 378 246 367 237 250 362 208 364 311 234 357 249 346 348 282 233 279 347 281 228 391 283 400 407
281 303 228 347 283 237 364 397 357 250 346 282 257 208 345 387 266 378 391 327 279 316 254 386 218 322 233 311 370 246 359 210 268 354 402 403
253 362 239 338 351 397 346 348 392 234 266 387 279 268 389 257 378 222 316 386 375 322 250 381 357 223 359 208 238 354 367 303 347 401 402
316 266 392 279 387 254 389 391 222 233 386 375 246 364 210 249 209 367 237 345 303 351 397 223 357 257 208 238 348 403 404
209 345 347 268 283 397 333 322 216 392 249 372 266 387 389 378 303 362 254 375 364 208 234 370 359 282 352 233 354 400 407
359 333 348 327 392 257 208 238 351 266 389 345 386 322 218 222 381 246 370 210 338 283 228 237 362 364 405 406
216 348 218 352 233 210 279 347 283 338 327 397 333 322 392 381 387 268 389 208 257 246 367 303 362 364 234 357 346 238 400 407
348 201 357 210 223 338 354 208 389 391 345 254 386 218 303 233 327 381 370 367 347 279 228 362 351 364 282 404 405
297 370 372 250 223 367 257 266 351 279 397 357 254 222 282 201 246 387 210 378 338 327 234 386 311 402 403
345 367 311 362 239 250 357 238 387 391 322 218 303 333 397 222 233 375 201 370 249 283 378 404 405
234 283 338 351 223 386 333 282 392 266 218 389 222 233 391 246 367 250 210 362 370 228 238 237 400 401
239 372 352 246 351 397 333 346 282 228 266 387 279 257 378 237 327 386 375 210 364 357 249 370 208 238 400 401
372 250 352 303 333 367 208 238 266 389 391 362 218 237 222 282 201 246 381 210 357 249 283 378 228 311 354 405 406
223 364 249 238 354 228 351 346 208 322 282 257 246 327 222 250 201 362 375 400 407
364 338 257 266 311 375 279 354 254 352 333 282 327 346 210 391 283 347 237 392 250 387 405 406
208 311 357 249 370 222 237 279 338 351 397 392 218 381 266 387 268 389 246 201 400 407
254 238 266 387 389 378 367 375 311 233 201 246 210 352 249 279 347 228 237 397 333 346 250 282 401 402
246 381 233 210 250 375 322 311 249 354 367 303 238 338 397 400 401
352 370 250 367 327 257 357 322 218 222 354 282 233 346 387 389 391 210 268 249 386 283 347 228 311 392 381 405 406
370 303 333 386 367 375 238 378 279 282 346 210 338 351 283 387 389 405 406
222 257 378 391 250 375 322 311 357 238 233 354 303 279 347 201 228 283 338 351 333 400 407
367 354 250 322 218 303 233 266 347 279 228 237 346 387 389 391 357 338 238 283 392 405 406
303 378 347 357 346 249 392 279 237 387 391 201 397 210 386 375 322 268 238 283 403 404
322 257 237 346 210 354 268 238 347 391 338 327 397 386 250 375 403 404
338 357 392 387 389 378 397 266 279 333 282 233 327 210 347 362 404 405
250 279 218 397 346 210 282 228 266 387 268 257 378 327 386 362 375 401 402
238 362 375 311 357 347 233 386 333 210 392 266 387 228 268 389 391 237 400 401
362 351 391 266 311 354 333 392 233 327 249 347 228 237 268 405 406
257 375 311 233 354 210 279 333 346 282 266 389 327 401 402
375 218 233 346 392 201 387 391 268 283 228 237 406 407
218 266 389 378 391 210 327 249 233 354 237 279 347 228 351 397 333 346 282 392 400 407
333 210 268 311 237 351 346 327 387 389 391 279 386 282 404 405
266 386 233 311 210 354 228 347 397 282 392 268 378 391 327 401 402
327 381 201 351 268 346 228 311 387 378 391 404 405
381 391 210 386 237 387 282 378 357 351 283 354 406 407
386 387 249 347 282 201 210 351 283 389 391 354 406 407
233 389 391 249 279 351 346 228 392 400 401
279 389 378 391 237 311 268 347 283 351 282 249 387 402 403
210 397 282 387 389 311 357 347 228 351 201 400 407
391 282 346 201 378 283 228 354 406 407
397 249 347 228 392 311 357 387 351 354 282 201 389 406 407
378 354 389 268 249 347 311 392 237 357 406 407
389 282 346 201 357 387 351 237 406 407
201 282 268 311 357 249 354 347 228 351 346 400 407
392 346 347 311 357 351 406 407
346 387 311 237 354 282 404 405
237 354 347 351 268 357 400 401
228 283 351 387 357 400 401
357 351 354 282 268 249 283 347 405 406
351 249 283 354 387 347 405 406
249 268 347 400 401
283 387 282 354 347 402 403
347 311 354 268 404 405
354 282 311 405 406
311 403 404
282 268 402 403
387 268 406 407
268 401 402
400
401
402
403
404
405
406
407
