#/usr/local/lib/python3.10/dist-packages/colab_kernel_launcher.py -f /root/.local/share/jupyter/runtime/kernel-2b515d16-c871-48c9-ad2b-cd6ecd503099.json
# GMT Thu May 23 12:47:49 2024
# 
12 123 100 67 57 47 37 122 135 125 102 92 13 49 147 124 16 137 91 58 48 61 38 15 149 139 93 73 148 30 105 95 85 75 5 29 19 120 3 97 41 54 31 129 132 86 76 53 66 43 23 108 88 101 78 55 32 68 110 300 309
123 42 45 29 59 81 133 114 65 98 79 109 142 145 96 26 56 43 124 73 76 27 57 38 60 90 41 120 71 126 107 88 110 91 18 105 148 125 16 68 49 22 101 147 3 85 115 17 69 20 149 67 100 122 14 47 80 61 307 308
72 137 104 139 116 129 106 83 119 86 3 6 66 128 141 51 32 108 34 98 140 130 120 30 11 87 100 77 14 142 109 42 76 112 45 57 59 46 101 78 81 133 146 136 23 80 56 93 37 40 70 22 52 148 54 138 92 82 147 303 304
137 102 53 116 100 140 143 11 44 25 47 9 145 94 45 48 78 29 32 92 65 95 46 112 23 4 7 10 70 24 54 106 57 138 38 60 41 71 104 134 147 77 121 124 2 5 139 68 19 49 52 55 85 66 39 118 50 308 309
64 133 146 43 24 90 67 80 38 60 70 148 102 115 18 35 16 81 117 71 22 3 55 39 93 106 50 53 73 86 95 30 65 14 140 47 130 28 9 31 15 45 77 48 29 59 32 132 62 99 89 79 121 88 91 68 56 10 40 303 304
133 138 75 127 29 108 59 81 32 111 93 65 46 126 96 149 23 26 56 70 21 76 8 120 71 88 119 143 122 5 35 142 68 49 145 52 82 63 85 115 66 39 99 50 144 134 83 116 100 130 30 11 129 1 31 135 307 308
24 97 74 87 1 129 53 89 43 121 134 111 88 65 55 32 143 35 23 146 4 100 77 90 67 21 37 112 82 59 36 49 147 124 127 104 94 48 38 5 28 126 103 116 60 63 148 20 141 108 85 62 39 75 42 107 11 300 301
97 27 57 38 146 60 41 93 125 102 115 5 35 16 68 49 0 22 127 104 63 6 85 66 17 69 50 149 139 129 30 98 9 1 31 61 130 15 100 81 62 95 46 142 109 79 122 96 144 7 111 10 101 89 70 21 73 305 306
35 106 60 40 128 95 108 39 42 140 117 4 26 120 7 54 44 129 119 109 86 122 99 53 66 88 65 55 2 143 16 100 113 67 6 47 17 145 37 125 102 79 69 82 59 36 147 91 14 25 48 38 31 126 93 301 302
106 120 19 110 49 0 52 3 33 6 36 66 17 39 20 109 102 112 53 83 130 30 14 25 146 1 80 113 42 15 45 48 59 81 148 65 46 98 79 127 4 26 7 9 149 126 43 129 8 71 58 88 131 91 105 306 307
76 107 23 4 77 26 7 37 132 109 54 112 27 89 60 71 74 111 101 2 16 80 93 0 3 33 135 17 125 138 39 69 115 20 105 82 34 67 114 81 30 126 47 116 129 9 29 141 118 13 65 85 46 140 130 304 305
107 131 60 71 130 88 110 142 5 132 145 68 19 49 0 101 52 66 17 121 20 124 53 34 86 67 98 100 136 126 30 11 47 148 1 80 42 45 75 48 147 59 51 114 13 92 95 149 96 116 119 26 10 43 128 54 306 307
96 122 4 99 37 68 19 21 52 144 134 85 124 101 38 20 34 146 100 113 18 84 135 44 148 16 47 115 61 63 75 17 78 127 51 62 65 116 119 26 10 89 141 40 42 27 87 60 90 71 130 143 120 132 23 305 306
122 10 89 40 70 43 87 29 90 71 93 74 104 139 129 58 91 105 23 4 5 37 68 21 52 82 6 36 115 130 66 8 143 69 86 132 84 16 144 47 134 147 61 15 45 17 48 108 146 92 34 79 138 307 308
1 113 90 80 47 145 125 92 49 147 16 6 127 71 84 38 15 28 149 126 18 93 73 138 20 118 95 62 75 52 65 32 117 130 87 41 77 44 21 142 119 11 109 86 99 10 46 131 121 98 101 78 91 136 300 309
113 80 42 114 15 127 94 45 117 78 29 51 32 111 62 13 46 139 98 129 79 138 25 26 43 57 87 120 60 90 41 71 104 110 91 131 144 49 134 0 3 82 85 36 66 69 146 102 136 34 67 145 135 11 115 306 307
47 80 57 70 9 31 42 15 45 32 13 127 117 71 48 149 126 4 93 7 60 50 21 138 105 8 95 108 52 65 140 130 120 54 5 119 109 99 6 56 131 144 98 134 78 91 11 67 103 302 303
80 9 93 15 145 45 135 78 59 102 51 92 62 13 105 104 117 84 23 26 56 7 37 126 40 43 54 8 128 118 131 85 58 130 19 49 142 52 119 63 132 17 50 34 124 11 14 146 25 136 304 305
88 118 65 98 143 4 26 56 70 119 43 109 54 99 87 111 58 2 146 100 136 90 103 19 3 33 63 55 85 36 135 66 112 39 102 115 50 53 67 114 94 25 28 93 129 42 78 138 59 81 32 304 305
118 110 91 18 105 139 16 119 0 101 3 33 115 66 39 99 131 50 83 34 116 130 84 14 25 9 145 31 42 15 94 45 81 32 114 98 112 126 4 21 135 43 125 54 8 87 38 60 41 71 74 104 127 58 306 307
131 109 110 144 134 7 37 40 70 136 73 57 87 38 39 71 102 116 58 119 100 18 117 68 0 3 82 149 63 127 99 51 111 83 34 114 125 98 112 84 11 28 143 61 94 75 48 78 59 90 145 13 307 308
46 121 98 134 55 11 58 25 28 90 31 42 57 15 27 112 102 59 49 147 104 94 48 84 61 37 136 93 129 83 60 39 63 41 138 141 108 62 18 117 5 110 19 54 33 132 109 86 20 53 32 302 303
121 128 98 141 79 109 23 140 130 56 7 37 89 40 21 54 142 87 60 41 58 134 124 2 5 146 22 136 52 82 55 6 36 20 148 83 34 125 86 100 84 14 44 9 31 61 42 139 94 75 81 32 111 307 308
5 83 27 17 138 30 108 85 75 19 32 117 77 44 142 132 66 43 20 56 144 98 134 111 55 45 58 25 90 57 34 112 148 125 92 69 82 26 124 6 91 127 94 48 2 15 126 139 116 300 309
83 114 127 19 49 117 94 22 3 82 33 55 6 66 39 126 50 116 53 67 105 98 44 28 9 31 15 75 78 29 59 51 142 109 99 134 111 56 10 40 21 73 54 146 38 60 103 41 74 135 18 304 305
58 95 85 62 98 51 65 74 11 14 44 142 132 28 9 10 40 66 111 124 78 100 136 103 23 112 148 92 6 82 8 38 39 53 114 127 104 94 84 149 126 139 2 116 93 129 19 138 45 302 303
95 134 101 2 16 100 19 0 52 3 55 6 85 135 148 115 34 86 67 114 84 30 11 44 9 31 61 15 45 51 138 81 62 13 130 23 120 110 10 89 40 70 73 119 8 99 112 41 74 77 305 306
77 108 40 98 43 140 29 59 143 41 110 132 99 79 144 52 124 55 101 6 38 39 69 50 146 18 30 2 148 115 16 105 19 49 0 3 147 63 75 17 48 51 62 65 149 139 129 119 44 128 9 304 305
108 143 146 136 145 68 21 112 148 101 125 115 85 36 66 147 102 114 127 67 117 103 30 2 14 16 28 0 138 15 94 17 51 81 62 92 11 26 132 109 42 43 73 87 90 71 111 74 104 306 307
29 68 45 143 146 90 67 34 125 19 0 69 3 59 36 147 20 71 48 38 51 103 60 73 14 63 148 138 30 9 105 141 42 74 87 31 129 142 132 86 99 66 56 33 21 111 8 65 101 300 301
68 32 13 65 85 56 37 10 40 143 120 74 57 38 41 142 99 79 144 2 111 4 16 0 22 52 146 55 100 36 103 50 70 53 34 135 102 30 11 44 104 28 94 61 42 149 48 303 304
40 54 132 16 99 0 43 144 39 134 111 65 55 143 146 100 67 14 28 9 102 115 92 15 59 49 124 32 127 104 81 94 61 7 37 63 21 138 128 27 62 140 117 120 74 18 301 302
41 42 21 140 27 8 74 54 142 132 86 89 43 16 134 111 78 22 45 33 6 17 146 20 90 103 34 57 112 125 79 11 82 59 25 104 71 61 136 32 63 138 141 62 7 37 301 302
42 100 44 18 112 102 59 147 22 91 33 104 36 39 20 34 93 60 73 30 105 14 82 25 85 28 75 52 74 129 119 132 63 99 56 23 141 37 9 101 45 146 301 302
73 74 110 49 0 52 63 99 20 50 67 91 11 146 14 136 28 61 15 135 45 112 125 102 59 92 51 32 82 127 117 23 149 26 7 139 116 129 70 43 27 57 138 105 71 140 130 143 303 304
74 75 8 140 130 143 71 132 86 2 19 22 3 134 33 6 36 91 69 51 67 90 145 30 112 102 25 9 31 61 45 127 48 104 117 59 62 84 126 129 56 7 141 21 85 303 304
6 84 15 126 18 139 93 27 2 30 7 128 141 0 3 52 65 32 117 87 8 21 142 119 11 132 89 10 78 55 45 143 146 103 57 112 148 79 4 92 59 49 26 127 300 309
84 36 39 53 67 94 149 16 129 49 31 3 63 78 141 51 85 34 98 140 130 120 87 25 26 28 142 10 86 15 75 89 27 57 13 144 101 100 136 4 90 7 37 145 82 54 112 304 305
19 103 27 63 18 141 0 3 54 31 129 119 132 109 99 53 89 66 11 98 101 55 146 57 13 34 145 135 112 102 92 69 59 4 147 124 7 91 127 104 81 8 28 149 300 301
103 138 61 105 15 94 45 17 147 48 78 32 104 117 34 139 116 11 119 56 10 89 75 27 57 87 60 71 13 142 23 132 22 101 82 54 144 55 85 36 134 66 111 39 20 102 100 126 305 306
50 127 81 0 136 22 126 116 36 60 128 105 141 11 140 44 120 9 129 119 48 132 109 99 32 53 89 98 134 78 23 4 143 7 110 146 10 21 90 34 27 8 112 102 92 147 124 302 303
127 53 34 136 100 30 117 0 147 15 48 78 59 81 32 111 129 23 25 128 10 70 43 54 140 143 110 142 145 2 37 49 21 22 33 63 115 66 69 307 308
62 101 143 100 67 145 0 135 33 125 102 115 17 69 39 82 53 71 11 14 44 25 9 31 138 15 128 105 141 59 85 32 130 87 4 56 7 119 10 109 86 99 27 57 303 304
101 149 126 79 11 128 141 25 56 7 10 70 43 38 60 90 93 132 2 144 134 124 52 82 55 85 17 39 69 20 145 135 30 102 28 31 61 114 117 78 81 305 306
22 28 149 126 139 129 63 53 138 141 4 75 140 32 110 87 54 31 119 109 66 43 56 33 23 2 146 136 90 20 27 148 125 115 92 82 59 36 49 14 114 104 71 48 38 51 300 301
28 34 145 17 37 125 79 92 69 59 147 114 91 11 14 61 25 149 63 148 128 39 75 130 4 26 7 10 31 119 33 144 65 78 55 45 2 143 110 146 16 0 300 301
8 130 120 51 129 21 142 109 89 66 56 23 144 98 134 45 0 3 90 57 34 14 135 125 79 59 13 26 104 48 61 15 136 149 126 18 116 93 27 148 138 115 39 75 4 300 309
130 90 71 110 91 18 2 149 49 3 55 36 34 86 140 143 30 44 25 142 61 75 51 81 114 65 98 112 146 136 23 26 7 37 10 21 43 135 307 308
102 11 9 149 61 116 129 45 119 75 81 128 141 143 26 7 110 37 89 70 21 60 90 71 93 144 18 82 55 85 36 69 20 99 138 86 147 305 306
110 15 45 90 93 104 120 105 23 10 70 21 52 82 144 39 69 71 53 146 18 126 135 125 31 94 66 17 48 51 92 117 109 30 116 11 14 119 44 25 56 128 306 307
75 146 90 18 4 112 125 16 79 3 33 147 124 17 39 69 104 53 126 139 116 93 30 14 148 128 85 51 140 32 129 23 99 7 37 21 144 27 38 304 305
60 140 16 143 3 67 17 119 112 34 144 134 111 30 124 11 78 91 44 25 90 59 135 125 82 26 94 7 149 54 139 55 27 129 57 63 85 18 303 304
140 120 93 91 18 105 136 142 3 145 82 55 39 20 99 144 147 67 100 117 9 31 45 148 48 59 51 81 13 65 79 4 129 149 26 56 89 43 87 38 308 309
11 135 112 69 49 26 124 81 71 48 38 116 37 27 138 115 128 82 39 117 120 18 142 53 20 141 98 65 32 90 44 57 300 309
135 117 25 94 48 59 81 32 111 13 92 65 125 79 141 4 26 7 10 89 143 70 54 57 142 145 91 144 3 33 55 85 36 115 66 39 67 138 100 308 309
100 48 59 114 13 92 93 139 129 56 138 70 128 54 90 71 91 18 142 119 112 0 33 63 17 134 69 20 99 86 98 146 145 44 115 305 306
13 65 78 32 45 90 67 57 10 145 14 112 125 92 59 36 49 147 91 104 25 15 4 139 116 93 70 17 30 128 39 117 120 54 0 86 99 53 89 56 33 98 111 300 309
65 124 91 136 23 4 37 148 52 138 54 92 36 69 114 94 2 16 49 86 33 63 128 17 141 20 32 98 120 87 44 25 26 15 27 303 304
39 117 94 51 126 93 129 53 31 141 33 17 20 32 34 54 30 89 43 79 144 124 57 70 145 7 37 69 147 38 114 301 302
117 148 71 53 138 116 2 16 126 33 63 66 119 20 81 114 112 30 14 143 120 61 43 142 90 93 104 91 4 26 37 136 21 54 115 306 307
4 109 63 99 53 30 43 20 141 144 78 32 120 67 34 14 112 89 92 91 104 48 61 38 93 70 2 27 148 115 7 105 9 94 300 309
32 78 91 90 34 70 69 147 124 114 104 126 18 30 14 128 31 85 54 44 119 109 25 89 66 43 144 98 301 302
78 146 145 148 125 115 43 124 27 38 104 81 71 139 116 105 141 3 33 55 98 36 17 53 120 87 132 109 44 9 31 61 134 111 48 304 305
16 70 37 148 115 9 120 15 51 87 18 54 31 142 109 99 43 20 33 23 7 55 10 67 44 57 34 89 79 56 92 134 0 61 149 126 139 300 301
70 31 61 109 63 86 45 99 89 144 98 134 146 25 26 56 90 10 43 145 54 27 125 79 23 136 139 116 52 36 138 69 105 85 120 87 303 304
138 2 136 0 3 33 66 17 111 53 67 145 129 9 144 45 146 125 79 37 10 147 43 55 27 90 120 134 149 116 308 309
36 48 136 149 30 93 63 9 120 87 119 23 109 89 10 43 21 27 111 55 146 18 90 67 57 37 148 125 92 3 69 59 20 104 34 94 301 302
48 17 34 57 112 125 115 44 9 71 149 139 53 128 105 26 7 52 21 120 87 142 109 18 66 2 134 3 55 33 302 303
134 98 56 142 27 57 87 93 124 37 49 145 82 38 69 20 99 53 132 86 116 2 14 44 149 139 0 31 94 17 141 114 307 308
99 7 10 21 116 27 57 38 71 93 2 0 3 33 85 109 69 20 53 86 124 14 44 25 9 94 145 125 147 114 305 306
90 31 142 119 109 144 7 10 54 57 87 38 71 125 2 147 0 94 82 63 55 17 149 86 128 14 305 306
57 87 119 51 86 66 98 111 26 7 136 43 54 145 125 79 115 92 69 18 114 61 49 0 129 20 53 63 128 302 303
34 124 114 9 94 71 61 149 126 93 63 148 128 23 26 7 120 142 132 86 89 18 2 111 143 146 37 92 301 302
124 128 141 98 109 112 14 25 143 9 61 43 45 59 92 93 144 91 56 146 21 126 85 27 38 69 125 119 147 52 82 33 17 111 307 308
53 114 104 23 81 26 61 37 21 38 63 149 141 98 18 3 33 17 109 51 144 44 9 136 115 92 82 59 302 303
98 144 146 37 54 55 85 87 148 71 105 86 18 149 49 0 3 94 141 120 25 31 61 142 15 92 305 306
146 51 125 25 56 10 54 27 120 18 143 49 3 55 115 66 86 136 14 44 148 31 61 308 309
56 142 89 43 54 27 67 18 92 49 21 52 147 55 91 81 20 94 61 149 126 139 116 30 44 128 105 0 31 15 120 302 303
142 37 10 21 144 38 139 126 18 148 3 85 66 17 20 132 116 67 136 14 25 31 15 45 51 128 129 308 309
9 67 44 89 125 79 92 69 2 114 81 0 3 149 126 116 93 148 105 52 51 109 20 33 10 144 45 87 300 309
67 114 71 59 116 93 23 26 105 7 85 21 27 120 89 144 49 0 52 63 91 17 143 51 145 112 125 79 92 303 304
149 82 63 115 69 30 44 61 51 81 114 144 79 109 145 148 37 10 54 104 91 18 143 105 141 308 309
45 145 125 69 26 7 37 114 43 104 81 94 38 136 0 33 120 87 54 119 109 89 30 66 144 31 143 302 303
14 145 112 82 49 147 114 71 15 51 139 116 93 63 148 128 105 52 31 119 132 2 86 66 43 33 3 111 55 300 309
145 129 61 15 139 111 92 93 126 79 109 38 104 119 18 105 2 49 55 66 17 69 20 81 114 86 308 309
15 49 26 147 114 91 94 71 61 38 51 116 93 27 63 128 141 31 21 119 89 43 33 23 2 0 143 300 301
21 129 132 109 63 66 23 111 120 44 17 112 79 59 26 91 61 126 37 148 30 115 128 105 82 52 300 301
128 18 105 49 52 82 33 136 85 66 17 20 147 25 31 59 111 92 125 126 79 141 112 143 87 132 71 104 307 308
54 27 38 132 86 141 18 55 143 52 17 125 92 69 114 91 44 31 139 116 93 23 302 303
18 115 87 119 109 66 43 141 144 17 111 143 79 92 69 82 26 114 81 61 116 2 300 301
115 30 2 126 139 0 31 3 33 63 51 109 120 26 132 10 93 91 105 136 7 82 148 85 66 20 147 306 307
144 129 26 89 43 38 120 93 91 143 141 33 55 17 69 86 44 31 61 59 51 81 308 309
49 139 30 44 0 120 129 132 86 89 23 43 143 125 2 92 69 82 59 147 33 114 17 20 136 302 303
139 52 3 82 63 66 17 86 119 136 31 94 51 81 111 92 148 79 109 129 25 26 7 27 87 120 91 141 308 309
10 31 119 86 89 33 111 55 143 2 112 148 82 3 91 94 136 126 116 93 129 63 141 52 120 300 309
31 59 81 2 61 126 0 141 85 25 119 132 109 89 66 43 143 7 301 302
81 91 51 136 148 25 105 61 59 79 116 119 23 141 85 38 71 120 87 109 112 89 0 33 66 304 305
91 141 79 30 120 25 26 87 111 23 37 52 85 92 114 94 2 116 119 3 63 305 306
27 120 87 0 86 17 66 136 148 79 92 69 82 59 114 104 94 51 26 126 63 141 85 52 300 301
120 93 132 63 85 69 136 116 148 44 94 109 112 23 141 43 307 308
112 25 59 136 92 109 125 23 26 147 114 129 86 119 141 82 33 63 69 51 132 306 307
94 20 86 148 125 30 105 44 0 61 104 51 126 116 26 89 43 143 87 82 33 55 66 305 306
141 7 52 55 20 143 132 86 30 44 147 111 114 109 26 89 71 308 309
23 86 89 66 33 7 143 79 92 82 114 0 104 3 71 61 38 126 30 105 44 129 300 301
86 7 37 43 55 69 116 129 71 119 2 3 82 17 132 111 25 136 79 304 305
43 79 111 55 148 0 33 92 114 71 116 93 129 85 143 301 302
33 136 126 93 63 87 132 0 111 20 30 37 125 79 69 82 104 301 302
136 66 79 30 44 129 89 87 143 105 26 7 37 52 82 55 38 2 308 309
114 44 25 125 59 79 109 7 37 87 38 104 143 0 52 3 82 69 306 307
109 89 104 2 147 0 52 55 66 69 20 116 30 44 306 307
87 132 2 111 0 63 55 17 69 125 44 147 104 61 126 116 93 79 37 304 305
17 25 38 0 105 52 129 132 66 111 55 7 79 92 104 300 301
2 148 30 85 119 63 20 55 143 79 59 26 147 3 104 25 61 93 300 309
148 147 44 129 25 89 71 104 105 7 37 82 55 38 132 308 309
44 79 92 59 71 93 63 3 105 20 85 52 132 89 26 301 302
126 3 82 63 55 66 51 132 147 59 92 125 37 38 119 105 307 308
37 132 0 66 55 26 7 69 147 71 61 116 93 3 82 301 302
85 129 52 82 69 20 119 89 61 79 125 105 147 38 71 104 304 305
129 52 82 61 20 147 111 92 125 25 26 71 307 308
26 132 66 125 59 71 116 30 52 3 20 300 301
132 89 71 93 104 0 69 25 59 51 111 92 79 147 307 308
82 30 119 25 111 38 66 69 304 305
143 92 93 105 7 55 38 3 63 66 20 125 30 308 309
20 71 51 116 105 0 89 55 79 69 59 147 300 301
104 30 119 25 61 111 51 92 89 38 147 116 52 105 305 306
51 38 93 30 69 105 59 147 3 71 61 52 55 79 7 111 302 303
25 79 59 147 71 61 38 105 52 7 119 30 111 0 300 301
3 52 119 89 55 92 69 0 147 71 300 309
79 30 61 125 105 55 52 63 66 89 304 305
30 59 147 116 63 105 52 89 111 301 302
71 111 59 105 52 303 304
61 147 116 63 7 38 119 111 303 304
63 93 105 119 66 111 89 69 303 304
105 0 52 66 119 111 125 7 38 306 307
52 93 119 89 55 125 69 147 302 303
93 92 147 7 38 116 305 306
38 119 55 89 92 69 7 0 301 302
0 7 111 89 300 309
89 119 111 7 116 304 305
119 116 125 306 307
116 66 69 111 92 125 306 307
66 125 69 303 304
55 111 302 303
7 111 92 147 300 309
59 125 92 69 302 303
69 303 304
92 147 305 306
111 125 306 307
147 125 308 309
125 307 308
174 247 164 224 237 204 181 194 292 269 165 216 193 183 261 215 228 205 182 293 154 217 220 187 275 252 196 232 209 199 274 241 168 254 198 211 201 178 299 276 289 150 172 153 210 246 156 200 177 213 190 170 180 278 268 222 235 202 257 300 301
247 204 177 296 273 210 191 263 221 253 224 227 208 241 152 255 166 169 199 172 202 254 183 205 156 167 189 170 222 279 234 161 268 281 151 214 244 195 257 270 260 179 201 250 196 259 229 295 154 294 271 206 284 261 160 190 171 193 305 306
193 260 237 204 173 154 259 157 236 249 171 294 188 284 238 241 218 283 168 286 263 240 152 230 166 295 169 298 150 172 183 156 232 167 189 287 184 254 267 244 221 198 211 201 161 175 178 213 159 151 162 258 235 225 290 257 293 301 302
260 165 268 281 207 179 209 210 240 243 224 254 238 154 282 160 156 235 188 219 261 249 221 203 233 250 263 246 155 166 285 275 150 151 265 213 216 167 198 228 258 200 201 287 231 277 290 267 245 248 259 289 266 164 269 175 192 306 307
234 298 205 186 252 265 188 189 219 277 254 267 244 168 299 185 166 266 169 153 288 198 170 200 268 231 182 212 258 235 248 257 180 161 237 175 176 206 178 282 223 249 239 207 209 210 271 296 273 173 286 154 155 253 187 218 171 285 304 305
298 197 169 183 213 214 244 167 228 201 261 281 246 194 279 175 206 178 159 160 190 162 177 256 237 209 289 221 163 224 276 227 287 238 290 241 271 293 274 154 157 172 251 202 232 235 216 189 252 282 285 266 269 280 272 168 283 308 309
166 243 220 233 187 223 200 190 265 268 189 225 202 192 159 290 151 162 257 270 165 214 181 171 291 183 258 238 157 195 283 273 217 184 285 252 206 219 196 209 199 284 176 251 254 208 244 221 211 156 296 286 276 253 266 300 301
243 290 230 280 153 232 270 283 216 250 200 231 233 184 282 295 272 249 262 180 194 264 159 181 211 192 165 225 210 229 275 255 154 176 206 187 239 254 220 244 205 177 207 237 188 299 191 222 266 269 236 238 291 245 258 155 185 305 306
186 221 198 188 201 299 289 266 279 223 200 178 288 181 162 268 258 235 225 202 163 280 257 270 224 227 173 282 176 272 203 239 216 158 284 218 208 293 296 273 250 263 217 152 295 285 262 169 252 150 265 172 219 199 274 170 287 277 301 302
221 167 257 203 184 224 217 227 292 180 236 226 164 178 159 281 151 294 284 261 195 179 209 182 212 283 273 250 263 295 262 206 187 232 160 171 204 287 177 254 231 244 276 266 233 185 255 169 199 245 172 202 225 303 304
205 163 289 279 233 246 213 278 281 187 160 212 215 204 290 280 257 224 237 217 269 168 262 239 216 206 155 185 271 199 284 153 241 156 218 189 170 203 286 184 263 240 253 295 285 288 164 194 222 151 297 162 165 198 179 302 303
178 217 230 207 197 167 272 275 252 229 232 287 264 241 231 211 159 276 253 289 266 162 165 233 213 288 180 255 245 258 212 225 290 173 191 171 246 259 158 239 206 183 281 284 238 228 182 218 195 152 250 263 150 300 301
217 159 297 274 192 254 198 196 266 288 173 176 157 222 160 225 204 158 189 224 227 208 259 236 272 185 294 169 199 271 150 248 284 261 153 183 251 213 228 156 216 218 170 240 253 220 295 285 180 262 161 164 229 303 304
197 230 194 175 159 151 162 275 252 265 195 232 222 199 182 163 274 287 196 254 201 299 289 173 154 279 176 157 233 246 190 288 291 158 245 280 257 224 227 259 150 249 172 153 216 156 281 284 251 228 241 218 293 283 263 161 240 302 303
230 263 240 253 211 165 195 285 198 228 179 201 182 212 163 215 196 264 254 231 267 154 157 266 220 246 204 207 158 188 291 268 245 235 280 270 155 185 169 199 153 269 282 259 272 219 200 294 274 251 241 161 283 296 250 304 305
184 297 274 287 264 159 277 181 162 208 286 253 182 266 233 255 245 173 189 176 202 267 257 270 177 237 191 194 282 236 226 203 216 248 238 251 150 195 183 296 167 273 263 220 295 187 272 285 275 229 265 180 164 199 301 302
297 236 280 281 253 283 159 151 162 165 244 277 179 209 201 231 261 163 264 196 276 278 246 187 160 239 190 223 226 256 237 240 270 273 227 238 271 272 274 152 199 150 251 202 232 183 156 288 265 216 189 219 170 222 282 233 308 309
150 155 266 256 210 223 177 167 232 245 235 189 267 159 257 214 204 282 259 203 291 183 258 294 271 248 238 228 218 195 172 293 270 273 250 227 240 194 161 151 164 262 275 196 287 254 231 198 211 299 300 309
155 223 153 200 177 190 288 278 255 291 245 258 235 202 192 267 159 224 214 191 181 194 236 249 216 281 284 261 238 215 228 195 185 283 296 263 240 253 220 164 275 252 196 176 241 244 188 165 286 276 168 289 266 300 309
249 277 267 173 206 187 160 239 190 276 171 289 223 279 256 226 237 288 291 238 258 290 257 293 202 232 216 259 219 170 203 233 281 294 284 261 164 194 159 214 165 195 225 179 262 275 212 252 265 245 255 196 229 305 306
277 200 222 283 296 266 269 253 180 267 194 151 211 162 165 195 225 228 212 163 242 215 196 275 161 206 157 291 190 281 192 223 204 207 158 237 290 210 280 293 273 254 292 152 185 218 199 171 251 235 265 216 189 307 308
190 191 227 279 269 169 153 206 156 167 248 170 284 261 218 195 283 263 240 161 207 220 175 295 262 181 162 165 196 209 199 287 163 244 201 299 173 154 210 246 278 255 291 177 235 212 192 224 237 214 301 302
191 171 290 267 280 257 270 177 158 189 269 282 272 239 168 216 248 284 218 195 183 283 167 296 273 263 240 253 285 252 242 161 196 175 274 287 264 241 254 244 165 286 299 276 163 246 223 213 255 245 154 225 215 301 302
156 198 165 299 276 168 289 266 279 246 177 167 180 157 170 255 291 222 258 151 225 179 215 169 290 159 292 161 236 272 226 206 196 284 261 238 228 208 185 175 273 250 253 220 275 242 219 189 264 300 309
198 167 189 283 263 240 253 220 285 275 252 161 242 209 175 199 159 181 287 264 165 231 244 211 299 276 266 196 279 210 223 200 213 278 245 225 160 280 257 188 282 259 229 284 238 172 228 153 241 302 303
215 284 163 218 283 296 263 253 154 220 157 295 285 172 202 252 255 158 287 231 267 168 152 276 181 153 183 278 291 281 258 200 182 225 196 290 257 293 224 227 176 292 206 259 162 226 262 192 216 195 294 271 303 304
284 245 196 248 281 262 161 206 162 177 270 273 276 257 271 296 169 171 172 285 188 189 268 170 282 233 269 250 280 283 152 164 194 299 289 214 165 244 288 228 179 212 163 307 308
208 245 235 200 248 182 280 293 270 224 214 227 292 269 282 206 259 236 272 226 229 177 281 274 241 218 296 273 286 263 173 295 171 275 252 202 219 209 158 222 189 264 231 211 279 210 246 223 169 151 181 288 268 302 303
245 238 261 241 251 168 152 296 273 169 199 172 153 213 167 275 252 236 264 254 267 161 151 266 279 256 179 209 278 163 242 196 290 280 257 173 154 206 239 292 223 226 207 188 227 305 306
227 258 220 223 177 163 237 295 272 262 154 185 229 157 187 274 241 158 188 231 203 273 276 253 180 164 265 169 181 213 287 195 167 267 244 257 182 299 289 266 233 278 206 291 268 159 281 304 305
258 257 296 168 286 255 157 169 285 171 213 265 216 189 219 222 287 152 194 151 181 211 214 278 291 167 209 201 163 242 229 246 175 269 206 282 162 223 204 256 207 188 210 271 261 224 306 307
200 241 152 254 185 199 299 276 266 256 167 223 213 268 235 212 180 161 194 257 175 270 237 214 195 292 269 259 236 203 206 281 246 248 228 154 293 176 160 171 207 220 295 285 229 242 264 302 303
241 291 229 280 180 293 164 175 239 181 292 211 162 223 165 272 225 226 177 262 209 210 294 224 271 157 160 204 219 265 236 287 264 168 244 276 289 279 256 153 246 213 216 167 305 306
218 289 266 256 163 246 196 255 225 206 160 280 270 158 188 292 236 239 294 152 261 154 274 185 251 228 199 202 153 183 296 273 250 167 170 252 242 232 180 222 161 231 267 151 181 192 303 304
289 202 153 235 167 252 282 236 269 272 283 194 181 162 214 165 296 225 179 201 212 163 242 264 229 281 262 279 157 187 160 290 239 204 177 207 158 237 188 254 287 168 152 154 185 308 309
219 254 231 244 180 161 211 192 179 201 182 212 163 235 196 237 173 187 160 259 171 272 226 177 294 271 261 238 274 251 228 283 273 152 250 263 240 220 199 295 202 153 183 252 167 265 242 232 303 304
254 203 236 180 161 269 194 175 272 159 181 195 225 271 179 201 231 274 248 286 246 173 154 176 157 285 160 220 204 237 188 210 240 287 299 276 288 172 251 202 183 305 306
165 283 153 253 207 220 285 196 232 199 161 274 264 151 188 286 168 266 256 210 246 213 180 278 255 268 179 157 280 270 224 204 194 292 236 272 226 183 173 248 238 300 301
283 244 195 288 163 242 273 287 278 259 274 154 176 160 239 220 177 291 268 257 269 272 185 292 199 172 251 183 235 189 294 203 264 248 296 180 164 159 181 285 192 307 308
263 274 211 192 264 214 244 195 267 179 163 276 196 266 288 173 291 268 157 159 220 223 290 226 280 210 238 185 294 271 199 172 251 153 189 170 222 286 253 285 164 194 306 307
176 292 269 236 272 196 164 248 228 162 293 273 253 207 220 275 252 242 209 173 199 274 264 171 231 211 201 286 299 279 256 210 246 288 180 278 255 268 152 222 212 169 172 224 204 181 194 300 301
292 157 239 220 226 177 207 188 240 224 296 276 257 238 290 168 274 185 172 153 232 235 222 203 285 236 266 250 280 272 253 180 175 211 162 192 195 228 209 201 182 264 229 295 154 279 308 309
177 257 224 204 181 169 269 272 226 183 281 294 271 238 293 273 250 286 253 159 220 163 189 274 287 264 211 173 154 201 266 279 246 223 158 203 288 225 192 280 300 301
257 210 222 293 259 199 202 153 235 294 271 170 274 233 250 161 164 175 159 162 225 209 201 231 182 242 229 299 246 279 154 269 157 187 204 268 306 307
183 188 286 220 256 233 223 213 160 288 278 222 158 189 225 192 267 280 214 204 152 282 259 239 216 153 281 248 228 273 250 175 285 275 159 181 242 196 232 274 182 301 302
188 170 214 279 269 259 226 216 180 281 294 175 261 151 181 195 296 179 250 182 194 207 285 262 239 229 242 199 274 160 231 211 220 256 223 152 235 189 225 169 172 301 302
169 253 213 288 168 255 222 235 189 202 179 270 167 214 204 279 281 173 294 248 164 238 151 195 296 250 207 163 295 272 275 252 242 196 209 199 231 244 211 158 276 300 301
253 153 213 244 167 228 287 267 229 299 175 291 192 223 226 237 210 290 163 224 238 173 185 157 262 171 172 251 271 216 158 261 189 236 250 168 152 305 306
194 160 162 192 242 158 232 199 244 168 299 276 154 233 187 210 223 171 172 153 288 212 225 290 267 180 214 151 226 239 216 294 271 248 182 163 251 228 273 175 301 302
160 204 269 161 259 236 226 170 173 248 261 228 195 293 185 175 273 295 229 242 209 264 231 211 276 168 266 279 256 233 246 167 291 268 159 151 235 202 290 280 300 309
204 171 214 269 246 259 206 291 271 168 248 261 238 185 153 240 207 170 285 262 275 229 274 231 175 159 211 192 256 201 223 163 196 278 255 222 225 280 270 302 303
192 273 250 240 285 262 275 229 242 154 264 231 244 266 233 210 223 180 278 164 232 222 235 212 162 290 267 270 237 182 163 279 282 216 281 157 271 187 248 195 158 301 302
273 195 228 179 201 212 163 229 282 173 187 294 223 226 158 237 270 286 276 238 255 275 232 265 167 189 222 203 269 272 278 175 291 281 181 307 308
152 167 180 157 278 255 222 225 290 280 237 214 181 158 279 269 161 246 282 213 170 281 294 238 251 228 172 293 250 207 295 285 262 229 163 274 175 286 168 256 151 300 309
153 256 223 180 265 157 255 151 290 267 159 279 161 259 226 239 216 170 206 173 271 261 228 182 185 281 164 262 154 252 229 232 209 163 264 300 309
212 251 168 296 286 185 199 285 202 265 242 167 189 287 264 161 256 246 159 151 211 162 288 278 255 268 179 222 201 182 267 224 154 269 282 272 171 207 158 210 294 271 248 303 304
251 242 266 279 248 161 246 278 173 291 175 206 220 158 237 270 210 240 154 199 274 202 232 213 235 189 170 222 236 285 252 151 287 211 162 264 214 244 267 228 231 305 306
158 280 201 237 279 259 226 239 206 271 238 296 250 240 295 272 285 275 252 196 232 287 231 151 175 211 220 233 180 255 268 222 235 225 202 179 290 300 309
280 210 224 238 299 172 213 288 216 291 252 233 266 161 164 159 151 181 211 214 244 179 231 163 275 248 278 259 296 286 157 187 239 171 256 307 308
244 170 286 203 265 164 287 151 181 211 162 201 231 163 242 266 196 256 229 288 291 268 206 157 248 239 226 224 272 168 281 154 271 172 213 305 306
164 295 252 242 232 162 199 287 264 231 211 276 256 233 167 157 288 180 291 179 290 182 224 237 259 239 216 170 281 173 248 261 195 293 185 250 240 220 300 309
161 285 262 239 275 157 252 229 209 287 264 231 211 296 266 154 180 232 222 235 189 225 267 201 214 181 246 259 236 213 291 281 248 300 309
285 267 175 290 211 214 179 201 242 248 229 154 293 220 223 210 295 276 238 232 296 286 265 167 189 170 282 266 250 180 308 309
163 182 195 187 162 252 229 232 209 274 287 231 211 168 223 265 278 225 267 201 237 246 151 259 203 206 291 281 173 300 309
154 246 170 291 261 228 172 162 295 262 275 274 287 211 286 276 210 223 167 288 157 255 235 290 267 159 201 181 279 300 309
246 187 216 170 222 203 233 250 295 275 252 151 195 201 231 182 267 196 269 175 278 268 223 226 209 210 240 224 270 259 305 306
224 207 290 222 168 259 185 271 261 238 216 167 201 240 295 262 275 242 232 159 181 162 195 179 182 256 233 173 288 206 278 157 171 248 303 304
237 223 270 207 269 272 239 168 199 172 202 213 235 189 170 203 295 275 265 274 151 214 225 299 266 196 229 278 291 268 173 159 290 220 267 304 305
220 282 213 236 272 239 201 281 248 238 240 295 207 275 229 265 173 286 299 276 266 256 202 216 288 170 268 222 235 290 180 303 304
185 233 210 179 182 255 291 202 267 270 157 171 269 226 203 216 206 281 294 271 261 238 228 195 293 167 229 196 209 264 231 175 201 151 299 276 301 302
233 264 172 213 216 167 299 189 276 222 288 278 255 291 180 248 175 159 162 195 209 182 196 236 239 281 173 238 206 296 226 250 207 210 295 262 304 305
238 248 229 290 270 206 187 171 282 259 294 296 199 235 275 242 274 287 264 267 151 279 256 211 214 179 209 255 304 305
157 171 259 226 203 216 206 281 271 261 228 182 172 162 187 262 274 287 211 286 299 256 223 167 268 202 270 201 168 181 300 309
171 259 226 216 173 294 271 248 168 182 270 240 207 295 252 206 196 199 274 264 211 296 276 159 266 151 210 187 223 180 268 222 235 290 201 300 301
274 278 291 293 151 239 181 195 225 226 256 282 210 295 240 182 270 294 173 206 276 235 265 222 269 202 279 307 308
203 287 173 231 187 299 172 276 266 279 256 189 288 278 268 248 168 290 199 214 202 269 282 201 239 216 294 271 228 175 296 159 250 181 162 207 265 209 222 302 303
287 236 250 272 293 286 201 231 261 294 275 278 229 173 279 187 223 207 288 210 240 276 255 172 232 265 268 308 309
256 293 270 202 232 216 189 272 222 252 262 250 261 175 296 151 211 162 214 295 201 182 242 248 229 206 187 299 279 269 278 291 306 307
293 179 210 270 196 290 255 291 187 295 235 189 268 294 250 272 168 296 199 232 214 216 228 201 261 264 248 229 259 281 299 211 162 223 195 225 308 309
195 207 295 262 229 265 232 199 187 201 286 276 168 278 255 291 259 270 189 269 282 272 226 175 261 181 302 303
214 296 286 295 262 275 252 255 168 222 264 172 213 299 276 167 189 279 223 236 288 180 181 162 179 209 282 272 239 216 271 303 304
296 225 209 201 231 182 264 196 278 229 175 206 159 239 207 271 199 235 167 268 170 282 236 269 286 181 162 308 309
167 211 180 268 179 267 181 159 226 216 170 281 294 271 248 261 228 182 172 250 187 199 264 231 300 301
226 270 173 187 282 223 262 207 271 261 286 199 202 216 265 170 255 264 175 266 279 159 151 236 225 209 278 182 235 304 305
270 240 282 168 272 255 271 172 202 213 265 268 286 295 267 151 211 225 228 179 209 261 279 288 206 291 187 159 239 307 308
172 299 276 279 210 288 291 268 235 248 202 179 181 239 196 271 175 286 207 262 275 252 222 199 151 267 162 300 301
299 232 213 235 216 268 170 222 282 269 180 267 159 151 225 179 209 242 294 196 248 278 229 262 295 279 206 187 271 168 308 309
266 199 202 232 267 276 279 281 159 162 225 179 209 261 242 269 262 271 223 210 240 255 275 306 307
231 170 240 252 288 159 232 181 211 228 182 196 229 187 268 235 290 168 282 239 202 294 271 213 304 305
159 173 264 210 187 288 265 278 255 179 267 151 279 269 236 170 291 225 250 300 309
295 279 182 261 290 173 291 187 223 207 240 168 267 199 202 232 213 235 216 189 264 250 262 180 308 309
240 162 228 209 196 259 262 294 271 261 239 207 250 286 210 252 242 255 202 216 276 236 288 278 180 291 281 248 175 305 306
290 291 168 255 286 199 202 232 213 189 170 252 264 236 180 175 181 182 261 242 279 187 239 223 308 309
291 271 173 288 187 265 268 222 282 267 228 179 278 262 239 162 223 210 276 308 309
269 187 207 268 222 236 279 168 267 232 213 189 170 201 261 264 180 271 151 211 225 286 196 306 307
242 180 175 250 162 262 209 252 182 265 173 286 187 276 223 207 278 268 168 267 213 235 216 272 189 170 281 248 305 306
196 228 180 181 207 179 262 275 229 265 209 173 222 235 272 216 206 281 294 302 303
250 225 209 264 182 279 187 278 268 168 282 259 272 262 202 294 271 201 236 248 175 275 252 265 305 306
268 232 213 265 170 281 252 180 267 282 272 228 294 182 264 259 262 206 275 288 210 306 307
211 252 232 180 264 162 276 201 223 288 278 255 222 235 207 210 282 236 248 303 304
223 282 170 294 261 180 151 252 229 201 182 232 173 206 279 235 303 304
288 255 267 199 232 235 265 261 175 294 225 228 179 209 210 275 173 187 222 252 282 308 309
175 239 276 278 232 222 189 202 179 201 282 236 170 281 248 261 228 182 207 300 301
170 201 286 276 210 278 255 202 182 267 151 259 236 239 294 228 262 252 265 199 300 301
262 181 225 179 182 259 265 173 187 239 264 267 168 255 278 202 213 201 261 248 306 307
180 275 252 229 232 255 222 182 259 236 272 294 261 228 207 187 301 302
275 267 181 286 225 228 179 261 173 187 239 207 279 168 199 235 282 252 236 272 294 307 308
173 236 206 281 261 228 232 276 210 265 255 189 225 151 201 181 300 301
236 206 235 276 189 222 278 202 213 216 282 259 151 181 225 286 228 179 209 229 304 305
252 181 179 182 281 206 187 207 259 210 168 199 276 232 235 255 305 306
210 202 201 272 239 294 228 162 209 265 255 232 267 276 213 278 303 304
272 278 206 182 239 207 209 255 281 187 232 282 168 267 294 151 213 286 307 308
278 168 232 235 265 216 267 181 279 201 182 248 259 307 308
261 229 187 265 267 255 282 162 225 228 294 179 271 201 182 306 307
286 201 264 248 259 281 239 207 179 271 255 206 187 265 294 222 282 168 267 151 308 309
222 168 213 216 182 225 162 229 207 209 294 276 189 303 304
267 276 279 228 259 282 179 206 187 306 307
276 202 213 264 279 225 209 259 206 281 307 308
207 162 179 282 182 239 216 294 271 229 265 232 209 202 235 225 302 303
235 229 199 213 259 151 162 271 179 187 264 304 305
199 151 162 182 279 282 259 239 248 168 265 189 302 303
279 189 213 264 248 229 239 162 225 281 255 307 308
271 229 259 281 206 187 294 213 189 151 181 209 264 307 308
168 179 282 239 151 206 248 229 209 264 213 300 301
229 294 181 209 182 265 255 206 216 201 304 305
294 259 281 206 239 202 265 216 189 282 181 308 309
239 162 202 232 216 189 264 151 181 248 209 304 305
281 206 187 202 213 216 181 225 228 182 307 308
264 225 179 259 255 202 232 213 216 306 307
179 213 225 202 181 282 259 216 248 228 300 301
232 181 162 282 259 187 202 216 189 304 305
202 189 282 206 151 265 209 187 302 303
162 187 209 255 189 181 282 259 228 300 309
255 213 259 248 151 228 187 189 306 307
265 151 181 213 225 209 201 182 248 259 282 216 189 306 307
225 213 151 209 282 248 228 304 305
187 181 206 201 301 302
259 213 201 182 306 307
189 282 216 228 209 301 302
248 213 216 228 209 305 306
182 209 151 181 206 301 302
213 181 282 201 228 206 303 304
201 209 216 302 303
206 228 209 302 303
228 209 304 305
181 209 301 302
151 282 300 309
216 303 304
209 302 303
282 307 308
300
301
302
303
304
305
306
307
308
309
