#/usr/local/lib/python3.10/dist-packages/colab_kernel_launcher.py -f /root/.local/share/jupyter/runtime/kernel-ccf9b1d1-ce2b-4d6c-8d13-48aff858ef78.json
# GMT Mon May 27 12:36:43 2024
# 
15 21 30 39 3 14 16 6 9 48 12 34 43 4 20 29 47 24 33 42 51 19 37 23 32 18 10 2 5 13 41 50 27 36 45 22 31 40 49 11 17 26 35 104 105 108 109 112 113 116 117 120 121
21 37 46 18 7 32 41 50 27 36 22 40 49 10 26 35 30 5 13 16 8 19 44 11 39 48 25 43 3 38 47 24 42 6 28 17 9 1 20 12 4 51 104 105 108 109 112 113 116 117 120 121
7 17 26 35 16 11 2 5 44 39 48 25 34 43 20 29 24 33 42 10 19 28 37 0 14 6 51 46 1 32 41 50 18 36 45 13 22 31 40 49 4 8 104 107 108 111 112 115 116 119 120 123
17 44 39 48 10 34 43 20 29 38 47 24 42 19 5 28 37 13 23 16 8 11 0 51 14 46 41 18 36 6 22 31 49 26 35 9 30 1 12 4 104 105 108 109 112 113 116 117 120 121
26 30 18 2 5 13 24 16 29 38 47 19 8 33 51 11 0 28 37 46 22 32 14 25 6 9 1 20 41 50 23 12 27 36 45 31 40 49 44 105 106 109 110 113 114 117 118 121 122
30 18 9 10 2 46 41 50 13 24 45 16 40 49 27 44 19 11 22 14 3 6 28 39 48 36 43 1 38 47 20 33 42 51 12 23 37 32 25 105 106 109 110 113 114 117 118 121 122
18 35 8 14 3 16 6 39 48 0 11 1 25 34 43 20 38 47 24 42 19 28 23 10 2 12 51 4 5 46 41 32 27 36 31 40 49 104 105 108 109 112 113 116 117 120 121
39 28 9 48 10 43 23 42 51 4 5 46 41 37 27 29 2 22 24 35 50 16 6 45 36 40 49 19 8 44 38 11 0 1 31 3 25 106 107 110 111 114 115 118 119 122 123
35 10 46 29 2 41 50 45 32 40 49 5 24 13 44 16 27 19 8 3 14 33 25 48 6 47 28 42 51 9 1 37 20 31 12 23 34 105 106 109 110 113 114 117 118 121 122
29 32 50 36 45 25 6 31 49 44 28 9 1 20 12 23 4 48 34 43 10 38 47 2 33 51 37 13 16 27 8 11 0 22 46 3 14 105 106 109 110 113 114 117 118 121 122
32 2 22 41 50 14 36 24 13 45 40 49 6 44 8 11 0 1 20 31 48 28 34 43 9 10 38 47 33 42 12 23 37 4 27 105 106 109 110 113 114 117 118 121 122
8 9 2 5 46 41 27 36 13 22 40 49 44 12 0 16 3 6 48 1 25 34 43 47 24 33 42 4 10 19 28 37 14 23 104 107 108 111 112 115 116 119 120 123
9 49 0 48 3 25 34 43 11 20 47 33 6 10 19 14 1 4 42 51 37 46 50 27 36 45 13 31 40 2 12 5 16 104 107 108 111 112 115 116 119 120 123
0 5 14 23 51 37 41 50 27 36 45 13 22 31 3 12 2 49 44 48 25 34 43 11 20 38 47 6 24 33 42 10 19 28 104 107 108 111 112 115 116 119 120 123
5 46 41 36 31 40 49 44 12 16 25 1 11 6 4 48 34 43 20 38 47 2 24 33 42 51 10 19 37 14 23 13 104 107 108 111 112 115 116 119 120 123
40 41 50 45 10 49 2 44 13 27 19 38 11 22 48 14 3 43 33 47 6 51 36 28 1 20 31 23 4 34 37 106 107 110 111 114 115 118 119 122 123
41 51 24 13 16 27 38 11 46 50 3 45 33 49 25 6 44 36 28 1 31 20 23 12 34 48 37 43 47 106 107 110 111 114 115 118 119 122 123
37 22 14 3 33 16 6 36 28 31 44 23 43 25 38 47 42 10 2 4 13 51 46 27 50 19 45 105 106 109 110 113 114 117 118 121 122
11 14 23 10 2 46 4 27 36 45 13 22 49 12 16 3 6 44 48 43 20 38 47 24 33 42 19 28 104 107 108 111 112 115 116 119 120 123
14 24 33 42 51 19 28 23 6 1 46 12 50 4 27 36 45 22 31 16 25 10 2 34 43 20 38 104 105 108 109 112 113 116 117 120 121
50 2 43 13 16 27 46 19 38 49 51 22 3 44 33 25 47 28 1 20 31 12 23 42 4 45 34 48 106 107 110 111 114 115 118 119 122 123
46 22 13 24 6 19 38 1 3 33 44 25 36 28 20 31 23 42 4 43 48 34 45 47 51 10 106 107 110 111 114 115 118 119 122 123
6 48 3 34 43 38 47 33 42 51 19 28 23 4 27 45 31 49 2 16 25 1 104 107 108 111 112 115 116 119 120 123
48 47 36 1 31 20 23 12 42 34 10 2 51 43 13 24 16 27 19 38 22 3 33 106 107 110 111 114 115 118 119 122 123
23 22 3 25 34 43 47 24 33 42 1 20 28 51 2 27 36 45 31 49 44 16 104 105 108 109 112 113 116 117 120 121
10 27 36 45 22 31 3 44 12 16 25 13 4 34 43 20 24 33 42 51 19 28 2 104 107 108 111 112 115 116 119 120 123
27 2 24 13 16 36 45 31 19 49 3 25 1 20 34 43 38 47 4 33 42 105 106 109 110 113 114 117 118 121 122
36 2 43 38 47 51 13 16 19 22 3 45 28 49 44 1 20 31 34 105 106 109 110 113 114 117 118 121 122
51 44 47 22 49 38 31 20 3 33 25 34 45 28 12 4 43 24 19 106 107 110 111 114 115 118 119 122 123
2 45 13 22 31 49 3 12 44 43 20 38 24 33 42 19 28 4 1 104 107 108 111 112 115 116 119 120 123
25 34 43 38 47 33 42 28 12 4 24 19 45 31 22 3 13 16 1 20 49 104 105 108 109 112 113 116 117 120 121
34 1 20 31 12 4 43 38 47 42 24 13 16 22 45 3 49 33 44 105 106 109 110 113 114 117 118 121 122
45 43 13 24 16 19 38 22 47 33 44 28 31 20 12 4 49 106 107 110 111 114 115 118 119 122 123
33 47 42 28 1 20 12 4 44 24 13 16 19 43 22 105 106 109 110 113 114 117 118 121 122
47 31 20 12 42 4 43 13 24 16 19 38 22 3 106 107 110 111 114 115 118 119 122 123
43 28 1 44 12 42 4 19 38 3 106 107 110 111 114 115 118 119 122 123
3 24 42 19 28 4 13 22 31 49 44 12 1 20 38 104 107 108 111 112 115 116 119 120 123
22 28 13 16 31 49 44 1 20 12 4 38 24 42 104 105 108 109 112 113 116 117 120 121
28 38 42 1 20 12 4 31 49 44 24 16 105 106 109 110 113 114 117 118 121 122
24 31 49 1 44 12 4 38 13 42 16 19 104 105 108 109 112 113 116 117 120 121
42 44 20 31 12 13 16 49 19 38 106 107 110 111 114 115 118 119 122 123
16 49 13 44 20 38 19 1 12 4 104 105 108 109 112 113 116 117 120 121
44 12 4 13 19 49 38 1 20 31 106 107 110 111 114 115 118 119 122 123
49 4 13 19 38 1 31 12 106 107 110 111 114 115 118 119 122 123
31 13 19 1 12 4 105 106 109 110 113 114 117 118 121 122
38 1 20 12 4 13 19 105 106 109 110 113 114 117 118 121 122
19 1 12 4 104 105 108 109 112 113 116 117 120 121
13 1 20 12 4 104 105 108 109 112 113 116 117 120 121
12 20 1 4 104 107 108 111 112 115 116 119 120 123
1 4 20 104 107 108 111 112 115 116 119 120 123
20 4 104 105 108 109 112 113 116 117 120 121
4 104 107 108 111 112 115 116 119 120 123
67 73 82 91 55 68 77 58 61 53 100 64 86 95 56 72 90 99 76 85 94 103 59 80 70 62 54 57 98 93 102 79 88 97 60 74 83 101 52 63 69 78 87 104 105 108 109 112 113 116 117 120 121
73 98 59 70 84 93 102 79 88 97 74 101 62 78 87 54 82 57 65 68 71 60 96 63 52 77 86 95 55 99 76 85 94 80 75 69 61 53 72 64 56 103 104 105 108 109 112 113 116 117 120 121
59 69 78 87 64 82 68 63 57 96 91 100 86 95 72 81 90 99 76 85 94 62 80 89 52 66 75 55 98 53 84 93 70 79 88 65 74 92 101 56 60 104 107 108 111 112 115 116 119 120 123
69 96 91 100 62 77 86 81 90 76 85 94 71 57 80 89 75 68 60 52 103 66 98 84 93 102 70 79 97 58 74 83 92 101 78 87 61 82 53 64 104 105 108 109 112 113 116 117 120 121
78 82 91 62 54 57 65 68 95 81 90 99 60 71 85 94 103 80 89 98 74 84 66 55 58 61 53 72 93 64 75 79 88 97 56 92 101 87 96 105 106 109 110 113 114 117 118 121 122
82 70 61 62 81 98 56 57 93 102 65 76 88 97 68 83 92 101 79 87 96 60 71 63 74 66 55 80 91 100 86 52 53 90 72 94 103 77 105 106 109 110 113 114 117 118 121 122
91 80 61 100 62 95 99 75 64 103 56 84 57 93 86 70 89 79 81 54 74 76 65 102 58 97 88 92 101 60 71 96 90 52 63 53 55 66 106 107 110 111 114 115 118 119 122 123
87 70 98 81 54 93 102 88 97 84 92 76 65 96 68 79 60 71 52 63 74 55 66 85 77 58 95 99 90 94 61 89 53 72 83 64 56 105 106 109 110 113 114 117 118 121 122
70 96 60 55 66 68 58 63 52 53 86 95 72 81 90 99 76 94 71 61 62 54 64 103 56 57 65 84 93 102 79 88 97 74 83 92 104 105 108 109 112 113 116 117 120 121
81 84 93 102 88 97 77 58 92 101 96 80 61 72 64 75 56 100 86 95 62 90 54 85 103 89 57 65 68 79 71 63 52 98 55 66 105 106 109 110 113 114 117 118 121 122
84 54 74 93 102 66 88 65 97 92 101 68 58 60 63 52 53 72 55 77 100 80 86 95 61 90 99 85 103 64 75 89 56 57 79 105 106 109 110 113 114 117 118 121 122
96 99 103 61 62 64 94 56 95 65 76 89 79 60 98 102 97 74 101 55 66 68 58 80 90 52 63 53 83 72 75 100 77 86 106 107 110 111 114 115 118 119 122 123
60 61 54 57 98 93 102 65 74 83 64 52 68 63 58 100 53 77 86 95 72 90 99 76 94 56 62 71 80 89 66 75 104 107 108 111 112 115 116 119 120 123
61 52 100 55 77 95 63 90 99 85 58 62 71 80 66 53 56 89 75 93 102 88 97 65 74 83 92 54 64 57 68 104 107 108 111 112 115 116 119 120 123
92 93 102 97 62 101 57 76 65 71 90 63 52 74 100 66 95 85 77 94 58 103 88 80 53 72 83 75 64 56 86 98 89 106 107 110 111 114 115 118 119 122 123
93 94 54 57 65 76 71 90 52 63 98 74 102 55 85 101 58 88 80 83 72 64 75 56 86 100 89 95 99 106 107 110 111 114 115 118 119 122 123
63 66 75 62 103 89 98 102 56 79 88 65 83 64 68 55 58 100 86 95 52 90 99 53 76 85 94 71 80 104 107 108 111 112 115 116 119 120 123
66 52 76 85 94 103 71 80 89 55 58 53 98 64 102 79 88 97 74 83 101 68 77 62 54 65 95 90 99 104 105 108 109 112 113 116 117 120 121
58 100 55 86 95 90 99 76 85 94 71 80 89 98 75 65 56 102 79 88 97 74 83 101 54 77 72 53 104 107 108 111 112 115 116 119 120 123
100 99 88 101 80 53 72 83 75 64 94 86 97 89 54 103 95 57 76 65 68 79 98 71 74 55 85 102 77 106 107 110 111 114 115 118 119 122 123
102 54 95 57 65 68 79 98 71 101 90 103 52 74 55 85 77 99 64 75 94 56 97 89 62 106 107 110 111 114 115 118 119 122 123
98 74 57 76 71 90 52 53 101 55 85 77 88 72 83 75 94 95 86 97 99 89 103 79 62 54 106 107 110 111 114 115 118 119 122 123
52 75 103 89 79 88 56 65 83 55 64 68 54 101 77 86 72 90 76 85 94 53 62 80 104 107 108 111 112 115 116 119 120 123
75 74 55 77 86 95 90 99 76 85 94 72 80 89 64 62 103 54 97 57 83 101 65 68 71 104 105 108 109 112 113 116 117 120 121
62 79 97 74 83 101 55 64 68 77 53 56 86 95 99 76 85 94 103 80 89 54 65 57 104 107 108 111 112 115 116 119 120 123
79 54 74 57 76 65 68 97 83 71 101 77 53 72 86 64 90 99 85 94 103 80 89 105 106 109 110 113 114 117 118 121 122
94 85 77 88 80 53 95 83 72 99 86 89 54 56 57 76 65 97 101 71 74 106 107 110 111 114 115 118 119 122 123
85 90 99 89 77 80 83 72 64 103 56 88 97 54 65 76 68 71 86 95 74 105 106 109 110 113 114 117 118 121 122
90 77 88 80 53 83 72 64 101 86 54 57 76 65 68 71 99 74 55 105 106 109 110 113 114 117 118 121 122
54 88 65 74 83 55 64 68 77 86 95 72 99 76 80 89 57 56 53 103 104 107 108 111 112 115 116 119 120 123
77 86 99 80 64 56 57 76 103 89 71 88 97 83 55 65 68 72 101 104 105 108 109 112 113 116 117 120 121
86 80 53 83 72 56 95 99 103 57 68 71 74 88 97 55 101 105 106 109 110 113 114 117 118 121 122
99 88 103 80 55 53 64 56 97 89 101 95 57 65 76 71 106 107 110 111 114 115 118 119 122 123
97 95 57 76 65 68 71 74 103 55 88 80 72 83 64 56 89 106 107 110 111 114 115 118 119 122 123
55 76 71 80 57 56 103 88 65 74 83 101 64 68 53 104 107 108 111 112 115 116 119 120 123
76 88 101 72 64 56 95 57 65 103 68 89 71 74 104 105 108 109 112 113 116 117 120 121
74 89 68 71 88 83 101 53 72 56 95 103 104 105 108 109 112 113 116 117 120 121
89 88 80 53 83 72 64 95 56 65 103 101 71 105 106 109 110 113 114 117 118 121 122
103 65 68 101 53 72 83 80 64 56 95 57 71 106 107 110 111 114 115 118 119 122 123
68 88 83 101 57 65 95 72 80 53 64 56 104 105 108 109 112 113 116 117 120 121
64 57 72 71 88 83 53 101 56 104 107 108 111 112 115 116 119 120 123
88 95 57 71 80 101 53 72 83 56 105 106 109 110 113 114 117 118 121 122
101 56 95 57 65 71 53 83 72 106 107 110 111 114 115 118 119 122 123
95 80 53 83 72 56 57 71 106 107 110 111 114 115 118 119 122 123
83 57 65 71 80 53 72 56 105 106 109 110 113 114 117 118 121 122
71 53 56 57 65 72 104 105 108 109 112 113 116 117 120 121
65 53 72 80 57 104 105 108 109 112 113 116 117 120 121
80 53 72 56 57 105 106 109 110 113 114 117 118 121 122
57 53 56 72 104 107 108 111 112 115 116 119 120 123
53 72 104 107 108 111 112 115 116 119 120 123
72 56 104 105 108 109 112 113 116 117 120 121
56 104 107 108 111 112 115 116 119 120 123
104
105
106
107
108
109
110
111
112
113
114
115
116
117
118
119
120
121
122
123
