#/usr/local/lib/python3.10/dist-packages/colab_kernel_launcher.py -f /root/.local/share/jupyter/runtime/kernel-dea7114a-48f2-47cd-9840-9590734c419b.json
# GMT Thu May 23 22:39:33 2024
# 
15 21 39 14 6 9 1 48 12 34 52 4 29 47 24 42 51 19 7 37 23 32 18 2 46 41 50 27 36 8 22 31 49 26 44 106 107 111 112 117 118
21 7 41 50 22 31 40 10 26 35 2 30 16 19 44 11 0 39 48 25 34 43 52 3 38 47 33 42 6 23 9 1 20 51 107 108 112 113 117 118
7 17 26 35 30 16 44 39 48 43 20 29 47 24 42 10 37 0 23 9 3 51 46 1 32 41 50 27 13 22 40 4 8 106 111 112 116 117 121
17 44 39 10 25 34 52 20 29 38 47 33 5 37 13 16 0 11 51 3 46 32 18 27 36 6 40 26 35 9 30 1 12 4 106 107 112 113 117 118
18 26 35 44 8 30 3 48 0 11 1 43 47 33 42 19 28 37 23 9 10 4 5 46 13 32 41 36 45 22 31 40 49 106 107 112 113 117 118
26 10 5 13 24 16 48 34 43 52 38 8 19 42 28 37 46 22 32 3 14 25 6 9 1 20 12 45 4 49 107 108 112 113 118 119
39 48 20 52 47 23 42 51 4 32 46 41 34 37 27 29 2 22 35 16 6 45 36 49 19 8 44 11 31 3 33 108 109 114 115 119 120
35 10 46 29 2 36 45 32 40 24 13 16 19 30 8 0 14 48 6 43 52 42 51 1 31 20 23 12 4 34 108 109 113 114 119 120
29 32 25 31 40 49 30 9 1 20 12 23 4 48 43 52 10 38 2 33 42 51 5 24 16 27 19 8 46 14 107 108 113 114 118 119
32 2 22 41 50 14 13 45 49 6 8 19 11 0 20 48 28 34 52 9 47 33 12 37 46 4 27 108 109 113 114 118 119
44 47 51 9 10 4 5 13 37 30 8 19 50 45 22 41 49 33 16 36 38 11 20 31 23 48 25 52 34 109 110 114 115 120 121
8 9 51 5 46 41 50 22 49 0 30 3 6 48 25 34 43 52 38 47 24 42 4 28 37 23 106 111 112 116 117 121
9 30 3 52 38 24 33 10 19 28 14 4 51 46 41 50 27 36 13 22 31 40 2 12 16 106 111 112 116 117 121
40 41 50 10 49 13 24 27 30 38 0 11 22 48 14 3 33 47 25 6 51 28 1 12 23 4 34 46 109 110 114 115 119 120
41 42 2 5 13 24 27 30 0 22 50 14 3 49 6 28 31 12 34 48 37 43 52 47 10 109 110 114 115 119 120
11 14 10 37 46 50 5 27 36 45 22 31 49 30 16 6 48 25 34 43 0 38 47 1 24 33 42 28 106 107 111 112 116 117
14 24 33 42 28 37 23 1 12 50 27 36 45 22 49 30 16 25 10 2 5 48 34 43 20 47 106 107 111 112 117 118
6 48 3 34 52 38 24 33 42 37 23 50 36 45 22 31 49 2 12 30 16 25 0 1 106 110 111 116 117 121
48 49 28 1 20 31 23 45 10 51 5 24 13 46 38 0 3 33 50 109 110 115 116 120 121
50 43 5 24 13 16 52 27 46 30 49 38 22 25 36 28 31 12 34 45 37 10 110 111 115 116 120 121
0 23 51 37 46 36 13 22 31 3 16 2 30 25 34 43 52 20 47 33 1 10 19 106 110 111 115 116 120 121
23 22 43 38 47 33 42 1 20 37 10 51 27 4 36 5 31 49 16 30 19 107 108 112 113 117 118
10 27 36 22 3 12 30 34 43 52 47 24 42 51 28 37 13 46 106 107 111 112 116 117 121
27 2 5 24 13 16 31 30 3 25 1 20 34 43 52 12 4 33 51 28 46 107 108 113 114 118 119
42 3 33 25 36 28 43 20 12 37 2 51 5 16 45 49 19 30 38 22 109 110 114 115 119 120
36 2 43 38 47 5 13 37 16 30 19 3 25 45 28 49 1 20 4 34 108 109 113 114 119 120
33 38 3 37 25 20 12 51 4 46 2 5 24 13 16 19 52 22 108 109 113 114 118 119
38 25 28 1 51 20 46 45 49 34 37 2 5 13 24 30 19 47 22 108 109 114 115 119 120
2 45 13 31 3 12 30 16 25 34 43 52 20 24 28 37 4 1 51 106 110 111 115 116 121
25 34 52 47 12 4 5 24 46 19 45 31 22 13 16 20 30 107 108 112 113 118 119
34 28 31 12 43 51 37 16 30 46 22 45 49 108 109 113 114 119 120
47 52 28 3 1 20 4 45 37 49 43 5 24 46 19 22 109 110 115 116 120 121
3 24 5 4 51 46 13 22 49 12 30 16 1 43 20 106 110 111 115 116 121
52 28 1 31 12 4 45 37 51 5 13 24 16 19 110 111 115 116 120 121
22 28 19 45 49 30 12 43 24 107 108 112 113 117 118
28 1 20 12 4 46 45 31 49 5 30 24 13 19 107 108 113 114 118 119
24 46 31 1 20 30 43 5 13 51 107 108 112 113 118 119
30 16 19 43 20 51 108 109 113 114 118 119
49 4 13 51 16 46 1 20 31 12 45 109 110 115 116 120 121
51 13 31 45 12 4 43 5 19 110 111 115 116 120 121
45 43 5 13 19 1 31 20 12 4 46 37 109 110 114 115 120 121
13 1 43 19 37 12 4 5 106 107 111 112 116 117
37 16 1 20 12 43 4 19 108 109 114 115 119 120
43 1 31 20 4 5 16 109 110 114 115 119 120
16 46 31 5 19 1 4 106 107 111 112 117 118
5 46 31 12 1 4 19 106 110 111 116 117 121
46 19 31 20 12 109 110 114 115 120 121
31 19 1 20 12 4 108 109 113 114 118 119
12 20 19 4 106 107 111 112 116 117
1 19 20 106 110 111 115 116 121
20 19 107 108 112 113 117 118
4 19 106 110 111 116 117 121
19 106 107 112 113 117 118
68 74 92 67 78 54 96 105 57 82 91 100 77 86 95 104 72 60 90 76 85 58 99 103 80 98 61 75 84 93 102 64 70 79 97 106 107 111 112 117 118
74 90 99 60 71 94 80 89 98 75 102 63 58 66 69 61 72 64 97 101 78 87 96 56 82 91 100 86 62 54 73 65 57 104 107 108 112 113 117 118
79 83 71 63 55 58 77 101 87 105 82 91 100 86 95 64 90 99 75 67 56 59 62 54 73 103 76 65 80 84 93 102 88 97 107 108 112 113 118 119
83 60 62 63 55 94 66 98 69 84 93 102 80 88 97 61 64 67 56 81 70 92 53 96 105 54 100 73 86 95 65 76 85 78 108 109 113 114 118 119
71 88 97 56 67 92 64 54 78 87 105 91 100 77 86 72 81 90 76 70 62 55 65 104 66 85 94 103 60 89 98 93 102 106 107 112 113 117 118
92 81 101 96 73 105 100 76 95 104 57 85 58 99 60 90 82 55 75 66 77 103 69 59 98 89 61 72 91 54 67 78 108 109 114 115 119 120
60 88 65 69 64 101 78 87 96 105 73 91 100 95 72 90 53 67 76 56 59 104 99 85 103 80 98 66 93 61 106 111 112 116 117 121
88 63 99 82 55 103 94 89 98 93 77 97 80 72 61 64 53 75 56 86 59 96 91 100 70 62 54 84 65 57 87 108 109 113 114 119 120
82 85 94 98 78 84 102 81 70 62 54 65 57 101 87 96 63 100 55 95 90 58 77 69 80 61 64 53 75 67 107 108 113 114 118 119
85 75 94 103 89 77 98 69 102 59 97 61 72 53 54 56 78 101 81 70 96 63 100 86 95 104 90 57 80 108 109 113 114 118 119
97 100 104 62 93 65 57 77 80 61 72 99 75 102 67 86 69 59 81 91 53 64 54 76 101 78 105 87 109 110 114 115 120 121
61 62 55 104 58 80 89 98 66 75 84 102 70 53 56 59 101 54 78 96 105 86 63 72 81 76 106 111 112 116 117 121
62 102 53 87 105 64 91 100 77 86 72 67 54 57 95 104 103 80 89 66 75 84 93 70 65 58 69 106 111 112 116 117 121
93 94 103 98 63 102 55 58 66 91 64 101 67 96 86 100 78 95 59 70 54 84 73 76 65 99 90 109 110 114 115 119 120
94 104 55 77 66 69 80 91 53 64 99 75 103 67 86 102 78 59 89 73 65 76 57 101 90 96 105 63 109 110 114 115 119 120
90 75 67 56 86 69 59 89 81 70 64 73 76 96 78 100 95 63 55 77 66 99 80 103 72 108 109 114 115 119 120
53 67 76 104 98 57 66 75 84 70 56 65 69 55 102 101 87 64 73 91 100 59 77 95 72 81 106 110 111 115 116 120 121
67 64 86 95 104 72 81 56 99 103 57 98 75 84 102 63 55 58 101 87 96 100 106 107 111 112 117 118
103 58 77 66 105 99 72 102 104 75 56 86 78 59 100 89 54 84 73 65 76 87 101 110 111 115 116 120 121
64 63 55 58 89 98 66 84 70 65 69 101 78 96 105 100 54 86 95 72 106 107 111 112 116 117
99 75 58 66 69 59 72 91 102 56 89 81 84 76 57 96 101 105 87 100 104 80 63 109 110 114 115 120 121
59 101 56 105 91 77 95 63 72 81 76 66 57 58 80 89 75 84 102 70 65 78 106 110 111 116 117 121
101 70 54 84 95 57 98 63 105 55 104 96 58 66 69 80 56 86 78 109 110 115 116 120 121
76 75 78 87 105 91 100 77 86 95 54 73 81 63 55 80 89 57 98 66 107 108 112 113 117 118
63 89 84 102 56 70 65 69 78 96 91 100 77 86 95 104 81 55 58 106 107 111 112 116 117 121
89 96 105 91 100 95 104 66 77 69 80 72 75 86 78 98 54 73 65 87 108 109 113 114 119 120
104 69 100 91 54 84 73 56 86 78 98 81 70 65 95 96 77 55 110 111 115 116 120 121
78 87 95 57 58 77 72 80 75 56 66 69 73 102 107 108 112 113 118 119
87 70 81 54 84 73 65 57 91 95 55 58 66 77 69 80 72 75 98 56 108 109 113 114 119 120
100 86 70 81 73 65 102 58 66 69 72 91 109 110 115 116 120 121
86 56 95 81 70 65 57 98 55 77 80 72 105 108 109 113 114 118 119
55 80 66 84 102 65 69 105 73 77 95 72 81 58 57 54 106 110 111 115 116 121
56 95 72 81 58 57 80 66 75 84 102 70 96 73 91 106 110 111 115 116 121
75 81 58 66 72 98 84 102 73 57 96 105 95 107 108 112 113 117 118
81 96 105 95 70 54 73 65 57 98 102 58 69 80 107 108 113 114 118 119
95 70 96 105 73 65 57 77 69 109 110 114 115 119 120
65 105 58 73 91 66 84 102 54 70 57 106 107 111 112 116 117
102 57 77 66 80 91 96 54 73 105 109 110 115 116 120 121
98 96 58 77 66 69 80 72 91 70 73 84 57 109 110 114 115 120 121
105 70 54 73 57 96 77 69 80 72 91 110 111 115 116 120 121
84 58 96 77 91 69 80 72 70 54 73 57 108 109 113 114 118 119
80 58 66 72 70 73 96 107 108 113 114 118 119
72 70 57 66 69 91 106 107 112 113 117 118
96 54 73 57 58 77 91 109 110 114 115 119 120
69 70 58 66 91 77 54 57 106 107 111 112 117 118
58 70 54 73 91 77 66 106 110 111 116 117 121
70 73 77 54 57 106 107 112 113 117 118
91 54 73 66 77 108 109 114 115 119 120
66 54 73 106 107 111 112 116 117
77 54 57 107 108 112 113 118 119
54 73 106 110 111 115 116 121
73 57 107 108 112 113 117 118
57 106 110 111 116 117 121
106
107
108
109
110
111
112
113
114
115
116
117
118
119
120
121
