#/usr/local/lib/python3.10/dist-packages/colab_kernel_launcher.py -f /root/.local/share/jupyter/runtime/kernel-ccf9b1d1-ce2b-4d6c-8d13-48aff858ef78.json
# GMT Mon May 27 11:46:27 2024
# 
15 21 30 3 14 16 25 6 9 1 12 4 20 29 24 19 7 28 23 18 10 2 5 13 27 8 22 11 0 17 26 62 63 65 66 68 69 70 71 73 74 76 77 79 80
21 7 18 27 22 10 26 2 30 5 13 16 8 19 0 11 25 14 3 29 24 6 28 23 17 9 1 20 12 4 62 63 65 66 68 69 71 72 74 75 77 78 79 80
7 17 26 12 30 16 11 2 5 25 20 29 24 10 19 28 0 14 23 9 3 6 1 18 27 13 22 4 8 62 64 65 67 68 70 71 72 73 75 76 78 79 81
17 10 25 2 20 29 24 19 5 28 13 23 16 8 11 0 14 3 18 27 6 22 26 9 30 1 12 4 62 63 65 66 68 69 71 72 73 74 76 77 79 80
26 30 18 10 2 5 24 13 16 29 19 8 0 11 28 22 14 3 25 6 9 1 20 12 23 27 4 63 64 66 67 69 70 71 72 74 75 77 78 80 81
30 18 9 10 29 2 4 5 13 24 16 27 19 8 11 22 14 3 6 28 0 1 20 12 23 25 63 64 66 67 69 70 72 73 75 76 77 78 80 81
18 8 14 3 16 6 0 11 1 25 20 29 24 19 28 23 9 10 2 12 4 5 13 27 22 62 63 65 66 68 69 71 72 73 74 76 77 79 80
8 9 2 5 27 13 22 12 0 16 11 3 6 1 25 20 29 24 4 10 19 28 14 23 62 64 65 67 68 70 71 73 74 75 76 78 79 81
9 0 3 25 11 20 29 24 6 10 19 28 14 1 4 23 27 13 22 2 12 5 16 62 64 65 67 68 70 71 73 74 75 76 78 79 81
0 5 14 23 27 4 13 22 3 12 16 2 25 11 20 29 6 24 1 10 19 28 62 63 64 66 67 69 70 72 73 75 76 77 78 80 81
5 3 27 22 12 16 25 1 11 6 4 20 29 2 24 10 19 28 14 23 13 62 64 65 67 68 69 70 72 73 75 76 78 79 81
14 11 24 19 28 3 23 6 1 12 4 27 22 16 25 10 2 13 20 29 62 63 65 66 67 68 70 71 73 74 76 77 79 80
11 23 10 2 4 27 13 22 12 16 3 6 25 20 29 1 24 19 28 62 63 64 65 67 68 70 71 73 74 76 77 78 79 81
23 22 3 6 25 29 24 1 20 28 12 10 2 27 4 13 16 19 63 64 65 66 68 69 71 72 74 75 77 78 80 81
10 27 22 3 12 6 16 25 1 4 20 29 24 19 28 2 13 62 64 65 67 68 70 71 73 74 76 77 78 79 81
27 2 22 24 13 16 19 3 25 6 1 20 12 29 4 28 63 64 66 67 69 70 71 72 74 75 77 78 80 81
3 6 24 19 28 2 4 13 22 12 16 25 1 20 29 62 64 65 66 67 69 70 72 73 75 76 78 79 81
6 29 24 19 28 13 4 22 2 12 16 25 20 1 62 64 65 67 68 70 71 72 73 75 76 78 79 81
22 28 2 13 16 19 25 1 20 12 4 29 24 63 64 65 66 68 69 71 72 74 75 77 78 79 80
28 25 29 1 20 12 4 2 13 24 16 19 63 64 66 67 69 70 72 73 74 75 77 78 80 81
24 1 20 12 25 4 2 29 13 16 19 63 64 66 67 68 69 71 72 74 75 77 78 80 81
16 2 13 25 20 29 19 1 12 4 62 63 65 66 68 69 70 71 73 74 76 77 79 80
12 2 25 20 29 19 13 1 4 62 63 64 65 67 68 70 71 73 74 76 77 79 80 81
25 29 4 19 2 13 1 20 63 64 66 67 68 69 71 72 74 75 77 78 80 81
29 1 20 4 2 13 19 63 64 66 67 69 70 72 73 74 75 77 78 80 81
2 13 20 19 4 1 62 64 65 66 67 69 70 72 73 75 76 78 79 80 81
19 1 4 13 20 62 63 65 66 68 69 71 72 74 75 76 77 79 80
13 1 20 4 62 63 65 66 67 68 70 71 73 74 76 77 79 80 81
20 4 1 62 63 65 66 68 69 71 72 74 75 76 77 79 80
4 1 62 64 65 67 68 69 70 72 73 75 76 78 79 81
1 62 63 64 66 67 69 70 72 73 75 76 78 79 80 81
46 52 61 45 34 47 56 37 40 32 43 35 51 60 55 50 38 59 54 49 41 33 36 44 58 39 53 42 31 48 57 62 63 65 66 68 69 70 71 73 74 76 77 79 80
52 49 38 58 53 41 57 33 61 36 44 47 50 39 42 31 56 45 34 60 55 37 59 54 48 40 32 51 43 35 62 63 65 66 68 69 71 72 74 75 77 78 79 80
38 48 57 43 61 47 42 33 36 56 51 60 55 41 50 59 31 45 54 40 34 37 32 49 58 44 53 35 39 62 64 65 67 68 70 71 72 73 75 76 78 79 81
48 41 56 33 51 60 55 36 50 59 44 54 47 39 31 42 45 34 49 58 37 53 57 40 61 32 43 35 62 63 65 66 68 69 71 72 73 74 76 77 79 80
57 61 49 41 33 36 55 44 47 60 39 50 42 31 59 53 45 34 56 37 40 32 51 54 43 58 35 63 64 66 67 69 70 71 72 74 75 77 78 80 81
61 49 40 41 60 33 35 36 44 55 47 58 50 39 42 53 45 34 37 59 31 32 51 54 43 56 63 64 66 67 69 70 72 73 75 76 77 78 80 81
49 39 34 45 47 37 42 31 32 56 51 60 55 50 59 54 40 41 33 43 35 36 44 58 53 62 63 65 66 68 69 71 72 73 74 76 77 79 80
39 40 33 36 58 44 53 43 31 47 42 34 37 32 56 51 60 55 35 41 50 59 45 54 62 64 65 67 68 70 71 73 74 75 76 78 79 81
40 31 34 56 42 51 60 55 37 41 50 59 45 32 35 54 58 44 53 33 43 36 47 62 64 65 67 68 70 71 73 74 75 76 78 79 81
31 36 45 54 58 35 44 53 34 43 47 33 56 42 51 60 37 55 32 41 50 59 62 63 64 66 67 69 70 72 73 75 76 77 78 80 81
36 34 58 53 43 47 56 32 42 37 35 51 60 33 55 41 50 59 45 54 44 62 64 65 67 68 69 70 72 73 75 76 78 79 81
42 45 54 41 33 35 58 44 53 43 47 34 37 56 51 60 32 55 50 59 62 63 64 65 67 68 70 71 73 74 76 77 78 79 81
45 55 50 59 34 54 37 32 43 35 58 53 47 56 41 33 44 51 60 62 63 65 66 67 68 70 71 73 74 76 77 79 80
54 53 34 37 56 60 55 32 51 59 43 41 33 58 35 44 47 50 63 64 65 66 68 69 71 72 74 75 77 78 80 81
41 58 53 34 43 37 47 56 32 35 51 60 55 50 59 33 44 62 64 65 67 68 70 71 73 74 76 77 78 79 81
58 33 53 44 55 47 50 34 56 37 32 51 43 60 35 59 63 64 66 67 69 70 71 72 74 75 77 78 80 81
34 37 55 50 59 33 35 44 53 43 47 56 32 51 60 62 64 65 66 67 69 70 72 73 75 76 78 79 81
37 60 55 50 59 44 35 53 33 43 47 56 51 32 62 64 65 67 68 70 71 72 73 75 76 78 79 81
53 59 33 44 47 50 56 32 51 43 35 60 55 63 64 65 66 68 69 71 72 74 75 77 78 79 80
59 56 60 32 51 43 35 33 55 44 47 50 63 64 66 67 69 70 72 73 74 75 77 78 80 81
55 32 51 43 56 35 33 60 44 47 50 63 64 66 67 68 69 71 72 74 75 77 78 80 81
47 33 44 56 51 60 50 32 43 35 62 63 65 66 68 69 70 71 73 74 76 77 79 80
43 33 56 51 60 50 44 32 35 62 63 64 65 67 68 70 71 73 74 76 77 79 80 81
56 60 35 50 33 44 32 51 63 64 66 67 68 69 71 72 74 75 77 78 80 81
33 44 51 60 50 35 32 62 64 65 66 67 69 70 72 73 75 76 78 79 80 81
60 32 51 35 44 50 63 64 66 67 69 70 72 73 74 75 77 78 80 81
50 32 35 44 51 62 63 65 66 68 69 71 72 74 75 76 77 79 80
44 32 51 35 62 63 65 66 67 68 70 71 73 74 76 77 79 80 81
51 35 32 62 63 65 66 68 69 71 72 74 75 76 77 79 80
35 32 62 64 65 67 68 69 70 72 73 75 76 78 79 81
32 62 63 64 66 67 69 70 72 73 75 76 78 79 80 81
62
63
64
65
66
67
68
69
70
71
72
73
74
75
76
77
78
79
80
81
