#/usr/local/lib/python3.10/dist-packages/colab_kernel_launcher.py -f /root/.local/share/jupyter/runtime/kernel-dea7114a-48f2-47cd-9840-9590734c419b.json
# GMT Thu May 23 22:03:14 2024
# 
15 21 1 23 14 3 16 18 12 2 6 4 8 20 22 0 11 24 5 19 7 9 13 50 51 54 55 57 58 60 61 63 64
21 17 5 18 9 13 3 14 16 20 22 10 24 12 2 6 4 19 8 23 0 11 51 52 54 55 57 58 61 62 64 65
16 20 22 11 24 17 5 19 9 13 1 23 14 3 10 12 2 6 18 4 8 51 52 54 55 57 58 60 61 63 64
20 6 22 10 12 2 8 19 23 11 0 17 1 5 7 18 9 13 14 3 51 52 54 55 57 58 60 61 64 65
7 17 10 19 0 12 14 23 5 9 1 11 3 18 13 22 2 6 24 4 8 50 53 54 56 57 59 60 62 63 65
17 9 13 23 1 3 14 10 12 18 2 6 4 8 11 24 0 5 19 51 52 54 55 57 58 60 61 63 64
4 9 2 23 18 11 13 22 6 24 8 0 10 19 1 3 12 5 50 52 53 55 56 58 59 62 63 65
9 8 10 19 12 0 14 5 1 23 18 13 22 24 2 6 50 51 53 54 56 57 59 60 62 63 65
3 13 22 6 24 8 10 19 1 12 5 14 23 18 11 2 50 52 53 55 56 58 59 61 62 65
13 19 6 12 14 2 8 5 11 0 1 22 10 24 50 51 53 54 56 57 60 61 63 64
5 10 0 19 14 23 18 1 11 6 2 22 24 50 52 53 55 56 59 60 62 63 65
10 1 22 24 19 12 14 2 23 8 18 11 0 50 51 53 54 56 57 59 60 62 63 65
8 18 11 1 22 24 6 19 12 0 14 23 50 51 53 54 56 57 59 60 62 63 65
22 14 23 12 2 6 1 19 0 18 24 51 52 54 55 58 59 61 62 64 65
0 14 23 2 18 11 6 24 1 19 12 50 52 53 55 56 58 59 61 62 64 65
14 11 19 1 23 18 12 2 6 50 51 53 54 57 58 60 61 63 64
19 18 24 2 6 11 23 51 52 54 55 57 58 60 61 63 64
11 2 23 6 18 1 24 12 50 51 53 54 56 57 59 60 62 63
18 12 23 1 24 2 51 52 54 55 57 58 60 61 63 64
2 6 24 1 12 50 52 53 55 56 58 59 61 62 64 65
23 24 1 12 6 51 52 55 56 58 59 61 62 64 65
1 24 12 6 50 52 53 55 56 58 59 61 62 64 65
6 24 12 50 52 53 56 57 59 60 62 63 65
24 12 52 53 55 56 58 59 61 62 64 65
12 50 51 53 54 56 57 59 60 63 64
40 46 26 48 28 39 41 43 35 37 27 31 29 33 45 47 36 25 42 30 44 34 38 50 51 54 55 57 58 60 61 63 64
46 42 30 43 32 34 38 26 39 28 41 47 35 49 37 31 29 33 44 48 36 25 51 52 54 55 57 58 61 62 64 65
31 43 36 45 28 38 47 27 49 29 33 42 30 35 44 37 26 39 48 32 41 50 52 53 56 57 59 60 62 63 65
43 33 44 37 48 29 30 38 36 25 42 26 39 32 34 45 35 41 49 27 51 52 54 55 57 58 60 61 63 64
41 45 47 36 25 49 42 30 32 34 38 26 48 28 35 37 27 29 33 51 52 54 55 57 58 60 61 63 64
45 47 35 49 37 27 29 33 44 48 25 42 26 30 32 34 38 28 39 51 52 54 55 57 58 60 61 64 65
32 42 35 44 25 39 48 30 34 26 36 28 38 47 27 29 49 33 50 53 54 56 57 59 60 62 63 65
42 34 38 26 39 28 35 37 27 29 33 47 36 25 49 30 51 52 54 55 57 58 60 61 63 64
29 34 48 27 36 38 47 49 25 44 26 28 37 30 39 50 52 53 55 56 58 59 62 63 65
34 36 33 35 44 37 25 39 30 26 48 38 47 27 49 50 51 53 54 56 57 59 60 62 63 65
36 27 39 48 33 30 26 38 47 28 49 35 44 37 50 51 53 54 56 57 59 60 62 63
28 38 47 49 33 35 44 26 37 30 39 48 27 25 50 52 53 55 56 58 59 61 62 65
38 44 39 48 27 35 33 30 25 26 47 50 51 53 54 56 57 60 61 63 64
33 26 47 27 49 35 44 37 25 39 48 50 51 53 54 56 57 59 60 62 63 65
25 30 39 48 27 47 49 26 35 44 37 50 52 53 55 56 58 59 61 62 64 65
30 44 37 39 48 26 27 47 49 50 52 53 55 56 59 60 62 63 65
39 47 49 44 48 35 37 27 50 51 53 54 57 58 60 61 63 64
47 35 48 37 27 44 49 51 52 54 55 58 59 61 62 64 65
44 26 35 37 49 27 48 51 52 54 55 57 58 60 61 63 64
27 49 26 35 37 50 52 53 55 56 58 59 61 62 64 65
48 49 26 35 37 51 52 55 56 58 59 61 62 64 65
26 49 35 37 50 52 53 55 56 58 59 61 62 64 65
35 49 37 50 51 53 54 56 57 59 60 62 63 65
49 37 52 53 55 56 58 59 61 62 64 65
37 50 51 53 54 56 57 59 60 63 64
50
51
52
53
54
55
56
57
58
59
60
61
62
63
64
65
