#/usr/local/lib/python3.10/dist-packages/colab_kernel_launcher.py -f /root/.local/share/jupyter/runtime/kernel-dea7114a-48f2-47cd-9840-9590734c419b.json
# GMT Thu May 23 16:29:57 2024
# 
15 21 1 25 10 12 2 6 27 4 22 0 24 17 26 5 19 9 13 57 58 62 63 66 67
21 5 7 18 9 13 1 27 3 16 20 10 24 26 2 4 19 11 58 59 63 64 67 68
6 18 20 3 13 27 22 4 24 17 5 10 12 1 14 23 7 25 56 57 60 61 65 66
18 12 23 5 13 11 17 1 3 14 7 27 9 22 16 24 2 58 59 62 63 67 68
16 20 22 0 11 17 26 5 19 9 13 23 3 10 12 25 8 57 58 62 63 67 68
20 22 12 26 2 4 19 8 23 0 11 17 1 7 9 14 58 59 63 64 67 68
7 17 26 10 0 12 23 9 1 3 27 13 2 24 8 56 57 60 61 65 66
17 1 14 10 25 27 2 4 22 0 11 26 19 57 58 62 63 67 68
26 9 24 1 14 10 12 25 27 4 8 0 5 59 60 64 65 68 69
4 9 23 11 22 24 8 0 10 19 1 3 14 56 60 61 65 66 69
9 12 14 1 3 25 27 11 13 22 2 56 57 61 62 65 66
5 10 19 12 14 23 1 11 27 22 2 24 8 56 60 61 65 66 69
10 27 22 14 2 23 8 11 0 13 56 57 61 62 66 67
12 25 13 22 1 24 14 2 11 0 57 58 61 62 66 67
25 23 2 8 22 24 11 0 1 3 13 19 59 60 63 64 68 69
3 22 24 8 19 1 14 11 2 27 0 56 60 61 64 65 69
22 2 27 19 0 11 58 59 63 64 68 69
19 13 1 14 27 24 8 23 0 58 59 62 63 67 68
23 11 0 13 24 1 14 2 8 58 59 63 64 68 69
11 14 2 27 0 56 57 61 62 66 67
14 24 13 1 8 57 58 62 63 66 67
2 27 13 8 56 60 61 64 65 69
0 13 24 8 56 59 60 64 65 69
1 8 56 59 60 64 65 69
27 8 24 13 59 60 64 65 68 69
24 8 13 59 60 63 64 68 69
8 13 56 57 61 62 65 66
13 57 58 61 62 66 67
34 46 39 48 31 41 50 43 32 36 45 54 38 28 40 29 51 35 44 56 57 60 61 65 66
46 54 36 40 49 43 51 32 41 28 29 53 55 37 48 38 50 30 58 59 62 63 67 68
44 48 50 28 45 54 33 47 35 37 41 49 42 38 40 53 30 32 57 58 62 63 67 68
48 50 52 40 36 47 51 28 39 53 35 37 41 55 42 31 58 59 63 64 67 68
35 45 47 40 49 42 51 33 29 31 55 30 43 52 32 36 56 57 60 61 65 66
45 37 41 51 29 42 31 38 55 30 32 36 52 39 54 47 57 58 62 63 67 68
32 37 39 41 50 52 36 54 28 29 31 49 33 42 56 60 61 65 66 69
37 36 54 40 28 49 33 29 51 31 55 41 50 30 56 57 61 62 65 66
54 41 52 42 51 53 55 47 49 39 28 43 33 59 60 64 65 68 69
31 41 43 52 36 38 47 40 33 39 30 55 28 56 60 61 64 65 69
41 47 49 40 36 53 29 55 38 43 57 58 61 62 66 67
33 38 47 40 49 42 29 39 55 30 50 43 52 56 60 61 65 66 69
38 55 29 52 47 40 49 30 36 53 39 28 56 57 61 62 66 67
36 39 53 50 43 30 40 28 42 56 57 61 62 65 66
51 53 39 43 55 50 52 29 42 30 47 49 58 59 63 64 68 69
53 40 43 55 49 50 28 39 29 42 47 59 60 63 64 68 69
40 55 50 52 47 42 30 57 58 61 62 66 67
47 29 50 30 49 28 43 58 59 62 63 67 68
42 50 28 43 49 29 30 55 57 58 62 63 66 67
50 30 49 43 52 29 58 59 63 64 68 69
28 55 39 43 52 49 56 59 60 64 65 69
30 39 55 43 52 56 60 61 64 65 69
39 55 29 43 52 49 56 57 61 62 66 67
29 43 52 49 56 59 60 64 65 69
43 52 57 58 62 63 66 67
55 52 59 60 64 65 68 69
52 49 59 60 63 64 68 69
49 58 59 63 64 67 68
56
57
58
59
60
61
62
63
64
65
66
67
68
69
