#/usr/local/lib/python3.10/dist-packages/colab_kernel_launcher.py -f /root/.local/share/jupyter/runtime/kernel-dea7114a-48f2-47cd-9840-9590734c419b.json
# GMT Thu May 23 22:50:12 2024
# 
52 159 162 60 73 171 138 151 128 16 19 85 173 163 17 34 77 54 175 109 99 131 1 134 48 133 136 113 46 67 80 148 79 69 26 157 40 21 160 114 117 71 61 355 356
159 3 82 63 85 36 72 83 34 114 144 116 100 84 42 64 48 78 29 65 125 126 158 143 26 56 43 73 54 57 87 41 71 164 123 104 107 58 88 18 138 68 365 366
4 119 99 76 66 20 0 1 144 121 75 42 78 143 87 90 44 24 135 112 102 92 46 59 68 58 106 2 148 115 128 72 6 19 140 94 97 41 18 54 175 152 142 352 367
119 170 10 21 24 140 57 87 71 102 149 18 103 117 128 5 35 131 68 6 120 99 133 114 155 47 121 28 1 80 76 166 78 92 126 95 77 79 168 91 148 125 361 362
105 171 18 2 131 140 82 63 66 17 51 83 165 65 132 67 122 30 167 1 12 15 45 133 169 76 113 90 32 74 135 112 23 157 137 127 21 43 57 149 162 71 72 360 361
171 166 5 174 22 82 115 97 50 132 113 128 158 100 175 28 31 15 45 92 126 156 107 110 26 141 10 43 73 87 38 90 41 173 74 137 149 91 121 122 163 366 367
84 148 102 92 69 157 170 137 127 104 94 2 126 162 116 93 80 48 78 141 32 85 11 87 26 10 12 42 86 122 76 27 57 134 111 101 91 166 136 113 68 21 358 359
148 2 16 19 15 94 81 32 144 147 79 112 96 158 42 160 123 126 172 77 58 140 121 23 151 7 141 68 21 24 54 85 36 66 39 83 175 100 133 364 365
76 107 143 120 87 10 70 43 24 57 60 154 157 134 133 146 136 103 49 3 55 6 17 39 69 127 172 126 139 28 129 106 42 86 75 128 51 62 173 357 358
107 87 41 153 88 120 91 103 152 132 109 16 49 33 55 85 36 167 134 20 111 50 102 34 98 100 123 25 135 31 115 97 29 95 162 116 129 70 21 164 360 361
128 154 122 35 16 101 3 85 20 99 50 86 116 103 147 9 172 94 45 139 78 29 32 46 151 79 96 23 56 153 10 21 106 155 120 93 123 110 362 363
154 79 161 174 112 164 129 56 89 90 165 155 58 110 2 5 68 22 3 55 6 115 69 99 102 34 130 131 44 61 42 64 94 97 172 127 29 108 65 144 95 365 366
8 9 130 97 74 41 165 89 66 43 20 141 33 98 88 55 68 0 146 3 90 155 168 24 112 170 147 151 104 71 1 169 25 63 17 30 115 95 72 62 39 75 153 352 367
9 11 132 145 122 89 125 69 23 134 147 124 91 104 71 3 146 38 6 103 93 95 49 39 160 29 117 74 51 54 31 63 99 10 108 121 7 45 166 156 12 352 367
53 160 23 81 61 37 172 162 139 93 73 41 174 141 95 108 85 62 75 150 2 153 49 64 3 175 142 20 79 56 68 58 25 156 47 123 136 31 90 43 45 32 69 355 356
160 83 135 169 122 18 30 136 1 75 17 127 62 46 131 11 96 26 56 70 54 163 134 77 156 140 175 23 37 68 19 22 101 167 66 38 118 99 102 365 366
139 163 101 143 66 175 50 86 11 47 28 31 42 29 51 32 114 65 46 109 170 147 25 26 56 150 70 73 57 162 60 90 41 120 74 58 137 110 2 138 363 364
163 41 120 91 157 138 5 35 16 0 3 33 36 72 132 164 135 122 173 136 25 150 80 175 165 75 78 114 46 112 142 145 23 7 10 89 21 73 27 365 366
40 41 44 16 122 99 174 43 6 131 121 98 20 88 65 34 68 45 143 113 90 67 103 145 158 112 1 102 46 29 91 51 126 7 50 63 21 118 108 42 117 87 354 355
41 24 64 144 88 19 33 58 100 34 47 168 135 102 11 82 157 25 28 31 48 136 172 149 126 60 96 63 161 151 118 95 26 7 354 355
64 169 123 113 103 57 38 168 145 158 135 82 157 170 147 137 16 49 22 172 63 55 149 39 129 86 85 44 25 153 120 74 87 142 51 122 99 121 37 356 357
169 6 36 66 51 111 83 144 125 67 147 98 161 96 14 44 129 25 32 62 123 140 121 23 141 175 55 57 38 99 132 165 116 149 130 122 0 82 33 366 367
37 152 86 28 63 174 164 121 98 111 65 45 166 133 123 77 113 57 47 26 168 145 158 112 89 92 46 59 147 124 137 91 71 126 70 82 72 75 130 97 354 355
152 170 60 151 88 91 2 16 68 3 33 36 39 20 99 113 86 67 146 98 130 175 155 117 129 42 157 97 78 29 108 59 62 13 123 156 95 46 109 161 364 365
38 117 130 162 175 165 132 86 66 30 164 144 111 101 12 156 133 113 155 167 147 10 91 127 81 48 27 149 106 138 72 108 35 16 39 0 150 3 354 355
117 69 86 147 103 137 150 16 49 3 78 50 32 95 109 112 96 130 28 12 43 15 142 155 27 132 13 92 121 110 23 166 133 68 136 24 55 361 362
57 130 120 165 155 51 32 167 111 91 26 136 24 103 80 27 168 82 147 137 5 104 35 81 172 83 73 161 151 108 62 11 173 25 356 357
130 93 170 137 150 110 172 35 19 0 101 3 82 63 55 138 174 141 72 113 173 153 100 165 1 15 48 29 108 134 65 125 79 136 24 362 363
143 106 151 29 164 60 90 88 140 153 166 10 145 85 167 83 147 135 116 146 136 5 0 158 36 127 34 125 150 149 44 25 1 89 31 61 42 43 364 365
3 28 5 93 60 17 30 115 151 1 75 140 175 44 165 11 132 109 32 34 24 145 135 2 125 69 46 36 170 114 91 352 367
29 68 35 156 146 80 158 17 124 127 81 149 126 93 11 63 30 151 75 42 153 120 97 74 54 44 132 174 24 121 98 88 78 353 354
68 51 32 96 161 138 23 75 26 140 10 24 77 155 18 124 78 133 63 6 36 66 113 145 115 72 157 42 126 48 357 358
15 133 25 113 90 103 24 158 112 115 147 39 81 71 172 106 83 50 17 141 108 19 7 140 153 74 87 162 54 129 165 174 98 2 134 78 166 22 352 353
133 45 51 13 123 125 110 7 10 89 70 21 24 54 106 60 88 103 175 142 19 22 102 114 116 67 98 100 30 11 129 1 12 363 364
113 147 114 127 97 81 32 111 98 129 96 25 118 56 70 21 104 58 82 6 85 69 156 20 50 146 86 67 115 28 157 361 362
147 116 11 108 51 114 65 126 98 112 142 129 141 162 43 164 71 93 123 74 77 137 136 16 0 101 155 63 50 364 365
79 131 167 124 31 12 45 90 80 59 168 13 46 112 77 125 102 157 137 26 127 81 94 10 73 54 96 151 5 140 153 49 6 20 155 122 358 359
44 47 10 12 112 125 167 157 124 81 71 61 18 51 5 106 50 22 33 30 2 54 109 86 99 89 66 17 32 88 65 101 55 166 100 355 356
47 25 70 102 92 81 71 61 93 26 73 63 151 27 118 75 150 120 97 74 110 87 175 16 109 19 86 122 0 22 164 56 39 98 134 91 30 355 356
50 127 35 49 20 141 108 62 173 150 140 28 74 1 12 42 129 45 48 132 109 99 46 78 23 166 123 90 43 125 115 59 157 355 356
127 83 67 30 135 28 150 65 125 98 129 11 96 161 56 10 70 24 106 87 60 71 123 110 121 142 18 19 101 157 115 39 362 363
10 54 165 21 66 23 13 98 134 111 100 158 135 125 69 46 59 124 6 94 48 28 18 138 141 95 19 97 87 352 367
54 74 24 165 142 99 89 131 5 35 19 36 80 70 135 112 34 69 59 170 124 14 126 116 93 73 151 85 153 26 7 355 356
82 172 106 14 16 138 1 173 81 153 65 162 175 142 26 42 131 73 98 88 60 74 156 2 5 112 102 22 33 55 6 157 72 358 359
74 75 173 87 155 18 86 122 2 89 35 167 0 111 124 39 156 34 100 168 135 14 170 104 65 46 126 96 23 151 357 358
75 156 110 146 100 80 155 112 16 49 33 124 137 114 81 30 28 0 61 95 48 140 153 13 46 142 132 164 43 98 101 357 358
6 149 93 106 161 17 30 141 118 173 42 153 97 21 142 155 164 131 167 13 134 156 136 70 145 125 49 39 137 114 94 352 367
83 137 19 104 162 72 67 173 140 31 97 45 48 32 132 109 46 86 122 99 164 167 23 56 7 91 70 156 43 27 136 71 58 18 358 359
156 97 48 59 111 95 46 109 175 129 56 106 120 93 123 58 137 18 5 155 101 33 36 118 20 151 135 11 61 12 365 366
25 155 168 89 92 114 91 104 103 73 27 161 13 115 39 42 140 5 51 87 22 96 55 32 153 35 16 0 90 165 353 354
55 61 13 151 118 95 131 43 24 140 27 153 155 18 89 5 144 157 124 20 123 34 80 145 11 102 138 115 92 31 104 71 356 357
61 17 103 80 70 168 145 135 125 115 11 124 71 42 172 149 129 32 63 118 72 173 150 120 97 87 77 175 165 60 142 66 78 110 356 357
88 95 65 150 97 56 175 132 24 99 60 71 131 77 101 91 123 90 0 63 17 69 170 114 104 11 14 129 45 78 59 151 359 360
95 111 35 146 123 100 33 86 170 137 11 14 31 42 94 48 161 32 108 153 23 120 97 7 89 165 132 109 144 359 360
106 120 110 165 66 17 69 20 34 121 111 124 14 166 28 146 48 158 32 138 98 96 89 24 116 27 87 60 90 71 151 360 361
34 124 114 1 12 94 71 161 108 21 97 175 129 43 164 144 5 111 0 110 146 17 168 145 158 135 112 125 102 157 170 354 355
124 164 141 98 30 175 59 90 120 62 92 46 91 121 23 166 56 24 135 102 125 138 100 170 103 22 17 97 20 362 363
13 101 78 45 123 100 77 67 80 155 168 135 167 59 36 170 91 18 93 138 62 173 42 120 51 2 165 132 109 89 174 164 141 98 352 353
101 149 126 162 161 56 108 70 43 27 18 112 35 111 36 166 69 20 146 136 100 158 115 14 12 42 94 78 51 81 360 361
93 173 22 39 100 69 20 67 112 30 11 134 1 166 45 48 60 32 62 158 138 115 26 7 104 72 58 164 2 5 359 360
173 174 58 137 110 170 2 136 138 155 167 20 165 149 11 150 28 162 1 42 94 51 81 111 158 129 70 24 90 366 367
72 150 104 18 2 35 0 73 86 48 118 131 32 98 67 77 14 31 145 112 89 45 59 60 167 58 23 103 56 22 357 358
150 116 5 35 19 80 33 172 66 17 111 114 144 164 131 11 14 89 31 45 78 108 126 121 23 56 73 24 39 364 365
155 12 59 153 104 77 23 165 70 24 118 69 157 135 146 149 122 136 49 33 51 114 131 96 365 366
45 110 90 103 70 112 92 23 26 157 49 170 24 51 172 151 62 120 39 142 109 122 174 56 65 166 58 355 356
65 111 78 123 23 135 24 92 104 81 94 71 149 162 31 63 151 118 62 120 110 77 67 26 109 122 112 89 27 356 357
111 96 145 70 87 90 172 116 129 35 16 174 66 102 86 67 100 120 103 31 12 48 78 144 51 62 361 362
120 175 142 132 122 16 22 99 102 146 123 30 125 14 1 94 97 78 81 92 46 109 7 73 361 362
28 80 168 167 49 91 104 81 11 14 136 70 161 138 30 115 39 97 51 87 31 132 33 121 98 35 100 77 353 354
80 1 12 145 48 78 138 32 46 114 162 24 86 60 151 108 18 153 35 19 36 122 112 20 164 144 134 146 123 358 359
140 141 71 122 2 136 35 175 19 49 22 33 167 131 14 12 94 97 48 59 81 62 46 96 172 161 27 363 364
141 174 138 164 19 22 115 166 132 145 30 16 49 0 81 62 114 158 129 170 12 43 87 59 71 134 126 58 363 364
46 134 30 166 14 90 31 27 158 92 114 126 108 153 97 19 77 0 33 17 89 56 355 356
134 109 131 129 165 89 73 144 123 21 168 102 132 157 100 103 2 14 16 17 174 151 59 51 81 32 92 114 363 364
131 91 157 7 70 146 87 102 104 116 58 122 5 0 149 162 98 112 30 14 166 94 142 59 32 145 362 363
58 108 51 165 132 27 144 91 146 136 70 35 168 158 21 102 92 59 157 20 170 104 94 18 1 174 151 356 357
108 91 136 19 158 21 125 69 20 99 170 172 14 31 138 118 59 62 92 110 23 56 109 122 42 360 361
69 94 30 14 126 116 138 85 98 175 7 142 122 24 60 121 103 158 135 36 17 20 157 170 137 67 357 358
36 149 126 116 63 118 85 62 42 87 109 86 99 43 21 164 27 100 18 103 70 5 35 158 125 92 104 94 354 355
2 27 17 138 85 87 175 11 109 66 43 123 77 67 145 14 92 26 137 104 94 71 172 73 352 367
27 110 19 165 122 99 20 43 33 91 14 145 92 26 126 162 129 21 22 60 96 73 174 118 98 32 353 354
149 33 85 115 102 132 116 67 162 11 174 151 97 59 114 23 26 7 89 71 126 137 110 121 168 158 364 365
102 114 31 94 48 59 81 96 110 89 73 142 132 109 87 71 121 91 123 49 158 20 360 361
114 166 100 158 135 97 48 170 98 7 70 21 43 151 24 77 35 16 22 39 20 361 362
161 167 138 172 19 49 22 63 118 20 86 168 103 30 170 42 94 59 144 56 21 73 24 87 71 175 126 77 110 365 366
174 70 21 22 24 66 118 168 100 35 167 51 62 92 144 125 142 12 42 73 90 123 104 77 137 110 366 367
167 158 109 168 129 73 87 90 153 157 138 5 35 22 86 116 146 122 19 1 31 97 78 62 144 366 367
11 112 125 136 103 5 30 62 97 31 165 109 86 43 98 78 22 35 77 168 145 352 353
112 96 1 62 77 109 110 135 115 23 7 70 151 5 22 33 66 51 361 362
30 125 115 92 137 81 48 172 60 96 138 85 39 77 129 165 86 43 35 146 158 353 354
125 14 31 146 42 48 81 32 158 135 98 96 26 70 73 162 35 49 116 100 362 363
31 90 70 135 115 59 136 22 116 129 151 153 165 109 86 99 66 56 121 98 23 353 354
90 12 42 48 132 109 144 56 73 18 170 49 0 94 85 39 126 138 151 14 359 360
63 103 7 116 70 19 21 138 153 14 162 165 0 109 99 48 121 100 67 122 89 91 81 94 18 356 357
51 60 158 16 49 0 137 17 32 116 151 164 26 42 122 23 144 121 7 355 356
172 85 115 118 86 175 146 100 122 103 12 94 59 158 23 26 43 104 110 91 18 157 19 366 367
137 86 116 153 12 42 98 166 73 138 60 71 77 121 19 49 0 33 17 99 363 364
151 138 35 86 116 100 136 14 78 145 96 43 60 126 364 365
21 162 142 86 23 144 18 166 110 67 0 24 89 170 81 94 60 73 39 87 352 353
162 87 39 118 86 146 122 5 66 97 78 144 98 145 14 73 164 92 104 91 121 166 365 366
122 89 59 5 7 115 166 66 175 16 17 126 109 158 362 363
87 110 165 89 5 35 33 85 92 12 48 62 116 129 138 358 359
166 59 126 110 26 24 123 104 165 136 35 49 0 22 17 118 86 1 94 168 366 367
78 145 26 92 73 104 71 94 77 116 118 22 153 97 142 164 144 121 358 359
158 23 24 60 71 77 157 16 66 99 175 132 86 365 366
110 60 104 132 7 144 157 71 168 16 0 1 97 81 32 164 361 362
123 48 153 32 142 96 23 26 56 70 73 104 77 18 16 100 103 362 363
96 39 86 136 135 49 0 33 17 104 129 26 89 42 43 98 153 77 91 132 359 360
22 126 138 118 85 62 42 175 99 33 144 91 100 115 157 49 39 353 354
126 20 67 98 100 14 144 12 59 146 92 23 138 170 118 362 363
70 99 17 89 62 144 121 56 103 19 138 20 153 14 357 358
168 94 145 23 56 7 43 73 71 121 157 138 0 66 17 39 20 165 116 103 136 366 367
66 26 129 73 138 60 85 5 165 19 17 144 67 103 145 12 48 62 157 94 357 358
97 71 115 170 17 129 67 153 59 175 157 56 89 359 360
109 43 60 104 145 135 115 170 0 17 39 20 14 12 132 360 361
94 135 170 104 118 56 60 132 99 35 16 49 85 359 360
129 145 115 118 99 157 116 18 103 136 62 14 89 12 43 362 363
145 1 42 48 138 26 56 89 170 60 103 5 35 49 17 67 364 365
59 146 14 135 48 170 136 116 26 35 132 164 20 144 121 356 357
71 67 86 89 164 135 7 157 170 18 138 33 357 358
91 118 62 165 42 99 136 138 5 16 116 49 0 33 359 360
118 18 5 49 115 164 116 153 103 142 1 32 92 146 23 56 170 361 362
62 67 103 19 0 33 81 14 73 1 77 23 132 99 98 356 357
48 157 1 12 42 32 7 85 24 77 142 99 144 355 356
5 7 32 153 175 142 86 164 12 24 16 104 81 18 352 367
0 116 115 49 19 18 142 164 23 12 67 165 89 352 367
116 33 115 39 99 103 1 42 81 165 157 24 361 362
12 67 170 16 7 81 136 60 42 18 43 20 56 1 352 353
104 132 1 144 81 98 135 115 157 77 16 49 360 361
32 35 100 115 49 81 18 60 14 85 153 26 353 354
146 81 142 56 7 89 43 73 24 77 121 165 138 33 157 17 100 14 364 365
164 157 26 7 89 132 18 170 85 39 20 81 100 77 365 366
135 1 23 89 165 18 144 19 49 20 86 100 363 364
1 170 18 60 73 85 42 19 77 142 89 136 352 367
33 23 60 26 39 153 18 175 56 144 20 67 14 92 49 354 355
85 18 16 138 49 98 17 20 153 142 42 157 136 23 56 170 60 358 359
165 43 60 35 67 103 92 144 366 367
17 60 73 142 99 121 98 100 24 92 352 353
35 39 77 89 56 98 19 49 354 355
18 132 14 16 100 49 81 352 353
42 92 39 103 175 354 355
103 170 81 92 26 153 23 39 360 361
67 81 60 26 7 24 39 77 175 16 121 98 14 92 357 358
115 14 16 138 142 43 144 136 7 49 361 362
24 43 56 73 353 354
92 100 81 170 16 142 39 20 121 98 359 360
60 20 99 136 26 7 356 357
99 7 73 19 142 132 39 121 170 360 361
138 16 7 363 364
86 43 39 98 175 132 144 14 358 359
19 16 153 89 43 144 121 49 7 136 352 353
170 26 73 366 367
23 121 77 153 353 354
100 7 73 175 132 157 98 360 361
81 7 43 132 49 358 359
14 26 175 142 56 352 353
98 142 359 360
132 43 77 153 142 363 364
157 142 39 365 366
153 20 56 89 43 364 365
142 43 77 121 16 20 363 364
7 43 56 121 77 16 73 352 367
43 121 354 355
16 175 121 56 352 353
89 26 39 359 360
49 73 175 56 355 356
73 26 357 358
26 144 175 353 354
20 136 39 175 352 353
136 121 175 56 39 144 363 364
39 77 144 354 355
175 366 367
144 56 121 364 365
56 356 357
77 121 358 359
121 362 363
220 331 223 344 321 185 298 301 200 291 222 313 267 280 234 270 224 315 292 181 183 272 249 337 209 214 339 316 329 260 273 328 192 265 191 340 208 264 332 286 289 256 201 355 356
331 201 202 219 221 282 233 263 205 266 253 281 198 261 212 214 245 247 327 278 229 308 322 295 279 345 181 179 240 270 347 273 196 284 257 268 210 274 206 321 272 324 365 366
248 313 280 293 194 250 335 178 325 292 305 176 262 179 209 182 224 241 296 286 187 276 185 298 252 288 191 189 310 254 257 332 309 322 299 312 256 278 263 214 245 258 229 357 358
313 316 309 187 312 293 201 237 218 303 254 235 268 290 241 274 183 186 265 344 249 334 282 314 214 217 269 299 326 281 335 192 244 228 347 261 242 193 327 245 226 363 364
240 309 197 299 276 266 243 279 246 278 346 178 336 181 326 293 260 198 335 212 269 305 196 272 294 261 274 187 177 207 273 188 221 253 295 208 189 265 287 277 186 216 356 357
309 270 273 284 257 336 271 302 300 272 315 328 213 197 337 203 184 294 280 234 339 264 295 351 211 341 195 176 258 226 308 274 332 345 260 206 312 344 188 347 363 364
252 283 296 263 202 213 328 246 308 285 298 288 233 236 343 297 332 178 256 225 311 212 314 226 281 258 346 243 280 257 293 206 187 338 305 185 237 251 205 241 329 306 357 358
283 263 349 339 306 194 279 281 192 288 225 176 231 212 333 215 275 229 342 332 274 206 347 324 256 218 270 254 205 323 336 208 326 303 241 325 305 213 197 219 340 200 360 361
212 247 224 214 227 269 305 190 249 216 271 284 261 208 306 230 341 318 202 298 265 242 219 197 330 307 203 231 342 332 194 243 256 321 213 198 245 215 196 354 355
247 245 306 296 250 253 318 206 187 330 320 297 224 205 235 319 286 289 255 291 268 333 323 200 203 236 270 302 315 292 194 259 178 181 314 192 294 176 284 198 209 357 358
177 289 243 223 344 245 258 225 179 300 270 345 335 204 203 239 206 327 304 281 294 241 218 185 286 230 328 341 285 340 222 310 264 277 254 267 244 198 234 211 201 178 352 367
289 237 336 218 303 251 284 235 227 335 325 315 274 255 285 288 327 232 213 197 326 230 203 282 296 266 280 341 264 295 310 228 332 196 226 229 276 321 204 333 361 362
264 294 271 222 274 326 316 319 273 186 219 203 340 217 320 297 287 234 277 194 178 192 266 244 225 198 321 239 182 324 215 196 262 346 280 270 335 201 305 359 360
294 335 178 325 328 192 225 277 239 261 291 196 278 292 306 276 296 279 260 293 341 298 218 191 224 254 205 227 297 268 285 288 311 200 314 203 233 266 361 362
323 343 306 307 345 204 207 188 324 284 257 241 301 336 349 286 316 305 202 232 213 186 219 249 282 233 263 214 266 340 296 299 280 253 267 329 211 351 277 228 209 364 365
343 274 304 334 285 344 324 185 315 217 269 329 280 302 199 333 180 181 228 231 261 184 275 295 276 351 328 279 206 342 293 223 195 209 221 251 303 336 290 320 301 366 367
222 297 332 201 276 266 207 243 246 203 321 311 301 291 245 300 290 267 199 237 213 227 348 325 315 292 182 184 215 217 337 241 316 306 181 179 308 196 210 330 355 356
297 307 286 288 339 199 249 328 203 184 217 298 250 280 320 194 244 182 193 344 229 301 276 279 260 187 293 190 223 188 302 338 315 251 224 205 238 189 362 363
187 190 183 225 202 300 192 267 322 325 315 269 324 206 304 179 336 228 349 326 303 260 263 348 341 262 229 242 219 330 307 274 241 231 211 188 200 352 353
190 334 288 301 185 336 192 303 227 312 347 203 193 183 327 304 186 317 326 306 273 250 253 230 305 178 285 350 219 209 330 179 310 231 244 221 198 266 210 246 352 353
241 310 300 342 322 312 266 279 180 246 213 301 314 231 268 281 303 178 338 249 225 317 284 208 274 238 250 328 341 318 237 219 233 205 235 356 357
310 274 339 307 319 351 185 318 219 230 282 302 253 342 194 213 197 182 261 291 196 259 210 333 345 335 325 192 223 237 251 193 273 284 257 189 268 290 363 364
233 306 185 250 286 207 263 218 191 351 295 189 320 274 319 186 322 299 197 219 217 291 245 333 336 280 257 270 195 225 305 215 259 249 347 239 317 238 356 357
306 184 214 333 269 336 325 181 211 277 231 182 291 245 259 210 292 316 201 341 270 340 271 301 274 342 288 272 199 232 183 311 200 282 362 363
234 271 349 316 286 351 232 298 185 218 219 255 300 189 277 322 183 321 334 288 198 278 245 182 258 215 336 229 290 260 237 335 206 305 282 337 350 179 191 356 357
271 287 300 267 277 194 176 179 258 209 231 196 301 290 326 302 315 256 188 221 205 208 238 304 189 307 316 319 199 296 180 202 328 246 219 249 200 269 359 360
185 266 243 235 333 202 192 244 280 179 201 204 325 259 324 216 337 261 238 339 250 217 338 230 315 207 350 340 317 330 274 231 329 221 352 367
266 316 207 319 296 221 205 351 255 275 232 183 213 265 216 342 332 203 322 299 344 253 334 324 181 176 293 228 335 302 243 327 201 359 360
244 315 205 227 208 259 337 314 327 304 317 261 199 201 202 250 286 263 214 295 285 340 198 179 322 231 182 276 242 193 210 206 223 303 270 325 338 357 358
315 225 209 193 215 341 278 311 276 312 176 188 218 273 254 284 238 334 304 285 336 246 200 263 299 250 280 253 267 340 317 314 363 364
205 210 223 321 334 311 225 300 336 290 303 224 345 237 312 348 236 324 304 349 260 351 305 295 199 180 229 242 209 330 200 320 274 353 354
197 217 230 351 272 285 262 330 307 320 274 254 329 276 176 210 179 265 268 333 346 202 300 277 267 214 188 259 249 226 324 314 281 339 263 348 352 353
209 214 279 269 246 282 202 216 186 304 281 203 215 349 218 293 329 260 273 328 275 195 265 242 219 179 287 210 298 288 207 191 270 345 354 355
214 296 196 305 206 330 307 274 207 221 191 332 276 208 189 243 223 298 278 333 346 270 312 302 269 259 337 327 178 181 192 198 179 354 355
327 349 319 314 192 338 176 277 215 245 278 229 340 259 262 322 295 326 256 221 251 273 227 208 307 318 321 246 282 334 236 296 299 280 286 364 365
349 329 328 312 314 181 195 179 351 258 261 291 196 210 341 243 322 307 326 223 204 237 188 224 227 336 287 268 320 255 333 317 219 230 203 236 366 367
223 246 218 301 258 235 346 300 336 257 293 348 269 202 226 337 314 200 304 317 339 273 286 230 328 181 295 308 182 340 330 307 215 279 355 356
274 333 300 199 183 246 184 215 314 291 259 260 211 335 195 228 239 182 254 196 316 319 308 321 275 236 359 360
186 230 351 328 341 318 308 265 340 199 189 277 184 342 332 276 344 334 288 181 267 303 345 237 204 325 292 239 216 350 284 238 228 326 316 293 352 367
230 250 219 341 295 265 340 317 330 287 211 192 286 198 299 179 243 344 278 255 268 346 290 270 204 237 207 218 304 281 284 326 316 355 356
218 299 276 256 321 301 245 290 270 224 196 335 312 210 236 324 314 304 281 201 273 338 328 318 285 239 199 216 203 319 184 286 354 355
299 270 251 273 224 235 290 255 318 180 216 333 246 282 217 345 250 253 178 277 336 231 303 242 275 259 262 338 243 328 346 317 256 362 363
286 317 203 235 189 339 321 216 320 345 194 178 181 344 192 347 324 225 224 346 196 326 238 316 293 255 272 232 337 304 361 362
317 181 228 278 229 262 351 295 341 276 318 194 279 321 178 312 192 256 221 251 322 335 255 272 202 246 188 249 263 235 250 302 363 364
198 204 292 269 282 272 249 226 183 326 273 253 318 295 232 181 287 192 277 254 201 322 246 203 301 278 255 258 333 202 270 227 353 354
204 210 321 334 196 255 235 346 303 257 335 325 236 249 337 189 261 238 296 202 227 217 207 295 272 308 203 275 229 265 350 307 178 332 181 353 354
184 260 263 217 272 285 265 242 219 232 178 231 208 342 332 253 182 243 334 288 278 268 225 346 224 335 191 312 292 269 236 314 304 284 336 352 367
270 322 245 196 312 229 321 278 188 221 268 272 255 347 316 296 351 250 318 295 308 267 300 228 239 182 261 359 360
182 345 348 292 239 337 350 304 196 284 261 251 326 195 207 328 318 285 320 213 311 288 301 180 291 181 245 225 215 192 290 352 367
345 193 196 287 210 288 206 340 201 237 236 350 296 238 268 269 250 333 183 351 249 263 245 217 278 328 194 279 342 211 225 180 366 367
208 254 322 213 334 324 255 268 333 346 227 338 305 236 314 195 176 207 284 191 251 228 326 316 273 351 341 318 308 298 232 330 188 353 354
254 322 312 199 311 288 301 183 213 255 268 249 290 303 282 337 192 281 326 245 339 210 273 341 308 262 275 265 340 188 320 191 221 358 359
200 250 341 295 262 242 340 232 189 287 276 253 183 301 291 245 258 300 290 303 237 227 192 259 236 347 239 193 196 304 281 329 260 353 354
250 296 351 308 262 178 255 340 330 307 320 239 300 196 332 276 243 279 256 324 268 280 293 238 325 314 202 284 357 358
259 336 211 280 239 231 348 215 338 305 282 347 243 337 281 284 296 273 224 238 308 202 216 246 322 203 279 324 291 268 333 358 359
336 292 295 194 328 256 239 191 284 290 301 304 334 335 216 246 249 263 296 302 253 180 183 231 226 365 366
260 301 215 229 333 280 194 348 325 211 225 207 272 237 304 351 328 262 249 275 340 330 300 253 277 342 199 181 213 216 246 358 359
301 293 312 224 262 287 311 324 180 303 202 213 219 325 236 217 296 337 329 176 245 196 278 292 340 330 362 363
319 350 238 189 180 202 232 183 231 291 278 229 333 295 335 293 211 256 228 179 258 334 347 273 227 346 290 326 206 348 305 338 328 207 364 365
350 180 314 216 228 261 341 325 328 351 293 211 256 207 179 239 226 227 257 210 290 337 305 335 202 338 265 251 203 282 189 348 332 316 267 366 367
279 314 191 221 193 325 338 282 201 232 337 188 219 307 236 316 296 285 321 181 183 246 277 330 215 302 206 178 334 311 360 361
314 178 340 192 242 329 245 275 227 210 341 276 318 206 305 207 237 235 269 285 267 344 199 277 249 363 364
224 322 344 311 324 291 333 293 221 335 227 282 304 284 261 228 219 339 329 295 298 265 178 232 211 192 195 176 300 355 356
211 347 239 326 329 180 202 273 305 229 265 242 287 194 277 192 276 179 243 256 344 324 278 245 258 206 280 201 348 207 354 355
189 277 231 243 213 288 225 192 257 201 325 302 292 282 236 203 239 324 238 251 228 326 305 318 176 285 262 179 229 352 353
277 302 255 295 272 201 203 253 341 267 178 180 287 179 231 342 226 322 210 262 176 290 191 235 257 360 361
201 298 288 235 300 312 188 269 249 226 347 258 238 228 180 227 263 295 308 262 275 206 242 330 320 178 353 354
344 221 257 287 268 255 285 318 199 305 213 338 216 249 236 329 280 302 194 330 178 333 258 231 242 193 196 275 262 325 366 367
275 280 232 348 265 302 246 305 347 217 194 329 195 328 341 231 318 308 298 245 330 243 342 322 276 256 207 237 191 238 268 360 361
280 326 243 341 273 238 321 183 288 216 263 346 236 303 325 178 192 347 337 179 258 231 261 242 360 361
181 236 216 337 183 284 238 326 339 207 295 229 307 256 213 324 278 215 290 303 227 348 325 302 352 367
236 243 328 196 308 285 227 320 287 300 207 312 321 334 291 281 237 216 203 282 217 249 337 304 251 356 357
351 296 348 332 346 333 195 239 231 291 193 243 298 328 339 312 342 256 303 284 235 257 255 334 307 366 367
232 318 295 298 265 183 320 217 332 276 243 194 311 178 180 255 258 195 225 300 215 226 210 302 304 176 251 221 338 356 357
318 265 342 322 253 281 346 239 261 291 242 193 226 311 262 338 337 339 329 257 287 238 341 272 199 363 364
296 203 282 340 330 195 320 228 239 231 342 245 292 311 324 256 287 268 302 338 288 272 199 213 361 362
243 300 235 305 304 183 213 219 329 328 295 178 192 195 176 239 227 229 246 324 268 258 357 358
304 225 176 231 261 193 215 276 335 191 338 303 257 287 285 272 329 282 308 269 253 362 363
217 316 273 253 328 308 262 194 307 195 176 221 342 276 256 334 255 206 258 346 303 269 282 272 249 239 238 354 355
225 269 226 347 261 251 188 228 191 293 338 285 262 242 340 213 287 342 332 311 180 268 258 195 312 355 356
316 269 339 342 312 239 261 215 245 196 320 290 332 206 322 191 347 221 284 257 272 183 216 246 282 363 364
276 221 282 199 183 213 265 219 284 341 298 231 320 261 333 193 287 300 210 312 206 360 361
237 321 324 291 258 346 303 348 325 235 249 347 339 213 219 338 203 295 308 262 265 307 194 178 192 176 356 357
278 290 206 293 325 338 292 305 251 273 238 284 339 265 216 219 203 300 178 322 312 239 291 210 346 360 361
290 262 342 221 257 287 268 269 255 348 213 265 216 246 253 267 281 195 258 261 330 320 226 361 362
202 221 242 340 307 188 321 334 324 255 180 346 215 312 292 272 203 337 206 178 284 251 263 353 354
203 273 176 295 298 307 210 334 324 291 215 257 348 269 272 206 194 353 354
188 253 311 288 255 258 300 180 191 302 292 246 324 238 228 179 305 308 262 239 242 219 340 287 221 342 352 353
253 329 235 298 183 213 300 215 245 312 194 311 178 268 195 207 251 227 238 210 338 328 272 358 359
207 246 311 268 325 176 292 272 216 251 339 329 263 191 262 298 242 330 307 287 221 180 353 354
239 335 180 302 195 249 196 229 308 285 262 193 320 287 199 256 258 267 257 356 357
335 231 291 215 226 229 308 342 305 256 191 347 303 238 183 216 249 329 325 267 281 192 365 366
199 262 265 342 332 321 298 334 255 268 258 235 180 192 176 267 303 257 348 216 291 339 273 263 295 353 354
262 180 183 245 295 272 192 339 228 242 341 320 267 191 322 221 235 334 358 359
258 348 269 206 176 221 261 257 308 219 249 267 194 311 179 333 346 215 226 358 359
348 231 291 245 341 292 325 312 293 176 303 284 235 257 238 334 337 338 216 219 282 302 180 213 366 367
227 257 215 311 347 235 176 326 340 251 339 273 263 328 308 285 288 255 330 320 183 333 355 356
322 273 325 338 337 213 249 339 231 215 229 210 332 295 298 206 293 192 324 176 364 365
287 342 321 265 311 346 269 326 303 267 192 337 261 196 226 206 328 256 251 333 361 362
263 273 328 341 298 265 194 330 320 180 195 267 242 226 210 311 206 300 257 272 281 284 246 358 359
282 179 215 288 300 342 256 251 321 235 291 326 180 246 292 305 307 284 267 360 361
334 342 221 251 347 288 324 246 332 194 300 330 340 178 192 195 176 339 193 341 365 366
180 285 242 219 284 342 341 298 265 235 302 213 249 178 347 324 281 293 352 367
285 246 219 332 312 269 288 324 333 293 215 325 302 292 256 273 257 295 308 298 272 360 361
321 305 332 269 255 300 347 249 326 295 328 293 337 176 193 226 210 292 288 206 364 365
328 295 267 195 193 341 206 293 333 268 255 183 364 365
295 183 246 273 226 229 292 341 320 251 312 361 362
292 346 176 303 245 226 347 307 339 221 329 235 298 340 320 333 216 300 342 281 361 362
346 256 191 221 251 257 320 255 337 288 340 213 269 194 195 228 231 261 193 229 366 367
246 305 265 256 219 291 333 257 195 215 245 226 326 293 357 358
300 339 308 268 332 312 215 311 298 326 228 179 338 193 362 363
226 257 249 347 324 337 281 261 329 273 191 298 229 242 213 288 291 268 245 235 355 356
257 342 229 256 221 302 329 308 178 298 176 320 231 242 358 359
245 325 269 305 347 235 251 183 340 176 179 324 231 268 357 358
305 228 215 229 193 268 326 255 288 206 325 272 249 191 362 363
231 347 216 341 298 242 330 195 179 332 324 191 293 356 357
183 308 242 307 284 329 332 256 333 267 302 347 193 338 194 352 367
302 261 242 193 215 196 229 206 256 284 235 269 311 213 216 267 192 330 362 363
273 269 194 228 338 210 307 284 339 221 298 265 219 359 360
329 269 267 194 195 228 330 261 293 192 347 303 284 235 268 320 255 324 364 365
255 320 206 221 256 288 291 281 303 293 338 347 308 358 359
320 288 332 216 326 281 178 228 179 242 193 340 311 341 364 365
333 206 238 269 330 265 311 293 179 193 215 338 365 366
206 291 195 179 281 238 341 330 256 311 353 354
193 312 325 176 179 347 337 281 195 293 338 340 307 221 332 210 298 267 352 353
176 324 337 281 326 242 341 210 311 179 267 352 367
196 269 272 216 238 251 195 242 340 330 307 256 311 291 268 267 352 353
298 216 326 338 281 340 228 261 229 238 268 288 362 363
210 191 312 269 216 251 326 308 265 330 178 192 179 332 288 354 355
269 339 179 261 308 288 267 291 337 194 359 360
339 194 330 281 179 261 291 229 340 312 293 284 213 338 216 249 365 366
229 303 325 347 251 192 228 308 242 330 332 312 191 288 355 356
303 324 192 251 337 340 249 308 281 178 330 179 242 215 362 363
341 330 342 308 326 251 284 347 324 366 367
293 324 194 326 325 242 347 337 308 235 342 361 362
324 284 326 235 308 364 365
267 284 332 213 228 311 261 194 325 272 347 242 337 359 360
308 265 216 347 342 332 272 363 364
215 325 272 337 307 191 312 311 281 354 355
291 191 221 235 216 342 332 281 311 228 261 242 361 362
326 256 228 307 265 191 284 364 365
219 213 307 342 332 194 256 311 249 281 284 261 238 354 355
251 256 178 192 312 281 191 235 265 213 216 330 357 358
312 238 307 338 191 221 268 342 195 363 364
342 238 268 249 311 261 325 337 366 367
221 249 347 192 238 338 265 242 307 355 356
213 272 307 332 235 216 179 281 354 355
272 330 242 332 194 256 191 238 265 216 249 359 360
178 281 195 338 340 330 307 352 367
288 191 332 284 311 194 340 228 242 361 362
265 332 242 338 337 191 235 238 359 360
347 195 307 338 256 216 366 367
307 332 249 194 195 228 340 284 362 363
284 228 268 360 361
238 256 228 191 235 261 338 242 356 357
261 325 192 337 195 256 330 358 359
325 338 191 235 268 194 364 365
216 195 311 281 194 354 355
194 195 340 235 249 352 353
256 235 228 358 359
337 192 179 191 235 340 365 366
268 311 249 338 228 179 359 360
228 249 281 195 330 311 355 356
179 281 332 192 352 367
235 311 249 281 356 357
191 311 195 338 332 352 353
242 249 195 357 358
281 340 330 311 360 361
330 365 366
192 352 353
195 338 340 311 352 353
340 365 366
249 357 358
332 365 366
311 363 364
338 365 366
352
353
354
355
356
357
358
359
360
361
362
363
364
365
366
367
