#/usr/local/lib/python3.10/dist-packages/colab_kernel_launcher.py -f /root/.local/share/jupyter/runtime/kernel-dea7114a-48f2-47cd-9840-9590734c419b.json
# GMT Thu May 23 17:40:30 2024
# 
7 17 12 21 30 16 11 2 39 48 25 34 43 20 38 47 15 24 33 10 19 37 0 14 23 3 6 46 1 32 18 27 36 45 13 22 31 49 8 102 106 107 110 111 115
17 44 48 10 25 34 43 2 20 29 38 47 33 42 19 28 37 13 23 16 8 0 11 3 41 18 27 45 6 22 31 40 49 26 21 30 12 4 102 103 107 108 111 112
15 30 14 3 25 6 9 1 48 12 34 43 4 20 29 47 24 42 19 28 37 23 32 18 2 5 13 46 41 50 36 8 22 31 49 0 26 35 102 103 107 108 111 112
30 26 18 9 29 2 21 46 4 50 13 24 45 16 31 40 49 35 19 8 11 14 3 28 39 48 0 1 47 20 33 42 23 37 32 25 103 104 108 109 113 114
26 18 39 2 5 13 24 16 48 34 43 29 47 19 8 33 42 11 0 28 37 22 3 14 6 9 1 20 41 50 27 36 45 31 40 49 103 104 108 109 112 113
18 35 8 21 3 16 6 39 48 0 34 43 20 38 47 24 33 42 19 37 23 10 4 5 46 32 41 50 27 36 45 22 31 40 102 103 107 108 111 112
39 28 9 10 43 20 47 23 12 32 46 41 34 37 27 29 2 21 22 24 13 50 16 45 36 40 49 44 38 0 11 1 3 14 25 104 105 109 110 113 114
35 10 46 29 41 50 21 36 32 40 49 5 44 16 27 8 19 0 11 22 3 33 25 48 6 43 38 47 28 42 9 37 20 12 4 34 104 105 108 109 113 114
0 5 14 37 46 32 27 36 45 4 13 22 31 40 3 12 16 2 49 44 48 25 11 20 38 6 24 33 42 1 19 102 105 106 110 111 114 115
5 46 3 41 27 36 22 40 49 8 44 12 21 16 1 11 4 48 34 43 20 29 47 24 33 42 10 19 28 37 14 32 9 13 102 106 107 110 111 115
29 41 36 45 25 31 6 40 44 28 9 1 20 23 12 34 43 38 47 2 33 21 37 24 13 16 27 8 11 22 3 14 103 104 108 109 112 113
41 42 2 21 24 8 19 38 11 46 22 50 3 33 49 25 44 36 28 9 1 31 20 12 4 34 48 37 43 47 10 104 105 109 110 114 115
8 2 46 32 27 36 45 31 40 49 44 12 21 6 48 34 43 20 38 47 24 33 42 4 10 19 28 37 23 102 106 107 111 112 115
14 11 24 42 19 28 37 23 32 9 46 12 50 4 27 36 45 22 31 40 49 44 21 16 25 10 2 13 48 43 38 102 103 106 107 111 112
11 9 10 2 37 46 32 50 4 27 45 13 22 49 12 21 16 3 44 25 34 43 20 38 1 33 42 19 102 103 106 107 111 112 115
10 27 36 45 31 49 3 44 12 21 6 16 25 9 1 4 20 38 24 33 42 28 37 2 23 32 13 46 50 102 106 107 111 112 115
27 2 21 22 24 13 16 50 45 31 40 3 25 9 48 20 34 43 23 12 38 4 33 42 28 32 103 104 108 109 112 113
42 3 33 25 6 28 44 43 20 31 47 23 34 37 9 40 2 4 46 24 13 50 16 19 38 104 105 109 110 114 115
36 48 2 43 21 38 47 32 24 37 16 19 3 33 46 50 6 40 28 49 44 9 1 12 4 34 104 105 108 109 113 114
2 32 50 45 22 31 49 21 16 48 25 34 43 20 38 47 6 33 28 9 4 1 46 102 105 106 110 111 115
32 21 22 50 24 45 40 16 6 44 1 31 3 25 48 43 9 38 33 23 12 37 46 4 103 104 108 109 113 114
33 47 3 25 6 9 1 31 23 4 46 50 45 40 49 21 13 24 16 19 34 104 105 108 109 113 114
47 44 48 25 6 28 9 1 20 23 4 34 37 50 40 49 43 13 46 19 38 22 3 105 106 109 110 114 115
44 9 40 12 4 24 37 19 46 50 21 45 22 49 3 16 6 38 1 20 31 23 48 34 105 106 109 110 114 115
45 40 21 43 24 13 16 19 38 3 25 6 1 31 20 23 12 4 46 34 49 37 105 106 109 110 114 115
25 43 38 28 9 12 4 24 37 50 21 31 40 22 13 6 1 20 49 48 103 104 107 108 112 113
43 6 50 28 1 31 12 23 4 40 21 24 13 46 19 38 22 3 104 105 109 110 114 115
3 6 28 23 4 50 13 22 31 49 12 21 1 34 20 38 102 105 106 110 111 115
6 34 38 19 28 37 46 9 13 4 50 22 31 40 49 21 16 20 102 106 107 110 111 115
50 21 24 13 16 46 19 38 22 28 9 1 20 31 23 34 48 105 106 110 111 114 115
22 28 37 46 23 21 13 19 31 40 49 1 12 48 38 24 103 104 107 108 112 113
28 48 34 37 1 20 23 12 4 31 40 49 13 24 16 19 103 104 108 109 112 113
24 46 31 40 49 9 23 4 48 34 38 13 37 19 103 104 107 108 112 113
37 16 31 23 48 34 4 13 46 49 19 40 104 105 109 110 113 114
46 16 19 1 49 9 20 12 23 48 34 40 105 106 109 110 114 115
48 49 9 31 20 12 23 4 34 21 13 16 19 38 105 106 110 111 114 115
12 34 20 38 23 9 13 31 40 49 1 21 16 4 102 103 106 107 111 112
21 31 40 13 16 19 38 23 9 1 4 102 103 107 108 112 113
9 49 34 38 19 1 4 23 13 31 40 16 102 106 107 111 112 115
49 4 16 19 1 20 31 23 105 106 110 111 114 115
34 1 31 20 23 38 13 16 40 104 105 108 109 113 114
40 13 16 19 38 1 20 23 104 105 109 110 113 114
31 13 19 23 4 103 104 108 109 113 114
38 1 20 23 4 16 104 105 109 110 113 114
23 1 20 4 19 103 104 107 108 112 113
19 1 13 16 20 102 103 107 108 112 113
16 13 20 1 102 103 107 108 111 112
13 1 20 4 102 103 106 107 111 112
20 1 102 103 107 108 112 113
4 1 102 106 107 110 111 115
1 102 105 106 110 111 115
66 72 81 90 54 65 67 76 57 60 52 99 63 55 71 80 98 75 84 70 58 88 74 83 69 53 64 97 92 101 87 96 91 100 51 62 68 77 86 102 103 107 108 111 112
72 88 97 69 83 92 101 78 87 96 91 100 61 86 53 81 56 70 59 90 99 76 85 94 54 65 80 89 75 93 57 79 68 60 52 71 63 55 102 103 107 108 112 113
58 68 86 63 81 67 62 53 56 95 90 99 76 85 94 80 89 98 75 84 61 70 88 65 74 60 54 57 97 52 92 101 78 73 82 91 100 59 102 106 107 110 111 115
68 95 99 61 94 53 71 80 89 98 75 84 93 56 70 79 88 59 62 51 65 54 97 101 69 87 96 57 73 91 100 86 60 81 63 55 102 103 107 108 111 112
81 77 69 60 61 80 97 55 56 92 64 75 96 67 82 91 86 95 59 62 73 65 54 57 79 90 99 51 94 52 89 74 88 83 76 103 104 108 109 113 114
77 69 90 61 53 56 64 99 94 80 89 98 59 70 84 93 51 62 79 88 97 73 54 65 57 52 101 74 63 78 87 96 55 82 91 86 95 103 104 108 109 112 113
69 65 54 67 57 90 51 52 85 94 71 80 89 98 84 93 70 79 88 74 60 61 53 63 56 83 92 101 78 96 73 82 91 100 102 103 107 108 111 112
90 79 60 99 61 94 71 98 74 93 55 56 88 78 80 53 64 86 75 101 67 57 87 100 59 95 62 52 82 65 54 84 76 104 105 109 110 113 114
86 61 97 80 53 92 96 83 91 100 56 75 64 95 67 78 70 59 51 62 73 54 84 76 98 79 93 60 52 88 74 55 104 105 108 109 113 114
80 83 92 87 96 76 82 57 91 95 79 60 52 71 74 63 55 99 94 61 89 84 93 70 59 62 51 73 65 54 103 104 108 109 112 113
83 53 73 101 65 87 75 96 91 67 70 59 62 51 71 82 54 76 79 94 60 61 89 98 84 93 74 63 88 97 55 56 78 103 104 108 109 113 114
59 60 53 56 97 92 78 96 64 73 82 100 95 51 57 99 52 76 85 71 89 98 75 84 55 61 70 88 65 74 102 106 107 111 112 115
60 100 51 95 99 76 85 94 71 89 98 57 61 70 79 52 55 93 88 101 78 87 64 73 91 63 56 67 102 106 107 111 112 115
92 91 93 53 56 64 75 78 70 89 51 97 101 84 100 76 57 95 87 79 52 82 71 74 63 55 85 99 88 94 98 104 105 109 110 114 115
51 56 65 74 88 97 101 78 87 96 64 73 91 54 100 95 99 76 85 94 71 89 98 75 93 52 61 79 102 105 106 110 111 114 115
56 97 54 101 78 96 82 63 67 76 52 62 85 94 71 89 98 53 84 93 61 70 79 88 65 74 102 106 107 110 111 115
91 101 100 53 95 75 64 78 70 89 62 73 99 65 54 94 57 79 52 82 71 63 74 55 85 88 104 105 109 110 113 114
88 54 84 57 87 79 52 82 71 95 63 94 76 98 85 93 61 64 97 101 100 70 96 104 105 109 110 113 114
101 53 64 75 67 78 97 89 100 73 65 54 84 95 57 87 98 52 82 63 93 55 96 85 99 105 106 110 111 114 115
65 62 75 84 93 70 79 54 74 57 52 63 55 78 73 82 95 67 61 64 99 85 71 89 102 103 106 107 111 112
62 74 61 53 97 55 78 87 96 64 82 100 63 67 54 95 76 85 94 71 89 98 75 84 93 70 79 102 103 106 107 111 112 115
97 73 75 64 67 57 70 52 100 54 95 76 87 79 71 82 63 55 99 96 98 78 61 53 105 106 109 110 114 115
57 99 54 85 94 75 84 93 79 74 64 55 87 96 82 100 95 63 67 76 71 52 102 106 107 110 111 115
99 98 79 82 63 74 93 55 96 85 61 53 94 75 64 67 78 70 73 54 95 76 105 106 110 111 114 115
74 73 54 76 85 94 89 98 75 52 79 63 61 53 78 87 55 96 100 67 70 103 104 107 108 112 113
61 78 87 96 100 54 63 67 76 85 94 71 89 98 84 93 79 53 64 102 106 107 111 112 115
78 53 73 64 75 67 87 82 100 54 52 71 85 94 89 98 55 84 79 103 104 108 109 112 113
93 84 76 87 95 52 94 82 71 98 63 55 75 64 67 96 100 70 89 73 104 105 109 110 114 115
84 89 98 54 76 79 71 82 55 87 100 95 53 75 67 70 85 94 73 104 105 108 109 113 114
89 87 79 52 82 71 63 55 100 85 64 67 95 94 70 98 73 104 105 109 110 113 114
87 53 98 75 64 67 70 54 76 96 79 100 95 52 82 63 55 85 104 105 108 109 113 114
76 85 94 98 63 75 53 96 82 73 54 64 67 52 100 95 103 104 107 108 112 113
85 79 52 82 71 63 55 94 53 75 64 67 70 73 96 54 95 104 105 108 109 113 114
53 96 73 82 100 54 63 67 95 94 71 75 79 55 52 102 105 106 110 111 115
96 94 64 75 67 98 73 54 95 79 71 82 63 55 105 106 109 110 114 115
95 98 63 94 64 70 73 100 67 79 52 71 105 106 109 110 114 115
98 52 71 82 100 75 64 67 70 73 54 105 106 109 110 114 115
94 79 100 52 82 71 63 75 70 54 104 105 109 110 114 115
54 70 79 64 73 67 52 102 105 106 110 111 115
73 79 64 67 70 82 100 71 63 55 75 103 104 107 108 112 113
79 71 63 82 100 75 103 104 108 109 112 113
75 82 100 63 55 64 67 70 103 104 107 108 112 113
67 82 100 64 71 70 52 55 102 103 107 108 111 112
63 71 70 64 100 55 102 103 106 107 111 112
100 55 64 52 71 105 106 110 111 114 115
70 52 82 55 64 71 102 103 107 108 112 113
82 64 52 71 55 103 104 108 109 113 114
64 52 71 55 102 103 106 107 111 112
71 55 102 103 107 108 112 113
55 52 102 106 107 110 111 115
52 102 105 106 110 111 115
102
103
104
105
106
107
108
109
110
111
112
113
114
115
