#/usr/local/lib/python3.10/dist-packages/colab_kernel_launcher.py -f /root/.local/share/jupyter/runtime/kernel-2b515d16-c871-48c9-ad2b-cd6ecd503099.json
# GMT Thu May 23 12:38:48 2024
# 
17 58 48 25 2 0 3 50 27 6 40 30 62 52 42 19 11 14 18 54 31 21 9 1 63 53 66 43 56 33 13 23 65 55 32 68 22 4 7 67 44 57 10 34 47 24 37 8 69 46 59 49 26 140 141 145 146
58 51 65 34 46 11 14 44 25 28 9 10 40 12 66 42 43 57 29 41 13 23 4 5 35 7 37 21 24 54 55 69 6 59 8 38 39 20 61 18 30 2 16 60 47 19 49 63 31 3 33 15 143 144 148 149
28 67 3 57 34 47 6 37 20 69 46 59 49 11 14 48 61 38 9 1 60 50 63 40 30 13 39 29 23 4 26 7 64 41 10 54 31 21 44 53 66 43 56 18 55 32 68 45 35 16 19 0 141 142 146 147
67 9 1 31 61 12 42 64 15 45 48 29 59 32 13 46 23 4 26 7 37 10 40 21 43 24 55 8 38 41 18 5 16 19 49 22 52 3 6 36 66 20 51 53 34 65 30 11 44 25 69 143 144 148 149
29 32 68 57 47 2 37 5 16 19 46 3 59 36 6 48 61 38 11 60 14 50 63 25 40 30 1 12 15 62 39 52 42 13 64 54 31 26 7 53 66 43 10 56 33 21 24 27 65 55 141 142 146 147
32 55 68 13 45 35 57 34 37 4 5 7 22 59 36 24 49 6 39 8 20 48 38 51 30 60 50 14 63 40 16 19 1 15 52 42 64 41 54 44 25 26 43 9 10 56 33 12 46 141 142 146 147
0 5 60 37 27 40 7 49 62 39 52 6 42 9 51 64 18 54 8 21 63 53 30 66 20 10 23 65 55 68 45 22 35 12 2 57 11 47 24 1 14 56 69 46 36 13 26 3 16 48 61 140 144 145 149
5 60 3 50 27 63 30 7 62 52 42 19 9 64 41 31 8 1 11 66 43 20 56 33 10 23 68 45 22 35 25 4 34 47 24 14 69 36 39 16 6 48 61 38 2 15 51 18 140 144 145 149
6 48 38 60 50 63 40 7 20 1 3 52 65 42 19 9 64 41 54 31 8 53 66 43 56 33 10 46 23 13 55 68 45 22 12 57 24 37 14 69 36 49 26 39 16 140 144 145 149
48 34 57 11 59 25 47 49 9 1 31 12 15 45 61 51 13 46 60 50 63 53 23 26 62 52 40 65 21 43 24 27 38 64 54 66 2 56 35 16 19 22 3 33 68 142 143 147 148
11 14 9 69 46 59 36 13 49 26 25 15 60 2 37 50 4 40 30 3 62 39 52 42 19 51 64 41 54 31 21 63 53 66 43 20 65 55 35 12 44 57 34 47 24 140 144 145 149
14 24 37 9 1 46 12 59 36 49 16 13 61 15 18 60 50 4 27 63 30 62 52 8 42 19 64 41 31 44 43 20 56 33 3 23 65 55 45 22 35 57 34 47 140 141 145 146
68 59 51 13 23 26 7 9 10 40 21 43 24 54 57 8 60 41 18 2 35 16 19 22 52 33 63 55 36 39 20 50 53 34 69 30 44 47 1 31 61 42 64 15 45 143 144 148 149
21 64 41 54 31 8 53 66 33 65 55 18 45 22 35 2 16 19 44 57 34 3 47 24 20 69 46 59 36 49 26 25 61 38 1 12 60 30 13 39 52 42 4 51 140 141 145 146
64 24 54 27 57 60 41 69 18 2 35 16 19 49 52 3 33 63 55 36 39 53 34 65 44 47 1 42 15 59 51 62 13 46 66 23 4 26 37 10 40 143 144 148 149
41 42 27 8 39 54 44 18 66 56 2 35 16 19 55 22 3 33 36 20 57 47 30 69 46 49 25 1 31 15 61 51 13 50 63 23 4 26 62 7 10 65 141 142 146 147
42 44 57 47 18 2 69 35 16 19 22 33 61 20 60 50 30 25 62 1 52 31 12 15 51 54 63 53 66 43 56 26 7 37 9 10 24 27 8 142 143 147 148
33 38 23 60 4 50 7 40 10 24 27 8 62 52 51 18 54 44 2 16 53 66 43 22 3 65 45 35 30 34 47 37 25 9 31 69 15 36 49 13 141 142 146 147
38 51 20 54 34 53 66 43 30 56 25 65 1 31 12 45 15 13 57 69 46 23 59 4 26 49 7 37 10 24 27 61 8 60 63 40 18 2 16 39 52 19 22 141 142 146 147
25 34 15 47 56 69 46 36 61 10 12 24 60 50 27 40 13 49 62 52 4 7 51 19 54 31 22 3 8 20 53 66 43 18 55 35 16 1 44 57 140 141 145 146
34 9 31 12 15 61 13 60 50 40 23 4 62 39 26 52 7 24 27 8 54 44 66 18 56 2 16 65 19 45 20 57 69 30 46 59 36 49 141 142 146 147
44 47 9 10 40 12 43 24 69 46 59 61 18 4 35 37 60 50 63 3 36 20 62 52 30 2 54 16 1 66 15 56 65 55 45 23 57 26 142 143 147 148
47 57 9 12 15 45 69 59 49 13 46 61 23 26 7 60 10 40 63 24 27 8 62 52 65 18 2 35 16 22 3 53 56 39 20 55 142 143 147 148
10 54 31 53 66 43 7 20 13 65 55 45 22 35 57 24 37 2 69 46 59 36 3 39 16 61 15 51 60 50 27 40 9 62 19 140 144 145 149
54 43 24 27 8 56 18 65 2 55 19 22 52 3 39 20 50 53 69 59 30 9 61 12 45 51 63 62 23 4 26 7 37 142 143 147 148
3 15 18 60 50 27 63 7 62 39 52 19 9 51 31 53 43 20 56 65 45 22 12 57 4 69 46 59 36 49 26 16 61 140 144 145 149
15 57 37 46 59 36 49 26 39 16 9 1 61 51 60 27 40 30 52 4 7 8 53 66 43 20 56 23 65 55 45 22 35 140 141 145 146
24 31 9 12 66 43 56 13 55 45 23 7 57 37 8 46 36 49 26 2 51 60 50 27 63 40 20 30 62 39 140 141 145 146
13 65 55 22 35 57 9 12 46 59 49 26 16 61 4 7 60 50 63 40 8 62 39 52 19 1 66 43 20 56 23 140 144 145 149
65 4 7 37 40 22 55 36 69 8 39 53 2 16 19 49 1 63 20 50 51 62 46 56 61 12 43 66 45 27 59 143 144 148 149
55 61 46 4 26 7 37 62 40 43 8 18 2 66 56 35 19 49 22 36 39 50 30 69 59 9 1 31 12 45 142 143 147 148
61 36 39 20 50 53 1 31 12 45 59 51 63 23 4 26 56 7 37 43 27 57 60 18 2 35 19 49 52 143 144 148 149
57 9 1 12 45 46 66 23 37 40 43 27 8 59 18 2 16 49 22 39 20 60 50 53 63 62 30 143 144 148 149
18 30 62 39 52 19 51 31 1 43 56 23 45 22 35 37 9 12 69 46 36 26 8 2 60 50 7 27 63 40 140 141 145 146
30 2 69 46 4 59 49 22 20 51 60 63 40 62 39 52 12 31 53 66 43 56 23 26 7 9 35 8 37 141 142 146 147
59 9 1 31 45 69 23 26 56 7 37 60 8 62 2 35 16 19 49 22 52 66 36 39 20 50 53 143 144 148 149
60 19 49 22 20 50 51 53 1 12 46 69 23 4 26 56 7 43 27 39 63 62 2 143 144 148 149
9 56 23 36 2 37 50 27 40 49 62 39 52 1 31 63 53 66 43 20 4 45 22 35 12 140 144 145 149
31 27 37 8 69 36 49 39 2 16 19 50 63 20 40 52 1 12 53 66 56 45 35 23 4 26 141 142 146 147
2 27 40 7 62 52 51 63 53 66 20 56 23 45 35 12 4 69 46 36 49 16 1 140 144 145 149
27 16 19 66 20 43 56 45 35 12 37 69 36 49 39 23 4 26 7 22 50 63 8 53 62 52 140 141 145 146
51 36 8 39 20 50 69 16 49 1 45 46 63 53 26 52 40 12 66 56 23 4 35 7 37 19 22 142 143 147 148
37 16 63 1 53 66 43 45 23 26 7 69 8 49 4 50 40 22 36 20 62 39 52 141 142 146 147
1 69 26 39 16 63 40 7 20 62 52 19 8 53 56 46 23 45 22 35 12 140 144 145 149
36 63 40 12 62 23 4 26 7 43 56 8 45 35 16 19 22 69 46 49 39 20 141 142 146 147
40 35 19 22 66 56 39 20 45 12 69 46 4 26 7 50 63 8 52 141 142 146 147
50 35 16 19 49 22 39 52 12 45 53 66 56 23 4 7 43 8 69 142 143 147 148
12 69 46 26 16 4 8 62 39 52 19 43 20 56 45 22 35 140 144 145 149
45 23 69 4 26 7 43 8 63 35 62 19 52 53 66 56 142 143 147 148
4 63 53 66 22 56 69 46 23 26 16 7 49 62 39 19 8 140 144 145 149
63 35 49 22 39 20 53 16 62 23 26 43 8 69 143 144 148 149
16 62 39 52 53 43 20 23 22 35 8 56 69 26 140 141 145 146
43 23 66 56 46 8 35 22 69 49 20 53 62 52 142 143 147 148
35 62 39 52 23 26 7 53 66 19 22 20 46 49 141 142 146 147
39 19 53 62 20 52 66 46 23 49 141 142 146 147
8 53 66 20 56 22 69 49 26 62 52 7 140 144 145 149
19 52 53 66 20 56 23 22 69 46 49 7 140 141 145 146
69 62 26 49 22 52 66 53 143 144 148 149
7 66 20 56 23 22 46 49 26 62 140 144 145 149
20 62 52 46 49 140 141 145 146
22 53 62 66 56 46 26 140 141 145 146
53 26 62 49 52 66 56 46 142 143 147 148
23 66 56 46 49 26 62 52 140 141 145 146
66 56 52 62 46 143 144 148 149
46 26 49 62 52 56 142 143 147 148
49 62 56 142 143 147 148
26 56 62 52 140 141 145 146
56 143 144 148 149
62 143 144 148 149
52 142 143 147 148
87 128 118 95 131 108 98 86 70 130 73 120 76 110 100 132 109 122 99 112 89 84 134 111 88 124 101 91 79 82 133 136 113 90 126 103 83 93 135 125 102 138 115 105 74 77 104 107 139 116 129 119 96 140 141 145 146
128 118 132 120 121 102 135 104 116 134 81 84 114 96 126 110 82 136 112 97 127 99 83 137 93 74 75 91 92 122 94 124 125 139 76 106 78 108 109 88 72 130 117 119 133 70 71 101 73 103 85 115 143 144 148 149
98 137 127 104 76 107 90 139 116 106 119 81 84 118 131 95 108 71 82 85 120 133 110 100 83 132 109 122 99 112 93 74 96 111 80 124 91 114 94 97 78 123 136 113 126 88 125 105 75 86 89 70 141 142 146 147
137 79 71 101 131 82 112 134 85 118 99 129 130 102 83 116 93 126 107 80 110 91 113 94 124 97 78 108 109 111 88 75 89 70 122 73 103 133 76 136 138 123 104 135 100 81 84 114 95 139 117 143 144 148 149
78 79 134 111 101 114 91 81 123 126 80 93 72 135 75 125 102 138 105 82 70 76 104 117 94 107 139 116 129 106 83 119 96 86 118 71 95 131 85 88 130 97 110 100 132 109 99 74 89 77 140 144 145 149
79 114 127 104 117 94 126 116 93 129 106 83 72 75 138 70 118 73 95 108 85 76 130 120 97 110 119 109 89 71 134 111 88 124 101 91 133 123 100 136 90 80 74 135 112 77 115 92 105 82 140 144 145 149
70 75 130 107 120 74 110 77 119 109 99 76 112 89 121 134 111 88 124 133 136 113 90 103 80 125 138 92 105 72 114 104 81 117 94 71 126 139 116 129 83 96 73 86 118 131 85 140 144 145 149
75 73 120 133 110 100 77 132 99 112 102 111 124 101 91 71 81 123 136 113 90 126 80 93 125 138 115 92 74 127 104 117 94 107 84 139 116 129 106 119 86 76 118 131 108 72 85 140 144 145 149
76 118 131 108 85 130 97 133 110 72 100 77 90 132 73 122 99 135 89 111 101 91 136 113 80 116 93 83 125 138 115 92 105 95 127 104 94 107 84 74 106 119 96 109 86 140 144 145 149
118 106 109 90 104 127 81 139 84 95 119 71 101 82 112 115 131 102 83 116 120 123 93 74 96 77 107 132 80 110 135 113 94 97 124 88 136 72 105 89 73 125 103 138 142 143 147 148
99 138 115 88 127 117 72 107 86 89 139 92 116 129 106 119 90 131 108 121 81 130 84 120 95 100 82 85 109 122 112 83 134 111 124 114 93 77 136 113 80 126 103 97 125 141 142 146 147
138 129 121 102 132 135 93 96 126 77 107 80 91 94 124 97 108 130 111 88 72 105 86 119 92 122 73 133 125 106 136 109 90 123 139 81 114 117 101 82 112 134 85 115 143 144 148 149
91 134 77 124 101 80 133 123 113 103 93 135 125 88 115 92 114 127 73 94 90 139 116 129 106 119 96 95 131 84 108 71 82 130 85 107 120 97 110 83 109 122 74 121 140 141 145 146
134 113 94 97 108 130 111 72 105 86 89 119 92 122 73 103 133 125 106 123 104 100 135 84 114 95 71 101 82 112 85 115 129 121 132 83 136 93 96 126 77 107 80 110 143 144 148 149
111 112 97 108 109 124 114 123 88 113 126 72 105 89 125 92 103 90 127 117 100 81 129 84 119 71 101 82 85 121 102 83 120 93 74 96 132 77 107 122 80 135 141 142 146 147
112 114 127 117 88 72 105 86 119 92 73 103 106 131 90 104 130 120 100 81 84 95 132 71 122 101 82 85 121 102 83 124 93 77 107 80 110 125 94 115 108 142 143 147 148
103 108 93 74 96 120 110 80 94 97 109 122 88 124 114 72 86 89 123 136 113 92 126 90 135 125 115 105 100 127 117 84 95 71 101 82 139 85 129 119 102 83 131 141 142 146 147
108 106 124 104 136 113 100 126 84 95 71 101 82 115 85 102 83 114 127 117 139 129 96 119 77 107 80 94 97 131 120 133 110 72 132 122 89 92 73 141 142 146 147
95 104 85 117 139 116 129 96 80 82 94 130 120 97 83 119 109 122 93 121 89 124 92 73 133 90 123 136 113 135 88 125 102 115 105 84 86 71 114 127 140 141 145 146
104 71 101 82 85 131 121 102 83 130 120 132 109 122 77 80 124 114 123 136 113 88 126 86 135 89 125 92 115 105 90 127 117 107 139 100 81 106 84 141 142 146 147
114 117 110 82 113 97 116 129 131 121 74 105 77 107 120 133 92 73 106 109 132 122 100 72 86 71 101 123 136 85 102 125 115 81 93 127 96 142 143 147 148
117 127 71 101 82 139 129 83 116 131 121 93 74 77 130 80 120 113 97 132 122 135 88 72 124 105 86 89 92 73 136 106 126 109 125 100 81 84 142 143 147 148
80 124 101 81 74 113 77 93 135 125 115 92 82 127 94 84 72 139 129 106 119 73 96 86 131 85 130 133 110 100 71 122 89 102 140 144 145 149
124 113 97 126 88 72 125 105 89 119 92 122 73 127 109 90 120 123 139 129 100 81 84 71 101 115 102 83 116 132 93 96 77 107 142 143 147 148
72 120 110 100 77 132 109 122 89 121 101 123 136 113 126 92 105 82 127 94 107 84 74 139 116 129 106 83 96 73 86 131 85 71 130 140 144 145 149
120 105 86 131 89 119 121 130 109 90 133 132 122 81 84 71 82 102 83 123 136 116 126 135 125 93 74 107 110 94 127 97 139 129 142 143 147 148
73 85 88 130 133 110 100 77 71 132 109 121 81 123 136 113 90 93 135 125 92 105 82 127 107 84 74 139 129 106 119 96 86 131 140 144 145 149
85 127 94 107 139 129 106 81 96 84 86 131 83 130 97 133 110 100 89 77 102 101 136 90 126 93 135 125 115 92 105 140 141 145 146
83 135 125 115 105 81 107 82 116 129 119 96 131 74 88 77 130 97 133 110 132 109 89 121 101 71 123 136 90 126 140 144 145 149
135 93 74 77 110 92 122 94 139 109 88 105 86 89 119 71 101 133 90 121 102 132 116 100 84 126 131 113 115 97 127 129 130 143 144 148 149
106 121 100 81 84 130 133 71 101 82 132 122 102 93 74 96 123 136 113 126 94 97 115 127 105 107 86 89 92 116 129 109 90 141 142 146 147
127 71 101 82 115 121 102 116 126 110 113 94 97 129 88 105 89 119 92 122 125 109 90 123 133 132 100 81 84 143 144 148 149
77 81 123 136 90 126 93 125 102 115 92 105 82 94 84 139 116 71 129 96 86 131 130 110 74 109 89 121 88 140 144 145 149
88 100 109 122 89 121 101 84 86 123 136 71 113 90 93 125 102 115 92 105 81 107 82 139 116 119 96 131 130 97 140 141 145 146
100 139 74 129 86 119 89 92 131 130 133 81 84 132 122 71 82 102 101 123 136 113 126 125 94 115 97 105 141 142 146 147
129 81 84 71 101 82 115 139 121 116 74 96 126 107 130 110 133 132 105 89 92 125 109 90 123 143 144 148 149
115 102 93 139 74 116 96 119 107 110 113 94 97 131 121 130 133 105 86 122 90 123 136 81 101 125 142 143 147 148
131 109 90 123 81 84 82 121 102 116 132 93 74 126 107 110 113 94 97 130 136 105 86 119 92 122 143 144 148 149
101 94 97 107 139 119 121 89 92 133 90 132 122 102 81 84 136 113 125 105 93 74 96 141 142 146 147
102 125 105 93 107 74 139 94 119 109 90 121 130 84 133 86 89 132 122 81 96 123 136 126 82 97 141 142 146 147
125 133 96 107 132 113 94 97 136 126 119 92 122 109 90 121 123 81 71 82 142 143 147 148
121 109 90 130 139 84 86 119 71 116 123 96 132 122 110 82 113 94 97 136 93 74 105 107 89 92 142 143 147 148
113 74 96 107 110 94 126 116 97 105 89 139 119 90 81 84 130 133 71 123 132 122 142 143 147 148
105 130 133 110 132 109 122 93 97 123 126 86 89 116 119 81 84 71 141 142 146 147
130 86 89 119 122 90 136 84 71 82 116 139 93 74 126 94 97 109 133 132 143 144 148 149
84 107 139 116 96 86 74 97 133 110 132 122 136 90 93 92 140 141 145 146
107 133 123 136 126 81 93 96 94 139 116 119 74 110 92 90 132 109 122 141 142 146 147
71 94 74 139 119 96 86 133 110 90 132 122 89 81 136 92 82 140 144 145 149
110 89 123 92 136 126 109 90 81 82 116 93 74 96 133 94 97 132 122 141 142 146 147
94 82 123 136 74 116 96 86 89 92 97 133 90 132 109 122 81 140 141 145 146
86 97 81 132 109 122 89 82 133 123 90 93 74 92 126 139 116 119 96 140 141 145 146
81 126 139 116 119 96 74 132 122 133 123 136 90 93 92 140 144 145 149
132 89 92 139 109 123 133 82 116 93 74 96 97 143 144 148 149
109 133 89 123 122 96 136 126 116 93 74 92 139 141 142 146 147
82 116 119 96 74 97 89 133 123 136 90 126 92 140 144 145 149
74 133 136 92 126 139 116 93 96 119 122 89 140 144 145 149
133 119 92 122 90 123 136 116 93 96 126 143 144 148 149
90 97 123 136 126 93 92 139 116 119 140 141 145 146
93 123 126 139 119 89 97 122 140 141 145 146
123 96 92 119 122 136 126 97 116 139 142 143 147 148
97 89 126 116 139 119 96 92 122 140 141 145 146
89 122 136 126 92 139 116 96 140 141 145 146
126 136 96 139 119 122 116 143 144 148 149
139 116 96 119 122 136 143 144 148 149
119 116 96 92 142 143 147 148
136 96 122 116 143 144 148 149
96 116 92 140 141 145 146
116 92 142 143 147 148
122 142 143 147 148
92 140 141 145 146
140
141
142
143
144
145
146
147
148
149
