#/usr/local/lib/python3.10/dist-packages/colab_kernel_launcher.py -f /root/.local/share/jupyter/runtime/kernel-ccf9b1d1-ce2b-4d6c-8d13-48aff858ef78.json
# GMT Mon May 27 09:58:32 2024
# 
15 21 30 14 16 25 9 1 12 34 20 24 23 32 10 2 5 13 8 0 26 71 72 76 77 81 82 86 87
21 18 7 27 10 2 30 5 13 0 25 34 3 29 33 23 17 20 12 4 72 73 77 78 82 83 87 88
7 17 26 12 16 2 25 29 24 19 28 0 14 9 3 1 32 18 31 4 70 71 75 76 80 81 85 86
17 34 20 24 33 19 5 28 16 8 11 0 32 27 26 9 1 12 4 71 72 76 77 81 82 86 87
30 26 10 29 5 31 27 8 19 11 14 6 28 34 0 1 12 23 25 73 74 78 79 83 84 88 89
26 2 5 13 16 34 8 33 11 32 14 25 6 20 12 27 31 72 73 77 78 82 83 87 88
0 5 9 32 27 13 22 31 3 2 25 34 11 33 1 28 70 74 75 79 80 84 85 89
5 27 16 25 1 11 34 29 2 33 10 19 28 9 18 70 74 75 79 80 84 85 89
8 18 2 32 22 31 12 16 3 6 1 25 20 24 33 4 10 70 71 75 76 80 81 85 86
18 3 14 11 34 29 24 33 19 28 23 10 2 12 13 27 31 71 72 76 77 81 82 86 87
11 14 23 9 32 4 27 13 22 31 12 3 6 29 19 70 71 75 76 80 81 85 86
14 24 33 19 28 3 23 32 6 4 27 22 31 13 29 71 72 76 77 81 82 86 87
23 22 6 29 24 1 20 12 10 2 32 4 31 13 16 72 73 77 78 82 83 87 88
10 27 22 6 25 9 4 34 20 19 28 2 32 13 70 71 75 76 80 81 85 86
27 22 24 16 31 19 6 1 20 29 4 72 73 77 78 82 83 87 88
2 32 13 22 31 3 16 20 6 9 1 70 74 75 79 80 84 85 89
32 16 6 20 31 25 28 34 33 12 73 74 78 79 83 84 88 89
25 34 29 33 9 12 24 19 22 3 13 72 73 77 78 82 83 87 88
34 6 9 1 20 12 4 22 3 33 73 74 78 79 83 84 88 89
22 28 16 19 6 9 20 12 4 24 33 72 73 77 78 82 83 87 88
28 3 29 6 33 9 1 20 4 31 19 73 74 78 79 83 84 88 89
24 6 31 1 20 12 4 29 33 16 19 72 73 77 78 82 83 87 88
33 3 1 20 29 16 19 73 74 78 79 83 84 88 89
3 9 4 13 31 16 1 20 29 70 74 75 79 80 84 85 89
16 13 6 20 29 9 1 71 72 76 77 81 82 86 87
12 19 9 13 31 4 70 71 75 76 80 81 85 86
6 19 9 13 4 20 70 74 75 79 80 84 85 89
9 19 1 13 31 70 71 75 76 80 81 85 86
29 31 1 20 4 19 73 74 78 79 83 84 88 89
19 31 4 71 72 76 77 81 82 86 87
31 13 73 74 78 79 83 84 88 89
13 1 20 4 70 71 75 76 80 81 85 86
20 71 72 76 77 81 82 86 87
4 1 70 74 75 79 80 84 85 89
1 70 74 75 79 80 84 85 89
42 52 47 65 40 60 64 59 68 54 49 58 44 38 36 67 62 48 66 39 43 70 71 75 76 80 81 85 86
52 45 69 64 59 68 48 58 51 35 46 49 38 53 66 61 56 44 36 39 71 72 76 77 81 82 86 87
50 65 49 38 60 41 44 36 47 69 64 68 63 58 67 37 62 43 57 35 46 71 72 76 77 81 82 86 87
65 61 53 37 56 39 40 48 51 66 43 54 57 63 35 36 55 68 67 73 74 78 79 83 84 88 89
61 37 40 48 51 64 43 54 35 63 57 67 38 60 41 58 62 39 66 72 73 77 78 82 83 87 88
46 49 37 40 53 62 57 66 47 43 51 38 41 35 64 36 68 54 63 70 71 75 76 80 81 85 86
49 53 41 44 36 47 39 57 51 60 45 37 40 69 43 55 64 71 72 76 77 81 82 86 87
45 62 57 66 41 51 44 36 69 64 59 54 63 37 67 53 48 40 35 70 71 75 76 80 81 85 86
62 37 56 57 40 48 59 54 35 38 41 55 69 58 47 68 72 73 77 78 82 83 87 88
37 67 43 47 60 69 35 55 64 59 40 58 53 36 70 74 75 79 80 84 85 89
67 56 59 48 51 54 66 38 60 44 68 47 39 40 53 73 74 78 79 83 84 88 89
38 41 68 63 40 44 39 35 48 57 66 43 51 60 70 74 75 79 80 84 85 89
41 59 54 63 53 48 39 43 56 51 60 55 35 36 70 74 75 79 80 84 85 89
68 60 63 66 58 47 39 53 64 56 54 69 57 73 74 78 79 83 84 88 89
47 60 40 55 64 59 54 63 58 35 44 48 57 70 71 75 76 80 81 85 86
60 63 44 58 59 53 56 66 35 36 55 72 73 77 78 82 83 87 88
53 51 35 36 55 64 59 54 44 48 57 71 72 76 77 81 82 86 87
56 57 66 40 43 35 69 64 59 63 44 36 55 39 72 73 77 78 82 83 87 88
57 58 51 54 43 44 55 69 64 72 73 77 78 82 83 87 88
66 64 59 51 43 35 63 36 55 39 73 74 78 79 83 84 88 89
58 69 64 59 36 55 44 40 48 51 54 72 73 77 78 82 83 87 88
63 69 44 39 40 59 51 43 35 73 74 78 79 83 84 88 89
64 44 36 69 48 43 73 74 78 79 83 84 88 89
40 43 39 69 59 44 48 70 74 75 79 80 84 85 89
69 44 55 39 48 59 43 35 73 74 78 79 83 84 88 89
59 39 48 54 43 72 73 77 78 82 83 87 88
43 55 39 54 70 71 75 76 80 81 85 86
48 51 36 55 39 70 71 75 76 80 81 85 86
44 54 36 51 70 71 75 76 80 81 85 86
54 36 39 51 55 71 72 76 77 81 82 86 87
51 35 55 36 71 72 76 77 81 82 86 87
39 55 35 70 74 75 79 80 84 85 89
55 35 36 71 72 76 77 81 82 86 87
36 70 74 75 79 80 84 85 89
35 70 74 75 79 80 84 85 89
70
71
72
73
74
75
76
77
78
79
80
81
82
83
84
85
86
87
88
89
