#/usr/local/lib/python3.10/dist-packages/colab_kernel_launcher.py -f /root/.local/share/jupyter/runtime/kernel-ccf9b1d1-ce2b-4d6c-8d13-48aff858ef78.json
# GMT Mon May 27 10:00:26 2024
# 
15 21 1 23 3 25 10 6 4 8 20 22 11 24 17 26 19 7 9 57 58 61 62 65 66 69 70 73 74
21 17 5 18 9 25 1 3 14 27 16 20 22 24 26 2 4 19 58 59 62 63 66 67 70 71 74 75
6 18 11 20 3 13 22 4 8 17 26 10 19 0 12 23 25 9 56 59 60 63 64 67 68 71 72 75
18 26 8 12 23 4 5 13 0 1 25 14 7 27 10 22 16 57 58 61 62 65 66 69 70 73 74
16 20 22 11 5 19 7 9 13 1 23 3 14 10 27 4 8 57 58 61 62 65 66 69 70 73 74
20 22 10 24 12 2 4 8 23 0 1 7 13 14 3 57 58 61 62 65 66 69 70 73 74
7 17 26 10 19 0 9 1 11 25 27 13 22 2 24 56 57 60 61 64 65 68 69 72 73
17 13 23 1 14 10 12 27 2 4 22 11 0 19 5 57 58 61 62 65 66 69 70 73 74
26 22 9 24 14 3 23 25 2 4 19 11 0 5 58 59 62 63 66 67 70 71 74 75
3 13 24 8 19 1 12 23 25 9 11 4 27 56 59 60 63 64 67 68 71 72 75
13 19 12 14 23 2 8 5 11 27 9 22 56 57 60 61 64 65 68 69 72 73
5 10 0 12 14 25 9 1 27 2 4 24 8 56 59 60 63 64 67 68 71 72 75
10 27 22 24 14 2 23 4 8 25 0 56 57 60 61 64 65 68 69 72 73
8 9 1 22 2 19 12 0 14 23 56 57 60 61 64 65 68 69 72 73
9 12 0 14 1 23 25 11 24 56 57 60 61 64 65 68 69 72 73
22 14 25 2 27 11 24 58 59 62 63 66 67 70 71 74 75
12 25 1 24 19 23 2 4 11 0 56 57 60 61 64 65 68 69 72 73
25 23 27 2 24 0 19 58 59 62 63 66 67 70 71 74 75
14 11 24 19 1 23 27 57 58 61 62 65 66 69 70 73 74
0 2 27 11 4 24 19 56 59 60 63 64 67 68 71 72 75
23 27 24 2 58 59 62 63 66 67 70 71 74 75
11 2 4 27 1 24 56 57 60 61 64 65 68 69 72 73
2 4 1 19 56 59 60 63 64 67 68 71 72 75
1 24 4 27 56 59 60 63 64 67 68 71 72 75
24 19 58 59 62 63 66 67 70 71 74 75
19 27 4 57 58 61 62 65 66 69 70 73 74
27 4 58 59 62 63 66 67 70 71 74 75
4 56 59 60 63 64 67 68 71 72 75
43 49 29 51 31 42 44 53 46 34 32 36 48 52 45 54 33 47 37 57 58 61 62 65 66 69 70 73 74
49 45 35 46 53 42 31 44 50 38 52 40 54 30 32 51 39 28 58 59 62 63 66 67 70 71 74 75
34 46 39 48 31 55 50 32 45 54 33 47 28 40 29 42 51 44 56 59 60 63 64 67 68 71 72 75
46 54 36 40 39 41 28 45 29 42 31 53 48 38 50 30 57 58 61 62 65 66 69 70 73 74
35 45 54 38 42 51 33 44 37 39 55 48 41 50 30 32 52 36 56 57 60 61 64 65 68 69 72 73
45 41 51 29 44 40 53 55 30 32 36 52 39 54 57 58 61 62 65 66 69 70 73 74
54 37 41 52 29 31 38 40 53 36 47 28 33 58 59 62 63 66 67 70 71 74 75
32 37 30 51 53 55 39 36 38 47 29 40 33 44 56 59 60 63 64 67 68 71 72 75
37 36 47 38 28 33 44 29 31 39 48 41 50 30 52 56 57 60 61 64 65 68 69 72 73
31 41 52 36 38 47 29 40 51 53 55 28 48 56 59 60 63 64 67 68 71 72 75
41 47 40 42 51 30 38 33 39 29 55 50 52 56 57 60 61 64 65 68 69 72 73
36 53 55 48 50 52 38 47 28 42 44 56 57 60 61 64 65 68 69 72 73
28 33 42 51 44 30 53 55 48 50 38 40 56 59 60 63 64 67 68 71 72 75
33 40 42 51 44 29 39 55 48 30 50 56 59 60 63 64 67 68 71 72 75
39 42 51 44 53 48 50 52 47 40 56 57 60 61 64 65 68 69 72 73
42 47 29 44 53 40 30 55 48 57 58 61 62 65 66 69 70 73 74
51 55 50 52 44 38 30 47 58 59 62 63 66 67 70 71 74 75
29 38 40 44 53 30 48 55 56 59 60 63 64 67 68 71 72 75
38 55 48 52 47 30 53 56 57 60 61 64 65 68 69 72 73
52 44 40 30 47 55 50 58 59 62 63 66 67 70 71 74 75
44 50 40 30 57 58 61 62 65 66 69 70 73 74
50 40 53 30 55 47 58 59 62 63 66 67 70 71 74 75
48 40 30 47 53 55 57 58 61 62 65 66 69 70 73 74
55 53 47 58 59 62 63 66 67 70 71 74 75
40 47 56 57 60 61 64 65 68 69 72 73
30 53 56 59 60 63 64 67 68 71 72 75
47 53 57 58 61 62 65 66 69 70 73 74
53 58 59 62 63 66 67 70 71 74 75
56
57
58
59
60
61
62
63
64
65
66
67
68
69
70
71
72
73
74
75
