#/usr/local/lib/python3.10/dist-packages/colab_kernel_launcher.py -f /root/.local/share/jupyter/runtime/kernel-dea7114a-48f2-47cd-9840-9590734c419b.json
# GMT Thu May 23 18:00:52 2024
# 
15 21 30 39 3 14 16 25 6 9 1 12 34 4 20 29 38 24 33 19 7 28 37 23 32 18 10 2 5 13 27 36 8 22 31 40 0 11 17 26 35 84 85 87 88 91 92 94 95
21 37 7 18 32 41 27 36 22 40 10 26 35 2 30 5 13 16 19 8 11 0 39 25 34 3 14 29 38 24 33 6 28 23 17 9 1 20 12 4 84 85 88 89 91 92 95 96
7 17 26 12 30 16 11 2 5 39 25 34 20 29 38 24 33 10 19 28 37 0 14 23 9 3 6 1 32 41 18 27 36 13 22 31 40 4 8 84 87 88 90 91 94 95 97
17 39 10 25 34 2 20 29 38 24 33 5 19 28 37 13 23 16 8 0 11 14 3 32 41 18 27 36 6 22 31 26 35 9 30 1 12 4 84 85 87 88 91 92 94 95
30 26 18 9 10 29 2 4 5 41 24 13 36 16 31 40 27 35 19 8 11 22 3 14 28 39 34 0 1 38 20 33 12 23 37 32 25 85 86 89 90 92 93 96 97
26 18 39 10 2 5 24 13 16 34 29 38 19 8 33 0 11 28 37 22 32 14 3 25 6 9 20 41 12 23 27 36 4 31 40 35 85 86 88 89 92 93 95 96
18 35 8 14 3 16 6 39 11 0 1 25 34 20 29 38 33 19 28 37 23 9 10 2 12 4 5 13 32 41 27 36 22 31 40 84 85 88 89 91 92 95 96
39 28 9 10 20 12 23 4 5 41 34 37 27 29 2 22 13 24 35 16 6 36 40 8 19 38 0 11 1 31 14 3 33 25 86 87 89 90 93 94 96 97
35 10 29 2 41 36 32 40 5 13 24 16 27 19 8 0 11 22 14 3 33 25 6 38 28 9 37 1 20 31 12 23 4 34 85 86 89 90 92 93 96 97
29 32 41 25 31 6 40 28 9 1 20 12 23 4 34 10 38 2 33 37 5 24 13 16 27 19 8 11 0 22 14 3 85 86 88 89 92 93 95 96
32 2 22 41 14 36 13 24 40 16 6 19 8 11 0 1 31 20 3 25 28 34 9 10 38 33 23 12 37 4 5 27 85 86 89 90 92 93 96 97
8 9 2 5 41 27 36 13 22 31 40 12 16 11 3 6 1 25 34 20 38 24 33 4 10 19 28 37 14 23 84 87 88 90 91 94 95 97
9 0 3 25 34 11 20 38 24 33 6 10 28 14 1 4 37 23 41 27 36 13 22 31 40 2 12 5 16 84 87 88 90 91 94 95 97
40 41 10 2 5 13 24 16 27 19 38 11 0 22 3 14 33 25 6 36 28 1 20 31 12 23 4 34 37 86 87 89 90 93 94 96 97
41 2 5 24 13 16 27 19 38 11 0 22 14 3 33 25 6 36 28 1 20 31 23 12 4 34 37 10 86 87 89 90 93 94 96 97
0 5 14 23 37 27 36 4 13 22 31 3 12 16 2 25 34 11 20 38 6 24 33 1 10 19 28 84 86 87 90 91 93 94 97
5 3 27 36 22 31 12 16 25 1 11 6 4 20 38 2 24 33 10 19 28 37 14 23 13 84 86 87 90 91 93 94 97
37 22 14 33 16 6 36 28 11 1 20 31 23 12 25 38 34 10 2 4 24 13 27 19 86 87 89 90 93 94 96 97
14 24 33 19 28 3 23 6 1 12 4 27 36 22 31 16 25 10 2 13 34 20 38 84 85 87 88 91 92 94 95
11 23 10 2 4 27 36 13 22 31 12 16 3 6 25 34 20 38 1 24 33 19 28 84 87 88 90 91 94 95 97
23 22 3 6 25 34 38 24 33 1 20 28 10 2 27 4 36 31 13 16 19 84 85 88 89 91 92 95 96
10 27 36 22 31 3 12 6 16 25 1 4 34 20 38 24 19 28 2 13 84 87 88 90 91 94 95 97
27 22 13 24 16 36 31 19 3 25 6 1 20 34 12 38 4 33 28 85 86 88 89 92 93 95 96
36 2 38 13 24 16 19 22 3 33 25 6 28 1 20 31 12 4 34 86 87 89 90 93 94 96 97
33 38 3 25 6 28 1 20 31 12 4 2 24 13 16 19 34 22 85 86 89 90 92 93 96 97
38 25 6 1 31 20 12 4 34 2 24 13 16 19 22 3 86 87 89 90 93 94 96 97
2 13 22 31 3 12 16 25 34 20 6 24 19 28 4 1 84 86 87 90 91 93 94 97
25 34 28 12 4 24 19 31 22 3 13 6 1 20 85 86 88 89 92 93 95 96
34 6 28 1 31 20 12 4 24 13 16 19 22 3 85 86 89 90 92 93 96 97
3 6 24 19 28 4 13 22 31 12 16 1 20 84 86 87 90 91 93 94 97
6 24 19 28 13 4 22 31 12 16 20 1 84 87 88 90 91 94 95 97
22 28 16 19 31 1 20 12 4 24 84 85 88 89 91 92 95 96
28 1 20 12 4 31 13 24 16 19 85 86 88 89 92 93 95 96
24 31 1 20 12 4 13 16 19 85 86 88 89 92 93 95 96
16 31 13 20 19 1 12 4 84 85 87 88 91 92 94 95
12 20 19 13 31 1 4 84 85 87 88 91 92 94 95
31 13 19 1 20 4 85 86 89 90 92 93 96 97
19 1 4 13 20 84 85 88 89 91 92 95 96
13 1 20 4 84 85 87 88 91 92 94 95
20 1 84 85 88 89 91 92 95 96
4 1 84 86 87 90 91 93 94 97
1 84 86 87 90 91 93 94 97
57 63 72 81 56 45 58 67 48 51 43 54 76 46 62 71 80 66 75 61 49 70 79 65 74 60 44 47 55 83 69 78 50 64 73 82 42 53 59 68 77 84 85 87 88 91 92 94 95
63 79 60 49 74 83 69 78 64 73 82 52 68 77 44 72 47 55 58 50 61 53 42 81 67 76 45 56 71 80 66 75 48 70 65 59 51 43 54 46 84 85 88 89 91 92 95 96
49 59 77 54 72 58 53 44 47 81 67 76 62 71 80 66 75 52 61 70 79 42 56 65 51 45 48 43 74 83 60 69 78 55 64 73 82 46 50 84 87 88 90 91 94 95 97
59 81 52 67 76 44 62 71 80 66 47 61 70 79 55 65 58 50 42 53 56 45 74 83 60 69 78 48 64 73 82 68 77 51 72 43 54 46 84 85 87 88 91 92 94 95
68 72 60 81 52 44 47 66 55 58 76 71 80 61 50 75 42 53 70 79 64 74 56 45 67 48 51 43 62 83 54 65 69 78 46 73 82 77 85 86 88 89 92 93 95 96
72 60 51 52 71 44 46 47 83 66 55 78 58 73 82 69 77 50 61 64 45 56 48 70 81 76 42 43 80 62 75 65 54 79 74 67 85 86 89 90 92 93 96 97
60 77 50 45 56 58 48 81 53 42 43 67 76 62 71 80 66 75 61 70 79 65 51 52 44 54 46 47 55 74 83 78 64 73 82 84 85 88 89 91 92 95 96
81 70 51 52 62 54 65 46 74 47 83 76 79 69 71 44 64 77 66 55 58 48 78 61 50 80 42 53 43 73 45 56 75 67 86 87 89 90 93 94 96 97
77 52 71 44 83 78 74 82 47 66 55 58 69 50 61 42 53 64 45 56 75 67 80 70 51 43 79 73 62 65 54 46 76 85 86 89 90 92 93 96 97
71 74 83 78 67 73 48 82 70 51 43 62 54 65 46 76 52 80 44 75 79 47 55 66 58 69 61 50 53 64 56 45 85 86 88 89 92 93 95 96
74 44 64 83 56 66 55 82 58 48 61 50 53 42 43 62 73 45 67 70 76 51 52 80 75 54 65 79 46 47 69 85 86 89 90 92 93 96 97
50 51 44 47 83 69 78 55 64 73 82 54 42 53 45 48 43 67 76 62 80 66 75 46 52 61 70 79 56 65 84 87 88 90 91 94 95 97
51 42 45 67 76 53 62 80 75 48 52 61 70 56 43 46 79 65 83 69 78 55 64 73 82 44 54 47 58 84 87 88 90 91 94 95 97
82 83 52 44 47 66 55 58 69 61 80 53 42 64 56 45 75 67 48 78 70 43 62 73 65 54 46 76 79 86 87 89 90 93 94 96 97
83 44 47 66 55 58 69 80 42 53 64 56 45 75 67 48 78 70 43 62 73 54 65 46 76 79 52 86 87 89 90 93 94 96 97
42 47 56 65 79 69 78 46 55 64 73 45 54 58 44 67 76 53 62 80 48 66 75 43 52 61 70 84 86 87 90 91 93 94 97
47 45 69 78 64 73 54 58 67 43 53 48 46 76 62 80 44 66 75 52 61 70 79 56 65 84 86 87 90 91 93 94 97
79 64 56 75 58 48 78 70 53 43 73 62 65 54 67 80 76 52 44 46 55 66 69 61 86 87 89 90 93 94 96 97
53 56 65 52 44 46 69 78 55 64 73 54 58 45 48 67 76 62 80 43 66 75 61 70 84 87 88 90 91 94 95 97
56 66 75 61 70 45 65 48 43 54 46 69 78 73 58 67 52 44 55 76 62 80 84 85 87 88 91 92 94 95
65 64 45 48 67 80 66 75 43 62 70 54 52 44 69 46 78 73 55 58 61 84 85 88 89 91 92 95 96
52 69 78 64 73 45 54 48 58 67 43 46 76 62 80 66 75 61 70 44 55 84 87 88 90 91 94 95 97
69 44 64 55 66 58 78 73 61 45 67 48 43 62 76 54 80 46 75 70 85 86 88 89 92 93 95 96
78 44 80 55 66 58 61 64 45 75 67 48 70 43 62 73 54 46 76 86 87 89 90 93 94 96 97
75 80 45 67 48 70 43 62 73 54 46 44 55 66 58 61 76 64 85 86 89 90 92 93 96 97
80 67 48 70 43 62 73 54 76 44 55 66 58 61 64 45 86 87 89 90 93 94 96 97
67 76 70 54 46 66 61 44 64 45 55 58 48 43 62 85 86 88 89 92 93 95 96
76 48 70 43 62 73 54 46 44 66 55 58 61 64 45 85 86 89 90 92 93 96 97
44 55 64 73 45 54 58 62 48 66 61 46 43 84 86 87 90 91 93 94 97
45 48 66 61 70 46 55 64 73 54 58 43 62 84 86 87 90 91 93 94 97
48 66 61 70 55 46 64 73 54 58 62 43 84 87 88 90 91 94 95 97
64 70 55 58 61 73 43 62 54 46 66 84 85 88 89 91 92 95 96
70 43 62 54 46 73 55 66 58 61 85 86 88 89 92 93 95 96
66 73 43 62 54 46 55 58 61 85 86 88 89 92 93 95 96
58 73 55 62 61 43 54 46 84 85 87 88 91 92 94 95
54 62 61 55 73 46 84 85 87 88 91 92 94 95
73 55 61 43 62 46 85 86 89 90 92 93 96 97
61 43 46 55 62 84 85 88 89 91 92 95 96
55 43 62 46 84 85 87 88 91 92 94 95
62 46 43 84 85 88 89 91 92 95 96
46 43 84 86 87 90 91 93 94 97
43 84 86 87 90 91 93 94 97
84
85
86
87
88
89
90
91
92
93
94
95
96
97
