#/usr/local/lib/python3.10/dist-packages/colab_kernel_launcher.py -f /root/.local/share/jupyter/runtime/kernel-6c0fbf18-c276-4b2d-9452-8819c27dba4d.json
# GMT Sat May 25 04:38:23 2024
# 
13 88 65 101 55 32 68 45 22 100 90 57 9 10 24 37 12 14 79 92 69 46 82 59 81 25 61 4 5 7 83 73 50 40 17 6 30 72 85 62 39 75 52 29 42 19 97 74 87 2 54 31 21 96 86 3 99 76 53 20 56 33 23 204 209 210 215 216 221
88 95 65 98 97 4 26 56 7 10 70 21 73 54 76 99 27 8 87 89 60 41 58 101 91 2 5 35 100 16 68 19 49 0 22 3 82 33 63 39 69 50 92 72 86 67 84 14 47 28 9 1 93 31 12 96 45 75 29 51 81 32 208 209 214 215 220 221
24 97 14 74 41 44 12 86 53 89 66 43 56 33 98 101 78 55 68 45 25 4 100 7 67 10 80 57 21 34 70 37 8 92 69 46 59 49 26 18 58 94 71 2 38 5 51 93 83 60 6 50 27 63 17 30 95 39 75 52 29 11 204 205 210 211 216 217
97 54 27 38 60 90 74 77 2 5 35 16 68 19 49 0 22 52 3 33 63 36 66 39 69 20 50 72 53 83 34 67 14 44 25 47 28 9 1 80 61 12 15 45 75 29 51 81 32 65 95 46 23 56 10 101 89 21 43 73 208 209 214 215 220 221
16 93 70 83 60 50 40 17 82 72 14 39 75 52 29 42 19 9 1 84 74 51 41 54 31 96 86 63 99 76 53 66 43 20 33 23 98 65 55 10 32 68 22 77 67 80 89 79 56 92 69 2 26 5 91 0 81 94 25 61 28 204 209 210 215 216 221
93 19 49 0 80 22 52 3 33 63 6 36 66 17 39 100 20 51 81 53 34 65 99 30 11 14 44 1 31 12 64 45 76 48 59 32 92 46 77 91 23 4 56 37 10 89 40 21 94 27 57 8 90 41 74 96 86 2 5 98 208 209 214 215 220 221
55 84 32 83 96 73 95 7 85 62 98 40 21 65 54 8 41 87 77 67 99 89 2 66 79 56 5 49 22 52 3 33 78 6 36 68 17 58 50 51 100 34 90 80 57 70 60 30 11 14 44 59 47 28 9 31 12 42 94 48 206 207 212 213 218 219
84 6 38 39 53 94 18 2 35 49 0 80 31 96 63 64 17 48 78 20 50 81 32 62 85 34 46 30 11 14 25 26 9 10 12 42 86 73 99 45 75 89 27 29 60 41 77 101 58 91 23 100 4 90 68 70 22 52 82 54 207 208 213 214 219 220
28 67 57 34 47 17 37 20 79 92 69 82 59 36 49 91 71 14 48 61 25 38 9 12 83 60 73 50 63 30 62 39 75 52 29 42 26 51 7 64 41 10 54 21 27 8 99 76 66 56 33 65 101 18 78 68 35 100 77 204 205 210 211 216 217
67 1 31 12 42 15 45 81 48 71 60 32 46 96 73 23 26 7 37 72 10 40 75 43 54 57 8 38 41 87 58 18 86 76 89 5 19 22 3 33 78 6 36 66 68 17 20 50 51 53 34 80 30 11 44 69 47 206 207 212 213 218 219
29 32 45 77 90 18 70 47 2 37 19 79 0 92 69 46 82 3 59 36 6 20 81 94 48 61 83 73 50 40 9 12 95 72 85 62 75 52 74 54 31 44 4 99 76 7 53 43 10 56 21 98 27 65 101 78 204 205 210 211 216 217
32 91 68 58 35 100 80 34 47 23 37 4 5 7 79 21 22 82 59 6 8 20 81 94 71 48 61 51 30 2 60 50 14 19 1 3 95 62 75 52 42 87 41 54 44 11 99 26 53 66 10 56 12 98 204 205 210 211 216 217
47 80 44 57 25 70 1 12 42 92 82 49 46 71 61 51 26 7 83 37 96 73 50 40 21 43 27 38 95 85 62 52 74 64 77 2 54 5 35 19 22 76 3 89 33 6 17 20 98 34 101 58 100 30 90 14 205 206 211 212 217 218
80 9 1 31 12 64 15 45 75 78 59 51 92 62 82 65 46 94 23 26 56 7 10 40 70 21 96 54 57 8 38 41 77 85 18 87 19 49 0 52 3 33 6 66 99 20 50 53 101 91 11 44 25 100 207 208 213 214 219 220
8 9 74 51 87 64 41 54 21 11 96 86 99 76 53 89 66 56 10 98 2 5 68 45 12 0 77 90 57 37 14 92 82 59 36 49 26 58 71 1 61 15 18 70 60 73 50 40 17 85 62 75 52 4 19 204 209 210 215 216 221
9 90 57 34 11 79 56 69 46 59 2 101 91 68 58 48 61 15 83 60 37 73 40 82 95 72 49 85 52 19 74 51 64 41 31 96 63 76 53 30 20 33 10 98 75 65 42 45 22 35 12 100 77 204 209 210 215 216 221
40 41 77 2 44 5 86 19 99 0 76 53 22 66 43 33 6 36 98 65 78 34 68 58 11 25 1 15 69 82 59 81 94 71 48 61 23 4 83 26 60 96 73 50 21 95 72 62 52 42 87 18 64 205 206 211 212 217 218
41 74 38 87 77 44 99 76 66 56 2 98 101 0 78 22 33 20 100 90 34 57 70 30 92 11 46 82 14 49 31 94 15 71 61 51 83 60 96 50 63 95 72 26 62 7 37 52 10 65 205 206 211 212 217 218
0 5 70 83 60 73 4 17 7 95 72 49 62 39 52 6 19 94 51 87 64 31 86 99 76 53 43 20 98 75 78 45 35 12 2 100 90 44 34 1 79 92 46 59 26 3 101 91 58 71 25 38 15 204 209 210 215 216 221
5 73 3 27 63 17 7 85 75 52 77 31 44 21 1 86 99 76 53 66 43 20 56 33 23 98 35 12 100 4 90 34 14 79 46 82 59 36 49 26 39 6 91 81 71 61 38 2 15 51 204 209 210 215 216 221
6 48 61 38 15 51 27 63 30 20 85 62 75 3 52 65 42 64 77 54 31 44 99 53 89 66 43 56 33 46 98 101 78 91 58 35 12 100 90 57 70 79 92 69 82 59 36 26 39 81 204 209 210 215 216 221
48 58 17 20 100 90 34 70 30 11 69 14 82 44 25 72 1 42 15 81 45 71 61 51 83 96 63 23 4 95 7 85 62 75 52 65 21 43 38 74 77 54 86 99 18 76 79 56 35 101 22 3 33 205 206 211 212 217 218
11 14 89 7 79 56 92 69 46 59 36 26 101 91 81 94 25 15 60 73 50 4 30 82 3 72 39 52 42 19 74 51 87 54 21 96 86 63 99 76 53 66 1 23 78 45 22 35 12 77 57 204 209 210 215 216 221
14 92 1 69 46 59 36 49 91 94 61 15 18 96 27 63 17 30 10 72 62 75 42 87 64 77 54 31 2 53 89 66 43 20 56 3 23 65 101 78 68 45 35 25 100 90 34 204 209 210 215 216 221
58 95 62 51 65 34 46 64 77 26 86 99 10 76 89 66 42 57 78 91 68 100 70 35 7 37 21 22 52 82 59 38 72 39 20 53 94 61 18 30 2 60 96 73 19 49 63 3 33 15 206 207 212 213 218 219
95 91 18 2 35 100 49 22 52 3 82 85 36 39 69 20 53 34 86 30 1 31 61 42 64 15 94 75 78 81 62 92 46 98 79 4 56 37 10 70 43 73 54 27 57 99 87 90 71 74 208 209 214 215 220 221
90 31 42 15 45 59 51 62 79 23 56 37 101 10 89 91 70 21 43 73 57 87 38 100 71 74 77 18 2 68 19 49 22 52 94 82 63 66 17 39 69 20 53 83 86 96 44 208 209 214 215 220 221
50 91 94 71 19 49 51 22 3 33 36 83 60 39 96 73 20 34 72 62 75 44 25 87 31 77 12 42 45 76 53 89 56 98 65 101 23 100 21 43 57 70 38 69 59 18 205 206 211 212 217 218
91 81 62 65 98 30 31 61 15 45 75 27 57 87 59 60 74 101 23 4 100 56 7 37 68 10 70 22 82 54 85 38 69 92 71 83 18 19 49 1 33 63 64 66 17 78 208 209 214 215 220 221
61 100 36 17 39 20 34 82 81 71 31 42 15 45 51 83 96 72 62 75 4 26 56 7 10 21 74 87 64 77 57 60 76 89 66 18 98 65 101 78 68 19 22 52 3 206 207 212 213 218 219
100 12 64 15 94 75 76 62 92 65 79 23 26 37 89 70 21 27 57 87 72 74 18 3 82 33 63 85 36 66 39 20 99 101 53 34 98 25 1 31 208 209 214 215 220 221
21 64 7 54 31 10 86 63 76 43 33 23 98 18 45 22 2 19 44 57 34 17 79 56 92 69 59 36 49 26 94 12 83 15 73 82 39 75 52 42 4 87 204 205 210 211 216 217
64 43 54 27 57 60 92 69 18 72 2 35 81 19 71 49 22 3 33 63 36 17 39 83 73 85 98 65 44 25 1 31 12 42 87 62 99 76 46 66 23 101 4 78 68 7 206 207 212 213 218 219
77 70 12 98 43 73 76 27 59 60 71 99 23 89 35 68 52 54 101 36 66 38 39 81 69 20 72 53 18 92 49 63 45 17 94 51 65 46 96 86 26 207 208 213 214 219 220
73 74 87 35 68 49 22 52 3 33 63 99 36 76 17 69 20 34 30 44 1 31 12 42 45 92 51 62 81 4 56 37 70 96 43 54 57 60 71 85 18 207 208 213 214 219 220
74 75 54 57 38 71 87 86 89 35 79 68 19 49 22 52 63 101 36 78 66 17 39 51 53 34 30 44 25 1 42 15 59 65 46 83 23 26 56 7 37 10 70 85 43 207 208 213 214 219 220
33 38 83 60 4 7 63 10 27 85 52 51 87 54 2 99 76 19 89 43 17 98 20 65 78 68 45 35 30 57 37 25 1 79 82 15 59 36 81 204 205 210 211 216 217
38 51 87 20 54 34 96 86 99 76 53 43 56 65 1 78 31 45 44 57 89 69 46 82 23 59 4 26 10 81 94 71 27 70 83 63 18 72 35 39 75 52 42 3 205 206 211 212 217 218
25 34 15 17 89 79 56 92 46 101 68 81 71 10 12 70 83 60 37 27 82 72 49 85 42 94 4 7 87 19 54 22 3 96 86 63 99 76 30 43 75 18 78 2 1 204 205 210 211 216 217
34 31 12 71 15 63 72 4 75 26 42 27 87 44 86 99 66 43 18 56 2 98 65 101 78 22 3 17 20 70 79 69 30 46 82 59 49 205 206 211 212 217 218
44 10 79 92 27 69 46 82 49 81 94 18 51 4 7 83 37 60 96 19 22 20 85 52 87 30 54 86 1 76 53 56 98 65 101 78 45 23 57 70 205 206 211 212 217 218
39 81 71 51 83 96 35 86 53 31 3 62 98 42 87 54 30 26 76 89 66 12 46 27 101 78 45 57 70 23 60 4 7 37 92 22 69 59 72 49 205 206 211 212 217 218
81 69 20 30 92 1 31 12 15 45 75 78 59 62 94 65 46 96 23 4 7 37 10 85 98 54 76 57 72 2 89 68 19 49 22 52 36 17 207 208 213 214 219 220
3 15 18 70 27 63 17 30 7 72 85 75 52 42 19 87 54 96 86 99 76 66 10 23 98 101 78 68 22 35 57 37 79 46 82 59 204 209 210 215 216 221
15 79 92 46 59 49 71 12 51 18 83 60 96 27 63 17 30 85 62 75 52 42 7 54 86 99 76 53 89 66 43 20 23 98 68 22 35 204 209 210 215 216 221
62 101 78 18 2 35 70 52 79 36 92 17 69 82 53 71 30 83 31 12 42 45 72 85 75 65 46 87 4 26 10 86 99 43 27 57 206 207 212 213 218 219
101 46 96 26 56 7 37 10 70 43 76 27 71 18 4 35 49 22 52 82 63 85 36 69 20 83 86 30 1 31 94 78 51 208 209 214 215 220 221
54 96 86 99 89 56 98 65 2 78 68 35 19 49 22 52 36 20 53 79 92 69 94 71 31 12 72 85 75 4 7 206 207 212 213 218 219
75 18 2 4 35 19 92 49 22 63 36 66 69 20 72 94 96 31 85 51 76 56 7 37 10 43 27 78 60 71 207 208 213 214 219 220
66 71 23 4 43 27 57 60 72 85 2 35 19 49 22 52 86 63 17 53 98 78 68 30 70 1 45 79 92 69 51 65 46 94 206 207 212 213 218 219
71 69 87 86 99 89 1 31 98 45 51 65 46 23 4 26 56 92 37 82 70 43 27 94 18 83 96 2 35 19 49 22 63 207 208 213 214 219 220
12 57 37 79 92 46 82 59 36 26 4 7 10 94 83 72 2 42 19 51 31 86 63 99 76 43 23 98 78 45 35 204 209 210 215 216 221
65 23 4 70 7 37 52 92 82 72 53 18 2 35 83 96 49 1 86 31 63 17 51 85 46 87 26 42 43 89 27 206 207 212 213 218 219
4 96 86 99 43 20 1 42 22 87 57 89 69 46 23 59 36 26 68 83 60 37 2 27 82 49 85 51 18 204 209 210 215 216 221
96 37 68 19 52 82 20 53 83 86 30 1 94 45 17 51 92 79 56 89 42 43 98 27 57 87 59 23 208 209 214 215 220 221
43 87 23 7 37 86 89 79 56 27 78 68 45 18 2 57 19 69 82 36 59 49 94 30 83 1 31 85 52 205 206 211 212 217 218
87 76 27 57 60 99 18 98 35 82 63 85 17 20 72 53 83 30 42 94 45 78 59 51 46 26 37 10 208 209 214 215 220 221
70 1 31 63 99 76 89 59 51 46 98 78 10 42 27 60 92 82 23 35 7 19 49 22 69 20 53 72 30 2 207 208 213 214 219 220
35 83 60 63 72 85 52 42 27 99 76 53 89 98 18 78 2 45 57 20 79 92 69 46 82 59 36 30 31 205 206 211 212 217 218
83 49 94 22 36 17 69 72 53 30 85 98 1 31 42 45 78 59 46 86 99 79 26 7 10 60 92 207 208 213 214 219 220
57 1 42 45 51 86 99 89 46 98 7 37 27 69 82 72 2 49 22 52 36 17 53 85 30 206 207 212 213 218 219
7 2 63 76 20 10 23 78 68 37 89 79 69 82 1 59 36 49 26 94 27 17 30 85 52 18 204 209 210 215 216 221
59 68 42 45 79 69 82 46 94 26 56 60 10 63 19 49 86 99 89 36 17 20 53 78 206 207 212 213 218 219
68 51 85 23 26 56 37 10 60 86 99 76 89 79 18 78 19 49 22 36 20 53 69 82 30 72 1 94 45 207 208 213 214 219 220
46 98 78 30 26 45 27 79 69 82 51 10 22 60 63 72 19 17 53 89 56 205 206 211 212 217 218
98 26 56 37 10 22 72 18 2 19 63 36 17 78 20 30 1 89 42 45 99 60 208 209 214 215 220 221
45 79 92 23 82 37 94 60 2 72 85 19 52 36 17 20 99 89 30 1 31 42 205 206 211 212 217 218
69 94 1 31 86 51 85 23 26 10 76 27 60 18 19 49 52 63 36 20 207 208 213 214 219 220
10 31 86 99 76 53 89 56 23 78 37 92 82 36 51 18 60 17 1 72 42 204 209 210 215 216 221
31 37 79 92 82 36 2 94 51 19 22 60 17 20 85 52 42 1 76 89 78 204 205 210 211 216 217
2 27 17 72 52 42 63 99 76 20 23 37 92 82 36 49 26 94 18 60 204 209 210 215 216 221
27 19 86 17 89 20 56 1 37 79 92 36 72 94 23 26 60 53 30 85 52 18 204 205 210 211 216 217
78 56 92 76 60 18 19 22 52 85 20 30 86 99 89 1 42 51 207 208 213 214 219 220
20 94 30 52 42 19 1 76 53 89 56 22 79 204 205 210 211 216 217
51 18 92 82 49 1 94 86 26 42 99 76 89 79 23 206 207 212 213 218 219
60 19 52 36 17 89 79 30 92 82 72 23 26 94 37 86 85 18 206 207 212 213 218 219
1 79 92 36 49 94 18 30 85 19 86 99 76 89 56 23 204 209 210 215 216 221
17 30 72 85 52 42 19 86 63 99 76 23 22 37 79 36 49 26 204 205 210 211 216 217
36 30 85 52 42 23 86 99 53 89 37 79 22 92 82 49 94 205 206 211 212 217 218
94 72 42 92 79 26 56 37 76 99 18 19 49 22 52 63 208 209 214 215 220 221
19 63 30 18 85 86 76 53 56 23 22 79 26 204 205 210 211 216 217
89 23 26 56 99 42 37 82 72 53 86 30 63 208 209 214 215 220 221
86 26 37 72 18 49 22 82 53 30 79 92 208 209 214 215 220 221
23 99 53 18 79 92 49 26 22 63 30 85 52 42 204 205 210 211 216 217
99 26 37 22 85 72 42 92 79 208 209 214 215 220 221
49 63 72 85 53 26 37 92 22 205 206 211 212 217 218
42 18 79 92 30 63 76 56 37 205 206 211 212 217 218
18 72 76 53 56 22 37 79 82 26 63 204 205 210 211 216 217
37 76 56 26 79 92 22 82 72 85 30 205 206 211 212 217 218
76 26 56 79 52 92 72 53 85 207 208 213 214 219 220
26 53 56 79 92 63 30 72 85 204 205 210 211 216 217
63 22 72 53 85 30 56 79 92 82 206 207 212 213 218 219
79 92 56 72 53 85 22 52 207 208 213 214 219 220
53 22 85 56 30 92 72 206 207 212 213 218 219
72 85 30 56 92 82 207 208 213 214 219 220
22 85 82 204 205 210 211 216 217
56 82 52 30 85 206 207 212 213 218 219
92 52 208 209 214 215 220 221
52 85 206 207 212 213 218 219
30 85 204 205 210 211 216 217
82 85 207 208 213 214 219 220
85 208 209 214 215 220 221
134 203 193 170 115 137 192 169 182 159 125 139 109 194 171 124 138 126 174 108 122 196 150 186 163 140 153 195 185 104 198 152 116 165 121 103 133 105 197 187 164 177 119 154 167 144 199 189 166 143 156 188 201 178 128 155 130 145 111 112 135 114 190 204 205 210 211 216 217
203 164 115 194 167 197 200 113 198 125 127 158 109 111 112 191 145 178 129 159 110 140 192 143 195 176 160 190 193 120 104 106 151 123 124 105 184 135 165 157 108 187 171 201 185 202 186 132 116 149 130 182 133 163 117 196 177 199 150 180 131 153 208 209 214 215 220 221
126 199 116 176 189 166 143 111 103 146 114 188 201 178 155 191 168 158 115 135 190 180 157 127 192 169 112 182 136 149 139 110 181 194 171 184 128 183 160 196 173 104 150 153 121 102 162 198 175 108 152 129 142 122 132 187 141 177 154 131 113 186 204 205 210 211 216 217
199 162 143 173 195 176 179 190 193 120 104 118 170 151 124 154 184 157 108 187 138 168 141 152 174 155 169 132 146 200 130 111 103 182 163 166 117 196 147 150 131 161 153 202 183 164 115 194 167 197 148 181 201 125 128 112 191 142 172 175 208 209 214 215 220 221
119 160 150 163 107 130 172 102 162 105 129 108 142 132 187 164 141 131 121 186 113 153 189 166 143 120 133 123 111 103 114 188 117 165 201 178 168 122 135 125 190 167 180 157 147 124 137 202 179 192 109 146 159 136 181 194 171 161 138 151 128 183 204 205 210 211 216 217
160 150 187 152 200 177 167 136 148 189 113 116 146 127 128 158 188 201 191 114 144 181 129 159 143 115 180 192 182 106 107 137 109 139 123 124 154 194 156 157 108 184 161 110 140 174 141 122 183 173 163 132 104 185 118 198 175 121 133 105 206 207 212 213 218 219
138 173 150 163 140 153 185 116 162 175 127 152 165 142 111 103 133 114 197 187 177 131 144 115 176 166 146 106 128 191 112 145 123 158 129 110 190 180 157 147 202 120 192 169 182 104 172 149 107 139 118 102 105 135 148 151 141 193 136 183 205 206 211 212 217 218
173 168 141 171 122 155 136 176 189 179 188 113 178 116 191 149 103 133 163 114 200 144 117 131 161 153 115 202 192 125 106 181 158 109 194 184 142 172 123 145 129 159 193 140 143 185 198 175 107 118 151 174 124 187 105 177 165 157 108 207 208 213 214 219 220
157 186 163 148 198 188 125 128 109 187 112 164 123 145 156 110 140 143 176 166 179 169 120 178 191 104 168 181 158 107 118 151 102 190 154 105 193 170 122 155 136 192 195 132 113 116 171 127 149 174 111 144 117 147 196 150 206 207 212 213 218 219
186 141 171 155 185 196 120 104 137 121 151 103 182 163 165 150 180 122 153 187 200 167 181 132 113 189 116 127 128 130 111 112 114 144 175 201 117 178 129 131 161 162 143 115 176 190 179 193 125 202 106 107 192 139 170 142 172 124 207 208 213 214 219 220
130 169 124 136 149 108 139 122 181 194 148 184 161 151 193 196 116 150 140 111 103 114 195 172 117 185 162 165 142 132 115 187 164 141 177 144 128 166 156 123 146 129 110 201 191 168 145 158 135 167 120 147 104 137 107 179 121 102 204 205 210 211 216 217
169 111 133 163 114 144 166 183 196 131 161 162 164 148 195 198 175 128 139 174 112 187 142 177 159 110 140 143 189 201 104 191 107 137 118 102 200 124 105 190 180 168 152 153 136 202 167 192 182 172 132 113 181 146 194 171 149 206 207 212 213 218 219
149 182 146 172 144 181 147 194 131 174 151 115 183 150 153 195 185 139 162 198 175 112 152 142 145 129 110 140 187 164 177 154 176 166 179 104 156 107 137 121 188 102 201 124 155 191 108 158 141 200 180 170 202 132 113 192 205 206 211 212 217 218
182 192 133 163 195 144 117 150 180 161 194 115 184 167 148 181 183 196 125 106 158 139 112 172 145 185 175 156 178 188 129 159 110 162 143 176 197 187 200 120 104 137 189 151 154 105 135 108 168 174 155 136 190 113 207 208 213 214 219 220
110 111 176 189 156 146 123 113 198 188 201 178 145 122 158 135 112 125 200 190 167 170 147 124 137 102 105 108 136 139 194 161 151 128 118 193 183 196 150 103 127 140 120 185 162 152 129 165 141 177 131 144 106 109 204 209 210 215 216 221
111 146 113 128 107 118 170 150 127 117 195 172 185 162 139 152 184 174 151 187 164 154 131 196 103 166 143 156 133 123 188 165 201 178 155 132 168 122 135 112 177 190 106 167 144 180 109 137 114 189 202 179 204 209 210 215 216 221
142 143 156 104 146 137 118 188 121 178 102 155 191 168 145 108 141 200 122 190 167 136 147 192 113 159 172 103 114 117 184 161 131 151 115 193 183 150 195 125 185 128 162 109 175 152 165 123 129 174 177 176 120 166 205 206 211 212 217 218
143 144 123 129 176 141 189 166 179 156 146 201 178 155 145 104 107 118 121 102 124 105 147 122 192 159 181 132 194 113 148 116 151 133 193 183 117 150 131 153 115 175 152 174 106 187 177 154 112 167 205 206 211 212 217 218
102 107 172 139 152 129 106 109 184 174 151 187 164 154 108 144 153 166 156 123 198 201 178 155 168 145 122 112 200 177 167 170 147 124 137 202 192 159 113 103 191 181 158 171 148 161 115 128 105 150 163 140 117 204 209 210 215 216 221
107 185 198 152 165 109 197 187 177 131 176 189 166 179 103 113 188 201 155 168 145 135 112 125 115 200 167 180 170 147 124 114 127 192 159 136 172 139 116 194 148 161 151 128 141 193 196 163 140 117 195 204 209 210 215 216 221
185 118 170 151 196 154 105 135 165 168 195 174 155 198 132 113 187 200 146 127 103 133 166 117 189 177 150 180 131 161 153 183 188 181 191 106 190 128 139 112 145 129 140 192 162 176 179 194 120 104 207 208 213 214 219 220
108 150 140 153 195 198 175 152 129 104 197 174 164 177 105 154 131 167 121 176 189 166 156 146 123 188 178 155 145 135 112 148 125 115 180 193 170 147 124 192 116 181 194 184 161 128 141 118 183 196 204 209 210 215 216 221
150 141 136 116 184 127 103 133 114 117 183 147 196 131 115 148 195 152 165 155 125 106 128 139 164 200 177 154 167 123 129 189 201 120 178 191 104 158 121 190 180 105 193 170 205 206 211 212 217 218
152 193 104 183 163 124 141 198 175 122 165 136 197 174 164 177 132 176 189 103 166 179 156 117 131 188 178 115 155 191 168 148 158 200 190 167 180 170 106 109 139 123 145 140 181 184 161 120 205 206 211 212 217 218
193 153 183 136 181 132 146 163 114 145 147 177 178 129 159 189 131 161 162 148 190 125 202 158 109 195 172 123 124 154 184 156 187 171 194 174 155 120 137 121 151 105 198 135 165 166 180 122 208 209 214 215 220 221
131 170 147 202 179 120 159 136 172 139 118 121 181 171 148 151 122 183 196 195 113 198 175 132 114 197 117 187 141 154 166 156 133 146 125 106 201 128 178 109 191 112 200 190 204 205 210 211 216 217
170 153 164 115 175 148 125 177 127 128 158 139 112 145 176 189 129 159 179 140 162 188 178 181 120 190 137 121 151 154 165 168 122 172 136 194 171 132 113 116 146 183 103 133 163 114 144 166 147 207 208 213 214 219 220
123 166 109 133 112 198 168 145 125 190 167 120 124 137 179 192 121 146 159 136 191 122 181 194 171 151 128 183 196 127 163 195 114 162 117 139 175 129 132 115 174 141 154 144 176 153 189 204 205 210 211 216 217
166 145 202 162 194 171 120 174 137 118 121 151 124 154 105 141 198 155 136 113 177 127 103 133 163 189 117 147 179 153 164 201 178 148 191 168 181 106 180 128 158 139 206 207 212 213 218 219
144 202 179 192 191 181 194 106 148 161 118 151 121 124 135 183 122 136 162 132 113 116 184 197 174 187 177 103 154 117 176 189 115 198 188 165 201 155 168 125 128 109 139 112 190 180 129 205 206 211 212 217 218
135 140 195 172 125 162 106 175 109 165 112 197 129 187 164 141 153 120 156 104 188 118 201 121 145 124 200 122 167 180 147 202 179 192 159 136 116 139 127 103 114 194 171 148 184 117 115 196 163 204 205 210 211 216 217
140 189 122 156 136 198 201 155 145 158 190 167 103 180 133 147 117 202 192 115 191 181 194 148 125 161 128 151 109 139 112 163 195 172 162 120 197 174 137 118 164 141 177 154 121 124 205 206 211 212 217 218
175 176 137 121 151 154 105 165 168 191 171 136 132 113 116 127 192 103 133 163 114 117 147 161 194 153 184 115 167 148 125 106 128 158 139 195 112 172 156 129 159 197 187 200 120 104 207 208 213 214 219 220
176 177 156 129 159 162 174 120 188 104 118 121 124 154 165 190 168 141 171 153 155 136 202 192 132 113 116 194 103 133 163 114 117 183 161 164 115 195 125 109 187 145 200 207 208 213 214 219 220
146 112 129 171 184 161 163 106 195 137 109 139 162 165 124 105 141 122 174 187 164 177 154 136 189 132 104 156 118 188 103 201 178 155 191 117 200 115 167 180 113 127 159 128 172 205 206 211 212 217 218
104 109 197 164 141 153 189 156 133 113 198 188 165 201 178 168 145 122 158 112 200 167 124 137 114 202 179 192 159 136 139 194 171 184 151 118 183 196 117 172 103 204 209 210 215 216 221
105 117 120 172 162 129 165 132 109 197 103 187 164 141 177 121 153 189 156 198 201 178 191 168 145 122 112 190 180 147 124 137 202 179 192 116 106 181 148 184 115 128 118 183 204 209 210 215 216 221
117 202 192 136 181 171 161 151 113 116 103 163 120 195 115 162 198 197 187 177 121 109 112 189 179 133 188 201 155 145 122 158 125 190 180 147 204 209 210 215 216 221
164 120 192 137 118 172 121 151 124 194 141 155 136 183 196 132 113 198 133 165 147 197 161 174 115 148 189 179 125 106 158 109 139 112 188 145 168 129 159 162 200 190 206 207 212 213 218 219
124 162 198 155 132 197 200 177 154 109 112 189 156 133 188 201 191 168 145 158 190 180 121 147 159 172 194 171 184 174 128 103 183 196 114 153 204 205 210 211 216 217
116 181 194 103 171 148 184 151 118 183 115 163 120 198 106 129 109 132 112 197 174 187 177 121 189 179 133 188 201 155 191 168 158 125 200 190 167 180 147 137 127 159 172 204 209 210 215 216 221
177 202 106 137 194 165 171 122 183 155 195 132 198 103 133 163 114 147 161 153 167 148 189 179 125 127 128 191 158 112 145 200 180 207 208 213 214 219 220
168 125 106 128 158 139 112 198 156 129 162 197 120 189 137 118 154 188 201 178 191 141 136 190 202 103 133 147 181 194 171 161 184 115 167 148 183 196 206 207 212 213 218 219
106 198 188 201 132 145 122 103 190 167 180 147 137 114 189 202 179 192 159 113 191 194 171 148 125 128 118 183 127 163 172 129 197 174 187 141 153 120 156 204 209 210 215 216 221
198 201 121 154 184 156 141 136 202 120 132 118 151 103 133 163 183 194 167 181 113 127 128 112 191 114 145 178 129 189 162 192 195 179 208 209 214 215 220 221
153 159 195 172 162 120 132 171 184 174 118 151 196 163 148 188 113 197 128 200 112 167 114 129 189 202 115 179 156 201 191 181 158 125 109 121 190 206 207 212 213 218 219
118 172 139 129 184 197 187 141 154 103 114 120 156 178 155 145 125 200 109 180 137 179 159 136 191 181 158 194 171 148 161 151 183 196 127 163 204 209 210 215 216 221
172 179 133 163 165 147 201 178 191 161 167 148 200 113 202 127 128 158 114 145 156 129 181 162 115 137 139 121 151 141 171 122 197 136 174 207 208 213 214 219 220
201 125 128 158 109 159 189 195 179 190 121 184 141 171 155 136 132 113 127 103 133 163 114 196 147 180 194 197 148 200 181 208 209 214 215 220 221
163 122 155 136 181 113 127 133 114 147 195 165 148 197 174 187 125 158 109 139 112 145 129 162 188 178 190 167 180 137 121 206 207 212 213 218 219
190 197 167 181 128 158 139 156 178 159 179 120 202 121 151 154 165 187 122 174 188 196 132 113 127 103 195 147 180 161 208 209 214 215 220 221
197 120 137 202 121 151 154 184 165 187 171 122 174 155 188 132 113 103 114 196 180 183 167 200 125 128 158 112 145 156 129 159 189 162 192 179 208 209 214 215 220 221
109 188 165 178 155 145 112 125 200 180 137 114 202 192 159 181 194 103 161 115 151 183 127 195 162 129 132 187 141 154 189 156 133 204 209 210 215 216 221
115 147 202 179 159 136 112 139 114 171 148 184 161 128 183 120 195 162 165 132 141 121 189 156 133 178 145 122 158 204 209 210 215 216 221
120 132 174 141 154 178 155 145 158 125 167 180 147 137 202 179 192 159 136 112 114 171 148 184 161 128 196 127 162 204 205 210 211 216 217
132 194 184 161 151 121 196 165 113 174 141 154 114 189 156 133 178 155 191 127 200 112 180 147 137 202 159 204 205 210 211 216 217
148 200 180 113 128 202 133 145 159 147 181 194 161 196 125 112 195 162 141 165 174 187 154 167 179 156 178 155 191 205 206 211 212 217 218
200 125 158 139 112 156 159 141 171 155 188 137 121 184 165 196 183 136 167 181 127 202 103 191 145 178 129 161 194 195 208 209 214 215 220 221
179 145 159 161 162 202 181 139 154 156 180 141 171 174 192 195 194 184 121 151 103 147 136 188 113 128 158 112 207 208 213 214 219 220
147 202 159 181 194 125 171 184 161 151 139 145 183 196 129 162 165 187 121 141 122 156 188 178 191 114 205 206 211 212 217 218
171 183 113 127 103 133 114 188 187 167 125 139 112 145 178 156 191 129 159 181 162 192 137 121 151 154 141 122 207 208 213 214 219 220
183 122 155 192 195 113 127 194 103 133 114 180 161 196 167 181 125 139 156 178 159 189 202 137 191 154 207 208 213 214 219 220
192 114 180 161 167 112 191 156 129 159 189 202 162 194 137 151 154 196 187 141 122 174 195 136 188 113 127 208 209 214 215 220 221
156 189 129 178 121 151 202 159 141 155 136 181 194 184 113 196 114 195 162 165 187 128 206 207 212 213 218 219
194 113 127 202 133 180 161 181 196 139 195 178 159 189 137 151 184 122 174 208 209 214 215 220 221
202 196 167 181 125 128 158 139 112 191 145 189 137 121 154 184 165 122 155 188 113 127 133 208 209 214 215 220 221
122 196 195 162 174 141 154 189 121 188 155 191 145 158 125 167 180 137 113 127 114 139 181 151 128 204 205 210 211 216 217
125 188 178 155 112 180 136 184 121 196 195 162 129 165 113 174 187 141 154 114 133 204 205 210 211 216 217
188 128 158 139 196 187 129 159 141 137 121 154 189 155 167 127 103 133 114 178 161 162 181 208 209 214 215 220 221
145 112 191 129 180 137 184 161 174 136 196 127 165 103 155 114 154 167 205 206 211 212 217 218
189 159 162 137 151 165 187 141 174 155 136 113 127 195 167 158 139 208 209 214 215 220 221
167 180 195 155 196 121 133 165 136 113 127 128 158 114 191 181 129 159 206 207 212 213 218 219
187 137 154 165 155 136 113 127 103 180 161 181 128 158 139 112 178 129 162 196 208 209 214 215 220 221
121 195 162 165 174 154 178 155 158 113 180 159 136 139 181 184 161 128 204 205 210 211 216 217
195 151 154 184 165 141 155 136 127 103 133 161 181 128 158 191 129 159 174 137 208 209 214 215 220 221
141 137 155 133 127 128 178 181 114 158 129 139 184 174 151 205 206 211 212 217 218
113 191 158 151 196 127 162 129 184 133 103 180 137 204 209 210 215 216 221
191 127 128 112 114 178 159 137 139 151 154 184 174 155 103 133 180 161 208 209 214 215 220 221
133 159 139 181 184 161 151 196 165 174 127 103 114 178 155 158 137 128 204 205 210 211 216 217
112 178 114 127 181 184 161 128 196 162 165 174 204 209 210 215 216 221
196 174 155 103 114 161 181 127 139 178 129 159 162 137 151 154 184 208 209 214 215 220 221
114 136 139 161 128 127 174 154 155 158 180 103 137 204 209 210 215 216 221
137 165 174 158 180 159 139 184 161 151 127 103 205 206 211 212 217 218
136 103 162 165 174 128 154 129 178 155 158 159 181 161 151 205 206 211 212 217 218
151 162 165 174 178 139 180 181 184 161 205 206 211 212 217 218
129 178 158 127 103 159 184 174 162 165 154 204 205 210 211 216 217
178 139 159 181 180 165 174 184 155 127 103 207 208 213 214 219 220
139 165 103 158 180 159 127 184 174 154 205 206 211 212 217 218
180 128 158 181 184 159 165 127 103 161 207 208 213 214 219 220
159 158 184 161 154 155 165 206 207 212 213 218 219
128 155 158 127 162 174 154 204 205 210 211 216 217
165 174 155 103 161 127 158 162 184 206 207 212 213 218 219
155 154 127 103 206 207 212 213 218 219
103 184 161 154 204 209 210 215 216 221
174 181 161 162 158 154 207 208 213 214 219 220
158 127 184 161 154 162 206 207 212 213 218 219
162 154 181 127 161 184 206 207 212 213 218 219
154 127 181 184 161 206 207 212 213 218 219
181 184 207 208 213 214 219 220
184 161 127 207 208 213 214 219 220
127 161 204 205 210 211 216 217
161 206 207 212 213 218 219
204
205
206
207
208
209
210
211
212
213
214
215
216
217
218
219
220
221
