#/usr/local/lib/python3.10/dist-packages/colab_kernel_launcher.py -f /root/.local/share/jupyter/runtime/kernel-dea7114a-48f2-47cd-9840-9590734c419b.json
# GMT Thu May 23 16:53:11 2024
# 
15 21 16 25 9 1 53 12 43 52 4 20 38 47 24 19 7 23 18 2 5 41 36 31 40 17 26 35 44 112 113 119 120
21 55 32 50 22 31 49 10 35 2 30 16 8 44 48 34 52 29 24 33 42 6 28 23 9 1 20 51 113 114 120 121
7 17 35 12 44 53 39 48 34 43 20 29 24 33 10 19 37 0 9 46 55 32 18 22 31 40 49 4 112 118 119 125
17 48 34 52 29 24 33 42 19 5 28 0 11 51 3 14 46 32 50 36 6 31 26 9 30 1 12 113 114 120 121
47 53 6 36 28 9 39 1 31 42 26 34 18 37 55 29 49 43 5 13 35 27 46 19 11 0 14 3 116 117 123 124
53 36 28 48 1 31 20 51 42 4 26 34 18 10 29 40 2 13 46 19 8 30 11 55 54 3 117 118 124 125
36 48 52 32 42 24 35 37 27 19 8 0 3 33 25 41 6 45 54 40 49 44 39 31 23 115 116 122 123
18 26 35 44 30 3 16 48 25 34 52 20 38 33 28 19 37 23 4 5 55 13 45 54 40 113 114 120 121
26 24 13 16 48 43 52 19 33 42 0 28 46 32 14 25 9 1 55 20 50 12 27 40 114 115 121 122
35 10 46 55 29 41 45 32 40 49 5 13 44 11 14 25 48 6 20 31 12 4 34 115 116 122 123
44 51 10 12 4 5 37 27 19 30 8 46 50 2 3 6 28 38 39 1 31 48 34 116 117 123 124
8 9 2 5 46 32 50 27 45 54 13 31 12 16 11 3 1 25 34 20 24 10 19 28 14 112 113 119 120
9 39 48 3 43 11 38 24 19 14 1 37 46 55 41 50 27 54 13 40 2 5 112 113 119 120
0 5 51 32 41 45 54 4 22 31 12 16 2 30 48 34 52 20 29 6 33 42 10 19 112 118 119 125
5 55 3 27 45 54 22 30 39 25 1 11 4 52 20 38 42 51 28 14 112 118 119 125
6 48 34 33 19 28 37 14 32 55 41 50 27 45 22 49 2 30 39 16 25 11 112 118 119 125
48 39 12 23 42 45 2 43 24 27 30 38 41 3 55 33 50 117 118 124 125
40 50 54 10 29 49 2 32 13 16 27 11 43 52 33 51 1 23 34 46 55 116 117 123 124
50 32 16 27 49 11 22 41 33 25 28 1 55 20 23 12 54 4 34 45 117 118 124 125
55 32 24 49 22 52 41 14 25 28 1 12 34 37 10 2 117 118 124 125
41 42 2 24 13 38 11 39 46 22 54 49 25 1 20 23 12 4 34 37 116 117 123 124
42 3 14 33 25 43 20 23 29 2 51 46 13 16 45 19 30 11 22 116 117 123 124
2 32 54 22 31 49 12 30 16 11 34 52 29 33 4 51 112 118 119 125
32 13 54 16 11 31 25 34 43 52 10 38 51 37 46 4 115 116 122 123
25 34 33 28 23 12 4 24 51 37 46 19 27 13 1 49 114 115 121 122
34 20 39 43 38 29 24 11 45 14 33 115 116 122 123
10 45 54 22 49 3 12 30 39 43 29 38 24 33 51 19 37 14 46 112 113 119 120
45 43 24 13 19 38 52 14 3 33 31 20 12 23 46 54 37 116 117 123 124
54 29 51 24 16 49 38 3 14 28 1 23 12 4 37 117 118 124 125
22 28 37 27 13 16 19 49 3 30 39 1 4 43 52 29 24 51 113 114 120 121
28 39 43 52 38 37 23 4 51 31 30 24 16 19 114 115 121 122
3 24 33 37 14 23 13 30 16 11 39 43 29 38 112 118 119 125
24 31 23 4 43 29 13 33 19 11 114 115 121 122
37 16 11 1 20 39 52 38 4 13 27 49 115 116 122 123
14 33 51 23 46 27 31 49 30 16 39 43 52 20 112 113 119 120
33 31 23 4 46 13 16 27 39 115 116 122 123
51 13 38 11 20 52 29 12 23 4 43 27 30 117 118 124 125
16 46 27 49 13 11 20 29 19 23 113 114 120 121
12 52 20 38 19 23 27 31 49 1 30 112 113 119 120
30 29 46 4 13 49 11 43 1 20 23 114 115 121 122
29 49 1 20 39 43 52 38 13 46 114 115 121 122
49 43 11 39 31 20 23 52 117 118 124 125
13 27 11 39 43 52 38 112 113 119 120
39 52 4 27 19 38 11 1 31 115 116 122 123
52 20 31 23 4 46 117 118 124 125
31 27 11 46 1 20 23 114 115 121 122
27 19 43 23 38 4 46 114 115 121 122
46 1 20 23 4 116 117 123 124
23 38 4 113 114 120 121
1 43 38 19 11 112 118 119 125
43 20 4 19 38 116 117 123 124
20 38 113 114 120 121
38 4 19 11 115 116 122 123
19 11 113 114 120 121
11 112 113 119 120
4 112 118 119 125
103 109 89 81 108 62 59 87 68 79 98 60 82 90 63 93 111 106 58 77 61 80 83 102 75 86 94 56 67 116 117 123 124
109 104 106 79 107 98 60 99 71 101 83 85 58 77 61 91 105 94 67 56 95 111 97 108 110 100 81 62 117 118 124 125
82 86 74 63 95 66 77 80 90 99 108 64 107 56 67 93 88 70 81 73 111 97 79 83 101 60 87 96 114 115 121 122
86 71 63 74 66 85 77 61 97 106 69 80 92 96 105 75 84 95 104 90 56 99 94 98 68 79 88 114 115 121 122
71 95 59 72 81 62 65 68 90 108 60 85 89 107 93 79 88 61 102 97 106 101 110 64 78 96 100 112 113 119 120
74 91 100 64 77 59 72 62 95 104 57 94 80 89 98 93 73 66 58 107 61 102 111 92 101 96 105 113 114 120 121
63 68 77 67 61 100 95 104 81 84 56 70 79 59 62 107 102 111 57 106 83 101 110 69 87 60 112 118 119 125
95 73 65 66 99 108 88 61 102 90 93 77 69 106 72 62 101 110 96 105 75 87 59 115 116 122 123
91 66 102 111 85 58 97 101 110 88 61 69 80 100 75 64 70 89 99 108 94 93 57 76 87 68 90 115 116 122 123
85 88 106 81 62 100 84 73 65 76 79 104 90 89 77 98 61 80 83 75 56 67 102 70 59 114 115 121 122
88 77 111 78 97 80 96 62 100 67 56 57 76 59 84 99 108 65 107 79 93 102 60 115 116 122 123
100 65 96 60 69 83 64 102 101 110 78 97 59 70 89 72 62 92 94 87 76 81 116 117 123 124
64 65 107 111 97 83 101 92 110 78 96 105 68 56 77 59 81 108 94 60 75 93 70 79 112 113 119 120
65 105 56 81 90 99 108 62 84 70 57 60 98 107 93 106 110 69 78 96 58 77 72 112 113 119 120
56 61 107 102 97 106 83 101 69 78 73 68 77 105 108 76 80 98 66 84 112 118 119 125
61 59 83 110 78 87 105 73 68 77 67 90 108 58 89 107 70 79 69 112 118 119 125
104 110 62 92 105 73 87 76 79 98 90 66 108 58 107 69 80 83 94 67 78 97 59 89 117 118 124 125
110 77 107 111 99 67 97 59 70 62 73 57 76 87 79 98 60 101 90 117 118 124 125
106 99 80 83 102 94 107 59 89 81 62 92 73 84 76 87 79 60 93 66 117 118 124 125
67 70 79 107 58 93 111 92 96 105 68 77 72 59 90 76 80 89 75 84 112 113 119 120
70 89 93 59 79 62 57 102 92 78 96 73 77 66 69 90 99 108 76 112 113 119 120
62 99 108 89 66 75 84 93 102 79 87 105 72 76 57 112 118 119 125
79 78 59 94 89 57 76 84 93 68 83 92 75 113 114 120 121
66 83 78 87 105 73 77 57 90 99 76 89 98 107 84 69 102 111 97 112 113 119 120
83 77 78 111 72 97 92 101 87 96 59 81 57 99 94 93 114 115 121 122
97 98 58 77 80 69 72 111 59 101 89 105 81 57 76 90 116 117 123 124
98 89 92 84 57 99 108 87 90 93 96 58 107 111 69 80 72 94 116 117 123 124
81 90 99 89 84 68 60 80 107 75 58 92 101 96 72 76 105 114 115 121 122
90 84 57 87 68 60 99 58 80 72 75 78 115 116 122 123
89 73 84 87 76 102 111 92 96 105 75 78 115 116 122 123
58 92 101 69 78 96 105 73 72 99 108 94 80 84 60 57 102 112 118 119 125
99 105 57 87 76 68 60 96 77 75 94 78 116 117 123 124
59 75 60 107 111 92 101 96 108 76 94 112 118 119 125
78 93 102 72 105 73 57 76 60 108 94 80 107 113 114 120 121
93 72 92 84 87 68 80 69 102 75 96 105 115 116 122 123
102 72 111 75 94 76 87 68 108 101 107 116 117 123 124
72 111 92 96 69 108 76 94 80 75 57 68 60 113 114 120 121
92 108 94 75 111 101 96 73 105 84 87 76 115 116 122 123
68 76 94 80 75 84 107 101 96 105 57 73 77 112 113 119 120
77 101 96 69 75 94 57 60 113 114 120 121
105 96 60 80 69 75 94 57 117 118 124 125
108 73 87 60 101 69 80 75 117 118 124 125
87 69 94 107 111 84 73 60 114 115 121 122
101 80 69 107 73 84 60 111 116 117 123 124
75 73 111 60 69 76 84 113 114 120 121
111 80 69 73 107 60 96 117 118 124 125
69 107 73 94 80 84 112 113 119 120
107 94 57 76 117 118 124 125
73 76 94 80 84 96 57 113 114 120 121
96 84 60 116 117 123 124
80 57 84 114 115 121 122
94 57 76 115 116 122 123
84 57 60 114 115 121 122
76 57 113 114 120 121
60 57 112 118 119 125
57 112 118 119 125
112
113
114
115
116
117
118
119
120
121
122
123
124
125
