#/usr/local/lib/python3.10/dist-packages/colab_kernel_launcher.py -f /root/.local/share/jupyter/runtime/kernel-dea7114a-48f2-47cd-9840-9590734c419b.json
# GMT Thu May 23 22:37:11 2024
# 
36 71 51 30 60 25 40 28 1 15 72 62 75 52 42 41 26 7 53 43 56 55 68 45 58 67 70 47 35 37 16 0 22 3 59 39 20 162 163 170 171
71 69 50 34 74 30 11 14 47 9 1 31 78 48 59 51 13 46 4 56 37 10 70 27 58 18 73 2 5 35 49 72 3 33 75 63 166 167 174 175
0 5 40 7 49 62 39 6 9 74 31 8 76 53 30 66 10 75 68 45 22 12 67 44 57 34 47 24 1 59 3 48 25 61 15 28 160 167 168 175
5 60 27 40 17 30 7 52 29 42 19 32 9 74 77 54 21 1 76 10 23 13 78 55 58 35 25 4 37 79 46 59 61 38 51 160 167 168 175
29 68 45 18 34 2 37 16 19 3 59 17 20 58 61 38 11 73 63 9 15 62 39 13 74 41 54 31 76 53 43 56 21 27 78 55 161 162 169 170
68 59 65 73 46 75 7 9 40 43 24 74 77 41 79 18 35 3 66 17 50 70 53 34 67 30 72 11 44 31 12 64 15 48 165 166 173 174
21 64 54 10 43 33 23 78 18 16 77 19 67 57 47 24 17 20 79 56 69 46 26 58 11 48 61 14 60 40 30 62 75 52 42 161 162 169 170
64 43 24 27 57 8 60 41 58 69 2 22 33 63 55 6 50 30 11 75 44 1 31 42 45 48 59 32 62 76 79 4 78 56 7 165 166 173 174
10 54 44 4 43 56 78 55 45 58 35 34 70 47 2 79 49 3 26 16 48 61 38 15 28 18 27 63 72 52 19 74 41 160 161 168 169
54 24 8 76 66 78 55 35 19 22 3 6 67 17 39 20 53 59 14 25 58 47 61 1 31 15 48 60 46 72 75 23 37 164 165 172 173
22 28 60 73 50 63 40 4 52 65 8 44 33 23 78 55 58 25 6 17 67 34 70 47 24 27 69 26 39 9 12 48 51 161 162 169 170
28 57 47 6 17 69 46 14 48 9 70 60 63 30 39 75 52 23 4 26 31 44 24 27 43 56 33 65 32 45 2 77 19 161 162 169 170
13 65 78 55 35 77 57 34 37 12 69 59 49 58 50 63 40 17 6 30 8 72 39 52 42 19 2 41 44 1 53 66 56 23 160 161 168 169
65 58 23 70 7 37 40 24 8 38 72 18 47 73 49 33 17 50 32 75 11 14 67 44 25 26 61 42 43 27 57 59 41 165 166 173 174
16 70 60 73 50 27 14 1 12 15 18 31 20 33 4 7 78 55 45 35 8 77 57 34 47 24 56 69 46 26 48 6 38 160 161 168 169
70 1 61 3 76 17 48 59 51 11 56 9 40 27 79 41 58 23 35 7 6 8 39 50 53 34 18 30 14 166 167 174 175
55 61 46 63 23 26 7 24 27 8 41 77 67 18 66 19 49 33 6 39 60 11 44 9 31 42 45 48 164 165 172 173
61 17 20 50 69 11 14 44 9 1 15 32 63 72 62 56 7 74 77 8 38 41 66 78 19 49 52 3 165 166 173 174
59 67 47 1 15 51 23 7 37 60 40 43 27 8 38 72 41 62 2 49 76 66 17 39 20 78 164 165 172 173
60 19 49 52 3 77 67 50 51 76 66 11 78 14 25 9 1 42 45 32 72 37 57 73 63 58 18 165 166 173 174
9 67 57 34 11 56 69 23 2 3 15 73 50 40 72 49 62 39 74 63 76 66 43 45 35 77 160 167 168 175
67 1 31 12 48 46 73 23 4 26 7 75 43 38 35 49 52 33 63 50 51 53 34 11 79 25 165 166 173 174
45 32 79 23 69 46 26 37 40 48 51 18 2 3 74 77 34 76 53 30 66 11 14 25 42 15 58 163 164 171 172
62 78 35 19 49 3 33 6 79 69 34 11 47 73 1 31 63 48 72 51 46 56 7 37 40 76 24 57 41 165 166 173 174
78 23 26 76 27 57 38 41 77 18 2 19 52 63 6 39 69 53 1 12 42 15 48 166 167 174 175
12 77 44 34 47 79 49 26 4 58 25 38 8 73 50 40 17 30 72 2 75 42 18 63 76 66 20 33 23 32 160 161 168 169
77 42 43 23 4 79 37 52 24 66 38 69 20 50 72 18 2 31 3 75 17 51 32 11 166 167 174 175
43 44 26 7 37 40 66 24 27 41 2 57 47 35 3 33 6 17 48 30 25 73 31 75 52 163 164 171 172
14 37 79 1 26 48 15 18 73 50 40 7 72 75 52 42 19 74 31 2 33 3 23 35 25 34 47 160 161 168 169
37 66 56 11 44 25 26 7 24 69 46 49 38 4 35 19 6 17 72 20 74 51 41 162 163 170 171
1 24 4 79 3 48 18 27 40 17 72 74 41 31 44 11 53 33 23 58 25 160 167 168 175
57 15 46 66 56 7 27 8 38 41 79 72 18 2 19 52 6 39 20 50 73 53 63 34 30 164 165 172 173
6 38 18 73 63 2 7 3 42 74 41 31 44 11 76 66 58 35 25 79 4 69 26 160 167 168 175
38 74 20 41 66 56 25 15 32 44 79 69 46 4 24 48 27 8 18 39 75 52 42 162 163 170 171
42 44 18 79 2 69 4 46 35 3 33 39 34 73 30 75 32 53 7 24 27 8 163 164 171 172
31 34 24 27 79 46 2 19 3 73 17 50 40 75 30 25 53 66 33 58 35 162 163 170 171
44 40 69 46 49 48 18 51 4 73 63 20 75 52 74 53 15 32 25 26 163 164 171 172
24 41 53 33 25 34 47 8 79 49 51 3 50 17 20 30 39 52 11 161 162 169 170
35 73 50 32 40 4 74 8 76 53 66 56 3 33 17 34 30 25 15 162 163 170 171
73 52 33 76 17 39 20 50 34 30 32 26 7 8 41 75 58 2 166 167 174 175
7 11 2 20 23 3 32 49 58 50 27 4 30 39 19 74 18 160 167 168 175
11 79 56 49 26 8 15 4 27 30 72 74 51 18 63 53 32 160 161 168 169
17 50 27 72 19 51 18 15 63 76 66 20 56 33 69 26 160 161 168 169
69 30 25 15 51 32 75 74 56 76 18 2 19 49 52 66 39 72 165 166 173 174
40 19 76 53 66 39 20 58 47 15 46 51 23 4 26 8 74 163 164 171 172
27 74 41 76 20 56 46 25 15 48 51 26 75 18 32 161 162 169 170
74 8 41 72 58 76 79 49 52 3 39 50 30 25 47 56 166 167 174 175
32 58 34 47 23 79 39 51 2 50 63 19 3 15 52 25 53 56 46 162 163 170 171
23 76 53 33 47 2 19 3 48 25 20 72 39 52 15 41 161 162 169 170
76 56 8 79 58 63 66 39 72 53 34 30 25 47 51 166 167 174 175
41 8 39 53 18 66 56 19 33 34 72 75 52 163 164 171 172
51 58 39 20 34 30 2 72 3 15 48 46 75 79 56 19 164 165 172 173
58 75 34 46 72 39 20 18 47 49 63 33 164 165 172 173
50 49 20 63 72 75 52 30 48 53 4 26 8 164 165 172 173
34 63 4 53 56 2 19 3 47 79 49 162 163 170 171
47 15 72 49 48 4 26 8 75 53 33 66 56 39 163 164 171 172
75 4 52 3 33 20 30 15 46 26 56 166 167 174 175
8 66 20 56 33 46 49 63 30 39 4 19 160 167 168 175
20 48 63 30 18 2 66 56 15 46 49 26 161 162 169 170
48 25 72 49 15 63 53 26 52 2 163 164 171 172
79 25 15 56 39 53 18 2 52 3 33 63 166 167 174 175
53 26 18 52 3 33 66 30 25 164 165 172 173
19 18 72 2 39 52 25 46 49 26 4 160 161 168 169
56 49 33 63 46 164 165 172 173
30 46 4 3 52 66 33 162 163 170 171
2 39 52 63 66 4 49 18 160 167 168 175
46 25 26 15 49 39 72 52 33 163 164 171 172
49 15 66 26 3 39 163 164 171 172
18 15 26 4 160 161 168 169
39 63 4 162 163 170 171
4 66 33 25 15 72 3 160 167 168 175
66 26 3 33 63 165 166 173 174
3 25 160 167 168 175
26 25 63 52 161 162 169 170
15 52 33 160 161 168 169
52 25 164 165 172 173
33 63 72 162 163 170 171
25 72 161 162 169 170
72 63 166 167 174 175
63 165 166 173 174
97 138 105 141 82 118 96 150 83 130 107 110 142 119 109 122 154 81 95 143 156 123 113 93 103 112 148 125 115 84 147 90 114 117 159 116 129 160 161 168 169
138 142 155 145 126 154 157 94 124 105 106 108 89 92 146 122 107 137 121 158 103 115 101 102 135 116 139 152 98 140 99 129 143 81 111 125 164 165 172 173
116 151 128 131 110 94 140 105 143 108 92 145 93 144 121 134 103 106 156 90 146 123 88 135 148 147 127 117 102 126 86 129 119 100 114 162 163 170 171
151 146 149 100 133 157 91 156 105 127 108 89 141 95 125 131 142 93 126 159 87 117 90 120 150 123 134 107 121 98 85 102 113 155 135 86 166 167 174 175
120 121 157 124 115 99 80 146 113 136 86 145 148 125 137 150 127 89 81 111 92 149 139 109 93 131 84 87 153 130 90 101 104 88 132 144 163 164 171 172
121 122 104 88 118 124 133 123 136 82 99 80 102 148 83 125 150 110 91 129 89 81 111 128 131 93 143 103 152 84 106 87 145 163 164 171 172
109 148 125 157 137 150 127 117 99 159 149 139 129 141 118 94 143 105 108 110 89 81 92 95 132 144 124 103 84 106 87 136 101 88 158 161 162 169 170
148 139 93 103 117 89 90 101 123 104 154 107 98 82 115 158 129 80 83 113 86 100 130 150 94 124 127 111 122 144 95 125 165 166 173 174
101 144 87 134 111 123 113 145 112 125 82 99 137 114 104 100 136 126 139 106 91 105 141 94 89 150 140 95 117 110 152 155 122 161 162 169 170
144 134 107 88 118 140 98 85 80 102 83 143 86 133 114 110 91 94 89 81 92 154 125 157 112 142 156 146 159 103 84 90 165 166 173 174
157 122 123 154 103 84 115 102 104 134 135 88 119 149 100 130 82 94 99 80 81 111 143 95 155 131 142 91 105 136 108 90 166 167 174 175
122 147 124 137 159 84 126 96 129 102 83 113 141 140 153 130 91 94 152 155 92 154 112 134 156 133 136 117 104 125 88 163 164 171 172
90 134 111 146 123 87 93 88 125 115 147 114 150 149 126 129 106 86 128 141 118 131 108 98 140 107 143 155 132 154 160 161 168 169
134 154 123 104 88 156 146 136 145 82 158 102 132 86 119 150 159 139 110 124 127 108 95 140 153 112 143 84 106 117 164 165 172 173
94 104 159 81 92 129 96 93 128 153 130 87 152 119 88 99 112 111 82 85 133 123 136 113 103 105 147 137 150 160 161 168 169
104 154 146 123 93 113 158 135 125 105 147 137 127 117 88 126 139 129 106 98 82 131 96 83 86 143 100 152 91 161 162 169 170
146 103 136 87 117 153 137 152 155 154 85 115 96 132 83 143 135 86 100 130 105 108 89 81 111 92 149 131 145 165 166 173 174
112 158 135 137 114 150 127 103 117 85 159 102 86 119 88 128 141 118 131 140 153 130 143 96 95 124 105 156 133 136 107 162 163 170 171
158 93 126 84 106 87 159 150 156 137 88 98 129 83 113 86 119 149 100 130 152 114 147 110 127 111 141 92 95 125 155 166 167 174 175
154 107 118 140 156 115 99 132 83 113 100 130 114 147 91 124 105 108 111 125 142 145 126 84 106 117 150 166 167 174 175
96 150 117 91 152 142 119 155 132 81 92 131 111 156 133 103 125 102 137 127 159 136 126 139 82 106 85 83 128 86 118 160 161 168 169
150 80 111 141 125 156 128 105 106 108 89 92 123 93 115 99 129 86 88 119 130 98 82 166 167 174 175
128 119 147 137 110 149 139 105 127 89 81 111 95 131 130 84 106 87 142 132 145 107 88 118 98 85 99 102 135 113 163 164 171 172
135 141 93 153 143 84 106 142 107 88 147 156 82 85 99 102 119 100 131 140 110 105 127 108 89 81 111 95 125 164 165 172 173
141 86 147 119 130 149 91 124 89 95 139 131 152 155 103 84 107 118 98 82 145 85 99 129 102 132 113 165 166 173 174
87 82 133 100 145 125 102 147 124 117 159 149 126 81 139 93 118 140 130 84 110 142 132 89 131 98 88 160 167 168 175
139 105 127 108 111 149 84 136 117 153 107 88 152 142 98 85 115 129 80 83 156 86 119 100 114 145 164 165 172 173
85 140 153 83 110 132 89 88 91 156 123 100 136 113 103 93 102 92 105 114 159 129 119 86 95 108 98 160 167 168 175
140 115 99 102 132 83 130 131 156 110 124 127 92 95 149 152 103 106 88 118 119 143 98 155 82 165 166 173 174
125 93 147 159 129 123 88 115 142 99 86 114 133 110 136 105 89 111 95 163 164 171 172
86 131 130 110 100 80 142 145 99 89 123 113 126 102 92 105 114 84 149 106 160 167 168 175
111 137 114 127 159 99 80 83 153 130 100 152 142 145 110 89 156 123 115 106 162 163 170 171
82 107 152 142 155 132 99 131 91 156 100 113 103 102 92 124 137 114 127 126 108 81 153 160 167 168 175
107 124 80 100 136 113 126 115 91 105 81 137 92 127 117 159 152 129 119 118 106 133 110 132 161 162 169 170
83 108 153 110 81 142 119 155 132 89 124 91 123 136 102 105 114 117 159 149 126 129 118 160 167 168 175
108 114 117 100 149 126 129 118 81 95 153 130 142 155 132 103 131 88 133 123 136 113 161 162 169 170
115 93 152 142 155 106 124 136 98 145 80 102 147 113 137 127 100 114 110 91 105 131 92 162 163 170 171
93 147 137 127 92 126 106 118 98 153 143 110 152 99 131 156 133 100 136 113 103 160 161 168 169
89 124 91 127 159 106 80 105 118 153 152 132 98 156 133 113 84 145 160 167 168 175
124 92 159 149 88 129 99 153 102 110 81 156 133 95 145 91 147 105 137 106 163 164 171 172
153 129 80 149 130 147 110 127 81 92 95 131 145 126 103 106 117 137 88 155 98 166 167 174 175
123 136 126 88 118 80 113 119 129 114 131 91 105 130 143 81 133 92 155 163 164 171 172
105 159 106 118 117 142 84 100 133 110 145 137 161 162 169 170
114 81 118 131 84 156 133 98 99 80 102 113 100 137 127 159 149 110 129 162 163 170 171
142 98 129 113 119 130 133 91 81 143 95 152 131 155 145 126 84 118 165 166 173 174
149 91 127 92 95 131 126 106 136 117 159 88 98 102 132 143 130 133 147 165 166 173 174
147 92 126 103 84 106 155 88 118 119 99 129 80 132 100 130 133 145 110 165 166 173 174
131 118 98 152 80 113 143 133 132 145 136 84 164 165 172 173
119 130 99 133 95 155 100 132 159 136 126 137 127 103 117 102 152 162 163 170 171
110 159 84 99 118 130 143 91 152 155 95 137 162 163 170 171
159 91 127 81 155 156 117 137 152 99 143 100 130 145 166 167 174 175
100 84 130 80 136 113 103 102 91 92 117 126 161 162 169 170
92 129 106 118 95 80 98 143 136 113 91 145 102 160 161 168 169
84 143 113 81 155 102 137 91 106 118 152 129 132 160 167 168 175
143 132 152 133 127 80 81 95 145 91 106 137 118 98 165 166 173 174
103 156 113 127 117 106 99 80 130 91 152 155 132 81 95 161 162 169 170
156 136 117 118 98 80 102 132 113 91 127 81 145 126 166 167 174 175
117 81 136 95 126 129 98 130 99 102 155 162 163 170 171
81 137 127 118 155 132 145 126 102 160 167 168 175
137 136 118 152 98 99 80 133 155 91 164 165 172 173
118 127 126 129 98 132 102 162 163 170 171
155 129 132 113 130 133 80 126 136 88 166 167 174 175
80 130 152 132 99 98 88 133 145 91 136 126 95 160 167 168 175
91 129 88 95 98 133 145 160 161 168 169
126 88 130 132 98 113 133 163 164 171 172
127 95 88 98 102 133 113 163 164 171 172
99 98 132 133 136 145 102 95 106 160 161 168 169
145 102 152 130 106 136 95 165 166 173 174
130 129 95 98 164 165 172 173
88 133 136 129 95 160 167 168 175
133 102 132 113 136 95 164 165 172 173
136 132 152 164 165 172 173
129 152 98 113 163 164 171 172
102 152 161 162 169 170
98 132 160 161 168 169
132 106 152 164 165 172 173
113 106 152 162 163 170 171
152 95 106 166 167 174 175
95 106 160 161 168 169
106 161 162 169 170
160
161
162
163
164
165
166
167
168
169
170
171
172
173
174
175
