#/usr/local/lib/python3.10/dist-packages/colab_kernel_launcher.py -f /root/.local/share/jupyter/runtime/kernel-2119b688-3f38-4b5a-b3d6-e140ef2e0719.json
# GMT Fri May 24 11:09:49 2024
# 
12 123 77 113 90 67 80 57 47 24 125 92 69 82 36 13 26 137 91 127 58 71 48 25 38 15 126 8 116 93 83 60 73 50 40 17 95 72 85 62 75 5 19 0 107 3 74 64 18 31 138 142 96 86 76 43 56 11 88 65 78 68 45 22 1 143 35 133 110 288 295 296 303
123 94 45 75 48 29 108 59 143 51 13 92 114 95 46 98 112 96 56 37 10 24 54 8 87 38 90 41 74 104 58 88 110 91 2 138 16 68 19 49 0 101 33 63 137 6 85 36 17 20 99 50 102 53 34 113 116 119 100 30 11 44 128 25 47 28 131 1 293 294 301 302
4 119 96 109 53 66 43 33 0 131 108 121 98 75 111 65 42 78 55 32 120 133 110 87 90 80 57 11 112 102 79 92 46 59 36 134 26 16 91 104 71 25 61 38 15 136 28 70 83 73 2 50 27 17 128 82 72 49 62 6 140 9 130 107 84 18 69 8 142 288 295 296 303
119 7 89 70 21 101 73 27 57 8 118 71 72 102 129 103 2 117 128 5 141 19 0 3 82 33 63 55 66 130 39 120 69 20 99 133 111 116 98 100 84 30 96 25 47 134 80 124 61 15 94 76 106 48 59 32 62 136 92 126 95 77 107 79 91 135 138 293 294 301 302
23 132 109 53 56 141 33 131 121 98 7 88 101 21 143 133 110 100 90 34 47 24 135 112 125 102 69 46 82 36 5 49 26 16 124 137 19 0 91 22 104 94 61 38 93 106 73 50 138 30 115 128 105 14 85 39 52 29 130 97 74 51 87 64 41 31 13 44 129 288 289 296 297
132 26 56 7 37 9 40 70 21 73 54 57 8 139 90 120 71 93 126 107 58 88 110 91 141 18 2 5 68 49 143 101 82 33 63 6 85 115 66 17 118 20 99 72 67 130 117 25 80 133 64 94 75 48 127 78 108 32 111 62 92 65 46 128 109 131 112 96 294 295 302 303
43 110 87 26 109 7 37 122 76 21 24 56 46 27 121 134 111 41 124 101 55 45 133 90 67 80 5 135 19 112 0 125 22 3 92 69 59 17 49 20 114 81 117 84 61 51 139 11 83 25 96 28 31 53 42 128 118 29 62 52 13 65 140 130 107 120 74 289 290 297 298
110 73 15 118 131 75 76 27 29 13 104 130 77 143 107 58 91 105 142 122 40 85 8 134 39 69 71 102 83 100 136 18 113 35 16 19 0 138 115 33 64 94 17 48 78 108 51 81 92 65 95 109 30 139 11 96 14 44 25 26 28 9 128 293 294 301 302
16 93 37 73 17 138 115 128 105 118 95 72 62 39 42 19 140 130 107 84 120 87 54 31 21 142 96 109 86 53 20 141 33 108 111 7 78 32 68 45 35 100 8 113 47 24 122 135 112 79 56 2 36 49 26 124 101 81 48 61 6 28 103 139 116 288 295 296 303
93 68 140 80 22 130 33 120 97 85 133 36 66 17 20 50 53 83 34 142 65 109 67 122 112 30 14 44 134 101 28 61 42 64 75 76 78 126 92 46 135 125 91 102 138 115 105 26 56 137 10 70 21 117 27 8 87 41 72 129 88 18 141 2 35 292 293 300 301
35 106 83 60 96 50 40 128 118 108 62 52 117 130 107 84 7 74 87 10 64 77 54 24 44 27 109 122 76 66 131 98 134 111 88 18 65 101 78 2 68 19 100 0 113 22 3 103 47 37 34 79 115 69 82 59 49 137 114 81 48 9 136 116 15 288 289 296 297
106 49 0 22 101 52 3 82 33 55 85 142 66 17 99 72 112 53 83 67 100 121 84 124 30 11 44 25 47 1 31 136 61 64 15 94 97 29 59 32 125 138 65 95 115 98 96 37 89 40 73 139 76 27 8 87 38 90 74 104 77 88 131 105 2 5 292 293 300 301
36 71 48 84 51 14 25 50 40 28 138 1 15 95 85 62 75 29 65 140 107 120 97 41 77 54 44 142 99 56 24 121 98 8 134 111 88 101 78 55 68 133 100 113 90 57 2 70 135 112 19 102 0 22 33 46 6 17 49 20 137 91 81 289 290 297 298
71 17 39 20 107 120 53 97 87 77 122 99 76 44 25 28 9 131 31 134 64 15 101 78 48 51 143 133 65 46 113 90 80 115 7 37 82 40 124 137 27 57 60 94 84 136 126 139 18 83 96 138 128 105 68 19 118 95 0 108 85 3 75 290 291 298 299
29 32 68 45 143 133 113 18 47 2 37 5 135 112 125 19 79 92 22 82 17 20 127 104 58 48 51 103 139 83 60 96 14 50 63 28 9 128 1 118 72 39 75 52 140 107 84 87 64 54 31 109 7 53 56 33 21 24 98 27 88 101 55 288 289 296 297
32 78 55 68 13 45 58 133 100 90 80 5 112 7 102 79 115 69 21 22 59 24 6 39 137 127 94 84 51 139 116 129 60 138 19 128 0 118 108 85 15 62 75 17 65 42 74 77 44 142 109 122 99 76 89 66 28 9 56 131 121 134 27 288 289 296 297
1 113 103 80 57 34 24 37 112 125 102 92 26 39 124 137 114 127 104 81 48 51 5 139 116 83 60 40 17 128 20 141 118 95 72 62 75 52 140 130 120 97 87 64 77 54 44 21 142 109 0 86 122 76 53 89 33 46 121 98 78 55 58 2 288 295 296 303
113 80 124 137 42 114 64 15 94 45 117 97 78 108 111 115 95 139 98 129 79 109 112 138 141 25 7 37 9 10 89 73 54 57 87 74 88 142 18 105 5 121 19 49 0 101 3 82 66 143 39 72 102 53 34 100 103 84 30 11 293 294 301 302
8 9 107 84 97 74 87 54 31 129 21 142 96 86 53 66 20 10 134 88 65 45 143 77 47 14 135 69 82 59 26 124 137 114 127 104 81 94 48 25 61 136 28 18 103 139 116 70 60 73 50 63 105 72 108 62 75 19 140 288 295 296 303
9 90 67 34 47 135 89 125 56 92 59 13 2 124 91 68 104 3 6 136 28 116 70 83 60 37 138 115 128 82 72 127 140 117 94 130 107 41 139 31 142 109 86 63 76 53 66 20 141 33 10 108 98 7 55 22 143 120 133 77 288 295 296 303
99 127 96 104 117 26 7 37 10 126 70 21 116 73 24 54 38 90 41 138 141 118 77 58 88 91 140 2 130 107 143 120 68 49 22 3 63 85 17 109 122 20 72 34 86 124 101 30 11 14 25 31 94 75 48 13 92 65 105 46 98 114 292 293 300 301
127 83 136 67 84 30 135 14 44 138 47 28 80 31 15 94 48 78 59 51 81 46 125 109 112 11 56 128 10 40 131 42 24 76 87 38 60 130 74 104 77 58 88 91 121 105 5 37 19 49 21 22 101 82 134 63 85 17 39 118 20 294 295 302 303
46 121 88 101 30 58 44 25 26 28 103 80 57 47 27 135 79 49 124 137 91 104 81 94 48 61 51 136 126 21 139 22 129 6 60 73 38 39 138 141 85 62 18 117 2 130 107 97 74 87 64 0 54 3 33 109 66 131 289 290 297 298
121 128 112 140 130 143 37 40 21 24 57 87 38 120 122 107 124 133 19 0 22 101 52 33 63 55 6 85 115 39 20 50 72 102 53 83 34 86 67 100 84 30 11 117 80 31 42 15 94 45 97 78 108 59 81 111 114 65 95 293 294 301 302
5 83 60 96 3 50 27 30 7 128 118 95 108 62 75 42 140 117 120 77 31 25 11 86 56 33 10 131 111 88 65 101 45 100 90 67 80 34 70 24 125 102 115 92 82 59 26 39 124 114 6 91 81 38 15 51 139 116 288 295 296 303
83 68 19 0 117 22 3 33 63 55 6 17 126 69 139 72 34 96 67 138 118 30 11 108 80 31 130 107 97 64 45 87 75 59 81 142 13 86 79 89 111 88 37 91 70 21 73 133 27 90 103 41 77 58 112 291 292 299 300
58 95 50 98 65 140 130 107 120 97 74 87 64 44 142 26 76 40 89 79 27 41 88 124 101 78 91 68 67 80 37 135 112 21 125 22 52 115 24 55 82 59 20 137 53 114 104 94 84 2 60 96 73 19 0 3 33 118 290 291 298 299
95 134 88 111 101 2 68 49 0 103 63 55 6 85 66 17 135 20 125 102 53 105 137 114 30 117 11 44 47 28 126 139 31 116 61 75 59 51 138 81 128 92 65 131 108 98 130 107 143 97 56 24 76 27 122 74 292 293 300 301
76 143 77 10 40 70 21 73 122 54 112 89 38 79 60 41 74 88 124 101 78 91 18 2 90 103 80 19 0 52 33 63 135 6 125 138 69 92 82 137 114 30 84 11 25 47 139 64 75 51 141 13 108 65 140 291 292 299 300
143 59 60 90 13 74 126 107 140 91 124 56 141 40 101 54 27 115 57 87 118 41 72 135 86 130 122 103 133 136 117 0 66 17 97 48 78 20 81 111 67 98 79 131 112 11 96 14 129 47 28 31 61 42 45 294 295 302 303
90 80 31 130 42 64 15 97 75 59 51 81 65 112 111 7 101 10 40 73 24 133 57 87 100 103 135 125 92 2 68 0 117 3 94 33 63 55 6 39 69 116 53 129 96 138 30 141 118 11 131 14 44 292 293 300 301
49 126 103 139 73 50 63 11 44 118 72 108 62 31 52 42 117 107 120 51 87 54 129 89 66 26 37 10 111 88 101 24 55 68 133 100 67 57 18 135 102 79 92 69 82 19 91 104 17 81 94 39 20 61 34 289 290 297 298
126 22 101 52 63 55 6 66 130 50 133 53 86 67 98 142 112 11 117 14 25 47 28 31 61 42 15 45 75 48 78 59 81 111 136 65 79 109 96 138 7 89 40 21 24 54 87 38 60 41 139 88 103 105 2 141 68 19 294 295 302 303
50 91 2 0 136 22 3 33 139 17 39 96 73 20 34 105 118 72 52 11 117 107 25 84 74 87 31 77 129 48 86 122 13 53 66 56 134 111 65 78 55 21 24 80 57 70 38 41 135 112 79 69 18 124 114 289 290 297 298
91 81 141 62 131 34 107 120 97 14 44 25 28 89 109 112 59 74 134 100 56 7 37 40 21 52 82 54 6 135 138 69 115 41 53 86 137 114 139 116 0 80 3 96 33 63 64 17 78 292 293 300 301
69 104 81 117 84 30 11 139 25 116 129 31 86 42 45 138 128 131 13 85 75 107 120 26 56 7 10 40 109 21 24 54 89 57 79 134 111 124 133 0 135 63 112 6 125 102 66 92 39 72 34 137 67 114 290 291 298 299
104 72 102 140 67 103 84 14 44 47 80 42 64 15 94 45 75 48 78 111 124 62 13 92 79 133 96 26 56 7 10 89 115 54 87 38 41 137 114 77 18 139 129 68 0 138 101 33 63 105 141 55 66 17 292 293 300 301
68 59 129 73 105 141 75 25 140 10 130 107 97 24 74 57 77 38 60 109 86 89 79 131 134 111 22 3 133 136 66 70 34 135 67 125 30 72 14 44 137 26 47 28 118 81 117 31 61 48 290 291 298 299
61 100 55 6 67 103 80 39 20 53 34 112 102 79 115 82 114 25 81 28 42 136 15 45 48 116 73 63 105 141 118 85 62 140 7 117 37 130 10 97 74 87 64 38 86 89 98 88 65 101 78 0 22 52 3 290 291 298 299
100 105 64 94 75 48 59 137 114 92 139 96 26 37 10 89 40 70 128 24 131 108 87 38 60 41 72 120 88 18 109 122 19 22 52 3 82 33 63 55 6 17 134 39 81 53 86 133 136 11 44 28 125 292 293 300 301
40 77 2 142 109 86 122 0 22 66 33 56 131 111 65 45 67 103 57 14 25 28 112 125 102 79 92 15 82 124 137 114 48 139 116 26 7 73 63 24 27 72 62 75 42 140 117 84 120 74 18 289 290 297 298
77 70 85 98 57 140 130 120 97 74 109 122 89 21 134 111 24 88 124 55 101 66 20 72 133 2 125 102 115 92 82 19 31 3 33 64 114 75 17 117 94 51 62 65 11 128 141 131 10 291 292 299 300
80 31 42 45 48 78 125 51 115 92 13 105 65 79 137 94 84 26 116 129 73 60 41 141 118 131 85 18 87 22 3 55 122 66 89 20 53 34 67 134 88 124 101 30 133 14 25 291 292 299 300
26 142 53 89 56 131 98 134 25 78 15 133 57 37 112 125 115 82 59 7 39 137 114 21 38 136 28 139 129 60 96 73 63 128 141 2 65 42 0 140 22 117 3 120 97 41 54 44 288 289 296 297
142 56 7 37 73 54 57 87 60 120 134 137 124 105 0 52 3 82 63 55 85 66 39 118 72 102 53 34 67 103 84 30 136 14 47 28 42 15 94 107 81 111 92 114 65 138 125 98 128 79 131 112 294 295 302 303
27 107 2 120 97 54 44 6 86 89 66 20 56 33 131 88 78 55 45 133 57 34 47 135 125 102 82 39 114 117 94 84 51 28 7 139 10 129 22 24 73 63 138 30 105 141 118 98 75 52 42 18 288 289 296 297
107 60 41 72 74 140 18 103 55 85 134 102 133 84 30 11 14 47 28 125 31 42 64 45 75 97 78 81 137 114 13 92 117 130 79 139 96 116 7 37 89 141 292 293 300 301
6 84 51 60 17 7 128 141 118 72 108 85 62 3 52 19 140 117 130 120 97 87 11 86 53 66 56 33 131 13 134 111 101 55 22 133 136 103 34 37 135 125 102 82 59 124 114 81 94 288 295 296 303
84 125 115 39 105 72 117 18 2 47 129 3 33 63 138 17 128 78 20 51 118 81 85 34 98 140 130 30 44 25 28 109 42 15 89 41 74 88 103 70 21 82 54 112 291 292 299 300
25 34 15 47 122 125 56 92 124 101 137 38 136 24 60 138 128 105 118 72 62 52 94 74 87 64 31 22 3 129 96 109 63 75 111 88 65 78 45 14 120 67 44 288 289 296 297
34 38 51 136 13 60 96 63 128 105 118 108 85 39 7 10 140 21 24 74 129 109 66 18 56 141 98 101 19 55 22 3 33 133 17 20 67 70 47 37 112 115 53 30 59 14 288 289 296 297
44 47 122 135 112 42 24 115 82 59 7 60 19 73 22 138 105 141 118 72 108 52 117 74 87 64 54 129 28 0 86 31 53 89 66 131 98 13 111 101 45 133 67 57 70 289 290 297 298
47 57 70 28 135 31 42 125 102 15 45 72 13 114 117 51 129 37 60 96 10 21 138 24 38 14 62 130 120 97 18 87 64 2 109 122 22 56 17 20 111 88 133 103 289 290 297 298
30 112 18 125 79 2 82 59 19 137 114 3 81 94 48 38 51 139 116 96 73 105 118 72 39 52 42 13 54 31 86 53 131 134 65 101 21 78 55 24 45 133 57 37 135 288 289 296 297
112 96 14 42 48 108 62 135 115 37 10 89 70 114 101 24 55 85 87 38 39 41 139 74 129 88 18 105 118 131 19 3 63 130 97 20 98 293 294 301 302
10 54 11 122 53 89 66 33 131 111 88 78 45 57 70 37 14 135 125 79 115 92 3 39 124 137 114 81 94 48 15 136 28 73 63 138 128 141 108 85 62 75 42 19 140 120 64 288 295 296 303
54 97 74 87 64 96 109 86 141 18 98 134 88 65 2 55 19 22 3 33 39 125 79 115 92 82 59 124 11 14 81 31 136 42 103 45 139 48 51 73 128 105 75 117 290 291 298 299
2 17 115 128 105 75 19 117 97 74 51 87 129 21 11 63 66 141 131 108 98 111 101 78 45 67 57 0 24 89 79 82 134 124 48 136 103 116 70 60 73 288 295 296 303
3 15 136 18 70 60 7 108 85 62 52 140 130 41 11 86 66 20 141 98 111 88 65 101 57 24 124 122 135 102 79 82 59 0 13 81 94 48 288 295 296 303
15 67 103 70 125 115 92 82 59 14 94 38 51 136 139 116 13 96 63 17 105 141 118 72 108 62 52 42 19 7 140 130 120 129 21 109 86 20 56 131 98 134 111 45 288 295 296 303
22 28 139 60 96 73 138 128 118 108 75 65 42 74 41 31 122 66 56 33 131 111 88 101 78 136 103 57 24 37 125 102 92 59 72 137 94 48 288 289 296 297
28 37 135 102 92 82 14 48 38 103 139 116 70 73 138 13 105 62 39 52 140 130 120 97 51 87 41 31 129 86 53 141 134 111 88 55 133 19 288 289 296 297
97 133 87 136 18 102 115 137 0 82 117 85 66 53 116 129 86 67 128 14 98 140 64 94 75 120 48 51 81 62 13 109 79 122 96 134 7 124 89 21 73 292 293 300 301
73 19 0 52 109 86 55 66 89 20 53 111 88 101 78 11 133 135 79 92 51 13 7 116 57 138 38 60 128 41 105 141 118 98 75 120 291 292 299 300
74 75 57 38 130 41 87 18 19 131 0 52 134 33 111 63 124 78 17 20 51 14 125 102 115 82 64 45 81 117 59 94 62 65 116 129 96 138 128 291 292 299 300
75 125 102 82 33 63 55 66 114 72 67 103 139 96 128 0 105 85 59 140 117 130 65 109 86 122 89 21 131 98 57 38 60 41 291 292 299 300
60 140 130 19 52 33 20 109 122 89 79 134 88 124 101 14 133 42 59 135 13 115 105 72 94 56 139 55 116 129 39 96 41 118 131 108 85 62 290 291 298 299
140 141 41 135 122 136 138 101 52 82 63 66 17 39 118 20 72 53 114 116 67 133 11 117 42 64 94 48 108 51 125 79 7 89 70 21 24 294 295 302 303
72 114 94 139 86 64 128 48 141 98 65 67 120 31 42 89 57 13 78 133 103 56 37 70 21 135 125 55 115 92 38 105 291 292 299 300
114 124 53 136 11 14 125 115 64 45 48 78 81 62 137 65 117 79 109 139 37 118 38 41 88 120 105 19 122 0 52 33 55 85 17 39 20 293 294 301 302
78 133 103 102 37 115 92 82 21 24 137 38 41 117 94 139 116 96 141 52 55 66 17 39 53 120 109 86 89 31 131 42 48 291 292 299 300
109 37 89 124 70 21 24 87 133 41 136 18 115 0 137 101 52 33 85 66 39 139 67 138 11 141 94 45 130 108 81 62 13 79 293 294 301 302
96 7 37 134 55 85 111 38 20 86 18 135 102 0 105 45 137 81 117 62 116 129 11 128 118 131 42 57 87 13 292 293 300 301
87 130 41 134 111 88 52 55 85 136 53 86 135 92 11 124 137 42 64 45 116 129 65 79 141 118 56 7 37 291 292 299 300
125 11 14 133 31 42 136 51 81 13 92 65 56 89 139 57 38 120 141 18 124 130 19 0 63 55 66 86 67 122 103 293 294 301 302
103 138 115 31 105 64 45 62 92 139 116 129 11 56 128 118 108 57 59 13 133 122 70 21 101 52 24 55 111 38 39 124 102 86 67 136 135 292 293 300 301
138 133 117 63 85 39 20 51 111 53 65 130 31 42 64 94 108 13 137 7 37 70 21 24 57 38 41 102 134 135 139 294 295 302 303
48 39 133 20 57 70 11 59 31 137 51 116 63 118 7 85 21 24 130 120 41 122 89 66 79 56 131 134 0 124 101 33 289 290 297 298
134 98 128 11 129 57 120 88 124 7 19 21 101 135 85 115 66 39 118 102 53 67 130 122 14 0 63 94 45 17 59 51 141 13 294 295 302 303
55 116 129 86 85 62 98 21 24 130 38 18 89 56 88 124 52 33 20 51 70 115 14 92 105 82 31 117 290 291 298 299
130 137 18 139 63 85 17 118 141 53 116 122 14 31 42 45 108 81 13 92 65 98 128 79 136 56 24 294 295 302 303
57 64 45 51 122 89 111 88 7 37 133 67 70 41 102 92 18 124 81 117 94 52 33 116 17 129 63 141 118 65 14 290 291 298 299
88 65 108 56 70 21 122 41 0 52 33 63 135 17 20 115 92 53 86 67 124 137 139 116 129 59 105 291 292 299 300
59 11 14 70 31 135 42 102 45 115 92 124 81 56 7 37 24 128 38 108 62 18 52 33 89 66 17 141 39 131 20 98 290 291 298 299
45 133 13 67 70 135 102 92 82 7 24 81 38 51 136 139 116 18 128 105 62 19 33 117 129 86 122 53 11 56 101 289 290 297 298
133 108 81 79 124 56 24 38 120 18 105 101 52 115 17 20 102 98 11 14 129 31 42 294 295 302 303
18 115 128 62 39 42 120 64 31 129 86 66 20 141 17 65 13 67 11 37 122 135 92 82 94 38 136 116 70 7 63 288 289 296 297
70 31 33 64 86 122 17 51 62 131 98 111 11 56 24 135 79 115 41 13 82 124 81 94 136 37 139 52 38 128 105 108 290 291 298 299
56 86 89 7 37 24 101 41 79 92 82 19 21 33 137 17 39 53 136 129 63 14 118 0 31 117 120 290 291 298 299
17 136 139 116 105 62 39 52 42 11 51 64 41 31 129 21 20 13 108 65 7 122 135 102 82 288 295 296 303
136 33 64 94 20 108 62 65 137 98 79 131 11 129 89 31 42 141 92 7 37 52 39 118 102 53 67 122 19 294 295 302 303
85 139 116 129 86 128 118 33 63 108 39 120 11 14 122 89 31 42 64 124 101 51 13 79 7 102 105 38 137 41 291 292 299 300
67 42 137 64 94 62 139 116 129 128 141 7 118 37 24 117 39 120 86 89 111 52 63 66 20 65 135 11 14 115 290 291 298 299
81 51 53 102 92 105 82 42 64 117 65 79 139 116 129 7 128 141 118 108 38 41 122 19 52 111 101 291 292 299 300
21 41 129 63 66 141 33 108 98 111 120 24 122 135 20 102 79 137 11 14 105 82 62 39 117 51 288 289 296 297
41 117 38 39 86 66 0 20 102 115 92 11 82 14 124 137 94 51 13 116 129 128 105 118 108 37 289 290 297 298
128 105 101 82 33 115 66 102 53 135 86 116 11 137 14 31 94 108 65 98 7 294 295 302 303
105 131 108 82 33 66 20 51 53 65 122 79 14 124 89 62 92 37 38 139 129 292 293 300 301
124 65 141 98 131 11 89 13 37 38 39 118 135 53 86 116 137 117 0 52 293 294 301 302
141 7 37 101 82 39 116 0 31 33 63 64 94 51 111 62 92 11 139 120 294 295 302 303
115 14 129 0 94 108 131 51 111 62 92 120 122 13 7 37 52 82 38 53 86 117 293 294 301 302
79 131 11 111 14 101 62 135 102 92 82 7 94 24 38 116 129 108 0 120 33 63 86 89 291 292 299 300
131 7 101 24 118 102 135 122 19 0 52 82 33 63 64 66 20 51 129 31 94 62 92 294 295 302 303
139 118 102 53 135 86 122 117 0 94 111 13 92 89 24 120 294 295 302 303
117 102 53 86 137 63 94 66 51 98 120 31 42 13 92 7 52 24 293 294 301 302
118 52 63 39 20 86 11 14 122 64 94 108 65 98 135 38 293 294 301 302
7 53 0 108 98 37 89 92 82 94 38 116 19 51 64 31 288 295 296 303
120 101 63 39 20 102 11 14 0 31 94 108 51 111 62 13 98 129 42 37 89 293 294 301 302
19 116 63 39 42 64 31 89 66 98 111 65 101 13 24 37 122 135 102 92 82 137 38 51 288 289 296 297
116 101 137 33 63 66 39 102 53 86 129 42 64 51 111 92 89 24 135 293 294 301 302
39 94 63 53 33 108 62 52 42 11 122 89 101 13 135 38 289 290 297 298
94 86 102 11 14 98 37 89 122 101 33 66 292 293 300 301
31 37 135 92 82 137 38 51 129 64 122 89 13 111 288 289 296 297
14 37 122 135 102 13 62 42 64 129 86 53 89 66 20 0 33 111 65 101 288 295 296 303
37 53 108 98 111 122 24 20 62 52 42 64 13 289 290 297 298
111 98 89 135 38 52 33 66 20 102 86 122 108 62 13 293 294 301 302
33 63 108 42 51 129 0 98 20 13 288 289 296 297
53 129 63 62 98 65 0 64 86 89 135 13 82 289 290 297 298
65 101 135 24 102 92 38 137 0 20 108 51 98 62 122 290 291 298 299
108 86 135 82 66 137 64 62 13 98 11 122 89 24 293 294 301 302
122 137 13 52 66 38 102 86 63 98 11 293 294 301 302
98 101 135 137 0 52 82 63 64 66 51 42 62 292 293 300 301
129 82 66 38 86 0 63 64 20 11 42 13 294 295 302 303
101 24 38 52 20 102 64 292 293 300 301
137 135 11 51 62 92 89 24 38 52 82 63 66 20 294 295 302 303
42 89 102 92 20 82 62 52 13 66 38 289 290 297 298
62 102 92 11 63 13 64 86 24 66 290 291 298 299
11 102 92 13 64 66 0 288 295 296 303
52 63 20 64 86 89 51 13 135 102 92 82 24 289 290 297 298
51 38 135 102 92 82 86 64 66 289 290 297 298
24 64 66 38 0 63 288 289 296 297
64 38 102 0 20 86 66 290 291 298 299
135 13 38 294 295 302 303
102 38 0 20 292 293 300 301
20 38 86 89 13 288 289 296 297
13 92 63 0 86 89 288 295 296 303
63 86 92 82 290 291 298 299
0 82 89 38 288 295 296 303
86 66 89 291 292 299 300
38 66 289 290 297 298
89 82 66 291 292 299 300
92 292 293 300 301
82 291 292 299 300
66 290 291 298 299
156 267 244 224 201 191 168 181 266 256 233 157 278 170 160 148 281 258 271 154 238 169 205 270 152 214 250 171 184 282 174 272 249 262 183 196 149 284 274 144 251 264 218 195 150 185 162 198 175 273 263 240 207 197 210 164 200 177 252 265 155 255 232 209 222 199 176 212 254 288 295 296 303
267 186 159 219 222 274 173 252 203 287 195 176 255 239 190 242 223 286 256 240 167 170 200 151 214 165 187 268 168 198 220 201 152 185 218 248 280 221 251 202 232 265 269 149 212 144 166 245 150 229 161 213 164 243 194 216 197 178 257 230 211 263 266 261 158 224 175 205 293 294 301 302
176 245 173 222 199 202 179 244 178 167 149 279 151 269 246 223 259 213 166 203 168 216 193 150 183 271 238 215 195 283 162 260 237 273 250 146 158 207 272 144 249 285 175 262 229 206 196 209 186 274 251 218 254 208 221 188 155 253 266 169 233 200 177 265 242 278 255 288 289 296 297
245 236 270 283 190 260 242 155 240 272 167 262 275 214 187 198 171 201 251 287 152 231 204 254 185 218 202 235 162 256 146 148 265 212 193 268 165 166 196 147 177 207 150 210 277 194 197 257 178 247 230 211 279 269 174 282 158 160 144 186 271 208 159 248 238 241 203 292 293 300 301
216 281 258 271 261 228 146 149 260 160 273 191 250 193 217 230 208 180 192 285 164 262 239 195 275 229 178 219 274 241 174 254 231 153 253 243 220 159 201 173 204 206 232 202 277 280 148 170 224 151 237 212 154 184 196 198 269 199 246 282 259 236 182 183 249 215 197 291 292 299 300
281 276 227 257 279 230 274 188 169 191 286 145 205 186 159 189 241 192 271 222 173 203 255 236 239 190 242 195 223 256 240 273 200 181 233 184 165 217 168 198 220 152 231 182 204 185 215 237 218 248 251 202 232 254 265 179 163 193 144 166 196 207 150 229 180 259 194 294 295 302 303
208 277 165 244 257 234 171 211 201 152 182 214 279 256 246 259 226 179 261 215 193 228 166 196 147 207 199 150 270 180 260 237 194 240 217 178 272 285 239 242 155 219 209 158 284 172 251 153 218 186 231 189 173 195 206 253 266 210 223 265 278 268 167 170 151 181 290 291 298 299
277 159 189 219 192 271 225 255 206 157 209 190 270 223 254 240 148 170 184 214 168 198 220 231 182 262 248 221 202 232 263 287 266 247 179 163 193 166 226 199 150 229 259 210 183 243 194 246 197 276 278 227 260 242 228 155 280 158 188 273 169 191 172 153 205 249 294 295 302 303
160 237 250 217 194 259 249 155 229 158 206 183 219 196 173 186 271 163 153 284 145 261 274 159 241 218 195 231 198 273 263 240 253 207 197 177 151 199 154 254 221 188 224 201 191 279 256 269 246 223 236 213 190 203 146 180 193 170 248 192 205 150 182 280 270 247 288 295 296 303
237 212 144 224 166 196 226 264 229 180 254 161 183 194 195 197 227 178 286 276 256 228 278 255 268 191 258 153 145 205 186 189 220 280 173 257 247 157 279 269 282 249 148 154 271 233 184 248 165 261 187 217 201 231 182 260 218 230 232 285 252 149 242 179 292 293 300 301
161 202 215 280 149 172 218 270 214 144 227 204 147 217 150 272 262 229 219 196 173 186 163 284 261 274 251 241 195 231 158 185 175 153 286 145 253 243 220 210 187 164 285 177 252 265 255 209 222 199 189 179 211 224 191 168 181 256 269 152 223 236 213 190 278 258 235 288 295 296 303
202 239 192 252 194 219 209 178 190 274 264 241 254 170 200 153 220 186 223 171 275 265 278 255 232 268 157 244 257 211 167 149 214 179 151 181 279 165 269 246 236 199 180 226 203 182 164 258 261 238 215 228 174 270 273 250 191 147 177 159 249 189 290 291 298 299
179 250 204 240 217 173 194 207 157 249 219 186 284 274 148 251 228 264 151 218 231 185 221 273 263 171 152 253 230 266 233 200 275 242 255 232 209 146 212 189 144 211 177 150 191 181 256 269 178 223 213 226 203 180 248 238 169 172 280 145 270 283 288 289 296 297
250 251 264 212 163 254 147 226 199 150 210 183 276 213 230 211 244 278 247 255 228 155 158 188 191 172 257 186 189 219 195 225 206 282 209 239 190 242 223 240 271 170 154 233 184 165 270 283 198 260 273 220 231 182 234 248 272 262 232 275 252 146 149 292 293 300 301
180 215 192 205 182 280 227 158 172 175 249 285 239 252 206 219 196 157 261 274 251 241 218 195 231 185 198 167 276 148 253 266 151 220 233 210 168 171 265 199 189 287 162 234 247 191 181 256 163 246 144 166 226 203 183 164 258 235 271 248 178 225 289 290 297 298
215 210 183 164 194 274 264 197 241 178 231 221 286 174 155 266 158 233 188 191 172 153 275 145 175 232 222 195 287 157 254 209 257 234 279 148 151 181 226 154 184 214 168 268 258 152 271 182 225 204 270 162 227 217 272 285 212 193 239 252 177 199 290 291 298 299
220 251 287 264 167 231 148 154 286 184 165 266 233 152 182 218 278 222 257 234 247 224 212 163 166 196 147 177 199 150 210 269 246 164 249 226 197 238 271 248 225 261 174 228 155 158 188 283 260 273 145 263 205 189 219 173 272 229 190 284 291 292 299 300
251 152 231 204 234 185 218 284 248 274 287 254 247 249 146 286 149 253 212 166 226 199 229 210 278 213 255 227 178 230 242 228 174 188 279 145 224 282 186 189 241 173 203 225 258 209 261 190 221 283 260 148 151 154 233 184 187 285 292 293 300 301
199 228 270 260 285 170 252 229 184 219 187 234 284 152 264 185 218 254 231 211 286 253 266 256 210 223 200 149 265 255 147 177 222 235 212 183 164 197 244 178 257 201 214 279 155 259 236 213 169 226 175 186 258 159 238 192 290 291 298 299
228 269 246 183 213 249 197 258 271 248 238 146 270 260 191 175 147 282 272 195 262 225 239 252 229 242 190 223 284 274 287 264 254 231 200 172 286 153 154 253 186 266 187 217 233 171 173 204 185 157 221 280 257 234 247 184 165 226 256 291 292 299 300
145 257 234 211 224 201 178 168 158 269 246 259 226 147 183 150 271 225 192 205 182 159 172 283 260 273 204 217 194 171 207 282 174 285 252 219 163 274 218 231 221 198 175 152 286 263 155 266 243 210 187 200 190 275 167 265 242 232 222 166 146 288 295 296 303
257 268 258 238 192 166 173 252 225 236 209 190 283 260 273 223 253 167 272 169 170 151 165 168 198 171 201 231 234 221 263 276 162 266 148 149 275 212 193 278 196 147 177 207 229 210 183 213 194 246 197 280 227 178 230 247 158 293 294 301 302
232 262 209 252 190 284 287 167 254 148 170 200 181 165 263 198 266 171 201 231 204 265 235 162 149 244 280 163 144 147 177 207 256 259 236 230 211 268 271 238 174 169 270 283 273 175 205 240 159 189 222 282 203 195 272 249 285 206 291 292 299 300
262 254 162 146 263 196 147 177 150 272 183 213 164 243 275 246 197 227 178 211 284 287 264 174 155 261 158 169 286 191 172 153 224 266 205 159 219 222 173 252 203 195 265 255 157 268 190 253 270 148 170 151 184 165 269 198 231 185 218 271 293 294 301 302
173 287 211 214 181 279 163 223 236 268 164 235 271 248 238 205 195 280 270 283 260 155 204 240 217 158 194 207 282 172 174 272 285 159 196 284 261 231 185 198 175 286 167 230 148 210 187 154 177 168 265 242 278 255 152 288 289 296 297
243 271 240 167 148 170 200 181 184 270 165 283 187 152 182 234 218 235 284 146 149 264 212 144 166 196 147 150 210 276 253 183 266 213 194 197 230 211 275 174 155 188 169 191 244 280 153 224 205 247 186 238 189 222 279 269 206 236 209 239 190 223 258 292 293 300 301
271 197 227 178 263 188 172 224 205 159 189 241 252 203 195 236 258 223 283 253 167 200 285 153 154 184 214 168 198 171 231 182 284 234 264 218 221 286 268 146 181 212 193 165 166 147 226 150 210 183 164 294 295 302 303
149 227 240 147 171 174 272 239 229 206 163 153 264 241 218 231 221 198 152 188 263 266 197 154 167 157 242 222 212 189 166 287 234 211 247 224 178 279 256 246 259 203 193 170 235 248 225 238 182 159 195 280 162 283 260 273 288 295 296 303
227 212 163 248 261 166 226 210 183 270 213 283 260 178 240 211 282 272 249 285 174 239 155 252 229 242 172 284 153 224 274 205 287 186 159 231 219 192 225 206 286 263 209 253 233 275 265 255 151 154 214 198 280 182 185 218 279 162 291 292 299 300
209 278 157 244 234 247 148 224 151 184 165 196 168 246 282 198 213 182 225 162 146 270 283 273 191 163 217 144 230 175 177 285 192 239 194 206 219 274 287 241 218 174 155 221 188 169 200 253 256 187 233 210 171 201 203 290 291 298 299
278 239 242 272 223 253 275 287 200 153 154 286 184 186 187 217 198 201 231 234 264 248 270 221 254 265 268 151 212 193 165 166 196 177 229 210 182 276 178 260 211 263 244 266 207 159 238 189 219 241 192 203 195 255 236 258 294 295 302 303
182 261 177 274 264 195 198 178 286 240 276 253 285 275 158 265 169 172 175 212 254 157 188 191 266 246 236 167 181 154 235 225 168 192 152 280 283 214 204 217 194 207 259 272 249 252 183 219 196 144 166 289 290 297 298
261 213 279 185 197 244 193 224 270 283 147 177 263 194 225 258 272 211 275 242 223 253 240 158 188 287 169 153 233 205 217 159 189 286 219 276 201 183 206 236 248 190 221 265 268 249 167 170 200 181 212 154 184 259 152 293 294 301 302
201 274 264 254 175 221 159 189 286 195 230 233 190 242 222 167 235 148 170 287 184 165 280 187 168 234 224 171 152 214 185 256 269 246 223 236 213 268 258 248 225 163 193 144 166 177 283 183 204 282 272 206 158 284 169 290 291 298 299
274 152 204 234 264 162 268 283 212 193 144 226 177 207 229 259 285 213 164 194 275 197 260 211 244 247 188 191 286 186 189 192 222 252 206 157 236 258 239 190 269 272 253 170 151 154 184 165 187 217 198 294 295 302 303
239 255 268 162 244 212 163 193 247 177 207 150 229 210 279 164 194 259 178 258 174 155 158 188 191 283 260 205 238 189 222 282 225 157 236 242 284 167 241 254 200 151 154 184 214 263 168 198 276 253 171 152 204 234 292 293 300 301
287 264 157 270 284 167 170 285 181 184 214 165 198 229 259 152 185 197 260 244 266 162 247 163 193 196 147 207 150 238 241 192 222 194 178 258 242 253 256 286 174 158 188 273 169 191 233 205 186 217 189 219 294 295 302 303
153 234 211 224 178 155 191 158 256 223 200 236 213 190 157 258 235 248 144 192 147 169 205 159 172 270 247 214 181 282 259 226 229 241 185 162 175 273 165 286 197 210 164 154 275 265 148 186 222 189 231 244 221 288 295 296 303
234 224 284 159 189 241 219 203 225 286 263 190 266 167 265 170 255 268 181 154 233 187 217 168 152 231 244 280 221 279 246 162 249 212 258 166 147 238 177 207 229 210 183 270 194 283 230 174 155 188 292 293 300 301
194 235 146 248 225 205 193 270 147 177 283 150 204 217 164 207 282 178 285 252 206 219 264 172 218 175 273 189 192 276 230 266 197 210 200 167 148 151 181 154 165 211 171 214 152 236 213 226 289 290 297 298
235 195 285 252 242 223 174 241 158 188 169 172 221 286 205 276 187 253 217 266 189 256 204 157 218 265 255 167 148 200 151 184 166 168 150 229 246 183 282 213 259 185 197 230 248 162 238 146 270 191 163 260 273 224 147 207 222 292 293 300 301
193 270 260 217 174 155 282 188 249 191 144 206 175 284 264 241 157 190 273 240 276 253 167 200 285 169 170 275 154 184 255 168 222 212 171 152 185 221 211 224 214 266 279 246 223 259 203 177 258 238 164 289 290 297 298
270 144 147 207 150 259 183 230 286 256 172 175 276 238 189 219 252 255 206 157 236 280 269 223 268 279 282 170 200 151 233 168 171 152 204 264 246 263 265 162 285 275 163 294 295 302 303
144 224 247 204 184 282 151 249 226 229 206 196 238 241 195 185 162 152 286 263 276 230 207 177 219 222 212 166 264 254 146 244 221 178 155 279 256 269 246 200 236 190 170 147 268 248 225 192 205 280 172 288 295 296 303
224 247 159 189 219 192 269 203 246 282 195 236 249 248 225 148 170 200 283 273 187 217 168 240 198 204 218 252 162 146 254 166 286 263 177 207 276 253 210 256 213 164 255 268 174 155 188 291 292 299 300
159 169 254 211 178 191 168 256 223 213 190 226 203 183 158 258 248 238 192 195 280 172 260 157 204 240 207 249 285 229 186 154 264 218 185 221 198 152 175 188 286 233 210 164 275 242 255 166 288 295 296 303
165 175 154 276 253 230 207 187 285 167 252 242 222 189 254 244 221 211 188 147 168 150 266 233 269 200 213 203 170 258 248 280 172 247 283 260 214 181 217 171 282 249 157 219 196 186 241 148 288 289 296 297
205 244 247 183 164 256 269 246 259 213 174 258 188 248 225 172 280 189 283 192 273 240 157 217 249 285 252 219 200 151 184 264 241 187 198 221 152 276 230 266 233 210 162 265 242 163 177 290 291 298 299
244 186 189 203 258 157 248 273 240 167 148 170 151 181 282 154 184 214 272 187 275 252 204 185 218 264 286 263 276 266 256 212 147 226 207 150 210 183 225 178 211 242 174 158 169 238 172 246 259 175 292 293 300 301
170 286 276 230 233 187 155 275 242 169 255 222 212 189 211 157 279 256 269 259 236 226 203 167 148 151 268 238 260 204 217 174 162 272 146 229 206 219 166 147 241 254 185 188 288 289 296 297
286 181 154 233 187 217 168 198 171 152 185 218 248 268 249 212 166 147 226 150 259 164 197 276 260 263 247 174 158 172 175 186 203 195 225 190 253 240 167 148 294 295 302 303
217 218 212 196 276 253 207 266 210 183 213 164 197 178 255 211 155 169 186 269 192 223 195 190 167 200 151 181 260 214 240 187 198 282 204 272 249 252 242 219 162 264 146 291 292 299 300
218 198 152 264 241 263 276 230 266 233 163 166 265 196 207 268 210 178 256 269 188 246 259 191 172 189 192 248 238 206 190 283 260 167 148 282 151 184 252 229 187 291 292 299 300
177 280 283 260 214 167 154 272 249 168 229 219 264 231 162 188 146 263 276 253 197 187 285 255 164 212 221 211 174 178 191 266 279 256 172 269 246 175 190 157 238 192 288 289 296 297
163 247 283 260 171 207 184 282 272 162 146 252 183 186 284 147 150 231 198 263 276 253 230 233 187 200 155 265 242 158 222 169 157 214 191 168 266 246 223 236 190 268 151 258 154 248 192 195 172 288 289 296 297
247 259 249 147 238 241 195 236 242 223 273 155 158 169 200 172 154 233 285 186 275 219 231 203 204 221 276 148 151 181 212 226 168 198 210 152 255 268 213 164 197 211 280 162 279 191 292 293 300 301
183 225 192 185 283 146 240 230 184 282 272 147 164 186 284 241 254 221 198 211 155 158 276 253 169 256 210 223 255 222 157 214 191 167 204 279 181 166 213 249 226 289 290 297 298
225 164 195 197 211 280 174 155 279 188 269 246 282 191 259 236 175 192 238 157 190 223 260 273 263 240 230 167 181 272 154 285 275 252 168 152 284 185 264 266 166 196 147 265 207 291 292 299 300
174 256 162 269 246 223 259 213 148 268 166 150 192 164 204 240 229 206 172 219 196 284 264 241 185 221 157 263 187 200 169 265 151 154 212 168 171 178 214 191 181 279 288 289 296 297
256 158 188 191 175 186 189 219 222 252 157 236 223 282 259 167 148 200 154 214 168 171 231 246 248 273 162 146 275 212 166 196 284 210 264 213 255 178 242 293 294 301 302
186 211 162 146 236 213 203 166 258 248 150 238 178 283 260 214 155 249 229 172 219 196 284 264 241 198 240 253 207 285 151 265 181 184 168 212 189 171 152 254 289 290 297 298
146 282 151 249 206 219 196 150 241 195 231 185 273 263 155 276 230 207 197 210 187 200 275 252 265 255 222 166 221 211 188 178 191 168 266 148 233 246 226 157 268 238 280 172 214 288 295 296 303
152 264 241 195 185 175 188 155 197 233 210 200 154 275 265 189 166 147 150 178 269 246 213 190 258 169 280 172 162 279 207 184 272 249 206 196 288 295 296 303
158 168 181 279 269 259 213 226 203 268 248 238 192 162 283 260 171 151 154 285 252 229 219 284 231 185 198 253 210 187 275 147 242 255 212 189 169 254 178 191 288 295 296 303
168 198 175 273 263 253 230 200 265 255 169 148 214 269 246 259 213 190 268 258 162 238 192 280 172 260 147 240 171 207 272 249 252 206 284 264 288 289 296 297
283 166 147 226 150 210 213 246 276 279 230 266 155 189 241 222 252 203 195 206 269 272 223 275 240 169 154 284 233 214 198 185 264 221 254 162 285 148 294 295 302 303
164 248 238 192 172 148 151 260 204 240 171 272 249 285 229 206 219 284 241 185 221 273 263 276 253 197 233 187 275 167 265 242 255 212 189 155 169 181 223 259 226 157 288 289 296 297
248 230 254 263 188 276 169 266 175 238 219 241 192 265 222 203 195 206 190 223 280 240 151 181 184 259 171 231 258 221 260 273 196 150 229 292 293 300 301
210 148 260 181 154 184 240 249 284 241 263 276 166 196 207 233 197 178 242 255 222 212 155 169 211 279 269 223 236 195 157 190 258 290 291 298 299
204 284 264 241 254 166 196 150 211 263 276 253 266 178 223 265 268 222 169 172 175 203 157 269 282 190 259 236 213 167 148 200 151 154 198 273 185 285 252 206 219 290 291 298 299
284 285 279 263 265 162 282 147 207 229 213 276 178 275 188 169 172 175 219 241 252 203 157 190 269 242 223 253 254 268 167 273 151 181 233 184 171 294 295 302 303
155 279 246 223 213 190 157 268 258 169 214 184 282 259 272 226 229 206 219 196 195 185 198 175 263 230 207 197 285 275 255 222 254 211 188 288 295 296 303
279 188 169 191 175 189 222 203 195 236 190 269 242 223 253 285 240 273 200 233 214 187 198 231 185 221 162 212 196 147 226 207 280 229 276 282 263 294 295 302 303
258 246 268 188 191 282 259 189 219 192 222 206 157 242 223 254 240 260 167 273 148 200 181 233 198 272 275 231 185 162 212 196 207 229 213 265 293 294 301 302
157 212 254 211 178 154 181 223 236 268 238 169 214 207 184 150 282 219 196 264 195 231 198 175 188 240 230 187 275 167 242 255 288 295 296 303
195 150 269 282 259 226 188 191 189 260 273 240 207 272 285 252 206 196 154 184 241 221 211 276 223 200 148 265 255 268 222 289 290 297 298
222 280 148 269 181 259 226 214 171 260 273 240 282 212 249 285 166 196 147 229 207 150 197 241 231 263 253 230 188 169 191 189 255 203 291 292 299 300
148 240 253 230 207 197 285 154 252 242 189 166 264 231 178 276 233 269 246 236 190 203 192 169 172 181 147 229 238 185 175 288 295 296 303
240 196 198 268 213 230 269 246 282 259 189 219 236 190 260 273 263 169 272 154 233 184 275 171 231 203 185 264 241 254 276 292 293 300 301
269 191 280 238 189 219 192 252 242 223 167 151 154 184 214 171 273 221 272 285 265 166 196 226 207 150 229 246 260 263 293 294 301 302
187 231 221 188 263 276 253 181 230 154 184 233 190 275 171 265 255 185 268 189 214 147 236 226 178 192 260 273 169 207 175 272 249 285 229 206 241 289 290 297 298
231 171 254 276 253 162 275 265 255 212 207 197 178 246 259 268 191 172 175 189 192 203 249 285 200 151 181 154 291 292 299 300
192 280 211 259 213 203 172 238 273 207 197 249 167 285 252 206 184 171 241 254 185 198 276 253 266 233 200 275 255 268 147 212 289 290 297 298
169 266 246 236 268 212 214 181 184 282 272 249 206 196 185 198 263 276 230 207 252 265 242 219 162 254 221 288 289 296 297
178 268 172 175 238 280 272 252 206 196 151 154 188 276 275 242 166 189 147 191 246 223 236 190 226 203 288 289 296 297
268 285 223 175 189 219 252 264 206 236 190 167 200 151 214 280 229 171 259 197 282 230 260 263 162 147 238 241 293 294 301 302
162 272 150 229 219 196 241 175 188 273 263 253 230 197 275 167 255 166 221 211 181 236 213 203 238 280 214 171 207 184 288 289 296 297
203 212 211 172 246 223 236 213 260 200 151 181 184 171 272 249 252 185 229 206 219 241 273 263 230 166 196 147 150 275 265 290 291 298 299
212 282 167 151 181 154 184 198 171 221 263 276 230 266 255 196 147 150 280 211 246 259 188 191 238 290 291 298 299
189 214 191 246 236 167 213 190 171 280 260 285 252 166 264 198 230 233 172 175 289 290 297 298
264 254 266 249 265 147 150 259 230 260 211 263 191 172 175 241 252 255 206 236 242 223 273 282 272 151 275 214 293 294 301 302
221 229 185 254 276 266 167 181 166 255 198 211 259 249 226 175 207 219 238 206 190 273 263 230 188 272 285 172 275 154 291 292 299 300
229 166 147 226 207 252 150 213 254 263 276 253 188 191 175 265 219 280 167 181 246 154 184 171 185 291 292 299 300
211 238 190 272 285 200 181 252 154 198 185 230 266 233 265 166 255 147 150 197 280 223 259 188 236 226 290 291 298 299
273 276 184 214 196 150 259 213 246 197 263 266 280 147 282 241 236 223 253 154 171 185 254 265 167 294 295 302 303
276 154 184 254 265 285 166 147 150 259 213 263 266 188 191 175 238 241 255 242 282 294 295 302 303
254 171 265 185 249 167 266 214 166 226 213 246 197 280 191 259 147 207 238 236 242 260 188 233 272 293 294 301 302
285 265 249 167 282 151 246 230 280 191 175 238 219 252 236 242 272 223 184 214 185 294 295 302 303
236 188 246 259 190 223 167 200 280 181 214 272 249 241 196 226 263 150 253 266 275 265 292 293 300 301
223 275 255 172 190 246 151 238 184 214 260 213 185 197 252 166 230 266 291 292 299 300
275 253 249 200 151 154 233 184 280 171 185 282 260 196 226 241 255 197 272 188 191 172 175 206 190 294 295 302 303
252 280 181 196 147 226 197 260 191 172 175 238 272 241 200 154 233 214 185 293 294 301 302
213 238 191 175 230 282 272 242 190 241 167 263 253 198 214 207 150 246 249 226 197 290 291 298 299
154 175 253 197 151 200 167 242 166 214 246 147 172 207 206 196 288 295 296 303
175 214 259 226 238 280 166 147 150 206 196 172 263 230 266 233 200 265 255 151 288 289 296 297
246 188 238 241 206 151 181 233 198 266 185 166 196 197 259 249 292 293 300 301
198 171 230 233 242 147 150 226 188 238 191 172 280 260 207 282 190 272 206 290 291 298 299
260 196 150 259 230 166 188 191 172 206 242 263 151 184 171 280 282 293 294 301 302
167 230 197 151 181 190 226 166 147 238 150 207 184 272 249 188 263 288 289 296 297
230 200 151 214 185 272 226 150 266 265 255 188 280 206 190 282 259 291 292 299 300
219 196 150 197 280 188 191 272 249 190 253 266 200 151 242 171 185 291 292 299 300
259 188 191 282 238 272 190 242 253 263 266 265 280 226 150 197 293 294 301 302
181 253 172 207 197 200 255 266 233 190 171 238 280 184 147 272 249 150 206 185 289 290 297 298
266 272 188 233 214 171 196 226 150 197 191 207 238 206 253 282 293 294 301 302
272 147 226 207 150 206 190 253 233 184 214 185 294 295 302 303
280 207 282 241 206 242 172 233 265 249 200 151 214 226 197 294 295 302 303
255 190 253 200 151 282 171 185 263 196 226 150 197 191 172 241 206 293 294 301 302
253 265 233 184 185 166 196 207 282 172 238 263 242 293 294 301 302
190 172 214 150 185 249 206 196 263 233 200 289 290 297 298
242 265 200 214 282 185 249 196 147 226 150 241 172 233 171 206 292 293 300 301
265 200 233 171 185 249 166 196 147 150 282 188 238 293 294 301 302
238 197 172 282 151 171 241 185 226 207 292 293 300 301
171 241 188 263 147 233 214 226 151 166 207 184 197 282 249 196 288 289 296 297
241 282 249 166 147 197 263 172 200 151 233 184 292 293 300 301
207 151 214 191 172 233 226 290 291 298 299
147 249 263 197 233 200 191 288 295 296 303
185 188 197 233 200 214 196 289 290 297 298
188 226 282 150 249 206 172 200 289 290 297 298
172 191 184 249 206 151 263 200 288 289 296 297
197 282 249 206 196 150 200 191 214 226 289 290 297 298
166 184 249 206 196 151 233 214 191 226 288 289 296 297
150 184 249 206 196 263 200 288 295 296 303
184 233 200 214 191 226 249 206 289 290 297 298
249 226 206 200 151 292 293 300 301
282 196 206 200 151 263 294 295 302 303
191 226 151 206 233 200 289 290 297 298
233 263 214 151 196 226 206 291 292 299 300
214 263 206 226 196 290 291 298 299
226 206 263 151 291 292 299 300
196 289 290 297 298
200 151 206 290 291 298 299
263 293 294 301 302
151 206 288 295 296 303
206 290 291 298 299
288
289
290
291
292
293
294
295
296
297
298
299
300
301
302
303
