#/usr/local/lib/python3.10/dist-packages/colab_kernel_launcher.py -f /root/.local/share/jupyter/runtime/kernel-6c0fbf18-c276-4b2d-9452-8819c27dba4d.json
# GMT Fri May 24 23:56:53 2024
# 
7 17 12 11 2 44 25 29 15 9 6 1 32 41 18 13 40 90 91 99 100
17 44 25 38 24 19 5 37 13 16 8 3 36 31 9 1 92 93 101 102
15 30 34 43 4 29 19 28 32 18 13 41 27 31 11 35 92 93 101 102
30 18 9 10 36 27 35 19 11 22 3 6 20 23 32 25 95 96 104 105
29 41 35 9 20 39 34 10 38 2 33 37 27 11 14 94 95 103 104
41 21 24 35 27 8 38 33 44 28 4 26 34 43 97 98 106 107
8 18 2 5 22 12 0 16 1 34 24 33 10 37 14 90 91 99 100
18 39 11 0 1 38 42 19 28 37 9 22 40 92 93 101 102
0 14 9 4 40 35 21 2 44 39 25 38 24 33 28 90 98 99 107
14 33 28 23 6 4 27 36 40 44 16 5 34 38 91 92 100 101
10 27 26 39 6 25 1 4 20 24 33 42 37 23 91 92 100 101
27 2 36 31 40 3 9 1 43 4 42 94 95 103 104
22 37 2 5 13 16 11 36 31 40 6 1 20 33 93 94 102 103
37 1 44 12 26 42 4 32 24 13 19 96 97 105 106
33 6 31 26 36 35 21 5 13 43 95 96 104 105
3 42 28 2 4 36 26 44 21 11 39 34 43 38 90 98 99 107
42 39 43 31 12 23 2 4 24 35 13 19 97 98 106 107
12 25 34 43 5 38 23 36 31 26 35 21 16 91 92 100 101
44 4 43 5 19 2 21 39 23 25 97 98 106 107
21 32 31 26 35 5 16 19 39 25 43 93 94 102 103
32 13 24 16 39 19 1 31 43 38 23 5 95 96 104 105
9 25 38 24 6 19 28 1 36 13 90 91 99 100
6 43 38 28 13 40 26 25 20 1 90 91 99 100
43 1 23 34 16 11 97 98 106 107
2 36 40 35 16 34 5 4 90 98 99 107
36 35 19 11 25 40 31 96 97 105 106
28 39 1 20 26 40 5 24 16 94 95 103 104
39 20 23 16 40 31 25 96 97 105 106
38 23 26 40 24 19 96 97 105 106
26 13 11 25 20 4 31 94 95 103 104
40 35 13 16 31 97 98 106 107
23 25 34 24 1 20 16 93 94 102 103
25 11 20 94 95 103 104
11 4 5 16 20 19 91 92 100 101
35 5 13 24 20 96 97 105 106
31 24 19 20 95 96 104 105
13 1 34 4 91 92 100 101
24 34 19 93 94 102 103
20 34 19 1 93 94 102 103
4 34 5 90 98 99 107
16 5 34 92 93 101 102
1 90 98 99 107
5 34 90 91 99 100
34 95 96 104 105
19 92 93 101 102
60 66 75 84 61 49 74 87 52 68 63 47 72 81 67 45 80 92 93 101 102
66 82 63 52 77 72 56 45 84 70 88 48 74 46 65 49 93 94 102 103
52 62 71 57 56 70 87 73 45 68 51 77 86 72 53 90 91 99 100
62 84 79 88 78 87 64 56 86 72 81 51 67 85 80 75 92 93 101 102
71 75 63 84 55 61 83 78 87 45 70 54 57 68 72 49 94 95 103 104
75 63 54 50 58 89 64 53 56 59 65 78 87 82 95 96 104 105
63 53 84 45 70 74 83 78 87 68 57 50 76 92 93 101 102
84 88 65 49 77 69 58 61 51 64 59 70 96 97 105 106
45 50 59 49 58 76 79 56 65 51 69 78 90 98 99 107
50 76 80 61 56 88 74 83 87 73 82 59 68 54 90 91 99 100
74 86 70 51 80 46 65 79 55 82 58 69 61 94 95 103 104
86 87 77 69 61 78 70 51 89 73 46 79 82 55 97 98 106 107
53 77 81 67 76 61 51 79 83 69 55 64 59 68 90 91 99 100
82 48 73 56 76 65 88 70 79 87 58 69 96 97 105 106
59 69 87 68 54 57 72 80 70 55 47 65 91 92 100 101
55 72 85 80 89 57 61 70 54 88 65 64 91 92 100 101
72 47 58 56 48 70 51 65 68 83 94 95 103 104
87 48 78 89 88 47 49 97 98 106 107
70 88 83 73 54 47 94 95 103 104
88 73 54 76 89 79 47 67 48 97 98 106 107
67 73 64 76 89 51 46 65 57 79 83 69 78 93 94 102 103
73 48 83 46 49 47 76 89 61 56 94 95 103 104
69 48 76 65 57 68 49 58 78 93 94 102 103
48 54 47 77 81 85 57 56 46 79 90 98 99 107
61 77 81 76 85 56 79 64 92 93 101 102
57 83 64 68 56 77 81 76 85 91 92 100 101
77 58 85 51 80 56 46 65 78 95 96 104 105
47 58 76 85 80 83 51 68 54 90 98 99 107
78 54 46 76 49 81 64 95 96 104 105
85 89 80 83 51 81 54 76 65 79 97 98 106 107
83 65 68 80 89 64 96 97 105 106
54 89 46 49 68 58 90 91 99 100
89 49 80 58 64 81 46 97 98 106 107
51 64 58 80 56 90 91 99 100
58 81 64 68 49 91 92 100 101
80 81 46 65 79 96 97 105 106
76 64 81 95 96 104 105
68 46 81 93 94 102 103
79 46 49 56 81 95 96 104 105
56 49 91 92 100 101
64 46 81 92 93 101 102
65 49 93 94 102 103
46 49 81 90 98 99 107
81 96 97 105 106
49 90 98 99 107
90
91
92
93
94
95
96
97
98
99
100
101
102
103
104
105
106
107
