#/usr/local/lib/python3.10/dist-packages/colab_kernel_launcher.py -f /root/.local/share/jupyter/runtime/kernel-dea7114a-48f2-47cd-9840-9590734c419b.json
# GMT Thu May 23 17:42:26 2024
# 
15 21 30 3 14 16 25 6 9 1 12 34 4 20 29 24 33 19 7 28 37 23 32 18 10 2 5 13 27 8 22 31 11 0 17 26 35 76 77 79 80 83 84 86 87
21 37 7 32 27 36 22 31 10 26 35 2 30 5 13 16 8 19 11 0 25 34 14 3 29 24 33 6 28 23 17 9 1 20 12 4 76 77 80 81 83 84 87 88
7 17 26 35 12 30 16 11 2 5 25 34 20 29 24 33 10 19 37 0 14 23 9 3 6 1 32 18 27 36 13 22 31 4 8 76 79 80 82 83 86 87 89
17 10 25 34 2 20 29 24 33 19 5 28 37 13 23 16 8 11 0 3 14 18 27 36 6 22 31 26 35 9 30 1 12 4 76 77 80 81 83 84 86 87
26 30 18 10 2 5 13 24 34 29 8 19 33 11 0 28 37 22 32 3 14 25 6 9 1 20 12 23 27 36 4 31 35 77 78 80 81 84 85 87 88
30 18 9 10 29 4 5 24 13 36 16 31 27 35 19 8 11 22 3 14 6 28 34 0 1 20 33 23 12 37 32 25 77 78 81 82 84 85 88 89
18 35 8 14 3 16 6 0 11 1 25 34 20 29 24 33 19 28 37 23 9 10 2 12 4 5 13 32 27 36 22 31 76 77 80 81 83 84 87 88
35 10 29 2 36 32 5 13 24 16 27 19 8 11 0 22 14 33 25 6 28 9 1 37 20 31 23 12 4 34 78 79 81 82 85 86 88 89
29 32 36 25 6 31 28 9 1 20 23 12 4 34 10 2 33 37 5 13 24 16 27 8 19 11 22 3 14 77 78 81 82 84 85 88 89
32 2 22 14 36 24 13 16 6 19 8 0 11 1 20 31 3 25 28 34 9 10 33 23 12 37 4 5 27 77 78 81 82 84 85 88 89
8 9 2 5 27 36 13 22 31 0 16 11 3 6 1 25 34 20 24 33 4 10 19 28 37 14 23 76 79 80 82 83 86 87 89
9 0 3 25 34 11 20 24 33 6 10 19 28 14 1 4 37 23 27 36 13 31 2 12 5 16 76 79 80 82 83 86 87 89
0 5 14 23 37 27 36 4 13 22 31 3 12 16 2 25 34 11 20 6 24 33 1 10 19 28 76 78 79 81 82 85 86 88 89
5 3 27 36 22 31 12 16 25 1 11 6 4 34 20 2 24 33 10 19 28 37 14 13 76 78 79 82 83 85 86 89
37 22 14 3 33 16 6 36 28 11 20 31 23 12 25 34 10 2 4 24 13 27 19 78 79 81 82 85 86 88 89
14 11 24 19 28 3 23 6 1 12 4 27 36 22 31 16 25 10 2 13 34 20 76 77 79 80 83 84 86 87
11 23 10 2 4 27 36 13 22 12 16 3 6 25 34 20 1 24 33 19 28 76 77 79 80 82 83 86 87 89
23 22 3 6 25 34 24 33 1 20 28 12 10 2 27 4 36 31 13 16 19 77 78 80 81 84 85 87 88
10 27 36 22 31 3 12 6 16 25 1 4 20 24 33 19 28 2 13 76 79 80 82 83 86 87 89
27 2 22 13 24 16 36 31 19 3 25 6 1 20 34 12 33 28 77 78 80 81 84 85 87 88
36 2 13 24 16 19 22 3 33 25 6 28 1 31 20 12 4 34 78 79 81 82 85 86 88 89
25 34 33 28 12 4 24 2 31 22 3 13 16 6 1 20 77 78 80 81 84 85 87 88
34 6 28 1 31 20 12 4 2 24 13 16 19 22 3 33 78 79 81 82 85 86 88 89
2 13 22 31 3 12 16 20 6 24 33 19 28 4 1 76 78 79 82 83 85 86 89
3 6 24 33 19 28 4 13 22 31 12 16 1 20 76 78 79 82 83 85 86 89
6 33 19 28 13 4 22 31 12 16 20 1 76 79 80 82 83 85 86 89
22 28 13 16 19 31 1 20 12 4 24 33 77 78 80 81 83 84 87 88
28 33 1 20 12 4 31 24 13 16 19 77 78 81 82 84 85 87 88
24 31 1 20 12 4 13 33 16 19 77 78 80 81 84 85 87 88
33 1 31 20 12 4 13 16 19 78 79 81 82 84 85 88 89
16 31 13 20 19 1 12 4 76 77 79 80 83 84 86 87
12 20 19 13 31 1 4 76 77 79 80 83 84 86 87 89
31 13 19 1 20 4 77 78 81 82 84 85 88 89
19 1 4 13 20 76 77 80 81 83 84 87 88
13 1 4 76 77 79 80 83 84 86 87
20 4 1 76 77 80 81 83 84 87 88
4 1 76 78 79 82 83 85 86 89
1 76 78 79 82 83 85 86 88 89
53 59 68 52 41 63 44 47 39 50 72 42 58 67 62 71 57 45 66 75 61 70 56 48 40 43 51 65 74 46 60 69 38 49 55 64 73 76 77 79 80 83 84 86 87
59 75 56 45 70 65 74 60 69 48 64 73 40 68 43 51 54 46 57 49 38 63 72 41 52 67 62 71 44 66 61 55 47 39 58 50 76 77 80 81 83 84 87 88
45 55 64 73 50 68 54 49 40 43 63 72 58 67 62 71 48 57 66 75 38 52 61 47 41 39 70 56 65 74 51 60 69 42 46 76 79 80 82 83 86 87 89
55 48 63 72 58 67 62 71 43 57 66 75 51 61 54 46 49 38 41 52 70 56 65 74 44 60 69 64 73 47 68 39 50 42 76 77 80 81 83 84 86 87
64 68 56 48 40 43 51 62 54 72 67 57 46 71 38 49 66 75 60 70 52 41 63 44 47 39 58 61 65 74 42 69 73 77 78 80 81 84 85 87 88
68 56 47 48 67 40 42 43 51 62 74 54 69 65 73 57 46 49 60 52 41 44 66 72 38 39 58 71 50 61 70 63 77 78 81 82 84 85 88 89
56 73 46 52 41 54 44 49 38 39 63 72 58 67 62 71 66 75 61 47 48 40 50 42 43 51 70 65 74 60 69 76 77 80 81 83 84 87 88
73 48 67 40 74 70 43 51 62 54 65 57 46 38 49 60 41 52 71 63 44 66 75 39 69 58 61 50 42 72 78 79 81 82 85 86 88 89
67 70 74 63 69 44 66 47 39 58 50 61 42 72 48 40 71 75 43 51 62 54 65 46 57 38 60 41 52 77 78 81 82 84 85 88 89
70 40 60 52 74 51 62 54 44 46 57 38 49 39 69 58 41 63 66 72 47 48 61 50 75 42 43 65 77 78 81 82 84 85 88 89
46 47 40 43 65 74 51 60 69 50 38 54 49 41 44 39 63 72 58 62 71 42 48 57 66 75 52 76 79 80 82 83 86 87 89
47 38 41 63 72 49 58 62 71 44 48 57 66 52 39 42 75 61 65 74 51 60 69 40 50 43 54 76 79 80 82 83 86 87 89
38 43 52 61 75 65 74 42 60 69 41 50 54 40 63 72 49 58 44 62 71 39 48 57 66 76 78 79 81 82 85 86 88 89
43 41 65 74 60 69 50 54 63 39 49 44 42 72 58 40 62 71 48 57 75 52 61 51 76 78 79 82 83 85 86 89
75 60 41 52 71 54 44 74 66 49 39 58 69 61 50 63 72 48 40 42 62 51 65 57 78 79 81 82 85 86 88 89
52 49 62 71 57 66 41 61 44 39 50 42 65 74 60 54 63 48 40 51 72 58 76 77 79 80 83 84 86 87
49 61 48 40 42 65 74 51 60 69 50 54 41 44 63 72 58 39 62 71 57 66 76 77 79 80 82 83 86 87 89
61 60 41 44 63 72 62 71 39 58 66 50 48 40 65 42 74 69 51 54 57 77 78 80 81 84 85 87 88
48 65 74 60 69 50 44 54 63 39 42 72 58 62 71 57 66 40 51 76 79 80 82 83 86 87 89
65 40 60 62 51 54 74 69 57 41 63 44 39 72 50 42 71 66 77 78 80 81 84 85 87 88
74 40 51 54 57 60 41 71 63 44 66 39 69 58 50 42 72 78 79 81 82 85 86 88 89
40 51 60 69 41 50 54 63 72 58 44 62 71 57 66 42 39 76 78 79 82 83 85 86 89
63 72 71 66 50 42 62 57 69 41 51 54 44 39 58 77 78 80 81 84 85 87 88
72 44 66 58 69 50 42 51 62 54 57 60 41 71 78 79 81 82 85 86 88 89
41 44 62 71 57 66 42 51 60 69 50 54 39 58 76 78 79 82 83 85 86 89
44 62 71 57 66 51 42 60 69 50 54 58 39 76 79 80 82 83 85 86 89
60 66 51 54 57 69 39 58 50 42 62 71 77 78 80 81 83 84 87 88
66 71 39 58 50 42 69 51 62 54 57 77 78 81 82 84 85 87 88
62 69 39 58 50 42 51 71 54 57 77 78 80 81 84 85 87 88
71 39 58 69 50 42 51 54 57 78 79 81 82 84 85 88 89
50 58 57 51 69 39 54 42 76 77 79 80 83 84 86 87 89
69 51 54 57 39 58 42 77 78 81 82 84 85 88 89
57 39 42 51 54 58 76 77 80 81 83 84 87 88
54 51 58 39 42 76 77 79 80 83 84 86 87
51 39 58 42 76 77 79 80 83 84 86 87
58 42 39 76 77 80 81 83 84 87 88
42 39 76 78 79 82 83 85 86 89
39 76 78 79 82 83 85 86 88 89
76
77
78
79
80
81
82
83
84
85
86
87
88
89
