#/usr/local/lib/python3.10/dist-packages/colab_kernel_launcher.py -f /root/.local/share/jupyter/runtime/kernel-6c0fbf18-c276-4b2d-9452-8819c27dba4d.json
# GMT Sat May 25 02:07:13 2024
# 
15 21 39 14 3 16 6 9 53 48 12 34 43 52 4 20 29 38 47 24 51 19 7 28 23 32 2 5 13 41 50 36 45 8 31 49 0 11 17 26 44 108 109 112 113 117 118 121 122
21 37 46 7 18 32 41 50 27 36 22 31 49 2 30 5 13 8 19 44 11 53 39 48 25 43 52 3 47 24 33 42 6 23 17 9 1 20 12 4 108 109 113 114 117 118 122 123
7 17 35 12 30 5 44 53 39 25 52 29 38 47 24 33 42 10 19 28 0 14 23 9 3 46 1 32 41 50 18 27 36 13 22 31 40 49 4 108 112 113 116 117 121 122 125
17 44 53 39 48 10 25 34 43 2 20 29 47 24 19 5 28 37 13 23 0 11 51 14 32 41 50 18 27 36 22 31 49 26 9 1 12 4 108 109 112 113 117 118 121 122
26 30 18 39 10 2 24 13 53 16 48 34 43 52 29 8 19 33 42 0 11 28 37 46 22 32 14 3 25 6 9 1 41 50 23 27 36 40 35 109 110 113 114 118 119 122 123
30 18 9 10 29 2 5 41 50 24 45 16 31 40 49 35 44 19 8 11 3 6 53 34 0 43 52 1 38 47 20 33 51 12 23 37 32 25 109 110 114 115 118 119 123 124
18 35 44 8 14 3 16 6 11 0 1 34 52 20 29 38 33 42 37 23 9 10 2 12 51 4 5 46 13 32 41 36 45 31 40 49 108 109 113 114 117 118 122 123
39 28 9 48 10 43 47 12 23 42 4 32 5 46 34 27 29 2 35 24 13 50 16 6 45 8 19 44 53 38 0 11 1 14 33 25 110 111 114 115 119 120 123 124
35 10 46 29 2 41 36 32 40 5 13 24 16 27 19 8 0 11 3 14 33 53 48 6 52 47 28 42 51 9 37 31 20 23 4 34 109 110 114 115 118 119 123 124
29 32 50 36 45 25 31 40 49 44 28 9 1 20 4 53 48 34 10 47 2 33 51 37 5 24 13 16 27 19 11 22 3 109 110 113 114 118 119 122 123
32 2 22 14 36 24 45 40 16 44 8 19 11 31 20 3 53 28 34 43 10 38 47 33 12 23 37 46 4 5 27 109 110 114 115 118 119 123 124
44 51 40 12 42 43 5 24 13 37 27 19 8 50 2 45 22 33 16 6 36 28 38 0 11 31 20 23 53 48 52 34 110 111 115 116 119 120 124 125
8 9 2 46 50 27 36 22 31 40 49 12 0 16 3 6 53 1 25 34 43 52 38 47 33 42 4 10 28 37 14 23 108 112 113 116 117 121 122 125
9 48 3 25 34 52 11 20 38 47 24 10 19 14 1 4 42 51 37 46 23 50 27 36 45 13 40 2 12 5 108 112 113 116 117 121 122 125
0 5 14 51 37 46 50 27 36 45 13 31 40 3 12 16 53 48 25 34 43 11 20 38 47 6 24 33 42 10 28 108 111 112 116 117 120 121 125
5 46 3 41 50 27 45 22 31 40 49 16 25 1 48 43 52 20 38 47 2 24 33 42 19 28 23 13 108 111 112 116 117 120 121 125
40 41 50 10 49 2 13 27 38 11 53 22 48 14 3 52 33 47 25 6 42 28 1 31 20 23 34 46 37 110 111 114 115 119 120 123 124
41 42 51 2 24 13 16 27 19 38 46 22 50 14 3 45 33 25 6 36 28 1 20 23 4 34 48 43 52 47 10 110 111 114 115 119 120 123 124
37 3 14 33 16 36 28 11 1 31 20 23 48 43 52 25 38 47 42 2 4 24 13 51 46 27 50 49 110 111 114 115 119 120 123 124
11 14 23 10 51 2 46 50 36 22 31 49 12 3 6 53 25 34 52 20 38 1 24 33 19 28 108 112 113 116 117 121 122 125
14 33 42 51 19 28 3 23 1 46 12 50 4 22 49 16 10 2 13 53 48 34 43 52 47 20 108 109 112 113 117 118 121 122
50 2 43 13 24 53 16 19 38 22 3 33 25 6 36 28 1 31 20 12 23 42 48 111 112 115 116 120 121 124 125
6 48 34 43 52 38 47 24 33 51 10 28 46 13 4 27 36 45 22 31 49 2 12 16 20 1 53 108 112 113 116 117 121 122 125
48 47 36 49 28 1 20 12 42 4 45 34 10 52 2 51 13 24 16 46 19 22 3 33 111 112 115 116 120 121 124 125
46 22 24 13 19 38 1 49 3 33 28 31 20 12 23 53 4 43 52 45 34 47 10 110 111 115 116 119 120 124 125
23 3 53 34 43 38 47 42 1 20 28 10 51 2 27 4 45 49 13 16 108 109 113 114 117 118 122 123
10 27 36 45 22 49 12 16 25 1 4 34 52 20 47 42 51 19 28 2 13 108 112 113 116 117 121 122 125
27 22 13 24 16 36 45 31 19 49 53 3 20 43 52 12 38 4 33 42 51 28 109 110 113 114 118 119 122 123
42 3 33 25 36 28 53 1 43 52 20 12 51 4 13 24 45 49 19 38 22 110 111 115 116 119 120 124 125
36 43 52 38 47 51 24 13 16 19 22 3 25 45 28 31 12 4 34 110 111 114 115 119 120 123 124
33 38 47 3 25 1 20 12 4 45 49 2 16 19 34 52 22 109 110 114 115 118 119 123 124
38 25 28 1 51 31 20 12 4 45 49 2 24 53 43 52 19 47 110 111 114 115 119 120 123 124
51 13 16 47 53 49 1 31 20 3 25 34 45 52 12 4 43 24 19 22 111 112 115 116 120 121 124 125
2 45 13 22 49 3 12 16 53 43 52 47 24 19 1 108 111 112 116 117 120 121 125
25 34 43 52 28 12 4 24 19 45 31 22 3 13 16 1 20 49 53 109 110 113 114 118 119 122 123
34 28 31 12 4 43 52 47 24 13 19 22 45 3 49 109 110 114 115 118 119 123 124
45 43 13 24 16 53 19 47 22 3 1 31 20 12 4 49 110 111 115 116 119 120 124 125
47 28 1 31 12 4 49 43 24 16 22 3 110 111 115 116 119 120 124 125
43 28 49 1 20 31 4 52 24 16 19 22 3 110 111 115 116 119 120 124 125
3 24 4 13 31 12 53 20 108 111 112 116 117 120 121 125
22 28 13 16 19 31 49 53 1 4 52 24 108 109 113 114 117 118 122 123
28 53 52 1 4 31 49 16 19 109 110 113 114 118 119 122 123
52 1 20 12 4 24 19 49 53 111 112 115 116 120 121 124 125
24 31 12 53 16 19 109 110 113 114 118 119 122 123
16 31 49 13 53 20 1 12 4 108 109 112 113 117 118 121 122
12 53 20 19 31 49 4 108 109 112 113 117 118 121 122
53 1 20 31 4 13 19 111 112 115 116 120 121 124 125
49 4 13 19 1 31 20 111 112 115 116 120 121 124 125
19 31 20 108 109 113 114 117 118 122 123
13 31 1 20 4 108 109 112 113 117 118 121 122
31 1 20 109 110 114 115 118 119 123 124
1 4 108 111 112 116 117 120 121 125
20 108 109 113 114 117 118 122 123
4 108 111 112 116 117 120 121 125
69 75 57 68 70 60 63 107 102 66 88 97 74 83 92 101 78 105 82 91 77 86 72 64 56 59 67 100 104 81 90 99 62 76 85 94 103 71 80 89 98 108 109 112 113 117 118 121 122
75 91 100 72 61 95 104 81 99 76 85 64 80 89 56 84 70 62 73 98 54 93 102 79 88 97 106 68 92 101 87 96 60 77 71 55 74 66 58 105 108 109 113 114 117 118 122 123
90 107 64 102 56 97 92 86 59 105 67 89 78 91 70 81 62 84 73 54 65 57 68 87 104 60 99 94 82 103 98 55 93 85 74 77 66 58 80 72 110 111 114 115 119 120 123 124
107 71 82 102 55 85 74 104 77 105 58 97 80 99 61 91 81 83 94 76 86 59 67 70 100 84 73 62 92 65 54 93 95 106 57 68 98 79 60 111 112 115 116 120 121 124 125
61 71 80 89 70 65 98 93 79 106 74 83 92 101 78 87 96 64 73 82 91 54 68 77 63 57 105 100 55 86 95 104 72 81 67 76 85 103 58 108 112 113 116 117 121 122 125
71 98 93 102 64 79 88 97 56 74 83 92 87 59 73 82 91 67 77 70 54 65 57 100 86 95 72 81 99 60 76 85 94 103 63 66 58 108 109 112 113 117 118 121 122
80 84 72 93 64 59 67 78 102 88 97 92 101 73 62 105 54 65 91 100 76 86 68 57 79 60 55 74 95 104 81 99 58 94 89 98 109 110 113 114 118 119 122 123
84 72 63 64 83 56 100 58 59 95 78 67 70 85 94 103 81 89 62 57 60 82 93 102 88 54 55 92 101 87 96 105 77 66 91 86 79 109 110 114 115 118 119 123 124
72 89 98 57 70 60 93 102 54 55 97 106 74 83 78 87 96 82 77 63 64 56 66 105 58 59 100 67 86 104 81 85 94 103 108 109 113 114 117 118 122 123
93 63 102 64 97 74 106 77 66 96 58 86 59 100 95 88 91 83 76 78 70 60 99 94 103 62 98 54 65 55 57 87 79 110 111 114 115 119 120 123 124
89 64 83 56 95 99 86 94 103 59 67 70 73 62 65 57 68 87 79 102 97 106 92 101 96 105 63 55 91 85 66 77 58 88 109 110 114 115 118 119 123 124
83 86 104 99 79 85 94 103 82 63 55 74 77 66 58 102 88 97 106 64 92 101 56 87 96 78 81 62 54 65 76 100 68 109 110 113 114 118 119 122 123
86 76 95 104 78 67 99 60 98 62 73 65 54 79 82 88 97 106 63 64 92 101 87 96 105 66 77 58 59 81 109 110 114 115 118 119 123 124
98 101 105 63 64 94 97 78 91 81 62 73 100 56 76 95 103 57 68 60 82 92 65 55 74 85 77 102 79 106 88 110 111 115 116 119 120 124 125
62 63 56 105 95 104 99 76 94 103 66 70 65 57 60 102 55 88 97 106 74 92 101 87 96 64 73 91 68 77 108 112 113 116 117 121 122 125
63 54 102 57 79 88 106 65 74 101 87 64 82 55 58 96 91 77 95 104 81 99 67 76 85 94 56 66 59 70 108 112 113 116 117 121 122 125
54 59 68 77 105 100 95 104 81 99 58 67 76 94 57 70 56 103 102 79 88 65 74 92 60 78 87 64 73 108 111 112 116 117 120 121 125
59 100 57 95 104 99 76 85 103 66 70 79 55 65 102 88 97 106 74 92 101 56 78 87 96 73 91 68 67 108 111 112 116 117 120 121 125
94 95 104 99 56 67 78 70 73 92 65 76 57 68 97 106 101 60 96 105 82 74 66 77 58 88 91 110 111 114 115 119 120 123 124
95 96 105 78 67 70 81 73 92 65 100 76 104 68 99 87 82 55 74 85 66 88 97 106 101 64 110 111 114 115 119 120 123 124
91 76 57 68 87 70 60 82 55 77 66 102 97 106 79 92 101 88 96 64 56 78 67 100 73 103 110 111 114 115 119 120 123 124
104 56 97 67 70 106 81 100 73 103 105 65 68 57 87 79 101 82 55 74 85 96 58 88 99 64 111 112 115 116 120 121 124 125
68 65 78 87 96 105 73 82 57 77 60 55 66 81 76 103 79 64 56 67 102 88 106 101 92 108 109 112 113 117 118 121 122
100 76 60 73 65 55 103 57 87 79 82 74 85 77 66 96 58 97 102 99 101 105 81 64 56 110 111 115 116 119 120 124 125
60 102 57 88 97 106 101 87 96 105 64 82 77 58 81 99 85 103 56 70 79 65 74 55 108 112 113 116 117 121 122 125
102 101 103 82 85 96 106 56 105 97 78 67 70 81 73 92 65 76 57 87 79 111 112 115 116 120 121 124 125
77 65 79 88 97 106 92 101 78 96 74 82 66 105 56 81 58 99 85 67 108 109 113 114 117 118 122 123
65 105 58 67 76 85 103 66 70 57 97 106 74 92 101 78 96 73 82 108 112 113 116 117 121 122 125
64 81 76 85 103 57 70 79 55 58 88 92 101 87 96 105 82 56 67 108 112 113 116 117 121 122 125
81 56 76 78 70 99 85 57 79 74 106 66 92 101 58 87 96 105 82 109 110 113 114 118 119 122 123
96 87 79 82 55 106 74 85 101 66 105 58 78 67 99 103 73 76 110 111 115 116 119 120 124 125
87 92 101 79 82 55 85 66 105 99 103 56 67 70 88 97 106 109 110 114 115 118 119 123 124
92 79 82 55 105 74 85 66 58 99 88 67 78 73 76 57 110 111 114 115 119 120 123 124
105 70 101 103 74 79 99 88 82 66 97 73 56 76 111 112 115 116 120 121 124 125
79 88 97 106 101 66 58 78 73 56 85 57 55 74 109 110 113 114 118 119 122 123
88 82 85 74 97 106 101 56 78 67 73 76 99 57 103 109 110 114 115 118 119 123 124
101 106 82 55 85 66 103 78 67 70 73 76 110 111 115 116 119 120 124 125
97 82 99 103 55 85 74 58 106 67 78 70 73 57 110 111 115 116 119 120 124 125
57 73 56 58 99 67 76 85 103 66 70 106 108 111 112 116 117 120 121 125
56 99 67 85 103 66 70 106 74 78 73 58 55 108 111 112 116 117 120 121 125
76 82 67 70 99 103 55 74 66 58 106 78 108 109 113 114 117 118 122 123
82 106 55 66 99 103 67 78 70 73 109 110 113 114 118 119 122 123
106 55 74 85 58 99 78 70 73 111 112 115 116 120 121 124 125
78 99 85 103 55 74 66 58 67 70 73 109 110 113 114 118 119 122 123
70 85 67 74 73 55 66 58 108 109 112 113 117 118 121 122
103 58 67 73 55 74 85 66 99 111 112 115 116 120 121 124 125
99 67 73 55 85 66 58 110 111 115 116 119 120 124 125
85 67 73 74 58 109 110 114 115 118 119 123 124
73 55 66 58 74 108 109 113 114 117 118 122 123
67 55 66 58 108 109 112 113 117 118 121 122
55 58 66 74 108 111 112 116 117 120 121 125
74 66 58 108 109 113 114 117 118 122 123
66 58 108 109 112 113 117 118 121 122
58 108 111 112 116 117 120 121 125
108
109
110
111
112
113
114
115
116
117
118
119
120
121
122
123
124
125
