#/usr/local/lib/python3.10/dist-packages/colab_kernel_launcher.py -f /root/.local/share/jupyter/runtime/kernel-2b515d16-c871-48c9-ad2b-cd6ecd503099.json
# GMT Thu May 23 11:08:34 2024
# 
6 18 11 13 15 4 17 10 19 0 1 14 9 40 41 45 46
18 8 15 13 0 11 17 1 14 3 7 9 43 44 48 49
4 9 2 15 8 17 0 10 19 1 5 7 40 41 45 46
9 8 10 19 12 14 5 7 11 15 41 42 46 47
3 13 15 17 1 12 5 7 16 11 2 0 40 44 45 49
13 17 19 12 14 16 2 5 11 15 42 43 47 48
5 10 0 19 14 7 16 1 11 40 41 45 46
10 7 1 17 19 12 14 2 8 41 42 46 47
8 1 2 19 12 0 14 16 7 41 42 46 47
0 16 2 11 17 1 12 40 44 45 49
19 16 12 2 11 17 43 44 48 49
17 14 2 11 15 43 44 48 49
1 15 12 14 7 40 44 45 49
15 16 2 11 7 42 43 47 48
11 16 12 41 42 46 47
7 12 14 16 40 41 45 46
2 12 14 16 40 44 45 49
16 14 12 43 44 48 49
12 42 43 47 48
14 42 43 47 48
26 38 23 22 35 24 28 25 39 32 21 34 29 40 41 45 46
38 28 39 32 20 33 37 21 23 30 36 22 43 44 48 49
27 37 30 39 20 32 34 36 21 31 33 22 24 40 41 45 46
37 29 23 30 22 24 28 31 20 25 39 43 44 48 49
25 30 20 36 29 21 23 31 22 24 28 40 41 45 46
30 23 35 39 32 22 36 31 33 41 42 46 47
28 29 31 23 33 35 24 20 34 41 42 46 47
29 39 32 34 36 23 31 33 35 41 42 46 47
20 34 36 24 35 21 39 32 40 44 45 49
31 34 36 24 21 33 35 41 42 46 47
34 35 33 23 32 22 24 42 43 47 48
21 35 39 23 32 36 33 40 44 45 49
35 23 36 22 39 42 43 47 48
39 33 32 22 43 44 48 49
23 22 24 40 44 45 49
32 33 36 24 42 43 47 48
22 24 36 40 44 45 49
24 33 40 41 45 46
36 33 43 44 48 49
33 42 43 47 48
40
41
42
43
44
45
46
47
48
49
