#/usr/local/lib/python3.10/dist-packages/colab_kernel_launcher.py -f /root/.local/share/jupyter/runtime/kernel-6c0fbf18-c276-4b2d-9452-8819c27dba4d.json
# GMT Sat May 25 00:36:27 2024
# 
15 21 1 23 3 14 16 18 10 2 6 4 8 11 0 17 5 19 7 9 13 48 49 51 52 54 55 57 58 60 61 63 64
21 17 5 18 7 9 13 1 3 14 16 20 22 2 4 19 8 23 11 0 49 50 52 53 55 56 58 59 61 62 64 65
6 18 20 3 13 22 2 4 8 17 5 10 19 0 12 1 14 23 7 9 48 50 51 53 54 56 57 59 60 62 63 65
18 19 12 23 4 0 11 13 17 1 14 7 9 20 10 22 16 2 49 50 52 53 55 56 58 59 61 62 64 65
16 20 22 11 0 17 5 19 7 9 13 1 23 3 12 2 4 8 49 50 52 53 55 56 58 59 61 62 64 65
20 22 10 12 4 19 8 23 0 11 17 1 5 7 9 13 14 49 50 52 53 55 56 58 59 61 62 64 65
7 17 10 19 12 14 23 5 9 1 11 3 22 4 8 48 50 51 53 54 56 57 59 60 62 63 65
17 9 13 1 14 3 10 12 2 8 22 11 0 5 49 50 52 53 55 56 58 59 61 62 64 65
4 9 2 23 13 22 8 0 10 19 1 3 5 14 48 50 51 53 54 56 57 59 60 62 63 65
9 19 12 0 5 1 23 3 11 13 22 2 48 49 51 52 54 55 57 58 60 61 63 64
3 13 22 8 10 19 1 12 5 14 11 2 0 48 50 51 53 54 56 57 59 60 62 63 65
13 19 12 14 2 8 5 11 1 22 10 48 49 51 52 54 55 57 58 60 61 63 64
5 10 0 12 23 1 11 22 2 8 48 50 51 53 54 56 57 59 60 62 63 65
10 1 22 19 12 14 2 23 8 11 0 48 49 51 52 54 55 57 58 60 61 63 64
14 22 11 0 19 1 23 12 2 8 48 49 51 52 54 55 57 58 60 61 63 64
22 23 12 2 19 8 0 49 50 52 53 55 56 58 59 61 62 64 65
0 23 2 11 8 19 12 48 50 51 53 54 56 57 59 60 62 63 65
11 2 23 8 1 19 12 48 49 51 52 54 55 57 58 60 61 63 64
2 8 19 12 23 48 50 51 53 54 56 57 59 60 62 63 65
23 1 12 19 8 49 50 52 53 55 56 58 59 61 62 64 65
1 8 19 12 48 50 51 53 54 56 57 59 60 62 63 65
19 12 49 50 52 53 55 56 58 59 61 62 64 65
12 8 48 49 51 52 54 55 57 58 60 61 63 64
8 48 49 51 52 54 55 57 58 60 61 63 64
30 42 35 44 27 37 46 26 39 28 32 41 29 34 36 45 38 47 31 40 33 48 50 51 53 54 56 57 59 60 62 63 65
42 32 36 39 47 28 29 37 35 24 41 25 27 38 33 44 34 46 40 26 49 50 52 53 55 56 58 59 61 62 64 65
40 44 46 35 24 39 29 43 31 37 45 25 47 27 38 34 36 26 32 49 50 52 53 55 56 58 59 61 62 64 65
44 27 46 34 36 26 28 32 43 45 24 39 41 25 31 33 37 38 49 50 52 53 55 56 58 59 61 62 64 65
31 41 34 43 24 36 45 38 47 33 25 35 27 37 26 39 28 32 48 50 51 53 54 56 57 59 60 62 63 65
41 45 33 37 47 38 34 36 26 28 32 46 24 35 39 43 29 49 50 52 53 55 56 58 59 61 62 64 65
27 37 46 39 34 43 25 45 29 38 47 33 35 26 28 24 48 50 51 53 54 56 57 59 60 62 63 65
37 43 38 47 26 28 32 29 24 35 25 33 34 39 48 49 51 52 54 55 57 58 60 61 63 64
29 34 43 24 45 38 47 33 25 35 26 46 28 39 32 48 50 51 53 54 56 57 59 60 62 63 65
34 33 25 39 43 36 45 38 47 28 32 35 48 49 51 52 54 55 57 58 60 61 63 64
32 33 35 25 46 39 28 43 36 24 45 47 48 49 51 52 54 55 57 58 60 61 63 64
33 43 36 24 45 25 47 35 46 39 26 48 49 51 52 54 55 57 58 60 61 63 64
46 38 47 36 26 28 43 45 24 35 39 25 49 50 52 53 55 56 58 59 61 62 64 65
45 25 38 36 26 28 43 47 35 24 49 50 52 53 55 56 58 59 61 62 64 65
43 25 38 36 26 28 47 35 39 49 50 52 53 55 56 58 59 61 62 64 65
38 35 24 39 25 36 26 28 48 49 51 52 54 55 57 58 60 61 63 64
35 47 28 24 25 36 48 49 51 52 54 55 57 58 60 61 63 64
24 47 26 28 39 25 36 48 50 51 53 54 56 57 59 60 62 63 65
47 39 28 36 26 49 50 52 53 55 56 58 59 61 62 64 65
25 39 36 26 28 48 50 51 53 54 56 57 59 60 62 63 65
39 36 26 48 49 51 52 54 55 57 58 60 61 63 64
36 26 28 48 49 51 52 54 55 57 58 60 61 63 64
28 26 48 50 51 53 54 56 57 59 60 62 63 65
26 48 50 51 53 54 56 57 59 60 62 63 65
48
49
50
51
52
53
54
55
56
57
58
59
60
61
62
63
64
65
