#/usr/local/lib/python3.10/dist-packages/colab_kernel_launcher.py -f /root/.local/share/jupyter/runtime/kernel-ccf9b1d1-ce2b-4d6c-8d13-48aff858ef78.json
# GMT Mon May 27 12:01:57 2024
# 
13 88 65 55 32 68 22 90 9 12 92 69 46 36 26 71 48 25 15 28 4 5 103 7 106 73 40 6 30 8 72 85 75 19 64 44 119 0 3 76 89 66 43 23 98 240 241 250 251
88 95 46 98 107 23 40 70 21 24 76 99 27 87 89 38 71 77 111 19 22 3 112 115 92 72 83 34 114 30 14 44 80 31 106 61 64 45 75 48 78 29 51 62 246 247 256 257
16 93 106 73 17 118 95 85 39 42 1 84 15 51 87 64 21 109 76 53 43 20 108 4 7 32 35 110 100 8 80 24 112 89 79 56 69 26 91 104 94 3 48 38 116 240 241 250 251
93 68 49 0 22 3 33 63 85 36 50 51 81 34 65 99 84 44 47 28 32 77 79 102 105 23 4 56 10 40 104 21 94 107 54 55 87 74 96 86 95 2 108 35 246 247 256 257
1 113 57 47 24 69 26 6 81 61 38 28 18 106 83 60 96 50 7 105 95 72 108 42 19 117 74 110 87 41 54 31 8 119 89 66 33 23 98 111 78 35 12 25 240 249 250 259
113 80 61 12 42 114 45 117 29 108 59 51 81 111 65 46 98 118 37 10 40 70 43 57 38 71 104 107 2 4 52 33 63 55 36 66 39 99 72 102 67 84 11 44 248 249 258 259
47 80 44 25 70 9 112 12 15 69 29 114 81 48 84 61 4 26 106 7 50 21 105 8 41 62 52 107 97 74 64 0 53 89 33 56 39 20 34 90 67 103 14 242 243 252 253
80 90 103 102 32 62 82 65 37 116 96 54 76 86 27 57 41 74 85 98 18 5 110 19 49 22 119 63 66 99 39 69 89 20 53 34 91 30 11 44 100 245 246 255 256
40 41 54 2 44 119 86 19 99 66 20 111 68 45 58 100 30 90 14 112 31 82 49 91 94 71 48 60 96 73 37 63 21 72 108 52 117 107 74 87 18 242 243 252 253
41 117 24 74 110 39 77 44 18 98 19 0 22 68 3 36 100 103 57 70 30 11 59 14 91 104 81 94 71 29 116 106 83 96 105 118 23 72 108 26 62 242 243 252 253
5 83 96 73 3 50 7 95 72 42 19 32 9 97 87 54 119 109 86 76 89 33 10 23 111 101 45 35 12 110 103 57 34 14 79 49 26 39 61 2 15 51 106 240 249 250 259
83 35 114 104 0 3 84 6 66 17 39 106 34 96 67 118 95 108 85 98 44 12 97 64 110 48 81 109 99 79 89 23 7 91 43 57 8 103 74 77 92 245 246 255 256
11 14 112 102 36 26 8 101 81 58 48 61 116 60 73 4 17 115 105 82 85 62 39 75 52 107 97 87 54 21 96 99 53 0 20 33 68 100 77 90 67 34 240 249 250 259
14 24 112 102 79 92 49 91 104 94 38 51 18 50 30 118 85 62 75 42 19 74 87 77 109 53 0 33 23 98 6 111 55 68 45 25 110 67 70 240 241 250 251
33 38 70 60 63 10 21 118 72 108 85 62 52 117 97 74 18 96 109 86 76 6 68 45 35 110 77 90 57 12 92 46 82 15 59 49 29 32 241 242 251 252
38 6 36 17 74 34 119 86 99 76 53 56 25 111 55 68 29 100 67 44 89 46 59 10 114 91 104 71 61 8 103 116 60 63 72 85 62 0 22 242 243 252 253
25 34 79 92 36 101 114 91 68 70 106 60 73 50 27 115 105 95 62 29 117 107 74 51 31 22 3 119 6 86 99 53 108 98 111 65 18 2 110 0 241 242 251 252
34 28 91 104 81 12 15 61 116 50 63 118 95 23 4 62 39 75 7 107 87 64 109 86 66 43 2 35 100 77 90 67 112 102 82 36 241 242 251 252
44 12 112 43 115 46 59 114 91 104 58 71 4 116 106 7 96 63 22 6 105 20 72 117 107 74 119 29 32 101 55 68 90 67 70 242 243 252 253
30 112 18 22 6 94 71 48 61 20 51 116 60 63 118 85 75 32 15 107 97 29 64 54 99 53 89 43 56 111 9 68 45 27 35 8 90 57 37 241 242 251 252
112 96 9 31 64 75 48 60 32 62 79 109 110 115 4 26 37 73 117 55 27 57 87 102 104 86 68 19 3 17 97 69 20 50 81 65 248 249 258 259
2 50 115 95 72 85 39 75 42 117 9 97 51 64 31 76 10 65 101 78 45 22 35 110 100 67 0 24 37 102 69 82 114 58 71 28 18 106 60 240 249 250 259
50 81 35 71 19 49 22 3 6 36 17 39 96 118 117 84 28 87 64 77 48 99 32 46 98 65 101 55 68 21 67 102 92 82 59 18 243 244 253 254
3 15 103 70 106 27 72 108 75 52 6 42 117 107 84 74 87 96 109 86 43 56 10 101 12 100 77 79 69 46 59 36 49 26 61 240 249 250 259
15 103 70 24 102 79 115 92 69 26 104 9 51 28 18 116 106 72 62 75 29 19 7 32 10 97 74 8 109 89 66 20 101 78 55 22 0 240 241 250 251
22 28 106 63 53 105 95 98 52 97 110 31 119 109 99 76 56 18 46 111 55 58 6 67 37 27 102 115 92 59 72 49 114 240 241 250 251
28 57 46 59 49 81 94 9 103 116 70 73 115 105 108 52 29 84 74 64 54 31 21 119 96 109 99 53 89 66 56 111 78 32 68 100 77 241 242 251 252
24 87 109 86 99 76 89 66 98 111 78 32 35 110 4 10 70 8 115 92 69 59 36 91 81 58 71 103 116 27 20 72 85 62 75 52 29 107 241 242 251 252
12 100 77 57 37 102 79 92 69 82 59 91 81 58 71 48 61 116 73 17 72 42 97 18 54 31 109 99 76 20 23 98 101 68 110 240 241 250 251
100 94 76 78 59 32 77 96 23 4 26 7 89 70 43 118 54 108 27 60 107 119 19 49 52 6 69 99 101 53 84 102 9 31 247 248 257 258
65 68 58 90 103 4 37 21 52 102 55 115 6 69 82 39 72 81 71 116 35 106 96 19 63 118 95 85 98 46 56 99 61 45 79 27 29 244 245 254 255
32 78 55 68 103 7 79 92 36 72 114 94 48 18 116 60 63 118 108 17 107 97 74 64 54 26 43 56 46 98 111 241 242 251 252
78 62 4 26 79 92 82 70 21 73 76 8 114 60 81 117 94 84 116 49 0 118 52 36 66 39 69 107 97 110 109 89 31 61 111 59 91 245 246 255 256
35 118 95 108 75 52 42 74 87 64 77 119 8 109 99 98 55 45 110 19 103 102 79 115 46 82 36 49 104 81 94 48 51 241 242 251 252
96 99 37 52 66 69 53 86 18 84 115 49 0 105 64 17 29 51 81 117 79 116 70 42 98 27 57 60 77 247 248 257 258
99 4 10 73 76 57 118 58 91 107 68 19 52 63 55 119 101 84 9 31 61 48 59 51 95 46 247 248 257 258
7 21 109 86 63 66 43 20 98 111 68 77 67 37 102 92 69 46 82 59 26 91 81 103 106 17 118 39 52 19 9 97 51 64 240 249 250 259
21 10 86 76 43 108 111 55 68 110 77 67 0 57 6 17 89 20 69 46 36 101 94 71 60 27 82 95 72 85 52 117 87 240 241 250 251
95 101 63 85 36 66 69 114 116 61 42 64 94 48 81 62 118 46 98 107 4 56 89 70 119 109 57 8 87 90 74 246 247 256 257
107 108 87 72 74 104 91 109 68 19 49 82 36 20 102 98 84 9 61 75 48 59 114 92 23 4 89 54 247 248 257 258
108 91 18 37 101 69 20 114 86 31 75 17 118 29 59 51 62 46 23 119 109 10 70 42 73 54 27 106 71 248 249 258 259
18 115 72 85 39 75 84 97 74 87 54 31 109 76 0 56 98 101 68 67 92 69 46 82 59 116 70 106 60 240 241 250 251
59 68 77 90 70 31 102 45 114 104 94 61 23 103 26 56 37 73 43 117 119 76 89 55 36 39 98 243 244 253 254
68 116 51 105 23 37 10 119 58 89 101 91 49 55 6 66 17 39 20 70 81 64 244 245 254 255
106 19 49 63 85 109 72 102 67 84 31 61 29 51 62 92 46 79 114 26 10 57 87 90 104 77 58 247 248 257 258
49 103 60 73 72 85 62 52 42 29 74 119 109 86 53 66 37 98 111 27 77 90 57 79 92 104 94 71 243 244 253 254
103 31 105 63 64 17 48 114 81 62 104 117 46 98 27 71 58 4 37 70 54 66 8 39 69 102 53 67 247 248 257 258
116 63 102 53 118 75 48 29 81 111 92 114 46 98 79 10 70 43 76 27 57 8 90 71 91 105 248 249 258 259
69 81 117 71 9 31 45 46 23 37 10 109 57 60 58 90 19 0 6 17 115 92 105 67 244 245 254 255
81 91 20 51 67 102 31 61 75 48 117 94 119 10 118 85 73 97 52 6 111 101 245 246 255 256
90 61 64 97 29 51 119 79 4 26 37 101 10 54 57 8 87 71 115 105 6 85 17 39 20 53 86 67 118 246 247 256 257
54 64 43 86 76 89 66 111 55 52 77 36 102 115 82 114 91 58 94 71 61 31 42 29 51 105 4 37 84 243 244 253 254
115 45 51 62 92 114 109 119 9 89 70 42 43 27 71 104 77 58 91 105 23 101 55 39 53 86 67 117 248 249 258 259
117 72 86 84 0 64 6 36 20 51 118 9 89 61 75 27 57 62 92 104 77 58 26 10 55 85 248 249 258 259
61 17 39 20 91 104 42 45 51 46 105 85 23 26 97 43 64 27 60 89 98 111 19 244 245 254 255
62 70 52 102 79 39 20 114 94 84 9 73 42 48 118 97 74 110 87 64 56 37 86 98 244 245 254 255
91 118 89 42 109 73 45 27 60 4 37 70 82 6 85 72 86 0 119 64 17 48 246 247 256 257
20 71 4 60 63 85 75 52 29 84 64 19 0 76 89 17 43 55 110 67 57 9 102 79 240 241 250 251
77 76 57 29 71 74 87 58 23 89 4 79 36 8 39 53 114 48 94 84 119 118 245 246 255 256
55 63 26 10 98 43 27 110 67 119 109 76 66 79 52 36 53 57 92 105 9 42 114 29 243 244 253 254
51 57 92 72 45 94 84 29 46 119 73 86 63 10 87 64 67 89 23 4 19 101 243 244 253 254
23 86 76 56 111 9 8 67 57 102 82 104 58 94 48 73 105 118 72 85 39 52 42 87 119 240 241 250 251
86 26 94 43 85 27 57 71 119 74 19 87 66 17 84 9 42 76 29 60 105 246 247 256 257
43 64 109 10 76 79 46 27 101 45 58 67 102 82 36 17 72 94 71 9 31 53 42 118 75 242 243 252 253
64 67 60 92 104 19 52 63 73 9 87 119 76 79 111 101 26 37 244 245 254 255
84 102 66 104 94 19 17 85 46 79 119 109 42 73 75 89 27 71 111 101 58 4 82 246 247 256 257
102 9 31 75 79 56 10 76 8 60 71 58 101 52 6 85 39 247 248 257 258
87 97 76 27 8 89 4 111 52 85 36 17 39 53 92 75 29 79 70 246 247 256 257
66 26 56 10 73 8 105 118 97 19 109 52 89 36 98 111 110 70 9 45 79 48 92 104 244 245 254 255
53 114 4 26 10 8 39 73 85 98 97 74 0 52 17 56 111 101 58 31 45 70 92 82 243 244 253 254
114 9 31 94 45 75 97 48 46 79 109 4 56 37 73 118 105 0 82 6 17 248 249 258 259
57 74 31 45 76 101 4 26 58 67 8 19 52 6 36 39 63 105 243 244 253 254
70 0 119 45 17 56 9 27 79 82 58 94 19 6 8 118 74 244 245 254 255
73 0 52 109 63 6 36 101 9 45 48 82 46 26 10 27 60 118 85 58 97 245 246 255 256
6 75 52 29 42 19 97 74 110 31 8 119 109 46 45 58 4 82 71 240 249 250 259
58 85 98 97 74 109 10 101 67 4 37 52 36 72 71 19 63 0 31 243 244 253 254
85 19 67 45 75 48 79 4 56 37 8 60 71 246 247 256 257
27 97 74 31 19 17 45 67 9 82 39 104 4 10 60 98 75 42 241 242 251 252
97 60 71 74 0 104 82 63 39 72 31 94 45 110 29 92 4 10 247 248 257 258
118 105 119 0 82 63 72 67 9 94 46 98 10 74 248 249 258 259
42 67 89 4 19 0 36 17 105 82 75 31 119 76 56 26 9 111 101 8 242 243 252 253
75 110 4 19 92 52 63 36 67 0 45 109 56 37 8 101 71 245 246 255 256
110 76 60 74 104 4 37 10 52 8 39 111 71 31 63 94 48 92 46 109 56 248 249 258 259
31 36 104 94 0 60 105 74 76 56 111 45 4 26 241 242 251 252
36 63 105 72 8 111 101 37 92 46 82 17 104 94 242 243 252 253
46 9 45 92 82 48 39 63 72 0 119 17 242 243 252 253
17 0 60 29 109 56 98 101 45 37 8 79 92 82 26 240 241 250 251
76 56 37 89 79 60 71 101 19 39 92 105 45 245 246 255 256
71 109 89 98 111 48 79 60 94 0 244 245 254 255
26 109 89 56 98 111 101 9 37 82 4 94 105 29 19 0 241 242 251 252
109 56 89 8 104 67 29 248 249 258 259
74 8 119 111 63 92 105 9 48 29 10 245 246 255 256
39 48 0 119 10 79 111 60 4 37 105 82 242 243 252 253
48 67 82 94 29 63 105 37 8 119 89 79 111 243 244 253 254
98 4 56 104 82 63 89 29 60 247 248 257 258
10 119 56 111 37 104 94 60 63 9 72 29 240 249 250 259
94 72 104 29 79 56 37 111 52 63 246 247 256 257
0 60 37 9 8 119 63 45 92 101 104 240 249 250 259
19 105 52 29 101 9 37 4 8 240 241 250 251
105 52 63 67 79 45 29 37 101 72 104 247 248 257 258
101 79 9 8 60 72 67 45 247 248 257 258
4 52 29 8 240 249 250 259
72 119 67 45 60 56 92 82 245 246 255 256
37 56 29 45 104 60 52 242 243 252 253
56 89 9 111 67 79 92 104 63 45 29 243 244 253 254
67 45 8 119 52 92 244 245 254 255
8 89 79 82 60 63 240 249 250 259
104 9 45 111 92 89 52 82 247 248 257 258
119 63 111 45 248 249 258 259
45 60 111 9 242 243 252 253
9 60 82 29 63 240 249 250 259
79 111 82 245 246 255 256
111 92 248 249 258 259
63 92 82 244 245 254 255
60 52 29 244 245 254 255
89 92 82 29 246 247 256 257
92 246 247 256 257
29 241 242 251 252
52 82 243 244 253 254
82 245 246 255 256
152 221 198 133 178 220 233 187 177 154 143 157 125 127 199 235 189 141 128 201 191 158 138 236 193 136 120 225 123 215 205 182 195 172 217 194 230 174 164 239 206 196 173 163 208 241 242 251 252
221 133 212 185 215 199 239 216 143 146 176 127 130 160 190 163 227 128 207 180 210 161 191 178 229 138 125 139 231 141 142 202 183 186 137 189 140 120 121 200 151 184 168 171 247 248 257 258
136 213 170 160 137 225 134 182 162 139 129 204 135 171 207 161 174 183 163 208 185 130 188 165 142 155 230 128 197 164 200 167 144 199 212 122 146 211 224 201 214 123 145 158 240 241 250 251
213 202 217 205 137 159 220 189 170 203 185 131 164 145 231 167 148 234 129 132 162 165 196 168 198 179 197 222 157 209 160 224 190 237 175 147 210 161 191 216 178 215 122 155 246 247 256 257
156 191 168 181 171 226 134 180 183 148 238 192 185 230 184 197 239 124 146 206 127 219 196 173 163 141 147 218 128 231 208 175 165 178 187 223 177 139 222 212 179 137 234 211 154 242 243 252 253
191 137 237 170 239 150 131 219 134 145 167 168 133 230 185 210 222 212 157 202 130 190 141 163 147 180 214 161 204 236 216 125 225 139 169 215 192 142 205 172 123 244 245 254 255
175 204 133 166 226 183 143 130 182 195 163 185 194 230 207 184 196 232 186 199 176 169 142 208 123 211 140 171 223 190 180 150 134 164 225 151 132 135 165 224 214 168 149 243 244 253 254
204 126 128 235 158 159 212 189 173 203 187 224 237 138 155 139 226 120 200 151 153 170 171 215 228 205 218 162 206 165 196 147 149 208 124 125 223 160 190 172 144 232 246 247 256 257
208 238 215 218 217 124 146 176 130 193 144 229 219 147 128 207 209 180 194 197 231 155 233 188 139 169 120 202 153 126 232 235 212 224 131 145 167 148 121 200 246 247 256 257
238 225 239 188 120 142 172 123 202 183 205 137 159 140 219 170 192 233 236 220 223 164 167 181 184 135 214 165 195 217 168 198 149 133 185 166 146 176 130 209 174 196 197 248 249 258 259
160 161 197 122 164 239 206 186 163 153 176 126 140 154 165 210 187 223 200 129 121 235 212 166 133 211 181 171 236 143 180 183 225 215 228 205 182 195 237 227 207 242 243 252 253
161 237 227 159 184 164 229 219 173 186 122 155 139 198 142 165 178 126 154 167 150 131 145 129 121 132 224 201 214 135 171 226 203 170 215 192 124 182 157 130 242 243 252 253
126 168 135 148 138 147 137 127 215 121 182 172 149 185 139 129 227 230 197 174 141 131 229 209 166 218 198 211 178 155 132 220 200 154 144 134 212 169 159 201 214 240 249 250 259
168 178 177 150 189 202 179 167 148 129 121 151 162 224 135 165 214 149 171 133 236 166 216 173 225 215 228 127 218 185 163 217 230 239 206 138 186 153 243 244 253 254
131 134 232 222 199 176 130 212 146 211 224 145 135 223 226 122 137 215 192 205 162 217 207 174 229 206 173 153 143 228 198 188 230 220 210 187 164 200 177 167 240 249 250 259
134 144 129 121 189 166 224 133 214 158 171 138 226 203 180 216 170 150 130 225 195 172 162 197 174 151 164 196 186 123 185 198 188 145 220 233 200 177 190 240 241 250 251
197 228 190 205 163 180 207 178 219 124 155 188 142 144 174 128 140 170 192 210 212 167 202 120 121 151 123 165 224 182 166 236 239 164 145 148 215 245 246 255 256
228 227 211 233 124 127 188 139 169 142 172 183 205 186 189 192 203 154 234 206 237 150 164 121 200 214 149 171 218 199 146 239 229 162 193 226 158 180 210 194 248 249 258 259
170 211 122 201 139 169 120 223 226 137 159 216 215 192 195 150 237 145 129 151 162 135 149 206 219 133 173 209 166 218 231 124 220 210 144 147 212 243 244 253 254
211 182 218 146 129 162 163 229 195 232 177 149 180 133 231 178 220 176 127 157 190 141 172 202 205 159 235 173 203 234 237 214 122 125 155 121 153 246 247 256 257
129 210 154 144 209 222 166 143 122 125 145 181 158 148 233 223 236 190 203 180 157 193 235 225 215 149 227 171 138 226 229 206 130 124 198 142 240 249 250 259
210 200 184 217 133 185 239 166 199 232 231 130 193 147 158 220 222 138 235 212 122 125 155 188 169 224 142 153 189 140 192 203 226 206 216 164 246 247 256 257
189 224 214 150 164 145 148 203 193 184 149 179 195 166 217 230 127 157 229 163 219 196 174 209 158 180 231 178 188 172 186 235 159 225 140 154 234 244 245 254 255
224 173 187 230 150 239 164 148 200 151 162 135 165 149 179 171 199 146 127 144 174 196 177 178 138 236 155 139 120 172 123 183 159 247 248 257 258
181 220 233 159 140 154 212 164 145 148 162 135 236 149 171 192 205 182 195 146 176 227 163 207 144 147 177 128 239 229 219 209 231 122 185 155 188 139 169 120 230 244 245 254 255
220 135 195 198 234 237 185 215 199 226 146 176 190 174 147 128 192 194 138 229 125 188 139 172 123 153 217 231 159 173 203 218 233 223 121 247 248 257 258
200 233 135 165 179 225 214 143 124 127 130 141 226 163 216 174 177 180 215 138 122 125 207 188 120 123 183 159 209 140 192 173 187 145 245 246 255 256
233 151 132 234 214 165 195 237 198 231 133 212 215 199 232 143 145 127 157 130 196 147 177 194 122 139 169 120 172 137 140 222 150 164 167 148 248 249 258 259
147 227 230 125 207 174 151 120 239 229 206 219 196 186 140 166 231 165 187 154 132 199 234 201 214 158 130 226 203 128 182 218 185 162 241 242 251 252
227 128 207 180 230 223 188 139 169 120 172 183 205 186 159 231 222 206 218 167 121 151 195 198 149 182 234 215 216 124 239 146 127 157 190 141 144 247 248 257 258
145 154 137 146 234 158 132 236 190 144 235 202 205 149 162 237 125 171 207 184 151 123 239 128 206 173 150 163 153 122 165 241 242 251 252
154 234 132 135 133 180 124 182 159 146 172 130 141 144 217 128 174 239 209 163 138 176 218 231 142 165 123 140 177 190 167 222 235 166 241 242 251 252
164 167 130 232 144 202 179 125 155 203 180 216 193 158 159 140 192 217 194 184 122 229 120 173 135 176 218 188 230 242 243 252 253
167 151 162 199 235 202 149 201 214 236 124 146 216 144 182 194 138 230 207 184 239 120 142 173 153 186 176 137 140 198 178 150 242 243 252 253
122 137 235 172 162 237 217 194 171 174 151 128 239 219 173 130 143 185 188 142 155 124 212 202 135 148 138 223 226 121 193 240 249 250 259
142 148 203 193 225 195 127 162 217 230 184 128 151 229 196 209 186 138 125 139 188 223 157 222 199 235 212 179 201 237 214 158 240 241 250 251
148 123 212 166 202 201 178 214 158 135 193 150 225 192 205 159 237 217 146 194 174 151 144 229 196 209 153 185 198 155 125 230 241 242 251 252
144 207 174 151 239 206 209 186 163 176 133 165 155 143 230 124 127 177 222 166 169 146 138 171 123 203 180 215 237 241 242 251 252
151 177 232 199 159 234 201 125 120 226 203 137 140 205 182 150 174 132 239 229 149 209 163 133 176 231 146 127 241 242 251 252
198 124 232 157 199 141 163 177 234 158 236 226 203 155 139 172 183 159 140 192 173 230 239 206 219 209 121 132 184 135 231 171 245 246 255 256
192 234 138 125 139 239 193 206 183 205 218 132 162 219 209 199 177 180 182 166 176 157 188 141 174 235 128 212 159 225 245 246 255 256
234 203 187 223 235 217 179 171 201 231 182 133 185 237 218 199 229 232 236 143 124 239 127 141 188 169 183 186 137 159 140 248 249 258 259
143 229 219 173 209 153 231 185 130 155 230 128 187 177 157 202 124 139 120 201 123 137 223 190 193 235 182 172 149 162 237 194 239 216 240 241 250 251
229 124 130 209 193 180 194 232 125 169 172 202 205 137 140 222 236 223 121 162 217 149 230 182 212 239 218 248 249 258 259
216 219 125 232 127 139 141 202 186 128 140 173 203 187 222 235 225 123 183 195 237 212 215 166 236 239 146 162 163 218 196 133 217 247 248 257 258
219 124 157 209 193 226 196 177 128 158 180 138 230 139 120 153 140 173 206 187 150 132 232 201 182 133 222 235 225 199 247 248 257 258
215 188 120 202 140 222 203 150 121 226 184 214 165 195 179 201 182 166 124 209 163 239 174 128 158 246 247 256 257
133 188 165 132 232 202 179 169 214 127 190 226 203 193 183 235 237 184 174 141 239 120 173 163 140 176 153 240 241 250 251
179 188 230 187 190 132 232 135 165 212 202 171 166 201 214 223 124 127 226 193 141 225 237 138 207 184 125 155 120 206 186 137 173 231 243 244 253 254
188 171 182 205 195 176 157 217 194 174 128 239 196 199 138 124 139 120 140 190 201 121 135 165 244 245 254 255
166 218 231 150 178 187 132 162 135 165 232 222 235 180 225 205 182 125 155 217 194 121 123 137 206 209 242 243 252 253
218 146 176 157 223 190 174 205 177 158 173 225 125 155 172 226 153 183 186 217 140 187 230 162 196 149 194 247 248 257 258
190 121 123 206 137 185 146 176 163 222 235 180 212 202 201 124 125 155 157 223 169 226 141 158 140 194 207 244 245 254 255
137 158 226 180 193 150 235 225 172 149 162 217 138 121 132 135 173 163 185 124 187 177 232 209 222 240 241 250 251
205 236 226 202 153 159 203 217 207 150 232 132 135 165 149 171 201 176 212 141 225 193 174 177 237 246 247 256 257
149 165 155 120 202 201 178 214 203 180 193 183 150 225 132 135 195 194 174 206 124 153 231 185 241 242 251 252
165 187 223 124 157 130 171 138 225 139 195 194 207 184 174 209 150 186 176 185 132 242 243 252 253
178 182 171 194 230 207 184 176 209 186 187 223 124 125 127 174 202 128 158 159 201 214 150 236 226 193 139 169 153 135 243 244 253 254
135 230 232 199 235 193 183 150 195 127 217 207 184 128 141 206 209 186 153 231 120 240 241 250 251
230 207 194 225 124 127 141 172 231 222 206 138 120 171 182 212 237 146 132 248 249 258 259
146 239 196 176 153 231 155 177 222 235 159 214 128 193 150 138 225 125 182 162 237 184 140 241 242 251 252
239 174 177 180 222 138 223 153 183 201 236 121 214 195 199 248 249 258 259
125 150 195 237 184 128 206 173 140 130 185 132 124 223 177 157 235 212 202 201 158 240 249 250 259
212 150 222 214 124 176 157 236 141 226 196 207 194 138 217 169 123 202 153 140 246 247 256 257
128 217 207 184 141 173 153 130 132 123 187 199 201 214 226 183 182 172 124 237 240 249 250 259
120 223 226 193 124 127 169 184 174 183 150 163 130 185 155 121 222 176 123 201 240 249 250 259
223 235 121 225 123 183 217 185 132 193 207 127 157 141 172 158 159 222 203 187 138 150 247 248 257 258
193 207 155 139 169 172 123 206 132 162 222 199 185 201 237 124 127 157 130 174 158 245 246 255 256
207 180 209 138 155 169 159 140 173 203 206 187 232 121 132 214 184 195 185 130 246 247 256 257
139 236 180 183 138 182 159 195 123 217 194 186 163 176 153 231 222 235 127 171 240 241 250 251
236 169 172 153 183 235 186 222 173 203 187 121 184 195 217 171 201 231 182 199 157 209 141 163 225 248 249 258 259
232 121 132 195 196 199 176 130 209 141 163 237 177 158 222 194 138 153 183 140 171 201 185 187 248 249 258 259
171 177 222 235 202 194 226 203 183 173 182 195 162 163 187 199 155 157 243 244 253 254
163 184 124 206 209 141 186 158 187 155 214 203 180 183 121 182 195 242 243 252 253
184 187 180 202 155 237 214 169 172 153 183 203 206 150 195 121 209 199 176 127 244 245 254 255
123 138 121 182 159 195 162 237 217 206 196 173 209 185 155 187 177 157 124 202 214 240 249 250 259
235 195 231 182 199 130 209 196 127 141 172 159 222 203 187 237 248 249 258 259
121 187 177 222 201 203 180 185 162 217 174 206 196 209 186 130 240 249 250 259
187 132 182 226 124 157 195 237 194 206 196 209 169 150 222 199 244 245 254 255
132 199 169 124 201 158 150 225 159 237 194 183 196 173 186 140 185 155 240 241 250 251
124 206 173 153 162 209 222 203 240 249 250 259
196 217 176 130 141 174 209 158 194 155 169 140 225 202 237 203 162 206 195 182 245 246 255 256
217 177 180 194 155 169 186 140 206 226 150 162 176 127 247 248 257 258
231 157 130 209 141 158 194 138 225 155 169 172 153 183 159 140 203 214 248 249 258 259
169 183 150 172 162 194 174 206 209 186 127 157 185 158 155 201 214 140 243 244 253 254
201 173 222 225 162 195 199 226 176 157 130 174 155 172 153 245 246 255 256
214 203 206 222 162 185 199 209 141 174 177 153 186 246 247 256 257
141 174 206 186 155 222 199 176 203 180 225 202 159 195 172 237 240 241 250 251
174 158 155 153 173 199 226 180 127 157 243 244 253 254
130 127 153 177 199 202 158 226 180 183 195 162 237 194 240 249 250 259
203 202 159 225 150 185 157 158 194 138 245 246 255 256
182 138 155 199 159 173 183 176 127 206 158 244 245 254 255
237 173 206 138 183 195 194 225 127 157 248 249 258 259
206 159 194 186 185 150 246 247 256 257
155 195 173 153 177 202 241 242 251 252
185 172 158 173 226 153 183 195 177 180 244 245 254 255
158 186 150 222 202 127 157 183 225 159 172 242 243 252 253
177 162 186 127 199 202 138 153 140 180 173 225 195 243 244 253 254
127 157 202 226 195 172 162 194 138 240 249 250 259
150 199 202 180 159 162 173 186 157 241 242 251 252
199 222 176 159 172 153 186 245 246 255 256
180 172 209 186 176 183 138 195 244 245 254 255
222 157 194 153 186 140 225 247 248 257 258
159 226 153 172 194 186 157 225 242 243 252 253
138 209 176 153 202 226 183 240 241 250 251
225 186 140 162 195 194 157 247 248 257 258
173 172 153 140 186 176 243 244 253 254
195 202 157 245 246 255 256
226 202 183 162 176 209 194 247 248 257 258
172 183 194 186 176 162 157 243 244 253 254
209 202 140 246 247 256 257
176 186 153 140 162 194 243 244 253 254
183 157 153 140 202 244 245 254 255
140 194 157 240 241 250 251
153 162 241 242 251 252
162 157 242 243 252 253
202 194 186 245 246 255 256
157 186 242 243 252 253
186 194 244 245 254 255
194 245 246 255 256
240
241
242
243
244
245
246
247
248
249
250
251
252
253
254
255
256
257
258
259
