#/usr/local/lib/python3.10/dist-packages/colab_kernel_launcher.py -f /root/.local/share/jupyter/runtime/kernel-dea7114a-48f2-47cd-9840-9590734c419b.json
# GMT Thu May 23 22:57:12 2024
# 
55 57 43 56 5 35 24 27 46 19 8 30 49 11 0 22 41 3 14 33 44 25 36 17 28 39 1 20 50 23 12 51 4 53 45 37 48 10 29 120 121 125 126 130 131
57 6 36 28 17 9 1 20 50 23 42 4 15 26 45 34 56 18 7 37 10 29 40 21 51 32 5 13 24 54 16 46 19 11 0 41 44 33 120 121 125 126 130 131
15 21 30 39 14 3 16 6 53 48 12 43 52 4 20 38 47 24 33 51 37 23 18 2 5 13 41 50 27 36 45 54 31 40 0 11 17 44 116 117 121 122 126 127
21 37 18 27 36 54 22 31 49 10 26 2 30 5 16 8 44 53 39 48 25 34 52 3 14 29 38 33 42 6 28 23 9 1 56 4 51 116 117 122 123 127 128
7 17 26 35 30 16 44 53 39 48 25 34 43 52 20 29 38 47 56 24 42 10 19 28 0 9 6 46 41 27 45 54 13 31 40 49 4 8 116 120 121 126 127 131
17 44 53 39 48 10 34 43 52 29 38 56 24 42 19 5 28 13 16 0 51 3 14 46 32 41 36 45 54 6 40 30 9 1 12 116 117 121 122 127 128
30 18 9 29 2 5 50 13 36 16 40 27 44 19 8 22 3 6 53 28 39 48 34 0 52 1 38 47 20 42 51 12 23 25 117 118 123 124 128 129
26 10 2 16 48 34 43 52 38 47 56 19 33 42 51 11 0 28 37 46 22 32 6 9 1 20 41 50 12 27 36 45 4 31 35 44 117 118 122 123 127 128
39 28 9 10 43 20 47 56 23 51 4 32 46 18 37 27 2 35 24 13 16 45 40 49 19 8 44 38 11 1 31 3 33 118 119 123 124 129 130
35 18 10 46 50 41 36 32 49 5 13 16 27 8 19 0 22 14 3 53 25 48 6 52 38 47 56 28 42 51 9 1 31 20 4 118 119 123 124 128 129
18 44 8 3 14 53 48 11 1 25 34 43 52 20 47 33 42 19 28 37 23 9 2 12 5 46 13 27 36 45 54 40 49 116 117 121 122 127 128
29 32 41 50 36 45 25 31 6 40 49 44 28 9 1 20 23 4 48 34 52 47 2 33 42 51 37 5 24 27 19 0 46 117 118 122 123 128 129
32 22 41 36 13 24 45 49 16 44 19 8 11 1 31 3 53 48 28 34 43 52 9 38 47 56 33 51 12 37 46 4 27 117 118 123 124 128 129
44 47 9 10 40 12 42 43 27 8 19 50 2 45 41 3 14 33 6 36 28 38 0 31 20 52 34 119 120 124 125 129 130
8 9 2 51 5 46 50 27 45 54 22 31 40 12 16 11 3 6 25 34 43 52 20 47 56 4 19 28 37 14 116 121 122 126 127 131
9 49 53 48 25 43 20 47 33 10 19 14 1 4 56 42 37 46 23 50 45 13 31 12 5 16 116 121 122 126 127 131
41 40 42 5 24 13 19 0 11 22 3 14 45 54 49 25 6 36 1 31 12 23 4 53 34 37 43 52 47 118 119 124 125 129 130
40 45 54 5 16 27 19 38 0 11 53 22 48 3 43 47 25 42 6 51 36 1 31 12 4 34 46 37 118 119 123 124 129 130
48 54 36 49 28 53 23 12 42 37 2 56 51 43 24 13 16 46 38 0 22 14 3 33 50 25 119 120 124 125 129 130
54 2 51 43 5 13 24 46 19 38 0 11 22 52 14 33 25 36 47 28 20 50 23 12 42 4 53 45 37 119 120 125 126 130 131
37 22 3 14 16 6 0 11 1 31 23 25 47 56 34 42 10 13 24 51 46 19 45 49 118 119 123 124 128 129
50 2 43 5 53 16 27 52 46 56 19 49 51 0 11 3 14 33 6 1 20 31 23 12 42 45 10 119 120 124 125 130 131
11 14 56 10 2 46 4 5 27 36 45 49 12 16 3 6 25 43 52 0 38 1 24 33 42 19 116 117 121 122 126 127 131
14 24 33 51 3 23 6 46 12 4 56 27 36 22 49 16 2 5 13 53 34 52 20 38 116 117 121 122 126 127
6 38 47 56 33 51 10 19 28 23 13 5 27 36 45 22 31 12 16 0 1 53 116 120 121 126 127 131
0 23 56 46 13 31 3 12 16 2 34 43 52 20 38 47 24 42 1 10 19 116 120 121 125 126 130 131
23 22 3 53 25 34 38 47 33 42 1 20 28 12 10 27 4 45 5 31 13 49 117 118 122 123 127 128
10 27 45 31 49 3 12 1 4 53 34 20 38 47 56 33 42 51 19 28 13 5 46 116 121 122 126 127 131
27 2 5 36 19 49 53 3 20 34 52 12 38 47 4 33 51 28 46 117 118 122 123 128 129
42 25 36 28 53 1 52 20 56 51 4 13 24 45 49 19 38 22 118 119 124 125 129 130
33 47 56 25 28 31 12 51 4 46 36 49 2 5 24 16 34 43 22 118 119 123 124 128 129
47 25 52 56 51 1 20 12 4 34 2 49 24 16 46 38 22 119 120 124 125 129 130
45 2 43 24 16 38 52 25 36 1 20 12 4 46 34 49 119 120 124 125 129 130
25 43 52 28 12 4 5 56 51 46 2 36 31 22 3 13 20 49 53 117 118 122 123 127 128
43 28 1 49 31 53 4 34 2 52 5 13 24 16 19 38 22 3 118 119 124 125 129 130
56 28 20 31 12 34 2 51 24 13 46 19 49 38 22 3 120 121 125 126 130 131
52 36 20 31 12 4 2 13 24 16 46 19 53 22 3 119 120 125 126 130 131
2 13 31 49 3 12 16 34 20 38 24 19 28 5 4 46 116 120 121 125 126 131
3 24 28 4 51 36 13 49 12 16 53 34 116 120 121 125 126 131
24 46 36 31 49 20 53 38 5 13 51 28 16 19 22 117 118 122 123 127 128
22 46 5 13 16 19 36 31 49 53 20 12 4 34 38 51 117 118 122 123 127 128
46 5 13 1 36 31 20 34 119 120 124 125 129 130
51 13 36 53 38 49 34 28 4 5 119 120 124 125 130 131
16 31 49 5 53 34 20 38 12 4 116 117 121 122 127 128
36 38 13 19 28 1 31 4 34 118 119 123 124 128 129
53 1 31 12 4 34 5 13 38 49 119 120 125 126 130 131
49 4 28 1 20 12 34 119 120 124 125 130 131
31 34 13 38 28 1 12 4 117 118 123 124 128 129
13 1 20 38 28 5 116 117 121 122 126 127
28 34 38 1 20 19 117 118 122 123 128 129
5 12 1 34 20 38 19 116 120 121 126 127 131
38 1 34 118 119 123 124 129 130
1 19 4 12 20 116 120 121 125 126 130 131
34 19 118 119 123 124 128 129
12 20 116 117 121 122 126 127 131
19 4 20 116 117 122 123 127 128
20 116 117 122 123 127 128
4 116 120 121 125 126 131
113 115 79 114 63 71 93 82 112 104 77 66 69 80 110 99 72 61 91 102 64 86 75 67 59 78 89 70 62 111 84 73 92 103 76 65 95 98 60 120 121 125 126 130 131
115 94 105 97 89 70 81 100 73 84 103 92 76 65 95 87 60 79 101 90 63 82 93 71 112 74 85 88 66 107 96 58 80 110 61 72 91 102 120 121 125 126 130 131
73 79 97 72 61 74 83 64 67 59 111 70 62 78 87 105 82 65 86 95 81 76 68 104 108 85 94 103 112 66 80 89 98 107 69 84 102 116 117 121 122 126 127
79 95 104 65 90 99 108 85 94 103 112 89 107 68 93 60 71 74 77 66 102 58 97 101 110 72 96 91 100 81 67 59 70 114 62 109 116 117 122 123 127 128
105 111 91 106 110 64 114 109 86 67 97 59 89 78 70 103 92 100 65 68 108 87 98 107 101 90 63 93 82 85 77 88 96 58 80 99 72 119 120 124 125 129 130
111 75 86 106 59 78 108 81 62 84 92 103 65 76 85 114 98 80 90 71 93 82 104 88 66 96 107 58 69 97 99 110 61 72 83 64 119 120 125 126 130 131
65 84 93 70 88 69 60 63 97 106 83 101 78 114 82 91 68 77 86 95 72 81 67 61 64 109 104 59 90 76 85 94 112 116 120 121 126 127 131
84 76 68 60 63 82 71 92 101 87 96 77 91 100 69 86 95 104 80 61 72 83 75 67 59 81 85 94 103 112 62 89 93 102 117 118 122 123 127 128
76 93 102 61 74 64 97 106 69 58 59 101 110 78 87 114 82 100 77 75 68 60 70 63 104 71 99 85 103 112 89 98 107 116 117 121 122 127 128
97 75 86 67 78 110 114 70 100 62 90 104 99 95 85 80 93 71 108 64 98 107 66 88 77 102 96 69 59 89 91 83 118 119 123 124 129 130
93 68 87 108 94 103 90 98 107 85 58 69 80 61 72 91 83 106 64 101 110 96 114 86 100 67 89 70 62 92 118 119 123 124 128 129
87 90 99 108 94 103 64 102 86 88 59 78 70 62 106 92 110 68 60 91 100 109 95 63 82 74 85 77 69 58 80 61 72 117 118 122 123 128 129
90 80 94 71 82 103 112 98 107 74 64 66 69 58 78 61 83 75 92 110 68 96 114 91 100 109 70 95 63 85 88 117 118 123 124 128 129
102 114 75 109 67 100 63 82 71 66 77 104 108 60 103 80 99 107 64 94 86 96 69 58 59 78 89 81 106 83 92 119 120 124 125 129 130
66 67 63 104 99 85 103 94 112 71 80 89 107 75 70 58 88 69 106 59 83 110 96 114 82 100 68 77 95 72 81 116 121 122 126 127 131
67 107 83 92 101 69 78 68 77 86 62 114 109 95 81 99 108 85 94 112 71 80 89 98 60 75 70 63 74 116 121 122 126 127 131
98 99 108 103 112 68 107 63 71 82 74 85 88 96 69 58 106 61 101 110 100 64 94 75 86 59 78 81 62 92 118 119 123 124 129 130
99 109 60 63 82 85 88 77 96 58 104 80 61 72 103 112 107 83 64 94 75 86 89 70 81 92 95 114 118 119 124 125 129 130
58 63 81 109 85 103 112 62 71 80 61 74 60 107 88 106 83 92 101 110 96 64 91 100 59 68 86 116 120 121 125 126 130 131
63 104 108 80 89 75 70 74 59 69 62 101 110 78 96 60 82 91 109 68 86 95 72 81 71 116 120 121 126 127 131
95 80 91 64 94 86 75 69 89 78 81 70 106 101 83 92 100 68 60 62 109 85 108 77 103 112 118 119 123 124 128 129
69 72 114 68 60 104 62 85 103 112 75 70 74 61 64 106 83 101 110 78 96 91 86 116 117 121 122 126 127 131
72 82 91 100 109 86 81 64 59 104 108 62 103 112 89 74 83 68 60 71 106 101 78 96 114 116 117 121 122 126 127
108 60 101 71 85 110 104 77 88 114 109 91 64 94 75 86 89 78 81 70 112 100 62 92 103 106 119 120 124 125 130 131
64 106 61 92 110 114 82 91 100 77 86 81 62 85 94 103 80 88 74 83 59 116 120 121 126 127 131
106 94 107 86 75 59 89 81 62 92 68 60 114 109 101 71 82 74 104 77 96 61 91 83 119 120 124 125 129 130
104 80 82 71 74 77 88 96 59 112 91 83 75 86 78 89 100 110 92 103 114 109 60 119 120 124 125 129 130
81 80 61 83 101 110 75 96 114 91 100 78 86 68 60 89 107 71 74 88 77 117 118 122 123 127 128
91 96 114 100 59 78 70 109 103 112 107 68 60 71 82 74 88 92 110 118 119 123 124 128 129
96 83 94 75 59 109 78 89 70 68 60 71 82 74 101 110 77 114 61 118 119 123 124 129 130
109 112 74 94 78 89 61 83 92 75 86 68 110 114 70 100 62 101 88 77 60 80 119 120 124 125 130 131
60 85 94 103 71 75 70 88 92 101 110 78 114 100 77 86 59 116 120 121 125 126 131
61 82 100 68 77 86 62 94 103 71 80 89 107 75 70 88 74 83 59 78 116 120 121 125 126 131
83 101 110 100 75 68 70 62 82 94 112 89 80 71 74 107 88 117 118 122 123 127 128
101 86 75 103 112 107 89 100 92 68 110 82 71 74 85 88 77 80 118 119 124 125 129 130
114 94 75 86 59 70 100 92 68 62 71 112 85 107 110 120 121 125 126 130 131
68 112 80 107 88 74 59 62 92 82 100 77 86 116 121 122 126 127 131
112 82 74 85 77 88 107 80 110 94 86 78 89 100 92 119 120 125 126 130 131
110 94 59 78 62 103 92 71 82 85 77 80 119 120 125 126 130 131
82 85 94 75 107 59 88 70 62 71 74 77 117 118 122 123 127 128
80 71 74 94 103 89 107 88 59 78 70 100 117 118 122 123 127 128
100 75 89 78 70 92 62 71 103 88 118 119 124 125 129 130
74 85 94 103 107 75 71 88 92 77 86 59 62 116 117 121 122 127 128
70 92 86 85 94 71 89 107 75 88 62 116 117 121 122 126 127 131
94 71 85 88 77 103 75 86 107 92 118 119 123 124 128 129
75 92 78 77 85 89 107 88 59 116 117 121 122 127 128
86 59 62 89 107 71 117 118 122 123 128 129
88 62 89 107 85 77 92 59 78 117 118 123 124 128 129
107 62 85 77 89 78 103 119 120 124 125 130 131
92 59 89 62 71 85 77 118 119 123 124 128 129
103 71 77 59 78 89 62 119 120 124 125 129 130
85 77 59 78 62 117 118 122 123 128 129
77 89 62 78 116 117 122 123 127 128
71 59 78 116 117 121 122 126 127
59 62 78 116 120 121 125 126 130 131
89 78 62 117 118 123 124 128 129
78 62 116 117 122 123 127 128
62 116 120 121 125 126 131
116
117
118
119
120
121
122
123
124
125
126
127
128
129
130
131
