#/usr/local/lib/python3.10/dist-packages/colab_kernel_launcher.py -f /root/.local/share/jupyter/runtime/kernel-2119b688-3f38-4b5a-b3d6-e140ef2e0719.json
# GMT Fri May 24 13:40:52 2024
# 
13 88 65 101 55 45 22 35 110 77 90 80 40 57 34 47 9 10 24 37 12 112 102 79 69 46 82 59 36 16 114 91 104 81 48 25 61 38 28 4 18 103 116 7 93 106 83 73 27 63 17 6 30 115 8 105 108 62 39 75 52 42 107 97 74 2 64 54 31 44 21 1 109 86 3 99 76 53 89 43 20 56 23 234 238 239 244 245 249
88 95 65 108 46 98 79 107 23 4 26 37 40 21 73 24 76 99 27 89 38 60 41 71 74 77 111 101 18 2 5 35 100 16 113 68 103 49 22 52 82 63 6 85 36 17 39 102 69 20 115 92 72 53 83 86 67 104 84 94 11 14 25 28 9 1 93 80 31 106 61 12 42 64 45 75 48 78 29 59 32 105 237 238 242 243 247 248
32 101 29 78 55 91 45 58 100 113 90 103 80 34 70 23 37 4 5 112 7 102 79 69 22 82 59 36 24 72 6 39 8 114 20 104 81 94 48 38 51 18 106 83 2 60 96 73 50 63 40 16 46 19 3 95 108 85 15 62 65 74 110 87 64 41 54 44 109 99 25 76 26 53 89 66 28 9 56 12 98 27 234 235 239 240 245 246
101 62 92 95 116 98 106 79 11 96 23 25 56 108 7 37 9 43 54 57 107 87 38 60 90 110 41 71 77 58 109 91 18 112 4 68 19 49 111 22 3 33 55 85 36 39 69 20 99 50 72 53 113 83 34 86 67 84 30 102 115 14 105 28 1 80 61 12 114 42 64 104 94 75 97 78 29 59 51 81 237 238 242 243 248 249
24 97 14 74 87 64 54 9 1 12 15 109 86 99 76 53 66 33 111 78 55 45 35 23 110 100 77 113 90 67 10 57 21 34 47 112 102 79 115 92 69 46 82 59 36 49 114 18 104 81 58 71 48 61 16 116 0 93 22 106 3 60 96 73 6 27 63 20 30 105 95 72 108 75 52 29 42 107 11 84 234 235 239 240 244 245
97 54 27 57 8 87 38 60 90 41 113 71 74 58 102 115 2 5 16 68 49 0 114 22 52 104 3 82 33 63 55 6 85 36 66 17 20 53 34 86 106 67 30 11 14 108 25 98 47 1 31 12 42 15 94 45 75 48 78 110 29 59 51 100 81 62 92 46 79 99 112 23 4 26 7 111 10 40 70 73 237 238 242 243 248 249
43 110 87 64 77 54 44 4 26 109 10 40 66 56 46 27 8 38 111 55 91 68 45 58 100 18 113 90 67 103 2 80 57 70 5 35 16 112 22 3 115 92 82 36 59 17 72 39 49 20 114 81 71 48 84 61 51 11 116 93 106 83 25 60 96 73 50 28 63 9 53 12 42 108 29 62 98 52 65 107 74 234 235 240 241 245 246
110 15 45 75 27 87 29 59 41 93 74 77 91 105 23 4 7 37 10 40 22 52 82 55 6 85 36 8 38 39 69 111 53 83 86 100 18 113 103 84 19 49 0 1 80 31 33 64 94 66 17 48 78 20 108 50 51 81 62 92 34 65 46 98 79 30 116 11 96 14 44 25 26 28 9 12 42 238 239 243 244 248 249
16 93 70 106 83 60 37 17 30 115 105 82 95 11 72 85 14 62 75 52 42 19 1 12 107 15 51 41 54 31 21 86 63 99 53 66 20 33 98 4 111 65 78 55 10 68 45 35 100 77 67 44 80 57 47 112 89 102 79 56 69 46 59 36 49 26 91 104 0 58 3 71 48 61 6 38 28 234 239 240 244 245 249
93 68 19 49 0 80 22 52 3 82 33 6 85 66 17 39 100 69 20 50 51 81 83 34 65 67 112 84 11 14 44 25 111 114 9 1 31 61 42 64 15 75 76 78 29 113 103 62 92 77 79 91 102 105 4 26 7 37 89 40 104 70 21 94 107 54 57 8 38 41 116 74 96 86 58 2 5 237 238 242 243 247 248
35 106 60 96 73 29 50 63 40 95 108 85 62 75 42 4 107 84 7 87 10 64 41 77 21 54 44 27 109 89 66 56 98 111 18 65 2 68 58 19 100 0 113 22 90 3 67 33 80 57 6 70 17 37 112 102 34 79 115 92 69 59 36 49 114 91 81 14 25 48 61 38 28 51 1 12 116 15 234 235 239 240 245 246
106 107 19 49 3 82 63 85 36 39 69 20 109 99 50 72 53 83 34 67 100 30 11 14 44 25 47 1 31 61 113 12 42 64 94 75 48 29 59 62 92 65 95 115 98 114 96 23 4 26 56 37 9 40 70 21 54 116 76 27 8 87 38 60 90 41 71 74 104 58 108 91 2 5 237 238 243 244 248 249
36 71 61 30 116 11 83 60 96 73 25 50 40 28 9 105 15 95 108 85 62 75 29 52 65 42 74 64 41 77 54 44 23 26 86 7 76 53 10 66 27 8 111 55 68 45 58 100 18 90 67 80 57 2 70 5 112 102 0 79 22 69 33 46 6 49 20 91 104 34 81 94 234 235 239 240 245 246
71 17 39 69 20 107 34 74 87 67 77 109 86 99 76 14 89 25 47 28 9 1 31 61 42 111 64 15 45 78 48 29 51 46 113 103 80 112 4 102 79 115 56 92 10 40 70 12 21 54 57 8 38 104 60 94 58 18 83 96 73 2 5 105 19 49 95 72 108 22 52 33 75 63 55 236 237 241 242 246 247
76 107 23 4 26 56 7 37 70 21 109 73 54 112 27 8 79 41 74 111 58 78 91 18 2 5 103 68 19 49 0 22 3 33 63 6 66 17 39 20 105 72 82 53 67 114 104 81 94 30 11 25 47 116 28 9 1 31 83 61 12 96 42 86 45 75 48 29 59 95 108 65 85 46 98 236 237 241 242 247 248
107 27 57 38 90 104 58 18 2 109 68 19 112 22 52 3 82 33 63 55 6 85 39 69 111 99 50 102 53 83 34 86 67 98 100 113 30 14 44 28 80 31 61 12 115 42 15 60 94 45 75 59 51 62 114 92 65 95 46 77 96 116 23 4 26 56 7 37 10 40 21 54 237 238 243 244 248 249
28 67 3 34 47 17 37 20 102 79 92 46 49 91 104 81 94 14 48 61 25 38 9 1 103 116 12 70 83 60 50 40 105 95 72 108 85 39 75 52 42 84 26 74 51 7 87 64 41 10 54 31 21 44 109 86 8 53 56 33 111 18 78 55 68 45 2 5 19 90 0 234 235 239 240 244 245
67 9 12 42 64 15 114 45 81 94 29 84 62 46 96 73 23 4 26 105 56 7 95 72 85 40 21 75 54 55 27 8 38 39 74 87 77 58 109 86 99 89 19 49 0 98 22 111 52 63 78 68 17 20 50 34 65 113 90 80 70 30 112 102 14 115 44 69 82 236 237 241 242 246 247
29 68 45 77 113 80 57 47 2 5 19 79 115 0 69 46 82 3 59 6 49 17 20 114 91 104 81 58 94 61 38 103 116 11 83 60 73 63 25 40 30 9 12 95 72 108 15 52 84 74 64 41 54 44 23 86 26 7 53 89 10 56 33 21 98 27 111 78 55 234 235 239 240 244 245
47 80 44 57 25 70 9 1 31 12 42 102 15 115 45 92 69 82 72 114 46 104 81 94 84 61 51 23 116 4 26 7 83 37 60 96 73 10 50 63 27 8 38 95 108 85 62 52 77 2 54 5 109 19 86 0 99 22 3 53 89 33 66 6 56 39 34 68 58 113 11 90 103 14 235 236 240 241 245 246
80 90 9 103 1 31 61 42 64 75 78 59 51 92 105 82 46 79 114 104 81 94 84 23 56 7 37 10 116 70 21 83 73 27 57 8 38 74 95 108 85 58 5 87 68 49 0 52 3 63 55 109 66 17 99 112 39 69 89 20 34 91 30 11 14 44 25 100 236 237 241 242 247 248
8 9 74 51 41 54 31 44 96 109 86 89 66 20 56 33 23 98 2 65 78 5 12 0 3 100 77 6 90 57 37 14 112 92 46 82 59 49 26 114 91 81 48 25 61 38 15 103 116 70 60 73 50 27 63 40 17 30 115 105 95 72 62 39 75 52 42 4 19 234 238 239 244 245 249
9 90 44 34 14 112 89 102 79 92 69 26 5 114 68 81 58 3 25 61 38 15 6 113 116 83 60 37 50 27 40 17 105 95 72 49 85 62 39 52 19 84 74 51 64 41 54 31 109 86 63 99 30 20 10 108 75 111 65 42 78 7 55 22 77 234 238 239 244 245 249
40 41 77 2 44 5 86 19 99 0 53 22 3 33 17 39 98 20 111 65 34 55 68 58 100 113 30 90 11 103 57 14 70 25 112 1 31 102 79 115 15 69 46 82 114 94 48 61 51 4 83 60 7 37 63 21 105 27 95 72 38 62 75 52 74 18 234 235 240 241 245 246
41 42 21 74 38 87 64 54 44 86 99 53 89 66 56 98 111 0 78 55 3 45 33 58 100 113 90 103 57 102 79 30 92 11 69 46 59 14 49 25 114 31 104 81 94 15 48 84 61 83 60 96 73 63 23 95 72 4 108 85 26 62 7 75 37 52 65 234 235 240 241 245 246
5 83 60 96 50 63 17 30 105 95 108 85 62 75 42 19 74 87 77 44 21 1 109 86 99 53 89 66 56 33 10 23 98 65 78 68 22 58 12 25 100 113 90 103 57 37 14 102 79 92 69 46 82 59 49 26 39 114 6 104 81 94 48 84 38 18 116 234 238 239 243 244 249
83 114 68 19 104 0 94 22 52 3 82 84 33 55 66 20 116 72 53 34 30 85 14 25 31 61 12 42 64 15 45 75 48 78 81 62 86 99 79 89 23 111 4 56 37 91 10 70 21 73 27 100 57 113 38 90 60 74 77 112 18 2 236 237 242 243 247 248
11 14 112 89 7 102 79 56 10 92 69 46 59 49 114 94 48 25 61 38 103 116 70 60 37 50 4 27 17 115 105 82 95 3 6 62 75 42 19 84 74 87 64 54 21 96 109 86 63 99 53 66 20 1 23 98 111 65 55 68 22 12 77 113 90 44 57 234 238 239 244 245 249
14 37 112 115 92 1 69 46 59 91 104 58 94 61 38 15 51 103 116 96 73 50 4 27 63 7 105 108 85 62 39 52 42 19 84 74 87 54 31 44 21 2 109 86 99 53 66 56 0 3 98 6 111 65 78 68 22 100 113 57 34 234 238 239 244 245 249
6 48 84 61 38 15 51 18 96 73 27 63 17 30 95 72 108 0 85 1 62 75 52 42 19 74 64 54 31 44 21 109 86 99 89 66 56 33 10 98 78 55 68 45 22 58 12 25 100 113 90 103 57 34 37 112 79 4 92 59 26 104 81 94 234 238 239 243 244 249
48 58 17 39 20 90 34 57 70 112 30 102 115 92 69 44 59 72 1 31 12 42 15 81 45 94 84 61 51 116 46 60 96 73 50 63 53 105 23 26 7 85 37 62 98 10 52 87 64 109 86 99 89 79 56 111 0 22 78 3 55 91 33 235 236 240 241 245 246
77 108 70 12 98 42 73 27 57 59 60 74 58 109 23 89 7 37 68 21 22 52 111 54 55 78 66 39 81 69 50 53 113 18 102 82 19 49 0 31 61 33 63 64 15 45 114 75 94 51 84 62 34 65 116 96 86 25 26 56 95 10 236 237 241 242 247 248
108 58 18 105 113 4 7 37 68 19 49 112 22 52 3 82 33 115 85 66 20 99 50 53 34 103 84 30 2 116 0 1 31 61 94 45 75 17 78 81 62 92 95 98 79 23 25 26 56 10 12 42 27 57 38 60 90 111 74 104 237 238 243 244 248 249
50 91 2 104 81 94 61 49 51 0 3 103 33 60 96 73 20 63 34 95 72 62 52 30 44 25 84 87 1 64 31 54 42 15 109 86 99 53 89 46 56 98 111 55 23 4 26 37 100 21 113 90 57 27 70 38 102 115 92 82 59 18 114 235 236 240 241 245 246
91 51 62 95 34 98 79 30 26 89 31 61 12 109 73 15 99 75 27 112 57 87 60 74 111 58 4 100 113 56 37 103 68 70 21 22 52 82 54 55 85 102 39 69 115 105 53 86 114 104 18 94 84 2 116 49 0 1 96 33 64 66 17 20 237 238 242 243 247 248
90 1 61 12 64 45 78 59 62 65 46 109 99 112 23 4 26 56 7 37 10 70 21 73 54 27 57 87 38 100 103 58 18 115 92 105 2 68 114 19 0 52 94 63 55 85 66 39 69 72 116 53 34 86 96 95 44 25 237 238 242 243 247 248
69 104 81 94 30 25 116 1 96 31 73 42 64 15 45 59 51 95 62 85 98 65 75 87 23 4 26 56 37 10 109 21 89 27 38 111 58 2 100 113 68 70 19 49 0 22 52 63 112 102 115 39 105 82 53 34 236 237 241 242 246 247
104 99 72 53 34 100 103 84 30 109 1 31 12 42 64 94 45 51 81 92 65 46 98 79 96 23 4 26 56 7 37 10 89 21 73 54 27 57 87 38 60 114 74 2 19 49 0 22 52 3 82 33 105 55 85 66 39 237 238 243 244 248 249
68 59 51 62 96 65 46 105 95 85 23 25 56 7 37 21 74 54 87 57 38 109 99 58 89 18 111 4 78 19 49 22 33 63 100 66 39 20 70 53 112 102 115 92 72 44 114 81 1 31 61 12 84 64 15 45 236 237 241 242 246 247
21 64 31 109 86 63 99 53 23 78 55 18 45 22 100 113 0 57 34 3 17 112 20 102 79 56 92 46 59 26 114 81 58 25 61 38 103 116 1 70 60 15 37 73 115 95 85 62 75 42 84 74 4 51 87 234 239 240 244 245 249
64 54 27 103 70 58 115 92 105 82 18 2 114 0 84 22 52 33 63 17 116 96 53 73 34 95 85 98 75 65 44 25 1 31 61 12 74 87 15 45 59 51 62 109 99 89 66 79 111 23 4 78 7 235 236 241 242 246 247
42 113 44 57 89 102 2 92 4 46 59 49 0 81 58 94 17 61 20 34 103 116 70 60 30 115 72 85 62 75 1 52 31 12 84 51 87 54 109 66 56 26 7 37 10 65 78 55 27 234 235 240 241 245 246
27 74 54 31 19 3 17 89 66 56 33 78 45 58 100 25 103 57 34 70 15 37 112 79 115 92 82 59 39 114 81 94 61 23 38 4 51 7 116 60 96 63 53 30 95 85 98 75 52 65 18 234 235 239 240 244 245
33 38 103 116 70 4 73 7 63 115 105 95 72 85 62 39 52 84 51 87 18 54 44 86 99 53 89 0 66 22 56 3 17 98 20 65 78 55 45 100 30 34 37 1 31 79 46 82 15 114 81 58 94 61 234 235 239 240 245 246
38 84 17 74 51 87 20 54 34 99 30 25 111 1 78 31 55 45 15 113 44 57 89 79 92 46 82 49 7 10 114 58 116 70 60 73 18 105 2 72 85 62 39 75 19 22 3 234 235 240 241 245 246
84 102 66 115 39 92 105 72 53 114 94 18 116 19 49 0 1 31 61 3 17 78 20 95 62 34 98 46 79 30 25 26 56 12 109 86 73 99 15 45 75 89 57 59 74 111 4 7 70 82 54 112 236 237 242 243 247 248
19 103 60 96 73 63 18 95 72 2 85 62 39 75 52 0 3 74 87 54 31 44 53 89 66 56 23 111 65 78 55 45 12 15 25 100 113 37 112 102 79 115 92 49 26 4 114 10 81 58 61 51 234 239 240 244 245 249
103 49 0 115 1 31 105 15 94 45 78 81 62 92 34 95 46 98 79 96 44 25 26 56 10 89 12 73 75 87 59 60 23 4 112 37 22 52 82 54 85 66 111 39 99 72 102 53 100 113 18 30 2 237 238 243 244 248 249
44 102 92 46 82 49 114 81 58 94 18 4 116 7 37 60 96 73 22 3 105 39 20 85 62 75 34 74 30 2 54 109 0 86 31 53 89 66 17 98 65 78 55 45 100 113 23 25 26 70 235 236 240 241 245 246
30 112 102 79 115 2 46 4 82 59 22 3 81 94 17 61 51 73 63 105 95 72 85 39 75 0 52 1 12 15 74 87 31 109 86 53 89 66 56 23 25 26 98 111 78 100 113 34 70 37 234 235 239 240 245 246
112 96 1 31 15 94 45 75 78 59 60 113 62 46 79 109 115 23 4 26 56 7 10 70 114 55 57 87 39 102 74 116 58 100 2 52 3 82 63 66 17 20 99 51 81 53 65 95 98 238 239 243 244 248 249
10 54 31 109 99 53 89 66 7 20 56 98 111 65 45 22 58 12 25 100 113 57 34 37 2 102 79 115 92 46 82 0 59 3 39 114 81 94 61 51 18 116 60 63 17 105 1 95 72 62 75 74 87 234 238 239 244 245 249
54 74 87 96 109 86 99 56 18 98 65 49 0 22 52 100 17 57 20 34 79 115 59 114 81 25 58 61 31 45 116 60 51 73 63 46 105 95 85 62 75 7 37 235 236 240 241 246 247
2 17 115 7 105 95 72 85 62 39 74 51 87 96 109 86 63 66 20 56 23 98 111 65 78 55 45 12 113 57 37 4 89 102 79 82 59 49 26 3 114 81 94 61 15 18 70 1 60 234 238 239 243 244 249
3 15 18 116 70 60 63 17 7 105 95 72 1 62 52 87 31 96 109 86 99 53 89 66 20 56 98 111 65 78 55 12 25 100 113 57 34 4 102 46 59 49 26 81 58 234 238 239 243 244 249
15 25 113 57 34 70 37 79 92 82 39 114 94 1 61 51 18 116 60 96 73 63 17 105 72 62 75 4 7 87 31 109 86 99 53 89 20 23 98 65 78 55 45 22 0 234 239 240 244 245 249
62 78 18 100 113 70 22 52 102 55 115 92 17 39 82 53 34 81 94 116 25 73 1 31 63 12 45 105 95 59 72 51 65 46 87 23 7 235 236 241 242 246 247
12 100 34 89 102 79 92 46 49 4 114 7 58 25 116 70 17 115 105 95 72 85 39 75 52 0 74 51 87 18 31 96 63 53 66 20 56 23 98 65 78 55 45 234 238 239 244 245 249
100 105 94 45 78 59 114 92 65 95 46 116 23 4 56 7 37 70 73 57 87 72 74 18 49 0 22 52 85 66 17 111 39 20 99 81 53 34 86 98 113 102 1 115 237 238 242 243 248 249
65 111 78 58 113 4 7 37 22 52 102 92 105 39 72 53 81 94 18 73 49 0 1 86 31 63 70 17 95 20 85 75 46 87 26 56 99 61 45 89 79 59 60 235 236 241 242 246 247
31 113 57 34 102 92 46 82 49 114 81 51 0 60 96 73 17 63 20 95 72 85 75 52 74 87 1 109 99 53 66 56 111 55 23 7 234 235 239 240 245 246
113 114 59 81 111 95 116 98 79 109 96 23 25 56 37 70 73 60 74 58 18 105 49 0 22 52 63 55 85 66 39 20 99 72 102 53 34 86 115 238 239 243 244 248 249
4 96 86 63 99 53 66 20 0 75 78 55 34 89 102 79 56 92 23 59 26 114 81 58 70 60 73 115 105 82 72 49 39 52 94 74 234 238 239 243 244 249
96 7 37 52 82 111 66 72 53 34 86 18 102 115 49 0 1 105 61 63 94 75 114 51 81 92 46 116 26 89 70 73 98 57 87 59 60 74 58 109 23 237 238 242 243 248 249
72 114 94 18 74 0 73 86 63 66 20 95 85 98 75 87 25 1 109 61 89 79 59 60 46 78 58 81 23 26 56 70 52 55 102 115 92 39 82 53 236 237 241 242 246 247
114 102 53 34 25 1 61 115 94 45 75 78 51 81 98 79 116 23 26 37 70 73 87 60 58 18 105 0 82 55 85 66 17 39 20 238 239 243 244 248 249
51 81 58 39 20 34 57 60 18 115 92 105 82 59 49 0 1 61 116 46 73 86 63 53 95 25 26 98 75 52 109 99 89 66 79 56 7 37 111 22 235 236 240 241 245 246
74 57 60 87 18 109 86 99 89 79 49 0 22 111 55 78 66 20 25 115 92 82 1 61 45 81 59 46 116 26 56 7 37 85 236 237 241 242 247 248
78 46 23 26 7 79 115 92 70 73 60 81 94 58 116 18 105 49 0 22 95 52 85 63 66 20 53 34 109 1 61 45 111 75 236 237 241 242 247 248
87 73 57 60 109 99 89 98 111 49 0 22 52 82 63 66 17 39 20 53 102 115 92 25 94 45 75 81 116 79 105 23 26 56 7 37 70 236 237 242 243 247 248
70 109 86 45 99 17 59 46 98 111 25 26 56 57 102 60 82 58 81 94 7 37 116 49 22 52 55 66 39 105 95 85 75 18 236 237 241 242 246 247
25 17 89 102 79 56 92 59 81 58 37 105 82 85 39 52 23 109 99 20 53 66 98 75 111 18 55 45 0 1 234 235 239 240 244 245
1 57 34 79 115 92 49 26 39 81 94 61 18 116 60 73 17 7 20 105 52 0 86 53 66 56 46 98 111 22 58 234 238 239 243 244 249
57 86 99 89 46 66 98 111 23 26 58 7 37 102 79 115 92 82 18 81 94 49 0 22 55 116 39 60 73 63 34 105 95 75 235 236 240 241 246 247
95 111 22 52 82 55 85 17 39 20 102 115 53 86 61 94 45 75 92 46 98 26 56 37 89 73 109 99 60 237 238 242 243 247 248
59 102 45 79 92 82 46 81 94 61 23 26 7 63 105 85 75 58 49 109 0 86 22 99 52 89 55 66 17 39 53 111 34 235 236 241 242 246 247
99 26 7 37 89 116 73 60 86 58 18 49 22 63 55 66 17 109 39 53 111 94 45 75 81 102 115 105 46 98 79 237 238 242 243 248 249
60 49 22 52 17 20 109 89 79 45 102 115 92 23 81 7 61 55 116 39 73 86 58 85 98 75 235 236 241 242 246 247
46 98 111 61 55 79 82 49 81 94 23 7 37 22 116 39 63 105 85 52 0 17 109 86 89 66 56 235 236 240 241 245 246
98 23 26 56 7 55 85 102 115 86 18 0 116 52 82 94 66 17 20 34 79 89 61 73 45 109 92 237 238 242 243 248 249
111 79 109 23 26 7 37 89 73 115 18 105 116 49 0 22 52 82 55 66 17 53 34 61 94 45 81 92 238 239 243 244 248 249
17 61 116 0 73 115 105 85 39 75 18 109 86 53 66 20 56 23 45 22 34 37 89 102 79 82 49 26 234 239 240 244 245 249
49 116 73 63 105 85 75 52 45 102 109 86 53 89 66 23 26 7 55 79 82 22 94 39 20 235 236 240 241 245 246
45 102 79 115 92 23 82 26 7 37 81 61 73 63 18 105 85 0 52 22 39 34 86 89 55 235 236 240 241 245 246
81 34 102 82 61 116 23 56 7 37 85 58 18 89 0 63 55 66 236 237 242 243 247 248
58 85 75 34 26 56 89 79 23 7 37 22 102 115 55 82 39 20 94 61 18 73 63 0 235 236 240 241 246 247
105 18 22 52 82 63 20 53 34 109 79 89 61 92 23 26 7 37 73 55 102 116 86 237 238 243 244 248 249
61 39 20 53 34 102 79 115 92 82 116 85 75 23 26 37 109 86 89 22 235 236 241 242 246 247
92 75 115 79 94 23 26 7 37 89 18 0 22 82 63 55 109 66 39 20 34 86 237 238 242 243 247 248
18 115 85 39 52 86 89 0 66 56 23 55 22 34 37 102 82 26 116 73 7 63 234 239 240 244 245 249
115 0 75 79 109 26 89 73 23 7 37 22 52 82 55 20 102 53 34 86 238 239 243 244 248 249
102 116 94 75 26 56 7 89 73 109 22 52 63 55 85 39 20 86 237 238 242 243 248 249
0 116 37 7 82 94 109 63 66 23 75 55 22 34 89 79 26 234 238 239 243 244 248 249
73 52 109 63 86 66 89 39 20 34 79 82 94 23 56 37 116 85 75 236 237 241 242 246 247
39 94 116 86 85 75 20 34 109 56 55 79 23 7 37 82 234 235 240 241 245 246
94 20 53 86 79 26 56 37 89 109 22 52 63 55 85 66 237 238 242 243 247 248
55 86 63 26 7 37 85 75 109 89 66 56 22 20 53 34 235 236 240 241 246 247
23 86 66 56 7 34 37 26 22 20 116 63 75 52 234 235 239 240 244 245
86 26 56 37 85 116 63 66 20 53 34 109 89 236 237 242 243 247 248
37 63 56 26 7 89 85 34 234 235 240 241 245 246
66 116 85 75 22 52 63 89 20 53 34 79 82 236 237 241 242 246 247
53 26 7 63 75 52 109 20 89 79 82 235 236 240 241 246 247
85 116 22 52 82 20 34 109 79 56 7 236 237 242 243 247 248
116 22 52 82 63 20 75 109 26 7 89 238 239 243 244 248 249
89 26 7 22 82 63 75 237 238 242 243 247 248
75 79 82 52 109 26 56 236 237 241 242 247 248
20 52 109 56 22 79 82 26 234 239 240 244 245 249
34 63 26 52 109 56 79 234 235 239 240 245 246
7 109 63 22 82 26 52 234 238 239 243 244 249
26 109 56 82 63 234 235 239 240 244 245
109 56 22 52 79 237 238 243 244 248 249
79 82 22 63 236 237 241 242 247 248
63 56 82 235 236 241 242 246 247
56 82 22 52 235 236 240 241 246 247
22 52 82 234 235 239 240 244 245 249
52 235 236 240 241 246 247
82 236 237 242 243 247 248
133 210 187 223 200 190 167 144 157 134 147 232 222 199 212 189 202 179 156 192 169 146 159 136 126 129 224 201 132 214 191 158 135 171 148 138 213 226 216 193 183 160 137 140 225 215 121 228 205 182 124 127 149 152 217 125 194 230 207 174 151 164 141 229 219 196 173 209 186 119 153 166 218 231 208 117 198 211 188 178 123 155 220 234 239 240 244 245 249
210 185 136 166 117 197 120 180 123 214 153 183 156 217 186 137 167 168 198 200 182 226 216 229 201 128 131 161 228 142 164 218 145 231 126 118 148 159 132 192 193 165 195 230 176 179 130 209 194 208 232 140 121 143 173 124 154 221 187 160 190 224 141 172 144 125 204 155 207 188 189 233 191 223 203 175 205 135 212 122 215 152 237 238 242 243 247 248
153 188 165 201 155 168 147 233 128 131 177 213 167 145 126 118 148 129 132 202 192 182 159 130 191 227 158 194 161 140 121 226 143 203 216 193 170 206 138 173 141 144 215 228 205 218 195 172 185 162 175 217 230 135 184 197 119 187 164 122 152 229 136 219 117 196 139 120 186 150 163 199 123 134 166 156 137 208 221 151 198 234 235 239 240 245 246
188 183 134 186 170 214 151 191 204 194 147 226 128 216 131 161 142 164 118 148 178 129 215 159 228 181 205 162 218 146 176 168 179 130 227 182 163 217 230 220 197 140 121 219 196 232 173 124 154 199 127 138 160 171 144 231 174 208 125 198 177 158 201 175 233 190 119 222 185 212 117 189 225 139 202 169 120 150 180 172 236 237 241 242 246 247
193 224 214 140 121 194 143 173 187 138 226 190 171 216 229 144 206 155 196 177 228 175 218 208 135 119 122 152 207 197 185 136 166 117 139 150 180 172 123 134 219 156 232 186 137 209 167 222 199 170 184 231 221 198 147 128 161 142 164 233 145 126 118 148 200 178 213 159 181 162 192 165 146 176 179 130 182 202 163 215 236 237 241 242 247 248
224 174 125 204 155 177 207 158 189 191 221 175 205 227 208 119 152 226 185 136 166 139 218 169 120 199 150 172 123 202 183 134 156 186 137 228 216 219 170 200 151 184 215 217 230 201 147 131 164 145 126 148 178 129 232 181 132 211 165 146 168 198 149 179 231 130 209 182 194 213 233 140 143 173 124 154 127 187 138 171 237 238 243 244 248 249
146 149 185 152 194 184 197 174 151 187 164 119 154 122 229 219 136 196 232 117 209 139 163 120 176 123 166 231 208 221 211 165 168 220 223 128 177 213 190 180 142 145 126 118 222 212 189 225 132 202 179 156 192 169 159 201 204 181 171 148 161 140 203 121 216 124 170 206 127 138 141 215 144 228 125 205 182 218 172 234 235 239 240 244 245
149 195 172 208 185 130 162 217 230 207 220 197 151 187 164 140 154 121 122 124 196 232 209 186 138 139 189 166 125 137 221 198 211 165 201 178 233 223 147 200 119 177 213 190 167 131 157 136 117 118 222 148 202 132 134 169 214 204 181 158 194 171 161 128 226 216 142 143 170 183 145 160 126 127 173 150 129 228 144 205 234 235 239 240 245 246
118 230 207 184 220 197 174 151 164 141 154 131 229 121 219 196 186 199 166 143 120 156 231 211 165 201 178 155 132 168 233 223 177 213 190 144 180 157 134 147 212 179 192 169 182 159 214 191 181 158 194 171 148 125 161 226 203 216 206 183 173 150 127 163 140 130 215 195 208 185 162 175 152 129 142 119 217 234 238 239 243 244 249
230 197 178 129 159 181 211 162 192 214 165 195 225 176 168 198 228 130 209 182 212 233 215 196 226 213 142 143 124 154 126 206 187 138 160 141 171 223 125 204 207 191 194 175 135 119 121 122 152 139 218 169 120 150 180 172 123 202 183 156 186 216 167 189 219 170 200 151 203 217 220 201 147 161 164 145 238 239 243 244 248 249
125 126 201 191 204 181 158 171 148 161 138 139 128 203 216 170 206 183 160 137 173 127 119 182 218 195 122 162 129 117 120 217 194 123 207 174 151 131 229 196 209 163 199 166 231 208 221 198 175 211 165 142 178 155 132 145 233 200 177 190 144 157 134 147 232 222 212 189 225 179 156 192 159 121 136 234 238 239 244 245 249
126 207 184 197 174 151 164 141 131 229 219 196 173 186 163 140 176 130 143 231 208 221 198 175 117 165 178 155 132 123 145 220 233 187 200 177 154 190 167 144 157 232 222 212 166 179 156 169 136 211 201 214 168 171 148 223 213 180 147 183 160 137 150 225 215 121 159 195 124 172 162 139 129 227 234 238 239 244 245 249
157 158 194 171 161 122 152 226 203 136 216 117 139 183 160 150 173 123 134 215 137 228 205 182 218 195 151 172 185 175 227 217 184 128 197 174 131 187 142 229 148 219 129 196 209 186 163 176 166 130 231 221 198 211 165 178 168 233 140 223 177 213 124 154 167 180 127 222 212 155 202 179 169 159 201 191 135 181 234 235 240 241 245 246
158 138 144 214 191 227 155 204 181 161 226 216 170 206 183 160 173 119 122 215 228 117 195 172 139 185 162 150 123 137 217 207 184 220 197 151 174 187 229 219 196 232 147 209 128 186 199 176 131 166 142 145 231 148 198 211 132 165 201 178 168 233 223 177 213 190 167 180 222 140 189 202 179 169 182 234 235 240 241 245 246
117 122 220 233 223 200 177 154 190 167 121 134 232 222 199 189 166 202 179 156 169 123 159 191 204 181 135 226 203 180 147 183 160 137 127 140 225 215 192 228 205 182 195 172 139 152 129 227 119 217 194 207 184 161 164 131 229 173 186 163 130 143 120 218 231 208 221 175 165 178 155 132 234 238 239 243 244 248 249
122 177 190 167 144 180 147 124 212 189 225 179 169 159 136 214 191 204 181 171 148 161 138 226 170 206 183 137 173 127 140 215 228 205 182 218 195 172 185 162 139 175 152 129 142 184 220 151 187 164 141 154 131 219 196 232 209 186 163 199 166 143 208 198 211 165 201 178 155 168 135 233 223 234 238 239 243 244 249
128 131 229 206 124 173 127 209 186 176 130 166 218 208 221 198 211 165 142 178 155 132 145 220 187 177 119 154 167 121 144 134 147 222 199 212 120 202 123 179 156 192 169 159 136 201 214 191 168 171 148 138 213 203 180 216 170 137 150 140 225 205 182 172 162 139 152 129 217 207 161 197 174 151 234 238 239 244 245 249
131 141 154 229 219 196 232 209 186 129 143 231 208 198 130 175 211 178 155 132 168 145 220 233 200 177 213 190 167 144 124 147 127 222 212 225 202 179 156 192 169 136 201 214 204 181 138 226 203 216 170 183 160 137 120 140 215 123 228 182 185 162 139 142 227 217 184 197 187 164 234 238 239 244 245 249
134 211 165 148 142 119 145 220 233 187 200 177 120 190 167 123 147 212 189 202 179 156 192 169 159 201 214 191 168 204 135 138 213 226 132 160 173 150 130 140 225 215 218 195 172 185 139 217 121 194 207 184 161 174 127 164 141 154 229 206 219 196 209 186 163 176 166 143 231 208 221 198 234 239 240 244 245 249
211 156 167 217 200 220 151 203 219 201 147 232 222 161 197 231 178 221 181 132 162 192 165 195 176 168 179 130 209 182 163 223 140 225 142 143 173 124 215 154 127 206 187 190 174 214 204 227 177 207 194 175 205 226 208 135 119 152 228 185 136 218 139 120 199 180 172 202 183 237 238 242 243 247 248
207 197 148 129 159 132 214 192 227 165 176 168 198 179 130 182 163 226 196 216 229 140 121 143 228 124 154 218 127 206 208 190 141 171 144 174 177 220 191 205 232 209 119 231 136 166 221 139 199 150 123 202 183 156 186 137 167 189 170 151 223 203 184 201 147 212 161 142 164 237 238 242 243 247 248
167 208 119 221 175 179 152 178 166 168 139 120 220 233 123 223 177 156 213 190 180 151 212 225 192 169 147 142 201 145 191 204 181 148 194 171 159 132 162 226 216 130 170 206 163 205 182 218 195 172 121 154 227 138 141 197 174 187 155 229 219 196 232 186 176 135 231 235 236 240 241 245 246
208 168 198 179 151 225 182 215 196 147 227 161 142 143 145 129 160 226 132 162 192 144 229 174 176 177 163 228 175 205 218 140 173 124 127 187 169 141 171 172 155 219 156 232 209 222 170 200 189 184 231 135 201 152 164 136 233 197 223 120 180 183 165 137 237 238 242 243 247 248
186 221 201 161 142 233 164 145 213 148 190 129 159 181 132 162 165 176 212 225 179 192 163 214 227 204 194 121 143 173 124 226 160 216 141 206 174 196 155 177 228 205 175 195 135 119 217 152 220 185 187 136 166 139 169 120 150 180 123 209 222 189 184 231 236 237 241 242 246 247
221 216 170 200 203 184 217 220 201 142 226 164 197 178 159 181 132 162 192 214 165 228 168 198 179 182 212 215 196 140 143 173 124 154 229 127 187 138 232 160 141 171 144 204 155 177 231 191 175 205 135 233 119 223 152 185 136 166 169 120 199 180 123 202 183 225 156 237 238 243 244 248 249
185 176 233 223 130 200 213 182 190 222 212 225 215 142 173 124 127 138 160 214 141 191 227 171 204 144 174 194 155 177 226 203 206 135 119 228 121 152 218 166 150 172 123 217 183 220 197 187 170 151 184 229 219 232 209 147 189 161 231 164 145 198 178 201 159 162 165 236 237 241 242 246 247
138 181 124 148 127 213 203 170 183 160 140 225 215 228 195 135 162 139 152 227 217 194 136 184 161 151 164 141 123 229 219 196 209 163 176 218 231 175 165 178 155 145 220 233 187 129 223 200 177 132 154 190 144 147 222 130 199 212 202 179 156 192 169 201 214 121 234 239 240 244 245 249
181 160 141 171 144 174 197 155 187 229 175 209 222 199 163 135 189 119 152 136 166 139 169 120 172 223 213 170 190 151 203 212 202 147 182 161 142 145 148 214 178 129 227 159 204 132 162 194 165 176 168 130 226 216 206 183 228 205 218 121 195 143 173 154 127 235 236 241 242 246 247
178 217 172 123 220 197 156 137 187 229 219 196 232 199 231 161 142 198 201 162 165 233 168 200 130 190 180 163 222 212 189 225 192 140 121 173 124 154 127 214 191 160 204 141 171 194 226 203 216 206 175 135 228 205 195 152 166 139 227 169 120 150 235 236 241 242 246 247
217 162 192 165 176 231 179 130 212 163 194 196 213 223 140 121 173 124 154 127 206 187 160 141 171 225 144 204 155 177 189 191 175 227 135 226 152 136 139 120 199 150 172 202 183 228 156 137 216 218 168 198 170 151 203 215 220 201 147 164 197 148 237 238 242 243 248 249
194 187 129 215 160 144 176 130 227 191 204 175 216 229 206 121 152 196 124 169 141 172 218 123 195 183 155 156 198 137 189 170 184 220 197 119 219 232 222 199 136 166 148 120 150 132 162 231 192 165 168 179 182 223 213 203 161 142 143 212 127 236 237 241 242 247 248
197 145 220 148 129 159 132 162 192 165 195 176 232 209 179 130 222 199 182 163 231 198 121 143 173 127 223 160 200 190 141 171 174 155 177 191 225 202 175 215 135 227 152 136 166 169 150 172 226 123 229 206 189 170 184 205 218 147 161 142 236 237 241 242 247 248
190 191 227 204 152 136 166 139 169 120 226 150 180 203 172 183 206 156 189 170 151 228 184 205 218 195 147 142 164 148 129 159 132 162 229 196 232 176 209 199 182 163 231 201 121 173 233 200 160 141 144 174 177 222 212 225 202 192 135 119 236 237 241 242 246 247
191 192 141 144 174 155 189 214 227 204 175 135 206 152 136 166 139 120 150 180 172 123 218 195 183 137 168 170 184 220 147 229 219 142 232 209 164 222 145 199 148 129 162 231 165 198 176 179 201 130 182 233 223 200 124 154 127 202 160 215 236 237 241 242 247 248
123 201 132 168 135 233 223 200 177 180 119 147 124 137 212 225 179 120 169 182 136 204 171 148 161 203 170 183 160 173 150 163 140 130 228 218 195 172 139 175 152 142 184 220 174 151 187 164 154 219 121 232 209 199 176 143 156 198 234 238 239 243 244 249
201 219 183 232 209 189 184 231 119 152 233 164 136 223 166 148 213 120 180 195 137 168 212 225 202 196 147 214 227 204 142 173 145 127 159 160 216 132 162 192 206 228 205 218 163 140 121 124 154 187 139 199 229 236 237 242 243 247 248
136 220 213 144 180 147 135 212 189 225 202 179 156 192 169 159 120 204 171 148 161 203 170 183 160 140 228 205 182 218 195 172 162 129 132 227 184 174 130 141 154 229 196 209 163 199 176 166 121 124 127 198 175 165 168 145 234 239 240 244 245 249
220 166 232 148 222 150 180 132 162 214 195 168 209 182 196 233 223 213 161 142 145 127 206 129 160 225 174 204 176 130 227 205 226 121 152 229 139 218 169 141 171 172 228 155 156 137 216 189 219 200 203 184 135 147 119 164 237 238 243 244 248 249
142 151 132 164 229 206 219 196 209 163 218 231 198 175 155 127 129 233 141 223 200 144 130 232 222 199 212 189 166 202 179 159 214 124 204 148 139 120 213 203 180 137 170 160 150 225 192 205 182 135 195 162 174 234 235 239 240 244 245
151 145 231 148 198 129 175 165 132 155 233 130 223 200 177 213 180 222 212 140 202 121 156 192 143 124 159 127 141 144 204 161 203 216 170 206 183 160 135 173 215 228 205 182 218 195 162 150 227 137 184 187 164 196 232 209 147 166 234 235 239 240 245 246
161 164 229 159 160 219 196 232 209 144 199 176 166 231 198 135 168 233 152 223 124 154 180 139 120 212 137 225 202 179 169 214 204 147 119 171 145 226 203 216 206 183 173 215 130 228 195 172 162 227 140 174 143 187 235 236 240 241 245 246
164 174 187 148 229 129 159 132 196 209 199 189 231 165 168 140 233 143 223 154 127 180 160 222 144 155 212 225 202 179 192 182 214 135 227 171 226 203 216 120 170 206 150 173 156 137 215 228 205 218 195 175 184 235 236 240 241 245 246
147 229 135 219 196 232 209 163 199 121 176 166 139 120 198 165 155 168 233 200 189 202 179 156 169 159 132 214 171 170 206 183 160 150 140 124 215 228 205 127 182 218 195 172 141 152 227 174 187 154 234 235 239 240 245 246
229 213 148 129 159 165 195 225 177 130 209 163 196 226 227 232 140 143 124 154 206 187 231 218 160 171 172 144 174 204 155 156 189 233 203 175 205 222 119 152 139 169 199 150 216 170 200 182 184 215 238 239 243 244 248 249
127 171 216 170 206 183 160 124 137 130 215 228 182 195 162 175 152 129 227 184 174 187 141 154 196 232 209 163 199 176 166 120 156 231 198 165 155 132 145 233 213 144 180 212 189 202 192 169 159 214 204 234 238 239 244 245 249
171 214 204 160 141 144 213 203 216 135 228 205 182 119 195 172 166 227 139 169 120 184 174 156 187 170 219 196 232 209 199 231 175 145 148 129 132 233 165 223 168 130 180 163 212 189 202 179 192 140 121 124 154 235 236 240 241 246 247
119 144 232 222 212 189 179 156 192 169 214 168 204 213 226 180 216 183 160 137 173 150 140 215 228 205 182 218 172 152 129 227 184 141 206 219 209 163 199 176 166 143 120 198 175 165 155 145 135 233 187 223 200 177 234 238 239 243 244 249
120 132 145 233 187 223 200 180 232 212 225 179 156 192 214 168 204 148 213 203 216 170 206 183 160 137 173 140 215 228 195 172 162 139 129 184 174 154 121 196 209 163 176 130 143 231 198 175 165 155 234 238 239 243 244 249
132 174 187 154 219 232 209 163 199 176 166 143 156 231 198 168 145 233 223 200 177 144 180 222 189 225 202 179 192 169 121 159 124 214 204 203 137 173 140 215 182 218 195 162 139 175 152 234 239 240 244 245 249
139 145 130 223 177 180 170 222 212 225 215 121 192 182 124 159 214 226 203 216 183 160 173 135 150 228 205 195 172 162 152 184 174 141 154 144 219 196 209 199 176 189 166 156 129 165 168 234 235 239 240 244 245 249
145 154 137 219 196 209 163 199 176 166 231 175 165 233 187 223 200 177 232 130 222 189 225 202 156 192 169 159 121 214 143 168 124 204 213 144 226 216 206 160 173 150 215 228 205 182 218 135 195 172 162 234 235 239 240 244 245
214 144 204 177 175 205 219 232 222 152 166 231 169 150 180 183 156 137 170 233 203 223 184 215 129 159 192 165 195 227 176 198 179 130 182 212 163 226 216 213 140 121 143 173 124 218 187 160 237 238 242 243 248 249
141 204 148 129 226 216 170 206 160 173 130 150 215 228 205 182 218 172 162 140 121 124 184 174 187 154 219 209 163 176 143 231 135 198 165 155 168 233 200 177 213 144 180 137 212 225 202 179 192 159 234 235 239 240 244 245
227 162 192 144 223 174 176 177 175 205 222 140 124 154 218 169 202 155 156 228 219 170 200 203 184 135 152 166 148 232 180 183 165 195 137 225 168 198 179 209 182 163 215 226 213 143 173 206 129 238 239 243 244 248 249
192 175 135 121 152 209 199 150 180 172 183 156 231 137 198 189 184 222 148 129 225 202 162 165 168 179 130 182 163 204 226 203 140 143 124 154 187 215 228 205 218 155 195 236 237 241 242 247 248
183 121 143 233 124 154 223 200 213 160 144 174 155 222 177 189 202 175 135 204 152 166 226 169 150 180 172 206 170 205 218 195 184 187 148 159 162 219 196 165 168 199 179 163 231 236 237 241 242 246 247
195 179 130 163 140 173 154 196 232 209 187 160 144 174 231 155 177 170 175 233 135 223 213 222 169 225 150 156 189 204 226 203 148 129 159 228 205 218 165 176 168 236 237 241 242 247 248
121 213 180 216 170 160 137 150 225 215 159 162 152 129 204 184 174 219 173 209 163 140 143 198 175 165 233 187 223 200 177 154 144 124 222 199 212 189 166 202 156 169 135 234 238 239 243 244 249
213 216 124 169 199 202 228 218 189 170 200 203 184 135 219 232 166 222 150 180 162 165 198 179 209 182 212 163 196 233 143 173 206 187 129 159 160 225 215 144 174 176 130 175 205 237 238 242 243 248 249
168 198 155 156 137 174 135 232 222 199 176 189 166 148 231 150 162 233 223 200 180 143 202 215 169 129 159 160 144 204 130 184 216 206 173 140 152 124 154 205 218 235 236 240 241 245 246
140 226 203 216 170 173 150 124 205 172 152 184 174 154 219 135 196 163 199 176 166 231 198 165 155 137 187 223 177 180 232 212 189 225 179 169 159 204 148 130 234 235 239 240 244 245
226 143 173 124 154 206 187 144 204 177 175 135 222 232 152 166 231 199 150 180 202 156 137 216 189 219 200 233 184 148 129 159 162 225 176 179 130 209 182 212 163 196 237 238 243 244 248 249
160 204 143 124 203 216 196 173 155 228 218 172 162 135 184 174 152 232 199 176 156 166 137 198 233 223 148 170 129 159 222 179 215 169 130 182 234 235 240 241 245 246
204 144 174 177 206 135 152 205 218 169 199 180 172 202 156 189 170 200 203 184 219 232 209 231 148 159 162 165 176 233 130 223 182 143 173 187 236 237 242 243 247 248
187 150 203 216 206 176 179 182 215 228 205 143 173 174 232 209 199 175 231 198 124 154 166 223 200 172 155 156 170 212 189 225 184 135 236 237 241 242 246 247
152 200 177 180 130 222 189 225 202 179 156 169 159 143 124 144 203 216 228 218 172 162 184 154 137 196 232 209 163 199 231 198 165 155 148 129 233 234 235 239 240 245 246
200 166 169 199 150 172 137 233 189 223 170 184 222 212 225 202 215 148 129 159 162 165 176 198 179 130 182 203 216 196 206 228 205 218 124 154 144 174 155 177 175 209 135 236 237 242 243 247 248
165 175 156 174 219 232 209 199 148 231 129 159 162 130 163 177 180 222 212 143 124 202 169 182 144 206 196 228 218 172 150 235 236 240 241 245 246
172 163 233 223 203 180 143 212 124 154 225 179 215 144 155 135 206 196 173 166 228 169 150 175 156 137 170 177 219 232 209 222 176 148 159 198 235 236 240 241 246 247
205 212 182 163 215 196 143 173 124 154 216 144 174 206 155 177 175 218 135 166 169 150 180 202 219 137 232 209 189 203 184 148 129 159 162 198 222 179 237 238 242 243 247 248
212 228 218 135 166 199 150 180 202 156 137 219 189 232 170 222 203 184 231 148 129 159 223 162 176 198 179 130 215 196 143 173 154 144 174 177 237 238 242 243 247 248
216 124 206 233 223 144 174 155 175 225 169 199 150 180 202 156 137 189 170 203 184 228 129 162 176 198 179 130 219 232 182 222 163 215 196 231 237 238 242 243 248 249
124 203 180 170 137 173 150 225 215 228 184 174 154 206 196 163 199 130 231 198 155 223 177 144 232 222 189 156 159 234 238 239 243 244 249
174 129 159 203 130 206 215 228 218 143 173 175 184 155 219 232 199 189 135 231 198 166 169 150 233 223 156 177 170 222 225 182 235 236 240 241 246 247
130 218 162 219 209 163 176 166 143 231 198 175 155 135 233 223 177 180 232 222 225 202 159 148 203 206 173 150 215 234 238 239 244 245 249
218 209 182 163 233 143 173 225 206 155 177 175 135 166 199 150 156 137 189 170 203 219 232 222 148 129 159 198 237 238 242 243 248 249
135 232 189 202 179 169 148 170 206 137 173 150 228 182 162 184 154 219 196 129 163 176 198 175 155 233 223 177 144 234 239 240 244 245 249
176 184 148 129 159 219 232 209 163 231 198 143 173 223 177 180 144 222 155 189 225 202 179 175 166 150 206 156 215 170 228 182 235 236 241 242 246 247
177 166 169 184 137 170 196 228 148 129 162 219 163 232 209 222 199 189 231 143 233 155 203 180 175 225 202 182 235 236 241 242 246 247
182 228 175 154 219 209 222 199 155 170 231 223 148 150 180 137 225 215 179 184 143 159 162 196 235 236 241 242 246 247
228 215 143 154 206 232 144 223 155 222 233 169 199 156 137 189 219 170 148 129 159 162 225 198 209 238 239 243 244 248 249
223 166 169 150 180 202 137 219 170 184 148 162 198 209 232 163 215 143 173 154 206 233 155 175 225 222 237 238 243 244 248 249
184 148 129 159 198 179 163 143 222 173 154 189 225 202 156 203 206 166 215 150 137 170 219 199 236 237 241 242 246 247
166 233 180 222 189 225 202 179 163 203 206 143 144 155 219 199 150 231 198 175 156 137 235 236 240 241 245 246
233 169 180 202 156 137 219 170 203 148 129 162 225 179 209 163 196 143 144 155 222 238 239 243 244 248 249
175 225 202 179 215 163 203 206 129 196 144 154 219 169 209 189 156 170 231 180 148 150 162 235 236 240 241 246 247
232 148 150 180 162 225 198 179 231 215 143 129 144 222 154 169 155 137 219 203 238 239 243 244 248 249
209 129 159 162 219 163 196 154 144 155 222 225 199 150 180 202 170 203 215 237 238 242 243 247 248
225 222 154 169 199 150 202 189 219 170 231 203 148 198 163 196 143 206 129 144 155 237 238 243 244 248 249
144 148 203 206 137 173 150 163 129 219 196 199 156 231 198 155 170 202 215 159 234 235 239 240 244 245
179 169 219 156 199 137 198 148 180 129 162 222 189 202 163 143 173 154 206 155 215 235 236 241 242 246 247
198 137 170 219 222 129 162 163 196 203 143 173 189 202 215 155 206 169 236 237 242 243 247 248
137 155 180 222 189 202 156 169 159 203 170 206 173 150 215 129 154 219 196 163 199 143 234 239 240 244 245 249
129 154 196 163 199 143 231 155 189 202 156 159 148 203 170 150 215 234 238 239 244 245 249
156 203 180 148 150 215 169 159 143 206 196 173 162 154 219 222 231 234 235 240 241 245 246
148 219 163 199 231 180 189 169 203 170 206 173 215 143 234 235 239 240 245 246
203 143 173 154 202 155 189 215 169 199 150 180 170 206 159 162 163 196 236 237 242 243 247 248
219 159 163 196 143 206 155 173 169 150 180 202 170 222 237 238 242 243 248 249
154 180 170 215 162 143 206 196 231 155 150 222 199 189 202 169 159 234 235 240 241 245 246
162 196 163 199 143 231 180 222 189 202 169 150 206 173 159 235 236 240 241 245 246
155 170 173 215 206 196 163 143 231 189 202 159 234 235 240 241 245 246
202 169 199 150 180 215 189 170 159 163 196 143 173 236 237 242 243 247 248
215 173 189 222 231 169 199 150 196 206 159 237 238 242 243 248 249
206 143 173 159 199 150 222 189 231 170 180 196 237 238 242 243 247 248
159 163 231 150 222 199 169 170 173 143 234 235 240 241 245 246
231 163 196 143 173 222 169 199 150 180 238 239 243 244 248 249
163 143 180 222 189 169 150 173 235 236 240 241 245 246
143 170 173 150 180 222 189 169 234 235 239 240 244 245
196 222 199 173 189 170 169 150 180 236 237 241 242 247 248
180 150 222 189 170 173 199 235 236 241 242 246 247
222 199 170 173 237 238 243 244 248 249
170 169 199 235 236 240 241 246 247
173 199 169 189 235 236 240 241 246 247
150 189 169 199 234 235 239 240 245 246
169 199 189 235 236 240 241 246 247
189 199 236 237 241 242 246 247
199 236 237 242 243 247 248
234
235
236
237
238
239
240
241
242
243
244
245
246
247
248
249
