#/usr/local/lib/python3.10/dist-packages/colab_kernel_launcher.py -f /root/.local/share/jupyter/runtime/kernel-dea7114a-48f2-47cd-9840-9590734c419b.json
# GMT Thu May 23 21:01:12 2024
# 
13 88 90 9 37 26 94 15 136 28 83 138 30 72 74 87 76 131 65 78 67 80 10 14 135 69 124 137 126 4 18 139 73 8 62 75 117 130 51 64 119 66 121 134 123 11 57 125 127 48 103 5 116 63 41 54 96 109 43 34 47 12 102 36 91 25 38 106 40 6 95 29 84 97 31 86 33 280 286 287 293
88 37 119 60 71 134 5 35 125 69 50 127 84 25 116 29 59 118 120 4 109 76 27 8 87 38 111 2 113 55 85 17 115 104 117 30 11 93 106 97 73 24 77 58 18 90 103 52 82 33 63 86 80 61 42 96 46 98 10 40 70 131 74 133 68 19 0 72 137 126 28 139 51 128 81 62 283 284 290 291
32 101 29 90 23 4 39 8 94 2 85 17 74 11 76 89 78 91 133 5 24 124 137 20 71 84 126 139 73 3 75 130 119 53 66 121 134 55 57 70 48 129 30 50 63 0 52 120 54 109 122 9 98 45 100 113 47 7 102 115 22 36 49 104 117 51 40 1 31 42 110 86 99 25 10 33 46 280 281 287 288
101 126 139 11 130 90 41 71 5 39 69 136 125 138 44 114 127 97 29 59 116 129 23 118 131 76 107 8 87 38 120 109 122 2 111 124 21 36 17 100 30 102 115 0 64 104 98 106 9 73 24 18 112 22 82 63 86 67 16 1 61 12 65 95 46 25 10 89 40 68 49 133 47 137 51 81 284 285 291 292
35 106 95 108 42 26 7 44 99 16 103 37 20 14 94 29 138 23 4 129 27 8 76 131 65 78 2 124 30 11 71 126 139 60 128 62 117 64 77 53 66 18 55 68 123 22 3 33 59 127 61 1 31 118 107 120 10 21 54 122 43 56 111 45 58 19 0 113 102 34 115 91 104 38 51 93 280 281 287 288
106 107 16 120 69 50 122 103 111 124 113 97 78 59 115 23 27 57 87 119 108 91 2 55 6 85 36 66 112 100 30 11 64 15 94 43 3 82 33 63 86 1 80 135 65 95 46 137 89 40 70 21 104 128 130 49 132 102 34 134 28 123 136 81 62 125 96 127 56 129 60 90 5 284 285 291 292
29 100 34 47 5 16 102 115 49 20 91 104 38 51 93 25 40 108 42 97 44 86 4 99 27 8 37 92 6 81 94 11 138 15 85 74 129 76 24 78 122 69 3 137 58 139 60 73 128 1 12 62 53 66 121 55 68 123 57 125 19 63 28 9 105 39 52 109 26 7 43 98 280 281 287 288
6 48 116 129 52 65 120 54 122 43 56 98 111 45 58 100 113 34 47 102 36 104 51 93 95 97 103 37 79 4 26 81 94 15 96 2 17 30 85 19 21 76 89 131 23 133 25 67 135 69 82 71 60 73 128 20 62 117 64 77 119 11 132 66 121 134 55 68 123 136 57 112 114 127 280 286 287 293
48 17 30 102 11 115 49 15 45 51 53 95 108 97 110 99 18 22 3 103 92 12 42 83 138 98 10 21 74 87 89 131 19 133 34 80 69 82 28 137 71 84 139 60 73 26 75 130 41 119 132 79 5 121 134 68 123 57 70 112 59 114 61 116 50 105 107 8 120 38 54 122 56 124 281 282 288 289
9 90 24 79 134 26 68 81 15 136 70 17 72 74 63 10 131 65 78 120 80 122 135 56 69 124 16 137 73 115 128 62 53 66 121 42 55 112 125 46 59 5 61 103 116 50 118 52 94 54 96 109 43 4 87 100 8 47 23 91 104 25 38 82 84 97 18 139 31 86 99 33 77 280 286 287 293
90 97 110 81 62 99 112 26 56 7 60 41 103 92 16 39 96 138 84 44 98 59 91 133 76 27 135 137 36 17 126 128 130 15 45 79 134 43 73 24 77 58 114 127 22 52 3 82 33 63 116 129 67 118 1 80 61 42 65 46 89 40 113 102 68 49 0 117 93 34 108 283 284 290 291
25 34 47 36 38 93 42 4 84 19 139 31 99 75 77 79 81 70 138 72 5 63 20 76 18 78 120 133 80 122 135 69 137 71 128 62 117 51 64 119 132 53 66 121 55 110 0 44 57 15 112 125 59 114 61 103 116 50 105 118 39 52 94 107 54 96 109 43 98 45 280 281 287 288
34 81 83 96 138 72 74 87 89 2 65 78 133 67 80 135 69 30 82 124 58 126 60 128 75 117 130 24 132 66 18 68 3 33 70 112 125 46 114 61 116 63 118 39 107 41 54 109 111 19 0 45 47 102 36 38 51 40 95 108 26 7 42 84 86 99 20 37 79 280 281 287 288
30 112 127 116 50 63 118 120 54 109 56 26 7 45 100 115 36 91 104 38 20 93 40 14 95 84 31 44 23 27 8 103 37 79 92 81 94 17 136 96 0 89 78 67 80 18 69 124 22 71 126 60 73 128 1 12 117 64 77 119 53 66 121 10 110 123 57 70 280 281 287 288
112 11 124 15 94 45 75 60 126 79 109 115 43 73 117 54 119 18 22 3 82 63 97 31 61 12 42 76 110 10 89 55 104 98 47 28 62 92 26 56 37 137 71 16 69 20 65 95 84 44 134 108 136 93 125 138 23 127 27 8 116 129 2 36 66 17 81 111 284 285 291 292
107 8 87 38 72 2 55 85 36 121 136 11 138 64 45 75 114 79 24 54 131 58 18 103 109 122 22 3 63 124 86 113 80 31 61 42 65 95 46 40 70 21 108 74 104 68 0 83 98 51 81 92 77 56 7 41 71 105 5 16 20 99 50 84 44 135 97 78 137 93 23 284 285 291 292
39 117 51 40 110 44 11 26 46 105 24 41 18 83 96 3 85 76 89 12 78 133 80 135 21 82 137 71 84 139 73 19 0 128 62 130 64 77 28 134 55 68 123 136 57 70 7 37 72 114 127 61 116 118 131 54 122 10 56 124 58 113 47 23 60 4 102 49 8 38 104 280 281 287 288
117 69 99 18 84 82 33 97 108 67 1 31 61 42 76 27 57 46 110 91 10 40 21 115 135 100 137 49 0 126 64 98 79 109 43 132 62 92 77 121 7 37 52 41 86 118 131 44 120 59 93 74 23 87 38 72 53 83 47 36 66 119 51 81 45 60 284 285 291 292
96 99 68 38 53 47 105 51 81 62 92 56 98 60 41 54 69 18 84 14 63 137 78 12 42 27 57 87 132 121 85 125 138 0 15 94 45 127 79 28 118 131 73 24 120 77 37 22 52 124 67 100 113 16 115 1 61 104 65 119 89 40 93 74 97 110 23 283 284 290 291
99 7 37 60 41 5 16 20 50 44 103 97 59 105 4 76 57 8 38 138 55 85 17 131 64 45 135 79 137 126 139 43 73 24 54 128 77 58 18 130 132 134 1 31 61 12 125 95 127 10 89 40 70 21 116 129 68 49 0 109 122 72 113 51 92 115 283 284 290 291
55 61 116 129 63 118 43 65 120 109 122 22 52 3 33 58 100 1 31 42 104 95 108 10 97 110 19 0 53 103 105 47 28 81 94 7 37 85 74 76 5 78 91 50 133 93 44 69 82 137 84 126 139 62 38 132 121 134 68 136 125 138 59 72 15 281 282 288 289
61 36 17 69 11 124 137 71 126 139 73 128 75 43 64 54 77 132 58 66 18 121 68 110 3 123 33 70 125 31 42 116 129 46 105 10 120 109 122 111 49 100 113 102 91 104 93 51 95 50 79 14 44 59 83 72 87 57 76 89 131 133 282 283 289 290
16 27 1 12 97 20 33 10 22 24 92 0 94 28 83 85 19 21 63 76 131 23 7 78 67 80 122 56 5 137 58 71 60 115 14 62 75 130 64 53 66 121 4 110 123 8 44 57 125 46 59 114 116 50 105 11 120 109 98 45 113 47 89 102 49 104 38 280 286 287 293
76 120 10 109 122 111 113 49 0 115 119 51 97 26 56 37 60 71 69 20 50 105 81 94 59 85 98 4 27 8 38 78 133 2 93 36 84 11 126 139 86 15 75 128 77 132 43 121 134 58 18 136 33 63 125 127 1 31 12 118 131 282 283 289 290
120 27 57 8 110 91 2 36 115 100 11 94 45 75 98 79 109 43 73 77 58 22 52 82 33 63 86 116 135 1 42 137 65 95 46 128 89 40 70 74 132 4 121 134 53 123 113 127 81 111 92 129 56 7 41 122 124 118 103 108 23 285 286 292 293
50 104 17 15 45 86 43 24 92 81 136 22 3 83 138 87 12 42 129 89 46 65 133 40 67 135 69 82 124 71 19 49 60 73 62 130 47 119 53 66 134 68 7 37 110 123 57 70 41 59 114 127 5 116 20 44 54 111 100 113 27 38 102 115 281 282 288 289
104 103 84 44 97 59 23 57 87 38 2 36 66 119 132 15 45 121 134 98 79 123 125 43 24 127 77 22 52 82 63 118 67 1 12 42 124 95 113 10 40 70 21 93 74 68 19 49 108 102 53 110 47 28 92 26 56 37 41 71 284 285 291 292
69 31 12 42 65 97 110 10 40 21 68 49 81 47 28 83 138 62 85 98 74 37 41 80 135 20 82 137 71 44 73 59 27 57 121 2 70 125 36 17 72 114 127 11 129 45 131 109 122 43 54 111 124 58 18 52 3 33 63 282 283 289 290
110 118 45 131 122 24 54 124 18 103 126 84 3 33 63 97 78 27 57 121 70 85 36 19 49 98 109 28 52 82 86 67 5 135 80 20 137 46 139 14 44 128 93 74 23 4 68 8 72 102 53 83 123 138 17 81 92 127 11 26 56 284 285 291 292
118 119 36 115 66 100 11 15 94 75 109 54 58 22 52 33 86 1 80 12 114 65 46 10 40 21 93 49 0 128 72 102 53 83 113 47 28 51 81 111 123 136 56 138 127 129 103 133 84 14 44 122 97 78 59 23 126 4 57 8 38 284 285 291 292
8 41 109 43 98 100 47 49 38 27 40 108 7 86 20 33 5 77 24 37 92 26 81 83 138 72 4 87 129 21 10 2 65 133 67 80 122 14 82 137 58 126 18 139 73 115 75 130 51 119 132 53 66 121 123 57 46 114 103 280 286 287 293
27 5 54 20 43 111 45 14 100 113 115 38 4 93 40 97 31 86 46 11 15 37 94 28 138 98 18 74 87 89 78 91 133 67 80 1 12 135 124 71 84 139 10 128 62 75 64 19 0 119 134 136 70 125 114 127 129 22 105 52 65 280 281 287 288
47 81 83 138 87 17 131 133 11 45 137 71 84 126 139 73 43 24 75 64 77 119 33 66 134 123 136 57 70 1 31 72 127 10 40 63 21 105 52 65 19 122 0 98 111 58 100 102 49 93 26 7 37 108 41 86 103 14 281 282 288 289
11 125 46 59 114 103 109 45 100 38 93 4 95 42 84 31 20 33 22 77 7 79 134 26 81 94 15 136 5 17 72 85 19 87 129 21 63 131 78 133 80 135 137 2 73 115 128 75 132 53 66 108 121 68 44 57 280 286 287 293
122 128 42 87 121 85 36 66 49 0 64 45 75 109 28 43 73 77 58 22 116 67 1 80 31 114 14 70 93 74 139 23 68 53 83 113 2 17 81 111 136 92 125 26 127 129 105 131 24 133 135 84 3 63 108 285 286 292 293
128 3 82 63 86 116 138 1 31 12 129 114 125 131 10 89 70 68 72 53 83 113 28 81 111 126 26 7 41 124 105 5 20 103 84 97 78 108 4 57 91 121 36 115 66 100 64 15 94 45 79 109 130 43 54 132 77 285 286 292 293
87 109 4 98 111 49 0 100 113 83 102 115 28 81 93 95 7 97 41 71 5 103 14 78 59 23 57 131 36 124 64 75 126 79 130 73 54 119 132 58 18 134 22 52 3 33 123 86 125 114 1 127 80 42 129 65 46 10 21 283 284 290 291
1 67 80 14 135 82 137 71 5 126 18 139 7 62 130 77 132 53 66 121 134 123 4 127 129 63 105 52 109 43 56 111 45 58 113 102 36 51 40 95 42 97 86 33 46 24 26 15 28 17 74 21 10 131 78 91 280 286 287 293
67 124 137 71 139 10 40 21 119 132 121 0 53 123 136 70 28 114 127 116 105 56 41 5 111 20 100 113 14 115 93 95 108 57 97 86 2 36 66 17 103 79 92 64 45 81 94 60 83 43 54 74 58 33 63 78 91 133 80 135 82 282 283 289 290
4 109 0 98 111 45 89 91 95 3 84 18 139 31 86 75 22 132 24 79 68 81 136 83 17 138 72 85 127 129 21 131 65 78 133 80 14 135 56 126 115 7 49 130 51 119 53 42 44 46 116 2 105 52 94 41 280 286 287 293
109 121 38 123 125 2 116 129 100 94 75 98 124 43 24 54 113 77 115 3 63 80 31 12 42 65 46 10 49 0 72 102 53 138 28 81 92 26 56 60 41 71 137 126 84 44 130 119 132 284 285 291 292
45 23 59 127 38 116 2 105 52 111 15 58 100 102 115 43 91 24 22 3 84 97 86 31 42 79 10 21 81 136 72 85 129 131 28 133 80 82 7 37 126 139 73 75 130 20 64 119 121 68 281 282 288 289
64 123 136 54 70 127 22 52 33 129 131 65 111 124 40 100 102 115 0 93 53 95 28 51 62 26 56 37 41 92 81 20 83 85 98 14 44 74 59 89 23 78 57 80 38 2 71 84 126 36 17 86 130 66 79 121 68 282 283 289 290
123 75 98 79 43 73 24 54 58 18 22 52 3 33 63 116 80 42 130 65 89 40 70 21 68 19 49 127 72 102 83 129 131 51 111 26 7 37 60 41 105 5 20 103 84 14 44 78 23 91 121 2 115 66 100 285 286 292 293
17 103 116 105 52 98 100 7 89 36 5 40 95 42 14 18 31 20 33 24 37 92 134 26 81 94 136 28 70 83 138 72 19 129 15 63 131 65 135 82 124 58 71 126 73 115 62 75 51 12 53 66 44 57 10 59 280 286 287 293
36 14 105 65 41 23 98 111 100 113 115 38 51 93 95 42 24 18 79 22 3 81 136 83 138 31 12 85 89 10 133 80 135 19 82 137 71 139 28 62 130 77 7 53 66 121 125 59 20 114 127 280 281 287 288
22 126 139 60 73 62 77 119 132 66 134 136 20 125 114 116 129 63 52 65 41 2 100 113 115 51 93 53 95 97 31 86 33 3 103 37 79 26 81 12 83 138 85 98 10 89 131 19 0 133 80 82 71 280 281 287 288
126 52 3 33 97 86 116 31 134 136 65 95 125 138 10 89 40 21 127 119 131 68 19 49 133 28 111 62 92 26 37 60 41 71 5 114 84 59 93 23 57 38 91 2 75 79 124 43 73 18 285 286 292 293
38 20 41 43 14 98 111 100 102 108 42 84 15 77 92 134 24 94 136 18 33 131 65 78 31 12 133 135 82 124 137 21 71 139 60 0 132 66 121 28 44 57 59 7 37 127 105 5 280 281 287 288
57 58 100 43 113 24 102 115 52 93 108 97 42 46 40 21 103 81 0 138 85 74 89 78 91 56 7 133 80 135 82 124 137 71 139 60 14 77 119 121 134 68 70 59 2 129 65 281 282 288 289
98 121 134 23 68 125 138 72 127 2 51 15 75 111 113 115 18 52 82 33 97 78 108 12 42 46 91 10 103 85 49 94 28 62 77 26 37 71 137 139 95 130 14 89 59 93 74 283 284 290 291
121 131 24 77 3 82 33 80 42 46 70 21 68 49 0 72 102 53 28 51 81 111 56 7 60 41 71 105 5 133 20 135 84 139 78 59 2 136 85 66 138 119 100 129 285 286 292 293
131 10 89 70 85 115 119 130 19 113 28 26 56 37 71 65 95 125 14 44 78 108 59 93 23 102 2 137 139 66 51 111 15 60 79 43 136 73 24 138 18 3 97 31 42 285 286 292 293
3 5 18 60 73 7 75 51 119 132 53 134 68 125 46 59 114 103 52 54 43 56 102 91 40 95 84 44 86 24 79 81 94 15 28 70 83 72 74 129 21 89 10 78 80 14 135 124 137 58 280 286 287 293
5 95 108 97 31 44 20 33 24 79 92 81 94 136 28 83 21 65 78 12 133 80 14 137 18 7 62 75 130 132 53 66 134 68 59 114 127 129 105 41 54 43 111 100 102 49 91 51 93 280 286 287 293
125 133 94 135 79 137 24 54 139 58 130 82 132 134 80 31 12 42 136 65 95 127 89 70 93 74 49 51 62 92 26 7 37 60 71 124 105 20 14 44 108 59 91 85 115 66 119 100 285 286 292 293
52 60 73 2 62 132 66 134 15 68 70 72 127 116 129 105 33 65 54 12 58 46 40 93 108 97 86 28 103 79 26 7 81 94 41 138 85 20 74 89 14 44 91 80 135 23 124 71 281 282 288 289
84 115 93 20 95 65 14 44 86 23 92 105 72 138 51 62 26 56 15 60 41 133 135 54 18 139 33 63 119 132 12 42 70 129 19 49 79 43 73 111 124 77 37 82 283 284 290 291
115 63 97 108 59 12 124 21 85 75 28 54 77 58 7 82 80 114 65 95 46 10 40 133 23 68 135 72 102 53 113 137 2 62 26 56 119 132 136 127 284 285 291 292
43 77 23 66 134 136 70 59 129 105 111 124 100 18 102 33 51 53 12 95 108 44 86 10 40 103 81 94 85 74 26 7 89 41 80 135 137 71 139 14 62 130 281 282 288 289
77 130 58 132 79 7 136 138 31 127 44 10 40 59 74 111 124 72 53 113 102 51 119 56 108 60 97 24 54 20 92 33 94 85 89 78 91 133 82 19 49 0 137 75 28 282 283 289 290
80 12 135 82 65 46 137 139 40 70 21 74 130 68 0 72 28 62 114 26 7 129 41 111 124 113 78 23 95 108 97 66 103 75 79 94 73 54 85 18 283 284 290 291
136 28 73 92 56 7 37 82 41 86 116 20 95 44 139 89 59 74 68 53 113 138 66 81 111 62 60 105 24 18 103 63 97 78 108 31 12 42 46 91 40 21 19 49 285 286 292 293
58 62 75 66 79 134 68 70 72 114 127 129 19 49 63 15 105 65 28 111 124 100 102 93 46 97 14 44 86 10 40 103 92 81 2 83 138 85 51 56 89 91 82 139 73 33 281 282 288 289
62 103 33 92 83 31 12 42 85 74 40 21 91 133 19 135 82 137 71 139 73 75 130 26 119 37 132 66 60 134 68 70 114 127 44 129 63 59 65 23 111 24 54 282 283 289 290
139 82 135 86 116 12 42 114 95 129 89 40 70 21 93 138 19 49 102 53 132 113 28 51 92 7 124 105 103 14 44 97 59 23 91 119 100 130 0 54 285 286 292 293
134 73 24 54 7 37 135 116 137 31 46 129 10 89 40 70 93 68 19 49 72 102 53 132 113 2 111 92 26 41 124 20 103 63 78 23 12 91 100 130 15 75 138 285 286 292 293
10 21 78 133 135 124 18 60 73 75 119 53 66 7 46 59 114 116 63 54 56 111 113 91 51 93 40 97 20 33 103 24 94 15 28 19 74 280 286 287 293
21 63 23 78 133 0 135 124 71 60 51 7 132 108 44 20 114 14 103 116 37 105 54 2 100 113 89 49 91 40 82 97 86 33 79 92 26 81 12 83 85 127 74 280 281 287 288
54 2 68 59 114 127 15 24 56 18 100 12 46 95 108 40 79 81 94 28 83 51 138 72 85 26 37 74 41 89 65 78 133 20 82 137 71 130 281 282 288 289
18 130 119 132 66 46 114 127 116 63 105 56 113 102 49 91 42 31 14 86 20 33 37 92 26 81 28 70 2 83 72 19 0 15 133 135 82 137 280 286 287 293
75 114 127 103 116 31 42 46 40 70 111 74 100 113 102 19 91 108 97 86 56 7 60 71 92 81 83 138 85 129 23 89 78 133 135 82 66 137 0 15 130 119 24 282 283 289 290
135 137 31 95 46 89 70 93 74 49 0 72 53 113 138 28 51 81 92 26 56 7 60 71 105 133 14 44 108 23 2 66 119 73 63 86 116 285 286 292 293
137 86 116 65 40 70 93 74 19 53 132 83 111 92 56 37 60 41 124 103 133 78 23 91 2 85 66 130 79 33 63 285 286 292 293
33 60 73 7 130 51 119 132 20 46 127 103 105 2 100 15 91 24 95 108 97 44 86 31 12 92 94 70 83 138 72 78 133 124 71 280 281 287 288
68 83 89 91 133 31 71 12 65 73 46 130 40 119 79 19 49 0 70 53 51 105 26 7 60 41 111 113 20 102 44 95 86 92 81 94 15 282 283 289 290
83 19 49 0 72 53 28 51 89 26 56 7 37 91 60 71 20 130 78 59 132 23 127 66 116 129 105 15 79 73 100 113 102 63 95 31 12 97 46 86 74 92 283 284 290 291
124 31 42 46 91 100 19 49 94 79 92 56 37 71 86 114 14 44 130 132 108 93 23 102 53 138 2 127 66 51 111 103 82 285 286 292 293
86 56 7 130 20 14 23 114 127 116 72 2 51 111 15 100 113 60 79 102 73 24 97 63 31 42 46 105 40 94 85 19 0 133 283 284 290 291
70 129 0 15 78 28 24 82 7 37 130 31 119 132 114 103 116 49 2 111 100 56 20 95 14 44 63 59 79 81 66 85 74 282 283 289 290
129 100 49 73 130 37 132 82 116 138 20 114 65 14 74 133 23 72 53 113 2 51 92 15 60 41 105 103 63 108 12 42 91 285 286 292 293
0 138 85 19 74 23 65 133 14 56 73 49 51 119 132 66 108 59 114 37 105 94 41 111 100 113 91 40 82 95 42 20 24 79 92 26 28 280 286 287 293
19 138 72 85 89 65 78 82 7 71 73 130 119 132 66 14 46 59 114 127 103 116 63 105 2 41 15 100 49 51 93 40 95 108 31 44 24 79 28 280 286 287 293
82 12 130 65 46 49 114 127 72 105 81 26 56 60 41 71 102 20 93 14 108 78 59 23 2 73 24 91 37 63 283 284 290 291
12 71 60 73 130 132 53 66 108 44 46 59 127 103 116 105 56 89 102 49 93 95 2 42 97 31 20 24 92 26 81 138 85 74 23 65 280 286 287 293
72 94 85 100 28 89 78 133 37 41 20 65 130 14 44 132 81 23 138 53 114 74 2 116 66 51 60 111 113 95 108 97 31 40 92 282 283 289 290
94 53 114 127 51 81 92 7 60 41 71 111 100 113 102 14 78 59 23 95 108 97 91 2 85 15 79 63 31 42 89 40 130 93 74 119 132 283 284 290 291
56 103 79 92 138 85 15 74 24 78 71 60 73 31 42 130 46 132 66 40 49 114 127 53 105 65 51 26 7 37 93 14 95 281 282 288 289
116 85 100 15 24 138 63 127 31 42 95 89 40 93 74 102 53 51 111 92 26 37 41 71 105 20 44 78 108 59 133 91 284 285 291 292
46 78 26 15 24 60 73 130 66 42 59 114 63 105 111 100 113 91 7 37 51 93 41 95 97 14 79 23 2 89 281 282 288 289
78 102 40 74 103 26 37 79 41 71 85 20 91 133 2 66 119 132 73 24 114 127 105 31 111 282 283 289 290
49 14 44 85 89 23 65 2 71 130 119 53 127 103 105 31 111 113 102 91 93 95 28 26 7 41 79 92 81 281 282 288 289
7 24 79 26 81 15 28 63 65 133 60 73 130 119 132 53 66 44 59 127 103 2 113 31 280 286 287 293
81 103 28 26 60 89 93 14 138 114 127 79 24 63 113 102 65 40 95 108 74 283 284 290 291
53 24 138 89 31 42 73 130 119 132 59 26 37 41 63 65 20 14 100 23 93 108 2 51 103 15 281 282 288 289
24 119 132 127 103 63 105 41 111 100 2 93 42 97 31 44 79 92 138 65 133 71 60 73 280 281 287 288
97 41 113 71 20 119 14 108 59 91 2 105 85 100 79 63 130 95 132 89 74 138 51 92 37 111 283 284 290 291
20 93 31 14 103 79 28 138 85 74 89 23 119 132 66 59 127 63 105 41 111 100 102 91 280 281 287 288
51 92 105 14 44 85 89 91 133 130 66 37 138 59 114 127 65 23 113 2 108 281 282 288 289
23 100 102 91 93 40 108 42 44 37 79 92 26 28 138 14 85 74 15 66 59 114 103 105 41 280 281 287 288
41 2 79 92 15 138 74 89 133 60 73 130 132 59 28 114 63 37 111 100 113 102 91 108 281 282 288 289
44 102 93 95 108 42 92 138 89 15 60 73 130 119 132 31 66 114 103 63 105 28 113 26 281 282 288 289
102 59 91 2 85 66 100 15 79 130 73 132 63 114 89 40 113 28 92 108 26 37 60 71 284 285 291 292
2 105 89 91 93 42 37 79 26 15 28 74 63 65 133 14 130 108 59 103 280 286 287 293
105 60 31 133 91 85 100 130 119 92 114 127 71 65 95 14 111 59 113 93 74 284 285 291 292
37 26 79 138 85 63 133 73 130 66 108 59 103 31 111 100 113 89 91 40 95 280 281 287 288
113 108 138 66 133 100 73 119 63 31 127 74 28 111 92 26 71 103 14 284 285 291 292
71 31 42 92 40 133 26 60 73 130 132 14 114 111 15 91 93 95 63 282 283 289 290
100 93 66 111 73 63 103 42 95 89 74 133 28 60 119 284 285 291 292
60 31 42 103 40 85 74 89 91 28 93 119 132 14 114 127 63 15 108 282 283 289 290
85 28 111 26 95 108 59 89 15 133 79 73 63 130 119 132 31 42 65 40 114 283 284 290 291
103 119 108 42 66 15 79 132 138 127 65 95 59 74 111 284 285 291 292
59 15 91 95 42 74 65 133 28 26 119 132 66 14 281 282 288 289
14 93 40 95 108 42 31 79 92 15 28 138 89 65 130 132 114 63 280 286 287 293
73 119 132 31 111 28 93 95 108 92 89 91 133 15 130 282 283 289 290
119 127 133 65 95 91 89 74 28 92 114 93 130 111 15 138 284 285 291 292
108 42 91 138 15 133 63 31 65 95 132 74 114 127 28 26 111 284 285 291 292
15 114 111 93 40 42 31 79 92 28 74 89 65 133 130 132 66 280 286 287 293
127 114 65 89 74 133 111 92 130 42 285 286 292 293
130 42 114 89 93 74 92 26 133 79 285 286 292 293
132 133 42 114 65 95 40 93 111 26 66 79 285 286 292 293
31 66 114 63 91 93 95 42 79 133 26 280 281 287 288
65 133 40 28 114 111 95 92 63 74 89 282 283 289 290
133 40 74 92 93 66 138 285 286 292 293
63 40 91 95 28 42 282 283 289 290
42 114 91 93 79 92 138 26 281 282 288 289
138 92 26 114 93 66 79 91 89 74 285 286 292 293
28 79 92 89 66 91 40 95 280 281 287 288
79 26 111 74 93 95 92 282 283 289 290
95 91 114 40 93 74 283 284 290 291
93 91 40 74 114 283 284 290 291
26 92 74 89 91 114 111 40 280 281 287 288
92 66 114 89 40 74 283 284 290 291
114 89 40 74 91 66 284 285 291 292
66 111 74 282 283 289 290
111 91 40 284 285 291 292
91 74 40 283 284 290 291
89 74 283 284 290 291
40 74 281 282 288 289
74 282 283 289 290
172 241 243 163 177 144 179 221 223 236 278 151 216 229 231 273 207 220 145 275 209 222 164 264 160 211 224 266 279 158 268 143 215 270 206 167 195 263 276 197 252 265 161 199 146 267 140 245 258 155 181 194 262 168 183 149 196 153 185 198 253 174 187 242 255 257 178 191 246 180 171 248 184 226 173 186 228 280 281 287 288
241 153 279 151 236 268 166 147 177 230 272 261 179 209 239 276 224 265 154 184 267 237 188 199 256 269 271 167 197 247 148 178 231 262 251 161 195 146 176 206 157 255 155 234 257 238 246 248 149 164 198 228 158 192 203 243 226 207 245 156 220 171 201 152 182 205 235 150 229 180 210 144 208 189 223 277 284 285 291 292
156 233 167 180 235 169 152 224 237 226 160 150 175 217 230 232 166 140 221 234 278 212 225 267 214 227 269 161 203 216 163 205 218 220 275 196 209 277 198 200 255 215 257 270 191 204 193 248 261 144 195 208 250 263 148 197 252 186 199 254 188 201 146 256 151 194 236 249 183 251 240 253 174 242 165 178 280 286 287 293
233 179 209 205 224 165 188 218 169 199 275 277 197 227 279 212 142 225 191 221 261 274 204 185 263 200 219 183 213 194 269 198 228 258 271 143 260 273 249 262 251 264 201 152 182 216 231 242 150 244 210 195 214 246 208 159 189 140 250 193 223 174 252 187 149 243 202 153 217 166 147 177 234 236 238 175 283 284 290 291
175 246 180 153 235 248 182 224 237 147 184 239 145 230 177 219 232 221 234 236 169 278 144 227 269 148 216 271 142 273 222 264 170 151 211 266 279 155 257 270 259 193 274 158 263 162 143 173 197 252 265 186 199 188 201 141 171 152 256 192 247 194 249 262 196 238 251 185 198 159 240 176 244 178 191 280 281 287 288
246 260 209 249 190 243 251 264 154 184 165 253 188 218 169 257 144 216 167 197 148 259 178 146 176 240 155 185 215 238 183 213 164 217 162 143 173 226 273 141 171 152 182 235 186 277 150 229 210 279 214 268 270 189 140 242 193 223 174 261 274 191 202 232 265 278 166 147 256 269 181 211 245 284 285 291 292
216 247 262 208 159 189 242 255 212 193 244 257 259 191 153 248 237 250 166 177 181 211 228 145 230 243 179 209 232 190 154 184 223 188 225 227 144 167 148 178 231 142 220 195 146 176 206 222 224 279 204 226 155 268 272 164 261 274 198 276 162 143 173 203 265 278 207 256 201 182 271 186 282 283 289 290
247 167 212 231 272 195 176 261 274 240 276 151 265 278 204 155 234 215 219 256 213 271 228 249 162 143 173 203 251 264 226 207 141 220 171 201 255 182 235 257 186 150 180 210 214 244 250 208 159 252 189 242 193 223 238 187 168 191 236 166 147 177 145 209 160 190 154 237 188 218 199 279 144 268 284 285 291 292
146 188 201 256 269 190 192 205 260 181 194 262 238 251 198 253 174 187 255 244 178 191 167 235 141 237 250 171 184 226 239 173 186 230 179 155 236 159 214 227 148 229 218 231 152 165 207 220 145 222 264 277 211 266 279 200 268 215 143 257 204 259 272 206 261 153 274 195 208 210 199 254 280 286 287 293
188 198 240 242 151 255 189 155 257 191 248 183 237 243 186 236 225 161 229 159 140 218 231 273 220 275 222 187 168 149 277 211 224 153 266 200 213 268 202 181 217 206 219 145 261 195 208 179 160 276 197 210 252 154 165 254 267 169 269 245 163 258 192 205 167 178 249 262 196 281 282 288 289
149 230 151 232 153 274 166 221 143 276 168 210 223 212 267 159 214 269 161 203 271 205 152 207 220 262 196 277 140 211 253 266 268 257 191 204 193 206 195 263 197 265 186 199 145 254 243 177 258 234 181 194 249 183 240 148 229 242 163 176 142 231 244 165 167 222 235 224 158 226 228 162 217 280 286 287 293
230 250 191 221 202 166 147 177 200 181 211 243 232 245 145 234 179 209 190 236 154 165 169 199 163 273 167 197 142 277 206 266 270 185 259 274 164 263 217 198 267 143 222 173 226 271 141 220 201 152 182 260 186 249 264 150 229 180 161 214 255 208 159 140 244 212 193 223 174 187 168 283 284 290 291
190 231 142 157 151 224 237 155 185 226 239 228 164 219 232 221 234 162 143 173 223 212 227 141 171 152 269 186 271 205 273 150 275 209 264 211 159 279 174 202 215 257 270 168 217 259 153 193 261 274 208 250 210 252 199 254 243 256 179 258 192 184 165 260 194 169 196 238 251 253 178 242 281 282 288 289
231 258 271 205 184 214 144 253 208 148 242 193 223 244 257 259 206 248 170 151 155 239 252 200 194 179 232 234 224 236 173 203 218 238 171 201 182 167 197 227 186 180 210 275 225 277 266 140 268 174 168 272 274 217 228 263 276 196 147 177 222 265 207 254 145 256 141 160 283 284 290 291
181 182 250 178 184 226 239 142 228 170 221 234 155 276 223 278 212 225 179 162 143 173 207 220 209 141 211 266 279 200 213 215 270 204 259 159 140 195 263 174 252 186 199 254 201 256 203 258 166 147 177 205 260 194 262 183 145 238 185 198 240 253 187 255 154 244 191 235 144 248 281 282 288 289
182 207 262 145 198 160 255 268 154 165 270 169 191 259 193 163 248 261 195 167 148 178 250 263 184 197 265 142 254 176 170 258 192 260 236 249 183 251 164 240 158 242 173 222 171 152 224 237 226 239 161 217 219 232 144 274 221 234 174 210 223 225 269 203 271 147 218 273 281 282 288 289
167 260 145 194 262 160 196 185 165 187 242 255 176 163 148 180 193 235 169 237 173 186 228 151 243 232 221 168 164 225 158 143 229 271 218 207 141 275 222 277 211 150 200 213 268 202 215 204 159 259 272 206 274 195 276 210 252 265 267 201 166 269 203 245 258 280 281 287 288
184 187 242 255 189 191 145 179 160 154 226 239 169 152 232 148 221 234 223 278 214 227 170 269 218 273 220 262 183 209 222 277 211 158 177 162 143 173 268 270 204 272 141 193 206 208 263 210 150 252 265 254 267 201 144 159 203 192 260 142 194 249 196 157 251 185 166 281 282 288 289
187 165 219 232 169 234 163 278 148 178 214 227 142 176 157 271 273 170 207 220 155 185 222 264 277 224 266 279 200 213 202 215 158 204 272 193 274 208 263 197 210 252 265 212 254 186 201 256 269 180 161 258 192 249 262 240 255 189 257 166 147 248 250 226 239 179 160 243 281 282 288 289
170 252 265 144 199 254 267 201 256 245 258 168 260 194 249 183 196 238 185 198 253 174 255 176 189 244 178 160 191 154 169 226 239 173 163 177 219 232 221 276 223 236 278 151 212 225 155 269 229 164 207 220 209 222 264 277 162 211 266 200 213 268 215 217 259 272 193 165 274 161 197 280 281 287 288
252 151 236 204 155 234 185 253 266 249 255 183 164 257 194 228 158 143 222 173 203 207 141 152 150 229 180 161 195 240 159 189 193 223 238 168 273 202 232 217 166 147 277 211 279 226 268 145 270 224 165 274 218 169 199 263 265 242 256 269 258 271 191 221 284 285 291 292
142 258 260 183 196 185 253 229 242 244 165 178 141 235 224 171 226 173 228 162 217 164 219 232 274 221 234 276 168 157 278 212 159 227 269 271 205 218 152 273 207 262 154 275 222 211 266 158 200 255 147 268 215 270 272 193 248 261 208 263 197 144 265 254 267 201 256 280 286 287 293
179 257 180 193 235 248 157 237 151 166 186 145 232 221 158 236 143 238 229 152 218 220 275 222 176 277 266 140 268 155 202 215 270 204 259 168 219 261 195 153 276 177 265 162 199 212 254 267 269 171 160 192 260 154 249 251 198 240 253 163 200 255 189 148 244 280 281 287 288
257 209 239 158 224 143 222 173 237 218 207 141 201 197 186 273 180 210 161 195 225 255 240 140 266 204 234 168 213 202 153 274 166 196 263 162 211 256 267 220 269 160 254 205 165 260 262 199 264 163 227 212 193 223 253 176 259 157 221 155 185 200 284 285 291 292
144 236 249 183 238 251 227 174 229 242 176 178 237 171 226 239 228 151 272 164 219 232 166 208 221 155 168 210 223 225 267 159 214 269 161 203 271 260 273 207 262 275 209 264 198 211 253 145 213 255 147 189 191 204 206 248 195 250 265 186 254 243 245 234 280 286 287 293
236 159 148 212 193 245 157 166 196 238 209 160 273 275 203 169 266 279 268 270 272 161 261 225 176 278 189 204 185 215 256 168 258 271 164 153 217 228 262 147 177 192 264 226 207 240 253 242 255 141 220 171 205 186 259 165 150 229 180 248 199 237 283 284 290 291
163 249 238 150 161 253 242 176 189 159 244 165 180 248 224 153 239 173 147 228 219 166 278 214 227 269 229 205 218 273 220 275 209 222 264 277 198 211 157 266 279 200 268 151 191 204 272 261 274 195 208 263 197 265 254 162 143 201 243 203 245 258 192 141 152 194 280 281 287 288
249 261 274 148 227 265 195 225 176 206 157 256 269 240 185 260 219 251 264 183 164 194 228 255 143 207 171 152 250 205 235 229 180 210 214 244 208 159 242 223 278 191 202 232 271 177 245 145 209 160 266 243 154 165 270 237 218 169 248 199 272 284 285 291 292
195 201 203 258 271 183 164 260 207 158 251 162 264 192 143 173 253 152 244 186 248 150 180 250 140 228 193 174 243 232 245 168 166 147 214 227 229 273 275 154 165 222 169 224 266 279 213 226 268 217 259 219 261 274 176 210 151 278 212 281 282 288 289
201 176 207 220 209 151 277 211 224 266 279 213 268 215 204 194 217 274 208 162 192 263 254 267 141 256 245 150 180 260 159 189 140 253 174 244 191 235 248 196 147 177 237 226 145 160 219 154 165 276 199 278 225 214 227 197 229 271 273 282 283 289 290
153 162 164 177 234 276 168 147 223 157 212 225 227 229 271 205 218 273 220 150 154 275 211 158 148 268 202 270 204 259 193 206 261 274 208 263 197 186 199 145 243 203 258 192 260 194 196 238 251 240 253 189 244 165 178 180 235 169 224 237 171 140 239 173 280 286 287 293
239 244 200 211 248 145 224 165 243 237 218 199 245 148 178 278 225 206 157 271 151 273 204 155 215 275 238 219 277 266 183 213 164 268 217 228 158 270 222 173 203 261 263 141 171 152 205 269 260 208 159 262 212 193 174 251 264 168 240 191 221 232 255 283 284 290 291
244 224 165 271 169 197 148 227 277 266 279 268 225 176 206 240 151 259 272 155 234 185 215 261 219 263 265 164 254 267 217 198 158 256 269 222 173 260 262 141 220 152 150 180 255 208 159 248 242 223 250 168 221 202 232 166 177 145 278 284 285 291 292
198 202 270 204 259 272 152 197 261 263 276 210 161 265 176 254 267 256 269 159 140 258 174 168 183 251 264 147 177 242 255 141 235 248 186 250 165 150 180 228 232 148 178 221 223 157 238 227 151 196 218 207 220 145 194 277 224 200 213 143 268 281 282 288 289
155 250 263 210 186 267 203 245 147 260 183 196 251 145 174 242 255 176 189 154 191 235 248 224 237 173 243 164 177 232 166 234 168 157 225 227 269 205 218 273 222 264 277 211 152 266 279 215 150 270 204 217 259 272 193 206 274 140 280 286 287 293
250 185 260 245 164 194 209 253 255 173 237 259 152 261 150 210 161 225 254 240 189 140 234 213 217 228 147 177 192 222 226 207 145 275 171 205 186 279 154 165 229 268 169 214 272 148 274 193 223 263 276 265 278 157 191 221 202 267 256 166 196 284 285 291 292
158 255 268 202 215 270 191 204 261 263 265 150 199 243 256 203 245 258 192 194 183 157 251 253 151 174 176 178 235 248 169 237 154 226 160 173 217 177 219 166 148 168 210 212 159 214 227 161 271 218 207 262 275 209 222 264 277 211 266 200 213 280 286 287 293
255 243 154 269 143 173 203 237 258 271 260 262 152 197 227 264 225 176 204 234 185 215 238 219 168 213 217 177 222 220 180 210 273 208 275 212 223 253 277 279 157 268 191 232 196 272 211 274 145 209 284 285 291 292
209 141 235 248 205 150 180 161 243 159 140 245 174 221 234 168 225 238 214 166 147 177 229 200 145 220 275 222 277 266 279 213 169 215 217 259 178 261 274 210 265 157 212 267 151 204 185 258 194 240 253 162 192 173 242 207 282 283 289 290
260 225 176 206 151 140 204 234 215 183 164 194 217 162 192 222 173 273 226 207 275 171 205 235 266 279 210 270 214 272 189 261 274 212 242 193 265 191 221 202 166 196 177 211 245 145 258 160 224 154 237 169 248 199 285 286 292 293
165 229 176 178 150 222 169 224 237 171 226 173 228 157 232 208 151 221 168 223 145 227 271 205 218 273 207 262 275 277 211 152 200 213 268 189 202 270 161 259 272 193 140 265 186 254 243 256 245 147 183 238 280 281 287 288
151 199 254 256 245 194 183 251 185 240 174 242 178 180 222 235 224 237 171 226 160 228 162 164 219 232 234 276 168 210 223 145 157 278 214 227 203 205 218 262 154 275 264 148 277 270 204 259 272 140 248 261 263 280 286 287 293
265 204 185 215 238 277 183 213 266 217 228 143 173 272 226 256 220 152 186 267 180 269 214 208 140 212 193 223 174 168 221 232 177 200 211 264 245 145 160 243 237 218 248 148 227 178 261 225 206 157 259 285 286 292 293
183 204 217 206 219 148 261 274 208 263 276 197 210 176 199 212 254 269 245 258 205 164 251 264 185 240 162 242 189 191 171 152 235 248 180 161 186 174 221 234 223 278 225 238 227 273 220 145 279 154 200 213 215 270 281 282 288 289
204 194 212 267 162 192 143 173 203 271 141 262 251 264 150 253 159 189 174 235 248 168 191 202 228 196 177 200 234 160 225 154 199 218 273 197 148 220 178 277 224 176 279 213 268 270 185 206 219 282 283 289 290
243 157 202 232 259 196 200 145 194 160 237 218 152 197 227 161 275 159 234 185 174 238 219 279 168 268 213 270 147 177 192 222 261 226 263 276 141 171 205 186 256 269 150 229 180 169 199 214 273 262 251 264 223 253 284 285 291 292
262 268 152 227 261 225 176 206 259 240 174 238 219 213 228 147 177 162 192 226 256 254 205 186 154 150 180 210 277 199 214 279 208 148 212 223 272 274 191 263 202 276 278 166 196 200 245 145 160 224 143 218 285 286 292 293
268 162 192 222 276 203 226 256 278 171 235 180 161 140 193 223 174 253 221 251 232 266 196 147 177 264 258 154 237 267 169 248 199 197 148 273 157 275 240 234 185 215 279 270 213 228 285 286 292 293
141 207 220 154 222 143 277 224 200 213 147 160 202 270 259 206 261 208 276 197 199 267 269 203 245 258 196 251 240 242 176 178 191 180 235 169 237 171 226 162 164 219 232 221 168 157 278 212 225 214 148 161 229 150 152 280 286 287 293
207 171 152 211 186 180 161 215 270 217 272 159 189 261 274 208 174 168 267 245 166 196 145 251 240 253 154 169 197 178 237 228 206 157 221 223 278 212 225 164 229 271 162 192 143 173 203 273 220 222 282 283 289 290
185 263 197 199 256 203 245 258 192 194 196 240 242 164 191 235 162 143 173 224 237 228 171 219 232 150 161 234 276 278 140 214 174 269 229 218 220 275 222 166 277 266 200 213 145 202 160 217 193 206 274 281 282 288 289
176 154 169 192 196 238 148 253 189 178 191 248 237 164 228 219 162 232 173 276 171 225 214 227 161 218 275 222 264 174 224 266 279 168 202 215 270 217 259 166 147 193 261 274 263 197 199 160 280 281 287 288
162 266 279 213 202 215 147 270 259 272 206 274 208 276 210 199 256 269 203 245 258 192 148 194 196 251 157 174 242 189 193 248 237 173 186 143 164 219 223 278 238 161 214 227 271 159 220 277 211 224 280 281 287 288
266 222 203 220 171 152 276 205 235 186 150 229 210 214 269 259 208 189 140 168 221 202 217 166 196 147 177 211 145 254 154 218 169 248 199 263 197 148 227 178 242 225 191 240 215 275 164 285 286 292 293
238 261 274 276 208 148 227 178 278 193 221 271 273 200 251 253 194 224 192 143 173 259 203 248 171 152 210 161 225 159 189 234 174 168 213 202 217 228 166 196 211 226 220 160 205 270 154 169 199 214 283 284 290 291
261 219 271 213 217 228 192 222 226 256 220 152 210 161 208 159 140 212 242 174 253 191 232 177 211 245 160 275 277 154 237 248 197 272 263 225 206 157 278 259 240 234 215 269 285 286 292 293
263 215 219 213 164 275 192 277 254 205 235 272 180 210 161 276 159 189 140 212 193 223 174 271 191 221 273 202 232 196 177 264 200 211 245 145 258 160 237 199 197 178 225 157 259 240 285 286 292 293
171 220 222 211 224 145 213 160 202 215 154 217 259 169 274 197 186 199 254 267 256 203 245 258 192 251 174 164 178 191 143 180 235 237 152 226 173 150 177 219 221 234 278 227 229 218 166 147 280 281 287 288
258 225 206 240 219 213 194 228 143 222 203 226 256 220 254 205 235 180 210 279 208 159 212 223 174 253 270 168 202 274 232 276 166 196 147 278 200 269 271 273 224 237 218 248 199 148 227 178 284 285 291 292
143 145 279 200 213 147 202 215 191 259 272 193 206 274 208 186 140 254 203 192 194 196 251 174 235 169 173 164 219 232 166 221 168 210 223 157 159 214 161 150 271 205 154 275 264 211 280 286 287 293
145 235 169 226 160 219 221 168 278 159 214 161 150 271 205 273 220 154 275 277 211 224 279 202 215 270 259 193 206 197 210 267 245 192 194 251 253 242 280 286 287 293
217 270 272 219 147 221 276 205 186 256 269 271 150 180 199 208 251 148 212 157 191 202 166 196 248 200 164 228 154 232 245 223 225 227 229 161 273 220 275 159 189 277 215 279 226 282 283 289 290
220 152 222 205 186 180 161 140 259 272 174 274 278 191 202 267 196 147 256 160 251 154 253 218 169 199 242 148 235 206 215 245 221 234 223 164 225 203 229 273 283 284 290 291
202 192 173 223 212 225 186 214 227 150 180 229 218 159 189 275 222 193 264 277 224 168 213 191 215 270 196 147 259 272 206 210 160 254 267 197 240 242 235 248 226 164 228 282 283 289 290
279 192 222 203 275 256 152 254 205 186 269 150 210 161 278 159 189 242 272 174 253 251 232 177 200 211 264 245 160 218 271 197 148 227 178 259 270 140 234 215 219 213 194 277 285 286 292 293
219 276 196 147 256 269 205 251 264 214 242 197 193 235 157 228 200 232 221 234 213 164 194 227 203 229 271 273 152 275 186 222 277 150 180 161 159 270 189 272 174 282 283 289 290
274 164 228 222 275 256 277 205 235 186 150 208 159 178 212 242 223 168 191 221 232 196 200 211 160 273 203 267 218 248 199 271 152 227 225 240 270 215 278 285 286 292 293
222 205 186 259 180 210 276 208 159 267 212 193 269 168 200 211 160 154 199 226 197 178 228 232 161 206 157 140 271 213 164 203 224 283 284 290 291
194 178 272 157 197 267 256 245 192 240 173 253 242 186 235 248 224 150 180 226 189 193 174 221 234 191 278 212 147 177 214 227 269 229 205 273 160 275 277 154 169 213 215 270 281 282 288 289
152 154 275 264 277 150 200 140 272 206 208 197 186 254 147 267 256 245 192 196 229 189 178 180 235 237 160 173 228 232 166 168 278 225 227 269 203 271 218 280 286 287 293
271 229 180 240 270 208 159 140 193 174 168 166 196 147 211 160 254 154 218 169 248 197 178 212 277 157 251 234 215 272 264 276 213 192 173 267 186 285 286 292 293
215 192 173 203 254 256 245 205 180 210 161 251 240 253 189 212 235 248 191 226 166 147 177 228 221 154 169 269 229 148 218 273 264 206 157 270 259 282 283 289 290
275 277 254 205 235 150 229 180 210 161 214 189 140 212 242 272 253 278 251 166 177 264 160 224 267 199 148 227 206 157 240 270 234 213 228 192 173 203 226 285 286 292 293
277 226 256 254 235 186 150 180 210 214 140 242 193 272 223 276 196 200 211 160 273 218 169 248 199 148 178 225 206 157 240 213 192 285 286 292 293
192 272 193 206 208 276 197 164 267 256 269 203 245 173 205 251 186 150 161 235 248 159 189 140 174 226 228 232 166 177 223 278 214 227 154 264 211 281 282 288 289
205 218 150 180 211 159 226 270 168 206 208 210 147 177 278 254 267 256 169 199 264 253 148 178 157 235 237 200 232 245 221 234 225 214 227 197 282 283 289 290
218 240 242 210 161 208 159 189 235 212 237 226 228 196 177 234 223 225 227 154 229 169 199 148 178 224 206 270 276 213 254 267 256 245 173 203 282 283 289 290
166 226 173 228 234 276 168 278 212 214 227 160 229 154 211 224 148 270 157 259 206 208 197 199 254 267 164 269 203 245 196 174 189 191 235 248 237 280 281 287 288
226 177 270 160 272 169 199 254 267 197 269 206 157 221 251 240 253 200 242 213 164 173 237 186 210 159 189 140 223 273 283 284 290 291
140 210 278 212 225 214 227 148 269 203 154 264 211 200 213 147 189 191 272 193 206 248 197 199 254 177 245 253 229 242 169 224 237 173 228 164 232 221 276 168 280 286 287 293
210 229 168 164 264 147 213 259 272 150 180 267 208 159 189 157 191 251 240 253 160 235 224 169 199 228 232 234 206 212 214 227 282 283 289 290
203 161 213 272 206 254 267 177 173 245 251 253 150 229 159 235 174 224 237 168 228 232 200 221 160 212 214 227 154 269 273 264 211 282 283 289 290
161 269 273 196 264 211 200 213 272 193 206 197 160 254 154 177 245 148 240 157 229 242 189 180 235 224 173 228 232 276 223 212 267 214 227 280 281 287 288
269 206 259 240 168 228 147 177 272 278 160 254 235 150 229 178 157 191 221 251 200 211 264 245 164 224 237 248 197 285 286 292 293
193 221 234 164 223 214 227 273 224 150 200 213 159 189 259 206 208 199 212 267 147 177 245 196 251 264 154 253 148 178 248 228 281 282 288 289
221 174 168 234 223 196 147 225 200 240 273 169 199 270 212 206 157 278 267 256 264 242 259 150 235 248 214 237 208 159 283 284 290 291
256 225 157 240 234 272 213 164 276 278 173 267 186 214 208 212 223 174 253 168 251 232 177 200 211 160 237 199 197 227 178 284 285 291 292
159 212 214 227 229 273 264 147 211 213 272 208 197 254 196 251 174 242 180 248 169 173 228 164 232 150 276 168 280 286 287 293
200 237 186 245 234 150 180 225 189 273 147 211 177 213 270 259 160 208 276 169 278 212 197 148 178 157 191 251 264 164 235 282 283 289 290
237 253 242 160 224 199 148 178 245 206 240 213 164 273 228 270 186 272 180 276 214 278 208 189 254 223 147 177 251 283 284 290 291
180 229 273 169 264 259 157 208 186 199 254 267 245 196 251 240 242 235 224 228 174 232 234 223 278 225 214 281 282 288 289
174 276 169 223 225 227 229 211 270 164 206 197 186 267 150 196 251 240 189 168 178 191 235 248 147 224 228 177 232 280 281 287 288
234 223 254 267 191 196 177 211 251 160 240 253 242 154 169 197 148 227 178 206 157 278 164 173 273 150 214 259 272 283 284 290 291
212 225 227 240 168 147 177 211 213 160 154 272 169 199 276 208 278 178 254 267 214 157 191 164 259 173 228 150 282 283 289 290
177 168 232 276 223 278 154 169 264 270 259 272 248 208 186 199 254 196 251 253 150 229 189 224 280 281 287 288
168 278 225 214 147 273 211 259 206 157 186 199 267 245 164 251 240 253 178 235 169 173 228 280 281 287 288
240 169 254 197 178 206 157 191 253 164 248 173 245 278 150 229 208 273 196 147 211 270 259 272 276 224 154 284 285 291 292
160 178 235 248 169 173 228 154 164 276 148 225 214 229 273 211 213 270 272 254 245 196 251 253 242 189 280 281 287 288
178 196 154 251 169 229 242 189 148 235 248 224 164 276 223 227 273 150 211 213 270 191 259 206 267 280 281 287 288
223 278 225 229 196 147 273 264 224 154 270 259 148 267 206 157 251 213 242 235 248 228 150 232 283 284 290 291
229 214 208 189 191 270 272 254 267 224 154 169 199 197 148 227 251 253 206 248 213 164 245 278 186 283 284 290 291
242 169 199 197 148 227 273 157 270 272 228 276 173 254 267 235 186 150 208 253 259 191 248 147 245 284 285 291 292
253 248 199 278 148 227 225 206 273 264 213 270 228 259 173 267 186 150 214 208 189 191 147 245 224 284 285 291 292
154 191 150 248 228 164 157 147 225 214 264 211 213 270 259 197 186 254 267 196 280 286 287 293
199 235 232 186 276 150 225 214 189 273 211 206 208 169 254 267 251 281 282 288 289
169 189 224 173 148 276 278 214 227 211 206 150 208 186 254 245 147 196 251 280 281 287 288
225 189 251 191 196 211 224 228 232 245 197 148 206 157 227 270 259 272 186 276 254 214 283 284 290 291
157 196 251 147 224 228 164 148 232 276 278 227 264 211 213 270 206 248 208 197 254 267 280 286 287 293
213 259 254 245 189 191 147 235 197 148 278 214 227 273 224 270 282 283 289 290
259 164 267 264 235 186 150 214 208 147 245 248 197 148 227 272 278 284 285 291 292
197 173 235 248 232 189 191 196 147 273 264 211 206 276 267 245 281 282 288 289
248 148 278 164 228 173 235 186 272 150 214 276 191 232 284 285 291 292
164 272 147 186 254 267 196 148 189 173 232 276 273 150 211 270 280 281 287 288
254 272 276 235 267 186 273 189 264 191 251 196 147 211 245 206 284 285 291 292
267 228 150 214 189 191 251 232 196 211 264 272 276 224 206 285 286 292 293
270 228 173 208 191 251 147 245 278 224 273 148 227 276 285 286 292 293
206 245 173 150 235 232 276 196 147 278 227 264 272 282 283 289 290
272 228 235 186 214 189 191 251 232 278 147 264 245 148 285 286 292 293
208 278 214 273 173 211 186 150 276 191 251 264 235 148 228 232 282 283 289 290
278 189 232 224 148 227 276 251 264 173 186 214 285 286 292 293
191 173 189 224 276 214 196 251 264 148 228 281 282 288 289
235 273 224 276 228 264 173 150 214 147 211 283 284 290 291
273 186 150 214 189 251 232 196 148 276 264 228 285 286 292 293
211 186 232 189 214 227 224 148 282 283 289 290
173 148 189 232 276 150 214 280 281 287 288
228 196 147 224 245 148 264 283 284 290 291
232 196 224 264 227 245 186 214 189 283 284 290 291
186 196 189 147 276 148 281 282 288 289
189 227 264 245 196 150 251 147 276 281 282 288 289
214 227 276 245 150 282 283 289 290
227 196 264 245 150 283 284 290 291
276 196 147 251 264 245 224 285 286 292 293
148 196 251 147 224 264 280 286 287 293
224 150 245 251 264 147 283 284 290 291
251 264 196 245 284 285 291 292
147 245 280 286 287 293
150 264 245 280 286 287 293
196 264 281 282 288 289
245 264 284 285 291 292
264 285 286 292 293
280
281
282
283
284
285
286
287
288
289
290
291
292
293
