#/usr/local/lib/python3.10/dist-packages/colab_kernel_launcher.py -f /root/.local/share/jupyter/runtime/kernel-2b515d16-c871-48c9-ad2b-cd6ecd503099.json
# GMT Thu May 23 11:43:05 2024
# 
26 30 18 7 39 10 2 21 5 24 13 34 43 29 38 8 33 42 37 32 14 3 6 17 9 1 41 12 23 36 4 15 35 91 92 96 97
30 18 7 9 10 2 21 4 41 13 24 36 16 31 40 27 35 44 19 11 22 14 3 34 0 43 1 38 33 23 12 37 92 93 97 98
18 35 44 8 21 3 39 11 1 25 43 20 38 24 33 19 28 15 23 17 9 10 2 12 4 13 32 7 27 36 22 91 92 96 97
7 35 12 21 16 11 2 44 39 34 43 20 29 38 15 10 19 28 37 0 14 9 6 1 41 27 36 22 40 4 90 94 95 99
39 15 17 28 10 43 12 23 42 4 5 41 37 21 35 13 16 36 40 19 8 44 38 0 11 31 3 14 33 25 93 94 98 99
15 14 3 16 6 9 1 12 34 43 20 29 38 24 33 28 37 32 2 13 36 8 22 31 40 11 0 35 44 90 91 95 96
35 10 29 2 41 21 36 32 5 24 44 16 8 0 22 14 33 25 38 17 42 9 37 31 12 4 34 92 93 97 98
29 32 41 36 25 31 44 17 9 1 20 23 12 4 10 2 21 42 37 5 13 24 16 27 19 11 0 22 3 92 93 97 98
32 2 21 22 14 13 24 40 16 6 44 8 0 11 1 31 20 3 25 28 17 9 33 12 23 37 5 27 92 93 97 98
44 17 9 40 42 4 5 24 13 27 19 8 21 14 16 6 36 38 0 11 31 20 23 25 34 93 94 98 99
8 9 2 5 41 27 36 22 31 40 17 0 21 16 3 1 25 34 20 38 24 33 19 37 14 23 90 94 95 99
9 0 3 25 34 43 11 20 38 33 10 19 28 14 1 42 41 27 22 31 40 12 5 90 91 95 96
40 41 10 2 21 24 16 27 19 38 11 22 3 25 6 42 36 17 28 20 23 12 4 34 37 93 94 98 99
41 2 5 13 16 27 19 0 22 14 3 6 36 28 17 1 20 31 23 12 4 34 43 10 93 94 98 99
0 5 14 23 37 27 13 22 12 21 16 2 34 43 20 6 24 33 42 10 19 28 90 94 95 99
5 3 27 36 22 31 17 12 21 16 25 11 6 4 34 38 2 33 10 28 37 14 13 90 94 95 99
21 37 27 22 10 2 19 11 25 34 3 24 33 42 6 28 17 1 12 4 91 92 96 97
37 22 3 14 33 16 6 36 28 11 31 12 43 25 38 42 2 24 27 19 93 94 98 99
14 24 33 42 19 28 3 23 6 4 27 31 17 25 2 34 43 20 38 90 91 95 96
23 11 22 3 6 25 34 43 24 33 42 1 20 28 12 10 27 4 31 13 16 91 92 96 97
11 10 2 4 36 13 31 17 12 16 3 6 25 34 38 1 24 42 28 90 91 95 96
10 27 36 31 3 17 12 6 16 25 1 43 20 38 42 19 28 2 90 91 95 96
27 2 16 31 19 3 6 17 1 20 43 12 38 33 42 28 92 93 97 98
36 38 13 24 16 19 22 3 33 6 17 28 1 20 31 4 34 93 94 98 99
33 38 3 25 6 17 28 12 4 13 24 16 19 34 43 22 92 93 97 98
38 25 6 17 28 31 4 34 13 16 43 19 42 3 93 94 98 99
2 13 22 31 17 3 16 34 43 20 24 42 4 1 90 94 95 99
25 34 43 42 17 12 4 24 19 31 13 16 6 1 20 91 92 96 97
34 6 28 1 20 12 4 43 42 24 13 19 92 93 97 98
43 6 17 28 1 20 31 12 42 4 24 19 22 3 93 94 98 99
3 24 42 4 13 22 12 16 20 90 94 95 99
24 6 17 31 1 20 13 28 19 22 91 92 96 97
22 13 16 19 31 6 17 1 20 12 42 91 92 96 97
42 6 28 17 1 20 31 12 4 13 16 93 94 98 99
16 31 13 20 19 1 4 90 91 95 96
12 28 6 13 1 4 90 91 95 96
17 20 19 28 13 6 1 4 90 91 95 96
6 19 28 13 31 1 90 94 95 99
31 13 19 1 20 4 92 93 97 98
19 4 13 20 28 91 92 96 97
28 1 20 4 13 92 93 97 98
13 1 20 90 91 95 96
20 4 1 91 92 96 97
4 1 90 94 95 99
1 90 94 95 99
71 75 63 52 47 66 69 58 61 88 74 83 64 53 56 45 82 67 48 59 70 54 46 65 86 68 72 81 49 85 60 80 89 91 92 96 97
75 60 63 52 54 55 74 66 50 86 58 61 76 85 72 80 89 53 64 56 59 48 51 62 84 79 45 88 83 65 78 70 92 93 97 98
60 59 48 61 70 51 54 46 57 79 49 65 74 69 78 52 73 82 68 55 50 86 72 53 67 85 45 56 62 80 89 90 91 95 96
63 80 89 53 66 48 61 84 70 79 88 65 74 69 78 87 73 62 54 55 47 57 49 50 58 77 52 72 81 76 85 91 92 96 97
52 80 57 56 50 84 70 79 65 74 83 69 87 55 64 82 45 68 48 51 46 86 72 81 67 76 85 49 53 90 94 95 99
80 74 47 86 66 81 77 85 58 89 72 53 56 45 67 59 48 70 51 88 83 73 62 87 54 76 65 57 92 93 97 98
74 77 86 81 70 76 85 62 73 65 57 49 84 79 88 55 83 78 66 87 69 58 72 53 45 67 59 92 93 97 98
77 47 67 81 85 61 51 89 84 56 45 46 65 76 48 70 62 73 79 88 54 55 83 78 87 68 57 82 49 50 92 93 97 98
89 62 54 55 57 87 49 88 50 58 69 82 72 64 47 66 67 59 78 51 81 73 56 84 46 65 68 93 94 98 99
45 50 68 86 72 81 67 85 53 62 57 66 61 84 70 79 88 56 65 83 51 69 46 55 64 73 90 94 95 99
50 48 86 72 81 67 76 85 57 84 61 70 46 51 49 79 83 47 69 78 64 73 82 59 68 58 90 94 95 99
85 86 47 66 69 58 53 64 83 56 67 48 88 78 70 87 73 62 65 76 49 79 82 93 94 98 99
86 87 47 66 69 61 64 53 83 56 84 67 59 70 81 62 73 54 46 68 49 82 88 55 93 94 98 99
66 82 67 55 47 61 56 84 70 79 88 48 59 69 78 87 51 73 68 62 54 46 57 49 91 92 96 97
82 67 59 48 78 61 51 81 73 46 76 65 68 57 84 88 70 79 87 54 58 72 64 53 93 94 98 99
53 47 72 58 67 76 62 56 48 84 46 70 88 83 69 78 87 49 55 64 73 59 90 94 95 99
56 68 54 55 47 49 58 76 62 57 61 51 70 79 88 65 46 69 87 64 73 90 91 95 96
68 67 59 51 84 70 79 88 62 83 78 46 65 73 54 55 47 49 81 58 61 64 91 92 96 97
55 72 67 76 57 84 51 61 54 46 49 79 88 65 83 78 87 64 47 58 90 91 95 96
72 47 67 69 61 76 64 84 48 59 51 54 46 65 79 57 49 78 87 73 92 93 97 98
87 59 78 51 62 73 84 46 88 76 65 57 79 54 47 49 58 69 83 93 94 98 99
78 83 48 51 73 62 54 76 57 49 81 47 58 69 61 84 88 67 92 93 97 98
83 51 81 73 46 76 65 57 49 79 47 58 69 61 88 64 67 48 93 94 98 99
47 81 58 67 76 48 61 84 70 65 51 69 64 54 49 46 90 94 95 99
70 79 62 73 54 57 49 69 64 81 76 59 58 61 65 91 92 96 97
79 51 62 73 46 65 57 49 88 69 61 64 81 59 48 92 93 97 98
59 69 64 48 51 54 57 49 81 67 76 62 61 58 84 88 65 90 91 95 96
48 69 64 73 54 81 58 67 76 62 57 61 84 88 65 90 94 95 99
67 73 58 81 76 84 54 46 65 88 69 91 92 96 97
73 84 62 54 65 57 81 76 61 64 92 93 97 98
69 51 81 62 46 57 49 88 58 64 91 92 96 97
61 81 76 62 58 84 64 54 46 57 49 90 91 95 96
57 84 51 81 54 58 76 46 49 90 91 95 96
62 84 88 65 64 58 81 51 76 46 90 91 95 96
81 58 64 51 54 46 65 49 93 94 98 99
51 88 64 54 49 76 84 65 46 90 94 95 99
88 54 84 65 76 49 58 93 94 98 99
76 58 64 54 65 84 92 93 97 98
64 54 46 49 84 58 91 92 96 97
84 65 58 46 93 94 98 99
54 46 49 58 90 91 95 96
58 46 90 91 95 96
65 46 91 92 96 97
46 49 90 94 95 99
49 90 94 95 99
90
91
92
93
94
95
96
97
98
99
