#/usr/local/lib/python3.10/dist-packages/colab_kernel_launcher.py -f /root/.local/share/jupyter/runtime/kernel-ccf9b1d1-ce2b-4d6c-8d13-48aff858ef78.json
# GMT Mon May 27 13:02:12 2024
# 
13 88 65 55 133 77 113 80 57 34 47 9 10 14 112 92 36 16 137 91 58 25 61 126 139 116 60 50 27 63 40 17 138 6 8 105 118 130 97 2 64 41 54 129 119 132 109 86 33 23 121 134 111 280 289 290 299
88 118 65 108 98 56 7 37 43 109 54 99 57 89 60 41 131 74 58 101 123 100 136 113 90 68 19 49 22 52 135 125 20 50 53 34 67 124 94 30 25 9 129 80 31 12 64 48 78 138 29 81 285 286 295 296
72 137 127 117 74 5 16 47 49 0 6 36 66 128 48 20 95 51 131 108 65 67 120 30 11 100 25 28 1 132 31 61 42 43 79 29 60 62 121 133 113 4 26 80 7 37 68 10 40 70 102 69 53 284 285 294 295
137 132 47 1 80 61 12 42 64 94 75 97 48 127 78 29 59 81 92 114 95 125 79 109 112 96 129 40 70 24 54 76 27 106 57 87 38 120 71 93 121 105 2 16 139 3 82 55 66 39 118 288 289 298 299
4 119 96 63 99 30 43 20 33 10 1 131 121 98 111 42 32 45 22 120 110 90 67 44 57 132 14 135 102 46 23 124 68 104 58 136 113 5 103 116 2 138 49 85 62 127 94 97 74 18 54 129 280 289 290 299
119 26 56 10 43 54 27 8 60 90 41 74 104 86 58 105 117 131 49 36 115 120 20 99 50 51 111 53 83 34 113 116 122 30 14 44 47 28 134 31 61 12 15 106 78 108 32 79 91 135 138 287 288 297 298
24 97 9 129 15 89 66 131 121 98 55 68 35 133 25 110 100 90 80 57 21 70 122 135 112 79 82 36 124 91 71 51 28 16 126 116 0 93 106 3 83 96 6 50 17 20 118 95 29 117 130 120 280 281 290 291
97 133 87 123 136 90 74 77 58 102 115 2 16 104 82 117 63 36 66 53 139 34 67 84 128 118 44 108 25 1 31 12 94 75 48 59 92 65 132 122 23 26 56 7 111 124 40 21 43 285 286 295 296
96 122 5 35 68 21 82 121 134 111 66 8 101 39 20 53 123 67 113 18 30 2 135 102 138 80 31 61 3 33 64 94 45 75 17 29 127 62 92 95 79 116 106 25 9 73 98 59 60 109 285 286 295 296
122 128 14 44 28 40 42 106 57 41 120 139 91 121 105 138 37 21 101 52 6 36 115 118 133 100 84 2 16 124 31 61 3 63 64 17 78 51 32 111 62 136 92 34 95 98 79 112 11 287 288 297 298
29 32 110 100 90 18 57 70 37 5 135 125 19 115 0 82 59 36 114 94 71 51 136 126 139 60 73 138 118 108 85 62 52 130 107 120 87 64 41 31 44 7 33 98 134 27 8 65 281 282 291 292
32 55 91 133 90 80 34 37 7 102 79 69 21 22 36 49 39 124 114 127 104 48 61 18 116 93 2 73 14 63 19 105 31 3 108 85 65 120 74 110 87 76 26 10 56 46 121 134 27 281 282 291 292
118 91 139 35 129 52 3 33 63 85 66 39 102 53 113 116 130 103 117 25 28 9 31 94 45 75 48 108 111 134 46 109 123 126 56 7 89 40 54 138 27 87 104 77 127 58 287 288 297 298
40 41 35 16 109 76 3 33 6 17 34 45 90 103 80 57 47 25 9 102 79 92 82 59 91 81 94 61 51 136 126 116 93 23 106 26 7 50 63 10 27 95 108 85 52 120 18 281 282 291 292
41 117 120 27 8 87 77 54 86 76 89 18 131 134 19 101 22 3 33 36 20 67 57 70 135 125 102 115 69 59 28 12 94 15 126 139 93 129 106 60 63 138 128 95 108 10 65 281 282 291 292
99 127 104 117 26 37 70 43 116 129 76 27 71 93 128 58 18 2 130 107 110 19 85 36 66 39 20 50 53 34 86 121 111 14 133 98 47 28 100 136 31 45 135 51 81 102 92 95 105 114 286 287 296 297
127 133 86 67 84 30 14 47 28 0 80 15 45 48 81 111 92 65 98 139 129 112 56 7 10 131 73 27 8 60 90 120 58 18 2 35 37 3 82 134 63 6 85 115 66 39 288 289 298 299
5 83 50 17 30 128 85 75 42 117 9 130 107 120 74 44 21 11 109 89 66 43 10 121 98 55 68 22 35 12 110 123 67 80 14 112 125 115 92 46 124 104 81 84 38 2 15 126 139 280 289 290 299
83 124 114 68 19 49 94 84 66 17 126 116 106 53 34 105 11 108 44 61 107 120 15 45 48 132 65 109 86 131 134 111 56 7 70 73 133 54 123 100 136 57 113 71 74 135 112 102 115 2 284 285 294 295
65 134 100 136 23 80 93 37 21 22 52 138 54 6 92 69 114 117 71 84 2 126 129 0 63 64 17 131 85 62 107 87 30 77 14 67 76 112 43 89 45 79 59 60 283 284 293 294
134 46 125 109 131 112 11 56 10 70 12 43 27 106 57 8 120 71 123 74 77 58 105 35 37 68 6 36 115 53 132 34 116 67 103 117 16 28 31 15 138 81 62 288 289 298 299
17 94 71 25 126 103 139 93 73 62 117 120 74 51 87 64 129 1 12 132 15 76 53 20 23 111 78 35 133 123 100 77 7 57 10 135 125 102 79 69 59 49 26 91 104 280 281 290 291
94 133 123 50 113 86 67 135 84 28 1 12 42 75 78 51 81 139 46 106 23 95 25 26 7 98 21 73 54 130 87 71 132 109 131 16 111 19 49 101 33 6 285 286 295 296
9 90 44 80 34 11 132 14 89 125 102 46 59 26 124 101 104 71 48 25 6 113 116 93 60 115 128 105 49 39 117 1 84 64 54 139 129 106 86 63 10 55 45 133 123 77 280 289 290 299
90 1 31 130 120 45 110 51 46 109 23 121 26 124 10 21 43 73 57 123 8 38 113 60 74 58 18 68 114 19 33 55 36 66 126 139 116 129 138 84 131 14 47 285 286 295 296
77 108 12 42 43 76 130 60 120 110 87 100 109 112 79 124 55 91 39 81 69 20 133 123 67 103 80 93 30 14 92 105 19 49 1 15 45 114 75 104 107 26 128 95 131 284 285 294 295
108 91 133 18 105 113 19 21 112 22 52 125 6 69 20 102 53 34 86 103 30 14 44 47 1 80 31 138 128 45 75 81 92 130 110 70 42 43 73 106 38 121 286 287 296 297
15 133 113 67 135 112 125 102 69 82 11 124 16 114 81 48 12 61 126 18 139 60 128 95 42 117 107 120 74 87 8 31 129 21 76 89 66 43 131 121 98 45 58 35 280 281 290 291
133 138 75 48 78 59 62 92 125 126 109 56 10 21 43 27 57 104 0 22 52 82 6 115 39 69 102 132 34 116 98 100 30 44 1 61 12 135 288 289 298 299
21 64 31 129 109 33 23 22 123 16 113 19 0 57 6 112 89 125 102 79 124 101 114 91 81 71 139 12 106 73 138 115 128 82 62 39 75 52 117 74 51 280 281 290 291
64 43 100 136 113 27 67 103 8 80 70 112 125 115 92 82 2 114 35 104 81 117 19 0 6 126 36 20 50 138 85 98 74 87 45 132 62 89 66 121 23 68 10 283 284 293 294
80 113 1 61 93 12 75 125 138 115 46 7 116 70 106 73 54 76 8 74 95 98 110 16 68 19 0 33 63 109 36 112 89 34 121 111 101 123 284 285 294 295
113 114 48 78 46 139 98 138 7 89 43 73 27 106 57 87 104 2 131 121 22 52 82 33 63 55 39 20 50 123 34 67 135 84 11 44 28 287 288 297 298
27 107 110 31 19 44 132 6 86 76 89 131 101 78 68 45 35 11 123 100 25 67 103 34 47 37 135 102 79 82 36 81 48 26 22 50 53 98 42 280 281 290 291
107 57 8 87 38 74 58 120 91 103 2 132 16 112 3 63 6 66 50 124 53 34 100 123 84 14 25 135 1 61 12 115 42 48 78 59 114 46 139 116 56 37 10 70 73 286 287 296 297
19 103 139 116 60 50 63 18 95 85 62 16 0 130 54 31 44 66 43 131 23 11 121 78 68 35 25 110 70 37 79 82 59 49 26 91 61 38 136 280 281 290 291
103 31 61 33 45 81 117 95 98 79 11 106 14 26 128 75 59 71 130 74 120 58 23 35 37 68 70 82 54 55 121 8 39 69 102 100 126 18 84 30 16 47 286 287 296 297
30 112 79 2 69 46 82 16 49 71 38 139 116 106 60 63 14 85 62 28 42 120 31 44 132 53 43 33 131 25 26 98 111 101 35 123 100 67 34 70 47 281 282 291 292
112 14 47 42 45 75 78 136 92 126 79 110 91 125 138 23 10 114 55 85 57 38 116 18 128 131 22 33 130 66 69 51 111 53 67 98 287 288 297 298
10 54 31 86 53 89 20 33 131 111 55 45 58 25 67 47 2 125 46 0 59 49 3 16 91 104 71 28 126 18 139 138 95 75 52 120 280 289 290 299
54 74 87 38 109 18 101 55 35 110 100 6 67 50 53 34 125 79 115 69 11 14 81 28 12 136 42 116 93 138 46 128 105 23 117 26 84 120 282 283 292 293
2 50 105 85 117 120 31 8 11 132 86 76 66 121 55 68 35 44 0 14 89 125 69 46 59 16 91 48 61 38 126 116 70 106 1 60 280 289 290 299
50 58 35 71 49 22 126 139 73 20 63 128 95 85 117 14 130 47 87 1 48 86 53 131 101 78 26 37 110 70 8 38 125 92 69 59 18 114 282 283 292 293
124 128 98 131 130 25 47 1 89 106 78 59 120 62 93 104 110 121 105 26 7 37 73 126 57 87 69 18 117 49 0 3 33 6 36 66 20 51 81 287 288 297 298
62 101 58 123 136 35 70 49 0 52 102 92 39 82 34 81 84 14 44 93 25 129 47 1 61 12 138 128 105 95 75 74 23 56 37 89 38 131 60 283 284 293 294
101 129 98 11 23 25 131 37 89 73 76 87 93 132 91 18 49 111 22 52 82 63 6 136 53 34 86 67 125 102 115 47 28 114 104 45 117 75 78 81 286 287 296 297
22 28 116 129 63 53 138 74 87 8 44 86 76 56 18 131 121 68 0 35 25 6 100 34 47 102 92 82 59 11 36 49 26 14 39 48 84 61 38 280 281 290 291
28 3 57 79 82 36 91 11 58 71 14 48 25 38 136 1 116 93 106 115 105 95 39 117 23 26 51 132 86 66 43 33 111 55 35 110 16 281 282 291 292
8 130 87 31 44 11 109 66 43 20 33 23 78 55 68 35 0 3 123 100 6 67 14 135 125 102 69 46 104 48 38 136 106 60 128 85 39 280 289 290 299
130 38 60 120 93 35 16 52 33 55 36 66 69 20 131 102 86 89 117 14 44 25 47 132 12 42 45 78 59 51 81 128 109 136 7 37 73 288 289 298 299
73 110 35 16 0 52 109 63 86 55 36 76 66 69 121 67 78 91 11 123 100 47 42 135 45 125 115 46 84 23 126 37 138 38 60 120 284 285 294 295
110 45 121 87 59 58 120 37 68 70 55 85 69 111 71 136 18 126 35 3 63 78 20 81 34 117 95 46 98 44 25 56 89 61 42 286 287 296 297
139 52 6 20 53 34 135 86 116 100 117 47 0 61 42 48 111 92 114 95 128 79 109 25 7 70 43 74 104 91 121 18 288 289 298 299
20 104 81 48 116 93 106 60 6 128 95 85 39 42 18 129 53 33 98 78 25 67 57 70 12 37 135 125 102 115 92 59 114 280 281 290 291
104 102 120 100 14 45 48 121 111 46 98 79 123 37 135 125 70 115 93 74 58 18 116 129 16 68 49 3 128 105 6 85 66 39 286 287 296 297
51 91 81 6 36 39 123 136 126 93 70 135 18 92 44 49 0 114 3 117 45 84 74 106 86 53 11 128 25 26 75 12 55 87 109 79 37 78 282 283 292 293
91 98 79 11 25 89 61 42 109 76 57 87 58 100 37 70 82 55 135 38 39 92 105 53 18 84 49 0 106 33 48 78 285 286 295 296
16 70 138 95 11 14 75 117 74 87 18 132 86 53 7 78 45 35 44 57 56 69 59 36 49 114 81 58 71 61 6 280 281 290 291
70 129 1 31 45 89 48 131 121 46 25 43 135 102 79 115 60 92 82 58 71 136 93 49 52 105 67 117 284 285 294 295
36 48 136 126 116 129 106 25 63 138 12 105 75 117 87 23 132 7 76 53 111 78 55 100 67 37 125 0 79 92 33 281 282 291 292
48 58 39 100 136 57 115 59 49 114 12 42 71 84 93 128 105 95 43 74 87 56 35 121 111 0 78 55 282 283 292 293
1 67 57 14 125 102 79 115 69 82 49 26 114 71 84 18 106 60 138 7 128 105 95 75 117 31 109 0 86 66 43 56 55 136 280 289 290 299
59 68 11 47 135 12 45 81 71 116 56 106 43 57 105 75 58 117 18 74 132 86 52 3 33 89 6 39 131 111 283 284 293 294
68 93 106 46 105 95 23 75 25 7 37 43 74 87 57 38 109 89 18 63 123 100 136 66 39 125 102 92 44 114 47 81 42 283 284 293 294
46 98 111 11 58 25 26 67 45 135 125 79 49 23 7 37 136 126 116 129 39 105 85 75 52 18 35 87 86 76 66 34 282 283 292 293
98 23 26 136 126 55 57 38 39 69 115 71 53 105 18 84 116 106 33 66 78 34 95 42 109 76 92 286 287 296 297
37 129 86 0 76 31 12 78 123 44 57 89 125 79 92 49 18 126 35 3 128 6 82 52 42 120 281 282 291 292
129 132 52 115 66 69 102 53 116 100 84 49 61 138 111 114 95 125 11 44 56 75 76 87 93 126 58 121 105 288 289 298 299
57 74 42 109 86 121 111 26 125 82 18 81 61 0 126 116 93 53 138 128 95 85 14 44 283 284 293 294
71 39 69 120 34 87 11 14 89 131 121 111 45 79 115 92 82 114 38 60 84 116 106 105 49 95 0 85 52 3 284 285 294 295
3 136 18 115 7 128 105 85 39 42 117 84 31 132 53 89 43 56 33 23 111 78 55 45 25 100 102 79 69 49 81 58 38 280 289 290 299
136 33 111 114 95 79 44 43 45 106 87 60 74 58 105 23 26 82 38 39 69 132 135 86 100 288 289 298 299
69 81 11 47 106 31 86 45 128 131 85 56 109 43 89 121 123 35 49 0 52 135 63 55 125 67 283 284 293 294
81 34 123 11 135 47 105 114 84 79 86 56 7 95 131 43 76 38 58 100 18 63 55 111 284 285 294 295
58 120 11 14 132 56 76 89 43 121 123 100 67 135 102 52 92 82 114 93 60 63 0 33 283 284 293 294
132 26 56 7 89 76 106 87 38 60 93 126 35 0 52 82 63 85 34 86 84 44 25 12 45 135 131 288 289 298 299
26 86 76 11 131 78 55 45 123 100 67 135 102 92 23 39 84 61 38 126 85 0 117 6 120 44 280 281 290 291
100 105 42 114 93 23 56 7 109 49 0 82 33 6 53 84 11 14 25 125 115 286 287 296 297
105 84 131 33 6 34 67 109 14 44 111 47 61 42 75 76 117 55 85 39 86 286 287 296 297
38 6 84 74 109 86 76 66 43 56 11 121 25 78 31 55 45 67 47 125 82 23 60 138 115 128 35 281 282 291 292
31 67 135 125 102 79 82 0 116 93 6 63 138 95 85 75 52 14 120 74 44 109 43 23 123 281 282 291 292
42 47 35 49 0 33 39 61 34 106 128 75 84 74 87 109 63 53 66 56 23 7 111 78 55 282 283 292 293
74 87 18 109 89 49 0 33 63 6 39 53 34 44 25 115 47 114 84 93 95 284 285 294 295
138 117 0 52 63 85 66 34 84 14 25 47 61 12 92 126 79 23 89 43 102 86 288 289 298 299
116 6 115 66 53 67 61 12 78 120 95 121 89 43 76 106 60 18 135 287 288 297 298
125 61 75 111 114 95 56 87 120 131 18 0 52 82 115 66 102 86 287 288 297 298
12 67 44 47 89 102 82 7 93 106 60 115 128 95 85 0 84 120 87 109 76 33 23 111 78 45 280 289 290 299
55 126 23 95 7 89 66 121 49 52 33 6 39 123 93 135 92 82 47 114 45 282 283 292 293
84 102 66 115 67 114 117 126 49 33 78 120 14 56 43 76 111 23 135 285 286 295 296
102 44 25 47 128 120 56 87 60 111 35 49 63 135 34 67 286 287 296 297
75 123 18 79 115 49 82 33 63 34 67 126 93 106 11 14 44 47 128 61 95 76 56 121 60 284 285 294 295
43 23 109 76 111 18 67 47 135 82 117 61 11 25 53 85 52 282 283 292 293
128 18 0 82 66 39 135 34 44 61 95 126 23 56 7 89 87 60 93 288 289 298 299
95 111 49 53 34 14 25 106 78 79 23 89 109 87 285 286 295 296
111 109 89 135 87 117 126 35 39 86 14 45 78 121 286 287 296 297
67 45 126 93 56 117 86 49 52 53 79 115 47 283 284 293 294
87 120 76 109 35 85 34 14 61 45 126 7 117 285 286 295 296
66 126 56 93 117 49 109 86 63 76 6 53 121 47 61 45 82 283 284 293 294
106 120 33 85 39 109 53 121 123 61 92 7 60 93 131 286 287 296 297
120 93 63 85 115 14 78 114 126 23 25 89 287 288 297 298
33 126 63 115 117 18 76 56 121 11 14 25 79 92 114 61 281 282 291 292
45 79 92 23 114 93 85 0 86 56 131 78 282 283 292 293
56 86 76 89 7 131 123 35 115 52 6 114 53 34 60 14 0 85 283 284 293 294
35 85 52 117 23 44 86 76 131 121 47 79 11 14 61 126 93 281 282 291 292
44 79 49 18 93 60 63 6 39 34 0 86 131 121 78 123 282 283 292 293
93 49 52 82 6 85 53 25 78 79 7 86 285 286 295 296
14 92 82 114 60 85 86 123 34 280 281 290 291
117 86 63 6 79 109 11 25 61 52 287 288 297 298
6 18 7 0 85 52 86 76 23 123 79 114 280 289 290 299
18 39 109 0 11 92 114 7 280 281 290 291
39 63 53 52 34 109 25 89 47 23 60 115 82 49 114 281 282 291 292
11 89 7 92 49 114 61 82 85 109 76 131 121 78 34 47 280 289 290 299
89 23 25 121 7 52 92 85 53 61 63 285 286 295 296
114 47 135 115 92 109 76 60 82 63 85 287 288 297 298
123 92 79 109 7 76 60 121 0 52 82 63 115 34 86 61 287 288 297 298
60 0 52 121 78 47 135 92 23 7 61 126 131 283 284 293 294
52 126 85 0 76 53 25 47 78 135 92 82 7 282 283 292 293
126 63 85 86 25 23 76 121 288 289 298 299
115 78 131 109 121 7 82 85 53 86 287 288 297 298
25 61 7 63 0 280 281 290 291
7 109 23 121 34 135 79 92 49 61 85 280 289 290 299
49 76 23 131 78 135 34 282 283 292 293
79 47 61 78 92 63 109 284 285 294 295
61 53 135 92 63 23 131 283 284 293 294
63 53 85 0 76 121 92 283 284 293 294
76 121 78 92 53 47 86 131 284 285 294 295
34 85 109 131 47 135 82 281 282 291 292
86 82 92 285 286 295 296
78 23 135 82 109 47 284 285 294 295
109 92 286 287 296 297
121 0 287 288 297 298
23 131 47 82 280 281 290 291
92 0 53 285 286 295 296
85 82 131 135 285 286 295 296
82 284 285 294 295
47 135 53 131 282 283 292 293
135 0 53 288 289 298 299
0 131 280 289 290 299
131 53 288 289 298 299
53 282 283 292 293
152 263 253 197 177 262 265 242 219 209 222 153 189 156 277 254 147 267 150 178 276 168 266 243 233 223 213 167 157 170 255 268 245 225 142 159 140 214 227 146 204 171 259 272 249 160 173 248 151 251 205 149 162 280 289 290 299
263 204 270 169 199 191 221 251 202 153 249 252 272 236 166 196 150 274 161 164 246 227 230 181 260 233 214 198 228 158 265 145 159 140 241 192 143 203 195 176 267 179 209 212 253 226 224 257 268 141 220 201 287 288 297 298
153 228 195 172 185 162 250 240 197 149 164 177 262 242 232 209 189 166 254 231 211 188 201 178 168 266 158 243 233 246 200 157 278 146 245 235 225 192 257 247 237 142 181 184 259 272 249 143 216 160 238 280 289 290 299
228 186 219 247 250 196 210 183 272 194 216 239 181 251 198 142 273 145 175 156 243 208 159 162 192 195 146 206 179 223 254 224 234 170 154 184 266 168 256 233 269 220 246 201 204 188 218 169 172 245 202 285 286 295 296
172 241 169 185 175 273 240 253 174 210 163 144 145 275 252 147 255 209 161 199 277 267 211 224 178 158 233 142 200 236 190 154 180 278 245 248 157 192 260 214 250 227 217 184 259 151 165 186 271 261 274 281 282 291 292
241 232 256 269 238 219 259 258 271 180 216 247 260 200 211 231 158 252 145 264 162 222 203 195 146 176 273 239 190 212 276 193 243 226 275 170 255 184 187 168 171 254 267 204 155 244 234 185 237 218 169 286 287 296 297
183 250 259 166 177 262 180 219 186 271 274 251 185 273 158 276 253 230 207 243 197 159 252 140 265 162 255 232 146 212 160 254 244 221 257 211 201 266 279 151 256 269 154 223 200 213 193 278 215 192 205 270 282 283 292 293
250 271 215 261 199 200 233 244 247 245 163 144 262 177 208 161 192 222 146 225 148 178 179 264 223 226 207 276 253 243 224 175 220 278 255 173 237 188 190 191 277 186 238 219 170 269 259 168 268 286 287 296 297
157 198 178 145 266 243 210 140 223 167 180 169 182 159 257 247 224 237 191 227 181 158 269 141 259 236 249 193 206 173 271 251 205 273 144 217 253 184 174 187 252 229 209 199 176 166 264 254 267 221 280 281 290 291
198 202 238 191 215 174 186 214 154 165 226 262 149 239 206 271 197 261 264 231 208 273 145 175 177 275 252 242 192 176 222 148 160 193 254 211 224 201 170 266 256 269 246 187 159 189 141 143 173 185 283 284 293 294
216 247 260 227 144 166 177 150 180 210 213 164 239 197 148 211 251 264 145 253 156 243 159 189 233 162 173 176 242 179 222 277 234 224 151 168 269 149 141 246 155 185 188 169 199 258 202 248 225 238 284 285 294 295
247 167 178 181 270 260 231 158 245 272 156 262 208 159 192 222 173 225 179 251 239 264 223 238 276 253 184 165 265 220 278 255 182 204 215 221 277 232 233 267 235 196 180 161 213 194 258 286 287 296 297
195 224 201 269 246 223 226 166 271 248 150 180 194 148 237 227 217 207 249 239 142 145 175 251 173 146 176 208 160 191 193 174 220 200 275 278 232 184 245 187 149 141 277 155 244 234 188 211 169 282 283 292 293
224 232 245 212 207 244 159 189 203 278 268 218 160 221 235 248 225 205 170 237 151 154 196 149 259 272 155 229 181 211 214 217 273 163 240 145 243 177 208 180 210 162 192 275 194 285 286 295 296
168 207 220 197 275 242 232 176 189 231 211 188 165 276 266 243 233 213 203 180 170 268 202 192 169 257 191 227 181 150 184 269 272 167 193 261 238 158 218 208 185 175 273 240 217 159 253 281 282 291 292
207 149 141 201 182 155 185 267 244 221 234 202 266 256 233 269 278 268 258 212 150 194 178 237 214 158 226 262 239 142 175 156 271 189 140 143 176 231 206 208 190 253 230 210 242 219 165 187 283 284 293 294
169 185 273 240 230 158 220 177 252 255 140 176 146 277 211 201 178 191 276 266 154 190 165 278 235 248 202 179 192 257 270 204 181 171 163 249 144 239 166 196 173 161 164 148 205 281 282 291 292
180 181 217 269 145 262 193 162 206 143 196 261 238 205 240 230 243 220 210 165 275 171 219 232 222 199 264 277 267 234 188 191 246 166 200 236 150 278 258 167 178 215 270 260 281 282 291 292
181 257 270 214 259 249 229 271 175 218 143 185 173 160 230 220 252 199 189 149 231 244 221 234 155 188 201 191 246 200 236 190 203 268 245 258 212 144 248 225 202 215 177 205 281 282 291 292
205 274 251 218 208 163 144 233 147 275 162 265 164 194 255 176 148 277 244 221 234 266 256 156 187 159 213 140 268 190 191 225 238 215 174 270 260 237 151 154 272 249 229 155 219 197 283 284 293 294
274 235 238 249 271 236 165 229 182 194 200 230 260 211 244 266 217 264 276 147 177 162 192 143 173 176 255 206 258 209 160 212 242 193 272 223 226 270 170 187 220 201 155 234 215 267 248 202 232 288 289 298 299
189 266 279 246 190 203 170 151 154 245 248 141 202 171 192 182 155 185 188 260 272 229 206 196 165 149 164 167 273 240 217 253 220 265 219 175 156 222 264 277 267 176 221 234 160 282 283 292 293
266 162 203 146 225 237 179 160 190 273 174 253 238 170 151 154 141 220 182 204 188 199 251 276 265 249 275 196 177 229 161 194 246 178 230 212 269 261 262 156 159 288 289 298 299
149 230 174 151 272 164 275 252 229 232 186 199 166 208 244 221 211 143 243 233 210 222 235 212 225 202 179 234 214 191 158 246 226 193 170 206 173 271 251 147 185 162 260 227 280 289 290 299
230 155 260 188 199 191 272 219 252 163 147 264 177 150 210 194 276 211 214 265 232 245 159 162 143 222 173 203 146 206 179 256 193 233 223 174 226 236 268 258 271 248 184 187 285 286 295 296
208 279 199 233 213 278 268 225 215 166 270 161 194 197 148 178 259 262 229 261 251 144 264 175 156 173 203 240 276 206 179 243 160 220 174 265 242 209 254 187 257 141 155 283 284 293 294
279 173 203 146 225 206 258 239 193 174 253 256 240 270 273 276 257 154 184 140 141 220 171 201 234 237 218 248 191 221 265 238 268 249 271 147 210 161 246 197 227 260 233 244 217 261 245 142 144 278 288 289 298 299
209 244 221 234 170 184 187 233 141 201 185 278 268 199 258 191 235 248 202 225 214 227 166 177 161 239 167 219 178 251 218 231 276 253 145 210 159 275 252 265 179 245 190 222 277 254 283 284 293 294
244 190 212 242 270 165 262 220 201 182 155 237 251 232 186 238 273 276 166 147 252 150 255 164 167 148 200 277 233 257 246 145 175 162 192 203 245 146 258 248 179 286 287 296 297
217 248 213 270 237 214 227 240 272 239 163 229 219 177 261 192 164 264 194 218 231 193 275 265 154 242 255 232 187 159 140 171 143 155 267 234 202 174 259 151 166 258 235 150 284 285 294 295
248 158 276 253 145 175 147 275 161 252 162 143 222 203 255 146 176 179 239 190 257 243 187 204 215 218 186 151 165 196 272 150 262 229 167 197 148 211 214 286 287 296 297
201 240 179 210 265 222 264 154 184 231 165 182 155 185 188 233 269 191 213 203 186 202 215 163 147 161 227 164 148 272 249 229 145 218 175 156 159 162 192 173 283 284 293 294
240 182 204 234 185 199 277 254 267 202 235 219 269 144 166 147 210 268 161 164 271 194 148 227 260 231 249 175 262 140 143 203 176 261 264 226 273 243 154 184 165 141 286 287 296 297
161 204 171 150 259 236 226 173 271 163 251 218 158 185 175 156 143 164 275 252 186 176 166 277 254 221 165 178 223 155 190 245 235 225 179 215 182 257 270 191 227 280 281 290 291
204 194 167 275 252 232 212 145 156 221 140 192 143 173 203 176 256 179 236 226 268 258 225 170 270 141 171 237 214 182 227 188 191 259 272 229 206 219 261 163 218 166 147 283 284 293 294
147 269 151 236 272 142 203 239 160 271 261 143 238 185 175 253 220 174 275 252 242 219 186 141 156 277 267 256 233 210 223 278 170 245 235 179 257 237 214 191 227 280 289 290 299
269 272 162 164 194 206 148 179 239 212 223 253 226 262 158 257 140 143 278 203 234 221 202 232 174 254 219 170 151 236 166 197 227 200 233 261 264 245 288 289 298 299
167 237 214 227 194 171 239 206 173 261 185 151 273 154 243 187 242 219 232 212 179 254 267 221 234 188 163 178 166 150 256 246 162 190 193 278 268 245 235 238 215 192 158 280 281 290 291
213 214 227 145 175 159 192 173 203 262 206 179 261 253 165 187 243 141 171 252 265 188 242 277 267 221 257 144 196 256 150 210 236 164 194 197 148 278 178 200 258 235 225 270 284 285 294 295
214 215 178 272 249 226 239 145 219 261 173 203 264 146 218 190 174 253 243 275 252 232 171 182 188 257 199 234 186 144 166 268 177 258 150 235 225 284 285 294 295
194 237 206 271 218 159 143 253 146 220 197 210 190 252 174 242 219 232 222 199 170 151 254 184 234 182 256 233 188 246 258 225 215 163 257 166 177 282 283 292 293
237 148 158 242 142 245 159 277 162 192 222 257 203 146 206 160 193 268 151 154 184 270 185 218 221 202 232 186 249 239 252 236 163 144 261 251 150 285 286 295 296
154 164 177 232 222 166 156 254 231 221 158 243 246 223 144 278 225 179 215 148 187 182 257 260 142 249 226 239 229 206 140 261 146 251 185 175 165 197 280 281 290 291
164 171 141 272 249 229 206 173 261 218 175 273 163 144 150 197 174 210 262 148 219 255 232 231 267 243 233 162 200 190 203 278 160 170 225 179 257 270 280 281 290 291
215 220 142 145 252 265 156 242 255 159 162 173 206 231 160 221 174 276 256 246 170 223 151 236 278 187 245 141 155 188 270 260 249 262 239 166 238 284 285 294 295
206 211 276 196 150 197 258 225 270 173 203 146 176 179 160 261 238 218 170 243 220 182 155 185 242 219 188 222 234 264 254 231 221 283 284 293 294
211 179 160 190 270 260 226 262 229 184 165 141 182 199 166 196 177 222 210 264 197 148 267 178 200 234 256 246 158 223 236 278 175 245 159 140 225 203 284 285 294 295
179 257 234 188 142 246 223 175 190 203 159 278 140 271 155 270 170 151 259 272 166 252 196 251 218 231 144 265 254 281 282 291 292
257 265 242 253 256 142 175 156 140 222 173 188 190 221 174 219 236 184 260 182 155 272 200 202 232 233 186 261 273 150 210 225 287 288 297 298
144 236 226 239 193 170 160 182 174 272 275 229 265 196 186 176 166 264 156 231 155 276 256 210 246 142 278 245 222 258 235 212 143 202 192 146 191 280 289 290 299
236 145 225 160 190 212 174 273 253 158 170 142 184 156 265 278 140 171 143 203 155 185 221 202 246 259 165 166 229 258 210 182 197 227 260 231 285 286 295 296
212 254 158 142 145 156 187 246 176 268 188 160 190 235 174 238 170 227 165 272 171 182 252 155 251 186 231 221 276 243 166 162 192 265 242 148 178 222 284 285 294 295
254 193 253 226 170 151 165 141 220 171 265 255 188 199 232 277 267 238 219 252 256 163 166 196 177 229 246 271 178 158 245 140 192 176 261 287 288 297 298
156 210 200 268 245 258 235 151 202 192 267 158 259 249 203 193 261 238 218 162 253 262 229 265 242 186 176 166 143 146 178 276 243 256 280 281 290 291
210 140 141 259 249 155 185 239 188 202 261 238 151 165 253 196 265 219 200 222 267 221 177 233 146 148 268 174 225 260 184 284 285 294 295
243 278 140 141 188 191 202 232 174 235 186 256 150 268 258 271 197 227 199 163 272 262 177 222 176 148 178 223 253 265 286 287 296 297
278 273 175 140 220 173 255 239 191 193 174 238 271 252 170 151 171 185 199 200 233 235 219 261 177 258 275 256 288 289 298 299
175 223 200 190 268 258 225 192 182 260 150 226 196 158 162 143 220 197 187 160 219 199 231 151 221 234 165 276 171 155 281 282 291 292
223 277 267 140 143 203 190 256 246 193 174 235 225 165 187 141 171 185 199 191 259 186 226 229 261 163 251 166 273 276 197 253 252 255 142 284 285 294 295
176 188 178 170 165 203 268 245 155 235 225 202 182 227 163 262 193 150 261 238 251 253 187 145 252 159 219 143 222 199 174 281 282 291 292
188 160 197 275 232 222 184 199 141 267 256 233 238 192 270 148 260 178 272 239 158 219 196 145 261 218 143 282 283 292 293
235 264 142 145 276 253 222 265 190 245 277 267 151 187 141 182 199 191 202 268 232 186 260 150 259 249 262 148 239 200 233 261 285 286 295 296
227 270 197 259 262 239 229 142 271 251 159 162 222 203 276 160 253 190 193 170 165 264 187 267 155 218 199 221 246 268 285 286 295 296
270 200 260 233 264 159 162 173 146 225 160 242 253 226 170 165 187 182 267 251 232 186 249 252 276 163 196 177 150 246 288 289 298 299
199 273 262 171 252 155 255 277 186 234 163 233 177 203 197 148 225 202 142 145 249 226 162 192 143 146 271 160 283 284 293 294
186 238 170 184 166 171 220 182 197 252 277 231 267 221 163 191 256 246 178 268 202 192 145 140 143 173 226 262 239 160 271 282 283 292 293
238 163 196 276 177 197 275 148 242 255 226 277 145 220 192 222 173 259 146 190 151 229 171 155 272 262 252 200 286 287 296 297
251 273 276 196 177 150 246 267 231 245 256 145 159 162 143 222 268 146 193 174 226 260 170 184 187 262 182 191 221 264 286 287 296 297
143 276 256 255 268 258 182 171 259 249 193 173 150 261 218 165 220 177 275 252 142 219 264 231 221 178 280 289 290 299
276 173 203 218 160 221 174 277 249 171 155 185 200 264 146 225 148 258 239 193 256 259 273 187 159 288 289 298 299
260 148 233 231 158 262 142 145 261 162 264 255 258 160 242 253 170 187 140 141 220 185 267 218 221 249 163 165 196 287 288 297 298
220 141 155 218 265 242 232 202 234 166 196 256 197 148 268 271 225 158 159 259 239 229 160 193 261 151 184 284 285 294 295
221 231 233 275 265 165 255 232 182 267 234 246 258 158 272 249 262 145 140 192 264 284 285 294 295
185 265 242 219 255 264 277 231 267 191 200 190 245 258 202 162 272 249 226 170 151 196 184 165 182 155 282 283 292 293
272 196 150 229 197 200 158 264 222 203 255 239 190 253 226 262 170 273 182 267 191 232 219 252 288 289 298 299
166 259 226 196 231 273 197 187 177 265 255 267 178 148 191 200 258 202 159 146 184 280 281 290 291
259 150 229 197 242 158 245 142 271 192 222 203 146 160 273 191 193 174 253 256 264 234 218 202 232 249 231 265 287 288 297 298
253 264 155 234 202 232 163 165 196 200 262 140 162 225 273 190 174 265 151 287 288 297 298
264 151 184 165 187 273 171 155 218 202 245 150 255 197 148 239 256 145 159 192 146 160 287 288 297 298
145 258 192 159 184 141 151 249 226 229 160 196 173 163 162 197 174 275 252 219 232 222 146 280 289 290 299
232 187 171 275 191 202 277 163 196 177 246 268 258 158 140 162 192 173 239 193 285 286 295 296
219 271 151 184 165 273 218 202 252 255 245 196 177 150 178 256 246 191 174 239 229 284 285 294 295
271 249 245 150 229 225 255 197 178 226 256 262 277 159 140 267 160 239 174 170 184 187 273 171 218 200 288 289 298 299
190 234 159 162 173 233 160 225 170 141 182 249 262 196 261 218 177 148 252 265 242 222 158 282 283 292 293
182 262 252 229 242 231 146 246 200 255 165 141 192 171 249 226 193 196 163 150 218 178 282 283 292 293
202 218 158 265 193 277 267 234 170 184 171 245 196 177 226 262 229 200 283 284 293 294
218 273 242 222 197 178 233 158 246 142 268 258 162 192 146 184 187 171 261 231 284 285 294 295
231 258 165 229 171 249 261 163 196 177 233 146 265 245 193 277 267 234 142 187 159 173 203 285 286 295 296
140 246 200 255 268 225 192 146 267 159 171 226 193 170 160 173 197 187 262 275 265 277 165 178 155 280 289 290 299
273 267 191 163 196 229 258 261 262 158 142 159 192 173 203 146 193 174 226 184 141 275 288 289 298 299
234 193 226 275 252 242 255 184 277 171 191 246 268 258 163 165 229 239 142 159 146 225 285 286 295 296
277 256 262 170 184 165 187 171 163 177 150 229 246 148 261 158 245 142 162 146 160 239 288 289 298 299
200 159 192 173 146 193 174 229 151 171 155 275 222 267 177 246 178 226 268 258 225 142 283 284 293 294
177 249 239 193 196 184 163 197 165 187 275 229 148 233 255 173 192 267 281 282 291 292
141 174 187 275 265 242 255 191 203 192 159 171 184 151 249 196 173 150 163 261 162 165 142 280 289 290 299
173 233 258 191 158 226 196 146 170 197 275 242 155 267 281 282 291 292
193 163 256 148 178 203 225 142 192 226 229 261 151 171 155 252 265 242 282 283 292 293
162 256 203 170 268 184 249 163 165 160 197 187 252 242 255 155 280 281 290 291
233 159 222 191 239 170 151 184 171 242 255 245 150 197 178 158 268 285 286 295 296
249 261 150 178 275 158 142 203 239 242 151 258 184 187 171 155 286 287 296 297
197 191 150 148 252 242 267 159 256 258 170 151 184 165 283 284 293 294
178 191 160 174 170 196 261 275 229 242 163 150 267 256 246 255 245 225 281 282 291 292
159 245 258 192 171 226 239 187 275 267 150 148 280 281 290 291
258 158 245 146 225 256 187 155 191 252 229 246 148 287 288 297 298
203 246 146 255 268 225 174 170 142 155 163 150 252 265 283 284 293 294
148 171 184 151 226 239 150 163 146 252 222 165 256 268 245 225 192 280 289 290 299
151 265 150 155 170 268 245 225 267 191 171 226 239 160 184 280 289 290 299
265 155 191 275 163 267 150 158 222 146 255 174 256 262 287 288 297 298
184 262 242 267 191 245 239 155 196 261 163 282 283 292 293
262 150 229 267 261 239 242 275 142 187 171 174 252 287 288 297 298
226 256 246 268 158 142 174 229 155 275 255 245 285 286 295 296
196 165 158 142 242 255 222 160 174 170 268 245 191 283 284 293 294
171 187 275 222 191 256 160 268 170 229 281 282 291 292
150 229 160 163 142 275 252 146 245 280 289 290 299
242 187 256 268 163 252 142 146 225 275 255 174 286 287 296 297
160 246 146 170 268 158 142 155 275 255 267 280 281 290 291
191 174 158 142 222 256 252 163 261 282 283 292 293
267 174 170 158 222 288 289 298 299
239 229 246 268 142 192 222 165 255 245 286 287 296 297
256 225 255 174 187 163 246 275 245 287 288 297 298
261 163 229 192 222 275 174 165 155 287 288 297 298
174 245 225 142 146 187 281 282 291 292
246 222 225 252 165 187 255 229 142 286 287 296 297
155 275 255 222 158 163 280 281 290 291
158 146 192 163 275 222 142 280 281 290 291
163 229 222 146 268 225 280 281 290 291
142 170 255 245 192 146 275 229 165 280 289 290 299
170 165 187 281 282 291 292
229 255 187 268 285 286 295 296
245 146 165 252 286 287 296 297
255 187 268 192 222 287 288 297 298
146 165 280 289 290 299
187 275 268 192 282 283 292 293
165 252 280 281 290 291
252 275 287 288 297 298
225 268 222 275 285 286 295 296
222 275 192 284 285 294 295
275 268 288 289 298 299
192 268 282 283 292 293
268 288 289 298 299
280
281
282
283
284
285
286
287
288
289
290
291
292
293
294
295
296
297
298
299
