#/usr/local/lib/python3.10/dist-packages/colab_kernel_launcher.py -f /root/.local/share/jupyter/runtime/kernel-4e96f4f6-3ff9-4b57-9774-52bcdd39bbb8.json
# GMT Mon May 27 18:22:04 2024
# 
13 88 143 145 79 26 70 17 30 19 140 129 21 89 78 133 146 67 10 122 14 135 69 82 124 137 58 126 73 128 134 123 112 46 59 114 127 61 103 5 39 120 96 3 164 56 98 111 34 47 168 12 91 25 159 27 40 6 108 29 31 44 20 33 154 340 349 350 359
88 130 119 60 121 134 5 20 114 127 116 78 29 107 122 8 87 38 166 55 17 117 159 106 15 45 95 152 24 54 99 154 167 77 18 156 92 67 147 160 94 162 80 31 61 12 42 10 40 142 21 155 131 74 144 68 49 0 135 53 83 137 126 139 344 345 354 355
16 93 148 95 42 1 84 152 99 20 33 156 90 158 79 92 0 81 94 136 149 83 17 138 85 87 76 131 23 78 69 124 14 75 117 51 64 132 121 55 110 57 112 46 59 61 6 37 50 105 118 160 52 15 162 109 164 32 100 155 168 157 49 91 3 340 349 350 359
93 140 69 50 142 155 65 84 144 157 44 25 135 148 4 137 57 87 139 128 2 6 66 17 51 134 15 75 60 125 127 43 24 54 116 129 52 82 122 1 61 12 166 168 46 91 10 89 117 55 106 119 95 19 49 110 165 34 167 62 107 90 96 5 344 345 354 355
35 106 95 42 84 44 86 99 147 81 94 136 83 29 151 72 140 4 74 87 129 27 76 144 65 78 2 80 6 135 82 11 139 15 62 24 119 66 18 68 110 123 112 125 59 63 118 39 52 120 21 54 43 56 111 19 100 155 47 49 91 104 38 51 9 341 342 351 352
106 69 111 124 25 113 97 48 78 29 59 159 38 161 91 110 85 66 112 154 100 169 15 94 145 98 162 73 24 54 18 22 101 52 3 33 142 155 67 144 157 1 80 12 95 10 126 74 141 143 68 132 47 92 56 7 37 129 60 41 71 118 345 346 355 356
76 107 10 109 124 166 68 19 0 53 34 104 47 9 119 32 108 163 97 37 99 60 41 101 169 5 103 69 20 92 50 105 160 48 59 164 100 8 91 2 135 6 148 66 17 150 30 84 11 139 143 43 73 24 54 134 52 33 67 114 12 118 65 343 344 353 354
107 27 8 38 72 55 36 134 100 30 64 15 75 127 116 73 118 120 103 109 122 111 113 168 1 42 159 119 40 108 163 74 104 152 19 112 49 102 47 28 147 160 62 7 37 164 41 71 140 105 157 69 133 14 25 148 97 48 78 29 137 23 345 346 355 356
95 157 146 39 69 150 14 139 132 8 38 121 134 2 136 36 66 17 125 114 30 116 129 15 45 118 131 79 120 24 3 33 1 31 42 161 65 163 97 40 154 167 156 68 49 103 145 158 105 34 47 51 98 140 56 155 60 90 41 144 344 345 354 355
157 14 44 25 29 23 4 27 8 38 72 2 6 111 130 94 75 60 109 143 124 54 118 122 18 52 97 67 142 1 31 125 110 91 121 155 85 74 19 113 147 98 28 163 9 32 92 26 141 101 41 120 71 135 86 116 5 69 50 65 348 349 358 359
136 158 64 43 151 164 92 26 7 22 82 41 144 71 116 159 20 50 65 25 29 154 134 143 4 53 83 113 2 117 47 36 81 62 140 96 45 60 120 124 118 103 84 168 127 131 42 161 27 46 163 165 40 21 55 6 85 119 100 130 156 0 347 348 357 358
158 117 47 92 26 56 7 37 60 71 154 105 118 99 122 103 84 14 48 127 108 168 112 23 87 38 110 140 121 55 85 36 66 11 64 15 94 45 147 128 109 9 73 24 137 141 52 3 63 116 146 42 46 125 25 123 4 138 0 102 83 113 348 349 358 359
29 32 155 168 115 20 104 38 159 25 148 161 108 97 152 165 143 77 90 37 79 6 160 94 96 138 30 15 85 129 89 24 146 122 135 69 82 58 128 12 130 66 10 21 68 123 125 19 127 48 169 116 9 118 52 54 7 111 340 341 350 351
32 90 103 4 92 39 160 162 2 151 85 87 26 131 78 133 148 124 137 71 84 139 14 128 3 77 132 53 27 68 123 57 21 72 48 61 116 30 50 63 65 122 43 9 56 45 34 47 7 102 115 22 49 40 161 1 150 97 152 86 46 340 341 350 351
6 48 61 105 118 0 65 120 54 43 111 168 49 40 1 110 31 152 99 33 167 101 143 90 24 79 81 149 83 72 153 74 87 142 155 78 91 12 133 146 14 124 71 18 139 20 75 117 9 11 53 66 123 57 70 125 114 340 349 350 359
48 58 17 100 113 102 49 159 150 24 110 3 156 103 160 42 81 46 96 138 151 85 40 153 74 87 155 89 19 133 146 34 135 148 69 82 126 128 26 75 130 77 79 55 39 123 112 14 59 114 129 50 105 23 4 52 38 122 341 342 351 352
97 166 41 113 168 115 84 14 99 154 27 57 87 38 105 147 160 55 85 66 149 151 30 11 98 153 94 45 79 43 54 133 18 150 82 86 80 143 65 46 70 74 114 127 53 34 129 131 47 28 120 51 62 109 122 96 56 37 344 345 354 355
166 59 23 8 87 91 2 85 130 11 64 94 45 128 79 109 24 54 77 18 3 86 80 31 42 114 144 46 125 110 10 89 70 153 104 68 49 0 113 9 168 51 81 92 156 96 56 7 141 37 60 90 135 124 5 39 69 167 103 163 25 348 349 358 359
9 90 11 145 149 138 72 127 129 21 10 133 80 122 69 58 71 115 128 49 51 64 66 44 112 167 5 37 50 52 162 54 30 164 98 4 153 45 87 100 34 47 102 2 25 38 159 161 82 163 18 31 152 141 33 154 156 340 349 350 359
90 163 81 112 56 71 92 160 39 138 151 44 98 25 23 4 57 8 38 148 2 150 55 66 17 126 139 141 11 143 64 45 75 119 24 54 77 58 18 22 52 116 86 67 131 1 80 61 164 111 70 113 19 117 159 34 161 344 345 354 355
113 147 160 59 149 138 151 23 27 8 87 110 91 2 55 135 30 64 15 94 75 139 98 79 128 73 54 130 58 119 18 121 3 63 67 125 31 42 129 10 70 21 49 83 34 51 81 159 62 150 71 105 143 156 99 145 345 346 355 356
147 28 51 81 111 96 26 141 41 69 99 133 168 78 108 59 142 38 163 121 2 165 167 30 169 15 45 98 128 160 79 143 149 162 24 54 164 58 18 153 3 33 86 116 146 131 1 31 148 46 150 129 70 21 123 104 134 83 347 348 357 358
27 5 41 109 43 164 58 100 25 115 38 51 8 161 163 110 86 33 154 46 167 101 103 15 94 28 162 83 24 98 140 18 89 78 91 67 1 135 71 10 60 64 77 19 0 66 123 112 125 61 116 129 50 63 105 118 65 340 341 350 351
71 150 99 154 12 42 101 143 156 79 40 81 149 83 138 49 0 72 140 153 53 34 74 87 89 47 28 144 78 26 56 60 5 141 130 134 59 23 4 114 8 169 129 2 105 55 36 66 109 15 45 168 102 22 343 344 353 354
150 80 20 152 114 65 148 129 78 138 72 102 36 17 51 81 30 96 45 124 43 54 99 133 84 127 161 131 163 31 61 12 165 140 167 10 40 21 169 55 115 104 119 130 160 162 98 151 28 62 92 126 56 7 141 159 347 348 357 358
163 124 5 103 165 127 167 131 112 23 4 87 38 140 91 121 85 36 66 119 100 94 75 98 79 43 24 137 22 3 63 67 1 80 31 114 144 46 40 123 153 104 138 49 72 53 132 83 28 51 81 160 56 168 348 349 358 359
2 50 105 39 52 120 54 164 111 34 102 36 91 104 159 99 33 154 143 156 77 24 79 92 70 17 138 151 72 21 131 144 67 124 5 126 139 60 7 75 117 130 11 132 68 110 123 112 46 167 114 61 340 349 350 359
50 51 17 148 108 11 99 24 92 18 81 83 138 151 129 142 89 78 133 40 67 80 135 0 126 139 62 117 64 77 132 53 66 121 55 26 110 123 41 112 59 103 116 20 118 52 14 25 54 164 56 98 111 23 102 341 342 351 352
62 101 58 18 52 160 81 94 83 61 12 42 138 151 46 140 153 87 155 40 21 91 133 80 19 69 53 124 137 28 128 130 64 26 56 134 68 112 125 39 44 25 59 65 120 162 23 164 57 102 36 11 161 45 108 152 24 342 343 352 353
101 126 139 11 128 37 60 41 132 134 69 20 138 44 127 78 59 116 129 118 131 57 87 120 91 122 36 168 30 15 98 119 161 108 43 110 152 22 52 169 103 86 67 80 42 65 46 40 70 155 144 19 49 72 53 135 47 28 344 345 354 355
7 165 86 141 143 156 77 24 92 1 81 149 30 151 19 21 131 23 65 12 133 69 137 58 60 73 117 130 64 119 11 5 66 68 110 123 57 112 125 167 59 114 169 39 52 109 56 100 34 168 36 49 25 148 18 31 340 349 350 359
165 120 143 105 39 118 69 133 84 14 44 127 59 161 23 110 140 91 121 155 115 119 130 30 0 64 94 45 98 109 43 24 58 52 3 82 33 63 86 67 146 31 42 169 114 148 89 74 153 104 134 19 49 151 102 81 160 145 348 349 358 359
20 104 38 51 40 108 42 5 99 167 156 92 81 94 4 149 72 85 140 21 89 17 78 133 80 135 69 60 130 64 77 3 121 134 110 70 112 59 10 63 105 118 39 41 0 43 111 58 100 34 47 102 115 36 91 340 341 350 351
104 103 155 25 131 59 4 135 148 87 38 91 139 17 130 30 11 132 15 45 75 98 24 114 127 77 116 52 3 63 86 1 31 42 111 65 46 168 10 40 21 159 0 53 83 34 110 152 47 167 81 41 5 151 345 346 355 356
4 96 109 111 47 23 25 146 148 3 84 152 99 141 22 132 24 145 79 15 149 70 138 72 85 74 8 21 63 10 65 78 80 56 115 128 117 119 53 42 123 44 57 112 114 61 103 116 105 160 52 41 340 349 350 359
96 99 154 167 8 72 53 34 169 47 105 92 149 11 26 56 164 140 153 155 39 69 18 135 137 78 12 121 55 30 138 49 0 94 45 79 131 43 120 58 109 37 22 52 82 124 100 168 1 65 46 159 161 10 70 344 345 354 355
99 26 41 167 14 156 103 145 59 105 23 162 57 8 17 131 133 64 98 137 126 43 54 18 52 82 33 63 119 132 86 31 46 10 89 40 70 21 116 74 118 68 19 49 72 83 168 102 92 344 345 354 355
55 61 67 109 18 164 56 111 22 124 52 3 102 42 159 46 161 108 110 112 0 169 34 145 105 47 94 26 37 85 41 87 142 155 89 91 39 133 146 80 135 137 73 23 143 77 121 123 125 15 127 342 343 352 353
61 36 17 80 30 11 137 45 73 141 75 117 43 24 132 66 121 125 1 169 42 105 10 21 162 109 49 100 53 34 115 91 47 28 159 161 56 152 41 167 5 39 92 160 138 140 153 74 142 89 131 146 342 343 352 353
25 155 91 146 40 161 23 139 31 152 141 156 79 68 149 83 151 85 127 5 142 131 18 133 135 12 73 115 49 130 119 66 110 44 57 125 46 37 105 39 41 3 109 30 164 98 111 1 340 341 350 351
155 123 134 23 138 68 38 72 53 83 117 168 145 56 45 161 139 124 24 39 122 133 156 63 78 108 160 142 164 140 91 10 40 149 100 130 19 49 64 94 126 82 86 67 146 31 114 65 348 349 358 359
117 18 149 162 33 63 108 151 67 142 46 144 110 133 40 70 21 85 115 135 137 49 126 139 94 141 145 121 26 56 37 52 129 118 14 44 89 122 59 124 68 8 102 83 66 119 51 152 75 154 167 105 345 346 355 356
58 143 119 66 42 123 70 112 21 30 116 129 19 105 118 65 34 120 111 124 168 37 102 115 1 31 108 110 14 10 40 92 53 94 162 83 47 151 17 51 153 87 11 56 144 133 5 54 137 84 73 128 342 343 352 353
18 115 128 64 53 1 68 112 167 59 114 169 103 105 41 54 164 45 100 34 168 36 38 161 42 44 86 143 145 79 92 12 26 8 70 85 19 87 89 131 144 67 80 82 124 340 341 350 351
115 44 108 131 120 164 57 87 110 91 85 66 30 161 64 75 79 109 152 167 145 52 82 86 67 162 1 138 65 46 140 142 40 133 146 19 8 83 126 128 141 51 111 11 26 56 119 60 105 5 127 345 346 355 356
36 169 116 63 65 43 45 100 168 49 38 30 161 42 152 154 167 156 145 79 22 3 33 81 94 138 151 85 153 10 144 78 146 19 124 137 34 84 73 128 132 26 53 134 68 123 57 70 112 46 127 341 342 351 352
169 51 81 111 75 60 139 143 124 105 73 24 69 122 103 84 3 167 63 127 67 161 142 110 91 121 10 21 168 119 64 79 109 43 156 135 86 146 5 80 114 65 14 44 74 23 57 8 87 38 102 348 349 358 359
8 120 162 102 49 38 148 40 161 108 42 141 24 79 26 81 15 149 83 138 30 87 129 89 131 144 78 80 122 14 126 128 75 51 64 11 132 68 57 112 46 127 116 105 118 39 160 52 340 349 350 359
160 47 17 81 92 162 145 26 164 60 41 105 122 44 3 108 142 57 87 140 149 100 0 94 98 109 24 54 156 137 37 22 52 82 135 1 114 125 148 123 74 138 68 19 38 151 348 349 358 359
154 161 145 56 139 41 120 167 118 133 44 108 87 91 121 17 159 119 100 130 30 64 94 45 75 98 128 73 24 54 77 152 22 3 33 67 146 131 12 46 129 70 134 19 49 53 168 28 51 81 126 348 349 358 359
161 105 118 84 148 59 142 23 110 17 119 64 162 43 126 122 52 33 63 135 86 116 12 125 129 10 89 40 70 123 153 134 19 49 0 102 132 83 34 111 26 120 348 349 358 359
109 121 57 87 114 127 85 66 17 30 75 98 111 168 22 3 82 80 31 110 65 89 70 21 74 138 151 28 81 142 37 133 146 135 148 137 69 126 139 128 141 14 130 143 78 132 345 346 355 356
105 108 66 110 51 156 43 73 24 54 69 149 138 151 140 82 142 42 133 135 148 137 10 40 21 49 0 130 34 79 37 114 41 65 44 74 87 345 346 355 356
17 103 116 52 120 162 111 38 159 5 152 141 22 156 77 145 37 79 92 28 83 138 19 21 63 144 146 67 82 124 139 3 73 128 75 130 51 53 66 121 68 123 57 59 127 340 341 350 351
38 162 43 14 111 100 47 91 11 141 156 79 94 149 138 72 33 153 78 12 146 122 124 137 139 60 73 19 130 51 64 132 121 28 68 167 114 103 116 118 39 341 342 351 352
15 123 57 112 63 120 162 43 164 5 45 100 102 159 42 86 33 22 143 92 11 26 39 81 94 28 138 30 151 72 129 142 23 133 80 135 148 82 124 137 139 73 64 53 66 134 68 340 349 350 359
123 144 24 146 77 63 86 116 139 1 80 31 12 130 143 114 46 145 89 138 49 127 72 102 129 47 28 51 26 37 120 168 39 159 84 108 59 112 167 57 91 119 164 346 347 356 357
126 86 132 145 1 31 12 42 125 110 89 40 70 21 127 19 133 34 28 92 77 128 56 37 60 114 44 167 57 87 149 121 151 164 85 142 30 11 94 75 146 79 135 43 137 152 103 141 346 347 356 357
59 30 11 168 159 43 22 33 77 145 12 79 46 81 40 21 138 72 129 19 0 146 67 80 122 135 82 51 56 37 128 5 132 39 68 110 14 44 167 23 103 111 342 343 352 353
128 134 52 3 82 80 42 65 125 10 68 102 47 81 60 124 5 156 118 84 149 162 127 108 112 23 144 133 146 148 11 137 45 75 139 98 130 143 43 54 132 145 346 347 356 357
120 87 152 110 91 145 30 64 149 151 140 144 22 52 63 86 116 31 12 139 141 10 40 70 74 121 134 72 102 53 125 47 51 111 92 56 37 60 122 69 84 108 159 23 346 347 356 357
11 125 37 118 39 52 162 1 111 102 91 159 141 22 156 24 79 134 26 81 28 149 85 127 129 142 131 144 133 135 56 69 124 75 64 132 53 66 0 68 44 340 349 350 359
125 133 64 79 139 22 82 33 132 86 67 42 127 21 131 68 49 0 72 53 51 81 168 111 26 159 124 39 122 108 145 149 162 57 87 151 91 121 140 85 66 119 100 144 346 347 356 357
24 64 132 53 57 5 14 54 23 100 34 168 84 152 92 22 83 138 30 85 153 129 142 12 131 65 67 10 80 122 19 60 141 75 340 341 350 351
64 127 22 33 131 65 31 42 21 53 108 28 110 152 103 60 41 145 92 94 162 151 98 44 140 89 144 133 57 80 82 75 45 77 119 79 121 342 343 352 353
43 77 23 119 134 68 70 114 127 63 118 164 56 45 168 102 3 159 31 53 108 10 40 21 167 156 103 81 83 28 98 142 26 144 69 84 14 73 141 143 341 342 351 352
77 73 143 132 37 121 22 31 114 46 131 40 70 74 68 111 72 159 26 56 41 110 5 167 156 33 94 162 151 164 85 12 98 57 153 87 142 78 80 30 135 19 49 139 152 343 344 353 354
87 162 68 49 0 53 168 26 167 143 145 44 94 78 138 23 85 66 146 148 30 75 139 141 54 132 134 33 63 12 42 129 10 70 344 345 354 355
1 80 14 3 124 137 5 141 121 134 68 63 52 54 56 111 45 34 168 102 51 42 86 33 46 167 22 37 92 39 94 83 30 19 140 74 21 131 78 91 146 340 349 350 359
80 31 82 139 21 86 141 74 68 0 132 53 28 26 56 116 41 122 164 111 102 23 108 45 92 79 81 94 162 83 54 85 98 140 22 89 91 343 344 353 354
79 121 134 112 127 41 14 102 53 110 152 167 103 92 149 69 22 142 67 89 144 133 146 135 82 40 21 139 141 19 130 0 143 119 132 343 344 353 354
121 63 67 46 89 40 70 21 152 167 156 0 145 53 83 28 162 51 81 151 37 41 146 118 148 103 84 14 44 108 141 130 143 134 119 100 127 75 346 347 356 357
139 52 63 135 116 12 40 74 134 164 68 53 142 83 34 144 28 146 92 148 26 124 5 143 118 84 14 44 108 131 112 66 94 45 75 347 348 357 358
73 132 3 63 67 127 10 129 21 68 19 49 0 111 100 28 51 159 60 108 5 86 14 44 103 81 94 83 85 98 140 153 74 142 89 78 91 30 135 45 82 84 54 75 143 343 344 353 354
31 69 137 84 60 141 66 134 23 114 127 116 129 63 30 162 54 164 45 34 47 49 159 110 152 12 143 10 103 94 149 0 83 74 28 89 131 133 26 340 341 350 351
52 141 132 30 66 134 72 116 22 3 33 122 98 42 100 102 40 108 86 47 143 26 94 41 149 83 85 142 14 78 23 69 342 343 352 353
140 74 134 119 49 0 102 47 81 92 60 39 69 114 133 84 156 127 78 151 91 85 159 94 75 124 54 122 143 3 145 82 131 42 46 10 89 40 70 347 348 357 358
5 42 86 167 103 145 26 39 81 149 0 83 138 85 19 144 78 12 146 67 135 124 84 75 119 53 46 114 127 63 41 54 164 56 98 100 102 340 349 350 359
65 78 91 21 148 69 137 49 141 34 143 37 22 114 116 129 118 14 67 44 122 164 124 23 47 108 51 110 152 56 45 145 39 94 162 142 42 144 342 343 352 353
78 100 102 68 19 49 0 86 103 26 60 83 138 85 69 153 142 91 146 135 82 124 137 84 130 30 134 45 112 116 22 33 67 122 164 343 344 353 354
68 83 138 151 98 153 74 89 131 91 22 133 46 130 119 132 0 70 72 28 51 56 41 122 164 14 110 145 30 45 162 343 344 353 354
83 0 94 47 28 51 81 131 56 135 124 69 44 114 116 118 45 75 111 3 82 63 159 67 108 42 46 167 10 21 343 344 353 354
134 153 22 3 137 141 114 129 10 40 53 34 47 111 164 41 69 122 84 14 44 108 112 152 12 57 167 91 21 130 149 94 75 151 346 347 356 357
67 124 42 137 84 10 40 75 49 53 28 127 26 41 122 168 14 159 108 57 86 66 156 51 30 94 149 72 142 131 133 135 69 82 342 343 352 353
124 167 119 149 164 47 26 56 37 41 86 137 152 114 141 108 74 23 72 102 53 138 129 30 133 45 39 84 33 63 346 347 356 357
89 142 10 40 70 131 144 146 148 49 72 53 34 47 51 130 132 56 41 112 39 127 44 12 42 57 66 45 108 152 103 86 162 138 151 98 153 344 345 354 355
142 40 19 0 132 34 47 51 81 111 26 60 41 118 69 162 164 127 23 144 146 110 91 85 100 94 143 141 3 135 116 114 129 347 348 357 358
42 69 39 60 75 130 119 132 66 23 108 112 116 54 3 148 86 141 21 0 94 34 85 28 129 26 133 341 342 351 352
47 145 92 23 153 144 91 135 45 69 137 60 130 3 53 57 70 12 127 63 118 19 0 111 168 28 41 110 152 39 167 341 342 351 352
145 111 56 141 37 41 162 151 164 39 14 44 146 159 148 57 91 152 130 94 45 75 118 122 3 82 33 86 131 12 110 168 21 34 347 348 357 358
0 70 151 72 74 129 21 63 14 56 3 137 130 132 53 66 110 44 57 112 167 162 153 45 34 168 33 143 92 28 340 349 350 359
70 45 131 144 133 54 137 141 10 112 114 116 19 49 118 53 98 102 159 148 69 108 84 14 152 86 143 156 12 57 149 151 153 74 343 344 353 354
40 131 144 133 135 75 132 66 110 46 63 122 22 3 33 98 12 49 21 84 19 143 156 81 94 138 341 342 351 352
72 94 149 49 151 164 144 133 146 56 135 148 82 137 84 152 75 44 81 138 74 51 131 122 111 54 102 3 63 108 12 112 57 46 10 21 343 344 353 354
94 81 116 122 111 69 168 14 85 162 98 131 86 148 137 12 141 21 130 119 344 345 354 355
116 137 85 30 45 130 98 3 33 63 129 131 10 102 34 111 92 41 39 162 103 14 44 112 23 133 146 91 148 345 346 355 356
137 143 21 19 132 81 111 26 37 41 159 39 118 133 108 112 156 57 162 164 119 100 153 146 148 22 3 33 63 347 348 357 358
74 153 131 144 91 53 133 146 84 26 141 60 119 69 112 14 114 127 23 118 122 164 111 100 102 108 54 110 152 33 81 162 138 21 85 343 344 353 354
91 14 44 168 102 26 152 75 156 103 39 33 98 46 85 34 28 56 138 86 114 127 344 345 354 355
86 84 44 127 66 122 102 159 39 22 3 33 63 152 112 103 92 10 149 151 164 98 153 53 34 144 28 146 344 345 354 355
26 143 39 81 149 151 131 144 148 69 84 130 119 66 112 118 162 54 56 100 102 10 159 51 19 340 341 350 351
63 21 30 119 132 112 127 103 22 33 98 10 168 19 108 34 92 60 39 85 44 133 146 23 12 122 69 82 342 343 352 353
81 156 103 151 85 60 39 133 146 148 57 51 138 129 131 22 168 21 152 112 19 49 343 344 353 354
156 37 60 41 143 118 103 84 127 108 131 112 23 168 100 75 167 54 22 3 135 146 12 114 46 10 153 159 19 151 102 132 348 349 358 359
39 159 110 112 149 3 153 144 19 141 75 34 130 143 66 57 37 114 118 14 122 164 45 23 168 341 342 351 352
159 118 114 144 133 14 44 112 23 57 151 85 66 45 143 54 22 153 49 53 132 28 111 141 162 41 164 348 349 358 359
153 138 19 49 151 102 34 28 51 111 92 60 41 122 152 84 108 131 23 12 110 21 119 149 130 168 75 37 82 146 46 162 148 348 349 358 359
41 110 103 85 131 33 60 130 132 66 57 46 28 127 129 122 164 111 45 100 168 102 14 341 342 351 352
143 167 14 129 162 151 164 138 57 102 144 146 66 54 103 133 82 112 12 130 19 34 347 348 357 358
118 119 30 45 75 162 3 151 114 46 10 135 148 19 141 130 28 51 37 60 129 103 133 44 108 345 346 355 356
51 92 44 149 12 144 21 146 82 75 66 22 138 114 127 46 131 56 23 34 60 102 53 167 342 343 352 353
148 14 129 152 138 132 92 60 54 103 84 3 131 112 57 21 119 130 49 34 98 28 149 162 151 164 146 347 348 357 358
100 114 122 85 111 30 54 112 22 3 82 33 103 12 46 149 138 10 151 19 49 144 133 98 146 92 56 130 69 14 44 344 345 354 355
23 56 111 10 168 19 84 33 37 28 149 138 30 151 144 133 122 69 75 53 57 340 341 350 351
60 110 33 12 103 46 21 162 98 53 34 144 28 135 37 141 75 132 114 129 57 122 30 45 54 342 343 352 353
110 122 111 33 108 119 57 10 85 114 162 28 164 22 82 46 44 138 129 345 346 355 356
44 102 108 84 12 151 85 144 122 22 33 141 132 53 167 114 19 54 28 56 98 111 45 341 342 351 352
102 149 164 57 133 146 66 135 30 45 98 132 3 82 12 49 53 103 69 345 346 355 356
164 167 57 151 132 66 122 152 103 33 46 10 119 34 92 114 144 14 129 348 349 358 359
167 54 69 152 108 131 112 12 119 149 49 34 98 162 141 22 82 46 129 151 92 348 349 358 359
138 151 49 98 69 84 108 85 30 168 122 22 82 33 46 21 162 347 348 357 358
151 49 132 34 111 37 122 84 127 119 30 135 46 129 347 348 357 358
30 127 28 162 98 111 33 92 149 144 82 22 141 75 132 66 10 340 341 350 351
111 149 144 146 141 130 132 12 127 19 92 168 37 69 103 345 346 355 356
56 103 92 149 85 144 135 3 84 141 12 57 53 34 122 37 14 108 342 343 352 353
162 66 54 103 133 33 168 12 10 119 98 28 92 146 144 348 349 358 359
85 129 53 152 14 103 66 144 45 146 22 141 119 132 12 21 114 127 344 345 354 355
119 129 103 22 112 168 10 49 53 98 28 92 69 84 14 135 57 66 346 347 356 357
57 45 122 22 3 152 46 10 103 19 53 37 146 69 82 141 132 342 343 352 353
103 75 112 3 12 135 19 45 34 98 152 37 82 53 345 346 355 356
14 12 10 108 84 152 33 129 122 82 132 53 3 98 45 34 340 349 350 359
45 114 108 22 33 84 19 131 69 82 37 75 132 341 342 351 352
108 69 84 21 66 144 135 33 49 34 127 129 92 345 346 355 356
129 152 141 130 37 22 114 10 131 133 53 92 84 127 112 346 347 356 357
114 135 75 54 130 82 46 122 49 28 92 37 112 144 345 346 355 356
33 132 66 112 127 98 34 168 49 84 22 37 21 133 69 82 340 341 350 351
10 12 135 69 82 84 130 34 168 152 22 149 340 349 350 359
132 144 135 141 53 28 37 168 112 66 75 98 346 347 356 357
12 122 82 53 66 54 168 84 22 28 19 144 146 340 349 350 359
122 19 49 149 37 22 127 54 69 84 168 346 347 356 357
3 130 112 46 34 141 22 37 92 21 131 133 146 82 340 349 350 359
21 19 69 66 37 168 82 84 149 340 341 350 351
149 34 28 37 84 127 131 112 75 54 22 82 135 146 144 46 49 347 348 357 358
130 82 131 46 168 49 34 152 28 37 69 127 135 75 98 54 346 347 356 357
92 28 37 69 84 66 75 112 127 54 82 98 152 344 345 354 355
49 82 112 127 46 98 34 341 342 351 352
141 37 22 82 53 54 133 84 131 144 75 347 348 357 358
133 28 144 84 146 112 75 54 168 346 347 356 357
146 19 53 34 28 37 152 54 82 347 348 357 358
84 46 152 131 69 37 168 343 344 353 354
37 135 69 75 66 112 22 54 98 341 342 351 352
28 131 69 82 75 66 112 54 22 168 19 340 341 350 351
69 46 144 75 343 344 353 354
144 112 66 75 98 135 347 348 357 358
34 135 66 46 54 98 341 342 351 352
152 135 127 112 66 75 22 82 131 53 98 168 347 348 357 358
168 131 66 54 22 348 349 358 359
112 98 345 346 355 356
127 75 98 46 19 66 346 347 356 357
53 131 46 54 342 343 352 353
131 135 54 46 346 347 356 357
22 75 54 82 340 341 350 351
82 19 66 135 343 344 353 354
135 46 19 98 54 346 347 356 357
98 66 19 344 345 354 355
66 342 343 352 353
75 46 54 343 344 353 354
46 19 341 342 351 352
19 340 341 350 351
54 342 343 352 353
183 258 192 313 326 247 328 249 262 264 185 306 177 321 242 257 191 246 301 193 235 303 250 180 292 184 305 186 309 178 287 300 172 223 236 293 295 216 297 231 175 286 209 330 277 290 211 279 173 226 281 215 336 272 219 208 329 276 265 212 254 201 256 311 324 340 349 350 359
258 300 313 177 207 289 211 241 291 304 282 295 209 239 190 184 286 218 279 292 246 197 336 338 255 236 285 327 274 200 263 185 215 322 335 213 243 194 337 228 271 188 192 252 203 256 171 182 212 308 310 210 191 244 189 170 307 217 296 198 309 251 311 232 344 345 354 355
246 277 210 281 283 170 272 223 287 217 276 289 221 202 267 196 226 177 207 282 211 241 337 339 273 239 275 251 264 214 319 253 218 229 334 255 323 257 312 259 208 314 327 248 172 316 250 263 176 245 247 315 224 249 291 293 192 233 284 171 182 212 216 343 344 353 354
277 172 302 315 225 176 255 206 293 200 181 295 308 234 264 245 194 301 290 188 279 192 271 222 173 203 294 256 283 171 250 231 216 329 210 240 278 333 322 238 282 219 272 253 204 268 339 198 332 260 175 205 186 209 269 220 254 214 195 199 307 320 174 345 346 355 356
306 328 234 264 179 243 321 334 262 296 228 336 196 177 312 207 222 252 241 256 316 329 175 205 318 190 235 265 184 214 309 195 322 324 263 304 242 272 317 187 200 260 290 294 275 288 273 338 173 203 248 301 282 182 197 276 227 216 180 240 225 255 337 219 347 348 357 358
328 198 251 281 230 260 241 324 239 292 322 254 214 336 297 199 278 338 301 193 257 208 329 310 331 333 225 206 236 319 270 181 337 234 185 215 330 296 228 307 188 334 305 256 237 320 171 182 265 216 318 299 180 259 240 191 244 323 304 174 189 321 253 348 349 358 359
204 317 199 321 193 310 323 178 312 259 172 248 303 176 250 305 200 307 185 296 243 298 245 300 234 223 188 203 280 227 282 216 284 297 182 218 273 233 180 211 334 226 270 338 272 285 206 219 179 210 265 320 212 333 254 256 311 324 271 313 326 247 260 249 341 342 351 352
317 179 221 266 230 211 290 241 305 275 175 288 239 269 273 184 195 248 278 312 276 257 291 225 255 285 187 337 181 326 339 185 268 298 321 247 292 188 323 336 271 325 173 203 327 256 231 182 318 284 235 314 265 216 310 324 244 238 189 219 170 223 302 347 348 357 358
176 218 339 286 220 233 275 288 222 292 213 226 268 228 327 219 274 329 197 331 333 267 280 214 335 216 337 271 192 205 174 262 198 253 308 321 242 255 257 301 193 248 182 303 237 175 239 252 241 254 230 243 177 298 232 173 179 300 223 238 227 229 340 349 350 359
218 228 283 338 181 285 287 331 265 278 320 213 333 267 280 335 256 269 337 192 326 273 315 171 182 212 216 308 210 310 323 244 301 314 170 303 237 318 198 241 202 309 243 298 311 196 207 300 234 291 284 231 299 233 288 222 235 290 279 292 226 341 342 351 352
226 335 324 337 271 178 208 260 273 225 187 264 253 266 200 242 215 312 259 179 248 250 318 252 222 241 254 298 171 212 216 247 302 236 180 210 227 240 219 217 198 332 279 292 334 177 268 281 283 338 272 205 327 209 220 276 214 333 267 280 342 343 352 353
335 207 260 211 241 313 324 275 205 220 292 303 254 333 184 248 199 278 331 276 178 208 291 255 236 319 270 181 170 224 247 192 271 173 203 305 256 286 237 320 265 216 318 329 259 210 263 244 274 327 336 223 302 253 198 202 281 262 334 315 266 348 349 358 359
267 336 211 296 285 175 186 287 239 254 214 278 333 248 229 269 337 174 275 330 225 206 319 332 200 181 268 310 185 245 249 247 228 305 318 188 320 222 233 311 171 201 231 235 265 302 315 291 259 240 191 244 295 284 299 301 217 179 202 262 294 344 345 354 355
336 278 282 174 197 178 187 330 289 200 264 215 245 279 194 247 228 188 192 252 256 286 301 331 171 201 231 212 314 265 310 180 259 240 325 293 304 238 189 219 253 283 287 217 332 221 251 326 311 309 211 275 175 205 288 239 273 303 348 349 358 359
179 260 315 173 308 242 297 189 312 233 180 248 250 305 186 307 283 296 298 219 278 291 177 280 293 214 229 339 288 222 224 266 321 281 174 202 323 215 270 178 325 338 193 172 274 208 263 210 252 320 254 188 309 322 256 311 203 192 326 340 349 350 359
260 322 232 269 324 177 230 273 175 209 239 190 254 184 310 248 325 314 193 174 197 316 172 307 320 187 296 313 215 245 302 291 213 224 293 247 228 297 192 299 288 250 201 212 216 279 240 191 338 238 189 170 274 287 329 331 278 217 344 345 354 355
220 261 172 329 206 187 265 278 181 254 322 256 326 213 315 249 330 264 319 192 253 308 255 323 244 201 182 212 299 235 303 250 294 307 189 311 232 300 217 289 304 225 238 229 297 231 209 190 233 184 195 332 279 334 193 174 270 178 208 272 327 341 342 351 352
261 214 259 229 281 193 174 283 238 285 223 287 289 221 265 278 200 196 185 269 282 230 337 194 239 330 188 254 319 266 203 248 334 310 323 325 212 257 180 263 225 255 318 320 296 309 219 170 311 313 213 243 291 304 177 252 295 308 237 175 205 186 171 250 344 345 354 355
184 338 182 327 219 274 329 221 263 276 318 180 212 333 254 256 271 192 205 249 196 330 253 187 242 255 189 323 191 193 235 248 303 195 316 241 188 230 243 298 311 232 247 289 302 223 291 304 225 280 284 286 209 290 332 224 270 217 340 349 350 359
338 195 337 248 199 229 312 276 178 257 280 291 285 187 289 270 300 181 234 215 279 194 296 326 228 271 203 316 320 250 201 314 259 191 274 304 327 272 223 287 217 221 251 330 202 281 262 266 207 309 290 324 275 186 209 239 348 349 358 359
241 320 237 322 324 337 171 182 271 313 235 273 262 180 321 238 257 259 232 305 207 294 307 211 243 205 245 239 300 195 229 280 178 208 339 299 288 225 206 187 290 332 200 181 281 234 185 283 213 194 224 276 265 192 203 343 344 353 354
320 305 286 322 278 227 178 242 302 172 206 251 281 315 266 185 230 290 194 224 209 228 292 188 273 303 297 331 201 231 182 212 280 240 191 255 285 319 330 189 170 234 223 253 268 249 321 334 217 323 232 307 196 329 347 348 357 358
172 275 209 266 213 323 325 217 259 272 206 195 329 265 322 311 324 192 205 170 315 249 304 196 264 185 198 255 244 257 178 233 301 237 250 239 252 173 294 296 243 232 287 221 234 289 181 223 236 291 293 295 216 337 229 231 286 340 349 350 359
190 274 208 221 278 199 186 322 214 171 256 269 203 324 271 192 313 273 315 249 196 198 174 321 242 255 323 299 193 314 303 181 195 316 250 318 252 307 243 232 245 300 188 234 247 302 225 240 282 216 229 286 180 211 224 279 268 215 228 272 327 340 341 350 351
274 310 323 273 214 314 248 229 303 193 174 197 227 178 257 208 311 236 300 215 245 268 293 213 243 224 284 247 192 173 252 233 288 256 231 281 235 283 180 244 329 276 189 219 170 223 280 322 337 262 326 339 196 207 330 332 186 345 346 355 356
339 236 187 281 200 266 215 309 313 294 194 209 288 292 188 322 273 203 337 233 297 237 301 282 231 210 240 325 285 289 300 219 170 234 264 253 249 217 332 232 262 307 177 207 271 256 286 250 284 265 295 263 323 238 197 321 272 302 348 349 358 359
209 287 263 278 214 269 282 324 216 271 315 262 251 319 253 308 310 259 182 303 250 305 296 309 189 170 298 185 300 313 289 198 304 225 227 240 295 286 299 201 222 235 224 195 292 180 213 334 281 215 228 283 193 285 341 342 351 352
287 273 254 332 321 237 282 323 182 325 276 227 280 210 240 191 318 270 219 170 296 268 279 300 213 315 262 247 304 256 297 175 186 284 265 195 259 229 263 238 242 272 223 217 236 187 221 202 331 281 333 185 324 275 224 345 346 355 356
193 279 213 325 206 219 197 278 333 269 311 177 271 313 247 207 262 175 196 319 242 255 323 257 312 301 235 237 250 305 252 228 230 181 221 302 223 291 280 293 227 295 216 337 284 297 192 173 231 288 171 211 332 340 341 350 351
279 304 197 276 257 208 282 295 297 299 181 288 234 264 215 290 249 292 213 224 188 271 203 256 231 235 265 337 259 210 315 330 242 332 321 310 251 262 325 314 316 211 305 318 175 186 307 239 296 309 195 278 229 345 346 355 356
253 330 219 170 319 308 268 198 310 323 257 202 312 177 316 211 305 294 254 296 309 300 248 289 302 293 208 282 187 286 299 200 181 234 215 249 334 243 222 173 263 265 278 333 231 235 256 269 324 271 210 326 315 343 344 353 354
330 283 187 202 232 262 181 230 309 290 313 175 292 188 303 214 229 312 212 276 257 280 325 225 236 319 300 234 185 215 268 249 198 247 326 228 307 177 207 252 305 237 201 265 329 259 331 244 304 327 174 238 242 348 349 358 359
266 269 238 242 223 273 315 217 221 202 232 332 321 230 310 323 312 325 314 224 303 316 188 318 173 233 248 199 182 227 257 313 302 255 308 219 185 284 299 198 213 194 290 247 292 177 222 256 283 201 235 240 278 229 333 322 344 345 354 355
269 177 276 230 333 280 322 273 315 199 275 319 178 208 308 323 225 312 236 187 181 234 215 245 268 249 307 194 224 311 247 228 252 302 256 250 201 231 182 282 216 284 180 210 286 299 281 217 198 270 221 232 285 327 344 345 354 355
225 231 288 235 192 294 173 270 201 182 180 280 282 337 170 326 273 315 262 275 217 264 268 323 211 257 205 186 314 327 250 318 214 252 199 254 309 174 311 232 245 197 178 247 289 187 293 295 185 297 215 342 343 352 353
231 187 237 250 239 252 181 298 300 194 234 302 228 236 291 238 192 222 203 282 295 201 212 286 216 334 268 270 325 272 285 221 202 331 333 322 256 324 186 315 195 199 308 310 197 178 301 314 235 342 343 352 353
195 325 272 206 327 316 329 276 331 174 311 326 315 249 262 304 181 240 297 310 312 314 235 290 305 239 294 182 243 285 232 300 221 234 289 236 280 227 229 271 284 273 194 222 332 173 334 268 281 323 215 270 340 341 350 351
325 293 174 208 242 236 221 251 202 185 245 333 313 324 239 322 273 303 254 326 233 297 278 282 182 212 227 334 280 310 210 191 206 327 329 189 264 268 213 247 177 192 271 256 316 205 250 235 314 265 295 348 349 358 359
185 280 227 240 282 284 297 222 290 211 292 175 215 217 285 327 219 276 331 278 254 203 192 313 194 315 249 264 198 242 299 314 173 316 237 250 305 318 239 294 186 307 171 188 311 300 302 291 170 340 349 350 359
280 288 211 303 292 224 281 294 273 296 254 248 289 331 197 276 210 191 234 268 213 323 247 228 312 207 327 205 305 250 201 235 216 214 259 229 238 272 223 217 295 308 187 202 262 297 299 345 346 355 356
228 300 289 197 227 304 206 242 284 233 290 198 292 281 283 272 329 186 331 265 214 256 337 199 273 262 208 223 319 332 217 308 187 255 221 202 301 248 303 316 237 175 239 188 296 230 243 298 342 343 352 353
290 333 276 227 178 257 324 191 285 326 289 315 234 245 319 332 308 310 312 314 192 222 233 256 318 171 250 284 265 216 309 298 240 244 238 283 217 297 221 202 281 230 211 292 205 334 273 327 278 229 346 347 356 357
333 313 324 175 205 273 254 214 199 337 301 331 312 197 276 257 310 187 334 300 245 243 224 247 311 203 305 256 171 212 235 314 216 180 210 240 191 293 238 170 272 223 302 217 202 281 315 207 348 349 358 359
207 202 247 177 304 205 308 321 242 297 310 244 299 233 301 237 239 294 307 296 206 234 289 302 236 291 227 295 194 216 229 273 173 222 332 171 213 323 270 283 217 259 272 219 208 329 174 189 210 331 252 254 341 342 351 352
288 289 285 236 187 270 234 245 324 213 224 247 188 319 192 252 171 201 212 314 284 259 240 191 318 263 238 219 242 223 313 302 315 251 202 262 196 177 297 275 175 254 214 292 199 278 229 282 296 197 227 345 346 355 356
283 248 278 332 282 227 257 314 206 187 303 318 200 294 264 215 296 309 268 249 298 300 289 291 222 173 252 233 293 256 237 297 235 216 286 292 189 242 223 198 251 202 329 230 322 275 324 337 313 254 345 346 355 356
200 295 174 229 189 284 286 198 292 213 334 281 215 272 285 175 206 263 210 331 322 203 197 205 326 178 273 249 251 319 321 242 202 244 314 235 194 303 237 305 318 294 243 298 232 182 234 289 302 223 191 238 240 340 341 350 351
295 181 234 264 245 318 307 213 243 194 296 311 300 271 173 203 233 256 304 201 212 284 216 259 191 263 293 301 217 196 329 230 175 186 239 292 273 326 278 319 332 276 257 208 291 310 206 312 270 346 347 356 357
273 285 221 202 262 331 245 205 239 203 233 334 212 197 310 191 255 305 307 268 309 322 298 311 243 313 177 271 256 293 171 284 286 180 210 174 281 242 223 345 346 355 356
285 299 173 292 182 197 334 276 191 236 270 329 264 215 268 249 198 213 194 326 177 192 222 319 186 201 308 235 259 240 244 174 219 305 242 272 307 309 217 187 251 232 262 313 196 291 175 345 346 355 356
292 298 197 276 257 291 191 206 234 264 268 249 198 243 332 247 177 271 323 256 186 314 327 284 214 259 309 322 174 324 238 300 208 217 187 221 297 299 303 203 248 296 346 347 356 357
298 188 304 222 233 286 308 237 284 265 216 301 263 238 189 223 217 281 232 296 230 337 175 186 319 332 199 278 229 321 334 282 174 310 323 257 316 255 206 305 318 289 270 264 245 268 311 194 224 315 346 347 356 357
171 237 305 239 186 296 188 232 289 170 236 291 304 240 229 297 286 275 332 213 215 270 272 327 208 263 276 197 210 331 265 212 214 203 324 205 249 319 242 255 178 191 259 180 301 182 316 340 349 350 359
237 201 294 212 307 309 311 210 289 223 293 282 217 284 297 299 196 177 211 334 268 281 270 272 214 327 263 276 265 256 324 271 236 326 181 234 215 230 308 255 194 224 301 192 239 252 342 343 352 353
276 281 174 329 197 227 178 257 331 278 322 282 324 234 264 268 332 243 224 252 312 182 212 305 265 210 191 263 311 300 189 170 302 242 217 221 232 262 284 196 230 345 346 355 356
278 175 329 214 331 199 227 178 313 315 319 264 245 268 213 194 303 188 192 271 222 294 296 311 235 265 216 302 259 240 263 293 189 242 272 299 251 230 281 345 346 355 356
236 286 299 275 332 173 334 212 272 327 329 263 180 210 189 256 198 315 221 251 264 196 177 230 242 255 205 186 250 199 239 229 294 307 309 243 197 227 208 311 300 302 238 240 282 215 342 343 352 353
227 268 194 224 331 212 322 216 180 210 191 189 170 319 321 310 323 198 259 301 196 303 316 211 305 239 252 186 254 309 243 232 247 302 238 197 178 208 282 229 297 206 286 299 342 343 352 353
268 291 304 238 308 242 284 297 286 221 181 272 222 173 203 331 201 324 216 271 326 210 240 191 275 334 310 198 213 243 196 177 307 175 309 235 265 199 244 344 345 354 355
291 301 213 188 294 222 173 256 329 182 331 284 235 265 216 191 244 238 272 202 281 232 230 314 175 303 318 254 307 296 309 248 199 282 313 178 304 293 206 308 270 181 264 346 347 356 357
271 296 177 313 211 229 178 294 245 213 194 322 247 188 282 324 222 233 326 256 186 201 182 212 319 235 321 334 210 323 244 174 327 238 189 219 316 223 305 318 198 344 345 354 355
296 222 252 233 300 315 182 235 216 180 303 230 205 186 284 254 214 229 326 293 174 208 242 272 332 321 255 206 221 181 314 234 264 316 329 318 213 307 309 346 347 356 357
188 173 232 245 300 221 223 304 180 337 286 224 187 202 181 217 327 329 197 331 212 254 322 311 313 205 326 194 178 319 321 189 259 235 248 316 294 307 309 243 177 340 341 350 351
201 250 252 307 175 186 243 232 234 247 289 302 199 178 216 229 275 222 181 213 334 272 327 219 208 221 192 263 210 212 214 256 203 337 326 191 315 308 321 310 244 257 198 312 248 340 341 350 351
187 286 170 211 334 323 215 270 177 327 329 186 318 210 199 212 324 326 178 304 196 251 264 198 319 310 257 233 248 316 250 305 309 230 243 289 223 293 229 284 297 340 341 350 351
173 175 309 177 245 221 304 216 337 170 284 297 286 222 211 334 202 217 206 327 219 208 263 318 265 311 324 192 313 247 194 315 262 251 321 242 310 259 314 235 248 252 340 349 350 359
175 210 331 265 199 214 324 313 205 315 262 196 264 319 170 308 242 323 235 248 182 303 318 239 252 243 177 223 304 293 174 282 284 233 222 211 224 215 206 340 349 350 359
178 332 202 270 272 327 219 263 197 212 322 247 194 249 196 251 198 242 323 244 257 191 248 303 316 239 252 294 309 245 300 221 234 304 293 337 229 284 275 340 349 350 359
181 216 229 286 211 332 224 213 281 202 215 270 259 329 174 318 265 199 212 254 322 256 324 262 304 251 240 257 191 301 303 250 239 294 186 230 221 234 238 293 340 349 350 359
222 230 311 245 206 300 223 238 213 194 275 192 203 224 334 182 212 210 191 263 189 219 324 198 262 177 205 255 310 244 259 214 301 316 174 239 294 307 254 342 343 352 353
194 234 289 282 216 297 286 233 275 211 332 272 206 219 329 197 331 265 256 324 247 196 251 242 310 244 299 312 182 259 314 316 180 191 305 252 294 170 300 340 341 350 351
234 240 192 182 216 281 191 272 327 219 329 223 265 198 232 196 326 230 332 310 257 229 312 259 314 303 208 239 252 307 309 313 249 304 342 343 352 353
257 332 281 189 242 198 251 232 263 265 196 337 205 186 326 239 254 199 229 208 294 307 215 245 309 249 213 224 192 252 233 282 250 212 286 275 240 344 345 354 355
192 309 230 232 313 238 293 282 284 299 224 334 281 208 329 263 223 199 205 326 249 262 196 251 182 319 202 301 314 303 316 197 239 254 340 341 350 351
309 286 265 216 299 259 240 191 263 293 304 321 174 272 223 312 217 198 251 275 313 315 214 248 310 289 300 170 264 215 249 247 331 347 348 357 358
304 249 310 323 314 318 311 235 299 180 210 293 174 238 208 272 302 217 232 196 294 275 239 327 254 199 301 282 197 337 255 289 270 319 170 308 346 347 356 357
252 186 302 180 240 293 282 238 286 217 251 232 334 230 270 272 327 263 229 322 256 324 197 208 313 326 315 308 255 310 323 249 301 305 233 254 343 344 353 354
210 299 186 259 301 316 318 239 307 230 197 245 247 238 293 240 211 224 213 281 215 270 217 219 329 180 191 212 324 315 196 177 242 255 341 342 351 352
299 255 206 314 289 316 189 219 170 264 198 213 313 315 286 250 308 265 180 301 199 263 238 221 251 202 281 232 262 245 294 324 239 326 203 297 282 212 312 346 347 356 357
250 212 307 240 256 244 300 289 302 242 202 232 284 211 205 239 294 270 248 229 174 329 197 265 326 315 215 245 275 249 332 247 310 323 203 233 314 343 344 353 354
245 293 233 212 235 216 332 334 180 174 238 327 242 265 254 256 337 230 313 205 186 249 264 319 321 199 229 323 259 197 208 303 294 311 302 213 243 343 344 353 354
293 310 249 314 203 322 311 182 212 300 313 315 180 259 191 238 219 170 272 198 221 251 303 196 294 211 186 214 229 282 337 326 255 206 270 346 347 356 357
264 242 282 221 251 262 186 327 248 229 265 197 208 324 337 170 215 332 249 308 310 243 323 224 301 314 203 233 316 256 305 318 182 311 300 263 244 344 345 354 355
263 310 323 270 254 327 316 199 305 197 242 300 313 206 221 251 315 249 213 243 212 216 191 289 331 219 170 282 337 217 284 326 247 332 205 344 345 354 355
310 189 219 272 198 221 202 262 275 186 284 326 248 229 282 197 312 314 327 316 215 213 224 313 203 180 240 347 348 357 358
235 248 316 180 305 191 239 254 311 300 247 302 249 240 177 284 297 214 334 281 270 329 217 196 230 275 251 319 233 321 244 314 342 343 352 353
248 270 244 189 170 265 198 324 337 202 315 230 211 319 332 205 186 259 314 199 305 318 294 197 206 313 302 213 297 286 334 212 281 343 344 353 354
180 312 301 182 303 316 294 307 243 311 232 302 240 216 229 224 281 217 272 206 219 208 331 199 256 203 337 308 321 242 255 189 202 244 340 349 350 359
312 240 308 238 219 223 302 329 331 198 221 202 281 322 177 186 319 332 254 214 297 199 301 314 327 208 316 318 289 270 300 215 313 311 203 286 182 212 284 265 347 348 357 358
294 240 255 289 189 332 249 323 217 213 232 262 314 327 196 177 305 286 307 205 322 265 259 315 238 223 308 206 221 301 243 224 346 347 356 357
196 256 203 324 216 177 251 308 255 186 202 244 301 318 239 174 254 243 311 232 247 289 238 282 286 211 215 206 327 221 197 199 189 170 322 340 341 350 351
256 307 311 205 300 174 297 197 208 286 270 230 224 265 233 212 262 223 259 314 305 247 344 345 354 355
307 286 315 284 240 191 244 189 302 221 251 281 177 275 205 186 254 322 199 324 337 197 208 319 206 300 323 215 224 318 311 347 348 357 358
212 205 243 302 223 208 282 275 323 215 327 329 182 322 191 249 189 251 319 308 321 297 202 316 341 342 351 352
217 315 249 262 251 197 259 316 305 254 230 243 213 232 300 247 302 203 182 242 191 275 189 198 329 331 313 341 342 351 352
315 198 324 281 326 230 321 239 214 174 197 272 255 270 213 224 297 286 282 216 259 240 189 170 347 348 357 358
301 259 255 244 270 238 189 219 331 202 247 326 211 286 205 284 321 323 314 327 208 305 318 206 322 302 249 243 308 233 297 182 346 347 356 357
249 202 282 286 211 205 199 229 272 174 238 329 242 275 251 243 224 319 332 255 233 303 216 311 219 313 289 343 344 353 354
233 191 243 170 289 215 224 286 332 186 216 270 272 189 219 223 254 322 198 324 202 232 262 230 205 240 308 323 214 229 182 197 342 343 352 353
242 334 323 259 314 232 211 186 313 214 251 174 208 284 221 224 329 289 203 331 265 182 216 262 343 344 353 354
286 255 311 213 243 297 284 334 259 240 189 272 223 221 281 232 262 324 337 275 332 323 197 318 345 346 355 356
305 284 244 219 302 198 221 281 177 230 211 205 199 282 197 208 206 289 270 321 334 243 224 247 314 316 203 329 346 347 356 357
323 244 272 262 211 275 205 322 303 254 199 289 319 215 243 177 203 337 326 186 332 334 348 349 358 359
202 313 326 251 319 321 255 259 314 232 300 247 223 182 238 240 229 297 170 275 215 270 206 329 221 186 214 340 341 350 351
313 262 205 265 259 321 244 174 197 314 223 302 329 206 331 281 322 215 254 216 191 289 300 243 347 348 357 358
219 255 199 244 303 230 170 232 215 300 302 240 182 224 334 191 174 189 265 254 322 324 326 186 251 319 341 342 351 352
238 255 213 314 303 203 318 289 302 174 189 170 240 223 282 275 205 327 214 329 331 265 197 326 319 343 344 353 354
240 198 177 284 297 174 275 334 232 230 205 318 239 214 322 199 182 262 308 321 255 244 343 344 353 354
198 262 255 177 259 303 316 243 174 211 334 215 327 208 182 199 254 191 203 324 205 326 247 170 340 341 350 351
170 255 297 182 303 243 177 232 221 302 223 284 275 211 332 213 270 272 327 318 331 199 254 203 205 247 319 340 349 350 359
331 205 214 297 208 255 289 270 332 334 247 322 311 284 314 216 259 191 244 308 321 302 221 281 232 177 230 211 348 349 358 359
251 326 262 275 232 319 177 334 255 211 205 259 314 327 239 214 318 229 174 243 281 182 216 265 244 282 324 337 343 344 353 354
326 281 232 211 254 214 297 229 197 206 289 215 224 316 334 314 259 191 327 244 329 189 302 348 349 358 359
244 259 189 316 254 311 230 211 289 302 186 239 282 229 197 334 281 206 270 272 215 329 213 322 324 203 275 332 343 344 353 354
205 186 308 321 316 239 230 311 232 289 302 203 216 284 332 224 281 270 206 341 342 351 352
177 311 319 321 255 191 314 316 243 232 300 223 282 337 275 211 332 270 259 206 254 322 340 349 350 359
208 334 270 259 327 329 265 247 319 308 321 182 303 239 191 189 300 289 223 282 216 229 284 297 341 342 351 352
262 319 308 321 186 239 314 254 303 214 316 318 174 282 297 275 203 270 272 327 191 265 223 324 344 345 354 355
281 332 334 255 270 215 318 224 247 203 311 308 189 221 230 211 214 337 345 346 355 356
174 215 270 272 206 316 199 254 322 247 321 297 189 186 243 289 223 282 229 284 275 211 340 349 350 359
213 302 284 297 275 334 327 221 214 191 189 332 308 321 316 186 318 254 243 311 232 341 342 351 352
239 329 182 337 189 223 319 314 303 311 247 289 302 206 284 297 334 203 272 327 343 344 353 354
329 199 255 324 322 203 316 182 189 272 337 221 232 311 332 230 211 275 348 349 358 359
211 214 324 337 206 319 308 303 230 311 289 189 282 297 275 332 224 186 270 221 341 342 351 352
324 337 318 332 334 321 327 300 243 224 322 284 216 308 272 348 349 358 359
186 182 322 311 203 319 321 230 232 300 302 216 229 284 275 215 206 340 349 350 359
275 206 215 230 243 319 203 316 216 191 270 223 289 247 265 214 327 197 272 345 346 355 356
232 308 191 189 318 300 289 230 282 214 270 327 215 265 224 342 343 352 353
270 284 297 334 255 206 215 224 282 332 191 189 314 311 214 344 345 354 355
308 321 314 327 247 318 311 199 197 272 255 206 221 300 215 303 337 182 265 259 319 347 348 357 358
321 332 223 327 322 303 254 214 199 229 197 289 300 215 243 224 316 265 337 318 259 347 348 357 358
197 224 272 214 216 337 332 255 318 247 302 282 284 297 340 341 350 351
224 289 206 297 215 332 334 203 272 182 254 322 189 247 221 243 342 343 352 353
216 311 302 182 282 284 332 327 265 214 319 206 341 342 351 352
229 272 318 254 182 259 314 316 230 302 214 282 199 297 334 342 343 352 353
221 214 255 314 191 303 316 300 302 297 189 230 272 289 265 282 342 343 352 353
230 322 255 189 314 327 303 318 243 311 300 247 199 297 206 342 343 352 353
332 254 297 255 337 334 284 314 318 348 349 358 359
272 303 316 255 318 215 311 302 265 191 345 346 355 356
255 334 214 199 319 314 318 247 311 203 300 191 344 345 354 355
254 327 199 337 259 303 203 289 302 343 344 353 354
327 199 206 215 322 203 282 191 348 349 358 359
300 182 259 223 337 319 297 314 303 316 215 243 346 347 356 357
337 322 303 203 297 191 206 189 247 311 314 318 259 199 302 348 349 358 359
289 297 303 189 223 319 199 316 322 311 346 347 356 357
302 247 203 182 223 214 282 322 215 346 347 356 357
284 316 215 322 243 203 303 189 319 345 346 355 356
297 322 203 334 189 199 191 346 347 356 357
206 322 214 319 259 191 314 303 316 318 243 223 341 342 351 352
191 314 243 334 316 199 203 340 341 350 351
182 243 223 214 265 203 189 303 316 340 349 350 359
203 243 223 214 247 319 259 316 340 341 350 351
243 199 319 303 318 311 343 344 353 354
265 303 316 318 214 334 223 344 345 354 355
303 319 334 314 316 214 318 199 322 346 347 356 357
316 314 223 199 282 215 247 347 348 357 358
189 311 223 322 214 247 319 340 341 350 351
259 223 214 199 334 247 344 345 354 355
311 214 319 215 318 347 348 357 358
314 199 347 348 357 358
322 214 282 319 223 247 347 348 357 358
247 199 223 334 343 344 353 354
223 319 318 199 342 343 352 353
319 199 215 347 348 357 358
199 318 282 334 340 341 350 351
214 318 334 341 342 351 352
282 334 318 345 346 355 356
215 334 341 342 351 352
334 348 349 358 359
318 347 348 357 358
340
341
342
343
344
345
346
347
348
349
350
351
352
353
354
355
356
357
358
359
