#/usr/local/lib/python3.10/dist-packages/colab_kernel_launcher.py -f /root/.local/share/jupyter/runtime/kernel-6c0fbf18-c276-4b2d-9452-8819c27dba4d.json
# GMT Sat May 25 03:49:42 2024
# 
12 123 77 80 57 47 24 122 135 112 102 92 69 46 16 4 137 91 127 10 136 126 8 103 93 106 60 40 138 95 72 2 75 29 140 130 3 51 87 6 41 18 31 129 21 109 53 20 33 131 23 108 121 98 88 101 55 32 45 35 133 288 296 297 305
123 15 94 45 75 140 48 78 81 32 133 95 23 37 10 40 134 43 73 24 87 104 136 126 91 121 18 135 105 2 125 19 0 101 52 3 82 6 127 17 20 53 34 113 86 116 139 129 100 84 11 117 44 128 25 141 47 28 131 1 294 295 303 304
32 101 29 68 45 58 35 103 57 34 37 4 135 102 79 115 92 21 22 59 36 24 6 8 137 114 104 94 48 38 116 129 106 2 60 96 14 40 19 108 62 75 42 140 97 110 87 77 11 132 109 86 25 53 89 131 121 98 88 289 290 298 299
101 62 13 92 65 139 95 116 129 106 119 23 141 118 26 131 108 7 37 10 89 73 54 76 130 8 90 74 88 122 2 4 68 19 124 21 52 3 82 33 55 66 69 133 20 99 50 83 67 138 47 0 137 114 127 94 45 59 293 294 302 303
72 137 127 104 117 18 74 5 35 83 119 0 86 3 63 36 66 48 141 20 51 75 120 97 77 14 25 28 31 61 42 43 89 45 27 79 29 59 62 13 134 88 124 58 133 103 26 80 10 21 52 135 24 125 115 92 39 69 82 41 291 292 300 301
137 67 119 100 130 103 133 30 14 44 25 28 9 1 80 42 15 45 48 98 79 112 23 129 56 7 89 21 73 24 54 76 57 138 38 60 41 93 74 110 121 18 124 105 16 139 19 3 82 63 6 85 36 115 66 118 50 295 296 304 305
24 97 14 41 54 9 1 44 129 109 86 89 13 33 131 98 111 88 65 55 45 143 25 4 100 90 80 21 47 122 125 92 69 59 114 91 127 18 81 61 28 16 126 139 116 0 3 50 138 30 128 118 108 62 39 29 288 289 297 298
97 54 76 27 133 8 38 90 113 93 74 77 88 91 125 102 115 2 105 5 68 19 49 127 104 3 17 39 50 34 119 11 131 108 25 1 31 61 140 130 15 45 78 29 62 92 142 132 109 112 96 23 121 56 40 70 21 73 293 294 302 303
64 133 100 67 57 80 38 60 135 112 125 69 18 114 5 127 104 16 71 0 84 55 6 126 139 17 116 50 83 53 73 86 138 128 95 75 65 44 25 140 130 107 120 31 61 29 142 51 119 62 76 46 134 111 88 124 23 4 91 26 68 291 292 300 301
133 15 75 48 29 59 13 92 93 125 126 128 110 112 124 23 37 89 54 27 38 141 90 41 107 58 121 18 103 2 5 16 142 68 19 22 3 36 66 39 99 102 34 113 116 98 131 84 11 14 44 129 1 42 295 296 304 305
43 110 142 119 26 132 37 122 10 40 21 131 8 134 111 88 58 113 90 67 70 0 125 22 3 33 92 82 36 114 34 127 104 81 117 71 48 51 11 116 129 83 25 96 73 28 63 1 31 53 138 42 141 75 52 65 140 143 74 289 290 298 299
110 141 73 118 131 27 57 121 60 104 107 120 105 142 4 10 70 21 52 82 6 8 38 39 69 53 86 67 100 5 35 47 135 19 1 80 138 31 115 94 66 48 78 20 108 62 34 140 65 46 79 139 11 96 119 9 42 293 294 302 303
35 106 83 60 73 29 40 13 128 118 85 62 75 52 42 140 130 107 84 7 87 44 129 119 27 132 8 109 66 56 98 18 78 55 2 58 19 100 22 67 80 57 17 37 20 135 46 59 36 30 94 71 136 1 31 139 93 289 290 298 299
106 107 120 68 49 0 22 3 82 63 85 66 142 17 69 99 50 122 112 83 86 100 103 84 124 30 14 44 25 47 1 80 61 113 78 51 62 13 95 46 98 79 23 7 37 27 38 60 71 93 77 58 131 91 18 140 5 293 294 302 303
36 71 48 51 136 126 30 83 14 60 96 73 63 28 9 138 31 128 105 141 118 15 29 65 140 120 74 87 77 119 23 86 7 76 53 89 66 56 131 134 88 58 100 18 67 80 57 5 112 102 0 115 22 59 91 289 290 298 299
71 69 117 130 107 34 87 30 11 122 99 76 44 25 47 28 1 61 42 111 15 88 29 59 13 65 90 125 26 92 37 70 21 124 8 38 81 94 84 136 126 139 18 2 138 16 128 19 118 49 0 3 75 63 55 6 291 292 300 301
96 122 4 99 82 55 85 111 124 38 39 69 20 83 100 136 113 103 84 14 138 47 115 1 80 31 33 63 15 48 29 127 51 104 117 92 46 126 119 25 56 89 141 40 70 131 108 76 27 59 41 13 88 142 132 109 293 294 302 303
122 25 26 56 28 70 42 73 87 41 120 139 129 58 23 5 68 21 22 82 54 55 6 85 130 143 39 118 20 53 83 116 100 103 30 2 134 1 124 61 3 94 45 75 17 78 136 34 114 65 95 79 11 138 294 295 303 304
29 68 143 100 57 47 2 135 79 115 0 92 69 46 59 20 91 104 58 48 61 136 126 93 60 73 14 138 28 128 141 95 15 75 52 42 140 117 130 84 41 31 132 109 86 99 121 98 27 55 288 289 297 298
8 9 120 74 51 44 129 142 109 66 131 98 88 78 55 100 90 57 34 112 102 79 92 59 49 26 124 114 81 48 38 136 28 126 103 116 70 83 73 50 27 63 17 115 128 95 108 62 39 75 52 19 117 288 296 297 305
9 90 67 80 57 47 14 125 56 92 13 26 124 58 0 3 25 6 28 113 116 93 70 83 73 27 40 105 85 62 52 127 140 94 107 84 139 129 142 109 63 76 53 66 20 33 10 108 111 4 55 45 22 143 100 77 288 296 297 305
107 131 60 74 130 58 120 91 18 103 142 5 16 19 22 82 6 121 39 20 50 102 86 98 100 11 44 25 61 115 15 94 45 75 48 51 81 62 114 13 93 117 139 116 4 26 56 7 37 10 40 21 128 118 293 294 302 303
131 79 121 134 124 105 21 85 87 102 86 138 18 117 16 19 49 80 22 63 17 50 51 81 53 34 114 65 95 98 128 141 14 129 143 1 61 15 94 78 59 90 132 62 92 93 77 295 296 304 305
0 5 126 103 70 17 105 118 49 85 62 39 42 117 94 54 142 86 99 76 53 66 20 23 121 98 68 45 22 143 120 2 77 113 90 80 57 34 11 1 14 135 89 125 102 56 46 26 58 61 288 296 297 305
5 83 17 138 7 141 95 62 75 52 42 74 77 142 119 11 132 99 76 20 56 23 121 13 111 88 45 22 58 143 25 100 113 90 103 34 70 112 125 115 46 59 26 6 91 48 84 2 136 28 139 288 296 297 305
83 124 16 68 49 22 3 82 84 6 66 126 20 129 34 118 30 108 85 47 31 61 15 59 142 46 86 79 121 88 7 37 91 10 73 76 27 100 136 113 38 90 60 103 41 77 58 18 2 292 293 301 302
6 48 84 61 38 73 50 27 2 138 30 20 141 118 108 1 52 42 19 117 77 44 11 86 99 53 89 56 46 121 13 134 111 78 55 143 25 80 57 37 112 92 69 59 26 124 127 104 94 288 296 297 305
48 58 17 39 113 34 67 70 135 112 102 11 115 14 47 42 81 117 94 116 138 105 118 4 95 108 37 98 75 10 52 40 65 21 130 120 74 87 41 132 109 99 76 2 111 22 91 290 291 299 300
11 14 89 10 92 13 49 134 26 124 16 114 104 58 136 28 126 2 50 30 128 105 82 3 85 39 127 117 84 51 41 18 21 119 132 63 76 53 121 98 88 68 22 143 100 90 80 34 288 296 297 305
14 37 112 125 79 92 1 82 26 16 114 91 104 38 28 116 73 50 27 63 7 30 128 118 108 85 39 42 84 87 129 119 2 86 99 76 20 121 78 45 22 25 113 67 80 34 70 288 296 297 305
17 94 61 28 126 50 30 105 118 85 75 42 19 117 130 51 18 21 142 119 109 15 99 76 53 20 56 13 98 65 78 55 68 22 100 113 90 7 44 10 37 135 125 79 92 69 82 26 127 81 288 289 297 298
94 39 20 136 113 34 102 84 105 47 80 31 61 127 42 15 75 78 62 92 65 129 46 138 128 118 95 108 89 70 21 130 54 143 27 87 90 93 119 88 109 91 2 16 134 52 66 292 293 301 302
58 95 62 98 140 143 120 74 77 142 44 25 26 86 99 10 79 27 57 121 111 124 136 113 90 70 135 21 115 92 69 59 114 117 84 126 129 60 47 63 1 3 33 105 141 290 291 299 300
95 134 124 18 16 136 19 22 52 33 55 39 125 50 34 84 104 1 31 116 61 42 78 51 81 128 92 118 65 46 108 79 140 130 143 23 120 4 7 10 40 142 109 27 112 60 77 121 292 293 301 302
77 108 40 70 85 42 73 27 57 59 60 120 87 142 132 23 37 22 52 78 66 39 81 69 50 53 136 126 103 135 2 102 19 31 3 33 63 15 114 127 104 84 139 116 86 44 56 291 292 300 301
108 88 113 4 37 135 3 82 69 99 50 102 114 100 84 30 2 126 28 80 15 45 75 51 98 130 120 23 25 119 109 89 40 70 42 76 27 87 38 60 121 41 134 111 104 293 294 302 303
90 1 42 143 15 120 59 62 13 65 132 99 112 7 124 37 89 40 21 73 54 136 60 135 125 102 18 115 68 114 22 117 85 69 20 53 93 67 138 84 30 141 118 44 47 292 293 301 302
68 59 116 93 129 65 73 128 141 118 25 56 7 37 140 130 120 87 57 38 60 142 109 76 121 134 91 19 3 33 63 55 100 103 20 80 50 70 53 67 114 81 31 61 84 42 45 126 291 292 300 301
69 104 81 117 30 44 116 47 73 61 42 86 15 141 59 118 51 98 65 46 143 87 142 10 109 21 99 76 27 60 121 134 111 2 16 70 49 52 135 33 55 115 82 53 114 291 292 300 301
104 50 102 86 30 44 109 47 1 31 15 111 13 92 65 98 79 136 4 7 135 89 21 73 54 27 38 41 114 93 88 91 18 126 129 16 19 49 138 22 3 128 33 141 118 293 294 302 303
15 3 113 103 70 112 102 79 82 26 114 127 38 51 126 18 139 93 13 63 40 128 141 10 130 84 120 74 31 21 142 119 132 99 89 56 33 23 121 98 111 55 143 288 296 297 305
80 113 28 1 42 45 78 102 138 51 92 62 105 82 65 127 81 26 40 116 86 27 60 118 98 2 120 16 22 52 119 33 63 66 112 39 89 53 67 88 124 30 292 293 301 302
113 124 75 78 62 65 126 98 79 23 128 141 118 7 10 40 73 54 140 76 27 87 120 60 88 132 4 16 49 134 22 52 3 66 20 102 34 103 30 125 115 44 47 294 295 303 304
40 54 142 119 19 76 66 98 134 111 88 78 34 55 143 30 47 28 135 1 31 125 79 92 46 59 13 114 127 93 4 60 73 138 128 105 141 27 38 52 42 140 117 74 289 290 298 299
7 129 86 2 53 56 141 3 98 88 78 55 143 100 67 44 47 37 135 112 89 92 82 124 91 127 25 38 28 93 50 27 138 105 118 62 39 75 19 130 84 74 51 87 18 31 288 296 297 305
129 70 52 54 115 99 86 116 67 18 84 136 16 49 61 138 63 127 20 81 111 65 125 98 79 109 30 44 28 10 89 27 57 60 41 120 13 93 74 121 124 295 296 304 305
18 138 30 128 19 74 51 31 21 142 109 76 66 1 56 141 33 121 134 111 88 65 55 13 45 57 47 10 46 59 114 81 25 61 126 139 93 60 50 288 289 297 298
138 2 117 16 49 33 115 39 20 143 81 67 128 84 30 44 1 61 42 75 78 62 13 93 46 125 109 4 10 89 70 54 55 38 74 134 139 295 296 304 305
19 103 139 116 93 73 63 30 105 118 2 85 39 75 42 117 130 3 84 120 54 132 99 89 66 20 33 88 78 55 1 143 67 57 70 79 4 124 38 126 288 289 297 298
103 49 1 31 61 3 63 45 50 62 92 34 65 98 56 89 128 118 73 75 57 87 60 140 93 130 74 143 88 23 132 112 37 70 21 121 134 102 86 136 100 16 47 293 294 302 303
84 127 117 61 33 63 128 78 20 141 81 85 65 79 140 30 87 44 56 142 119 132 109 86 99 45 75 27 59 13 111 91 100 21 112 292 293 301 302
44 47 135 115 46 49 114 81 51 116 73 50 63 105 141 118 39 34 117 30 16 119 28 109 1 99 76 53 56 98 88 78 55 143 67 23 25 57 70 289 290 298 299
47 28 135 42 125 102 79 115 49 124 127 81 117 61 4 93 26 73 63 21 128 118 75 130 120 74 54 16 86 99 76 53 20 78 55 91 143 100 289 290 298 299
50 127 16 136 22 39 20 63 105 141 118 85 75 52 25 28 31 54 119 109 86 76 13 53 89 66 134 65 4 26 10 27 70 135 112 125 102 82 124 290 291 299 300
127 86 116 136 119 28 1 45 59 51 92 65 46 125 139 109 112 23 26 128 42 73 140 60 41 120 93 91 121 142 2 4 37 52 55 85 118 20 294 295 303 304
91 128 62 34 65 98 79 140 130 30 120 26 61 42 132 109 45 99 112 57 87 60 111 88 125 37 70 21 135 85 38 92 53 117 2 16 126 139 116 33 66 292 293 301 302
128 124 105 22 52 82 55 115 53 34 30 139 78 51 111 65 46 126 98 79 109 23 140 26 130 143 89 76 57 87 38 41 132 120 295 296 304 305
141 124 105 4 21 22 54 85 115 66 118 20 143 132 135 130 49 61 45 75 81 34 46 125 79 56 28 10 70 76 27 59 60 93 74 126 295 296 304 305
124 114 67 109 130 143 28 89 61 42 78 132 60 62 74 121 23 10 21 85 38 39 53 86 140 16 49 22 52 3 33 139 66 111 294 295 303 304
3 28 116 60 73 63 115 39 52 42 117 87 41 142 119 76 66 20 10 98 111 88 45 22 143 25 67 37 135 112 4 92 46 61 38 288 296 297 305
62 143 136 70 49 22 33 125 102 39 53 34 81 93 63 45 105 85 13 46 140 117 130 74 23 4 26 56 142 119 132 89 54 57 60 111 290 291 299 300
22 28 126 139 116 93 63 98 4 52 140 130 143 74 41 76 89 56 121 134 111 78 45 25 135 27 125 49 26 114 117 61 288 289 297 298
28 34 37 79 46 82 59 49 114 38 136 1 139 116 93 30 85 42 120 26 51 87 119 27 109 99 53 33 65 55 45 143 16 288 289 297 298
54 74 142 38 109 99 76 89 121 98 111 2 16 143 49 52 33 57 39 53 135 34 125 115 82 30 61 31 136 126 45 116 93 60 51 73 46 118 85 4 117 37 290 291 299 300
73 16 52 33 63 55 121 67 30 31 42 45 125 102 115 51 82 23 126 56 139 116 93 10 70 21 38 85 75 140 130 291 292 300 301
126 55 20 143 99 53 34 86 67 142 134 45 111 13 93 125 79 109 135 23 26 56 10 70 21 118 41 102 88 121 105 2 294 295 303 304
139 143 82 63 66 39 99 102 53 34 135 116 67 119 117 1 31 75 78 51 13 65 98 25 10 140 57 87 38 60 41 120 93 74 121 105 16 295 296 304 305
60 140 120 74 67 132 51 99 76 112 34 89 111 88 78 136 42 13 125 115 105 4 117 56 55 118 85 98 65 290 291 299 300
140 41 120 74 134 135 88 119 143 136 49 82 33 66 39 20 99 114 116 67 100 1 42 51 81 111 65 79 23 10 21 27 38 295 296 304 305
4 99 53 66 20 33 10 1 111 88 65 78 87 100 112 89 46 59 13 134 26 81 25 61 2 27 115 105 118 49 85 39 130 51 142 288 296 297 305
16 70 37 30 118 39 52 1 51 87 41 31 13 21 119 86 99 76 53 20 33 121 111 65 57 102 56 46 2 114 81 25 288 289 297 298
70 1 31 33 45 89 51 98 134 88 143 26 56 92 41 82 114 81 37 116 49 55 66 118 34 130 120 2 74 87 291 292 300 301
134 46 125 98 112 25 26 89 42 76 57 41 93 88 49 52 55 135 39 99 102 53 132 34 86 116 67 100 130 30 2 61 45 75 81 13 295 296 304 305
99 23 26 37 10 76 87 41 49 52 82 33 55 66 132 109 20 34 111 45 75 78 135 51 112 125 13 115 105 293 294 302 303
1 34 135 112 102 115 92 49 39 114 61 63 20 105 85 87 31 33 10 46 23 13 98 88 2 100 136 288 296 297 305
13 45 100 67 57 10 37 112 125 46 82 59 114 38 136 116 30 115 105 39 52 117 74 142 132 109 53 89 23 288 296 297 305
59 30 100 135 42 125 45 115 92 55 46 114 93 56 37 63 27 57 105 85 75 120 87 2 142 119 132 86 76 39 121 34 88 290 291 299 300
30 115 92 46 82 61 51 136 116 63 105 39 52 42 117 31 119 89 66 33 25 26 111 65 55 45 135 288 289 297 298
56 142 119 132 109 76 23 89 25 10 111 38 143 67 125 92 21 52 33 53 34 116 63 31 85 75 65 130 51 74 87 46 290 291 299 300
142 21 76 57 87 41 120 93 74 49 82 63 66 53 132 34 86 116 100 130 136 117 25 75 46 98 79 112 23 295 296 304 305
76 120 87 100 37 10 21 132 57 89 121 136 33 55 66 102 115 20 105 82 119 61 45 75 85 291 292 300 301
120 57 87 38 130 41 93 88 55 85 118 20 136 67 117 125 45 75 51 92 114 98 79 112 23 26 37 10 294 295 303 304
49 105 118 85 42 130 74 51 46 119 132 109 86 66 23 37 121 98 111 55 38 41 57 135 112 125 92 82 33 81 136 34 290 291 299 300
67 61 114 45 93 23 26 118 37 10 85 75 55 27 117 38 39 74 119 109 2 89 121 33 78 66 34 135 125 79 115 25 291 292 300 301
81 20 136 135 125 102 115 105 31 42 78 117 79 116 119 23 26 10 118 21 85 27 41 143 74 109 2 112 89 52 55 111 66 292 293 301 302
116 52 63 20 53 86 100 61 42 75 143 78 111 65 119 109 132 10 89 21 87 38 74 88 294 295 303 304
21 41 10 86 53 33 23 88 78 89 79 46 61 38 115 105 82 118 39 52 42 74 51 288 289 297 298
41 27 74 38 39 119 86 53 89 2 78 143 20 100 57 112 102 92 46 25 31 61 51 93 63 105 23 26 75 52 65 289 290 298 299
85 93 86 82 63 66 98 39 34 130 143 25 112 89 31 75 88 78 51 100 23 135 102 10 117 74 292 293 301 302
46 78 143 25 31 42 27 102 79 82 114 51 136 93 39 63 118 130 74 33 109 86 89 34 289 290 298 299
92 61 45 125 51 65 79 26 136 37 10 93 27 57 87 38 117 33 132 109 20 53 121 98 292 293 301 302
61 34 82 114 42 136 105 118 75 37 130 74 87 27 57 132 109 89 65 78 52 290 291 299 300
79 121 88 31 42 100 45 75 78 74 115 82 23 114 26 37 117 57 93 98 33 66 51 109 86 89 291 292 300 301
10 31 119 132 109 86 66 33 25 135 112 125 102 39 38 51 136 27 118 130 288 296 297 305
31 57 27 135 115 82 39 114 2 38 51 93 63 42 117 119 132 109 33 121 111 45 23 26 100 288 289 297 298
117 135 102 100 66 119 78 20 51 65 112 89 75 132 93 121 105 23 37 136 115 294 295 303 304
118 2 52 82 55 102 53 100 121 65 23 37 89 27 57 38 294 295 303 304
42 100 135 102 114 33 130 87 109 53 66 98 111 88 289 290 298 299
100 78 114 93 37 27 57 74 143 119 132 82 33 63 121 66 111 39 51 102 115 293 294 302 303
102 114 25 45 119 75 51 37 89 57 87 93 74 88 136 52 82 55 66 115 34 105 86 293 294 302 303
114 53 34 86 136 115 45 23 26 37 57 87 130 88 132 52 63 55 39 20 121 294 295 303 304
74 57 130 87 119 132 109 86 89 52 63 53 105 82 45 93 26 37 291 292 300 301
20 27 39 52 130 119 132 109 86 66 33 88 65 143 57 34 82 288 289 297 298
125 25 45 78 65 109 23 26 37 57 87 88 105 2 130 143 33 53 34 119 294 295 303 304
39 2 86 63 98 52 34 130 87 132 109 121 27 111 115 82 289 290 298 299
75 112 52 63 55 136 45 132 109 23 25 111 27 88 57 38 78 291 292 300 301
37 119 132 86 63 66 121 111 88 55 135 27 38 2 93 115 105 289 290 298 299
53 26 93 38 105 65 2 132 109 86 88 78 55 25 136 290 291 299 300
119 27 57 86 33 63 55 115 51 112 25 121 45 135 294 295 303 304
135 51 111 65 112 23 26 38 82 33 63 115 66 34 86 130 295 296 304 305
93 143 66 65 121 111 105 55 27 87 88 98 292 293 301 302
88 130 27 57 87 2 136 33 115 34 45 292 293 301 302
38 121 25 98 111 65 78 143 112 89 26 27 136 105 2 289 290 298 299
57 132 66 121 98 111 27 82 52 55 63 65 25 290 291 299 300
26 132 109 86 89 121 98 25 111 45 82 51 63 105 65 130 288 289 297 298
132 89 87 2 33 63 55 115 25 136 78 111 98 112 295 296 304 305
27 121 111 78 45 136 115 65 130 288 289 297 298
89 23 109 136 33 105 66 2 45 292 293 301 302
143 105 23 87 86 2 52 82 33 66 78 111 109 63 112 295 296 304 305
23 121 98 65 55 25 136 63 115 105 52 130 87 288 289 297 298
34 51 136 130 87 86 66 98 55 33 82 289 290 298 299
87 121 98 111 52 33 55 66 112 115 25 78 292 293 301 302
45 115 82 2 105 66 25 121 111 289 290 298 299
65 52 115 105 82 86 98 25 109 112 291 292 300 301
109 121 136 112 2 25 130 293 294 302 303
121 136 52 63 115 294 295 303 304
98 136 52 66 51 130 112 293 294 302 303
115 78 51 111 112 105 82 294 295 303 304
136 78 111 112 105 52 86 295 296 304 305
25 112 105 82 52 33 111 78 2 288 289 297 298
51 2 105 63 52 112 111 78 290 291 299 300
112 78 55 86 105 2 82 33 63 66 294 295 303 304
2 105 130 63 66 111 78 288 296 297 305
130 52 82 63 66 78 111 295 296 304 305
86 55 82 33 78 292 293 301 302
82 105 33 55 292 293 301 302
52 105 111 55 290 291 299 300
105 78 293 294 302 303
78 63 66 291 292 300 301
55 63 66 33 290 291 299 300
63 33 290 291 299 300
66 33 111 291 292 300 301
33 289 290 298 299
111 293 294 302 303
187 254 208 198 148 151 181 230 243 154 184 210 223 168 185 232 222 235 212 267 234 211 146 224 201 214 191 160 147 236 213 216 183 281 258 178 271 238 215 192 228 205 195 283 158 250 227 169 240 217 194 172 153 145 272 249 262 239 284 274 287 289 290 298 299
254 159 275 220 201 173 203 204 157 218 248 274 221 264 249 286 167 148 276 151 266 154 196 226 198 199 150 229 152 182 268 216 197 267 280 228 179 160 269 238 210 161 192 252 176 206 236 261 223 174 155 240 158 170 172 153 233 156 272 186 293 294 302 303
160 237 250 181 217 184 174 272 226 262 229 158 206 183 219 196 186 153 284 145 274 228 264 159 231 208 273 240 276 220 164 232 222 199 212 189 267 152 221 188 178 279 233 269 246 223 200 213 203 146 180 245 144 225 202 169 205 270 283 288 289 297 298
237 144 177 264 150 210 161 244 225 227 209 265 158 188 255 169 245 258 205 186 159 189 219 220 192 222 173 257 203 270 206 236 221 223 235 259 249 170 200 181 233 184 214 168 201 231 234 283 215 260 218 250 263 240 202 162 272 285 239 275 292 293 301 302
179 250 207 176 282 249 252 183 196 167 274 148 264 151 218 154 208 185 221 165 273 286 263 276 152 266 243 200 275 278 255 232 222 149 163 244 257 234 147 201 191 181 164 269 213 190 226 174 155 158 238 192 205 172 195 153 280 145 260 159 289 290 298 299
250 251 264 212 163 166 245 147 229 210 161 164 243 266 216 197 178 230 274 244 265 174 155 188 191 172 224 238 189 203 195 269 209 190 281 258 240 271 181 154 214 165 217 283 260 273 220 201 152 263 218 202 262 232 275 252 162 293 294 302 303
220 251 287 167 170 151 184 243 171 152 182 204 185 268 222 146 267 149 280 224 166 147 207 150 210 161 269 246 164 236 226 197 258 271 225 261 238 228 270 191 283 172 145 175 230 159 189 192 173 272 285 206 157 275 252 209 284 291 292 300 301
251 171 201 231 182 216 248 274 264 235 247 146 163 256 144 166 245 196 177 210 161 278 213 164 255 243 194 246 227 211 280 257 174 191 279 269 224 282 156 208 238 219 241 192 225 258 157 236 271 261 190 240 167 263 151 184 272 168 285 293 294 302 303
180 215 195 280 260 155 240 194 207 172 282 145 272 249 285 262 239 229 219 196 176 186 157 274 264 218 185 148 170 230 266 151 243 154 210 200 275 265 242 152 278 232 222 189 287 244 211 146 214 256 163 223 236 213 193 183 268 281 235 271 289 290 298 299
215 210 161 194 264 178 286 174 158 188 153 145 175 278 208 232 189 192 173 157 209 267 190 244 257 234 246 223 259 181 154 184 214 165 198 281 171 258 248 225 228 260 240 146 149 282 272 249 285 212 262 216 252 196 177 219 207 199 291 292 300 301
199 228 157 190 283 273 227 240 230 167 262 181 229 154 209 198 182 241 185 221 211 263 253 266 146 210 149 265 163 278 144 255 232 268 147 177 212 164 197 224 201 214 204 279 155 246 259 158 203 191 216 159 271 189 248 225 261 173 290 291 299 300
228 269 246 210 259 281 211 258 271 238 283 260 193 175 205 147 192 164 194 225 239 176 178 209 287 174 231 158 200 286 153 156 186 230 266 217 189 233 171 173 204 275 265 218 221 245 277 167 244 257 247 181 214 166 256 292 293 301 302
232 262 209 287 167 170 200 181 184 263 276 217 168 253 171 182 275 218 265 255 146 267 244 280 163 193 166 177 207 150 279 213 259 216 197 211 268 271 158 188 169 172 283 260 153 145 175 205 156 208 195 272 176 285 292 293 301 302
262 235 162 146 149 273 263 212 163 166 226 177 207 161 194 257 260 284 244 264 277 174 155 158 191 276 153 145 266 205 156 186 219 222 173 195 176 255 278 239 256 267 240 148 200 154 165 269 168 198 282 234 185 271 294 295 303 304
149 227 204 240 217 147 184 249 285 239 229 206 196 284 261 264 241 218 208 185 221 198 286 263 155 276 230 266 233 167 157 278 209 166 202 287 277 244 211 214 191 168 181 246 213 226 193 170 268 281 150 271 248 159 195 283 288 296 297 305
227 268 212 166 196 210 183 270 164 197 178 211 282 272 249 285 155 229 242 158 188 169 284 153 175 205 287 186 264 208 231 173 276 209 190 223 265 167 278 255 148 184 165 277 168 198 267 171 201 257 247 185 221 256 236 162 292 293 301 302
150 192 182 195 270 162 260 240 207 282 151 272 285 252 206 147 209 241 218 221 198 175 152 253 230 266 210 177 275 242 245 222 235 189 202 287 156 277 169 267 280 257 247 214 191 181 279 269 246 148 259 236 170 281 248 225 288 296 297 305
192 202 277 280 178 214 174 246 213 158 226 203 169 216 153 145 175 156 261 189 173 195 270 260 217 239 170 151 181 206 242 196 209 165 274 171 182 241 208 198 263 253 230 162 210 146 200 265 245 166 222 212 290 291 299 300
155 158 256 269 223 153 236 190 193 278 170 268 281 258 235 202 238 205 182 280 247 260 146 148 184 161 282 259 249 226 147 216 186 163 284 241 208 185 162 263 240 230 207 197 242 287 156 277 267 221 257 188 201 288 296 297 305
158 168 181 269 153 190 226 170 238 280 247 283 260 240 148 207 184 174 272 249 252 229 206 196 152 191 284 261 274 264 218 208 185 175 188 286 263 253 243 233 144 147 265 287 277 244 257 224 288 296 297 305
161 238 205 172 270 214 204 217 171 184 259 272 249 239 206 219 196 173 163 274 218 195 208 185 175 165 145 263 156 159 210 200 177 252 242 245 176 212 277 244 257 234 211 188 178 168 279 233 246 223 203 193 281 288 289 297 298
238 183 213 194 197 247 256 269 246 188 144 281 205 271 156 186 159 189 203 195 157 223 282 272 167 169 170 200 242 181 184 165 284 274 287 264 201 234 286 221 276 253 235 243 148 278 212 193 245 196 210 292 293 301 302
287 173 203 283 264 157 236 248 221 265 249 167 148 166 259 201 183 243 185 216 197 244 266 277 261 193 144 224 177 207 208 241 164 178 257 258 269 272 253 256 174 188 273 169 153 145 205 217 159 189 295 296 304 305
193 270 217 194 207 191 239 172 229 206 219 156 186 159 284 261 274 241 157 208 190 273 263 276 253 243 200 151 275 181 153 278 222 171 182 185 257 234 214 162 256 269 223 259 148 163 147 258 271 225 183 205 178 290 291 299 300
270 144 196 226 207 259 210 164 243 194 195 277 197 257 260 276 256 174 188 191 153 278 205 219 173 252 236 267 221 282 272 170 151 154 184 281 168 198 271 171 201 231 182 185 216 246 218 273 263 146 275 212 163 294 295 303 304
194 235 271 163 195 144 280 166 147 260 183 240 217 164 178 239 216 252 206 219 174 284 261 188 274 191 231 175 159 273 189 263 253 176 190 200 265 242 278 245 170 181 267 244 257 211 201 152 213 226 162 258 290 291 299 300
235 272 195 206 209 223 284 274 174 169 172 233 286 205 253 217 159 219 231 203 157 218 255 202 245 148 244 280 257 247 212 154 184 165 166 196 168 246 183 213 249 258 261 146 191 260 273 263 240 207 210 164 292 293 301 302
212 283 203 273 157 209 282 285 239 229 200 151 153 165 241 218 198 231 221 152 263 253 230 243 202 278 268 144 166 147 244 210 257 234 247 224 214 279 246 259 188 248 172 225 261 145 186 159 189 291 292 300 301
283 196 147 259 183 276 178 230 260 211 244 266 188 191 175 205 156 208 219 222 252 195 255 206 157 239 269 242 223 240 167 170 154 165 217 168 171 152 231 204 234 248 278 221 202 265 285 282 148 295 296 304 305
213 248 225 169 145 240 205 208 189 285 195 239 252 242 209 190 284 264 241 231 170 181 286 253 165 168 223 185 278 255 268 202 204 162 244 280 257 234 224 214 163 166 207 259 236 197 281 211 258 271 291 292 300 301
248 164 243 216 264 244 263 253 191 266 172 145 224 189 275 278 203 255 176 157 236 239 190 242 223 277 280 257 240 170 200 151 256 154 233 214 198 171 201 152 185 258 221 202 162 260 273 144 249 285 229 293 294 302 303
221 252 156 186 171 203 274 204 185 218 202 253 266 148 265 166 196 168 268 245 210 183 197 267 211 247 146 282 236 226 144 145 175 205 147 177 281 219 261 195 178 188 170 200 275 291 292 300 301
252 162 249 148 163 256 226 207 229 246 268 178 258 271 211 247 174 146 172 144 145 175 208 272 285 173 195 225 157 236 284 242 223 264 169 154 233 184 186 198 171 201 275 204 265 234 278 255 293 294 302 303
159 277 267 247 224 201 178 168 279 256 269 223 259 236 226 268 281 153 182 171 207 272 249 216 229 206 196 148 173 284 261 264 218 185 198 273 165 233 164 200 275 167 265 242 189 202 144 288 296 297 305
277 189 282 241 222 173 203 225 176 157 190 281 223 268 151 233 214 165 217 171 231 182 204 234 202 284 263 265 247 146 163 144 166 245 196 229 164 243 178 257 258 242 275 188 169 191 224 279 295 296 304 305
205 244 211 247 224 183 214 256 246 226 174 188 172 156 189 173 157 285 206 219 167 148 151 261 154 184 165 168 171 201 182 263 230 266 233 202 275 162 265 242 255 146 177 290 291 299 300
244 249 189 203 281 258 176 271 206 236 209 223 200 151 282 154 214 165 171 231 182 218 274 162 286 263 276 166 177 241 255 164 245 225 197 230 242 188 169 191 269 175 293 294 302 303
151 273 263 240 276 230 146 197 177 167 265 147 255 166 267 211 224 178 191 181 279 256 246 236 226 157 278 170 268 202 169 280 172 247 204 171 184 272 239 206 173 186 163 231 208 175 288 296 297 305
273 165 245 226 259 210 183 216 246 197 230 260 263 266 247 261 191 279 175 147 177 207 241 222 164 255 206 236 178 281 258 239 242 272 223 170 172 189 285 231 204 264 157 267 202 148 286 295 296 304 305
224 257 234 153 156 186 219 279 236 206 249 209 190 258 271 167 170 181 260 165 217 240 201 182 204 285 239 229 242 162 284 274 231 166 286 177 207 276 243 256 183 233 216 197 265 211 280 292 293 301 302
257 175 156 186 258 271 189 219 261 241 222 203 225 176 209 239 190 260 200 165 198 152 182 234 218 202 276 265 163 278 144 245 147 207 210 243 246 230 279 269 294 295 303 304
171 264 188 286 263 147 276 253 230 243 233 275 255 222 267 234 211 153 178 181 279 269 246 259 183 268 182 195 170 154 240 184 197 174 272 249 285 242 219 186 284 274 288 289 297 298
217 218 163 144 263 196 147 253 243 210 216 178 255 245 222 174 188 280 191 172 153 156 279 223 203 236 195 176 206 209 268 281 258 225 261 167 181 154 214 198 201 152 204 239 162 241 291 292 300 301
218 168 198 152 284 241 162 146 243 233 223 163 275 144 196 147 207 245 210 183 197 178 211 247 174 191 172 226 153 189 281 258 173 261 203 206 209 260 148 181 214 165 291 292 300 301
162 282 174 272 147 239 229 183 196 284 264 231 175 188 263 253 197 233 285 275 167 265 242 255 245 176 166 267 211 201 178 168 266 256 153 223 156 190 268 271 280 214 146 207 288 289 297 298
282 249 261 285 196 177 229 210 241 183 271 195 255 197 258 209 211 274 174 208 204 176 206 157 236 267 239 269 281 268 167 148 170 200 233 184 165 168 198 234 264 276 278 279 263 295 296 304 305
169 178 191 266 233 200 278 170 268 245 258 225 202 172 154 247 156 260 214 184 259 239 229 183 196 173 271 261 274 148 231 208 163 165 166 286 276 152 230 285 242 219 222 264 211 201 288 289 297 298
178 268 258 175 225 156 202 195 280 260 272 216 183 196 154 165 168 264 241 152 208 185 276 243 210 255 222 166 147 177 164 211 266 223 174 190 226 203 289 290 298 299
183 225 260 207 163 145 175 285 177 275 229 206 242 219 176 274 264 198 211 286 253 170 256 172 233 153 156 173 157 189 202 247 191 167 204 148 259 166 226 152 289 290 298 299
225 164 195 211 280 247 174 188 269 172 236 145 175 189 219 281 222 206 209 190 223 260 263 230 167 170 200 154 214 275 229 274 241 231 202 233 163 144 166 147 255 210 292 293 301 302
271 246 263 266 247 279 261 188 191 172 208 241 222 173 195 176 206 236 209 239 269 253 170 214 152 231 284 204 185 264 267 202 268 276 249 226 177 207 259 294 295 303 304
272 266 278 146 144 196 229 259 164 243 216 246 197 279 145 175 186 208 189 241 236 209 190 242 240 148 200 274 181 233 184 165 201 234 276 264 267 295 296 304 305
154 198 175 286 263 197 233 210 177 275 242 245 222 202 156 247 201 191 168 146 256 246 226 147 281 258 182 280 204 207 184 249 216 206 219 196 173 186 284 176 264 288 296 297 305
198 165 231 208 168 286 182 253 200 285 265 242 222 144 166 267 211 214 266 197 256 223 259 236 226 174 202 153 145 156 280 247 176 157 207 239 219 167 148 284 264 290 291 299 300
268 258 209 239 211 223 256 240 172 145 175 186 219 222 203 264 206 190 202 278 148 214 280 201 152 231 182 243 279 216 246 269 230 263 146 147 207 210 241 294 295 303 304
166 172 260 204 249 206 148 219 173 186 284 176 231 208 152 185 175 188 286 276 230 266 190 275 146 255 280 211 201 214 168 181 269 203 153 182 288 289 297 298
172 147 191 164 246 223 226 280 153 247 260 214 204 184 174 259 229 196 173 274 167 264 208 165 188 168 240 276 197 233 285 177 278 255 209 163 234 288 289 297 298
152 274 264 241 231 208 240 276 253 243 210 285 177 275 265 209 176 267 234 211 191 181 256 269 246 236 190 203 281 202 145 182 280 260 214 207 174 219 163 284 288 296 297 305
274 182 234 267 202 146 144 245 226 177 229 243 260 284 247 191 286 153 276 175 208 219 241 222 173 203 255 206 236 258 269 242 280 148 170 200 295 296 304 305
168 231 175 153 145 156 276 197 233 210 275 242 245 176 267 234 201 214 266 279 256 269 226 203 281 146 182 260 144 147 164 229 206 196 186 284 264 288 289 297 298
144 214 181 148 249 216 229 206 261 231 208 185 175 165 276 230 243 197 164 285 177 275 167 242 255 222 189 156 234 256 233 223 200 278 147 281 202 182 288 296 297 305
164 182 148 204 174 249 239 206 196 146 231 185 163 145 276 230 266 243 197 200 177 167 265 209 245 222 189 202 267 201 191 181 256 246 259 190 226 157 288 289 297 298
210 200 181 201 249 285 204 261 241 146 286 263 230 243 233 265 222 174 234 153 145 156 186 256 189 269 246 173 226 157 281 291 292 300 301
204 284 264 163 231 147 177 286 253 195 256 233 265 153 280 234 173 203 279 157 236 249 226 216 281 167 261 170 181 184 165 201 182 185 230 202 285 239 290 291 299 300
284 185 267 279 265 249 146 280 177 216 246 258 275 188 153 145 175 156 219 241 222 195 157 236 239 190 269 223 240 170 200 233 184 295 296 304 305
175 165 201 214 181 279 269 236 190 281 258 195 280 163 260 239 206 186 174 241 208 185 153 286 253 243 197 157 265 278 189 148 288 289 297 298
176 222 157 267 280 234 214 148 246 223 259 226 203 216 281 258 261 174 146 240 207 184 145 285 196 264 208 286 276 230 266 243 170 233 200 265 242 278 255 289 290 298 299
222 234 279 256 170 246 181 226 281 258 182 261 240 146 285 239 196 147 197 211 286 263 174 253 266 243 156 278 189 255 219 173 291 292 300 301
195 202 182 267 280 234 214 279 269 246 249 188 203 216 145 281 147 260 190 240 230 170 219 184 186 185 157 286 266 233 200 278 163 165 290 291 299 300
269 188 153 145 156 186 189 241 173 206 236 239 148 181 165 201 231 185 267 249 146 163 245 177 229 276 197 230 211 263 294 295 303 304
145 234 211 247 191 256 223 259 203 147 281 258 182 240 207 249 229 219 209 163 153 241 231 165 253 230 266 197 275 242 278 267 288 296 297 305
234 208 264 189 173 157 286 209 276 266 181 245 184 267 280 185 247 202 279 258 261 196 226 216 260 197 240 211 285 239 275 191 292 293 301 302
157 245 189 267 211 201 256 190 203 170 202 280 207 174 259 239 216 206 219 186 146 208 185 286 240 147 197 285 177 275 265 288 296 297 305
245 236 209 260 242 240 167 285 184 201 231 182 185 276 148 278 163 196 147 226 177 207 243 216 211 279 246 259 188 191 258 208 189 203 293 294 302 303
174 246 259 236 190 148 163 147 249 216 229 206 196 156 208 276 253 230 266 233 200 167 170 265 242 247 201 191 279 288 289 297 298
243 261 167 148 170 165 260 231 196 177 286 253 216 197 230 275 278 188 191 156 247 219 173 279 203 256 249 190 242 258 293 294 302 303
189 191 246 236 167 181 281 165 258 182 240 229 219 147 286 253 230 266 197 233 188 242 278 255 209 156 289 290 298 299
190 242 278 255 153 247 279 256 246 226 258 148 280 184 260 240 182 207 185 239 229 219 196 261 146 177 276 253 230 266 200 275 289 290 298 299
242 265 278 167 267 181 214 279 182 246 185 259 216 249 261 260 208 211 223 240 264 233 253 219 173 236 293 294 302 303
203 267 211 188 153 266 156 186 246 236 280 247 260 170 184 165 182 239 216 219 241 146 276 196 177 233 275 197 255 209 290 291 299 300
209 255 247 148 214 181 279 165 196 246 259 182 281 146 163 230 147 207 208 229 264 286 200 263 276 253 153 266 201 291 292 300 301
255 223 253 167 233 184 214 231 281 261 249 263 147 229 285 275 216 197 230 264 247 191 266 256 208 219 241 173 265 293 294 302 303
200 286 233 181 153 184 278 182 185 211 201 214 256 148 236 226 196 258 280 240 188 285 229 156 186 219 261 173 290 291 299 300
286 181 201 182 264 278 281 265 146 285 163 226 177 229 259 279 230 260 211 266 188 153 156 208 241 173 258 239 253 167 295 296 304 305
201 241 153 173 253 275 265 278 202 181 165 280 247 214 185 256 246 223 236 258 147 177 249 188 290 291 299 300
202 219 264 231 263 170 276 266 153 184 186 223 185 211 279 256 165 259 236 226 281 197 147 177 285 290 291 299 300
165 185 240 207 285 177 167 264 267 188 191 233 223 281 182 214 184 249 226 216 206 219 241 288 289 297 298
185 208 263 276 275 265 147 267 211 279 256 246 281 258 156 260 207 249 285 216 229 219 181 196 289 290 298 299
249 247 285 146 163 226 177 211 223 188 265 191 267 280 148 181 261 229 231 182 208 216 246 293 294 302 303
278 253 233 156 231 264 265 163 196 226 279 216 197 230 260 281 266 146 188 241 285 258 295 296 304 305
236 153 156 219 246 259 206 281 170 233 184 285 241 163 147 177 207 229 266 275 211 292 293 301 302
240 163 196 230 280 146 259 177 207 208 173 261 239 170 233 285 186 231 264 276 253 167 293 294 302 303
182 264 231 276 253 197 265 156 211 266 233 246 170 260 184 259 239 206 196 163 186 289 290 298 299
264 231 266 148 163 147 207 216 247 261 219 206 253 256 181 233 294 295 303 304
191 214 153 279 186 246 223 259 226 260 170 184 207 285 239 219 241 208 276 163 147 247 289 290 298 299
256 265 153 156 186 267 206 253 259 167 181 184 214 258 261 229 230 285 163 147 207 241 239 294 295 303 304
156 279 223 148 281 258 260 214 184 259 239 216 229 146 186 163 241 231 263 285 177 288 296 297 305
167 230 285 275 265 153 267 211 279 246 223 226 148 170 163 280 207 216 229 219 173 186 261 231 263 288 289 297 298
230 148 170 184 229 260 263 275 163 226 177 241 231 276 253 211 265 153 186 259 292 293 301 302
147 247 259 239 206 186 231 188 263 233 285 275 265 266 146 288 296 297 305
246 261 186 263 241 206 285 148 233 214 266 163 280 207 279 293 294 302 303
208 211 226 216 281 261 163 260 197 275 229 153 241 276 206 233 265 181 291 292 300 301
266 170 184 231 265 285 181 216 197 260 276 163 241 267 206 258 239 223 294 295 303 304
181 276 207 197 285 173 267 211 223 280 247 177 239 216 229 186 289 290 298 299
231 241 276 275 226 207 229 267 247 197 279 259 188 258 219 173 184 292 293 301 302
211 258 173 170 216 229 184 219 241 263 253 146 197 291 292 300 301
177 280 247 260 214 170 207 216 196 186 261 263 233 267 153 223 226 173 289 290 298 299
280 206 258 239 281 253 153 233 186 173 267 226 259 197 276 260 247 295 296 304 305
258 247 279 186 259 281 261 263 214 276 196 207 294 295 303 304
148 253 275 265 186 188 233 223 170 281 214 146 229 196 261 241 288 296 297 305
253 275 170 265 233 267 259 146 163 261 247 153 186 241 173 239 263 276 293 294 302 303
275 265 184 214 259 216 247 146 261 163 226 285 153 219 276 267 295 296 304 305
247 207 241 281 239 223 260 263 170 184 186 173 196 216 267 279 293 294 302 303
214 276 207 265 267 279 223 259 260 239 261 146 188 291 292 300 301
261 197 260 281 146 207 263 239 186 173 206 170 267 196 229 294 295 303 304
265 223 233 276 163 229 216 279 263 219 241 239 294 295 303 304
153 276 223 170 173 241 285 219 186 267 288 296 297 305
186 188 279 223 260 239 216 229 206 241 207 197 184 289 290 298 299
267 173 206 170 146 226 216 260 188 285 294 295 303 304
263 281 216 163 196 259 241 276 188 206 279 294 295 303 304
146 184 259 239 216 219 196 197 279 233 226 281 288 296 297 305
184 188 233 279 223 259 226 260 285 239 229 241 289 290 298 299
173 279 259 226 281 207 229 206 219 196 188 276 170 288 289 297 298
206 279 223 226 197 281 188 260 207 239 290 291 299 300
196 207 163 229 233 279 259 170 226 281 290 291 299 300
216 260 163 207 229 219 188 279 291 292 300 301
259 219 241 239 170 276 233 163 281 294 295 303 304
239 207 229 279 197 233 292 293 301 302
241 281 229 197 260 219 233 293 294 302 303
188 279 223 281 163 207 285 229 197 233 170 289 290 298 299
170 281 207 285 219 288 289 297 298
223 279 226 281 197 229 163 276 291 292 300 301
226 229 276 233 163 207 292 293 301 302
276 197 260 295 296 304 305
163 219 279 288 289 297 298
279 281 285 229 295 296 304 305
281 219 295 296 304 305
260 285 294 295 303 304
219 207 197 291 292 300 301
207 197 290 291 299 300
197 285 229 233 290 291 299 300
285 295 296 304 305
233 292 293 301 302
229 292 293 301 302
288
289
290
291
292
293
294
295
296
297
298
299
300
301
302
303
304
305
