#/usr/local/lib/python3.10/dist-packages/colab_kernel_launcher.py -f /root/.local/share/jupyter/runtime/kernel-6c0fbf18-c276-4b2d-9452-8819c27dba4d.json
# GMT Sat May 25 05:19:10 2024
# 
13 88 65 101 78 32 68 45 22 35 100 90 80 57 34 9 24 37 12 92 69 59 36 26 91 81 58 94 48 25 61 38 28 18 70 60 73 50 40 17 6 30 105 62 39 52 107 84 97 74 51 87 41 54 96 1 86 3 99 76 53 89 66 20 56 33 98 216 221 222 227 228 233
88 95 65 46 98 79 97 23 26 56 10 40 73 54 99 27 87 38 60 41 77 58 91 2 35 100 16 90 68 19 49 0 22 3 63 85 36 17 102 69 50 92 53 34 86 84 94 44 25 47 28 80 31 106 12 42 64 15 48 78 29 59 51 81 105 62 219 220 225 226 231 232
24 97 14 41 31 15 86 76 53 89 66 43 56 101 78 55 32 45 35 25 100 77 7 90 10 34 70 8 79 92 82 59 36 49 26 91 18 104 81 58 94 71 2 5 28 16 103 19 93 22 106 83 60 73 6 17 40 20 72 85 39 75 29 42 107 84 216 217 222 223 228 229
97 54 27 8 38 60 90 41 71 93 74 77 18 2 105 5 68 19 49 0 22 3 82 63 55 85 36 66 39 69 20 50 83 106 67 14 44 25 47 1 80 12 42 64 15 94 107 75 48 78 100 92 65 95 23 4 56 7 101 40 70 21 43 73 220 221 226 227 232 233
17 58 94 71 48 25 61 5 16 103 70 0 83 3 50 27 6 40 85 39 75 29 42 84 74 51 87 14 64 18 21 9 15 63 99 76 53 66 56 33 98 65 101 78 55 32 68 22 100 4 77 90 7 67 80 10 34 47 8 69 82 59 26 91 216 221 222 227 228 233
58 48 62 50 51 32 65 46 107 74 87 11 14 26 56 28 9 99 76 40 43 27 57 101 78 91 67 103 80 23 4 7 37 21 22 52 92 55 69 6 36 82 59 72 20 104 81 94 71 61 18 2 106 83 16 60 96 73 19 63 0 31 15 218 219 224 225 230 231
76 107 23 4 100 56 37 40 70 21 99 8 38 79 60 71 101 91 2 5 16 80 19 93 49 0 22 52 3 33 6 36 66 39 50 105 72 82 53 34 67 104 81 30 14 44 25 28 1 106 83 61 12 96 64 75 48 51 32 65 85 46 98 219 220 225 226 231 232
107 27 106 38 60 72 104 91 105 2 5 35 16 68 19 49 101 52 33 55 6 85 36 69 20 99 102 53 34 86 67 98 100 84 30 14 44 25 47 1 42 64 15 45 75 78 59 81 32 92 95 77 79 23 26 37 10 89 70 43 73 54 220 221 226 227 232 233
28 67 34 6 37 20 102 79 92 46 59 36 91 81 71 48 61 25 38 9 103 106 83 60 63 105 95 85 62 39 52 29 42 23 84 4 26 51 64 10 54 31 21 44 27 86 8 99 53 89 66 43 33 98 101 45 2 35 16 100 77 0 216 217 222 223 228 229
67 1 31 61 12 64 15 104 81 94 71 32 62 106 96 73 23 4 56 72 10 85 21 43 54 55 8 38 39 41 74 77 86 99 2 5 16 98 22 3 33 101 78 36 91 66 68 50 51 53 100 90 103 30 11 102 79 44 92 69 47 218 219 224 225 230 231
29 32 68 45 35 90 80 57 34 70 47 37 5 79 0 69 46 82 59 36 49 91 81 94 71 48 38 103 93 106 11 83 73 14 50 25 40 30 9 1 105 12 72 15 42 87 41 31 44 23 86 4 99 26 7 66 43 10 56 98 27 8 101 216 217 222 223 228 229
32 91 68 45 100 90 80 70 47 23 37 4 5 7 102 21 82 36 49 6 8 104 94 71 61 18 93 106 2 60 73 50 14 40 19 0 1 3 95 15 62 52 65 74 64 41 54 86 99 26 53 89 66 43 9 12 46 98 27 216 217 222 223 228 229
47 80 57 25 9 31 12 102 15 45 92 69 82 49 104 94 71 84 61 51 23 4 26 106 7 37 60 96 73 40 105 27 95 85 62 75 65 74 64 2 5 35 16 19 86 99 3 89 33 6 56 39 98 34 78 55 100 30 90 103 217 218 223 224 229 230
80 90 103 1 93 64 75 102 92 62 82 65 79 81 94 23 56 37 40 70 21 106 83 73 54 27 57 8 38 60 41 71 74 95 18 5 16 19 0 52 33 63 55 6 66 39 69 89 20 53 101 91 30 11 14 44 25 100 219 220 225 226 231 232
8 9 84 87 64 54 31 44 21 96 86 53 89 66 20 56 33 2 65 101 5 55 45 3 100 77 6 90 34 37 79 69 46 59 36 26 16 81 94 71 48 1 25 38 18 103 93 83 50 27 63 30 72 85 62 39 42 19 216 221 222 227 228 233
9 44 57 34 11 89 56 92 69 46 23 59 36 26 5 16 101 68 104 81 0 71 48 3 25 15 83 50 40 105 82 95 49 85 62 39 52 19 84 51 64 41 106 86 63 99 30 66 43 20 10 98 75 4 65 7 55 12 87 216 221 222 227 228 233
0 5 93 70 83 37 73 27 105 95 49 85 62 39 52 6 42 94 84 74 51 41 54 96 63 53 30 66 43 20 23 75 65 78 55 45 22 35 12 77 90 44 11 1 89 79 56 69 59 26 16 101 91 81 71 61 38 216 221 222 227 228 233
5 96 3 50 27 63 40 30 7 105 85 62 75 19 74 64 21 1 11 86 99 66 43 56 33 23 65 78 55 68 45 12 25 4 103 57 34 70 37 102 46 82 59 36 49 39 16 94 71 48 84 38 51 93 216 221 222 227 228 233
40 41 77 54 2 35 16 19 99 53 89 3 33 39 98 20 78 34 55 68 45 100 30 11 57 1 12 69 82 49 81 94 71 48 51 93 23 4 83 26 7 37 63 105 27 95 72 38 85 62 52 74 18 64 217 218 223 224 229 230
41 42 74 38 39 77 44 99 53 18 43 56 2 35 98 16 19 101 55 22 68 36 20 90 57 70 102 79 92 11 46 82 14 49 25 1 31 81 71 48 84 61 93 83 60 96 63 105 95 72 4 85 26 62 75 65 217 218 223 224 229 230
6 48 84 18 93 106 83 60 73 50 2 30 7 20 105 95 72 62 3 52 42 19 87 77 44 11 99 53 89 66 43 56 10 98 55 91 68 45 35 25 100 103 57 37 14 102 4 69 82 59 16 104 81 94 71 216 221 222 227 228 233
48 36 39 90 34 103 57 70 30 102 11 82 44 59 25 72 49 31 12 104 15 81 71 84 106 60 96 73 63 105 95 26 7 85 37 75 10 21 38 74 77 54 86 18 89 79 56 35 16 101 55 33 68 217 218 223 224 229 230
94 39 72 53 83 103 30 11 105 14 1 12 42 104 15 75 81 62 92 65 46 106 96 23 95 26 56 7 98 10 43 73 54 27 57 87 38 60 93 74 91 2 4 35 68 19 22 52 3 82 36 220 221 226 227 232 233
50 91 2 104 81 49 51 3 103 33 93 106 83 39 73 20 34 105 72 30 11 25 84 74 87 64 31 77 12 42 15 86 99 53 89 66 46 56 98 101 78 4 26 10 100 21 43 57 27 38 79 92 82 18 217 218 223 224 229 230
91 95 98 79 30 11 89 31 61 12 42 43 45 99 75 27 57 90 74 46 101 4 56 7 37 103 10 93 82 54 55 38 69 92 71 105 72 83 86 104 18 35 16 1 106 33 63 36 66 78 20 220 221 226 227 232 233
69 104 81 30 11 14 1 96 73 61 86 45 59 51 95 62 85 75 46 74 87 23 26 56 7 10 21 43 54 89 57 79 2 100 90 103 68 70 49 52 3 63 36 102 66 92 39 105 82 72 53 218 219 224 225 230 231
104 99 83 100 103 30 25 12 64 15 45 78 62 65 95 46 98 79 96 23 4 26 56 7 37 10 70 21 27 57 87 38 90 71 93 74 77 18 2 106 35 16 19 49 22 101 52 3 82 33 63 85 39 220 221 226 227 232 233
68 59 51 83 96 46 98 25 56 7 10 21 74 54 27 57 77 38 60 99 89 79 18 4 35 101 78 19 49 22 3 63 55 36 100 66 90 70 34 102 92 82 30 11 14 44 61 12 64 15 45 218 219 224 225 230 231
21 64 7 54 31 86 99 43 98 65 55 45 22 35 2 100 16 77 90 44 57 34 3 89 59 36 49 26 101 81 25 61 14 38 93 12 106 83 15 37 27 30 95 72 85 75 52 42 84 74 51 87 216 217 222 223 228 229
64 43 54 27 103 60 70 102 105 82 18 2 19 71 49 84 22 33 63 55 93 20 83 73 34 86 95 85 30 98 11 65 14 44 31 61 12 74 42 51 89 66 79 23 101 78 26 37 10 218 219 224 225 230 231
77 85 42 43 27 57 59 71 100 99 89 35 79 37 22 52 54 36 78 66 38 81 20 72 53 90 18 2 14 102 16 92 19 49 1 31 3 63 45 75 51 34 65 46 106 83 96 11 25 26 219 220 225 226 231 232
42 100 44 57 18 89 79 2 92 35 16 49 19 22 3 33 81 36 71 39 20 70 106 83 60 73 30 11 105 14 82 95 25 62 75 1 12 84 74 51 53 26 7 98 10 65 101 78 55 45 217 218 223 224 229 230
27 74 87 16 54 31 19 99 20 43 56 33 101 78 25 90 1 57 70 12 79 82 59 72 49 81 84 61 23 38 4 93 106 22 60 96 73 63 53 30 95 62 98 52 65 216 217 222 223 228 229
33 38 103 93 70 106 23 83 60 7 63 10 105 72 85 62 39 75 52 74 51 87 18 2 96 16 89 66 43 22 56 98 65 78 55 35 100 90 57 14 37 102 31 79 12 46 82 49 61 216 217 222 223 228 229
38 84 87 54 96 53 30 56 11 14 98 65 101 1 78 12 100 90 44 57 89 102 92 23 59 4 37 81 71 103 70 106 83 60 63 105 2 95 72 35 39 75 19 217 218 223 224 229 230
84 102 66 39 92 72 83 18 2 35 16 93 106 31 96 61 3 78 20 51 85 34 65 79 14 44 25 26 86 43 99 45 75 89 57 59 71 23 100 4 90 37 70 22 52 82 54 219 220 225 226 231 232
25 34 15 89 102 79 56 46 59 11 61 10 103 12 93 106 60 37 82 72 39 4 74 51 87 19 3 63 99 20 53 66 98 75 18 55 2 45 35 14 16 57 216 217 222 223 228 229
34 1 31 81 71 15 51 103 83 96 73 63 105 95 72 75 26 52 7 10 54 86 99 53 43 56 98 65 101 78 22 45 35 100 20 90 57 70 37 79 92 11 59 36 14 49 216 217 222 223 228 229
39 81 61 51 18 2 106 83 96 73 86 63 1 31 3 15 85 98 75 52 74 87 54 44 11 26 99 43 56 46 101 78 55 45 100 57 70 60 102 59 72 36 217 218 223 224 229 230
81 20 51 103 93 30 102 92 105 82 61 12 15 78 59 62 65 46 106 83 96 23 4 26 7 37 10 70 95 73 98 54 71 74 100 18 16 22 52 63 219 220 225 226 231 232
2 30 105 95 72 85 62 52 19 51 87 31 11 96 86 66 43 10 98 65 78 55 12 100 44 37 4 102 92 82 59 36 26 3 93 70 106 1 60 73 216 221 222 227 228 233
3 15 103 93 70 83 60 30 7 95 72 1 85 75 52 19 51 87 31 44 86 99 53 66 43 20 56 10 98 65 101 22 100 57 4 46 82 59 36 26 16 61 216 221 222 227 228 233
15 100 90 103 57 37 102 79 92 46 11 26 14 16 1 71 12 61 106 96 73 105 95 85 62 75 52 19 10 74 54 31 44 86 53 89 66 20 56 23 98 101 78 45 22 216 221 222 227 228 233
54 74 87 43 96 86 66 18 98 65 101 78 16 19 22 100 90 36 57 70 102 79 92 82 59 44 61 1 31 12 93 106 83 51 73 63 46 95 72 7 37 218 219 224 225 230 231
14 37 102 1 46 82 49 16 61 51 18 103 93 83 60 96 73 4 63 7 10 105 95 72 75 52 74 87 31 44 99 53 89 66 43 56 23 98 65 45 22 100 90 216 221 222 227 228 233
106 16 49 22 63 55 66 20 99 102 53 83 86 100 103 11 44 1 92 65 95 46 98 96 23 4 26 7 37 89 73 87 71 74 105 220 221 226 227 232 233
66 71 4 26 7 93 10 83 96 73 43 60 72 75 18 74 87 35 19 22 52 86 63 36 20 98 101 30 11 100 44 31 61 102 79 82 62 218 219 224 225 230 231
71 53 87 86 11 99 31 101 59 51 62 65 46 100 103 23 4 102 26 79 7 10 70 60 93 83 96 73 19 49 95 22 52 75 63 55 218 219 224 225 230 231
65 101 23 103 4 93 7 10 22 52 55 92 36 105 82 18 35 16 83 96 49 86 31 63 20 62 46 74 56 99 61 12 89 79 59 218 219 224 225 230 231
43 87 26 7 10 89 56 46 101 55 45 90 103 57 70 35 16 19 22 102 92 36 59 49 20 51 30 11 83 96 73 31 105 85 62 75 52 217 218 223 224 229 230
87 73 57 74 99 89 4 35 16 101 19 49 22 52 82 63 55 85 36 100 20 90 72 103 53 86 92 30 11 31 12 45 78 59 51 62 46 96 105 56 10 219 220 225 226 231 232
16 70 83 73 105 82 11 62 51 18 31 96 20 23 98 4 78 55 10 45 35 100 90 57 102 92 36 49 101 61 103 216 221 222 227 228 233
70 1 31 61 45 99 89 59 62 98 101 11 56 90 12 57 102 79 60 92 4 93 49 22 83 52 96 73 36 20 105 53 85 75 74 44 218 219 224 225 230 231
35 83 60 63 105 95 72 62 75 23 4 26 10 44 99 53 18 101 78 55 45 19 22 90 103 37 20 102 92 46 82 49 30 61 51 1 31 12 216 217 222 223 228 229
83 19 63 55 36 93 72 11 85 98 31 45 75 78 62 46 99 79 23 26 37 10 57 90 103 74 92 219 220 225 226 231 232
36 61 30 93 60 96 73 1 31 12 95 72 85 74 44 23 4 86 7 99 98 18 90 103 57 37 19 102 79 22 92 46 217 218 223 224 229 230
55 61 96 86 4 7 85 10 62 98 75 74 18 99 56 19 49 22 52 78 51 53 90 93 60 11 102 92 44 82 72 1 31 12 218 219 224 225 230 231
61 90 53 102 82 11 44 1 31 12 45 93 59 96 63 46 95 72 85 62 75 23 4 26 56 74 57 99 89 18 98 101 19 49 52 218 219 224 225 230 231
1 90 103 37 4 102 79 92 93 60 73 30 7 20 105 72 85 75 19 31 44 11 86 89 10 46 23 98 101 78 45 22 12 100 216 221 222 227 228 233
90 12 78 51 62 79 99 23 4 26 56 7 37 10 57 103 74 18 92 49 22 52 63 85 72 53 86 95 44 220 221 226 227 232 233
57 74 12 45 51 99 89 23 4 56 7 10 100 103 82 59 18 49 22 52 20 53 63 105 95 62 75 11 44 218 219 224 225 230 231
7 86 63 53 20 56 10 98 78 22 12 44 37 89 102 79 92 82 59 26 103 93 60 73 4 30 72 85 75 19 74 18 216 221 222 227 228 233
95 18 19 22 52 63 85 20 102 53 105 86 44 12 45 75 78 59 51 92 46 98 23 4 26 37 10 89 73 99 60 220 221 226 227 232 233
96 99 37 22 52 85 101 20 72 53 86 103 18 30 45 75 78 51 92 46 11 26 56 10 89 98 60 93 74 23 220 221 226 227 232 233
99 56 37 10 89 73 60 74 19 22 63 101 11 44 100 12 45 75 59 51 92 105 46 79 220 221 226 227 232 233
101 92 79 26 89 73 60 93 4 19 49 22 52 82 20 72 53 103 86 100 105 44 12 45 59 220 221 226 227 232 233
59 100 11 31 12 45 79 82 51 46 23 93 56 60 10 73 63 105 72 85 62 18 19 49 86 52 20 78 218 219 224 225 230 231
18 30 105 72 85 62 75 52 74 51 31 44 86 53 89 20 98 45 100 11 102 79 49 26 93 4 73 63 216 217 222 223 228 229
30 79 92 82 4 49 19 22 51 93 60 73 11 105 72 85 62 75 52 74 86 53 89 56 23 26 98 78 45 100 216 217 222 223 228 229
46 98 78 100 31 103 12 102 79 92 82 49 23 4 37 10 22 93 105 72 85 62 75 52 74 19 20 56 217 218 223 224 229 230
98 4 37 10 22 72 53 105 52 82 63 78 51 89 73 45 60 92 220 221 226 227 232 233
85 93 86 49 82 53 44 89 31 45 75 78 51 62 79 103 4 26 37 102 10 105 73 60 219 220 225 226 231 232
49 103 93 60 73 63 11 105 72 52 45 51 86 53 89 23 56 37 10 78 100 102 20 217 218 223 224 229 230
103 31 105 45 62 79 11 44 26 56 10 12 73 60 93 4 52 82 72 102 53 86 100 220 221 226 227 232 233
45 102 79 92 23 4 26 37 93 63 19 52 22 20 86 53 89 11 56 44 31 12 217 218 223 224 229 230
92 44 31 12 75 51 102 23 4 26 56 37 93 60 22 52 20 72 53 86 220 221 226 227 232 233
10 31 44 11 86 53 20 23 12 37 79 26 51 73 63 105 62 75 52 216 221 222 227 228 233
31 37 102 79 51 22 93 60 73 63 20 72 62 11 74 44 53 78 23 4 100 216 217 222 223 228 229
100 78 62 23 26 37 89 60 74 22 52 20 51 53 86 11 44 102 220 221 226 227 232 233
62 78 19 22 82 20 53 11 93 73 63 72 51 75 74 4 26 37 86 89 60 218 219 224 225 230 231
78 23 102 37 79 60 74 93 105 22 52 63 20 72 11 44 89 75 51 219 220 225 226 231 232
74 60 89 79 19 52 63 20 51 53 105 82 12 93 23 37 219 220 225 226 231 232
73 19 22 20 53 11 44 79 51 82 26 56 37 93 60 105 75 219 220 225 226 231 232
20 4 93 63 72 75 52 44 19 86 53 56 11 79 82 216 217 222 223 228 229
51 82 44 86 53 26 75 12 89 79 23 4 37 217 218 223 224 229 230
23 86 89 56 37 102 79 82 4 26 19 22 72 75 52 44 216 217 222 223 228 229
86 26 56 72 19 22 52 82 63 53 89 11 60 79 102 219 220 225 226 231 232
102 11 44 12 75 79 56 37 60 93 19 22 52 82 63 53 105 220 221 226 227 232 233
60 19 22 89 79 11 44 12 93 105 72 4 26 75 218 219 224 225 230 231
37 63 12 11 44 26 4 19 82 75 52 217 218 223 224 229 230
44 12 79 4 19 63 105 72 75 52 89 217 218 223 224 229 230
19 93 63 105 72 52 89 11 22 79 82 216 217 222 223 228 229
93 52 82 12 75 79 105 26 56 89 220 221 226 227 232 233
11 89 79 56 4 75 52 63 22 12 216 221 222 227 228 233
89 26 56 12 82 105 53 75 79 219 220 225 226 231 232
12 26 4 105 72 75 52 63 53 216 221 222 227 228 233
105 22 82 53 79 75 56 72 220 221 226 227 232 233
79 4 22 52 63 219 220 225 226 231 232
26 53 56 63 72 22 216 217 222 223 228 229
63 22 72 53 75 82 218 219 224 225 230 231
4 56 82 72 216 221 222 227 228 233
72 75 56 52 53 219 220 225 226 231 232
56 82 22 75 218 219 224 225 230 231
52 75 82 217 218 223 224 229 230
22 53 216 217 222 223 228 229
53 82 217 218 223 224 229 230
82 219 220 225 226 231 232
75 219 220 225 226 231 232
121 196 173 209 186 163 140 176 153 130 119 208 185 198 188 165 117 120 187 177 190 167 157 134 199 212 189 179 156 133 146 123 136 112 126 211 178 191 168 181 158 171 148 125 138 116 203 180 193 170 183 137 127 192 182 159 110 172 129 204 109 111 197 174 151 164 141 216 221 222 227 228 233
196 203 173 154 187 215 112 164 118 178 129 151 181 132 162 184 165 116 195 197 168 149 179 182 185 166 199 126 113 208 124 176 211 114 193 144 174 125 210 158 200 180 142 175 212 192 138 152 133 136 201 109 188 139 204 172 123 153 183 186 137 167 159 140 213 170 219 220 225 226 231 232
140 209 137 163 199 176 153 166 198 175 178 155 145 112 115 210 187 129 167 132 157 114 147 128 212 189 179 156 192 169 146 138 191 110 204 122 171 108 213 139 203 193 170 183 125 150 215 205 195 149 185 162 194 207 133 184 134 174 136 151 117 118 164 154 206 216 217 222 223 228 229
209 200 173 154 206 204 131 164 145 117 197 151 181 132 162 135 165 116 195 146 198 149 179 185 166 126 112 113 176 127 130 160 111 141 171 114 193 174 147 177 158 180 161 211 194 138 210 122 213 152 124 136 108 109 150 212 202 183 205 156 186 137 167 159 189 220 221 226 227 232 233
132 205 122 195 172 149 139 109 120 184 161 197 174 151 164 141 206 173 186 176 153 131 133 112 208 198 175 142 178 116 200 177 190 144 157 134 199 189 179 110 156 169 113 159 136 201 214 111 191 114 158 135 125 148 213 193 147 183 160 137 150 215 119 192 216 217 222 223 228 229
205 162 165 116 195 146 168 179 201 211 210 113 143 176 130 212 190 141 171 114 193 144 147 191 142 194 214 175 192 119 122 152 133 206 155 136 109 169 120 150 172 123 153 215 183 156 186 167 208 189 170 203 154 187 204 112 134 145 118 148 178 129 151 181 220 221 226 227 232 233
124 201 178 191 168 145 181 158 135 138 213 190 193 147 183 137 120 215 192 123 182 159 172 149 162 129 194 171 207 184 161 174 128 131 206 173 115 163 176 130 208 152 165 155 197 187 164 200 177 154 167 110 144 134 113 199 212 189 202 111 179 156 169 114 136 216 221 222 227 228 233
201 176 157 108 130 160 190 193 144 174 125 208 177 128 159 161 191 142 173 175 207 192 138 119 122 152 133 155 136 117 139 169 172 183 184 156 186 137 168 211 200 154 185 187 199 131 115 118 197 148 212 178 181 162 135 195 198 214 204 110 113 206 143 220 221 226 227 232 233
125 166 179 133 169 110 146 113 211 178 214 191 111 181 158 135 114 213 193 170 150 127 119 182 159 172 149 162 139 129 109 204 171 184 161 174 128 164 173 186 176 153 130 143 208 185 175 152 188 165 142 155 145 116 210 187 200 177 144 157 134 212 216 221 222 227 228 233
166 203 156 158 183 142 215 182 195 172 185 122 164 136 207 118 184 148 197 120 174 150 135 137 176 208 198 211 188 131 112 113 143 115 145 129 130 160 200 162 114 144 190 167 128 161 212 202 192 126 110 214 191 168 155 157 171 108 111 141 123 213 153 218 219 224 225 230 231
184 215 131 195 208 134 164 115 118 148 178 129 151 181 135 165 197 146 179 182 186 199 126 110 113 188 157 108 130 160 111 141 114 147 177 200 180 190 142 175 212 202 119 122 152 133 155 117 109 214 139 191 150 172 153 183 137 203 154 206 219 220 225 226 231 232
215 214 116 195 146 149 179 199 126 211 113 143 127 130 111 190 141 171 193 144 174 177 207 158 142 175 208 192 138 122 133 155 117 188 139 120 150 202 153 156 186 167 170 200 173 203 154 185 187 204 131 112 134 164 115 197 148 178 151 162 220 221 226 227 232 233
163 192 169 154 191 181 194 134 203 115 145 193 118 170 206 183 151 162 135 116 146 195 172 126 207 197 110 174 187 164 143 127 157 130 160 141 186 199 144 176 147 161 208 142 211 188 178 138 200 152 177 133 167 155 180 136 117 109 139 123 212 202 156 137 218 219 224 225 230 231
192 144 210 116 146 147 177 175 212 202 155 108 109 139 204 169 111 171 172 156 186 158 193 142 206 187 138 119 195 122 152 134 118 120 150 194 151 207 123 183 135 137 167 168 149 179 182 199 131 208 112 145 176 178 129 160 162 219 220 225 226 231 232
137 208 185 198 175 165 110 145 210 187 108 177 154 167 144 114 157 128 212 202 179 156 169 159 214 191 168 204 122 158 133 148 138 203 180 193 170 147 183 160 150 182 172 149 162 139 131 134 115 161 151 118 164 129 135 186 216 217 222 223 228 229
116 117 182 195 149 162 139 152 129 119 194 207 161 174 151 128 141 206 110 173 113 176 153 143 120 108 208 198 188 142 145 210 200 154 190 167 199 202 179 156 169 146 126 211 178 214 191 168 171 148 138 203 180 193 147 183 160 112 216 221 222 227 228 233
117 198 175 152 188 165 119 155 187 164 200 131 167 110 134 199 111 169 123 114 136 211 178 168 145 181 158 135 148 190 203 157 193 170 147 127 159 172 149 126 162 139 204 194 171 207 138 174 151 141 206 183 112 173 150 115 153 143 120 216 221 222 227 228 233
108 113 211 178 214 191 168 181 158 135 112 148 213 190 203 180 157 170 147 150 127 202 182 159 195 126 129 204 194 171 207 138 151 118 131 206 176 198 175 152 188 142 119 109 122 197 210 200 177 154 167 134 111 212 189 156 133 146 136 216 221 222 227 228 233
113 168 204 181 158 148 138 115 213 193 183 160 127 195 149 185 152 129 109 194 207 161 197 174 151 128 164 141 118 131 173 186 153 130 143 133 211 165 142 178 155 145 122 210 154 157 114 199 212 179 156 146 123 159 214 216 221 222 227 228 233
119 122 115 210 164 118 154 157 134 199 212 189 202 179 156 133 169 123 136 211 178 168 145 181 158 112 138 213 180 114 170 183 160 150 159 195 172 162 139 171 207 161 109 141 131 173 186 153 143 120 185 198 175 152 165 142 155 216 221 222 227 228 233
122 145 200 109 177 154 190 134 212 156 169 146 123 136 126 211 214 191 168 204 171 138 118 180 170 147 183 150 182 195 172 185 162 152 129 194 207 161 197 174 151 128 111 206 186 176 153 133 208 198 175 188 142 155 216 221 222 227 228 233
203 199 126 143 208 176 127 211 130 160 190 141 171 114 193 144 128 158 180 213 142 194 152 133 155 109 169 120 172 202 204 183 156 167 189 200 173 154 131 112 134 115 118 148 178 129 151 162 207 195 146 198 179 182 185 220 221 226 227 232 233
198 139 120 150 172 123 153 183 156 186 167 170 154 187 131 112 164 145 118 148 178 129 151 162 165 195 146 208 168 149 179 211 185 126 110 143 212 130 160 202 190 171 193 144 147 180 161 191 142 204 175 138 152 136 220 221 226 227 232 233
177 212 202 152 155 136 191 109 204 181 169 120 194 123 153 156 167 159 206 173 112 134 164 115 145 148 151 207 197 135 165 187 146 168 186 199 110 143 211 188 176 178 127 130 141 114 200 147 213 128 190 180 142 175 218 219 224 225 230 231
212 207 210 161 191 194 175 138 152 136 188 139 169 150 172 123 183 156 173 187 204 131 112 134 115 148 151 162 135 165 195 146 149 179 185 110 214 143 176 127 160 111 141 213 114 193 144 174 220 221 226 227 232 233
129 172 115 149 162 139 118 204 194 207 161 174 151 141 176 130 185 127 188 165 155 114 197 128 210 164 167 157 134 199 189 156 133 169 211 109 178 120 214 168 145 181 148 213 180 193 170 147 150 182 195 216 217 222 223 228 229
172 151 162 135 175 211 165 188 146 210 190 126 180 110 189 202 157 111 141 171 114 144 128 214 204 181 142 193 206 173 133 155 136 109 169 182 195 153 185 156 167 159 207 154 131 186 199 176 218 219 224 225 230 231
169 208 114 144 175 211 188 128 158 142 187 138 152 133 155 189 136 202 109 139 153 167 214 159 204 171 183 112 164 115 145 148 182 195 135 165 146 168 149 207 197 126 110 186 127 157 160 111 141 218 219 224 225 230 231
208 120 213 150 123 202 183 156 170 200 173 187 214 131 134 164 115 197 181 162 135 168 149 179 180 199 126 143 176 157 130 160 190 114 144 147 207 158 159 161 142 194 206 138 133 136 210 109 188 220 221 226 227 232 233
148 185 110 152 143 194 127 207 161 174 111 151 141 164 144 128 142 153 175 188 155 133 136 139 120 200 154 157 199 202 179 131 214 191 204 181 145 158 171 118 135 180 146 193 183 160 182 195 126 217 218 223 224 229 230
185 178 120 150 151 181 165 167 179 207 112 143 187 145 130 160 162 114 174 146 147 189 128 180 161 175 211 126 138 110 155 213 157 109 141 171 123 153 202 159 142 173 191 204 194 152 133 134 164 219 220 225 226 231 232
149 150 182 195 162 161 197 174 151 143 111 141 114 144 128 175 211 188 142 165 155 210 187 138 200 190 167 157 133 136 109 120 189 202 123 179 159 191 181 213 131 180 193 134 170 115 183 160 118 173 217 218 223 224 229 230
150 152 188 155 126 210 187 110 112 154 127 130 199 141 114 189 144 202 147 142 211 191 168 181 213 133 180 193 136 183 120 123 195 162 204 194 171 207 161 174 164 131 115 145 118 173 153 217 218 223 224 229 230
181 182 195 143 176 160 111 141 194 114 207 144 174 128 158 180 161 175 186 138 152 155 136 109 139 120 210 200 190 112 134 164 115 145 118 178 191 151 135 165 168 213 179 193 206 183 219 220 225 226 231 232
182 183 162 135 165 146 168 179 195 126 194 207 197 143 187 127 157 130 160 111 141 171 114 186 199 147 158 142 175 211 188 152 133 200 155 213 136 190 139 120 123 153 156 154 191 204 115 193 151 219 220 225 226 231 232
141 146 211 178 214 131 168 158 171 213 180 135 170 147 183 160 195 126 162 110 207 127 161 151 130 164 128 173 143 155 109 210 187 200 154 190 123 144 199 189 202 179 156 216 217 222 223 228 229
146 114 144 159 195 162 204 194 207 161 151 138 164 206 136 173 109 120 153 123 175 155 197 210 200 154 112 157 115 199 189 202 179 156 214 168 158 171 213 143 193 170 130 111 217 218 223 224 229 230
127 211 214 168 204 158 135 138 126 213 180 110 147 183 160 111 195 139 152 194 161 197 174 164 131 206 173 186 176 153 130 120 133 175 188 165 142 178 210 200 154 167 144 112 199 118 202 179 156 136 216 217 222 223 228 229
211 157 213 111 202 156 158 159 173 206 214 204 152 133 134 164 118 151 183 135 195 168 179 131 112 115 176 178 160 162 147 128 207 180 161 191 194 175 126 138 220 221 226 227 232 233
133 142 123 197 210 187 167 144 134 199 176 156 118 120 178 158 213 190 180 157 170 147 160 202 112 159 162 139 111 171 128 161 174 151 173 126 186 143 109 165 216 217 222 223 228 229
142 199 109 139 189 120 159 214 191 168 171 213 131 193 112 147 115 135 207 161 197 174 126 164 110 173 186 130 143 128 188 178 155 145 187 154 167 144 157 216 217 222 223 228 229
152 155 118 210 187 135 154 190 167 199 189 202 112 143 115 191 145 168 130 111 114 144 213 128 180 193 170 160 110 136 139 207 161 174 123 164 173 188 134 178 217 218 223 224 229 230
155 178 139 187 153 167 180 189 202 179 159 131 115 168 204 158 171 151 135 193 170 160 126 110 143 194 207 111 197 114 144 164 128 206 186 199 176 138 217 218 223 224 229 230
118 162 139 194 207 112 161 197 174 115 128 164 206 173 186 176 153 130 188 178 110 187 154 190 144 157 111 114 199 179 214 191 168 204 158 171 138 213 180 193 170 160 195 216 221 222 227 228 233
162 195 151 197 164 126 206 130 160 114 175 144 165 147 178 158 161 187 200 190 167 138 199 189 179 109 214 191 159 171 213 180 193 170 134 115 218 219 224 225 230 231
111 123 178 191 168 135 171 115 213 180 109 170 147 183 114 195 139 194 161 197 151 164 131 206 186 176 153 120 175 188 145 112 210 187 154 190 144 199 202 179 156 216 221 222 227 228 233
123 114 188 165 145 210 187 200 154 144 157 134 189 202 109 120 159 126 214 204 135 171 180 193 170 183 112 115 139 207 161 197 174 151 128 131 110 173 186 176 153 130 143 216 221 222 227 228 233
130 136 191 168 204 171 161 193 170 112 160 173 115 139 194 207 197 174 164 126 186 199 153 114 175 188 165 135 187 190 144 157 134 147 109 189 120 179 156 159 216 217 222 223 228 229
136 114 128 210 187 200 154 167 144 157 189 202 156 109 120 214 191 168 158 171 193 170 147 160 112 134 159 115 195 194 161 174 206 173 126 186 153 110 216 217 222 223 228 229
183 188 210 187 200 190 160 174 147 189 202 175 214 213 109 120 193 153 167 159 173 154 195 194 131 134 164 115 145 178 206 135 168 179 219 220 225 226 231 232
214 176 157 190 171 114 193 144 147 128 207 158 191 175 138 109 188 139 120 156 186 159 170 200 206 187 204 131 112 134 164 115 197 135 195 179 199 126 110 220 221 226 227 232 233
120 175 188 165 145 197 187 200 154 190 167 144 157 112 199 179 156 178 191 135 213 180 110 170 126 139 171 207 161 128 131 173 176 153 109 143 216 221 222 227 228 233
173 186 199 176 131 112 188 145 160 210 114 200 144 213 147 202 110 143 191 157 109 194 171 128 158 159 206 170 134 151 197 174 153 187 218 219 224 225 230 231
112 204 194 161 138 128 109 206 153 143 195 188 165 210 164 154 167 134 199 189 178 168 145 110 135 115 190 180 157 147 114 139 216 221 222 227 228 233
204 207 115 145 176 147 128 158 180 194 175 126 138 110 210 213 109 139 202 153 156 186 159 189 200 154 187 164 178 206 135 167 179 220 221 226 227 232 233
159 199 176 189 147 128 158 188 165 178 168 210 138 200 213 190 180 109 153 156 154 194 171 134 170 206 151 135 175 197 187 164 131 143 115 186 217 218 223 224 229 230
199 189 206 187 138 134 151 135 165 167 154 131 145 176 160 114 193 147 179 161 194 175 126 202 188 171 156 186 128 220 221 226 227 232 233
151 195 131 134 145 194 197 174 154 135 176 153 126 110 165 143 210 114 190 180 157 179 156 191 168 171 213 193 160 217 218 223 224 229 230
195 165 168 179 126 110 206 143 176 160 190 114 144 174 128 158 191 194 138 139 202 156 167 189 170 131 115 145 219 220 225 226 231 232
178 109 153 207 197 156 167 134 164 135 165 210 189 202 179 131 115 157 160 114 144 174 128 158 161 180 193 175 138 218 219 224 225 230 231
143 191 158 171 213 180 193 170 147 160 134 115 207 161 174 164 206 126 186 176 153 188 165 210 154 190 167 144 157 138 189 156 109 139 216 217 222 223 228 229
191 176 157 160 190 171 174 158 161 175 213 138 193 109 188 153 186 167 170 207 131 134 115 135 165 168 179 210 200 110 219 220 225 226 231 232
144 156 138 168 158 171 139 213 180 134 194 197 174 135 176 153 175 188 110 145 210 200 167 114 157 128 202 217 218 223 224 229 230
156 147 188 138 210 200 190 139 153 179 158 171 213 131 145 170 206 160 126 197 174 110 164 186 217 218 223 224 229 230
207 131 134 145 179 126 157 160 193 147 158 180 161 194 175 109 188 139 202 153 186 167 189 210 213 206 187 220 221 226 227 232 233
115 110 174 128 164 131 206 114 153 175 165 145 197 187 200 154 190 167 157 189 202 138 213 193 170 147 216 221 222 227 228 233
126 138 213 180 193 147 160 139 194 197 174 128 206 188 145 210 187 200 154 167 157 134 202 179 110 168 158 171 216 217 222 223 228 229
138 187 200 154 189 114 202 179 128 158 171 213 180 170 147 109 161 174 131 134 206 135 175 165 145 216 217 222 223 228 229
154 206 186 176 134 188 165 135 210 187 200 190 167 157 189 202 179 145 114 158 170 160 110 194 161 174 217 218 223 224 229 230
206 131 176 193 147 210 179 180 161 194 110 160 190 171 114 174 158 189 187 109 197 139 153 167 168 170 200 220 221 226 227 232 233
168 160 128 158 161 197 174 187 186 109 139 153 188 167 210 200 213 180 189 134 202 135 165 194 170 218 219 224 225 230 231
179 128 175 194 197 109 186 170 210 164 200 145 190 135 189 202 110 176 193 218 219 224 225 230 231
157 158 171 213 180 193 109 160 153 174 145 186 176 135 175 165 110 210 200 190 167 114 189 202 147 217 218 223 224 229 230
175 153 189 202 170 131 213 164 145 193 135 165 194 110 186 114 174 176 158 161 188 210 200 218 219 224 225 230 231
213 110 176 188 160 202 174 128 189 187 139 153 186 170 164 145 165 147 210 194 220 221 226 227 232 233
200 188 139 186 167 189 187 202 131 164 145 135 110 176 160 190 114 193 147 128 180 194 220 221 226 227 232 233
114 158 128 180 109 160 139 194 197 174 186 188 210 187 190 167 134 202 216 221 222 227 228 233
139 188 165 135 145 210 187 190 147 189 110 171 128 193 170 160 161 197 174 164 186 153 131 216 217 222 223 228 229
110 135 180 193 170 147 194 161 128 164 176 153 188 165 197 190 134 189 109 216 221 222 227 228 233
135 194 197 186 176 165 145 210 187 190 167 180 147 189 131 171 161 193 216 217 222 223 228 229
170 186 176 188 160 210 187 147 190 189 202 109 171 153 167 180 134 164 145 194 174 165 218 219 224 225 230 231
186 188 134 164 210 190 165 189 202 193 171 174 180 161 197 109 167 219 220 225 226 231 232
189 128 158 161 210 153 202 187 194 131 134 164 145 193 165 180 176 171 174 219 220 225 226 231 232
128 158 171 180 147 160 109 194 197 164 176 153 188 165 145 210 190 167 134 216 217 222 223 228 229
147 202 158 194 171 160 134 197 187 164 176 153 131 145 210 167 217 218 223 224 229 230
202 158 161 194 167 131 197 165 176 160 190 171 174 220 221 226 227 232 233
176 134 145 165 197 160 171 174 188 158 161 180 109 218 219 224 225 230 231
131 194 161 197 174 164 153 188 145 210 187 190 134 171 180 160 109 216 217 222 223 228 229
194 134 164 145 165 160 190 161 197 109 167 219 220 225 226 231 232
210 109 188 153 167 187 164 197 165 160 158 161 220 221 226 227 232 233
145 109 161 174 153 165 197 158 190 180 193 160 217 218 223 224 229 230
188 153 167 190 187 134 165 193 160 171 197 180 219 220 225 226 231 232
158 171 193 160 161 197 174 164 165 187 190 167 217 218 223 224 229 230
165 109 153 197 174 134 164 187 180 161 193 218 219 224 225 230 231
187 109 153 190 180 161 171 197 219 220 225 226 231 232
153 161 197 174 164 109 217 218 223 224 229 230
109 167 171 180 197 174 164 216 221 222 227 228 233
161 193 174 190 167 180 217 218 223 224 229 230
134 197 174 164 190 167 171 180 193 216 217 222 223 228 229
197 160 190 193 167 219 220 225 226 231 232
164 167 160 171 218 219 224 225 230 231
171 180 174 190 218 219 224 225 230 231
160 193 190 180 217 218 223 224 229 230
174 167 190 218 219 224 225 230 231
180 193 190 219 220 225 226 231 232
190 193 167 219 220 225 226 231 232
193 167 219 220 225 226 231 232
167 218 219 224 225 230 231
216
217
218
219
220
221
222
223
224
225
226
227
228
229
230
231
232
233
