#/usr/local/lib/python3.10/dist-packages/colab_kernel_launcher.py -f /root/.local/share/jupyter/runtime/kernel-ccf9b1d1-ce2b-4d6c-8d13-48aff858ef78.json
# GMT Mon May 27 10:18:09 2024
# 
15 21 1 23 14 16 25 18 12 2 6 4 8 20 22 0 24 5 7 9 13 52 53 56 57 59 60 62 63 65 66 69 70
21 17 5 7 13 25 3 14 16 20 22 10 24 12 2 4 8 19 23 11 53 54 56 57 60 61 63 64 66 67 69 70
6 18 11 20 13 2 24 4 8 17 5 10 19 0 12 1 14 23 7 25 52 55 56 58 59 61 62 64 65 68 69 71
18 8 19 12 23 4 5 13 0 17 25 7 9 20 10 22 16 24 2 53 54 56 57 59 60 63 64 66 67 69 70
16 20 22 11 24 17 5 19 7 13 1 23 3 10 12 25 2 4 53 54 56 57 59 60 62 63 66 67 69 70
20 22 10 24 4 19 23 0 11 25 1 7 9 13 3 14 53 54 56 57 60 61 63 64 66 67 69 70
4 9 2 25 11 22 24 17 8 0 10 19 1 3 7 52 54 55 58 59 61 62 64 65 67 68 71
9 8 17 10 19 0 14 5 7 1 23 3 25 11 13 22 2 52 53 55 56 58 59 61 62 65 66 68 69 71
5 10 19 0 12 14 23 25 1 11 2 22 24 8 17 52 54 55 58 59 61 62 64 65 67 68 71
10 7 1 22 3 24 17 19 12 14 2 0 13 52 53 55 56 58 59 62 63 65 66 68 69 71
8 11 1 3 25 13 2 24 17 12 0 14 23 7 52 53 55 56 58 59 61 62 65 66 68 69 71
12 25 7 13 1 3 24 17 19 23 2 11 0 52 53 55 56 59 60 62 63 65 66 68 69
25 22 24 11 1 14 3 7 13 19 54 55 57 58 60 61 63 64 67 68 70 71
14 22 0 11 24 17 7 13 1 3 23 2 52 53 56 57 59 60 62 63 65 66 69 70
22 3 23 1 0 11 17 7 13 24 53 54 57 58 60 61 63 64 66 67 70 71
3 24 17 0 19 1 23 7 11 2 52 54 55 57 58 61 62 64 65 67 68 70 71
19 7 13 1 2 23 0 11 17 53 54 56 57 59 60 63 64 66 67 69 70
17 13 23 1 2 11 24 53 54 56 57 59 60 62 63 66 67 69 70
2 11 0 13 24 23 52 54 55 57 58 61 62 64 65 67 68 70 71
11 7 0 1 13 52 53 55 56 58 59 62 63 65 66 68 69 71
0 23 7 13 1 52 54 55 57 58 60 61 64 65 67 68 70 71
23 7 13 24 53 54 57 58 60 61 63 64 66 67 70 71
13 24 52 53 55 56 59 60 62 63 65 66 68 69
1 24 7 52 54 55 57 58 60 61 64 65 67 68 70 71
7 52 55 56 58 59 61 62 64 65 68 69 71
24 54 55 57 58 60 61 63 64 67 68 70 71
33 43 45 26 47 40 49 31 42 35 29 51 44 46 48 28 32 41 30 50 34 52 55 56 58 59 61 62 64 65 68 69 71
43 47 39 49 27 29 36 51 45 44 28 32 30 46 34 48 26 50 41 31 53 54 56 57 59 60 62 63 66 67 69 70
30 35 49 51 44 46 48 32 41 50 34 36 45 27 29 38 47 40 42 52 54 55 58 59 61 62 64 65 67 68 71
35 34 36 45 38 26 47 40 27 49 29 51 44 37 46 39 48 28 50 52 53 55 56 58 59 61 62 65 66 68 69 71
29 39 32 41 34 36 45 27 38 47 31 49 42 51 28 46 26 52 54 55 57 58 61 62 64 65 67 68 70 71
39 50 45 32 40 49 42 34 44 31 37 26 51 27 46 48 36 41 52 53 55 56 59 60 62 63 65 66 68 69
31 36 26 45 38 47 40 49 42 44 27 37 32 46 48 28 50 52 54 55 58 59 61 62 64 65 67 68 71
36 46 27 48 41 50 45 38 40 28 49 32 42 51 26 52 53 55 56 58 59 62 63 65 66 68 69 71
34 44 37 51 48 41 28 50 32 38 26 47 40 49 42 52 53 55 56 58 59 61 62 65 66 68 69 71
49 51 26 37 41 44 27 46 38 28 32 47 53 54 57 58 60 61 63 64 66 67 70 71
51 41 47 48 50 37 26 27 40 42 32 45 54 55 57 58 60 61 63 64 67 68 70 71
26 40 42 28 44 37 46 32 27 47 38 52 54 55 57 58 60 61 64 65 67 68 70 71
45 27 40 42 46 38 50 28 32 47 37 41 53 54 56 57 59 60 63 64 66 67 69 70
47 44 27 42 46 48 50 38 28 37 53 54 56 57 60 61 63 64 66 67 69 70
40 48 37 41 50 27 42 44 38 32 46 52 53 56 57 59 60 62 63 65 66 69 70
48 42 46 38 28 32 37 44 50 27 53 54 57 58 60 61 63 64 66 67 70 71
44 38 41 37 27 46 42 50 28 53 54 56 57 59 60 63 64 66 67 69 70
28 37 46 41 50 27 38 42 52 54 55 57 58 61 62 64 65 67 68 70 71
37 32 42 46 27 41 50 38 52 53 55 56 58 59 62 63 65 66 68 69 71
27 41 42 32 52 54 55 57 58 60 61 64 65 67 68 70 71
41 42 38 32 46 50 52 53 56 57 59 60 62 63 65 66 69 70
32 46 50 38 52 55 56 58 59 61 62 64 65 68 69 71
46 38 53 54 56 57 60 61 63 64 66 67 69 70
50 42 38 54 55 57 58 60 61 63 64 67 68 70 71
42 38 53 54 56 57 59 60 62 63 66 67 69 70
38 52 53 55 56 59 60 62 63 65 66 68 69
52
53
54
55
56
57
58
59
60
61
62
63
64
65
66
67
68
69
70
71
