#/usr/local/lib/python3.10/dist-packages/colab_kernel_launcher.py -f /root/.local/share/jupyter/runtime/kernel-ccf9b1d1-ce2b-4d6c-8d13-48aff858ef78.json
# GMT Mon May 27 12:10:49 2024
# 
15 21 30 3 16 25 6 9 1 12 43 4 20 29 38 47 24 33 42 19 7 28 37 23 18 2 5 13 46 41 27 36 8 22 31 11 17 26 44 96 97 100 101 104 105 108 109 112 113
21 46 18 7 32 41 27 45 22 31 10 26 35 2 30 5 13 19 8 11 0 39 25 34 43 3 14 29 38 47 33 42 6 28 9 1 20 4 96 97 100 101 104 105 108 109 112 113
7 17 26 35 12 30 11 2 5 44 39 25 34 43 20 29 47 24 42 10 19 28 37 0 23 9 3 6 46 1 32 27 13 31 40 4 8 96 99 100 103 104 107 108 111 112 115
17 44 39 10 25 34 43 2 20 29 38 47 24 42 19 28 37 13 23 16 0 3 14 46 32 18 27 45 22 31 40 35 9 30 1 12 4 96 97 100 101 104 105 108 109 112 113
26 30 39 2 5 24 13 16 43 29 38 47 8 19 33 42 0 11 28 37 46 22 14 3 25 6 1 20 41 12 23 36 45 4 40 44 97 98 101 102 105 106 109 110 113 114
30 18 9 10 29 2 4 5 24 36 45 16 31 27 35 44 19 8 22 14 6 28 39 43 1 38 47 20 33 42 23 37 32 25 97 98 101 102 105 106 109 110 113 114
39 28 10 43 20 47 12 42 4 32 5 46 41 34 18 37 29 22 24 35 16 6 45 36 40 8 44 38 0 11 1 31 3 25 98 99 102 103 106 107 110 111 114 115
18 35 44 8 14 3 16 6 11 0 1 25 34 43 20 47 24 33 42 28 23 9 10 2 4 46 32 41 27 36 45 22 31 40 96 97 100 101 104 105 108 109 112 113
35 10 46 29 41 36 45 32 40 5 24 44 16 27 19 8 0 11 22 3 14 33 25 38 47 9 37 1 20 23 12 4 34 97 98 101 102 105 106 109 110 113 114
44 9 10 40 12 32 43 5 13 19 8 46 2 45 22 41 14 33 16 6 36 28 38 11 0 1 31 20 23 25 34 98 99 102 103 106 107 110 111 114 115
8 9 2 5 46 32 41 27 45 13 22 12 0 16 11 3 6 1 25 34 43 20 38 47 33 42 10 28 37 23 96 99 100 103 104 107 108 111 112 115
9 0 3 25 34 43 11 29 24 33 6 10 19 28 1 4 42 37 46 23 32 41 27 36 45 13 22 40 2 12 96 99 100 103 104 107 108 111 112 115
29 41 36 45 25 31 6 40 28 1 20 23 12 4 34 43 10 38 2 33 42 5 24 27 19 11 0 46 3 14 97 98 101 102 105 106 109 110 113 114
41 40 42 2 32 13 16 27 19 38 11 0 46 3 14 45 33 25 6 36 28 31 12 4 34 37 43 47 10 98 99 102 103 106 107 110 111 114 115
0 5 14 23 37 46 32 27 36 45 4 31 40 3 12 16 2 25 43 20 38 6 24 42 1 19 28 96 99 100 103 104 107 108 111 112 115
5 46 3 36 22 31 40 12 16 1 11 6 4 34 43 20 38 47 2 33 42 10 19 37 14 23 32 13 96 99 100 103 104 107 108 111 112 115
40 45 2 32 13 24 27 19 38 11 22 14 3 43 33 47 25 6 42 28 20 31 23 4 34 46 37 98 99 102 103 106 107 110 111 114 115
11 14 23 10 2 37 46 32 4 27 36 45 22 31 16 3 6 34 43 20 47 1 24 42 19 96 99 100 103 104 107 108 111 112 115
14 33 42 19 37 3 23 32 6 1 46 12 4 27 36 45 22 31 25 10 2 13 43 47 20 38 96 97 100 101 104 105 108 109 112 113
46 24 16 6 19 38 1 3 36 28 20 23 32 43 34 45 47 37 27 10 2 98 99 102 103 106 107 110 111 114 115
23 22 3 25 34 47 24 33 42 1 20 28 12 10 2 27 4 36 45 13 16 19 96 97 100 101 104 105 108 109 112 113
10 27 45 22 31 3 12 6 16 25 1 4 34 43 47 24 33 42 19 37 32 13 96 99 100 103 104 107 108 111 112 115
27 2 13 16 36 45 31 19 3 25 1 20 34 12 38 47 4 33 42 28 32 97 98 101 102 105 106 109 110 113 114
42 33 25 36 28 20 31 47 12 34 37 4 32 13 24 16 45 19 38 98 99 102 103 106 107 110 111 114 115
33 38 47 3 37 25 6 28 1 20 12 4 2 32 13 24 16 19 34 43 22 97 98 101 102 105 106 109 110 113 114
38 25 6 28 1 31 20 12 4 45 34 37 32 24 13 16 43 47 22 3 98 99 102 103 106 107 110 111 114 115
25 34 47 12 4 24 37 19 2 36 45 31 3 13 6 20 97 98 101 102 105 106 109 110 113 114
34 28 1 20 31 12 4 43 47 37 2 13 16 19 36 22 45 97 98 101 102 105 106 109 110 113 114
47 36 28 20 31 4 45 37 2 43 32 13 16 22 3 98 99 102 103 106 107 110 111 114 115
45 2 32 43 13 24 19 22 6 36 1 20 12 37 98 99 102 103 106 107 110 111 114 115
2 36 13 22 31 3 16 43 20 6 24 19 28 37 96 99 100 103 104 107 108 111 112 115
3 6 24 19 37 32 36 13 22 31 12 16 43 96 99 100 103 104 107 108 111 112 115
6 43 24 19 28 37 13 4 36 22 31 12 16 20 96 99 100 103 104 107 108 111 112 115
22 28 37 32 13 16 19 36 31 1 12 4 43 24 96 97 100 101 104 105 108 109 112 113
28 43 37 1 12 4 32 36 31 24 13 16 19 97 98 101 102 105 106 109 110 113 114
24 32 36 31 1 20 12 4 43 13 16 37 19 97 98 101 102 105 106 109 110 113 114
37 16 36 1 31 12 4 32 13 98 99 102 103 106 107 110 111 114 115
16 32 36 31 13 43 20 19 1 12 96 97 100 101 104 105 108 109 112 113
12 20 19 32 36 13 31 1 4 96 97 100 101 104 105 108 109 112 113
36 43 32 13 19 1 31 4 98 99 102 103 106 107 110 111 114 115
32 13 19 1 31 20 43 97 98 101 102 105 106 109 110 113 114
43 20 4 13 19 98 99 102 103 106 107 110 111 114 115
31 13 19 1 20 4 97 98 101 102 105 106 109 110 113 114
19 1 96 97 100 101 104 105 108 109 112 113
13 1 20 4 96 97 100 101 104 105 108 109 112 113
20 4 1 96 97 100 101 104 105 108 109 112 113
1 4 96 99 100 103 104 107 108 111 112 115
4 96 99 100 103 104 107 108 111 112 115
63 69 87 62 51 64 73 49 60 82 91 52 68 77 86 72 81 67 55 76 71 80 66 58 50 61 94 89 75 84 93 56 79 88 48 59 65 74 83 96 97 100 101 104 105 108 109 112 113
69 85 66 55 80 89 75 84 93 70 79 88 83 50 78 53 61 64 67 56 92 59 87 73 51 62 77 95 72 81 90 54 76 65 57 49 60 52 96 97 100 101 104 105 108 109 112 113
55 65 74 83 64 59 53 92 87 82 91 68 77 86 95 72 81 90 58 67 76 85 48 62 71 54 94 49 66 84 93 61 70 79 88 52 56 96 99 100 103 104 107 108 111 112 115
65 92 87 58 73 82 91 50 68 77 86 81 90 67 53 85 61 71 64 59 62 80 66 75 84 93 54 70 79 88 74 57 78 49 60 52 96 97 100 101 104 105 108 109 112 113
74 78 66 87 58 50 53 72 61 64 82 86 95 67 81 90 59 48 76 85 94 70 62 73 49 68 89 60 71 75 84 93 52 79 83 92 97 98 101 102 105 106 109 110 113 114
78 66 57 58 50 52 53 72 61 84 93 64 79 88 83 92 56 67 59 70 51 54 76 87 82 48 91 86 95 68 81 90 71 60 80 73 97 98 101 102 105 106 109 110 113 114
66 92 56 51 62 54 87 59 48 49 73 68 77 86 95 72 81 67 76 85 71 57 58 50 60 53 61 80 89 75 93 79 88 96 97 100 101 104 105 108 109 112 113
87 76 57 58 91 95 71 60 80 53 94 89 75 77 50 70 72 83 64 54 93 84 88 56 92 48 59 49 79 62 81 73 98 99 102 103 106 107 110 111 114 115
83 58 94 77 89 80 61 72 92 64 75 56 67 48 59 62 51 81 73 54 91 86 95 76 90 57 85 49 68 79 71 52 82 97 98 101 102 105 106 109 110 113 114
77 80 89 84 73 79 54 88 92 76 57 68 60 91 58 86 95 50 81 85 53 61 72 64 75 56 67 48 70 94 51 62 97 98 101 102 105 106 109 110 113 114
80 50 62 84 72 61 93 88 64 54 92 67 56 59 49 79 68 76 82 91 57 58 86 95 81 90 60 85 94 52 53 97 98 101 102 105 106 109 110 113 114
92 95 57 90 52 91 53 72 61 75 56 67 94 50 93 70 89 51 54 84 76 86 59 48 49 68 71 73 82 98 99 102 103 106 107 110 111 114 115
56 57 53 94 89 75 93 61 70 88 60 48 64 59 51 54 73 82 91 68 86 95 72 81 90 52 58 85 62 96 99 100 103 104 107 108 111 112 115
57 51 73 82 68 86 95 81 54 58 67 76 62 49 52 90 85 94 71 89 75 93 61 70 79 50 60 53 64 96 99 100 103 104 107 108 111 112 115
88 89 93 58 50 53 72 61 64 75 86 48 70 51 91 81 95 73 54 90 84 76 49 68 79 71 52 94 85 98 99 102 103 106 107 110 111 114 115
89 90 50 53 72 64 75 67 86 59 94 70 62 51 93 73 54 84 49 68 79 71 52 82 85 91 95 58 98 99 102 103 106 107 110 111 114 115
85 70 51 62 81 54 84 48 59 49 79 60 71 91 73 86 82 90 58 50 52 53 61 72 94 67 93 98 99 102 103 106 107 110 111 114 115
48 62 94 75 93 52 61 70 79 51 60 64 50 73 82 91 59 86 95 54 72 81 90 49 58 67 76 96 99 100 103 104 107 108 111 112 115
62 59 72 81 90 67 51 71 54 49 94 60 52 75 84 70 79 64 73 58 50 82 91 95 96 97 100 101 104 105 108 109 112 113
59 71 58 50 94 52 53 75 84 93 61 79 60 51 54 73 82 91 86 95 72 90 76 96 99 100 103 104 107 108 111 112 115
71 70 51 54 73 86 95 72 81 90 68 76 60 58 94 50 75 52 84 93 53 79 64 67 96 97 100 101 104 105 108 109 112 113
58 75 84 93 70 79 60 54 64 49 82 91 68 86 95 81 67 76 50 53 96 99 100 103 104 107 108 111 112 115
75 70 53 61 72 64 84 67 51 73 54 49 82 91 86 95 52 81 90 76 94 97 98 101 102 105 106 109 110 113 114
90 51 54 84 76 49 91 79 68 95 60 82 50 53 94 61 64 93 67 86 70 98 99 102 103 106 107 110 111 114 115
81 86 95 51 73 54 76 68 52 94 84 93 50 53 72 64 67 82 91 97 98 101 102 105 106 109 110 113 114
86 84 79 68 94 60 52 93 82 50 53 61 72 91 67 70 51 98 99 102 103 106 107 110 111 114 115
84 91 95 53 61 72 67 51 94 73 54 93 76 49 68 79 60 52 98 99 102 103 106 107 110 111 114 115
73 82 91 76 60 52 53 67 50 93 79 70 51 61 64 49 68 97 98 101 102 105 106 109 110 113 114
82 54 76 49 79 68 60 52 95 50 53 72 61 64 67 70 93 51 97 98 101 102 105 106 109 110 113 114
50 93 70 79 60 91 68 95 72 67 76 53 52 49 94 96 99 100 103 104 107 108 111 112 115
93 53 61 72 67 70 51 54 76 49 68 60 52 98 99 102 103 106 107 110 111 114 115
95 76 79 60 52 91 53 61 72 64 94 67 70 51 98 99 102 103 106 107 110 111 114 115
51 54 67 76 52 94 61 70 79 60 64 49 91 68 96 99 100 103 104 107 108 111 112 115
54 91 67 76 94 61 70 79 60 64 68 49 96 99 100 103 104 107 108 111 112 115
91 49 68 79 60 52 53 72 61 64 94 70 98 99 102 103 106 107 110 111 114 115
70 76 94 53 61 64 49 68 60 52 72 96 97 100 101 104 105 108 109 112 113
76 49 68 60 94 53 61 72 64 67 97 98 101 102 105 106 109 110 113 114
72 94 79 49 68 60 52 53 64 97 98 101 102 105 106 109 110 113 114
94 61 64 67 49 79 68 60 52 98 99 102 103 106 107 110 111 114 115
64 79 53 61 68 49 60 52 96 97 100 101 104 105 108 109 112 113
79 53 61 49 68 60 97 98 101 102 105 106 109 110 113 114
67 49 60 52 53 61 68 96 97 100 101 104 105 108 109 112 113
61 68 60 52 53 96 97 100 101 104 105 108 109 112 113
53 49 68 96 99 100 103 104 107 108 111 112 115
60 49 52 96 97 100 101 104 105 108 109 112 113
68 52 49 96 97 100 101 104 105 108 109 112 113
52 49 96 99 100 103 104 107 108 111 112 115
49 96 99 100 103 104 107 108 111 112 115
96
97
98
99
100
101
102
103
104
105
106
107
108
109
110
111
112
113
114
115
