#/usr/local/lib/python3.10/dist-packages/colab_kernel_launcher.py -f /root/.local/share/jupyter/runtime/kernel-6c0fbf18-c276-4b2d-9452-8819c27dba4d.json
# GMT Sat May 25 02:31:30 2024
# 
8 9 51 41 54 31 44 21 11 53 43 20 56 33 23 5 55 32 22 35 12 0 3 6 57 47 24 37 36 13 49 26 48 1 38 15 28 18 50 27 40 39 4 19 7 116 120 121 124 125 129 130 133
9 34 47 24 14 56 46 23 36 2 5 16 0 48 3 25 38 6 28 37 50 27 40 17 49 39 29 19 51 54 31 21 53 30 43 20 4 42 7 32 45 22 35 12 116 120 121 124 125 129 130 133
40 41 54 2 44 5 16 0 53 22 33 56 6 36 17 34 55 45 30 11 57 14 47 25 28 1 31 12 15 46 29 49 32 48 23 26 37 50 10 21 38 52 42 118 119 122 123 127 128 131 132
41 42 21 24 27 38 39 54 44 18 43 56 2 5 19 55 22 45 33 6 36 17 20 34 57 47 30 11 46 14 49 28 1 31 12 51 50 23 4 26 7 37 52 118 119 122 123 127 128 131 132
0 5 37 27 4 17 7 49 52 29 42 19 51 18 31 21 53 30 43 10 55 32 45 22 12 44 34 11 47 24 1 14 56 46 36 13 26 3 48 25 15 28 116 119 120 123 124 128 129 132 133
5 3 50 27 30 7 52 42 32 54 31 21 1 11 43 20 56 33 13 55 45 22 35 12 25 4 57 34 47 37 46 36 49 26 6 48 2 51 28 18 116 119 120 124 125 128 129 133
11 14 7 56 13 49 48 25 38 15 28 2 37 50 4 17 30 3 6 39 52 29 19 51 54 31 21 53 43 20 1 33 23 55 32 22 35 44 57 47 116 120 121 124 125 129 130 133
14 24 37 1 46 36 49 26 13 48 38 15 51 18 4 27 17 30 10 39 29 42 54 31 44 21 2 43 56 33 3 23 6 55 22 35 25 57 34 47 116 117 120 121 125 126 129 130 133
6 48 15 51 28 50 2 17 30 7 20 1 29 42 19 54 31 44 21 53 43 56 33 10 23 13 55 45 35 12 25 34 24 4 36 26 39 16 116 119 120 124 125 128 129 133
48 36 17 39 20 34 44 25 47 49 28 1 12 42 51 13 46 50 23 4 7 37 10 52 21 43 24 27 38 54 18 2 56 35 16 22 33 118 119 123 124 127 128 132 133
42 44 57 47 18 2 4 46 35 16 19 22 33 36 17 39 20 34 50 25 28 52 31 15 29 51 32 13 54 53 56 23 26 37 10 21 24 118 119 122 123 127 128 131 132
33 38 23 4 7 10 27 39 52 54 44 2 19 53 43 56 17 20 55 45 35 30 57 34 47 37 25 1 31 46 15 36 49 29 32 13 117 118 122 123 126 127 130 131
38 36 17 51 54 34 30 56 25 28 1 31 55 12 45 32 13 44 57 47 46 26 37 10 21 24 27 50 18 2 35 16 39 52 19 22 3 117 118 122 123 126 127 131 132
10 54 44 21 4 53 43 7 20 56 13 55 45 12 25 57 34 47 24 37 46 36 49 3 26 39 16 15 51 28 18 50 30 52 29 19 32 116 120 121 124 125 129 130 133
54 21 24 27 2 55 16 19 49 52 3 17 20 50 53 34 30 44 25 28 31 12 45 29 51 32 13 46 4 26 7 37 119 120 123 124 128 129 132 133
2 50 27 17 30 52 29 19 31 21 53 20 56 23 55 32 45 22 35 12 44 57 47 24 37 36 49 26 3 25 15 28 1 116 119 120 124 125 128 129 133
50 16 51 22 3 17 39 20 52 30 44 25 47 28 1 31 12 45 29 32 13 53 46 55 4 26 7 37 24 57 27 18 118 119 123 124 127 128 132 133
3 15 28 18 27 17 7 1 39 52 29 51 31 44 53 43 20 56 55 32 45 22 35 12 25 57 34 47 37 4 13 49 26 16 116 119 120 124 125 128 129 133
15 57 34 47 24 37 46 36 49 26 39 16 1 12 51 18 13 27 17 30 52 29 19 7 32 21 53 43 20 56 23 55 45 35 116 117 120 121 125 126 129 130
24 31 1 12 43 56 13 55 32 45 35 23 25 4 7 57 21 34 46 49 26 18 51 28 19 22 17 20 30 52 29 116 117 121 122 125 126 130 131
36 51 30 25 28 12 52 32 13 44 23 4 7 53 43 21 27 55 45 18 57 47 35 37 16 19 22 17 49 39 117 118 122 123 126 127 131 132
47 57 25 28 31 12 45 29 49 13 46 51 23 4 26 7 21 52 35 16 19 22 53 56 17 55 30 118 119 123 124 127 128 132 133
57 1 31 45 29 51 32 46 23 4 56 37 21 43 27 18 16 49 22 52 55 17 39 20 53 34 44 25 119 120 123 124 128 129 132 133
18 30 39 52 29 19 31 21 53 1 43 20 23 17 55 13 32 45 22 35 34 37 12 46 49 26 25 28 7 27 116 117 120 121 125 126 129 130
30 46 4 16 49 19 17 20 39 12 32 29 13 31 44 53 43 56 23 7 21 55 45 27 35 37 117 118 121 122 126 127 130 131
29 45 35 34 16 19 22 46 17 20 51 25 28 1 39 52 31 44 23 4 26 7 43 21 27 55 117 118 121 122 126 127 130 131
45 32 13 23 4 49 37 21 43 27 51 35 16 19 52 17 39 20 34 44 28 1 31 12 118 119 122 123 127 128 131 132
21 31 53 23 32 22 35 16 44 34 20 56 46 25 28 12 37 27 13 52 51 116 117 121 122 125 126 130 131
27 16 31 19 44 17 43 56 46 55 34 12 37 13 23 4 51 26 28 7 22 53 52 32 117 118 121 122 126 127 130 131
25 17 46 26 28 12 13 49 23 4 7 51 19 31 20 53 43 55 32 35 16 1 116 117 121 122 125 126 130 131
32 55 35 4 7 49 39 20 51 16 19 1 31 52 44 26 53 43 56 12 46 117 118 121 122 126 127 130 131
55 13 46 23 7 43 56 35 16 19 49 22 39 20 51 34 44 28 1 119 120 123 124 128 129 132 133
28 34 17 37 20 1 12 39 52 23 4 26 51 7 44 43 56 16 19 117 118 121 122 126 127 130 131
37 16 1 31 53 12 43 13 23 26 46 49 19 22 17 20 39 52 51 117 118 122 123 126 127 131 132
17 16 39 19 31 1 12 43 56 13 4 7 44 34 46 49 26 116 117 120 121 125 126 129 130
44 12 43 46 49 51 35 7 22 39 52 34 16 1 31 53 23 26 118 119 122 123 127 128 131 132
13 22 35 34 12 46 49 26 16 4 7 19 1 53 43 20 56 23 116 117 120 121 124 125 129 130 133
34 31 12 51 23 4 39 52 7 53 56 16 19 22 35 20 46 49 117 118 122 123 126 127 131 132
7 53 43 20 56 23 22 35 12 46 1 26 16 39 19 31 116 120 121 124 125 128 129 133
35 52 4 26 53 43 56 16 19 22 20 46 49 51 1 31 12 117 118 122 123 126 127 131 132
31 46 49 39 16 19 22 52 1 43 23 4 117 118 121 122 126 127 130 131
51 16 1 46 53 26 52 12 43 56 23 4 22 118 119 123 124 127 128 132 133
39 16 19 53 1 20 52 26 43 56 12 46 23 4 22 49 118 119 122 123 126 127 131 132
16 19 1 12 53 23 4 22 56 46 49 26 116 117 120 121 125 126 129 130
1 4 49 26 20 52 53 43 23 22 12 116 119 120 124 125 128 129 132 133
20 4 52 19 53 56 23 22 12 46 49 26 116 117 121 122 125 126 129 130
12 26 52 53 43 56 23 116 120 121 124 125 129 130 133
23 53 43 56 49 26 19 22 116 117 121 122 125 126 130 131
53 4 26 22 19 49 52 43 46 119 120 123 124 128 129 132 133
56 26 43 4 49 22 52 46 119 120 123 124 128 129 132 133
22 52 43 46 19 49 26 116 117 121 122 125 126 130 131
4 43 46 26 49 52 19 116 119 120 124 125 128 129 133
43 26 19 52 118 119 122 123 127 128 131 132
46 26 52 19 118 119 123 124 127 128 131 132
26 49 19 117 118 121 122 125 126 130 131
19 52 49 116 117 120 121 125 126 129 130
49 52 118 119 123 124 127 128 132 133
52 119 120 123 124 127 128 132 133
66 67 109 99 89 102 69 111 101 78 114 68 81 90 103 80 93 70 58 61 64 115 92 82 95 72 104 94 107 84 74 106 59 83 73 86 108 85 98 75 88 97 110 62 65 116 120 121 124 125 129 130 133
67 102 115 92 69 105 72 114 81 94 71 63 74 58 83 73 64 86 95 85 98 75 107 97 110 87 59 109 99 76 89 79 88 101 78 91 68 62 100 65 113 90 80 93 116 120 121 124 125 129 130 133
58 63 95 108 85 62 98 75 97 110 87 64 100 77 109 76 112 89 79 111 88 101 78 91 68 81 90 103 93 60 102 92 105 72 114 94 84 61 74 106 83 96 73 116 119 120 123 124 128 129 132 133
63 61 108 85 75 88 110 87 77 90 99 112 89 102 59 69 111 101 78 91 81 71 113 103 80 93 70 83 105 82 95 104 94 107 84 97 74 64 106 60 109 86 76 116 119 120 124 125 128 129 133
64 106 96 109 76 108 85 98 60 88 65 78 59 61 110 100 77 90 99 112 89 69 111 114 91 68 104 103 80 93 70 83 115 92 105 72 94 107 84 97 74 116 119 120 124 125 128 129 133
106 94 75 97 92 88 102 83 105 107 86 59 89 70 100 73 103 87 90 71 104 108 81 62 84 65 95 110 101 82 96 99 112 76 60 93 74 80 61 113 91 118 119 123 124 127 128 132 133
69 72 65 114 68 104 94 71 84 74 83 96 73 86 60 95 108 62 75 88 61 97 110 87 100 109 99 79 111 101 78 59 91 81 113 90 103 80 93 92 82 116 120 121 124 125 129 130 133
72 82 95 59 70 94 107 84 71 96 109 86 108 62 98 75 65 88 68 97 110 87 100 77 112 89 79 60 111 101 78 114 91 81 113 103 80 83 115 92 116 117 120 121 125 126 129 130 133
91 96 81 84 108 98 79 97 110 100 109 99 76 60 74 77 111 101 80 114 75 78 103 93 115 105 95 83 86 59 89 70 104 73 94 107 87 71 117 118 122 123 126 127 130 131
96 94 75 78 99 112 92 111 114 83 86 59 89 113 70 103 87 90 71 115 105 104 81 62 84 107 65 95 68 82 85 108 98 76 74 97 110 80 61 117 118 122 123 126 127 131 132
83 92 73 75 104 84 86 68 70 82 95 85 98 71 97 110 100 81 62 65 109 77 99 112 79 80 88 76 113 90 60 103 74 59 102 116 117 121 122 125 126 130 131
92 86 59 70 73 109 90 71 108 62 97 84 110 100 68 79 82 85 112 102 111 76 114 60 74 77 103 61 93 75 78 115 105 88 94 107 117 118 122 123 126 127 131 132
68 112 89 102 79 62 111 101 65 78 81 71 113 103 80 93 70 105 82 60 104 61 74 73 109 76 85 98 75 88 110 87 100 77 90 99 116 120 121 124 125 129 130 133
112 98 79 101 82 85 99 114 76 113 93 77 107 80 110 61 94 75 115 97 78 108 88 102 105 86 89 70 100 73 109 90 71 104 81 62 119 120 123 124 128 129 132 133
60 108 98 88 65 97 110 87 100 89 111 101 78 114 81 113 103 80 93 70 102 115 105 82 95 62 94 71 107 84 61 74 73 76 59 116 119 120 124 125 128 129 133
108 93 77 107 109 80 94 78 110 102 105 86 59 89 70 100 73 87 90 71 104 113 84 65 95 98 79 101 82 115 85 99 76 118 119 123 124 127 128 132 133
61 73 85 98 75 88 65 59 97 110 87 100 77 99 89 79 114 81 113 90 103 80 93 70 115 105 82 95 62 104 94 71 84 74 116 119 120 124 125 128 129 133
73 115 105 95 104 94 107 84 97 59 70 109 86 71 75 88 62 87 77 65 90 99 89 102 79 111 101 114 81 113 103 93 116 117 120 121 125 126 129 130
80 86 71 98 88 62 110 100 90 79 99 89 101 114 76 104 81 74 113 77 103 93 75 115 95 85 94 107 97 109 116 117 121 122 125 126 130 131
86 115 75 95 104 94 107 70 98 71 97 110 87 81 62 84 109 99 89 79 102 82 85 111 101 114 76 113 103 74 77 117 118 121 122 126 127 130 131
82 99 89 59 102 101 114 71 90 103 93 81 65 115 79 105 95 104 94 107 84 76 74 85 75 98 88 97 110 87 100 116 117 121 122 125 126 130 131
94 109 88 98 89 70 87 110 100 102 81 62 65 111 101 79 114 85 113 103 76 105 77 75 97 78 117 118 122 123 126 127 131 132
65 79 111 101 78 114 81 113 90 103 93 70 115 105 104 71 107 84 74 85 98 62 88 97 110 87 77 99 76 89 116 120 121 124 125 128 129 133
79 99 89 111 101 81 76 103 93 74 77 102 105 78 104 107 59 70 95 85 98 88 97 110 87 100 62 109 116 117 121 122 125 126 130 131
76 88 97 110 87 77 89 102 74 111 59 101 78 114 81 75 71 90 103 95 70 107 84 62 85 98 116 117 120 121 125 126 129 130
88 104 62 74 107 75 78 98 97 59 100 70 90 87 99 71 102 111 101 114 84 93 115 95 117 118 121 122 126 127 130 131
87 103 93 115 95 74 77 104 75 78 109 98 59 70 71 99 89 102 81 62 84 111 101 114 113 117 118 121 122 126 127 130 131
103 90 115 105 81 62 104 95 85 99 109 93 77 78 111 114 102 59 89 70 100 113 118 119 122 123 127 128 131 132
99 85 102 111 101 114 93 74 113 75 78 115 105 104 107 59 89 70 109 90 81 62 95 118 119 122 123 127 128 131 132
98 102 74 77 111 101 114 75 97 113 115 105 59 89 70 107 109 81 62 84 85 110 100 118 119 122 123 127 128 131 132
89 105 85 95 104 107 97 74 109 77 75 110 90 59 102 111 71 114 113 117 118 121 122 126 127 130 131
90 113 71 93 115 105 81 95 62 107 78 109 74 77 59 75 110 100 102 84 111 85 117 118 121 122 126 127 130 131
113 71 104 81 62 84 95 85 93 74 77 107 110 75 97 78 109 111 102 105 59 100 119 120 123 124 128 129 132 133
95 74 70 114 71 102 81 115 105 84 104 85 93 75 78 97 110 100 109 117 118 122 123 126 127 131 132
75 74 97 100 109 59 111 101 78 114 71 93 62 102 105 107 84 116 117 120 121 125 126 129 130
102 70 100 101 85 104 107 109 77 97 78 110 74 59 111 114 115 84 118 119 122 123 127 128 131 132
115 59 70 100 109 71 104 81 62 84 114 101 85 93 74 77 107 110 97 78 111 119 120 123 124 128 129 132 133
71 93 105 70 104 107 84 62 85 97 110 77 109 111 101 78 81 116 117 120 121 124 125 129 130 133
93 110 100 81 62 84 111 101 77 105 78 104 107 109 59 70 117 118 122 123 126 127 131 132
109 78 74 105 59 104 111 84 70 100 101 114 81 77 118 119 123 124 127 128 132 133
97 77 111 100 84 114 70 104 85 105 81 62 107 118 119 122 123 126 127 131 132
101 81 84 114 104 85 105 74 77 107 78 59 111 70 100 118 119 122 123 127 128 131 132
74 85 110 77 59 70 111 81 62 105 107 84 116 117 120 121 125 126 129 130
59 105 62 107 85 78 110 100 77 111 104 70 116 119 120 124 125 128 129 132 133
85 77 78 114 104 70 105 107 62 84 110 100 117 118 121 122 126 127 130 131
70 105 104 107 84 110 77 78 81 116 120 121 124 125 129 130 133
81 111 114 105 104 62 77 100 116 117 121 122 125 126 130 131
111 84 77 107 78 114 105 100 104 119 120 123 124 128 129 132 133
105 100 107 62 84 77 114 78 118 119 123 124 127 128 132 133
100 62 104 107 77 78 110 114 84 118 119 122 123 127 128 131 132
114 84 62 77 107 110 78 104 119 120 123 124 128 129 132 133
104 107 62 110 77 78 118 119 123 124 127 128 131 132
78 62 110 77 107 116 117 121 122 125 126 129 130
62 84 107 110 116 119 120 124 125 128 129 133
84 107 110 77 117 118 121 122 125 126 130 131
77 110 116 117 120 121 125 126 129 130
107 118 119 123 124 127 128 132 133
110 119 120 123 124 127 128 132 133
116
117
118
119
120
121
122
123
124
125
126
127
128
129
130
131
132
133
