#/usr/local/lib/python3.10/dist-packages/colab_kernel_launcher.py -f /root/.local/share/jupyter/runtime/kernel-2b515d16-c871-48c9-ad2b-cd6ecd503099.json
# GMT Thu May 23 11:34:04 2024
# 
15 21 30 39 14 3 16 25 6 12 20 29 38 33 19 7 37 23 32 18 10 13 27 36 8 22 11 0 26 80 81 85 86
21 7 18 32 27 31 26 35 2 5 13 16 8 19 39 25 34 3 14 38 24 33 6 28 23 9 12 4 81 82 86 87
7 17 26 35 30 16 2 5 34 29 38 19 28 37 0 14 23 9 3 6 1 32 18 27 36 13 8 80 84 85 89
17 39 10 25 34 2 29 33 5 28 13 8 0 11 14 3 18 27 36 22 31 26 35 9 30 1 12 4 81 82 86 87
26 30 18 10 5 24 13 16 8 19 33 0 11 28 32 3 14 25 9 1 12 23 27 4 31 82 83 87 88
30 18 29 2 24 36 16 31 27 35 8 19 11 22 14 6 28 0 1 20 33 23 12 32 25 82 83 87 88
18 35 8 3 16 6 39 0 11 1 34 20 24 33 19 28 9 10 2 4 13 32 31 81 82 86 87
39 28 9 20 12 23 4 5 34 37 29 2 22 35 6 36 19 8 38 11 0 14 3 33 25 83 84 88 89
35 10 2 36 5 24 13 16 27 19 0 22 3 14 33 38 28 9 37 12 23 4 34 83 84 88 89
8 9 5 27 13 31 12 16 3 6 1 25 34 20 29 38 24 33 37 14 23 80 81 85 86
9 0 3 25 34 11 20 38 24 33 6 19 28 14 1 37 23 32 27 13 2 80 81 85 86
11 14 10 37 32 5 27 36 22 31 12 3 6 34 0 20 29 38 1 33 19 28 80 81 85 86
14 24 19 37 23 32 1 4 27 22 31 25 10 2 5 13 34 20 80 81 85 86
0 23 37 32 4 13 22 31 3 12 25 34 29 24 33 1 10 19 28 80 84 85 89
23 22 3 25 29 38 24 1 20 28 10 2 32 27 36 5 16 19 81 82 86 87
10 36 22 31 3 12 6 16 25 4 20 29 38 24 33 28 37 2 32 13 80 81 85 86
36 29 2 38 32 5 24 13 37 16 27 19 22 25 6 28 1 12 4 34 83 84 88 89
33 38 3 37 25 28 20 31 12 4 29 2 32 24 16 34 83 84 88 89
38 25 28 1 31 20 12 4 37 29 32 5 24 13 27 19 22 83 84 88 89
2 32 27 13 22 31 3 16 25 20 29 6 24 19 5 1 80 84 85 89
32 22 24 16 6 19 31 20 25 34 12 37 4 83 84 88 89
25 34 29 4 5 24 27 22 3 13 16 20 82 83 87 88
34 6 28 1 31 20 12 4 5 13 24 16 27 3 83 84 88 89
3 6 19 28 37 5 4 27 22 20 29 80 84 85 89
6 29 24 19 28 37 13 4 5 27 31 12 20 1 80 84 85 89
22 28 37 27 5 13 16 31 1 20 12 4 29 81 82 86 87
28 29 37 1 4 31 13 27 19 82 83 87 88
24 1 12 4 29 5 13 16 37 19 82 83 87 88
37 16 1 31 20 12 29 5 13 27 83 84 88 89
16 31 5 13 20 29 19 1 12 4 81 82 86 87
29 31 1 12 5 13 19 82 83 87 88
31 5 13 27 1 20 12 4 82 83 87 88
27 5 13 19 12 4 82 83 87 88
19 1 12 4 20 81 82 86 87
13 20 4 80 81 85 86
5 12 1 4 20 80 84 85 89
12 20 1 80 81 85 86
20 4 1 81 82 86 87
4 1 80 84 85 89
1 80 84 85 89
47 57 66 75 52 61 56 51 42 45 79 65 60 69 55 73 68 77 49 43 41 72 58 67 76 62 71 44 48 80 84 85 89
57 79 42 60 78 73 45 59 68 77 53 63 56 48 40 51 43 58 67 76 62 66 75 61 49 52 44 55 81 82 86 87
55 70 79 43 54 56 65 49 41 74 60 78 64 73 59 63 72 58 42 45 53 76 48 62 71 40 66 80 81 85 86
70 58 49 50 69 61 44 53 64 71 67 75 59 48 62 43 54 46 68 74 40 41 78 60 73 52 63 65 82 83 87 88
58 66 48 61 54 56 46 79 51 65 74 69 73 59 68 63 50 42 52 44 45 53 72 76 71 81 82 86 87
66 79 50 61 64 56 74 69 78 59 73 68 77 72 54 43 46 41 60 63 52 67 76 44 71 82 83 87 88
79 68 49 50 60 63 44 72 45 74 77 69 42 64 53 56 59 48 51 40 41 54 73 65 83 84 88 89
75 50 42 76 45 64 53 56 67 48 59 40 62 43 54 73 65 46 78 49 77 41 71 60 63 74 83 84 88 89
69 72 76 65 71 46 68 49 41 60 52 44 74 50 73 45 64 53 56 67 59 48 51 62 82 83 87 88
72 42 61 54 76 64 56 46 48 40 41 60 43 68 74 49 78 63 52 77 44 45 67 83 84 88 89
48 49 42 45 76 53 52 40 61 56 46 41 74 78 64 44 50 59 77 54 80 81 85 86
49 43 65 74 51 60 64 73 50 54 41 44 63 67 76 53 71 42 61 45 80 81 85 86
40 45 54 63 77 67 44 62 43 52 61 56 42 65 74 51 78 46 64 41 59 68 80 84 85 89
45 43 67 76 71 52 61 56 65 41 51 60 78 42 64 59 68 53 80 84 85 89
51 54 63 42 77 44 67 76 53 62 71 52 61 43 65 60 78 41 64 59 68 80 81 85 86
54 64 59 43 63 46 44 67 62 71 61 56 65 50 42 53 60 78 80 81 85 86
63 62 43 46 65 74 73 41 77 50 42 61 67 44 71 53 56 81 82 86 87
50 67 76 62 71 43 52 61 46 65 41 44 74 60 64 59 68 77 53 80 81 85 86
67 42 62 53 56 76 59 43 65 46 60 52 78 73 77 82 83 87 88
76 42 61 53 64 56 59 62 43 46 41 71 52 44 74 83 84 88 89
73 78 43 77 65 46 68 71 60 44 42 61 64 53 56 74 62 83 84 88 89
78 65 46 68 41 60 71 52 77 42 61 64 53 59 62 43 83 84 88 89
65 74 68 52 64 77 59 42 62 46 41 60 82 83 87 88
74 46 41 71 60 52 77 61 53 64 59 62 43 83 84 88 89
42 53 52 61 60 46 64 68 44 41 80 84 85 89
43 46 59 68 77 44 62 61 41 60 80 84 85 89
46 64 68 77 44 62 71 52 61 56 80 84 85 89
64 71 41 44 61 53 68 77 82 83 87 88
62 77 61 53 56 59 71 41 60 52 81 82 86 87
77 56 68 71 60 52 44 53 59 83 84 88 89
56 71 53 61 60 68 41 52 44 81 82 86 87
52 59 68 71 41 61 44 80 81 85 86
61 71 53 68 81 82 86 87
71 59 68 41 60 82 83 87 88
59 41 44 60 68 81 82 86 87
68 41 44 53 82 83 87 88
53 60 44 80 81 85 86
60 44 81 82 86 87
44 80 84 85 89
41 80 84 85 89
80
81
82
83
84
85
86
87
88
89
