#/usr/local/lib/python3.10/dist-packages/colab_kernel_launcher.py -f /root/.local/share/jupyter/runtime/kernel-2b515d16-c871-48c9-ad2b-cd6ecd503099.json
# GMT Thu May 23 13:01:25 2024
# 
17 58 71 48 25 2 38 5 28 16 70 0 60 3 73 50 6 40 30 62 75 52 29 42 11 74 51 14 41 18 54 31 21 9 1 12 15 63 76 53 43 56 33 23 65 32 68 45 35 7 44 57 10 37 8 79 69 46 59 49 26 160 161 165 166
58 50 32 65 34 46 74 64 77 11 14 44 26 56 28 9 76 40 66 42 43 79 57 29 13 68 67 23 4 5 70 35 7 21 22 54 55 69 6 36 59 8 72 39 20 53 71 61 18 2 16 60 47 73 19 63 0 1 3 15 162 163 167 168
36 71 48 61 38 51 30 11 60 73 50 40 28 9 1 12 15 72 62 75 29 65 32 42 13 74 41 77 23 4 26 7 76 53 66 43 21 56 24 27 78 55 45 18 57 70 35 37 16 19 0 79 22 3 69 33 46 6 39 20 161 162 166 167
71 39 69 20 53 34 67 77 30 11 76 44 25 47 9 31 61 64 15 78 48 59 51 62 13 65 46 23 4 79 56 7 37 10 40 21 43 24 54 27 57 8 38 41 18 73 5 35 16 68 49 0 72 52 3 75 63 55 163 164 168 169
28 67 3 57 47 6 37 20 79 69 59 49 14 48 61 25 38 9 12 70 60 73 40 13 62 75 52 23 4 26 74 7 64 41 10 54 31 21 44 24 8 76 53 66 43 56 33 65 18 55 32 68 45 35 5 77 19 0 160 161 165 166
67 9 31 61 12 42 64 15 45 48 29 59 60 62 13 46 73 23 4 56 37 40 21 75 43 24 55 27 8 41 77 76 2 5 35 16 19 49 22 52 3 33 78 6 68 20 50 51 53 34 65 70 30 11 14 44 69 47 163 164 168 169
29 32 68 45 35 77 18 57 34 47 2 37 5 16 19 79 0 69 22 3 59 6 20 48 61 38 11 60 73 14 50 63 25 40 9 12 72 15 75 42 13 74 54 31 44 23 4 7 53 43 56 33 24 27 8 78 55 160 161 165 166
32 55 68 45 34 70 47 23 37 4 5 7 79 69 21 22 59 72 39 8 20 48 61 38 51 18 30 2 60 50 14 16 19 0 1 31 15 62 75 52 65 74 64 41 77 54 25 76 26 53 66 9 56 33 12 27 161 162 166 167
8 9 74 64 41 54 31 44 21 11 76 53 66 43 20 56 10 2 65 78 5 55 68 22 12 3 77 57 34 47 24 14 69 59 13 49 26 16 25 61 38 15 70 60 73 27 30 72 62 39 75 52 42 19 160 164 165 169
9 44 57 34 11 47 24 79 56 69 46 2 5 16 68 48 3 61 15 6 70 60 37 73 50 27 72 62 39 19 1 51 64 31 21 63 76 30 66 43 20 33 10 75 4 65 42 78 7 55 45 35 160 164 165 169
11 14 7 79 56 10 69 13 26 48 25 61 38 15 60 37 73 50 4 5 40 30 3 72 6 62 39 52 74 64 41 18 54 31 21 63 76 53 43 0 20 1 33 23 78 55 68 22 12 77 44 47 24 160 164 165 169
14 79 1 69 46 12 49 26 61 38 15 51 18 60 50 4 27 63 40 7 30 10 62 39 75 52 42 74 64 41 77 54 44 21 2 5 76 53 66 43 20 56 33 3 6 78 68 45 22 35 25 57 70 160 164 165 169
68 59 62 13 65 73 46 23 75 26 7 10 40 43 54 27 57 38 60 76 79 18 2 4 35 16 78 19 0 22 52 3 33 63 55 6 39 20 50 70 34 69 30 72 47 1 42 64 15 48 163 164 168 169
21 64 7 41 54 31 10 63 76 53 43 33 23 78 55 35 2 16 44 0 57 34 3 47 6 79 69 59 49 26 48 25 61 1 12 60 15 73 50 27 40 30 13 72 39 75 52 42 4 51 160 161 165 166
64 24 54 27 57 38 60 70 41 69 72 5 16 49 0 22 33 63 55 6 39 20 50 53 34 30 75 65 25 47 1 31 61 12 74 42 77 48 59 51 13 76 46 66 4 78 26 56 37 10 163 164 168 169
40 77 54 2 44 5 35 16 0 53 22 66 3 43 56 6 39 20 78 34 55 30 57 70 25 1 31 12 15 69 46 59 49 13 48 61 51 23 26 60 7 73 50 63 10 27 72 62 75 18 161 162 166 167
77 12 42 43 73 76 27 57 59 60 41 74 23 4 35 79 7 37 22 52 24 6 66 39 69 20 50 72 53 18 2 1 31 61 3 33 63 15 45 75 48 62 34 65 46 44 25 26 56 163 164 168 169
41 42 24 27 74 38 54 44 76 53 18 66 43 56 2 5 35 16 19 55 22 3 45 33 6 57 47 79 30 69 59 25 1 15 48 61 51 13 73 50 63 23 72 26 62 7 37 52 10 161 162 166 167
42 44 57 47 18 79 69 4 5 46 35 16 49 19 0 22 3 33 6 61 34 60 50 30 25 62 75 1 52 31 12 15 74 13 63 76 66 56 23 26 37 10 78 55 24 45 27 38 161 162 166 167
73 74 5 35 16 19 0 22 3 33 63 55 39 20 50 72 53 34 44 25 47 1 31 61 12 15 45 48 59 51 62 46 23 4 26 7 37 10 43 24 27 57 38 60 18 2 163 164 168 169
74 75 54 27 57 72 18 2 76 5 35 79 49 22 52 3 33 63 6 78 66 69 20 50 51 53 34 30 47 1 31 12 15 45 48 59 13 65 46 23 4 56 7 37 10 70 43 163 164 168 169
33 38 70 23 60 4 26 50 63 10 24 72 27 39 52 51 54 5 16 76 19 53 0 66 43 22 56 3 6 65 78 55 45 30 57 47 37 25 1 31 12 69 15 59 161 162 166 167
38 6 51 20 54 34 76 53 43 30 56 25 1 78 55 12 45 13 44 57 47 79 69 46 23 59 4 49 7 37 24 48 61 70 60 63 2 5 72 35 16 62 39 75 19 22 161 162 166 167
25 34 15 47 79 46 26 48 61 10 12 70 24 60 50 13 72 49 52 23 7 51 19 31 22 3 6 63 76 53 30 66 43 75 65 18 78 55 2 16 0 1 44 57 160 161 165 166
34 31 12 48 15 51 13 60 50 63 23 4 62 39 26 52 7 10 24 27 76 66 43 18 16 65 78 19 55 0 22 45 6 20 57 70 47 37 79 69 30 46 59 49 161 162 166 167
44 47 10 43 24 79 69 46 59 49 48 61 18 51 5 35 7 37 60 19 22 3 39 20 72 62 75 52 30 2 16 0 31 76 53 66 13 65 55 23 57 26 70 161 162 166 167
47 57 1 12 15 79 45 69 72 49 13 46 61 51 23 37 60 63 43 24 27 62 75 65 18 2 54 35 16 19 22 76 3 53 66 56 39 20 78 55 161 162 166 167
10 54 76 4 53 43 7 56 23 13 65 78 55 45 22 35 57 70 24 37 2 5 46 0 49 3 26 39 6 16 48 61 15 51 50 63 30 1 72 62 75 19 160 164 165 169
54 24 27 56 18 65 2 78 55 5 16 19 49 0 52 3 6 57 39 70 20 50 53 79 69 59 30 61 1 31 12 45 60 51 13 63 46 62 75 23 4 37 162 163 167 168
75 18 2 4 5 16 79 19 49 22 52 3 63 55 6 66 39 20 72 53 30 1 31 61 45 48 51 62 65 46 76 26 56 7 70 24 27 60 163 164 168 169
13 65 78 35 24 37 12 79 69 59 49 26 16 15 18 5 7 70 60 50 27 63 6 62 39 52 19 51 2 31 0 1 3 76 53 66 20 56 23 160 164 165 169
65 78 23 4 70 7 37 22 52 24 55 6 39 53 18 2 5 16 19 49 1 3 63 48 50 51 62 46 26 56 61 12 76 43 66 45 79 27 59 163 164 168 169
48 39 20 70 30 69 59 72 49 1 31 12 15 45 61 51 46 60 50 63 4 26 7 37 62 52 43 27 18 76 66 5 19 0 78 3 55 162 163 167 168
55 61 46 4 26 7 62 24 27 76 2 79 56 5 35 16 19 49 0 22 3 78 39 20 50 51 53 70 60 69 72 31 12 162 163 167 168
61 6 39 20 50 70 79 69 30 1 31 12 15 45 59 72 62 23 4 56 7 27 57 76 66 2 5 78 35 49 0 22 52 162 163 167 168
15 6 24 37 79 69 46 49 26 39 16 1 51 18 50 27 30 72 62 52 4 19 31 66 43 20 56 23 2 78 45 22 0 35 160 164 165 169
57 31 45 51 76 46 66 78 23 7 37 43 24 27 70 79 69 59 72 18 2 16 19 49 0 22 6 39 60 50 53 63 62 30 162 163 167 168
7 2 63 76 53 66 43 56 0 23 3 6 78 45 22 35 79 69 46 59 49 16 60 27 4 30 62 39 52 51 18 31 160 164 165 169
18 30 3 6 72 62 39 52 19 16 53 0 66 1 43 56 23 22 35 24 37 79 12 69 46 59 26 70 2 4 5 50 27 160 161 165 166
30 69 46 4 5 59 16 49 19 22 3 6 60 50 63 72 39 52 1 12 31 53 66 56 26 24 45 27 35 70 37 160 161 165 166
59 70 31 45 79 51 46 23 4 26 56 37 60 63 43 24 27 72 2 5 35 19 49 0 52 3 76 39 20 50 53 78 162 163 167 168
5 60 3 50 27 63 52 19 31 1 76 53 66 43 56 78 45 22 35 12 4 37 79 46 26 39 16 6 2 51 160 164 165 169
60 35 16 49 0 52 6 20 51 53 76 66 79 1 12 45 70 69 23 4 56 24 27 39 63 62 2 162 163 167 168
45 79 69 4 46 37 43 24 27 51 50 2 35 72 62 19 0 52 22 3 6 39 20 76 53 66 56 1 31 12 78 161 162 166 167
6 51 50 27 63 20 72 1 62 52 31 76 66 56 46 23 78 22 35 12 24 79 4 49 39 16 160 164 165 169
62 78 2 35 16 70 19 49 0 22 3 39 20 50 53 1 63 12 72 4 26 56 76 43 66 27 162 163 167 168
78 46 23 4 26 37 79 70 43 24 76 27 2 35 16 19 49 22 52 3 63 69 20 72 31 12 51 163 164 168 169
12 24 37 79 69 46 49 26 16 70 50 72 2 39 52 19 0 31 63 76 53 66 56 22 1 35 160 164 165 169
3 70 27 63 72 1 39 19 51 31 53 66 43 22 24 37 2 4 46 0 49 26 16 160 164 165 169
35 50 72 52 23 4 26 24 27 76 53 66 43 2 19 22 70 37 20 79 69 46 49 51 1 161 162 166 167
39 51 2 16 63 0 1 31 20 26 76 43 56 70 23 4 37 22 69 24 49 161 162 166 167
31 70 27 37 79 69 49 2 16 51 19 0 22 63 20 72 52 53 66 43 23 4 26 160 161 165 166
2 72 52 19 51 63 76 66 56 23 22 0 24 37 79 69 49 26 16 70 160 164 165 169
24 1 76 53 66 43 56 70 37 69 46 49 51 16 19 0 22 27 63 20 72 52 160 161 165 166
43 23 26 37 76 66 79 46 27 70 0 69 72 49 20 51 50 1 53 52 161 162 166 167
16 37 50 72 52 19 51 63 76 53 20 23 4 46 49 26 0 160 161 165 166
50 19 49 0 22 20 63 72 52 1 76 66 46 23 4 26 37 70 79 69 162 163 167 168
69 1 23 26 56 37 70 19 49 0 52 63 66 20 72 163 164 168 169
27 19 0 66 20 56 46 1 70 37 49 23 4 51 26 63 53 160 161 165 166
51 20 49 0 1 46 63 53 26 52 66 79 56 23 4 37 19 162 163 167 168
20 63 72 52 19 0 1 76 53 66 56 23 22 70 37 46 26 160 161 165 166
4 63 76 0 1 22 79 56 46 23 70 72 49 52 19 160 164 165 169
63 37 70 19 49 52 0 1 66 46 26 79 162 163 167 168
37 76 53 66 56 23 79 46 70 19 22 72 52 161 162 166 167
0 70 72 49 52 19 76 53 66 22 1 56 46 26 160 164 165 169
70 1 76 56 79 23 19 49 22 52 66 72 163 164 168 169
79 1 76 46 23 26 56 72 53 19 49 22 52 163 164 168 169
76 26 56 49 22 53 46 163 164 168 169
1 26 52 19 53 66 56 46 23 22 160 164 165 169
46 26 49 23 72 19 53 66 56 161 162 166 167
56 23 66 26 49 52 72 162 163 167 168
23 66 49 26 22 72 52 160 161 165 166
66 26 72 19 49 22 52 53 163 164 168 169
49 72 53 26 22 162 163 167 168
26 72 52 19 22 160 161 165 166
72 19 52 53 163 164 168 169
19 52 53 22 160 161 165 166
53 22 52 162 163 167 168
52 22 162 163 167 168
22 160 161 165 166
116 151 128 141 118 131 110 91 94 153 105 130 143 120 108 111 92 152 142 109 112 93 154 121 157 134 103 84 106 87 156 90 146 123 107 88 158 135 148 125 98 137 82 150 127 85 115 117 99 80 159 102 83 149 113 139 86 97 119 100 114 161 162 166 167
151 146 97 119 149 100 130 114 154 147 157 110 91 156 124 105 108 81 141 122 144 95 125 128 131 112 142 93 145 126 103 106 159 136 117 120 150 101 123 104 134 107 137 88 118 121 138 98 153 82 85 115 148 99 129 80 102 83 113 155 163 164 168 169
109 112 115 157 147 98 114 127 82 117 85 96 99 80 102 83 139 129 97 100 138 141 118 131 91 140 153 94 130 105 120 108 110 89 92 152 95 142 155 132 93 154 144 121 124 103 84 156 146 123 90 136 113 101 104 107 88 145 158 135 160 161 165 166
112 158 135 148 93 115 147 114 127 103 84 85 87 159 149 101 102 139 152 129 86 119 88 100 128 141 118 131 98 110 82 94 120 99 80 81 111 95 142 97 132 145 122 154 144 121 157 134 124 91 133 146 123 89 90 136 113 107 161 162 166 167
88 89 154 131 121 134 124 101 156 133 100 136 103 82 145 158 85 135 148 125 102 115 92 80 83 157 147 137 114 127 104 117 94 159 126 129 138 81 141 118 98 150 140 107 143 120 97 110 152 142 119 155 132 122 84 99 87 160 164 165 169
89 124 137 91 127 94 159 136 149 126 103 139 93 82 85 148 138 80 128 83 105 141 95 86 108 150 140 117 153 130 120 97 152 129 142 119 99 81 154 131 144 98 134 111 101 143 156 133 146 123 113 155 145 122 135 125 102 92 160 164 165 169
80 85 117 153 130 107 84 97 87 152 142 132 131 144 121 98 101 156 133 146 123 100 113 90 155 145 158 135 125 102 115 92 82 157 147 124 137 114 91 104 81 94 159 136 149 126 139 93 106 83 96 138 141 118 108 160 164 165 169
85 140 153 83 130 107 120 110 87 152 142 155 132 122 99 154 157 134 124 81 91 156 146 100 136 113 90 103 93 145 135 102 138 92 105 84 137 114 150 127 117 159 149 126 106 119 96 86 128 141 95 131 108 98 160 164 165 169
91 94 159 136 90 149 126 129 106 96 105 141 118 95 108 150 140 82 117 153 84 107 120 110 83 142 119 155 122 99 154 131 144 121 98 134 111 101 143 133 146 123 81 113 103 158 135 148 102 92 124 137 114 104 160 164 165 169
94 104 117 81 149 126 92 139 129 106 96 93 138 128 118 95 131 140 153 130 120 87 110 90 152 142 119 155 122 99 144 121 157 134 111 124 101 133 146 123 136 113 83 103 86 145 135 148 115 105 147 137 114 150 160 164 165 169
86 128 118 95 131 108 98 140 153 130 107 143 120 110 87 100 81 142 155 83 132 145 122 99 154 144 157 124 156 133 146 123 136 113 90 126 103 93 158 148 125 138 115 92 105 147 137 114 150 127 104 84 129 106 119 96 160 164 165 169
128 138 97 119 100 114 147 150 139 105 127 129 111 92 122 95 125 141 131 93 126 140 153 130 143 133 103 84 87 142 155 90 132 120 101 123 104 107 118 154 121 157 98 146 159 82 115 96 99 102 158 83 135 113 162 163 167 168
120 157 134 82 124 115 96 99 156 102 146 113 136 97 100 158 114 135 125 147 150 127 105 81 111 92 159 95 126 139 129 93 131 84 106 140 87 153 117 130 143 101 107 118 142 155 132 122 98 144 161 162 166 167
157 150 92 122 123 153 137 139 140 121 138 103 84 115 159 87 148 102 132 104 135 158 146 118 119 149 100 152 133 147 98 110 82 127 99 129 81 111 141 143 125 155 97 131 142 145 124 105 106 90 163 164 168 169
105 114 95 127 97 159 149 139 106 148 141 118 108 92 104 140 117 153 130 107 152 129 142 119 132 122 154 87 131 144 99 134 111 83 143 156 133 110 146 123 113 155 145 98 135 125 96 81 124 137 160 161 165 166
114 108 81 111 92 138 95 141 118 131 140 143 152 103 84 142 119 132 87 101 104 154 107 144 121 134 133 123 98 136 82 145 135 148 102 125 83 113 97 147 137 150 127 159 149 110 139 129 161 162 166 167
124 127 90 92 122 104 159 107 149 126 139 121 141 98 131 115 87 117 130 101 143 102 83 100 142 132 154 110 144 134 96 108 81 133 146 95 136 97 93 145 135 148 125 147 103 137 106 150 161 162 166 167
127 137 150 108 81 92 122 159 125 139 152 129 93 126 141 103 84 87 117 153 90 130 143 101 123 107 118 121 98 82 134 115 96 99 102 156 83 133 146 136 97 119 100 158 135 138 110 147 161 162 166 167
90 134 111 101 156 133 146 87 100 136 113 103 93 145 158 148 125 102 138 115 92 147 137 104 117 82 159 149 139 129 119 96 141 118 131 108 98 140 153 107 143 97 81 152 155 132 122 99 121 160 164 165 169
134 154 144 104 107 118 156 146 136 98 145 158 135 148 115 96 99 129 102 83 147 97 137 119 150 100 149 139 138 108 81 111 92 122 95 125 140 153 93 143 152 155 103 84 106 87 117 162 163 167 168
82 130 97 110 87 152 142 132 122 99 154 131 144 121 111 101 143 156 133 123 136 113 103 145 135 148 125 102 115 92 147 84 159 149 126 139 93 106 83 96 138 95 108 98 81 140 153 160 164 165 169
130 138 96 141 99 102 83 113 97 119 153 100 143 142 155 132 110 108 154 81 144 92 122 95 156 93 133 146 126 136 145 158 135 148 106 117 101 123 147 104 137 107 118 121 159 139 98 162 163 167 168
104 154 144 121 111 81 92 95 156 123 136 93 113 145 158 135 125 103 84 137 101 150 117 159 149 126 139 129 106 138 141 118 108 99 83 140 153 107 97 110 152 142 119 155 132 122 160 161 165 166
154 155 107 118 140 121 152 98 156 115 159 96 148 99 129 102 132 113 158 146 119 149 100 131 133 147 108 111 92 95 125 139 142 145 126 103 84 106 136 87 117 150 101 123 163 164 168 169
155 138 98 96 159 148 129 132 83 113 143 135 146 97 119 149 100 152 133 147 110 108 81 111 141 122 144 125 131 142 93 126 103 156 136 87 117 150 153 118 158 140 121 163 164 168 169
146 103 106 136 87 101 153 107 137 118 121 152 138 98 115 96 99 129 102 132 113 135 97 119 100 158 148 110 147 150 81 122 144 125 159 149 139 131 93 126 163 164 168 169
93 145 135 148 125 115 147 117 92 126 139 129 106 96 118 95 108 84 98 87 150 140 107 143 97 110 152 142 119 132 99 131 144 121 111 81 83 133 123 100 113 160 164 165 169
145 148 138 84 150 87 117 101 102 135 149 118 119 133 98 96 153 129 81 111 113 143 97 100 131 142 126 147 106 136 108 141 92 156 122 123 95 159 139 140 121 163 164 168 169
158 126 103 84 106 136 87 117 150 101 123 153 156 107 137 118 140 138 115 96 148 99 129 102 132 83 113 143 97 100 133 147 110 81 111 141 92 122 144 95 125 139 131 163 164 168 169
135 141 126 153 143 103 84 106 87 121 144 147 159 136 115 96 99 132 83 148 97 138 119 100 131 133 137 150 140 110 149 139 152 108 81 111 125 162 163 167 168
141 97 119 133 149 110 108 111 92 122 139 131 143 126 152 142 103 84 106 136 87 117 101 123 144 107 137 118 140 121 156 138 115 96 148 99 129 102 132 162 163 167 168
95 147 137 150 117 159 149 126 139 129 106 119 96 81 92 118 131 108 153 107 97 110 152 142 132 122 99 87 144 111 156 123 100 136 113 148 125 102 138 115 160 164 165 169
137 108 81 111 92 144 122 131 156 126 106 136 87 117 101 123 147 107 118 150 121 159 98 115 96 99 129 102 132 83 113 97 119 100 133 143 142 110 162 163 167 168
87 101 156 100 136 113 148 125 115 92 147 117 159 149 81 129 96 138 108 140 153 107 97 110 152 142 119 132 122 131 144 121 98 111 160 164 165 169
101 121 143 156 133 123 113 103 98 148 102 115 96 99 83 97 159 136 149 126 139 129 106 138 81 150 117 153 107 110 152 142 119 132 122 84 131 160 161 165 166
98 110 83 152 142 119 132 122 99 131 144 121 111 156 133 81 136 103 97 148 115 159 92 126 139 106 138 118 140 84 107 143 160 161 165 166
110 159 126 84 139 96 99 102 83 97 118 100 131 140 143 152 119 92 144 111 156 133 123 136 103 106 148 125 138 115 147 150 117 160 161 165 166
140 115 96 99 129 102 144 132 83 147 100 156 159 148 81 111 92 122 125 126 149 152 103 84 106 136 117 123 107 119 121 153 143 138 142 162 163 167 168
150 111 83 113 143 144 125 156 139 142 126 106 108 92 122 123 107 159 121 138 103 84 115 117 99 102 132 118 119 149 100 133 152 147 163 164 168 169
97 96 107 152 142 132 122 99 131 121 111 81 92 143 156 123 136 103 148 125 102 115 84 147 159 149 126 139 106 160 161 165 166
138 126 144 106 136 108 92 122 123 159 107 121 148 147 103 117 102 149 118 152 100 96 153 99 129 143 81 111 83 113 125 162 163 167 168
121 107 118 119 144 156 133 123 136 115 96 148 83 125 113 100 159 149 139 129 108 81 92 131 153 143 84 106 142 161 162 166 167
111 147 107 117 149 126 139 119 118 96 131 99 102 153 143 100 152 132 122 108 156 133 123 136 113 148 125 115 103 84 106 160 161 165 166
92 147 117 159 149 126 139 106 96 84 118 108 107 152 142 119 132 122 99 83 131 144 143 156 133 160 164 165 169
131 148 118 119 100 149 152 96 81 113 125 126 153 143 133 106 108 132 122 144 103 84 117 99 162 163 167 168
148 153 126 103 106 117 123 107 118 156 159 84 96 99 102 132 119 100 133 147 149 152 108 122 144 125 163 164 168 169
123 144 103 84 106 117 156 159 136 118 125 147 115 102 113 149 139 152 119 129 153 108 143 81 133 122 142 132 161 162 166 167
144 107 118 149 152 96 99 129 102 83 113 143 100 133 153 108 81 122 139 142 156 126 159 103 106 117 163 164 168 169
83 108 107 143 152 81 142 119 132 122 99 156 133 100 136 125 102 115 147 117 84 159 149 126 139 129 106 96 160 164 165 169
108 117 100 159 149 139 129 118 81 143 152 142 119 132 103 84 106 107 156 133 113 125 115 96 99 160 161 165 166
115 153 143 152 142 119 132 103 84 106 107 133 136 125 99 102 147 113 117 100 159 149 126 139 81 161 162 166 167
117 96 81 156 133 136 125 103 159 149 107 139 129 118 153 99 102 113 100 119 122 161 162 166 167
81 147 84 159 149 129 106 96 153 107 143 100 152 142 132 136 113 103 125 160 164 165 169
147 122 125 126 153 103 84 106 136 107 118 156 96 99 129 132 113 143 100 133 159 149 163 164 168 169
153 96 129 102 113 143 156 119 149 100 152 133 122 125 159 139 142 126 103 106 107 118 163 164 168 169
118 100 156 133 125 149 126 139 84 129 143 152 96 142 132 99 122 102 161 162 166 167
122 159 84 126 139 96 129 102 113 119 100 152 142 133 136 106 107 161 162 166 167
119 96 143 133 113 142 100 132 156 136 126 125 84 139 152 129 161 162 166 167
96 107 142 132 99 143 133 100 113 125 102 136 126 139 106 160 161 165 166
149 125 139 142 126 103 84 106 107 159 99 129 102 132 143 100 152 163 164 168 169
107 156 100 126 125 152 129 84 106 102 133 142 132 160 161 165 166
159 125 156 103 84 106 133 99 129 102 132 113 100 163 164 168 169
100 84 143 152 142 99 156 103 125 102 126 139 160 161 165 166
84 143 156 133 113 125 102 136 126 103 139 106 152 129 132 160 164 165 169
143 129 102 132 113 152 156 125 139 142 126 103 136 162 163 167 168
103 156 133 136 113 126 139 129 106 99 102 142 132 160 161 165 166
156 136 99 129 102 113 152 133 125 139 142 126 163 164 168 169
133 106 142 99 129 132 113 125 126 139 152 162 163 167 168
125 126 129 142 132 102 113 136 161 162 166 167
126 106 139 129 142 113 136 161 162 166 167
99 152 132 136 113 102 139 129 160 161 165 166
136 106 129 102 132 113 152 142 162 163 167 168
129 152 142 132 106 139 113 162 163 167 168
152 113 139 106 102 132 163 164 168 169
106 139 142 132 102 160 161 165 166
139 102 132 113 162 163 167 168
113 142 132 102 161 162 166 167
102 142 132 160 161 165 166
142 162 163 167 168
132 162 163 167 168
160
161
162
163
164
165
166
167
168
169
