#/usr/local/lib/python3.10/dist-packages/colab_kernel_launcher.py -f /root/.local/share/jupyter/runtime/kernel-2119b688-3f38-4b5a-b3d6-e140ef2e0719.json
# GMT Fri May 24 11:39:38 2024
# 
13 88 65 78 32 68 45 35 100 90 80 57 47 9 10 37 14 92 69 46 82 36 49 26 24 91 94 48 15 28 4 7 93 60 73 63 17 6 30 8 95 85 39 75 52 29 42 19 84 74 87 2 64 41 54 31 44 21 96 0 1 86 99 53 89 43 20 56 33 23 98 202 207 208 212 213 217
88 95 65 46 97 4 56 7 37 10 43 73 24 54 76 57 8 87 89 60 41 74 77 58 18 2 5 35 100 16 90 68 0 52 3 82 63 55 6 85 66 17 69 20 50 92 83 86 67 84 94 30 14 44 25 47 28 9 1 93 80 31 12 42 96 45 75 29 51 81 205 206 210 211 216 217
24 97 14 74 87 64 41 54 31 9 1 12 86 76 89 43 56 33 98 78 55 68 35 23 25 77 7 90 80 34 70 37 8 92 46 82 59 36 91 81 58 94 48 61 38 5 51 28 16 19 0 93 22 3 83 96 73 6 50 27 63 40 20 95 85 39 75 52 84 202 203 207 208 212 213
97 54 76 27 57 8 87 38 41 71 91 2 5 35 16 68 19 49 0 22 52 3 82 6 85 36 66 17 39 20 83 86 67 84 30 11 14 25 98 47 28 9 80 31 12 42 15 94 45 75 59 51 100 32 62 65 46 79 99 96 23 4 37 10 89 70 21 43 73 206 207 211 212 216 217
36 71 48 38 51 93 11 14 60 73 50 40 28 1 12 85 62 75 29 52 65 32 42 41 77 44 23 7 99 76 53 89 10 66 21 56 27 8 68 58 100 18 90 67 80 57 70 47 5 35 37 16 0 79 22 92 3 69 33 82 59 6 17 49 39 20 81 94 202 203 208 209 213 214
71 66 69 53 34 74 67 77 30 99 76 14 44 25 47 9 1 61 12 98 42 15 45 78 48 51 32 62 65 100 90 80 4 26 79 56 7 92 37 82 10 40 43 27 91 8 38 81 60 94 41 84 58 18 96 2 5 35 16 68 49 95 22 85 52 3 33 75 63 204 205 210 211 215 216
55 84 61 46 83 96 73 63 4 26 7 37 10 62 40 75 21 43 54 27 8 38 41 74 87 64 77 67 99 76 2 66 79 56 35 16 19 22 3 78 91 6 68 17 58 39 20 51 100 34 90 57 93 60 30 11 44 25 82 47 72 28 9 1 31 42 81 94 29 203 204 209 210 214 215
84 8 39 72 53 83 67 94 18 35 16 47 93 0 61 3 33 63 64 17 48 20 50 51 81 32 62 85 34 46 79 30 11 87 14 25 28 9 10 12 42 86 99 15 45 75 89 76 27 57 29 59 60 74 77 23 100 4 68 70 21 22 52 82 54 205 206 210 211 216 217
28 67 80 3 34 47 6 17 79 92 69 46 49 81 11 58 94 48 25 38 93 70 15 60 73 50 63 40 72 85 62 39 75 52 29 42 23 74 51 7 87 64 10 21 44 96 76 53 89 66 43 98 65 18 32 68 45 2 35 5 77 19 90 0 202 203 207 208 213 214
67 9 61 12 42 64 15 48 29 59 60 32 62 46 83 96 73 4 26 37 72 10 85 40 21 75 27 57 38 41 74 87 77 18 86 99 76 2 89 5 19 98 22 52 3 33 78 6 66 17 50 51 53 34 100 90 70 30 14 79 44 92 25 82 204 205 209 210 215 216
29 32 68 45 35 100 90 18 57 34 70 47 2 37 5 16 19 79 0 92 69 46 59 6 49 20 94 48 61 38 51 11 83 60 73 14 9 1 12 95 72 15 85 52 42 74 87 64 54 23 86 4 99 26 7 89 66 10 56 33 21 98 8 78 202 203 207 208 213 214
32 78 68 58 35 90 80 34 70 47 23 37 4 7 79 92 69 21 59 49 6 8 20 81 94 48 61 51 18 93 30 83 2 60 73 50 14 63 16 0 1 3 95 85 15 75 17 65 74 87 64 41 77 54 44 11 86 99 25 53 89 66 56 202 203 208 209 213 214
47 80 44 57 70 9 1 31 12 42 15 79 45 69 82 59 72 46 81 48 61 23 83 7 37 60 73 10 50 40 21 43 27 85 41 62 75 52 87 2 54 35 16 19 86 99 22 53 89 33 6 56 39 20 98 34 91 68 30 11 90 203 204 208 209 214 215
80 90 9 31 93 42 64 15 45 75 48 78 51 92 62 82 46 79 81 4 26 56 7 37 21 43 73 96 54 76 86 57 60 41 74 95 77 85 58 18 2 35 68 19 49 22 52 3 33 63 6 66 17 39 69 89 50 72 34 91 30 44 205 206 210 211 215 216
0 5 70 60 37 73 50 4 40 17 7 82 95 72 62 39 52 42 19 9 94 51 87 41 18 31 8 21 96 86 63 76 53 10 23 98 65 45 22 35 12 44 57 34 11 1 14 89 79 56 92 69 59 26 3 16 91 81 48 61 38 15 202 206 207 211 212 216 217
5 83 73 3 50 17 95 72 85 52 19 9 74 87 64 77 54 31 8 44 21 1 86 99 76 53 66 33 10 23 98 65 78 68 45 35 25 100 4 90 57 34 70 14 79 92 69 46 82 59 49 26 39 16 6 91 81 94 61 2 15 93 202 206 207 211 212 217
83 35 16 49 94 22 52 3 82 33 63 6 17 39 69 20 93 53 34 30 11 85 14 25 9 1 31 12 64 45 75 78 59 51 81 62 65 46 86 79 89 23 26 56 7 37 10 40 43 54 76 27 100 57 8 38 90 60 77 58 18 205 206 210 211 216 217
11 14 89 7 9 56 10 92 46 49 26 8 16 91 81 58 94 48 15 60 2 37 73 4 27 40 17 82 95 3 72 85 39 75 52 19 74 87 64 41 54 21 96 86 63 76 53 66 43 20 1 23 98 65 68 45 35 100 77 57 34 202 206 207 212 213 217
14 79 92 1 69 46 82 59 26 16 91 48 61 38 15 51 18 96 73 4 27 63 40 17 7 10 95 85 62 39 75 42 74 87 64 41 77 54 44 2 86 89 43 56 3 23 6 65 78 68 45 25 100 90 57 34 70 202 207 208 212 213 217
17 94 25 2 70 60 3 73 50 27 6 40 30 72 62 39 75 52 42 19 74 51 64 41 18 54 31 1 96 15 63 99 76 53 66 43 56 98 78 68 22 4 90 7 44 57 10 34 8 79 92 69 82 59 49 26 202 207 208 212 213 217
94 20 100 72 34 44 31 61 12 64 15 45 78 59 81 65 96 79 95 25 26 56 37 9 10 89 40 70 21 43 73 54 76 57 8 87 60 90 91 99 18 4 35 16 68 19 49 22 52 3 82 33 63 6 66 205 206 211 212 216 217
58 95 48 85 62 98 51 75 46 74 64 77 44 25 26 56 86 9 99 10 76 40 89 12 66 42 79 57 78 91 68 100 90 4 70 35 7 37 22 52 54 6 82 8 38 72 39 20 18 30 60 96 73 19 63 1 31 3 33 15 45 204 205 209 210 214 215
95 91 2 16 100 19 49 52 82 33 63 6 85 66 39 69 50 72 30 44 25 9 1 61 12 42 15 96 75 48 78 59 51 62 92 65 98 4 26 56 7 37 89 40 70 21 43 73 54 27 57 8 99 87 38 90 41 93 206 207 211 212 216 217
68 51 93 46 85 23 75 25 9 10 40 21 43 74 54 87 27 57 77 60 86 99 76 79 18 2 4 35 16 78 91 19 49 33 6 100 90 20 50 70 53 30 72 44 81 1 31 61 12 64 15 45 204 205 209 210 215 216
61 100 90 39 70 53 34 79 92 69 82 30 44 91 25 81 1 42 15 45 96 73 63 46 72 62 75 23 4 26 7 37 10 40 21 74 43 87 64 54 57 8 38 60 41 99 89 66 18 98 65 78 16 19 52 3 33 204 205 209 210 214 215
100 12 64 15 45 76 48 78 59 62 92 93 65 77 96 23 4 26 56 37 10 40 70 21 43 73 54 27 57 8 87 38 41 74 91 18 2 35 16 49 22 82 33 85 69 20 99 50 53 30 44 9 1 206 207 211 212 216 217
41 42 27 74 38 39 87 77 54 44 86 99 76 53 66 2 35 16 19 78 22 45 6 90 34 57 70 79 30 92 69 46 82 59 9 1 31 91 12 81 15 48 51 93 73 50 63 4 85 26 52 10 65 203 204 208 209 213 214
42 77 44 57 18 89 79 69 4 35 49 19 3 91 33 6 39 20 34 93 70 60 30 25 72 85 62 52 31 15 74 51 87 64 54 96 86 63 76 53 66 56 26 37 98 40 65 21 78 45 27 38 203 204 208 209 213 214
33 38 93 23 60 26 50 7 63 40 10 21 72 27 85 8 62 75 74 51 64 18 54 2 96 86 16 99 76 19 53 66 43 3 6 98 20 78 77 90 30 25 31 79 12 92 69 82 15 59 49 91 81 202 203 208 209 213 214
38 6 74 51 87 20 64 54 34 96 86 76 43 30 56 25 98 9 1 78 12 45 15 77 90 57 92 69 46 23 59 26 49 7 10 91 81 48 27 8 93 70 60 73 63 40 72 35 85 62 52 22 3 203 204 208 209 213 214
25 34 89 92 69 46 26 91 81 48 9 12 93 60 37 73 27 82 72 49 85 62 52 4 51 64 19 54 21 22 3 96 8 86 63 20 53 30 66 98 65 18 2 45 16 77 1 90 44 57 202 203 207 208 212 213
34 91 1 31 81 12 48 15 51 93 60 96 73 50 63 72 23 4 62 39 75 52 7 21 87 8 64 44 76 53 66 56 2 98 16 65 78 45 3 35 20 57 70 79 92 69 46 82 49 202 203 208 209 213 214
44 9 43 79 92 27 8 46 49 91 48 18 51 93 35 7 37 60 96 19 50 63 22 6 39 20 85 62 75 52 87 64 54 16 86 31 99 76 89 66 15 98 65 78 77 90 26 203 204 208 209 213 214
39 81 48 51 18 2 73 50 63 40 19 53 1 31 3 62 98 75 20 74 87 64 77 30 26 76 89 10 43 79 12 46 27 91 45 90 70 23 60 4 37 21 92 69 82 59 72 49 8 203 204 208 209 213 214
81 69 91 20 50 51 53 90 30 92 1 82 12 64 15 59 62 65 46 77 86 23 4 26 56 7 70 21 43 85 73 54 27 57 8 60 72 74 87 99 35 89 49 22 52 3 6 66 205 206 210 211 215 216
10 54 31 86 99 76 4 89 43 56 23 98 65 78 8 12 90 57 37 2 69 46 82 59 49 3 26 16 15 51 60 96 73 50 63 40 30 1 72 85 62 19 87 64 77 202 206 207 212 213 217
54 40 74 87 43 8 96 86 99 66 56 18 98 65 19 49 22 3 77 90 6 57 70 50 53 92 69 59 30 91 9 31 93 48 60 73 63 85 62 26 7 37 203 204 209 210 214 215
2 50 27 40 30 85 75 52 19 9 74 51 87 64 96 86 63 99 76 43 20 98 65 78 45 22 35 12 77 90 57 4 89 79 92 82 59 26 3 16 91 48 18 93 70 1 73 202 206 207 211 212 217
50 16 19 49 51 22 6 93 96 73 72 62 75 30 74 9 1 64 31 77 15 45 48 86 99 89 66 46 56 98 65 23 4 26 7 37 40 21 43 57 70 8 79 92 69 59 18 203 204 208 209 214 215
66 23 56 7 93 96 73 43 57 8 60 72 75 74 77 35 16 19 49 52 3 99 63 76 6 20 53 78 30 90 70 1 31 12 64 45 48 92 59 51 82 62 65 46 91 204 205 209 210 215 216
12 77 89 79 46 82 59 49 4 91 48 15 8 93 70 73 27 40 30 72 85 62 52 19 3 74 51 87 6 64 18 31 96 86 99 76 53 43 56 23 78 45 9 22 35 202 206 207 212 213 217
65 78 91 90 23 93 7 37 21 22 6 69 8 82 72 53 18 35 16 19 73 49 1 86 3 64 20 51 85 62 75 46 74 30 77 99 76 43 89 15 27 57 59 60 204 205 209 210 215 216
78 90 37 79 92 40 82 70 21 43 73 76 27 8 74 77 18 35 16 19 49 22 52 3 85 98 6 69 20 72 87 30 99 89 1 31 15 45 75 48 91 51 205 206 210 211 215 216
4 96 86 63 99 76 53 30 43 20 1 75 45 35 77 57 89 69 46 23 26 91 48 70 37 40 7 49 85 62 52 6 19 9 74 51 18 31 8 21 202 206 207 211 212 217
96 99 35 7 19 21 22 82 6 8 69 20 72 53 86 18 30 63 15 45 48 51 92 46 79 26 56 9 40 43 98 76 27 57 59 93 74 77 91 23 206 207 211 212 216 217
51 91 8 20 57 93 18 30 92 69 82 49 1 31 45 48 46 73 86 63 53 26 98 9 52 40 43 64 76 89 23 7 21 22 203 204 209 210 214 215
91 62 98 79 30 26 9 31 43 73 15 99 76 27 87 59 60 77 23 56 93 70 22 52 8 92 72 86 18 16 19 49 3 64 48 20 205 206 211 212 216 217
74 27 8 87 18 86 99 76 89 79 16 19 52 63 6 20 53 90 30 92 82 9 64 15 48 46 93 23 26 56 7 37 40 70 21 85 98 204 205 210 211 215 216
16 70 60 37 73 27 40 30 82 72 85 62 75 19 9 1 15 87 64 31 21 99 76 43 23 7 45 22 35 8 89 79 56 69 46 26 3 6 202 207 208 212 213 217
70 77 1 3 63 64 86 15 45 76 89 48 59 26 56 9 40 27 57 60 35 7 37 19 93 49 22 73 6 8 20 72 75 18 30 87 204 205 210 211 215 216
35 60 73 40 85 62 75 23 26 7 64 21 27 8 86 53 89 43 98 19 22 90 3 6 37 20 92 69 82 59 30 9 1 31 15 202 203 208 209 213 214
48 20 90 57 92 82 59 72 49 9 15 45 46 93 60 73 53 23 26 7 85 37 98 75 52 21 27 8 87 64 77 86 99 18 56 22 203 204 208 209 214 215
99 26 56 7 37 89 40 21 73 76 57 8 87 60 93 77 18 19 22 82 63 6 85 69 72 86 30 9 1 31 45 75 59 62 98 206 207 211 212 216 217
1 90 57 37 69 82 18 93 27 63 30 7 20 72 85 62 75 19 9 64 31 21 86 76 53 89 43 56 46 23 98 45 22 202 206 207 211 212 217
90 31 15 45 75 59 62 79 26 56 7 89 40 21 43 27 8 60 77 18 92 19 22 52 3 6 85 69 20 72 53 86 30 205 206 211 212 216 217
7 21 53 43 56 23 3 98 6 45 22 57 37 89 79 69 46 82 59 49 26 15 93 60 73 27 40 85 75 52 9 64 202 206 207 212 213 217
21 31 86 63 8 76 53 98 18 45 22 19 57 3 6 89 79 56 92 46 59 49 9 93 37 27 30 82 85 62 75 87 202 203 207 208 212 213
57 31 87 77 86 76 46 23 26 37 40 43 8 79 92 59 72 18 49 22 52 3 6 93 20 62 75 30 204 205 209 210 214 215
18 30 72 85 62 64 31 86 53 89 43 20 56 15 23 98 45 22 77 37 79 92 69 82 59 49 73 27 63 40 202 207 208 212 213 217
30 92 69 46 82 59 49 3 6 63 72 85 62 52 15 87 31 76 53 56 98 9 45 27 37 202 203 207 208 213 214
46 98 26 31 43 15 27 79 59 49 23 37 40 22 93 6 60 73 63 62 75 52 87 64 19 77 3 86 20 89 203 204 208 209 214 215
98 77 26 56 37 40 22 85 72 53 86 19 52 3 82 63 64 6 79 9 31 43 73 45 75 76 27 59 60 62 93 206 207 211 212 216 217
77 43 73 76 23 89 79 22 6 8 69 20 72 53 93 92 82 49 31 3 63 64 45 75 62 26 56 205 206 210 211 215 216
9 89 79 56 69 23 59 26 3 93 60 73 27 82 49 62 52 19 64 86 63 76 53 43 75 45 22 87 202 206 207 212 213 217
69 93 31 73 86 64 15 45 75 23 26 37 40 43 76 89 27 79 8 60 22 52 3 63 6 92 20 72 204 205 209 210 215 216
45 23 59 26 49 27 8 93 60 73 63 72 62 19 75 52 22 3 6 20 64 76 53 31 203 204 208 209 214 215
40 86 19 53 89 22 3 56 6 31 79 15 59 49 23 26 60 37 63 27 8 72 85 62 75 52 87 64 203 204 208 209 213 214
31 27 37 8 79 92 82 59 49 19 22 93 3 6 60 20 72 85 52 86 76 53 89 43 56 23 26 202 203 207 208 213 214
27 87 64 3 86 89 20 43 56 15 92 82 59 49 26 93 22 60 73 63 8 53 85 75 202 203 207 208 213 214
73 87 49 3 63 86 76 89 20 72 64 15 79 23 26 56 37 93 75 204 205 210 211 215 216
87 76 89 19 49 22 52 3 82 63 6 72 53 86 92 64 15 75 59 62 93 79 23 56 37 205 206 210 211 216 217
20 93 60 63 6 8 72 62 75 52 64 3 53 89 43 56 23 22 37 15 92 59 49 26 202 203 207 208 212 213
3 93 60 63 72 85 62 6 19 76 89 43 56 23 79 82 202 206 207 211 212 217
43 64 23 26 37 79 56 22 92 6 82 59 49 93 60 53 15 85 62 75 203 204 208 209 213 214
64 8 92 82 19 49 22 52 63 93 85 15 59 62 23 26 204 205 209 210 215 216
60 19 49 52 53 76 15 93 59 92 72 23 26 56 37 8 86 85 62 75 204 205 209 210 214 215
76 23 26 56 37 79 19 93 49 22 52 72 82 53 59 62 85 205 206 210 211 215 216
93 49 22 82 6 85 53 15 75 59 62 92 26 37 89 8 72 205 206 211 212 216 217
6 72 75 52 19 86 53 89 23 37 79 92 82 59 49 202 206 207 211 212 217
85 86 19 52 72 89 15 75 59 62 79 23 56 37 8 205 206 210 211 216 217
8 86 89 23 22 37 79 59 49 26 15 63 72 202 206 207 212 213 217
89 56 19 22 52 92 53 86 63 75 59 62 79 205 206 211 212 216 217
62 19 49 22 79 92 53 63 15 75 23 56 86 204 205 209 210 214 215
86 26 56 37 72 22 82 63 53 75 59 79 205 206 210 211 216 217
49 63 72 52 15 53 23 37 92 82 19 22 203 204 208 209 214 215
15 37 79 92 82 59 26 63 72 52 19 53 202 207 208 212 213 217
63 37 19 22 52 53 75 23 26 56 92 82 204 205 209 210 214 215
23 53 56 79 59 26 19 22 72 75 52 202 203 207 208 212 213
37 53 56 26 79 92 59 82 75 52 202 203 208 209 213 214
26 56 79 92 72 52 22 202 203 207 208 213 214
75 79 19 92 82 52 72 59 204 205 210 211 215 216
92 59 79 56 19 22 52 82 72 53 205 206 211 212 216 217
53 22 19 52 79 56 82 59 72 203 204 209 210 214 215
72 19 79 59 56 22 52 204 205 210 211 215 216
56 79 82 19 59 52 203 204 209 210 214 215
22 52 79 82 59 202 203 207 208 212 213
19 52 79 59 202 203 207 208 212 213 217
82 59 79 205 206 210 211 215 216
79 52 205 206 210 211 215 216
59 204 205 209 210 214 215
52 203 204 209 210 214 215
117 194 171 184 161 138 174 128 131 183 196 112 173 186 176 130 113 185 198 175 152 165 142 119 155 132 114 122 197 187 164 177 154 167 144 134 124 166 108 179 156 111 133 169 123 136 109 178 191 168 145 181 158 135 125 180 157 170 147 160 103 150 192 101 195 104 126 162 107 139 129 202 207 208 212 213 217
194 169 120 150 101 181 104 134 164 107 137 167 118 140 201 170 121 151 152 182 184 166 200 185 112 145 126 148 110 132 113 116 146 176 149 179 130 160 161 133 163 114 178 180 192 105 127 157 108 138 111 141 195 144 174 155 156 128 188 139 142 172 175 187 159 119 196 103 199 136 205 206 211 212 216 217
118 159 195 172 126 162 103 139 106 129 184 161 128 107 141 131 173 186 163 140 176 153 120 185 112 175 152 115 165 142 119 155 132 122 110 113 187 164 177 154 144 121 157 124 199 189 179 169 146 123 136 201 105 178 145 181 158 111 135 148 125 138 190 109 180 193 147 160 150 192 202 207 208 212 213 217
159 196 149 151 199 152 133 135 198 175 188 165 112 115 145 126 157 129 187 200 111 177 141 190 167 144 180 158 142 189 179 192 169 201 191 181 124 105 106 108 138 123 153 125 155 170 107 183 160 109 139 140 121 154 182 172 185 119 131 103 148 174 120 164 101 102 104 116 146 204 205 209 210 214 215
137 172 149 162 139 131 112 184 115 161 197 151 164 141 129 102 196 186 163 176 130 153 166 133 114 175 188 142 178 155 145 124 127 177 154 190 167 122 157 128 199 109 189 156 146 201 119 191 181 158 103 171 148 106 136 138 120 180 123 193 170 134 147 183 160 107 150 121 192 195 202 203 208 209 213 214
172 167 140 170 121 151 135 175 168 178 187 112 200 177 115 190 145 126 148 129 110 132 162 113 199 143 189 146 149 160 152 133 163 114 166 147 191 181 124 127 193 183 111 122 125 155 128 158 192 139 182 161 195 185 119 106 169 150 196 173 186 153 104 134 176 164 156 204 205 210 211 215 216
156 185 162 133 114 147 184 164 124 105 127 196 111 163 199 141 176 122 144 166 125 155 109 139 198 175 188 165 168 119 177 190 103 167 180 157 106 136 120 150 101 153 104 134 192 107 169 140 121 151 154 201 135 181 171 131 112 115 193 170 183 160 173 110 143 146 130 203 204 209 210 214 215
185 107 167 109 139 140 173 184 168 195 119 103 136 148 120 150 101 102 181 132 197 162 104 134 164 165 149 121 151 182 196 133 163 135 166 147 180 131 198 112 188 127 129 110 144 200 116 146 176 190 177 128 158 161 142 114 178 192 201 138 169 123 153 183 125 205 206 210 211 216 217
130 133 169 146 136 201 168 119 181 158 171 103 138 106 193 123 183 104 160 107 182 195 139 152 184 161 197 174 115 151 164 126 129 131 110 102 113 196 116 163 176 153 143 114 198 175 188 142 155 132 145 124 187 105 127 108 154 190 167 144 111 122 125 128 109 189 166 202 203 207 208 213 214
133 179 192 169 146 136 201 191 168 181 158 135 171 124 138 105 106 108 180 122 123 125 173 150 140 109 121 162 152 131 103 161 197 151 115 164 141 120 102 132 196 186 116 153 166 143 198 175 188 165 142 200 126 190 167 144 110 157 134 113 147 199 128 202 203 208 209 213 214
141 142 178 103 145 106 187 120 200 101 190 167 104 144 134 157 107 140 199 189 166 179 135 201 131 191 158 171 148 126 129 110 102 193 170 147 183 160 150 114 192 182 195 162 152 124 105 184 161 197 174 138 151 111 125 196 139 186 163 153 143 198 188 119 165 203 204 208 209 213 214
142 143 122 125 128 188 165 178 200 177 190 119 167 144 157 103 106 189 120 179 123 169 104 146 134 107 121 201 191 168 135 158 148 193 112 170 183 160 115 150 129 110 102 149 162 114 184 161 197 174 124 173 105 186 127 163 108 176 138 153 111 166 203 204 208 209 213 214
101 106 161 174 151 128 108 183 173 150 186 163 140 153 107 143 120 110 195 175 165 132 122 197 164 200 177 154 131 167 121 111 166 179 146 123 136 103 178 191 168 145 181 158 135 112 125 102 115 190 180 193 170 147 160 114 127 104 182 149 126 162 139 116 129 202 206 207 211 212 216 217
106 161 174 104 151 164 108 196 186 163 176 153 143 165 178 155 132 109 145 102 187 177 154 190 167 144 121 111 124 114 166 179 169 123 136 126 201 105 168 158 135 171 148 138 115 180 193 147 160 150 140 107 192 182 149 162 139 103 116 129 119 202 206 207 211 212 217
195 140 170 151 201 173 154 184 135 187 131 112 115 145 148 102 132 162 113 165 116 176 149 160 182 163 114 193 166 147 180 124 196 126 127 199 110 111 171 122 174 125 155 128 109 198 188 139 191 175 189 192 119 169 123 153 104 183 164 107 186 167 205 206 211 212 216 217
196 189 192 119 103 136 120 150 123 104 183 164 107 186 167 140 121 151 173 135 187 168 112 115 145 126 148 110 102 132 162 113 165 116 146 176 114 166 199 180 124 198 105 157 108 138 111 190 171 122 144 174 177 158 200 139 161 175 178 206 207 211 212 216 217
151 192 103 182 136 162 120 152 123 107 184 161 140 164 135 173 163 153 131 112 145 126 148 129 175 188 102 165 132 113 155 143 116 149 187 200 177 114 154 147 157 189 166 179 105 127 108 201 168 125 158 128 109 139 180 193 160 119 203 204 208 209 214 215
192 152 182 163 135 131 112 198 145 132 162 113 143 144 116 146 176 177 158 188 160 191 147 178 189 124 201 157 108 138 171 122 123 153 183 125 155 107 186 109 193 154 184 187 119 148 120 150 102 181 197 134 164 165 149 179 121 205 206 211 212 216 217
169 152 163 114 184 147 186 199 176 108 138 110 111 122 144 198 125 155 188 128 158 178 109 139 187 200 177 190 180 119 189 179 120 150 153 104 107 201 167 121 181 154 135 168 193 170 183 173 115 145 182 102 132 162 143 165 116 146 149 204 205 209 210 215 216
162 201 107 191 168 140 121 154 193 183 131 112 115 145 126 148 182 129 110 102 113 143 146 160 197 114 147 173 186 163 124 105 127 157 108 138 111 122 175 144 125 165 109 139 161 187 177 199 103 166 136 120 150 123 104 204 205 209 210 214 215
201 143 165 149 160 114 193 166 147 178 180 197 105 127 157 190 171 144 125 155 158 109 188 161 191 173 175 189 119 136 120 150 104 183 134 164 107 186 167 170 121 182 154 184 135 187 199 112 115 145 126 148 129 181 132 206 207 211 212 216 217
178 171 186 113 199 143 177 160 114 188 200 190 105 136 180 138 122 123 153 125 155 107 179 167 109 139 182 170 173 154 191 181 119 131 103 115 193 183 120 150 102 132 104 134 165 116 146 149 163 135 166 184 187 112 145 127 110 205 206 210 211 215 216
143 145 181 158 148 119 190 180 103 193 170 105 147 136 160 120 123 104 134 140 121 135 161 174 112 183 126 186 129 163 176 102 153 132 113 116 198 188 114 155 197 164 177 154 144 127 108 110 111 189 166 122 179 146 128 109 139 203 204 208 209 213 214
134 139 124 184 105 174 111 122 125 173 128 186 109 163 140 153 198 175 152 188 165 119 155 145 103 187 200 120 154 190 123 157 199 121 189 166 179 146 136 112 158 135 115 138 126 129 110 102 132 180 113 170 147 183 116 150 182 149 202 203 208 209 213 214
139 107 175 152 165 155 187 154 131 126 199 129 189 110 132 113 146 116 191 114 168 145 181 158 148 180 193 170 147 183 160 150 108 111 182 149 128 109 184 161 174 119 103 173 136 186 163 176 153 123 104 203 204 208 209 213 214
107 116 119 184 161 197 174 164 103 131 108 121 186 163 104 153 166 120 110 198 175 165 155 109 145 187 177 190 167 157 147 124 114 199 146 123 136 113 126 191 168 158 148 125 138 115 193 170 160 182 202 206 207 211 212 217
140 182 152 119 103 197 174 187 164 154 132 104 116 186 199 176 121 166 198 175 188 165 168 131 145 112 126 127 200 129 167 144 157 113 128 189 179 114 146 191 181 171 148 124 161 105 108 138 122 193 170 183 125 173 109 203 204 208 209 213 214
182 170 121 152 135 131 112 115 145 126 181 132 113 116 146 176 149 114 166 147 197 187 124 105 157 108 138 111 171 122 144 186 174 125 199 155 128 158 161 173 188 119 200 190 120 150 123 153 104 164 189 167 205 206 210 211 215 216
145 148 110 111 125 128 109 147 183 160 149 119 136 184 161 197 120 174 122 164 123 173 186 176 153 198 175 188 103 155 115 129 132 177 154 190 116 157 114 189 166 179 191 181 126 127 171 203 204 208 209 213 214
148 126 129 102 116 180 193 183 160 173 150 114 147 149 152 124 105 184 161 197 174 164 122 144 125 128 109 186 163 176 153 166 175 119 188 136 120 200 123 177 104 167 157 199 189 135 179 131 112 191 168 203 204 208 209 214 215
103 128 173 163 153 110 175 152 188 165 132 109 122 197 187 164 200 177 154 167 144 121 157 111 124 199 189 166 179 146 123 168 158 135 138 105 190 180 193 183 160 104 116 119 171 102 161 174 202 206 207 211 212 217
104 116 129 171 184 161 174 128 164 131 108 102 186 176 153 110 198 165 132 112 197 187 200 177 154 190 144 157 111 124 179 146 123 113 126 191 181 158 135 125 115 105 180 170 183 150 127 202 206 207 211 212 217
116 126 191 168 181 158 135 125 138 180 193 147 160 127 102 113 152 119 184 161 174 128 131 176 153 105 120 108 198 175 165 155 109 122 187 200 177 154 190 167 144 124 199 189 166 179 146 123 202 207 208 212 213 217
123 129 114 184 161 174 154 131 186 163 105 153 166 108 111 198 175 165 109 155 132 187 177 190 147 124 189 179 120 126 191 121 168 158 135 171 125 138 128 170 150 115 102 113 149 202 203 207 208 212 213
129 181 158 135 138 121 180 193 183 160 150 112 115 149 126 110 171 184 161 174 164 114 186 163 176 153 127 175 152 188 165 155 132 122 125 197 128 200 177 154 190 167 157 199 166 179 136 120 191 202 203 207 208 213 214
167 124 127 157 108 138 111 197 122 144 128 158 109 173 186 176 119 198 175 188 120 150 187 190 121 135 189 112 115 191 168 181 171 102 132 113 165 180 193 170 160 152 183 114 166 147 204 205 209 210 215 216
114 166 146 136 112 191 168 181 158 110 111 138 113 115 180 193 170 147 183 150 127 149 126 105 171 184 164 131 109 186 176 153 120 198 175 165 132 197 187 200 144 124 199 202 207 208 212 213 217
166 179 191 124 181 171 138 111 153 125 155 193 170 183 173 184 120 174 150 102 187 132 149 152 163 147 198 131 112 115 168 127 110 113 177 144 190 146 128 158 204 205 209 210 215 216
179 147 191 181 124 127 157 108 138 180 171 122 144 174 125 155 177 158 109 161 175 119 197 136 120 153 186 170 173 154 135 198 168 131 187 115 200 126 110 102 113 146 176 189 149 160 152 205 206 210 211 215 216
105 197 187 164 200 154 131 144 121 111 102 199 176 146 136 113 188 191 181 158 135 112 180 193 170 147 124 127 149 126 171 184 161 138 174 108 183 150 153 120 110 175 152 119 155 132 109 202 206 207 211 212 217
197 136 108 138 120 122 153 183 155 186 109 170 121 135 187 168 131 115 150 102 132 164 176 149 152 163 193 147 180 112 157 110 111 190 171 113 125 199 177 128 188 160 161 191 175 189 124 206 207 211 212 216 217
152 121 191 135 158 119 193 170 115 160 173 150 102 132 146 149 175 184 187 154 112 127 186 199 176 110 111 153 144 125 128 198 188 165 155 168 200 190 180 157 124 136 108 138 120 189 122 203 204 209 210 214 215
125 175 188 132 102 200 177 154 199 189 146 124 126 108 191 168 158 122 135 171 109 193 170 147 183 150 127 119 149 120 184 161 174 128 164 173 163 176 112 202 203 207 208 212 213
175 155 128 158 109 161 173 198 188 200 136 180 153 170 121 154 135 168 181 131 112 102 132 113 165 149 163 147 184 124 127 157 108 138 111 171 122 144 199 204 205 210 211 215 216
144 188 165 155 124 127 108 138 187 200 177 190 180 147 128 109 189 119 191 181 171 136 120 193 183 160 173 135 149 131 115 161 164 110 102 132 154 113 186 199 198 203 204 208 209 213 214
188 174 155 198 177 158 109 161 200 190 119 199 189 150 153 183 164 186 121 154 184 135 168 131 112 126 102 113 165 146 149 160 163 147 180 124 157 108 110 171 122 205 206 210 211 216 217
171 132 164 187 146 200 190 160 163 147 199 189 126 157 110 111 113 155 128 158 180 161 193 183 124 136 108 138 120 150 122 184 153 109 170 121 173 186 168 176 198 115 204 205 210 211 215 216
136 184 174 164 173 186 163 176 124 198 108 111 165 122 155 128 109 187 200 177 190 157 189 119 146 191 158 121 135 170 147 183 160 131 112 115 149 110 102 132 113 202 203 208 209 213 214
184 150 183 164 170 121 173 154 168 131 112 186 199 126 110 102 181 132 113 198 165 176 149 147 187 200 190 124 127 138 111 122 155 128 109 191 193 119 205 206 210 211 216 217
149 121 191 135 168 181 131 193 170 115 160 126 173 150 110 113 146 147 174 164 154 124 108 186 138 163 176 111 122 128 165 155 200 190 180 157 120 189 203 204 208 209 214 215
126 180 157 193 170 147 160 112 110 111 161 138 174 173 150 186 163 153 198 165 120 187 164 200 121 177 154 199 176 189 146 115 102 191 181 158 202 203 207 208 212 213
102 191 168 181 135 138 193 170 183 160 127 119 161 128 164 131 108 121 186 163 176 120 198 155 132 122 200 154 190 157 111 199 189 146 113 202 206 207 211 212 217
191 181 113 165 146 198 176 180 200 127 111 190 122 174 155 177 128 158 109 161 189 193 120 150 153 183 164 186 170 173 154 135 168 112 199 205 206 211 212 216 217
189 147 180 198 127 157 108 111 174 155 128 158 109 190 161 119 150 153 183 164 121 193 173 154 135 187 131 112 115 181 132 165 146 176 160 205 206 210 211 216 217
108 122 164 200 177 121 157 111 199 146 113 168 181 158 135 138 115 190 180 147 183 160 127 161 174 128 131 173 186 163 120 110 198 155 132 109 202 206 207 212 213 217
122 155 111 187 200 109 154 119 120 168 181 158 135 190 121 180 157 193 170 127 112 115 110 113 174 128 131 183 186 163 176 153 198 202 203 207 208 212 213
119 131 163 153 120 198 165 132 115 177 154 190 121 157 124 146 168 181 158 112 135 111 193 113 170 183 160 161 174 164 202 207 208 212 213 217
131 180 193 147 160 150 120 121 161 174 164 112 115 173 186 163 113 198 200 154 190 157 124 127 199 110 111 146 109 158 135 138 202 203 207 208 213 214
147 199 115 127 110 132 113 181 158 128 193 170 183 150 138 174 173 163 176 198 165 120 187 200 121 177 135 157 203 204 208 209 214 215
199 124 127 157 111 155 186 158 170 173 154 150 181 153 183 198 121 135 168 180 115 190 132 174 146 176 177 200 160 161 163 193 206 207 211 212 216 217
161 198 150 165 168 121 200 154 177 112 115 110 132 113 146 160 193 170 183 127 157 138 155 158 174 187 163 204 205 209 210 214 215
186 187 153 170 121 173 135 198 168 112 190 132 165 146 176 163 180 124 127 157 111 193 174 155 177 109 205 206 210 211 216 217
181 110 113 146 176 160 163 183 180 124 127 157 138 111 174 177 187 128 158 198 120 150 164 200 170 190 173 154 168 112 205 206 210 211 215 216
146 180 124 170 160 150 111 128 109 164 173 176 198 121 165 155 187 177 154 190 112 157 115 132 113 203 204 208 209 214 215
170 112 115 110 132 174 113 165 163 176 198 124 127 157 138 200 177 155 128 109 150 153 193 183 154 135 204 205 209 210 215 216
111 132 187 200 177 154 190 157 109 168 135 138 180 193 183 150 127 174 128 110 173 176 153 198 165 202 206 207 212 213 217
132 158 138 180 193 183 120 164 121 173 163 176 153 112 115 110 113 187 200 177 157 127 202 203 207 208 213 214
128 165 155 120 200 177 190 121 157 112 115 158 135 113 138 180 173 150 127 174 164 109 163 176 153 202 203 207 208 213 214
155 165 109 187 200 177 157 120 150 168 121 154 135 180 183 160 112 115 110 113 164 173 124 127 203 204 209 210 214 215
174 120 150 153 200 177 190 121 173 135 168 115 110 113 165 180 160 193 163 183 124 127 158 109 176 198 204 205 210 211 215 216
121 164 109 173 163 176 153 198 120 200 177 154 157 124 112 168 110 135 138 193 127 202 203 207 208 212 213
113 168 158 138 193 183 160 150 127 173 163 176 120 198 165 187 164 200 177 124 112 110 202 206 207 212 213 217
124 187 177 154 190 110 109 168 158 138 180 160 127 164 173 115 163 176 153 198 165 202 203 207 208 212 213
187 127 157 158 109 173 120 150 153 183 198 164 154 135 168 200 190 112 115 110 160 180 205 206 210 211 216 217
165 168 109 193 183 173 153 164 135 112 176 115 110 198 160 163 177 190 157 138 204 205 209 210 215 216
115 138 180 110 160 150 127 173 163 176 153 109 120 198 200 177 190 157 168 135 202 207 208 212 213 217
138 200 177 154 157 168 158 190 180 193 160 109 120 183 173 163 176 153 198 202 203 208 209 213 214
168 163 127 157 173 158 109 200 177 190 120 150 153 164 154 135 112 180 193 183 204 205 209 210 215 216
177 198 127 200 158 109 180 150 164 173 135 112 110 176 160 163 205 206 210 211 215 216
198 158 183 164 173 154 112 110 176 160 163 180 200 127 157 190 206 207 211 212 216 217
110 158 112 190 180 157 193 160 127 173 150 153 164 200 154 176 202 206 207 212 213 217
158 127 109 180 160 120 150 153 154 163 112 204 205 209 210 214 215
109 112 190 180 193 183 150 164 173 163 176 153 202 206 207 212 213 217
120 173 163 176 153 200 154 112 135 180 193 183 160 127 202 203 207 208 212 213 217
163 150 193 183 154 112 164 176 127 157 200 204 205 209 210 214 215
135 164 173 176 127 154 190 157 193 160 150 202 203 208 209 213 214
150 164 112 153 200 190 127 180 193 183 160 203 204 208 209 214 215
180 176 160 193 183 127 157 173 153 205 206 210 211 215 216
164 153 154 200 160 112 127 157 190 193 204 205 209 210 214 215
200 127 157 190 153 183 154 112 160 193 206 207 211 212 216 217
127 154 190 157 193 183 160 176 202 203 207 208 213 214
193 112 176 190 173 154 205 206 211 212 216 217
154 176 153 190 157 112 160 173 203 204 209 210 214 215
173 176 112 190 160 153 204 205 210 211 215 216
190 153 183 160 205 206 211 212 216 217
157 112 183 160 153 176 203 204 209 210 214 215
112 160 183 202 206 207 212 213 217
176 183 153 204 205 210 211 215 216
160 183 204 205 209 210 214 215
183 205 206 210 211 215 216
153 203 204 209 210 214 215
202
203
204
205
206
207
208
209
210
211
212
213
214
215
216
217
