#/usr/local/lib/python3.10/dist-packages/colab_kernel_launcher.py -f /root/.local/share/jupyter/runtime/kernel-dea7114a-48f2-47cd-9840-9590734c419b.json
# GMT Thu May 23 18:11:04 2024
# 
72 137 114 150 104 2 152 129 106 83 119 0 86 161 48 20 118 108 85 75 173 67 140 176 153 130 11 175 31 122 43 45 89 27 144 157 134 124 166 179 4 26 56 178 181 22 171 115 82 71 53 368 369
137 119 100 103 143 117 14 25 47 152 31 145 64 45 48 108 177 81 154 32 62 167 125 131 7 178 70 43 73 24 148 106 87 38 123 147 77 88 150 121 18 162 49 101 82 161 174 20 50 141 373 374
158 177 136 117 150 47 28 80 61 12 166 64 179 29 51 13 95 125 98 112 96 23 148 129 170 9 70 76 106 57 172 41 123 104 126 107 91 105 2 19 173 49 176 63 6 66 69 99 50 34 130 375 376
177 109 112 37 10 70 76 27 57 8 139 181 41 120 123 126 156 58 88 140 121 105 157 4 19 55 6 115 66 17 69 20 151 83 116 67 117 14 44 1 12 94 45 75 178 127 78 111 13 376 377
64 133 146 24 54 113 38 178 145 112 102 115 92 69 105 16 19 0 22 149 116 93 73 141 85 75 14 163 176 47 107 143 31 97 12 87 15 77 165 59 142 79 121 134 124 4 68 56 156 367 368
133 94 78 108 51 62 92 95 125 79 112 159 162 4 139 56 37 89 174 27 164 90 71 107 176 143 122 175 52 82 33 55 6 85 17 39 69 154 50 114 116 100 179 136 44 47 80 61 12 171 373 374
10 162 152 21 119 86 122 15 154 131 167 23 98 88 65 101 68 45 166 22 58 143 25 100 155 24 148 125 79 46 39 6 16 114 127 38 126 27 174 151 128 85 75 52 173 138 32 117 130 97 364 377
162 165 21 24 115 8 53 167 180 146 84 19 63 6 66 127 108 111 114 95 170 109 112 142 11 145 44 172 1 31 42 15 106 139 90 120 164 13 123 156 110 91 143 23 157 4 138 37 375 376
35 106 50 171 63 40 161 151 95 130 4 97 74 41 77 54 175 24 165 142 122 53 89 56 144 176 2 45 58 5 110 100 0 3 6 178 70 102 82 59 36 157 124 160 114 104 9 172 149 139 15 365 366
106 110 33 63 6 85 165 66 142 99 154 134 111 84 30 14 47 146 136 113 42 94 75 178 97 148 13 115 180 170 147 23 7 172 70 149 27 57 119 174 104 164 77 118 108 176 371 372
55 84 61 32 159 13 126 46 86 161 23 4 131 62 40 21 163 140 176 153 110 175 67 142 119 56 16 157 124 52 3 33 91 68 51 53 57 93 60 11 69 25 82 28 9 170 114 81 71 367 368
84 125 8 115 92 94 47 19 80 31 96 61 33 63 174 151 141 51 118 62 34 46 163 79 143 97 110 28 109 42 99 75 164 29 60 131 124 101 91 176 123 136 103 68 168 181 82 54 369 370
136 171 33 138 36 170 65 140 112 30 14 44 139 152 28 42 43 45 75 59 120 104 176 88 153 166 4 175 178 145 101 85 8 39 167 157 53 67 119 100 130 18 169 5 168 1 80 373 374
1 113 67 70 14 112 102 79 59 49 170 39 124 61 172 28 18 139 60 40 30 108 52 150 19 32 9 130 97 175 165 155 132 0 53 89 56 114 167 121 13 134 101 78 143 156 146 100 364 377
113 80 31 12 114 15 127 108 59 81 159 62 149 98 79 151 23 25 118 56 89 43 150 163 140 76 153 130 90 107 110 132 164 154 167 144 22 52 3 176 36 166 20 34 181 148 14 44 371 372
47 80 57 178 168 82 29 180 49 170 124 114 127 48 159 139 26 7 83 37 60 73 43 174 24 105 141 108 163 153 74 18 77 119 109 76 3 134 101 91 176 68 179 146 67 366 367
80 103 31 15 145 181 48 59 62 180 147 159 26 172 126 96 54 27 161 60 41 95 108 85 58 173 18 120 97 5 68 49 142 155 17 112 69 50 164 154 144 124 30 179 146 369 370
8 9 97 109 99 76 89 2 176 32 143 12 110 123 100 6 67 57 178 155 168 24 14 112 92 16 91 81 94 25 18 116 93 70 181 17 115 151 128 118 62 160 173 163 19 140 153 364 377
9 165 57 168 102 79 92 69 46 59 134 2 5 16 104 81 179 3 25 38 159 116 115 118 49 39 52 29 163 19 94 130 51 18 119 174 164 33 108 98 111 42 32 120 110 123 364 377
0 5 126 83 181 73 4 40 161 115 105 62 117 172 18 31 152 21 96 63 76 43 141 144 98 88 176 166 143 120 2 165 178 24 145 112 56 92 157 3 16 114 71 25 61 38 159 364 377
5 171 40 17 138 151 105 141 85 62 29 163 32 117 130 120 41 54 152 132 76 66 164 20 56 13 134 65 58 12 123 4 67 70 92 59 26 104 81 71 169 38 159 149 93 129 364 377
46 121 134 111 30 166 143 156 146 28 100 67 70 27 29 135 112 148 82 180 157 81 94 48 40 21 93 129 63 41 174 128 75 65 120 74 3 33 165 36 109 86 76 53 34 56 131 366 367
121 151 98 109 131 112 163 4 7 70 21 142 87 71 74 77 88 134 105 166 156 169 3 33 6 115 178 168 20 99 145 135 83 34 125 119 180 147 25 172 149 42 108 170 111 171 372 373
38 117 33 153 120 97 152 34 129 165 119 96 132 30 141 14 88 12 143 110 146 77 13 155 168 112 102 69 23 49 91 58 94 179 71 172 126 116 93 73 171 161 18 95 140 365 366
117 41 102 170 147 2 159 149 126 3 33 129 94 20 108 34 151 114 128 65 141 118 131 44 12 175 152 15 75 27 29 60 157 134 124 105 56 7 123 22 101 52 24 85 372 373
97 166 54 169 93 103 18 2 160 150 22 3 20 139 34 151 164 11 14 163 176 45 143 48 78 81 13 92 65 95 155 132 122 99 167 26 56 7 37 89 40 21 370 371
166 171 62 65 125 98 128 109 140 96 89 21 24 57 87 90 93 153 77 165 107 91 19 22 101 52 63 178 50 167 116 67 103 163 11 145 14 44 169 31 12 168 375 376
57 130 152 142 155 132 51 13 76 66 154 167 144 101 56 7 143 40 21 24 67 103 27 181 102 92 69 59 157 170 2 94 61 52 149 93 17 171 53 105 118 108 65 367 368
130 87 41 120 170 160 150 18 172 16 19 22 82 33 63 161 174 115 151 20 53 119 100 30 175 167 32 144 92 114 65 98 79 146 4 26 37 89 70 73 76 373 374
49 126 139 116 60 181 138 128 105 75 52 150 45 107 120 13 87 152 129 109 86 66 23 141 37 101 176 27 179 41 90 178 155 145 122 135 112 2 4 59 180 170 33 34 366 367
126 22 85 163 153 69 51 114 86 112 145 147 42 15 78 156 81 169 93 159 77 79 110 171 56 7 37 180 21 24 173 54 76 118 60 90 104 139 164 141 154 68 372 373
50 91 127 169 61 51 149 116 93 83 60 20 148 128 62 30 44 74 77 54 129 165 142 119 48 29 122 32 174 164 131 78 143 179 156 90 67 24 178 145 102 92 82 59 180 366 367
91 51 81 79 14 175 61 73 76 29 60 167 58 88 179 169 146 23 123 7 37 70 22 52 168 181 24 135 115 105 53 83 150 94 159 139 19 116 33 171 161 151 370 371
109 23 131 144 89 40 73 24 41 168 135 125 16 170 68 127 82 6 36 39 20 159 149 53 34 116 67 103 174 30 141 25 12 153 120 51 81 175 165 132 79 164 371 372
22 172 28 149 129 51 73 63 161 53 128 62 42 143 44 86 99 89 66 131 23 134 16 78 45 25 17 67 145 181 148 115 92 82 11 36 14 39 127 169 15 364 365
172 6 176 66 69 83 149 100 152 163 169 16 180 15 94 48 29 59 51 32 62 92 147 98 142 11 7 173 27 87 41 120 156 107 58 88 124 157 4 68 376 377
61 100 67 103 92 69 82 180 157 11 114 44 25 104 31 12 42 139 116 93 83 96 13 161 173 150 140 7 107 21 87 54 27 175 165 60 41 132 99 88 179 33 367 368
100 12 105 15 180 76 29 114 32 13 92 77 116 129 23 40 24 87 41 71 143 120 88 110 152 165 68 19 3 63 167 39 69 124 20 101 103 178 28 31 370 371
148 168 157 63 94 17 108 34 65 159 131 112 145 129 161 26 76 87 60 90 149 58 110 124 4 7 141 154 70 21 82 54 6 115 66 176 102 53 135 116 146 175 165 374 375
168 150 170 94 75 51 160 65 147 98 79 89 73 54 60 93 123 156 178 107 58 154 105 2 157 138 3 36 115 179 17 118 34 165 116 119 149 171 152 11 375 376
151 173 2 138 16 68 33 85 66 161 34 116 103 44 12 42 155 15 75 78 62 13 167 147 98 128 112 179 169 26 43 73 27 90 41 123 74 134 160 374 375
27 107 87 77 54 3 155 132 164 33 111 101 78 156 146 178 12 135 112 102 92 69 13 180 157 160 48 23 51 149 60 171 141 62 52 42 140 32 365 366
107 108 87 140 104 143 110 175 155 16 68 112 101 82 33 6 36 144 157 83 86 156 169 123 30 11 181 138 170 51 65 95 77 23 26 56 7 37 128 164 24 371 372
33 116 73 171 40 115 128 118 75 87 41 18 54 142 96 132 76 19 53 43 3 17 65 45 37 25 28 79 12 167 157 147 32 179 365 366
59 176 179 110 11 77 25 70 28 122 31 42 29 180 13 114 81 169 23 103 26 73 85 62 75 173 18 19 52 3 36 164 131 20 98 111 88 101 78 367 368
176 90 32 156 79 173 4 56 174 73 54 179 69 41 135 86 165 58 146 181 103 163 2 16 20 160 83 95 44 25 159 15 45 376 377
18 138 115 3 95 39 160 173 29 150 19 54 175 44 132 86 16 99 43 141 17 78 143 110 90 67 34 145 102 69 167 124 71 28 103 93 171 40 364 365
138 164 19 82 63 173 66 163 127 153 51 34 175 165 145 11 96 14 129 28 167 31 94 75 48 32 156 93 125 124 37 89 21 170 147 73 87 120 104 134 86 116 373 374
173 174 74 77 110 170 154 16 155 3 6 178 17 39 20 99 102 53 135 86 116 119 161 164 45 78 29 51 98 79 140 4 159 7 37 21 54 60 376 377
132 160 129 76 123 77 174 141 68 143 52 6 36 66 175 39 69 20 165 142 30 11 28 31 169 15 94 45 48 78 178 81 111 13 92 95 125 98 131 180 373 374
160 135 146 122 30 44 150 3 94 75 17 48 29 108 51 111 62 114 95 128 112 96 129 89 70 42 60 139 90 93 74 163 153 88 140 143 124 105 7 141 82 375 376
153 90 41 120 71 134 175 7 68 101 63 167 36 115 39 179 156 122 2 14 181 150 94 170 48 78 51 32 62 95 125 142 23 26 56 89 42 43 73 374 375
98 167 134 88 68 103 125 53 105 86 114 127 2 52 3 82 63 6 17 78 20 174 51 141 118 108 67 140 11 96 14 175 155 73 29 32 92 370 371
167 128 131 11 96 129 26 42 29 90 41 123 74 58 23 157 37 174 21 82 54 99 102 83 86 122 15 94 17 108 62 34 169 375 376
25 34 15 155 89 102 92 69 157 147 101 68 11 81 12 24 83 37 40 161 85 127 23 4 7 54 142 76 30 131 75 111 45 123 90 44 165 364 365
34 114 81 12 58 48 51 29 139 116 13 83 60 96 63 4 75 7 163 120 44 142 89 66 56 144 65 101 143 156 17 145 92 14 365 366
127 169 122 103 14 28 94 45 75 108 51 111 114 95 79 112 161 174 141 73 54 76 71 74 104 58 110 105 145 2 37 68 144 52 134 63 6 66 17 69 372 373
83 124 16 169 69 20 96 67 174 128 105 141 30 14 28 42 29 81 122 79 164 154 131 144 23 134 111 88 56 21 54 146 103 71 58 112 147 369 370
124 131 30 14 89 42 43 175 75 155 108 62 110 144 157 134 105 26 56 40 70 101 73 54 85 115 181 88 119 122 170 150 140 52 63 372 373
28 145 17 135 170 147 14 48 159 103 93 70 95 75 52 29 150 42 74 7 87 41 54 152 129 96 89 43 131 134 111 101 143 156 146 90 365 366
54 24 175 129 165 56 141 111 143 19 146 90 6 36 70 145 69 82 58 159 139 73 13 171 161 4 140 26 7 367 368
94 39 123 181 125 115 180 157 170 78 159 139 65 23 56 7 40 43 143 110 60 41 71 77 119 88 154 144 134 179 66 370 371
73 110 77 16 3 122 6 39 69 20 164 67 78 179 156 178 145 135 48 147 169 37 96 161 174 41 105 71 118 150 2 368 369
110 75 76 88 175 142 145 112 70 21 6 36 147 114 53 156 16 19 115 170 51 32 62 92 95 30 14 119 56 128 164 371 372
74 75 24 163 60 41 71 58 122 2 76 16 164 68 19 131 144 3 111 101 78 69 51 156 67 178 181 135 92 170 147 15 114 81 32 159 96 141 118 70 368 369
75 146 155 4 135 112 19 157 63 147 36 17 39 104 53 95 15 29 32 13 165 142 119 7 21 134 111 88 368 369
11 135 125 7 134 114 104 48 15 60 2 181 37 171 161 128 105 82 95 3 42 21 66 43 164 20 141 154 111 156 123 44 178 145 122 364 377
135 170 140 12 81 13 79 23 4 26 163 37 40 143 21 24 60 178 120 77 88 154 147 68 179 63 115 41 66 99 102 181 171 116 119 103 373 374
12 67 155 37 92 180 13 147 4 7 104 149 93 70 30 85 29 19 120 6 165 142 96 53 164 20 141 23 144 111 32 156 364 377
13 65 32 146 67 24 125 79 92 36 16 58 48 169 149 4 139 30 115 120 87 2 21 86 3 141 23 134 111 364 365
65 58 179 146 7 181 52 125 102 105 82 39 180 170 53 150 81 71 116 171 63 141 85 62 140 67 44 56 99 76 43 89 66 154 60 368 369
31 67 103 178 24 145 115 69 170 39 114 81 48 51 149 19 139 116 6 60 95 108 52 120 41 152 165 142 15 29 89 111 88 68 45 23 7 365 366
114 102 53 179 123 181 125 115 15 45 51 111 62 140 112 149 96 119 37 40 43 174 164 87 105 52 20 371 372
32 78 146 70 145 181 37 92 6 39 169 159 2 14 171 63 174 95 85 62 17 42 77 155 99 76 66 43 154 365 366
78 146 90 103 181 4 112 26 21 180 24 149 96 2 174 68 52 85 150 143 175 152 165 119 30 86 122 44 131 144 45 88 369 370
23 99 76 53 174 154 131 134 111 101 156 90 122 125 180 4 170 19 171 161 85 140 175 152 44 142 119 364 365
24 165 15 99 66 56 111 21 178 155 145 92 69 180 157 104 81 169 19 17 40 105 95 39 150 42 163 364 365
51 146 125 102 2 105 14 150 71 48 149 139 129 63 53 128 118 143 67 152 89 56 144 157 37 366 367
43 87 152 4 7 131 144 134 111 41 45 179 156 123 90 67 178 19 102 115 92 157 39 81 159 116 60 63 42 128 141 118 150 143 366 367
87 76 60 71 152 165 77 164 154 131 134 19 82 156 6 36 146 20 53 102 92 15 169 48 29 139 62 116 93 128 118 26 163 369 370
16 70 171 17 115 128 95 85 62 29 42 120 15 164 69 131 4 88 143 123 44 112 125 79 56 180 157 147 71 146 149 364 365
70 165 122 45 144 111 179 156 56 90 40 155 125 157 147 58 104 4 7 116 52 181 36 161 105 85 140 44 368 369
125 14 45 108 145 181 112 157 147 96 89 40 149 139 129 93 105 2 163 140 19 101 63 6 115 39 118 67 144 103 372 373
143 174 108 60 62 93 123 134 77 58 105 7 145 85 71 144 52 128 149 152 89 15 374 375
174 40 21 155 82 6 39 86 67 169 92 144 95 147 128 79 161 142 145 159 26 45 76 29 90 104 88 376 377
36 48 159 30 116 93 129 60 96 181 105 15 62 77 175 165 119 86 7 89 56 66 134 179 67 178 2 112 3 69 180 157 170 147 365 366
48 58 17 146 123 115 14 180 147 81 129 96 63 161 4 95 40 21 150 140 41 142 155 86 99 76 79 2 164 366 367
170 122 103 163 30 169 15 45 147 128 96 7 37 89 40 21 90 134 140 154 68 52 118 376 377
15 146 123 6 112 79 69 71 96 161 17 30 108 29 152 21 119 86 76 89 56 131 111 88 364 365
96 99 21 144 6 66 69 53 67 145 45 104 159 149 129 26 40 131 42 163 71 93 77 58 88 175 370 371
99 104 149 40 116 129 76 60 90 93 58 163 140 2 3 152 142 6 85 119 39 20 86 101 30 44 146 42 181 112 92 95 180 370 371
95 134 169 103 178 82 145 181 20 115 86 180 14 159 129 171 161 79 140 175 40 122 90 41 71 77 370 371
134 150 79 163 112 152 155 41 120 77 179 101 85 69 20 119 122 103 45 17 29 373 374
108 88 179 105 178 37 19 52 82 180 157 169 116 161 128 141 29 81 150 163 140 165 119 42 90 41 93 371 372
155 89 161 120 123 58 163 140 37 40 178 52 82 6 115 39 69 102 53 116 122 171 66 111 92 131 142 145 374 375
104 53 163 86 14 164 131 111 81 92 79 146 123 178 181 7 89 40 21 60 90 77 159 149 139 52 3 82 118 17 39 371 372
150 171 146 88 122 103 2 68 19 82 17 144 164 131 175 139 165 92 93 77 105 56 156 85 39 41 374 375
146 92 144 128 131 112 142 89 76 60 71 140 152 68 154 52 66 116 67 119 122 374 375
17 71 159 139 93 60 181 171 53 40 30 42 120 175 165 21 142 76 66 88 101 44 178 82 364 365
71 163 39 140 53 175 152 165 142 30 122 76 44 144 88 101 29 103 4 26 7 37 60 139 93 129 368 369
171 101 85 66 144 67 175 164 44 129 159 42 139 62 179 157 26 7 141 37 89 40 76 41 58 376 377
149 82 63 115 39 118 86 152 14 164 62 147 79 175 178 145 26 40 21 60 179 156 77 2 374 375
128 122 179 63 85 69 20 116 119 180 30 42 139 81 92 161 164 79 112 4 7 21 76 41 145 77 372 373
58 140 77 142 26 79 164 154 144 29 41 156 90 103 7 102 115 6 39 81 129 60 19 161 45 367 368
21 41 175 53 164 154 2 156 44 178 145 102 179 14 103 181 30 29 4 364 365
41 175 152 165 76 2 144 111 145 102 79 82 14 139 60 26 62 366 367
147 180 86 116 131 156 161 62 79 140 112 4 26 89 60 90 164 77 163 2 52 102 53 374 375
180 119 179 181 14 44 29 111 92 142 145 4 26 37 123 140 122 154 101 3 85 66 376 377
129 68 52 115 144 69 169 122 103 159 63 62 92 112 30 14 152 89 164 76 140 4 142 178 372 373
105 161 103 118 68 3 120 53 165 119 79 154 42 179 76 93 181 4 56 40 86 371 372
115 159 3 118 81 112 120 165 142 89 40 42 76 93 68 52 66 371 372
139 63 6 85 39 118 53 86 144 14 44 42 156 159 29 81 111 181 112 56 40 90 141 373 374
90 140 120 29 81 62 119 164 4 37 169 123 178 102 3 82 69 116 53 67 14 369 370
140 93 163 122 6 118 69 20 67 103 159 44 29 81 152 40 373 374
102 44 29 161 118 131 120 26 152 76 145 122 154 77 144 88 157 179 156 169 123 68 101 178 66 370 371
178 111 93 142 76 118 119 2 169 52 66 164 145 175 376 377
165 60 123 68 118 69 20 53 67 119 62 79 181 161 112 375 376
81 156 169 123 67 103 14 44 159 77 86 161 37 118 175 122 112 154 3 88 369 370
154 161 142 145 4 26 163 60 120 93 122 2 68 19 101 52 159 118 53 116 131 30 111 144 374 375
161 2 141 69 53 181 103 42 45 62 144 56 7 89 93 152 375 376
19 116 63 30 141 118 85 42 163 44 86 164 111 156 77 37 122 82 157 169 364 365
116 66 20 30 118 45 120 175 119 56 40 76 156 88 181 371 372
39 86 3 141 131 85 62 77 175 30 142 26 76 89 66 144 45 179 145 181 37 366 367
163 2 101 63 66 118 20 53 67 152 30 14 142 145 4 26 40 375 376
63 159 103 7 52 118 120 44 175 152 119 86 164 111 68 123 77 26 42 367 368
159 6 85 131 103 30 179 169 44 29 4 141 40 76 123 68 375 376
122 76 60 93 152 77 131 68 101 66 69 20 2 157 45 181 372 373
67 26 7 77 119 86 2 164 111 88 6 123 181 69 368 369
53 26 40 60 2 77 6 86 88 169 45 82 157 367 368
152 118 120 88 68 164 52 66 69 44 45 111 62 123 7 141 374 375
131 144 26 169 69 88 2 3 30 44 76 142 29 62 92 373 374
88 120 175 40 119 164 77 103 3 85 66 20 92 30 369 370
86 26 56 37 68 3 120 20 112 30 144 44 169 93 62 77 79 92 369 370
111 169 123 145 89 93 2 101 141 69 120 30 45 371 372
68 118 85 7 77 175 60 142 2 179 156 123 103 181 92 44 368 369
123 79 142 112 26 157 93 77 101 6 85 66 20 30 372 373
103 79 89 40 42 60 77 7 101 52 82 144 66 169 370 371
119 37 60 141 66 120 175 142 30 42 29 62 93 372 373
79 144 30 101 179 45 145 7 37 93 141 118 85 3 89 369 370
144 179 26 120 141 101 52 6 20 164 92 374 375
82 30 45 29 175 42 76 179 145 4 92 52 3 20 169 369 370
6 93 20 3 42 77 76 89 56 101 45 156 157 364 377
112 14 42 156 181 26 101 118 175 371 372
175 3 118 30 14 44 42 62 376 377
7 2 141 45 92 4 85 62 364 377
85 93 52 20 120 44 89 157 156 169 4 26 40 92 369 370
37 76 164 141 45 26 92 69 179 93 4 40 3 52 30 365 366
2 76 20 56 156 77 44 4 364 377
76 60 62 368 369
179 56 89 40 120 157 4 3 14 45 376 377
120 142 3 66 118 69 20 157 29 56 141 372 373
169 14 44 42 29 62 157 26 40 101 3 376 377
30 93 141 118 142 26 156 365 366
77 4 157 56 368 369
92 44 145 157 142 370 371
3 60 29 142 89 141 101 14 364 377
60 89 66 101 45 29 367 368
93 156 45 181 26 89 40 370 371
14 40 141 118 62 29 44 45 156 364 365
181 20 142 29 157 56 141 118 376 377
26 56 45 156 69 118 62 20 365 366
89 142 164 42 101 45 369 370
142 52 66 118 45 145 373 374
56 40 101 157 118 62 42 29 367 368
62 44 118 367 368
40 69 52 366 367
66 141 164 20 145 42 45 29 368 369
145 156 141 69 374 375
156 157 52 20 44 375 376
52 118 20 44 101 69 157 367 368
44 141 45 366 367
118 42 157 372 373
157 164 45 375 376
164 20 42 375 376
101 69 20 42 45 29 370 371
29 365 366
141 45 42 373 374
4 20 69 364 377
69 368 369
20 42 364 365
45 366 367
42 366 367
226 337 350 191 192 304 340 194 225 307 228 231 352 319 276 200 331 321 242 204 320 202 267 257 216 266 302 256 246 184 236 357 196 334 198 268 183 281 258 235 271 356 248 280 316 195 270 247 260 358 328 366 367
337 207 238 210 271 197 227 258 302 195 305 355 273 306 336 287 347 222 204 236 254 333 295 317 298 312 334 285 315 361 338 299 187 217 198 201 245 340 230 309 260 232 263 274 296 247 352 342 261 212 374 375
340 359 318 229 243 230 211 290 263 360 228 310 261 313 278 205 311 222 206 209 239 220 242 321 253 256 286 316 308 270 339 250 345 358 237 267 199 300 251 281 232 333 284 314 216 328 331 266 212 375 376
359 313 324 330 189 252 269 220 321 223 253 354 256 259 292 303 336 184 186 353 201 356 234 185 267 218 297 300 251 281 333 265 216 350 282 334 266 212 193 299 332 243 197 276 279 230 211 342 277 228 376 377
287 353 282 320 200 198 201 335 215 245 289 302 263 357 216 324 249 196 303 183 313 224 348 361 197 351 230 305 241 242 295 272 317 330 273 307 297 208 329 238 219 296 252 203 299 253 254 284 298 286 371 372
353 201 231 204 349 188 267 297 281 233 295 296 326 298 328 329 282 212 193 330 229 262 243 194 224 260 244 195 275 277 307 292 322 306 336 189 222 225 258 209 288 300 242 256 347 240 350 301 315 376 377
298 362 250 201 231 204 215 332 218 199 232 341 354 265 216 308 282 266 212 343 356 355 322 227 358 312 211 241 233 228 347 280 205 238 339 316 222 203 258 242 272 223 275 289 360 307 320 198 371 372
362 249 329 331 312 285 346 348 196 207 332 344 243 246 257 309 260 342 293 244 195 247 277 307 343 325 189 192 255 288 190 269 321 272 223 253 308 322 336 320 182 283 264 237 188 221 251 202 284 295 376 377
278 304 187 250 326 264 339 236 316 237 188 248 306 283 251 202 348 268 305 200 360 363 196 297 262 352 276 214 274 308 288 207 238 346 222 300 252 269 241 322 272 312 289 256 240 270 273 324 314 205 370 371
304 352 192 271 342 252 194 355 224 332 258 256 286 311 289 292 333 323 187 217 189 219 203 283 206 237 188 297 312 325 221 281 360 314 229 182 329 306 243 185 215 199 361 279 230 338 290 261 294 372 373
318 279 230 202 290 244 319 280 291 313 193 354 334 210 243 194 224 343 197 227 257 333 209 288 323 269 272 286 259 289 240 325 205 238 222 283 188 220 300 223 253 249 301 338 200 341 299 231 363 183 373 374
269 335 225 255 209 292 220 357 301 314 281 200 346 303 270 250 231 182 348 264 325 338 248 328 199 305 254 327 266 274 342 210 224 276 197 230 211 331 241 214 195 261 356 189 191 203 299 369 370
335 220 321 355 272 256 289 240 322 273 303 347 187 201 231 245 237 267 297 339 333 284 235 348 268 351 334 196 183 279 211 290 263 274 326 307 310 354 313 344 193 327 207 191 356 222 346 239 190 374 375
211 214 325 338 295 200 360 216 184 350 327 294 204 185 342 296 240 230 220 354 321 193 255 232 222 333 183 234 345 322 299 312 279 344 347 301 268 281 346 215 313 303 209 293 270 358 365 366
214 273 227 240 217 338 282 295 189 307 274 251 264 254 339 352 190 263 299 253 230 243 341 200 288 265 255 222 198 343 356 201 183 277 197 244 234 355 332 224 312 193 281 271 191 349 316 293 365 366
190 191 279 223 357 311 203 324 271 323 192 293 260 187 358 250 227 348 204 361 217 182 295 272 196 231 352 208 329 306 220 331 200 288 265 363 245 330 320 297 300 254 290 342 332 345 322 189 364 377
191 249 216 314 228 241 218 208 329 283 296 263 240 197 188 210 295 252 242 255 343 297 264 234 309 183 289 266 256 246 236 321 357 213 311 268 202 323 215 290 257 186 237 227 348 315 364 377
329 349 295 285 266 196 207 224 350 246 197 276 227 279 230 309 228 291 355 332 322 238 189 334 252 206 356 242 333 253 256 259 270 358 306 348 217 188 218 297 221 232 254 314 265 374 375
349 310 261 193 327 363 196 238 192 224 225 255 352 239 275 259 270 354 292 339 186 189 219 356 250 203 206 236 248 251 284 265 317 268 249 328 331 285 184 299 245 246 293 244 361 326 277 228 375 376
235 342 286 189 243 354 222 204 344 206 265 220 300 277 257 345 217 289 198 201 231 259 199 291 281 271 216 336 313 303 293 212 237 358 229 315 351 210 305 183 282 213 295 249 195 284 297 274 241 367 368
342 265 295 249 328 266 196 363 182 183 213 243 245 197 276 260 290 233 293 296 277 261 344 267 330 271 252 346 206 302 305 256 259 338 306 339 186 189 201 300 202 254 333 375 376
182 187 363 255 186 343 333 254 332 201 322 276 279 200 311 245 248 225 215 336 280 257 293 247 227 348 194 315 305 262 350 206 327 183 196 261 195 208 185 306 286 263 253 207 220 341 364 377
187 363 185 212 300 254 257 332 345 289 259 236 357 213 203 301 271 248 202 238 192 316 260 237 358 227 204 338 295 360 350 206 327 307 274 228 231 352 273 309 230 266 220 341 233 364 377
341 360 188 267 248 199 251 202 232 254 314 216 295 312 315 193 311 243 194 309 260 321 228 308 338 352 292 324 306 336 186 189 255 258 239 220 242 302 253 319 270 345 320 217 198 201 375 376
360 210 224 358 257 241 233 293 244 274 275 247 308 310 324 339 238 323 192 356 252 206 258 288 223 253 286 289 240 270 331 285 332 215 245 221 314 265 312 313 343 193 327 357 376 377
246 351 328 225 236 295 262 223 307 240 297 274 251 254 339 296 309 231 215 354 275 202 232 216 320 356 277 313 267 207 183 302 213 256 292 197 259 334 324 301 326 260 208 238 219 338 367 368
351 276 363 199 279 202 293 265 277 307 310 352 294 311 210 183 271 257 288 290 241 242 321 356 195 275 228 289 322 186 208 219 206 236 267 297 253 254 245 317 347 301 345 299 361 201 234 376 377
193 196 189 228 218 231 316 283 263 276 275 242 219 222 310 264 300 185 267 257 345 312 289 236 213 334 301 245 202 183 323 303 293 270 247 260 358 315 239 216 229 327 364 377
196 350 206 307 309 286 354 331 200 288 242 186 222 343 212 333 254 290 257 201 312 302 223 357 311 281 258 238 313 185 326 188 283 237 361 315 328 282 295 229 364 365
199 276 207 243 354 210 198 288 242 255 330 212 297 310 277 355 223 236 334 314 245 258 225 238 323 215 336 205 290 270 227 328 305 282 186 259 295 206 219 274 264 339 352 273 364 365
276 221 328 202 285 327 317 307 212 352 194 299 197 354 331 344 288 333 300 205 277 207 355 222 255 312 220 292 275 347 314 281 316 306 231 283 204 264 348 267 338 370 371
279 348 258 328 253 285 259 317 320 352 201 296 286 264 188 251 331 321 301 323 280 210 262 194 227 289 260 233 282 263 244 357 334 347 277 324 261 294 205 238 283 203 370 371
348 290 241 233 293 244 277 228 307 280 292 186 354 255 206 220 321 223 302 253 356 275 256 316 240 319 204 234 185 245 237 267 218 254 301 345 346 207 210 350 375 376
258 325 205 186 259 357 219 242 223 253 336 339 260 338 295 231 363 245 188 330 221 251 229 183 213 224 197 257 343 230 241 310 323 300 244 195 313 247 322 358 312 368 369
325 195 305 286 308 289 270 322 303 205 208 323 327 267 209 239 220 251 223 265 339 301 312 231 363 215 343 272 309 216 247 355 280 332 291 294 212 331 311 344 207 210 183 194 257 374 375
232 273 286 253 354 185 285 215 321 275 363 343 333 310 257 212 299 312 236 224 334 311 347 301 230 195 248 228 238 336 313 303 260 358 205 222 272 327 223 307 261 339 200 306 366 367
273 263 313 290 345 358 212 208 347 271 224 197 209 272 336 195 326 339 240 205 186 295 189 219 285 234 264 236 330 320 251 274 265 268 319 332 286 354 217 198 308 229 201 370 371
310 316 184 250 234 245 237 188 218 221 251 281 284 265 317 295 249 266 210 262 224 331 197 257 334 311 293 296 277 307 356 291 355 208 192 222 203 357 209 324 314 286 372 373
350 229 262 197 227 257 260 274 296 247 261 313 343 294 356 327 311 208 238 192 272 253 305 259 292 303 306 234 185 264 361 300 265 295 268 301 312 334 345 212 346 299 375 376
303 333 323 186 312 238 192 225 209 253 256 286 259 240 270 326 316 361 338 250 328 234 215 218 297 248 221 300 327 284 216 249 299 183 262 243 197 260 233 244 274 372 373
333 306 334 283 185 264 188 221 343 254 314 317 268 282 299 210 262 194 227 260 241 293 326 277 228 307 294 327 311 208 271 203 225 209 288 256 270 374 375
262 295 210 275 194 197 363 257 330 260 233 297 244 195 247 354 308 222 252 255 343 223 259 280 355 200 302 198 334 204 234 301 215 248 281 251 216 326 316 306 212 315 369 370
295 213 263 195 277 321 261 189 222 345 322 209 256 286 334 347 314 346 201 204 215 188 218 315 216 285 212 297 229 339 371 372
322 346 242 289 319 301 250 347 231 204 264 221 281 326 216 313 285 338 299 229 210 224 330 309 241 293 277 228 307 331 344 189 219 252 225 236 239 356 373 374
346 205 219 192 271 222 203 283 209 302 254 284 363 184 352 234 185 245 248 221 309 202 216 326 249 313 324 266 212 183 213 358 230 290 241 299 195 275 228 289 319 375 376
249 339 243 224 319 354 265 343 320 356 205 219 290 192 257 345 209 239 312 221 259 334 291 200 281 271 198 313 293 283 260 248 328 247 272 285 317 294 307 274 207 368 369
222 259 344 311 198 291 201 204 248 188 221 293 237 358 240 361 328 212 239 294 213 284 274 286 253 354 331 308 186 242 245 206 257 366 367
259 280 355 345 358 282 205 326 203 236 188 218 221 361 254 305 212 317 184 297 198 229 213 243 185 227 309 299 289 247 228 311 288 300 192 368 369
241 358 250 361 338 282 272 227 274 233 195 319 296 253 243 354 208 275 189 219 203 220 223 345 299 266 302 256 344 311 347 268 204 281 271 356 188 336 367 368
358 195 338 319 291 355 336 186 219 252 206 209 297 239 221 300 284 286 317 328 312 334 345 217 250 231 248 309 216 277 280 343 210 288 376 377
207 216 317 251 228 339 352 319 250 361 210 308 265 330 195 244 355 309 289 233 201 223 236 204 185 188 291 281 225 323 280 247 200 237 217 302 315 282 239 364 365
216 240 230 331 321 242 363 254 208 345 289 266 314 281 200 323 336 316 247 283 260 237 250 227 185 292 252 317 294 284 297 264 365 366
261 336 316 270 224 328 305 242 327 294 284 186 296 208 250 192 203 236 209 221 251 223 356 300 290 355 201 231 289 234 292 245 218 248 357 202 324 301 291 247 369 370
336 291 343 356 208 192 252 225 255 236 239 286 200 339 198 250 185 267 281 331 312 313 330 352 229 210 183 213 197 257 230 233 244 247 326 228 374 375
220 312 302 344 314 268 356 225 212 238 313 326 213 197 292 239 294 251 264 205 208 231 306 319 296 243 285 288 255 217 244 257 332 345 204 185 365 366
265 306 319 198 296 250 286 234 264 188 321 320 277 229 213 243 197 257 230 233 244 324 228 268 271 316 208 283 238 225 315 305 282 284 274 369 370
306 291 294 315 225 197 347 242 272 302 275 228 292 326 186 208 189 219 252 267 221 317 254 284 320 270 282 352 285 299 217 198 204 331 230 372 373
244 283 240 272 317 330 284 188 218 221 264 352 263 253 288 229 210 194 320 277 254 233 290 332 357 186 208 238 301 314 206 209 239 313 280 293 367 368
283 344 247 321 356 189 192 206 236 239 302 272 275 256 334 324 270 186 339 231 203 185 338 221 251 305 268 266 307 284 320 213 319 194 286 263 370 371
189 347 281 215 313 326 293 247 260 338 282 239 219 271 284 274 264 218 195 198 319 263 243 210 363 186 300 257 332 223 344 236 364 377
347 252 225 209 321 223 302 316 240 200 356 250 231 204 185 264 267 248 251 328 301 312 266 345 229 224 230 290 195 274 296 280 343 330 311 208 375 376
206 357 334 311 197 268 281 248 195 215 313 326 316 270 282 272 239 307 284 264 352 319 309 230 233 354 275 363 255 330 290 332 345 302 364 365
344 252 237 221 251 254 328 331 282 315 361 217 229 215 188 230 309 202 290 233 247 352 291 343 311 183 255 239 272 275 256 286 240 205 320 208 323 219 375 376
242 289 292 204 357 334 301 202 233 281 316 270 229 282 197 363 330 307 251 238 266 192 203 225 321 209 239 343 323 300 313 280 184 367 368
288 289 185 324 248 294 268 282 338 305 183 194 260 363 307 247 277 297 296 208 238 271 203 331 308 311 209 239 223 253 275 343 323 345 312 371 372
289 256 285 184 291 204 234 215 245 248 326 251 268 338 315 305 229 224 197 230 319 195 332 301 219 192 225 255 236 371 372
221 299 253 230 233 354 331 308 321 184 198 277 202 234 355 224 334 314 228 293 270 237 338 328 282 239 205 186 203 243 296 366 367
299 284 282 217 201 185 215 202 290 263 343 294 312 213 243 194 324 209 272 274 228 292 316 186 361 338 208 238 252 267 297 372 373
213 285 203 317 251 228 218 339 231 309 184 253 230 331 327 245 320 267 257 224 223 281 238 316 270 260 227 240 205 338 186 315 328 305 282 365 366
205 291 268 281 225 323 313 316 270 260 237 361 315 305 282 272 239 307 274 186 231 208 201 296 188 354 209 330 277 355 194 197 266 364 365
291 313 316 203 225 236 361 338 315 272 253 270 363 330 200 352 250 319 309 185 218 248 251 308 321 282 266 356 300 229 194 224 312 195 247 301 371 372
225 357 186 281 271 313 209 316 250 361 282 285 198 294 215 274 202 319 263 243 233 354 331 308 255 320 224 290 267 355 256 366 367
198 252 255 209 254 309 201 312 302 197 195 314 245 215 290 326 237 250 292 305 272 284 238 251 228 231 352 296 263 185 188 308 364 365
252 229 301 230 313 270 328 282 210 327 294 209 274 240 319 253 308 219 285 250 201 231 204 255 218 330 320 323 254 332 200 266 302 368 369
250 233 311 195 343 277 238 219 192 292 209 239 334 223 200 184 186 201 234 315 305 218 317 352 319 210 263 183 243 331 368 369
328 352 230 290 332 233 296 326 307 280 209 245 272 316 357 200 184 217 231 218 284 338 268 312 285 315 266 183 243 224 374 375
192 357 334 324 301 271 248 195 280 260 237 227 204 361 305 219 317 294 264 218 231 188 286 263 197 233 331 308 245 356 300 223 364 377
357 203 209 239 321 272 253 354 256 352 355 339 320 201 231 356 218 248 254 284 285 315 229 210 230 309 233 247 307 343 186 311 238 376 377
231 285 255 230 312 195 334 324 301 326 203 270 247 237 282 272 317 184 264 185 253 202 243 331 366 367
285 183 293 245 352 233 332 274 331 238 356 323 255 253 324 186 217 203 234 236 237 218 254 284 268 305 308 200 184 229 370 371
204 331 311 255 300 234 247 236 334 301 281 271 248 228 326 237 240 361 338 282 317 209 297 274 339 319 183 197 364 365
331 234 264 245 297 300 202 314 212 257 355 277 228 307 294 311 238 271 321 223 316 363 320 201 374 375
210 239 188 327 317 294 339 240 183 321 245 212 234 355 332 345 266 186 233 203 324 301 209 356 280 260 227 217 365 366
230 240 361 272 317 284 254 183 319 194 309 308 321 255 323 277 208 219 257 223 236 248 237 366 367
240 345 301 208 314 268 194 224 313 270 195 327 248 284 234 264 339 319 309 286 243 354 308 321 245 320 197 227 300 367 368
311 314 267 218 251 254 284 301 217 229 363 215 290 319 307 321 208 343 197 239 272 302 355 256 286 345 324 372 373
314 332 219 203 255 209 302 256 308 343 356 292 184 185 215 248 334 251 281 324 327 312 339 227 309 290 195 296 317 330 373 374
197 292 272 294 284 297 339 296 286 194 200 195 290 267 186 223 324 268 215 326 184 364 365
292 300 227 272 355 195 275 270 315 327 264 236 237 251 281 296 282 305 200 308 217 229 183 185 245 248 233 332 238 356 194 371 372
339 280 343 313 294 327 194 260 338 237 300 253 284 317 268 282 200 184 332 264 215 245 297 281 263 375 376
282 227 319 309 247 186 208 219 271 323 236 209 239 334 294 248 293 361 330 183 370 371
268 352 186 319 238 332 219 236 251 326 223 300 313 355 345 234 264 188 248 281 271 266 212 194 338 224 260 327 363 369 370
352 301 266 355 243 309 233 280 313 327 219 271 253 256 338 200 323 234 185 215 267 218 297 251 376 377
228 316 194 209 297 264 309 233 354 308 275 188 363 245 343 320 290 257 234 334 185 301 271 238 366 367
316 345 208 334 194 224 255 239 253 326 219 264 267 330 319 301 266 184 227 257 356 309 323 195 274 373 374
312 275 270 354 234 185 320 218 297 251 266 212 324 227 260 247 277 280 361 219 236 209 373 374
286 332 301 229 243 224 313 257 233 263 274 277 361 280 327 363 319 256 354 343 320 234 245 300 248 290 371 372
300 184 217 201 264 237 267 297 281 302 266 324 194 224 326 280 361 338 238 219 330 275 309 372 373
263 361 315 305 330 320 229 297 274 243 257 260 309 308 321 301 356 219 203 277 290 324 327 294 217 271 326 237 293 218 369 370
343 323 234 264 237 218 248 266 212 332 229 257 260 233 247 326 356 208 302 275 305 319 375 376
255 334 234 215 245 188 281 202 315 305 183 224 327 363 227 294 274 308 321 209 323 267 332 200 184 368 369
201 275 363 245 200 323 224 345 266 188 334 301 238 215 313 270 237 338 315 219 317 274 296 253 364 365
363 332 229 218 248 260 326 277 212 327 330 257 302 256 238 219 264 236 251 254 284 317 301 200 266 376 377
313 326 238 256 184 332 234 354 248 334 309 202 281 294 212 345 183 315 373 374
233 188 202 200 330 184 251 229 354 301 267 280 355 194 345 224 334 327 294 186 270 366 367
319 345 212 243 227 277 307 294 208 239 272 275 256 332 354 321 188 297 248 251 202 373 374
284 332 229 183 243 277 280 355 302 219 271 203 361 338 315 234 215 237 317 254 297 370 371
332 315 184 234 185 218 309 334 247 326 356 243 224 227 305 256 186 237 239 374 375
361 309 290 247 277 324 330 239 223 253 275 354 270 200 355 217 219 356 185 218 202 183 215 227 376 377
234 321 275 200 184 217 218 302 324 281 248 280 305 327 274 208 219 254 309 367 368
227 305 330 186 208 203 296 253 223 308 245 184 217 188 218 334 324 281 248 238 326 224 366 367
334 272 354 315 264 248 212 309 260 274 275 247 338 320 208 374 375
290 270 315 200 215 297 218 202 281 309 266 184 243 247 280 302 324 194 239 272 256 371 372
309 315 202 301 317 293 247 354 356 323 224 355 327 217 203 251 372 373
270 280 345 324 200 315 305 215 245 294 330 297 254 266 308 229 194 257 323 369 370
183 294 251 296 253 266 308 320 254 247 224 345 302 236 203 324 248 280 293 364 377
256 355 345 301 200 184 271 185 237 248 202 315 280 274 264 296 266 208 238 323 267 368 369
355 184 320 217 215 237 248 251 281 315 212 260 293 354 296 247 327 186 321 272 302 376 377
239 195 271 248 280 293 260 186 305 203 272 274 185 321 320 267 257 212 345 367 368
229 327 317 294 194 264 254 266 354 203 217 301 218 238 326 202 280 293 237 366 367
321 264 297 202 266 257 274 247 277 208 219 236 209 272 302 308 356 200 217 373 374
238 219 223 327 184 307 251 203 188 296 253 266 267 367 368
280 293 305 308 203 317 307 251 296 266 184 185 245 260 202 356 323 194 324 195 370 371
243 272 330 297 274 251 212 296 194 224 275 257 302 324 301 217 185 305 215 367 368
272 194 302 271 203 236 315 327 307 297 296 185 267 254 275 369 370
323 186 320 217 267 345 248 202 317 212 184 215 245 260 338 274 296 247 307 271 354 373 374
275 345 185 302 248 251 202 281 294 326 194 260 317 330 307 208 237 209 253 356 184 370 371
253 302 271 195 315 247 305 307 264 203 184 320 217 257 368 369
264 212 195 302 271 209 223 338 307 203 215 237 188 266 369 370
296 212 330 307 297 277 208 219 271 209 302 315 184 185 237 188 267 202 371 372
185 330 320 277 188 302 203 324 281 247 315 327 317 364 377
356 236 267 218 248 254 217 215 202 293 326 324 354 376 377
202 209 188 257 224 345 200 302 324 281 215 237 317 307 274 364 365
188 354 308 200 267 247 223 215 326 217 317 186 274 218 364 377
194 317 294 271 218 208 186 354 330 320 277 267 236 245 326 247 338 364 377
195 237 219 317 307 274 308 297 267 345 266 302 184 324 271 364 365
237 345 236 302 223 294 326 293 338 317 212 274 367 368
186 215 260 294 218 208 308 209 223 236 324 364 377
281 271 308 223 320 345 302 315 257 327 277 370 371
320 217 245 267 297 345 293 247 266 212 338 277 308 219 354 317 301 373 374
266 297 217 277 302 208 324 271 209 223 236 369 370
297 212 257 274 223 305 217 219 327 330 371 372
203 245 200 184 315 327 307 212 277 223 257 224 345 364 365
345 251 254 301 224 326 294 327 330 375 376
305 293 274 324 208 326 271 338 223 302 308 330 184 215 218 254 372 373
267 308 200 184 215 245 302 212 324 294 208 330 307 209 369 370
247 307 236 274 354 217 277 212 294 223 368 369
293 327 271 317 330 236 209 223 354 308 301 302 324 294 224 257 260 326 371 372
200 254 236 271 215 260 338 327 307 218 354 364 365
302 217 254 301 257 208 372 373
324 236 223 330 248 212 224 260 327 373 374
236 184 315 317 274 224 308 330 257 208 367 368
212 308 245 257 326 209 217 315 327 365 366
245 308 217 215 218 254 184 208 327 271 367 368
338 274 307 294 327 219 215 251 254 317 301 375 376
315 308 294 354 219 271 218 248 326 373 374
354 254 260 294 330 271 217 376 377
248 218 317 307 251 368 369
219 271 274 209 308 184 257 224 365 366
224 317 307 184 217 308 330 260 366 367
327 277 330 223 218 374 375
209 326 217 307 254 277 365 366
301 254 218 294 257 308 372 373
326 271 218 274 277 307 374 375
308 257 317 330 254 372 373
217 277 184 317 330 307 251 218 365 366
317 260 208 215 251 373 374
307 271 218 372 373
271 294 254 260 369 370
215 254 223 184 260 365 366
184 277 254 257 223 208 364 377
254 294 208 368 369
251 223 260 330 218 368 369
294 260 330 223 218 277 371 372
223 260 274 208 366 367
274 277 370 371
277 260 370 371
218 330 365 366
330 257 374 375
257 368 369
260 369 370
208 365 366
364
365
366
367
368
369
370
371
372
373
374
375
376
377
