#/usr/local/lib/python3.10/dist-packages/colab_kernel_launcher.py -f /root/.local/share/jupyter/runtime/kernel-dea7114a-48f2-47cd-9840-9590734c419b.json
# GMT Thu May 23 22:54:06 2024
# 
55 84 46 83 63 23 7 37 40 75 43 54 27 8 41 64 77 67 18 2 66 79 56 5 0 36 17 58 39 53 34 57 60 30 47 28 31 42 15 45 71 180 181 188 189
84 6 66 8 38 53 18 16 19 0 1 61 3 17 48 78 50 81 62 85 30 14 26 56 43 57 59 60 13 74 77 58 5 7 21 22 52 82 24 54 182 183 190 191
29 68 35 18 2 37 16 0 69 82 36 6 49 71 48 61 51 60 50 63 25 40 12 72 15 85 62 75 42 13 87 64 54 31 76 7 53 43 21 27 8 177 178 185 186
68 32 13 83 46 23 56 7 10 43 24 54 77 8 38 60 41 86 76 18 16 49 22 3 6 36 66 39 20 70 53 34 67 72 11 47 28 31 45 48 181 182 189 190
21 64 41 54 86 8 76 43 65 78 32 45 22 35 2 19 67 44 80 47 6 36 81 48 61 38 1 83 15 37 73 50 40 30 72 85 62 52 51 176 177 184 185
64 43 24 67 57 80 38 70 5 35 81 71 52 3 33 63 39 20 53 34 86 85 11 65 14 25 47 9 61 12 48 59 51 32 62 13 46 23 180 181 188 189
41 42 27 74 38 2 78 22 3 33 6 36 80 34 70 47 30 69 82 59 49 25 9 1 12 81 15 71 48 61 83 60 63 72 4 62 37 52 178 179 186 187
42 80 47 2 69 4 59 49 0 81 36 58 17 71 48 39 61 70 60 73 82 25 28 75 52 74 51 32 86 53 66 23 7 10 40 65 78 24 178 179 186 187
73 74 87 5 16 19 49 0 22 3 63 76 17 39 72 11 80 61 15 48 79 59 51 32 13 65 46 81 23 26 37 10 70 43 24 71 85 75 2 181 182 189 190
74 75 27 8 60 87 77 58 18 35 49 0 52 6 20 50 34 67 30 11 44 25 9 31 61 45 81 32 62 46 83 26 56 7 37 70 85 181 182 189 190
6 61 38 15 28 83 60 27 40 2 17 72 0 62 75 52 65 9 86 53 66 43 56 10 46 45 58 25 80 47 14 69 36 39 71 176 183 184 191
25 34 15 47 17 46 59 38 10 12 70 24 83 60 37 27 62 39 52 23 5 51 86 63 20 76 33 75 18 14 16 77 1 44 80 177 178 185 186
34 9 58 15 38 51 32 13 83 50 85 75 52 27 87 8 54 56 2 5 16 0 45 3 35 77 20 67 79 30 46 82 36 14 49 178 179 186 187
44 47 9 40 43 79 69 59 81 58 48 61 18 4 5 35 7 19 22 85 75 52 87 2 28 0 86 1 53 32 78 11 77 67 80 57 26 70 179 180 187 188
47 28 31 12 79 69 72 49 32 81 51 23 4 7 60 50 43 24 38 65 5 35 16 86 0 22 53 36 39 20 78 14 179 180 187 188
39 81 71 18 50 86 16 40 19 53 31 15 62 65 32 87 54 67 11 14 76 28 9 10 56 46 45 70 69 82 72 36 8 178 179 186 187
81 30 1 82 61 15 75 59 62 46 77 79 86 7 10 40 85 24 57 38 71 72 18 16 19 49 0 22 52 33 17 182 183 190 191
10 54 31 4 53 43 20 56 33 13 65 78 45 35 12 67 70 24 14 79 69 0 59 16 71 15 83 63 40 17 30 9 1 75 176 183 184 191
54 40 87 43 8 56 18 78 16 19 49 3 36 57 70 50 79 69 30 58 71 28 9 45 48 83 51 32 63 62 23 26 37 179 180 187 188
3 15 28 18 70 60 63 40 72 62 75 52 19 87 11 66 43 56 33 23 65 32 35 12 77 80 24 37 14 13 49 26 48 38 176 183 184 191
15 67 24 37 69 46 49 16 9 1 48 51 28 18 83 40 85 19 32 77 31 86 23 2 65 78 45 58 35 176 177 184 185
22 28 13 60 50 40 53 30 85 62 4 7 32 77 86 43 33 46 5 45 17 20 67 80 24 37 59 14 9 12 48 61 38 177 178 185 186
28 79 82 59 11 58 14 38 9 70 83 60 40 30 72 85 62 75 52 23 4 26 24 76 53 66 33 65 18 19 177 178 185 186
75 4 5 16 49 33 63 66 17 20 11 14 1 31 45 48 59 32 13 46 87 77 76 7 43 8 78 71 181 182 189 190
13 65 78 45 11 67 80 57 9 49 18 5 7 70 83 27 63 40 17 8 72 62 19 51 31 1 86 53 66 20 33 176 177 184 185
65 4 52 36 8 82 38 53 71 2 35 16 19 0 86 31 63 17 20 32 62 46 87 14 61 43 79 57 60 180 181 188 189
43 87 23 26 7 76 40 24 46 27 8 38 57 70 5 35 69 82 59 17 51 30 83 63 53 178 179 186 187
87 76 27 2 4 5 49 82 63 36 69 50 83 86 30 11 14 31 61 12 45 48 59 32 46 79 26 7 37 9 182 183 190 191
35 83 50 63 72 85 52 23 4 26 77 27 76 66 18 78 58 67 33 70 37 69 82 71 38 51 1 31 12 178 179 186 187
83 49 0 36 17 50 72 67 30 85 80 61 12 45 78 51 62 46 86 79 23 37 24 76 60 182 183 190 191
36 48 61 38 11 14 50 40 72 85 32 77 4 86 66 8 45 58 57 2 5 19 0 69 59 49 20 178 179 186 187
48 20 30 11 69 14 82 59 72 49 71 61 60 50 23 4 26 7 85 62 86 18 56 5 19 179 180 187 188
18 30 52 19 51 31 14 86 76 53 66 1 56 78 32 77 24 9 12 69 26 8 71 38 40 176 177 184 185
30 5 16 49 71 38 20 60 50 63 72 0 12 77 86 76 23 26 9 78 24 45 67 80 57 177 178 185 186
77 85 12 76 59 71 23 4 5 79 52 24 8 38 69 67 16 49 0 45 17 51 46 86 56 182 183 190 191
85 5 16 19 82 33 66 17 72 67 1 31 61 45 78 32 62 46 79 56 76 27 57 60 182 183 190 191
9 67 57 11 14 69 46 0 71 61 38 70 60 82 72 19 51 31 86 76 53 66 33 32 12 176 183 184 191
67 1 12 71 59 60 23 56 37 27 57 38 58 86 76 5 52 66 17 51 80 69 82 181 182 189 190
40 2 5 16 0 56 20 45 11 14 1 12 46 59 49 32 61 26 7 24 27 8 52 178 179 186 187
61 80 50 69 82 11 1 31 32 63 62 24 57 60 76 2 19 49 0 52 33 180 181 188 189
31 57 70 27 8 69 59 2 71 5 38 19 72 62 52 11 1 12 76 53 56 78 45 4 177 178 185 186
2 27 7 52 51 86 63 76 53 66 20 56 32 12 80 79 69 46 59 49 58 71 38 1 60 176 183 184 191
27 16 17 76 66 56 78 45 14 80 57 70 12 37 82 72 49 38 4 26 7 60 50 8 62 177 178 185 186
62 78 58 16 70 19 52 79 20 71 14 1 63 59 51 4 7 66 57 180 181 188 189
78 26 7 37 79 82 57 8 38 60 71 58 5 19 52 33 63 66 17 50 86 51 182 183 190 191
12 57 24 79 46 26 16 4 71 8 70 60 17 72 5 19 51 56 33 45 1 176 177 184 185
23 86 56 33 80 57 24 37 69 59 4 5 26 16 19 58 20 70 60 63 72 14 52 177 178 185 186
86 4 26 8 38 72 58 16 0 82 17 50 51 11 76 182 183 190 191
14 37 79 1 46 82 59 49 26 16 71 60 4 17 52 19 53 33 57 176 177 184 185
37 63 0 53 80 26 7 79 69 59 8 49 58 38 4 50 19 33 82 72 20 52 178 179 186 187
1 80 24 4 69 82 59 71 38 5 60 32 8 11 76 53 66 33 45 58 176 183 184 191
66 56 7 24 38 60 58 16 0 52 33 76 20 50 53 11 80 70 69 82 46 181 182 189 190
5 50 17 7 72 8 76 56 45 4 80 70 79 69 26 51 176 183 184 191
38 76 45 80 46 59 26 24 8 50 72 178 179 186 187
8 51 11 53 20 56 33 80 79 49 26 60 50 63 4 176 183 184 191
71 69 20 50 53 11 76 32 4 7 24 58 49 0 181 182 189 190
4 63 76 0 32 57 11 24 79 56 59 70 7 72 51 176 183 184 191
32 58 80 70 79 82 24 72 51 60 17 52 26 33 177 178 185 186
24 33 80 70 82 59 49 26 58 50 63 17 20 177 178 185 186
17 70 0 60 19 11 63 53 33 45 57 79 69 46 82 26 176 177 184 185
80 51 82 46 56 57 16 19 33 63 20 50 72 53 11 182 183 190 191
7 11 63 76 53 56 33 0 45 79 46 82 59 72 19 51 176 183 184 191
11 79 46 59 26 16 70 60 50 82 51 63 76 0 45 176 177 184 185
50 58 19 0 33 20 52 46 26 57 70 79 82 179 180 187 188
58 51 46 26 56 57 52 69 82 20 53 16 60 49 0 33 180 181 188 189
57 45 51 46 69 82 59 72 16 19 33 20 60 53 180 181 188 189
69 45 59 26 79 60 16 49 0 53 181 182 189 190
20 51 63 72 16 19 56 33 45 70 79 59 49 26 176 177 184 185
63 70 19 49 33 53 0 46 56 79 60 180 181 188 189
51 82 72 16 46 26 52 19 179 180 187 188
16 19 76 53 33 45 46 26 0 176 177 184 185
76 79 19 49 33 82 53 45 46 181 182 189 190
26 45 79 82 60 52 19 177 178 185 186
0 70 72 49 19 33 79 56 176 183 184 191
70 45 59 56 79 49 52 53 181 182 189 190
79 45 82 56 72 53 182 183 190 191
45 59 52 33 179 180 187 188
49 52 46 56 59 179 180 187 188
46 33 56 179 180 187 188
19 72 56 59 176 177 184 185
60 53 56 180 181 188 189
53 52 33 179 180 187 188
56 52 33 72 180 181 188 189
59 72 52 180 181 188 189
33 82 178 179 186 187
82 52 72 182 183 190 191
52 179 180 187 188
72 181 182 189 190
105 146 136 149 126 93 88 171 161 138 94 128 127 117 107 172 99 139 175 102 129 119 109 97 100 174 141 131 108 144 121 101 166 143 92 95 155 132 168 98 135 176 177 184 185
146 136 150 138 120 153 134 175 99 102 97 164 128 130 145 129 166 156 111 158 95 112 142 94 147 96 126 127 108 141 169 106 118 90 104 161 137 88 89 121 180 181 188 189
124 159 126 139 118 171 102 148 113 151 128 119 173 150 140 153 130 162 129 111 114 95 164 141 98 154 112 115 143 90 158 135 93 104 107 88 167 91 170 94 137 178 179 186 187
159 154 127 157 122 175 99 132 113 100 133 166 117 147 139 120 134 168 111 125 170 98 128 158 109 131 115 145 126 129 172 106 171 161 107 160 91 163 143 94 181 182 189 190
116 155 91 122 125 108 137 136 113 97 100 103 171 148 118 101 150 163 117 130 172 92 114 162 139 98 119 132 112 174 164 154 144 106 120 156 133 90 104 107 88 177 178 185 186
155 97 100 133 136 147 101 171 92 114 95 125 160 98 128 109 163 145 96 126 127 129 175 93 123 88 121 154 156 108 138 139 141 122 153 99 102 113 170 181 182 189 190
117 120 145 125 93 107 88 134 137 108 149 126 171 148 161 138 128 97 100 103 173 127 140 175 142 111 114 164 95 154 131 144 121 112 115 96 153 166 177 178 185 186
120 166 143 145 122 158 92 167 109 110 170 147 112 94 127 96 172 139 106 118 171 161 138 119 91 150 163 153 130 162 165 142 113 114 141 154 121 177 178 185 186
88 93 158 125 138 115 92 128 95 150 107 97 139 142 174 141 118 131 98 163 110 165 132 168 145 122 99 102 157 147 114 91 169 149 126 176 183 184 191
93 148 161 115 95 160 173 150 107 162 152 165 142 99 174 141 154 121 153 133 110 100 113 145 122 158 125 102 157 170 147 114 169 126 90 139 176 183 184 191
94 136 172 126 139 161 138 115 118 173 140 153 175 152 129 165 96 99 174 141 131 144 98 134 166 156 110 123 100 168 122 92 147 114 127 104 176 183 184 191
136 127 99 102 132 160 89 119 130 103 133 172 101 138 151 141 111 92 114 163 140 128 131 112 115 96 175 129 165 142 174 106 167 123 110 143 179 180 187 188
99 102 95 96 169 113 103 148 90 92 115 118 170 91 160 140 107 139 175 129 119 109 151 164 141 131 89 111 166 143 133 145 112 176 177 184 185
102 89 157 134 100 137 101 103 106 171 148 161 92 115 128 118 160 127 140 96 130 162 142 132 109 164 144 111 143 133 110 123 135 176 177 184 185
128 165 123 104 174 164 110 154 91 131 121 144 127 143 118 158 97 157 147 137 101 149 92 114 95 112 96 160 126 173 163 152 178 179 186 187
165 158 100 164 147 129 101 162 111 123 167 125 109 110 140 142 143 108 138 141 106 104 135 91 121 103 163 172 122 134 171 174 113 144 98 182 183 190 191
121 126 114 95 151 112 115 173 96 130 139 106 174 141 154 131 110 166 156 123 118 122 135 125 113 89 119 167 134 170 137 101 149 178 179 186 187
126 172 175 142 164 141 154 131 118 144 113 97 119 143 133 101 98 112 115 149 96 158 171 148 161 151 160 150 140 130 178 179 186 187
172 160 141 123 104 107 168 151 152 108 139 122 153 167 175 113 114 144 97 98 130 174 161 103 133 164 145 147 92 95 109 110 142 182 183 190 191
113 122 103 135 144 147 156 98 100 158 112 148 125 138 115 137 173 150 140 92 162 175 129 109 154 153 166 143 132 168 177 178 185 186
122 89 119 169 139 161 138 151 160 173 92 114 95 130 162 115 96 152 174 153 166 110 133 91 123 168 135 125 170 147 178 179 186 187
132 135 98 130 131 112 115 96 129 137 169 171 125 148 107 161 138 109 110 127 108 160 150 163 162 174 89 154 103 153 166 156 133 111 179 180 187 188
135 145 158 97 89 119 130 167 157 147 160 137 134 149 111 148 98 109 112 96 173 129 150 153 175 90 123 164 91 141 127 108 143 179 180 187 188
127 169 139 106 123 151 107 89 91 173 153 130 118 114 97 131 167 144 166 101 156 133 145 158 111 92 112 147 160 178 179 186 187
169 157 139 118 97 89 168 119 149 152 133 147 101 153 167 171 174 92 95 164 145 96 148 129 160 175 106 107 137 140 91 151 143 154 182 183 190 191
98 142 174 95 108 143 110 145 125 90 147 149 106 171 148 161 138 115 151 97 89 173 150 163 140 130 107 162 176 183 184 191
142 162 175 112 115 96 174 164 144 106 153 90 166 143 168 145 108 141 170 147 118 149 133 148 139 101 151 150 111 95 179 180 187 188
91 103 158 161 138 115 151 95 89 150 162 139 129 108 111 153 166 100 168 125 90 92 167 157 134 137 114 104 149 176 183 184 191
103 145 157 134 147 100 139 106 101 148 160 173 150 140 92 130 95 175 129 119 154 131 144 111 90 166 143 156 133 110 123 176 177 184 185
162 163 115 148 129 175 174 123 156 110 143 166 154 157 108 138 139 141 168 170 89 119 101 134 144 95 125 109 173 181 182 189 190
163 168 106 90 104 107 151 143 157 160 141 89 149 100 152 133 150 153 134 174 111 164 114 95 158 109 131 161 112 115 181 182 189 190
154 92 144 95 109 112 115 129 160 104 107 137 110 164 108 138 156 118 168 149 130 152 167 147 170 134 181 182 189 190
166 150 101 168 144 170 158 109 161 115 96 148 129 106 104 140 173 143 108 138 175 89 130 152 139 182 183 190 191
131 175 114 125 174 164 144 96 129 143 133 106 104 110 147 137 149 118 171 148 138 151 97 100 140 101 153 178 179 186 187
175 115 145 148 92 123 156 137 170 151 173 157 138 171 118 119 100 152 150 114 95 125 109 182 183 190 191
104 158 171 148 161 138 118 160 140 107 97 89 139 106 119 174 108 111 92 153 156 133 96 145 112 144 157 137 114 176 177 184 185
158 89 119 149 133 139 150 114 168 100 167 148 129 170 111 125 156 107 109 110 161 143 141 173 106 181 182 189 190
143 149 161 174 151 111 173 150 112 115 96 152 144 137 140 156 139 168 170 133 180 181 188 189
149 108 141 167 157 170 118 97 133 139 171 101 173 150 111 92 114 144 95 109 129 106 90 123 156 180 181 188 189
145 89 152 101 134 111 114 144 95 109 168 167 157 170 147 160 90 107 137 108 138 161 173 118 180 181 188 189
106 118 140 152 119 164 141 89 108 111 101 112 125 167 100 147 114 96 171 148 161 151 176 177 184 185
118 157 134 170 147 107 110 108 138 151 140 89 152 129 111 95 97 109 96 168 177 178 185 186
147 156 130 133 167 92 114 144 148 109 160 173 107 137 174 110 138 153 180 181 188 189
156 101 171 161 134 173 95 97 112 96 174 164 167 123 107 140 108 138 170 160 89 119 130 152 181 182 189 190
148 123 137 140 167 97 89 100 101 134 157 114 144 125 96 174 151 150 90 180 181 188 189
97 168 157 111 101 90 114 125 138 170 173 107 89 152 119 109 174 151 95 110 123 100 176 183 184 191
157 171 161 100 174 130 152 133 173 153 134 144 167 90 123 107 137 151 108 138 170 160 141 181 182 189 190
109 129 174 151 96 141 111 110 90 107 112 100 171 161 138 115 160 150 139 176 177 184 185
129 112 152 174 164 141 110 133 108 168 89 119 100 138 111 173 140 153 178 179 186 187
150 107 137 167 138 171 161 89 119 100 133 173 134 92 114 174 112 115 96 180 181 188 189
100 168 125 170 101 95 96 161 138 90 140 119 164 108 111 153 133 110 176 177 184 185
123 161 138 151 101 160 140 130 111 95 112 96 164 153 90 133 168 125 167 134 137 119 178 179 186 187
101 110 125 134 170 137 114 92 161 138 115 160 173 140 130 152 89 176 177 184 185
171 137 140 151 160 141 168 119 152 133 139 153 134 111 92 144 125 164 115 182 183 190 191
161 164 108 89 119 130 152 167 170 144 112 173 90 181 182 189 190
168 89 130 139 170 153 167 111 114 144 173 90 107 110 151 108 160 141 182 183 190 191
139 170 160 137 89 174 151 173 140 153 130 152 167 110 179 180 187 188
89 125 92 138 115 108 130 107 164 141 134 133 176 183 184 191
95 90 108 144 111 134 170 137 114 115 92 152 119 176 183 184 191
138 108 140 174 134 153 96 170 179 180 187 188
115 152 134 125 160 92 112 151 96 141 140 130 177 178 185 186
92 151 108 153 130 133 144 134 125 90 170 173 140 176 183 184 191
151 107 137 110 140 152 174 164 134 153 144 130 167 180 181 188 189
112 119 141 153 125 96 167 134 137 114 90 107 110 160 177 178 185 186
144 174 164 125 96 167 140 141 153 152 134 180 181 188 189
174 96 160 140 119 130 164 134 167 182 183 190 191
137 173 119 152 134 164 114 96 90 170 110 108 179 180 187 188
130 90 134 170 173 140 152 164 114 125 96 178 179 186 187
152 170 160 90 107 108 173 119 133 164 134 167 111 180 181 188 189
119 96 90 107 110 108 160 173 164 141 133 177 178 185 186
90 160 140 107 96 164 108 153 133 110 125 167 114 176 183 184 191
108 160 111 133 110 125 134 176 177 184 185
110 141 153 164 111 107 167 114 177 178 185 186
164 114 96 167 107 141 133 134 181 182 189 190
125 111 114 167 134 107 170 173 140 178 179 186 187
114 141 160 153 177 178 185 186
153 111 140 141 133 167 180 181 188 189
134 111 173 141 179 180 187 188
170 133 167 111 96 107 140 160 182 183 190 191
160 107 173 167 181 182 189 190
133 167 173 107 179 180 187 188
141 96 173 107 140 179 180 187 188
140 167 111 179 180 187 188
96 176 183 184 191
107 167 176 177 184 185
167 111 182 183 190 191
173 111 182 183 190 191
111 177 178 185 186
176
177
178
179
180
181
182
183
184
185
186
187
188
189
190
191
