#/usr/local/lib/python3.10/dist-packages/colab_kernel_launcher.py -f /root/.local/share/jupyter/runtime/kernel-ccf9b1d1-ce2b-4d6c-8d13-48aff858ef78.json
# GMT Mon May 27 10:08:48 2024
# 
23 132 109 53 56 33 131 121 55 68 90 67 112 36 147 3 71 126 93 27 40 138 30 151 72 85 117 107 74 31 142 321 322
132 56 7 9 43 106 71 77 4 35 33 85 20 72 155 34 145 116 84 117 1 146 15 94 45 92 114 95 135 79 335 336
84 148 8 150 139 116 93 80 63 151 128 141 51 85 98 120 30 97 142 9 10 27 41 74 111 123 113 5 103 52 329 330
148 30 117 16 33 64 65 147 98 142 145 25 43 27 41 93 77 58 91 121 143 138 24 66 8 38 72 102 83 100 337 338
43 110 87 152 4 26 37 66 92 72 147 104 81 117 71 11 129 14 60 73 28 31 138 151 42 128 105 140 107 324 325
110 45 131 76 60 90 153 88 122 21 154 6 111 71 100 159 2 16 49 1 80 138 63 78 92 95 98 116 28 9 332 333
95 157 134 91 146 68 0 82 145 39 115 105 44 31 12 42 106 64 45 51 138 141 140 130 107 4 41 93 154 330 331
157 67 147 11 1 12 45 76 106 29 60 139 93 153 109 4 10 70 24 57 71 151 88 152 133 5 80 3 36 97 338 339
28 67 22 155 6 37 102 69 114 11 48 159 70 83 115 39 42 74 7 41 54 24 76 101 78 35 156 19 0 322 323
67 104 29 60 32 149 93 106 151 128 26 141 7 24 55 152 109 86 154 144 52 33 6 143 53 65 80 30 327 328
88 118 46 98 150 143 155 109 54 76 74 91 123 100 90 68 0 52 82 39 114 117 149 129 31 12 42 96 32 330 331
118 2 19 101 82 33 115 66 17 99 86 153 11 117 14 142 47 62 124 65 109 123 7 70 135 87 60 137 150 77 333 334
45 156 123 32 100 103 155 135 79 115 92 59 48 38 41 93 18 138 52 36 74 34 129 122 44 131 42 324 325
156 29 13 92 144 98 112 37 8 38 90 120 93 77 137 140 124 35 0 72 151 113 116 149 30 14 47 12 15 338 339
5 83 96 3 40 7 128 108 85 19 44 86 10 131 65 101 68 103 70 69 49 26 39 137 91 127 159 126 18 320 339
83 124 104 22 33 55 149 126 69 139 93 129 138 11 85 9 120 51 119 86 122 121 4 91 10 57 112 102 329 330
65 134 91 113 103 80 158 22 52 115 36 81 71 18 159 47 96 31 63 34 143 25 56 109 61 89 66 327 328
134 128 150 112 11 26 142 40 155 76 18 37 68 158 36 69 99 50 133 2 149 1 80 64 15 17 127 81 111 335 336
17 94 159 0 3 50 40 105 72 75 52 140 87 31 129 119 20 98 78 68 100 7 80 158 125 59 49 124 81 321 322
94 39 50 72 53 103 34 102 1 61 64 51 81 149 92 129 46 106 96 151 8 71 77 155 58 18 49 3 82 330 331
49 126 103 60 63 108 62 42 153 87 64 129 142 119 99 89 66 7 121 24 78 90 135 59 3 34 149 325 326
126 52 63 36 66 69 133 53 30 11 47 80 15 48 29 79 109 4 7 89 73 54 8 87 41 72 122 334 335
7 129 142 86 56 141 154 108 98 44 158 114 81 25 93 50 4 52 140 87 41 54 8 320 339
129 21 52 82 38 102 18 103 2 117 0 80 31 32 46 96 152 12 106 87 90 130 121 335 336
121 151 98 79 56 54 27 38 120 58 35 136 3 85 39 34 138 116 119 103 11 150 149 48 81 32 334 335
151 16 141 19 33 55 6 72 102 34 130 122 133 1 51 32 13 112 9 73 24 60 71 337 338
113 147 15 111 79 109 26 56 10 150 140 27 57 130 104 91 122 2 101 52 39 133 50 123 86 158 125 14 333 334
147 119 30 11 12 97 51 32 13 70 27 106 38 60 90 154 74 135 77 122 16 19 85 115 69 102 337 338
18 138 85 150 130 51 152 119 16 1 56 98 143 133 57 145 37 135 9 92 59 124 137 139 73 321 322
138 136 82 63 115 140 69 99 114 100 112 48 29 60 32 13 146 125 26 37 41 152 336 337
79 154 144 30 14 91 31 146 75 60 145 46 150 56 117 73 55 139 71 53 141 16 3 33 64 36 328 329
154 145 4 26 21 106 57 139 91 152 124 136 19 82 6 20 50 86 131 150 75 108 51 32 114 338 339
44 47 125 27 8 59 124 61 149 4 60 96 50 38 62 34 117 74 76 89 29 68 143 123 100 11 25 324 325
47 25 9 112 69 137 104 81 117 37 96 105 141 108 85 41 75 52 130 107 120 74 64 58 123 30 324 325
42 123 80 92 0 71 61 20 116 106 50 105 82 12 120 51 32 13 142 99 66 108 9 8 133 324 325
123 29 143 114 46 98 155 145 4 26 56 87 41 125 35 16 19 22 52 137 102 103 1 334 335
124 112 130 143 133 75 142 155 13 92 74 4 26 73 24 116 103 19 0 80 63 139 97 81 334 335
3 15 70 27 63 1 85 120 8 109 99 56 144 101 55 146 100 57 24 135 4 82 36 320 339
15 146 57 34 112 125 102 92 46 36 11 16 137 81 63 40 128 75 117 86 89 66 56 144 101 320 321
62 101 146 136 16 19 145 135 22 112 33 55 115 36 69 82 53 34 1 51 85 32 13 75 150 107 97 155 326 327
101 139 131 40 153 27 152 77 4 144 19 52 6 133 99 72 53 103 102 80 104 117 75 51 331 332
22 116 106 140 130 8 77 54 155 66 46 6 57 158 135 27 102 92 82 11 36 114 127 1 38 51 321 322
2 50 29 9 51 87 41 31 152 11 96 76 66 20 144 98 32 143 37 112 137 91 58 25 38 70 320 339
50 71 19 159 136 149 36 34 117 87 64 53 46 143 26 10 38 158 115 59 137 114 325 326
20 104 48 61 159 136 60 73 72 85 39 32 54 142 33 144 100 9 24 37 112 102 69 13 114 91 321 322
104 99 130 100 11 25 1 12 81 92 158 125 70 21 115 73 90 41 93 58 149 35 55 36 332 333
30 115 71 136 93 40 108 153 13 142 119 109 122 144 10 68 133 146 80 155 145 158 322 323
109 144 37 10 40 24 54 146 93 145 105 115 82 6 85 149 53 75 78 32 92 332 333
87 24 54 120 57 122 89 82 143 158 14 114 127 61 12 116 46 105 141 40 70 329 330
36 48 159 96 40 9 128 72 153 107 155 53 89 21 8 90 145 112 323 324
48 39 136 90 145 92 14 25 72 31 81 61 13 139 116 105 24 107 97 41 54 152 131 68 325 326
55 61 46 106 98 153 142 35 16 144 111 6 68 51 146 34 90 57 93 145 11 59 114 325 326
61 90 135 112 69 127 25 9 12 159 139 105 85 153 74 152 142 119 86 35 19 143 0 326 327
96 99 37 68 21 82 72 53 86 146 135 16 102 64 114 116 10 108 57 140 71 120 331 332
99 24 54 57 141 108 35 16 53 86 111 146 100 9 80 31 103 145 29 135 125 105 331 332
117 158 69 135 53 35 6 97 78 14 9 89 75 60 74 107 58 133 333 334
158 1 75 51 13 128 89 24 54 38 139 77 140 0 82 85 66 69 72 122 338 339
103 31 33 63 137 139 116 106 14 141 75 60 90 13 153 122 37 111 86 331 332
90 140 153 120 75 59 13 89 91 21 54 133 27 35 16 150 69 34 330 331
140 120 71 77 58 143 136 145 63 116 100 64 108 98 128 26 56 24 106 8 336 337
69 14 1 73 128 108 13 98 120 4 27 38 111 78 35 80 137 327 328
146 81 111 125 98 142 25 40 139 41 58 91 152 35 21 52 82 53 122 337 338
142 10 89 73 24 76 57 38 71 91 6 115 9 12 32 152 4 336 337
8 107 64 152 56 77 155 122 14 125 92 59 137 127 58 40 85 75 4 320 321
107 74 153 155 35 112 33 6 66 144 86 12 97 29 51 32 114 93 159 139 116 73 332 333
25 112 89 46 68 159 128 29 150 64 21 31 152 119 6 108 111 78 35 14 77 322 323
39 40 0 33 108 52 143 120 97 119 122 12 111 78 100 57 60 4 125 115 21 137 323 324
12 77 80 34 59 16 38 159 60 27 115 31 21 66 131 111 153 35 320 321
77 98 58 145 112 89 6 78 91 93 102 115 16 75 127 106 26 128 328 329
51 68 81 38 60 137 150 29 119 11 40 97 13 112 4 325 326
68 93 85 98 75 37 40 57 86 131 144 35 133 33 135 125 82 31 327 328
122 128 26 76 27 149 58 4 37 52 143 53 119 0 31 97 159 334 335
128 144 19 135 86 150 9 159 75 152 78 29 98 131 4 54 76 71 335 336
14 37 82 137 114 149 63 19 32 153 120 97 76 89 78 35 57 70 155 320 321
37 16 31 32 11 24 59 58 136 21 33 105 150 127 120 74 323 324
60 153 97 6 46 82 137 56 71 21 149 27 38 41 326 327
153 41 105 115 135 136 75 29 108 59 92 114 145 73 76 27 338 339
52 149 93 105 85 6 31 91 143 29 32 80 72 137 114 325 326
149 85 66 86 130 127 108 92 98 56 10 70 38 159 16 337 338
24 76 33 80 21 112 127 139 116 106 6 85 150 11 322 323
135 80 64 75 108 59 141 143 70 73 144 63 66 119 130 335 336
93 53 144 64 159 78 105 150 89 40 54 71 72 330 331
144 89 40 21 106 57 139 82 6 102 34 119 92 46 125 337 338
120 130 91 6 115 133 136 116 119 145 0 64 75 127 139 131 334 335
98 4 26 85 115 105 0 116 81 141 100 27 331 332
71 11 131 29 143 13 100 145 92 57 159 105 75 327 328
131 91 56 136 73 58 35 19 6 139 66 97 127 111 53 34 114 141 108 335 336
54 38 119 76 80 57 70 125 59 13 63 46 72 4 26 130 325 326
31 115 46 59 81 106 97 152 119 86 53 111 35 322 323
81 137 150 29 46 116 56 40 70 130 143 100 112 16 111 329 330
41 130 76 111 33 6 80 112 9 114 159 73 105 108 75 324 325
53 127 143 33 152 66 78 91 58 57 145 32 125 325 326
127 64 97 78 59 114 139 11 56 141 9 40 57 152 145 35 33 63 334 335
46 11 133 26 102 114 38 105 141 130 64 19 152 119 76 324 325
64 136 57 125 105 82 19 0 86 108 97 74 29 91 327 328
136 108 32 111 125 9 75 141 29 58 143 56 70 102 86 119 0 336 337
56 10 58 70 125 4 21 34 116 150 13 152 326 327
76 4 21 112 57 38 58 35 0 159 116 9 1 119 32 328 329
59 143 11 70 145 112 13 137 114 139 106 72 97 74 19 326 327
143 13 58 141 27 19 82 63 111 336 337
91 27 112 29 74 150 16 19 116 1 106 330 331
159 72 114 75 108 10 89 70 21 73 105 16 338 339
155 89 73 21 6 72 102 130 133 16 1 66 78 32 92 11 338 339
139 145 133 75 97 125 112 152 137 141 35 336 337
115 0 1 80 78 89 40 74 35 137 100 333 334
13 32 82 16 38 116 70 150 19 0 141 320 321
32 21 63 105 74 66 10 323 324
4 63 80 57 82 6 9 320 339
63 116 106 21 33 105 130 0 66 9 145 89 38 326 327
16 73 40 105 85 1 130 78 102 321 322
29 125 106 73 40 1 119 86 66 27 78 322 323
21 152 33 133 100 0 80 9 1 40 321 322
152 27 58 82 34 9 111 26 338 339
130 137 58 33 141 86 75 78 92 125 26 70 335 336
100 137 26 10 40 72 74 58 0 33 34 9 1 331 332
10 66 80 57 112 125 102 92 82 137 38 106 141 72 85 150 320 321
73 119 33 86 78 125 82 137 114 26 27 150 328 329
116 72 78 111 26 106 74 35 333 334
6 9 74 86 111 34 70 26 320 339
78 133 125 58 19 0 119 11 86 328 329
133 108 137 26 57 119 33 85 102 86 11 1 335 336
89 40 70 27 58 38 150 0 1 141 97 330 331
150 80 111 114 108 105 27 337 338
26 58 70 125 92 137 114 40 322 323
33 75 97 141 34 92 323 324
80 82 114 27 85 329 330
72 74 106 19 66 34 145 328 329
108 102 137 0 75 141 40 27 332 333
85 111 102 92 105 27 329 330
40 35 34 11 324 325
57 119 86 66 105 326 327
9 92 114 70 1 320 321
86 58 0 97 102 329 330
119 27 74 105 141 66 333 334
97 105 19 137 11 1 92 112 111 331 332
35 66 19 70 102 323 324
112 1 74 141 333 334
125 111 145 92 105 34 334 335
38 145 102 114 106 105 19 323 324
106 102 75 27 74 141 332 333
66 74 34 1 145 327 328
34 58 27 111 92 11 323 324
82 0 70 329 330
75 19 328 329
58 102 19 0 326 327
145 111 70 337 338
70 111 137 19 327 328
19 11 321 322
11 141 320 321
92 74 330 331
74 0 114 141 328 329
1 102 111 320 339
137 336 337
111 0 332 333
27 322 323
141 102 336 337
102 331 332
105 332 333
0 320 339
114 333 334
184 257 214 161 302 279 292 236 213 216 248 228 316 164 250 282 295 285 196 307 284 264 198 309 163 166 177 308 298 212 280 322 323
257 236 316 187 306 250 248 251 162 209 310 193 215 210 232 246 279 311 291 258 207 191 235 189 252 315 239 259 314 197 331 332
203 270 164 292 269 170 236 181 226 239 168 281 294 215 205 263 240 217 196 232 317 221 309 276 233 255 222 212 173 310 280 324 325
270 301 253 313 251 164 282 170 230 261 245 198 231 227 283 273 286 209 193 297 310 194 300 206 309 289 204 249 311 202 332 333
206 281 248 228 171 316 204 188 250 227 240 217 230 189 262 209 274 183 299 233 168 201 311 267 165 195 247 160 192 291 324 325
281 258 272 290 303 214 266 247 220 250 253 314 178 284 209 212 223 305 213 308 298 279 221 224 175 189 219 222 173 334 335
163 319 286 167 255 235 267 234 247 204 302 171 259 294 248 185 283 250 240 217 305 295 239 229 219 317 209 176 218 198 320 339
319 223 196 232 243 274 260 263 289 240 191 202 175 208 219 211 192 173 256 164 200 187 266 283 267 218 297 279 251 296 338 339
289 315 292 212 242 278 273 279 282 296 277 161 298 254 180 271 222 252 256 185 188 170 205 236 201 283 264 293 183 335 336
315 188 169 202 266 234 264 298 196 278 229 232 227 279 290 282 244 162 207 161 193 224 210 211 271 194 225 255 272 338 339
179 263 253 266 308 200 288 232 235 160 267 280 224 191 302 236 226 271 225 215 182 306 260 250 194 285 262 186 208 221 211 321 322
263 221 223 224 297 274 211 310 277 267 239 309 171 249 172 217 250 290 293 248 182 166 317 226 199 283 296 318 331 332
210 287 241 296 182 286 166 177 199 256 288 222 313 247 224 237 172 173 271 261 303 316 293 200 260 240 217 285 242 325 326
287 316 227 260 295 160 172 224 297 189 219 241 271 274 258 186 216 230 236 168 313 250 201 267 312 292 305 197 304 226 334 335
170 214 181 304 225 303 306 260 250 207 305 174 308 262 252 229 242 284 254 221 175 211 253 266 233 298 202 280 320 321
214 234 187 168 292 301 176 303 182 260 240 318 295 285 219 171 174 241 185 218 172 266 220 211 173 255 164 277 325 326
301 298 311 195 261 226 313 199 229 259 273 276 227 279 305 296 209 304 255 285 288 291 318 308 216 200 283 237 248 336 337
266 267 176 209 193 262 246 294 204 172 224 205 189 239 309 286 276 187 217 168 247 250 288 218 313 332 333
267 247 251 178 292 269 305 215 314 196 304 229 259 191 221 275 224 254 222 237 256 183 164 200 332 333
256 259 182 215 294 271 226 198 180 243 283 260 190 298 160 265 238 264 192 299 276 171 172 291 173 253 280 331 332
259 277 249 299 231 311 288 237 303 242 193 302 226 177 282 213 190 171 174 161 191 221 224 235 305 272 331 332
161 250 230 207 197 242 209 166 231 299 233 278 268 245 222 189 277 234 168 181 279 246 226 294 215 172 283 320 339
250 300 241 173 239 304 186 217 260 305 295 262 274 160 223 226 213 278 255 207 330 331
248 255 268 197 181 233 269 282 217 198 283 160 182 305 295 199 252 243 246 307 171 185 207 219 192 330 331
255 178 176 296 228 182 196 318 310 204 185 286 299 191 224 211 291 216 181 292 269 168 198 304 330 331
213 297 183 164 200 309 182 286 268 162 176 247 160 246 291 294 261 190 251 204 227 318 192 173 262 229 307 325 326
297 273 246 290 313 302 235 271 222 173 252 239 236 298 198 201 264 286 284 309 195 160 261 196 177 180 336 337
232 310 178 312 258 235 313 290 303 171 247 188 269 305 187 189 317 296 273 164 253 230 308 298 275 231 328 329
310 246 293 296 228 240 241 271 273 225 285 288 302 171 305 185 249 221 172 280 253 298 167 197 247 337 338
176 220 197 278 171 245 202 277 244 312 292 180 314 291 167 238 313 195 293 283 227 294 165 251 231 276 321 322
196 244 296 309 299 190 174 200 188 169 311 277 224 237 183 164 258 168 294 230 308 285 307 241 323 324
244 226 265 227 191 221 177 208 241 194 174 216 246 233 205 220 201 294 271 261 218 251 260 296 230 181 242 272 329 330
237 245 172 300 290 282 249 165 239 167 181 238 226 241 283 227 190 207 265 242 307 175 277 192 312 204 328 329
245 309 299 228 160 242 291 215 177 290 312 190 174 282 207 169 221 314 175 205 189 219 316 260 233 217 231 329 330
229 241 231 204 276 169 208 288 219 211 258 235 236 251 178 316 296 165 212 318 308 285 177 194 274 327 328
241 251 293 306 318 174 308 285 298 207 238 264 243 164 236 187 217 313 290 162 317 223 329 330
292 186 197 169 236 217 231 303 199 312 180 302 279 260 290 174 172 175 205 189 268 225 239 335 336
181 201 312 302 168 236 303 283 282 180 209 218 254 208 188 286 197 200 288 278 212 300 234 247 321 322
201 300 280 312 302 178 160 228 260 240 207 239 275 190 169 172 211 286 173 299 220 298 278 235 212 324 325
186 279 269 246 216 314 291 174 173 217 230 295 275 252 242 286 299 220 233 187 288 268 235 182 277 177 191 322 323
279 220 234 178 265 311 193 223 211 274 227 188 317 240 224 205 306 253 286 308 298 333 334
273 284 221 175 235 277 219 309 299 276 185 216 167 300 220 312 302 251 223 166 199 316 306 283 296 333 334
284 288 239 303 207 191 302 268 222 265 183 164 167 316 228 296 168 198 231 262 308 240 242 193 208 211 334 335
252 261 171 174 293 188 175 205 235 238 219 275 249 200 198 298 231 288 290 280 165 194 314 246 304 330 331
261 197 313 187 247 280 234 314 317 242 166 199 306 296 243 190 265 188 191 172 202 254 189 219 331 332
300 282 298 195 228 305 215 275 180 314 304 243 316 277 169 318 308 208 211 285 286 269 197 200 217 336 337
221 227 305 194 308 262 239 242 171 254 191 183 277 218 258 271 165 293 182 283 326 327
251 222 291 268 258 239 313 185 302 202 219 316 164 167 230 308 262 231 227 193 226 330 331
234 217 198 236 165 182 294 193 215 238 306 171 295 204 262 275 317 274 208 277 299 183 288 278 328 329
199 254 309 178 276 162 193 175 180 202 224 204 171 269 272 172 187 215 228 293 296 183 165 265 323 324
254 260 243 285 262 190 204 188 202 264 208 238 299 288 197 169 249 290 218 314 228 209 223 215 330 331
172 227 240 207 282 249 164 311 166 224 178 246 223 226 291 304 258 215 320 321
223 167 276 253 265 278 290 280 174 207 160 191 175 189 222 271 238 316 293 171 216 285 326 327
195 220 233 200 313 164 168 249 271 178 225 215 316 306 283 260 305 318 272 262 242 219 317 188 276 175 323 324
220 224 166 227 177 302 180 236 239 317 271 238 174 283 240 189 183 277 168 246 178 225 326 327
247 280 236 217 291 165 228 160 182 283 243 194 317 274 264 224 211 286 192 200 329 330
226 167 253 187 277 313 269 249 177 304 238 228 283 227 242 192 173 274 327 328
204 305 282 285 262 168 307 264 296 309 164 165 277 280 190 160 314 291 316 230 324 325
305 188 236 219 253 225 306 308 168 277 182 274 304 276 290 272 337 338
236 197 230 269 233 282 296 295 166 277 190 207 169 205 311 225 328 329
269 291 216 294 233 187 168 198 306 160 277 177 190 311 313 268 192 222 302 258 239 332 333
291 294 216 249 278 246 218 162 165 182 312 293 175 235 219 222 286 335 336
188 217 295 219 174 169 253 200 265 189 277 290 167 224 249 294 215 316 165 322 323
217 280 282 173 314 294 285 307 212 309 286 166 299 177 190 326 327
288 304 178 165 228 293 275 177 295 307 175 271 274 183 167 233 198 253 335 336
304 306 280 294 218 307 303 162 298 242 193 166 194 293 171 185 211 271 173 337 338
268 306 283 265 165 228 295 275 243 207 191 311 175 235 177 173 280 183 302 216 200 198 271 332 333
277 243 211 192 274 280 191 202 282 222 212 333 334
165 233 311 222 169 246 282 249 215 303 260 197 308 242 198 178 253 320 339
233 312 209 302 246 282 191 202 318 208 262 275 192 230 231 313 178 303 328 329
166 198 253 187 265 302 282 314 228 182 218 303 296 230 239 164 275 317 307 264 320 339
198 216 174 185 258 225 169 238 293 295 272 307 208 200 275 212 323 324
316 208 189 173 274 258 230 231 313 178 314 182 180 194 227 175 338 339
280 231 253 218 312 162 228 318 190 317 222 286 216 249 200 334 335
258 183 164 167 285 262 298 243 246 307 242 194 278 185 207 302 235 192 222 331 332
209 276 160 212 290 249 183 185 314 197 169 303 293 240 178 282 162 182 180 296 325 326
276 182 242 275 194 190 174 169 313 225 312 216 294 168 293 296 264 218 178 333 334
174 318 285 239 169 164 200 168 313 162 193 228 205 303 227 194 320 321
318 202 224 235 219 239 169 200 168 231 162 317 228 212 193 275 295 227 190 338 339
175 283 295 169 253 243 164 192 224 246 249 314 183 294 205 303 320 321
283 303 225 164 253 162 182 193 260 240 191 334 335
187 224 180 216 294 238 171 293 260 207 197 275 173 307 211 182 189 225 192 322 323
178 278 180 216 271 205 306 240 169 262 219 218 299 162 321 322
253 240 290 243 171 207 224 286 222 239 275 230 311 330 331
222 228 303 230 212 272 171 185 311 208 189 235 197 294 326 327
208 180 306 296 171 242 185 207 202 309 311 183 225 282 249 314 215 193 325 326
171 285 216 294 231 309 286 164 275 314 192 320 321
285 205 271 274 216 167 264 311 265 313 228 160 262 314 334 335
282 185 265 228 182 207 238 296 225 272 308 334 335
265 298 240 212 313 290 180 211 225 294 271 219 216 167 215 168 231 218 332 333
298 212 177 313 227 190 169 205 219 306 167 264 312 336 337
235 306 218 272 228 180 264 191 278 205 189 173 302 294 231 328 329
306 307 219 192 173 168 303 212 215 177 262 308 240 191 337 338
286 275 243 274 272 169 240 202 224 225 249 168 299 334 335
231 290 194 271 238 260 216 307 264 218 162 228 212 327 328
227 243 197 290 302 246 162 314 160 303 240 262 327 328
228 173 218 162 193 262 242 224 327 328
260 205 238 189 264 225 183 167 230 168 294 190 308 331 332
307 240 191 202 224 205 239 272 309 299 294 295 160 193 215 278 337 338
173 192 303 197 295 296 275 212 162 302 314 320 321
192 205 218 293 230 207 308 219 317 211 162 311 160 185 323 324
205 207 272 308 164 219 317 211 160 194 246 202 215 324 325
189 207 239 299 200 278 290 312 183 246 216 294 225 322 323
197 216 314 225 303 240 219 274 230 182 311 194 202 323 324
312 311 264 295 313 262 194 308 185 202 224 238 271 272 302 183 338 339
212 299 311 194 207 169 294 191 202 303 240 230 200 325 326
299 275 180 262 290 190 191 238 211 225 272 183 216 336 337
185 295 317 169 309 230 275 311 242 211 190 193 271 215 322 323
216 230 162 262 275 219 180 194 326 327
182 164 290 224 249 218 177 275 169 321 322
246 167 200 309 278 240 242 194 238 239 262 329 330
238 293 296 295 167 239 242 274 264 278 194 169 211 328 329
293 211 239 183 200 278 242 215 194 190 295 202 335 336
218 225 183 308 262 215 180 274 190 243 193 326 327
249 302 271 242 215 243 194 264 309 162 278 211 330 331
302 168 264 243 311 191 274 164 336 337
296 177 272 264 167 243 207 336 337
240 224 274 164 278 193 190 329 330
160 230 200 177 169 290 193 162 272 294 264 320 339
230 177 271 202 317 309 243 180 327 328
278 242 311 180 194 190 191 314 274 225 239 333 334
180 167 243 191 177 314 169 295 239 317 321 322
290 317 264 243 314 271 164 295 335 336
183 193 294 167 194 272 274 308 202 321 322
169 211 311 164 202 320 321
162 190 275 167 202 211 193 272 164 309 320 339
190 274 264 313 314 225 322 323
275 224 177 219 274 167 317 333 334
295 191 309 274 264 193 215 262 335 336
309 177 262 311 191 202 211 271 167 337 338
317 207 191 202 313 200 242 177 243 194 338 339
294 303 164 335 336
167 193 314 215 303 272 242 320 339
224 264 211 327 328
239 271 219 243 313 328 329
271 274 311 272 332 333
177 200 211 225 215 313 194 321 322
242 311 272 329 330
164 303 320 339
243 194 311 207 225 200 168 329 330
200 314 215 191 202 324 325
303 313 262 193 191 336 337
207 211 168 314 324 325
211 325 326
225 193 313 272 202 327 328
219 191 272 194 326 327
272 202 308 215 311 194 333 334
262 313 308 331 332
311 168 337 338
264 314 308 168 274 332 333
202 168 324 325
193 308 168 274 323 324
194 323 324
168 308 320 321
308 274 337 338
274 333 334
191 322 323
313 215 338 339
215 325 326
314 338 339
320
321
322
323
324
325
326
327
328
329
330
331
332
333
334
335
336
337
338
339
