#/usr/local/lib/python3.10/dist-packages/colab_kernel_launcher.py -f /root/.local/share/jupyter/runtime/kernel-dea7114a-48f2-47cd-9840-9590734c419b.json
# GMT Thu May 23 21:17:48 2024
# 
55 57 13 52 33 69 25 36 63 72 17 58 9 20 42 4 26 71 2 170 171
57 79 1 31 64 15 10 29 62 27 66 75 19 38 11 22 52 3 170 171
15 21 16 72 9 48 66 12 56 24 23 32 2 60 46 68 31 17 162 163
21 37 73 7 68 27 40 26 58 0 62 71 66 24 28 9 79 60 163 164
36 53 62 75 61 47 32 42 35 27 74 3 69 78 33 28 20 18 166 167
53 12 23 42 76 26 45 70 65 10 40 2 24 16 46 30 8 38 169 170
62 78 31 77 12 23 42 26 10 40 51 76 71 0 14 33 171 172
7 26 35 30 63 72 39 34 47 24 37 0 3 51 46 41 50 22 160 161
26 10 67 43 14 79 9 69 1 73 20 77 31 49 164 165
59 73 29 40 5 30 38 77 72 76 71 1 58 20 42 34 65 60 10 170 171
73 70 74 5 46 41 33 25 47 76 17 23 42 45 48 2 173 174
35 65 63 49 13 16 0 11 67 71 39 70 47 20 31 23 12 166 167
70 77 47 38 11 39 58 31 64 34 56 17 29 23 42 60 173 174
17 67 76 44 71 25 37 13 16 74 27 45 1 63 72 162 163
67 9 4 34 65 72 10 32 5 54 19 30 8 44 69 6 172 173
76 78 72 45 34 75 10 2 24 27 30 0 14 33 174 175
0 5 56 51 46 32 13 8 2 61 29 47 19 28 160 175
5 60 78 50 45 44 11 66 43 61 19 28 14 32 13 160 161
48 54 47 49 31 12 37 71 61 2 56 65 19 11 41 50 68 168 169
54 74 60 32 68 13 16 27 8 38 22 58 75 9 12 42 4 169 170
37 14 33 77 44 66 75 25 56 65 78 64 50 19 49 166 167
29 63 1 77 4 72 58 18 10 56 42 16 27 69 3 164 165
40 77 24 13 72 75 33 25 9 4 60 69 78 34 18 167 168
77 4 43 34 68 19 38 39 33 45 75 28 174 175
74 24 79 27 22 71 33 44 78 28 69 20 51 42 4 173 174
2 41 45 49 43 20 42 10 9 18 51 46 160 175
41 24 13 16 27 79 39 69 64 50 14 49 44 1 18 167 168
25 43 9 10 12 24 69 32 6 68 11 58 44 30 164 165
43 60 50 31 12 71 75 47 56 51 30 8 3 33 167 168
44 56 10 32 64 68 49 16 6 39 1 23 167 168
56 11 39 1 50 71 61 65 8 68 49 170 171
60 24 8 30 11 78 63 31 50 42 45 171 172
66 71 39 58 50 18 10 16 46 38 22 14 3 33 172 173
71 20 42 79 38 11 22 63 173 174
14 33 19 32 79 64 68 45 49 72 58 75 161 162
33 79 46 64 50 49 19 165 166
65 13 49 68 58 50 12 51 4 32 75 34 172 173
13 32 27 31 6 3 72 61 38 10 161 162
3 42 19 28 23 18 50 45 63 58 75 61 160 175
42 20 23 19 30 167 168
24 6 27 45 49 10 39 47 28 163 164
16 68 27 31 30 11 6 9 23 12 162 163
47 75 28 18 63 72 58 19 11 22 168 169
30 4 45 49 8 72 52 23 32 165 166
9 49 52 61 38 19 46 23 31 160 161
49 4 78 64 34 168 169
75 39 1 64 18 27 38 174 175
78 46 38 52 63 69 23 34 45 79 174 175
63 12 46 79 64 1 31 45 18 171 172
6 61 51 19 28 32 4 69 27 58 8 12 39 160 161
61 72 28 20 23 12 79 32 46 52 171 172
68 51 72 1 31 64 45 34 172 173
45 11 4 18 168 169
19 1 52 20 51 162 163
22 32 27 79 69 11 72 31 58 1 12 4 163 164
32 38 4 18 165 166
51 8 38 39 20 52 4 18 46 169 170
28 52 20 12 18 69 27 11 164 165
79 64 1 50 4 34 18 174 175
27 39 4 164 165
72 58 64 173 174
10 11 52 18 69 161 162
12 39 52 64 161 162
50 52 11 64 20 34 169 170
23 1 69 46 8 163 164
4 38 160 175
52 39 1 31 64 34 58 169 170
39 46 64 8 166 167
31 34 8 165 166
20 34 18 69 64 163 164
18 1 162 163
1 8 160 175
38 46 58 11 166 167
58 8 170 171
11 8 161 162
34 69 46 165 166
46 8 168 169
8 69 160 161
69 172 173
64 171 172
106 110 104 133 142 128 114 123 136 126 102 153 121 130 103 125 134 84 115 164 165
110 89 126 144 84 121 139 157 134 143 99 151 128 150 81 136 113 105 165 166
127 142 141 150 136 97 119 122 159 87 140 158 135 90 134 101 93 107 91 168 169
142 97 89 144 141 130 92 103 125 120 131 115 155 150 94 113 159 171 172
147 157 130 95 98 117 90 139 101 155 126 118 80 113 154 105 86 153 116 172 173
157 103 114 98 109 102 94 93 134 154 116 99 138 144 133 128 90 174 175
108 138 102 83 119 137 123 113 89 103 87 149 126 135 121 148 124 85 107 164 165
138 130 122 155 84 85 141 82 101 96 139 119 94 113 124 133 125 170 171
98 115 124 88 128 146 105 141 89 150 145 85 130 148 87 116 143 162 163
115 154 121 148 101 112 120 93 83 156 128 118 81 111 92 159 166 167
124 90 154 107 140 99 125 83 113 96 118 81 152 156 105 141 167 168
89 143 105 114 141 91 95 154 140 87 135 144 112 139 101 160 161
143 128 92 134 117 107 137 101 113 96 80 81 95 156 97 146 171 172
109 121 130 100 95 137 146 155 90 136 82 101 122 131 93 91 154 149 164 165
121 122 104 159 91 119 126 153 113 129 86 81 146 117 167 168
88 131 158 153 107 134 129 97 92 156 151 119 128 114 118 104 84 94 160 161
130 112 133 96 146 150 131 83 145 154 140 158 139 169 170
128 152 133 84 87 146 155 120 131 112 80 149 168 169
101 126 135 144 87 148 116 96 151 155 150 136 163 164
126 96 158 135 144 99 134 97 152 137 155 117 82 168 169
91 103 159 85 134 102 120 97 156 133 151 146 155 132 99 161 162
103 102 94 133 86 137 136 159 149 82 84 116 125 129 163 164
152 100 122 84 112 123 114 145 107 140 85 93 104 113 133 116 173 174
135 112 136 93 96 107 80 83 148 131 87 151 120 82 170 171
120 148 125 134 90 129 96 123 132 150 122 92 140 158 167 168
148 82 112 107 80 102 132 116 146 100 151 144 117 172 173
144 107 151 129 155 140 159 94 105 86 100 92 171 172
122 113 116 156 123 132 159 145 112 85 153 93 80 167 168
113 118 111 158 87 112 104 133 132 165 166
118 116 97 159 81 153 129 90 93 137 107 123 80 94 166 167
83 86 90 94 82 145 140 149 116 81 119 137 123 132 160 175
86 132 141 145 117 85 153 139 116 125 111 82 96 151 160 161
102 90 153 99 80 129 94 119 100 146 150 145 104 163 164
105 141 97 84 136 117 112 139 82 111 93 96 80 164 165
141 116 119 100 95 87 90 153 134 80 132 171 172
112 140 119 146 123 150 92 117 159 165 166
140 85 107 99 129 149 158 97 159 139 171 172
82 93 92 151 119 146 114 84 150 154 160 175
104 145 149 153 139 107 81 87 155 123 132 150 117 163 164
145 134 129 119 111 92 156 123 114 159 90 172 173
123 158 95 90 156 155 93 136 154 167 168
158 156 137 94 154 116 146 111 95 155 90 174 175
154 99 129 132 100 131 84 114 117 173 174
96 159 87 131 125 111 137 132 99 162 163
159 129 149 132 95 156 174 175
87 133 119 146 117 153 125 93 160 161
97 133 114 136 85 150 139 107 129 84 162 163
133 81 111 131 156 151 146 139 169 170
85 149 139 116 84 155 132 131 117 93 160 161
149 107 137 99 94 116 111 100 92 125 172 173
125 93 151 155 80 94 81 153 114 168 169
132 153 114 139 134 136 169 170
134 107 99 94 136 100 95 169 170
90 119 81 114 100 95 161 162
119 156 100 136 92 111 166 167
156 136 150 107 129 94 151 174 175
100 151 137 153 139 99 80 94 163 164
136 81 150 117 131 170 171
116 131 93 153 166 167
137 81 111 153 84 95 99 150 170 171
150 146 151 129 173 174
129 131 107 111 146 168 169
93 80 146 99 161 162
92 155 114 99 94 131 139 111 161 162
94 84 114 161 162
81 95 99 139 107 80 160 175
146 131 172 173
131 111 95 117 169 170
153 95 117 173 174
114 84 151 155 117 165 166
139 80 111 170 171
111 80 84 95 165 166
151 84 95 80 173 174
84 95 160 175
107 164 165
117 155 99 166 167
155 95 174 175
99 80 162 163
95 162 163
80 160 175
160
161
162
163
164
165
166
167
168
169
170
171
172
173
174
175
