#/usr/local/lib/python3.10/dist-packages/colab_kernel_launcher.py -f /root/.local/share/jupyter/runtime/kernel-f315240f-4259-48fb-9ff2-3ef2d7c6b97e.json
# GMT Sun May 26 22:54:16 2024
# 
32 101 29 143 156 145 158 8 160 149 151 85 17 153 142 11 144 78 133 67 5 69 137 84 139 18 73 3 62 119 66 55 176 68 136 21 72 114 169 116 129 171 105 118 173 65 107 120 175 109 28 9 164 56 13 45 58 7 115 22 157 104 38 172 93 106 161 1 31 95 108 42 163 44 86 10 154 360 361 369 370
101 92 11 130 60 132 35 50 178 125 44 114 127 48 23 118 131 76 27 57 175 109 91 2 177 111 124 6 85 36 17 30 115 0 64 15 94 45 75 172 98 106 79 161 73 24 176 54 110 152 88 112 154 22 63 156 169 103 86 105 16 1 80 31 12 42 164 89 70 19 72 83 47 28 51 81 364 365 373 374
44 155 168 91 104 159 161 20 84 14 152 165 154 143 90 23 145 158 42 27 136 96 21 151 36 72 85 140 74 30 89 15 65 80 9 135 24 137 71 126 73 22 128 117 132 174 121 134 55 176 68 110 123 25 59 127 169 116 19 171 63 118 34 120 162 54 28 109 164 56 17 98 166 11 26 361 362 370 371
155 25 89 153 173 23 102 132 83 179 168 81 62 170 30 145 96 172 45 161 174 60 90 41 176 143 124 165 39 118 99 18 152 103 156 169 171 78 108 160 131 112 61 12 140 91 121 10 70 6 36 119 149 100 130 159 19 79 9 126 107 7 141 37 22 52 82 71 135 35 16 150 80 95 14 148 366 367 375 376
16 93 27 148 82 150 163 12 84 152 99 20 33 154 22 143 156 77 24 145 79 134 0 70 83 17 30 72 85 19 74 87 13 21 142 76 23 7 122 135 5 124 58 179 71 115 130 4 55 123 57 178 167 2 114 6 116 11 39 107 162 54 96 109 164 98 166 34 47 36 157 104 3 38 159 360 368 369 377
93 140 39 100 50 142 65 144 48 29 59 135 137 27 8 72 152 128 130 143 121 64 45 75 123 136 79 138 127 43 73 24 54 129 3 120 175 109 67 122 177 1 31 12 166 76 113 168 46 91 102 115 170 21 55 119 161 49 97 83 178 99 112 47 28 103 13 171 26 160 94 107 149 41 96 363 364 372 373
95 157 133 5 146 135 39 137 84 14 25 126 128 23 4 57 8 2 123 178 36 66 127 30 116 129 15 94 45 107 120 175 73 24 54 122 177 77 58 18 179 22 82 33 102 115 86 104 80 12 106 161 163 176 40 152 70 21 165 112 154 167 68 19 0 103 145 34 147 149 138 140 56 7 144 363 364 372 373
157 164 84 14 25 166 48 29 153 23 138 151 117 6 66 17 96 64 15 94 139 154 73 24 54 118 58 122 103 22 82 33 127 67 131 12 76 106 125 110 121 177 89 179 55 134 119 0 53 83 34 113 147 128 161 174 47 176 62 178 77 141 169 135 158 146 105 5 35 160 173 80 162 144 366 367 375 376
29 45 100 113 34 102 36 170 20 91 104 14 40 161 150 42 163 97 31 99 154 2 145 79 147 160 81 136 138 30 72 74 87 142 131 144 65 137 58 71 139 128 1 141 75 117 119 132 10 121 176 110 123 178 70 112 46 167 169 103 28 105 118 39 52 173 13 120 175 109 164 56 177 111 360 361 369 370
34 147 160 81 136 83 4 140 153 129 131 144 78 17 67 11 58 126 60 128 62 130 132 53 174 66 18 176 178 70 46 59 31 169 63 105 39 21 107 120 43 164 56 177 98 111 19 47 168 36 49 170 91 9 104 13 106 148 108 7 150 42 97 165 143 156 20 90 158 79 92 14 360 361 369 370
147 113 47 51 81 111 62 92 56 90 120 71 124 105 39 118 99 50 177 133 84 14 25 97 78 59 170 76 57 38 174 163 121 136 165 178 6 115 119 100 156 15 94 75 171 98 160 79 109 173 143 149 73 151 77 122 52 33 67 159 1 42 148 65 144 125 129 10 70 154 74 138 132 366 367 375 376
37 152 99 141 154 88 13 156 90 26 145 158 92 81 136 5 83 85 20 129 63 144 65 122 135 69 8 124 137 179 126 73 128 36 17 172 64 119 132 53 174 66 108 110 123 178 24 46 59 169 61 116 171 118 39 160 52 107 41 175 96 109 43 98 111 45 166 100 89 49 104 4 161 150 42 84 360 361 369 370
152 170 90 41 120 172 5 174 69 20 99 14 129 48 127 108 59 169 112 142 23 76 87 173 151 162 2 136 6 85 153 30 145 15 45 143 73 24 107 103 154 82 63 146 31 61 65 46 125 140 89 74 104 149 68 19 49 0 113 98 47 28 9 51 62 179 126 77 96 168 366 367 375 376
56 165 86 154 88 27 38 156 90 2 92 55 81 136 149 83 96 85 87 142 76 80 148 69 22 33 71 84 126 139 60 128 1 31 12 62 117 130 64 77 132 25 40 134 68 70 4 19 59 127 171 105 47 28 173 120 162 109 122 111 58 179 168 5 35 104 159 172 14 48 110 361 362 370 371
165 7 60 35 39 122 127 59 131 142 23 27 8 87 38 110 173 21 6 66 17 175 119 100 130 30 0 15 94 45 98 168 109 73 54 172 156 58 22 33 176 63 67 146 167 1 61 12 144 46 125 129 25 10 89 40 70 123 153 104 134 4 68 49 83 136 47 160 92 145 26 367 368 376 377
9 90 11 24 145 92 26 68 136 28 149 70 138 72 19 140 144 78 133 67 80 14 135 177 126 73 115 128 49 117 130 172 64 66 108 176 110 123 178 112 125 167 5 114 103 158 105 118 173 41 54 164 98 45 87 102 23 36 170 91 25 38 150 84 18 99 20 141 33 143 35 77 360 368 369 377
90 97 99 154 167 26 7 71 158 92 5 35 160 149 20 162 96 151 84 25 153 48 59 142 4 91 133 57 8 87 38 135 148 137 130 45 132 121 134 73 24 54 136 58 88 3 129 86 171 131 173 61 42 120 175 109 164 177 124 10 40 100 74 168 104 117 159 172 83 363 364 372 373
148 168 1 31 61 114 65 144 159 14 161 150 74 104 8 53 132 83 113 2 136 117 81 111 92 11 60 139 41 120 71 5 35 39 69 20 103 133 33 63 48 179 142 170 27 172 110 140 174 21 55 36 115 100 64 45 98 79 171 160 77 107 58 137 88 162 164 22 166 116 67 366 367 375 376
168 25 97 108 161 23 106 57 8 121 55 149 100 164 11 170 128 79 143 174 162 73 24 126 77 156 22 52 82 169 86 116 1 31 173 42 65 129 159 89 70 153 104 134 0 102 53 132 83 113 136 166 47 28 51 111 62 13 92 145 96 7 60 120 118 99 84 163 367 368 376 377
41 42 163 97 86 2 167 143 6 36 158 79 30 92 160 81 136 149 96 138 151 85 140 153 74 142 76 131 22 3 133 146 67 124 139 141 62 75 40 64 66 134 19 0 176 123 57 48 61 50 171 105 26 7 52 173 162 54 109 122 5 98 45 179 100 102 115 104 172 161 174 361 362 370 371
42 67 137 39 60 128 62 117 172 119 174 66 23 108 68 8 178 125 2 167 114 6 17 48 61 118 173 15 107 162 43 164 111 24 153 18 89 102 170 22 31 12 150 163 84 97 86 141 40 88 77 145 158 79 134 83 138 151 28 140 74 87 129 63 26 65 146 361 362 370 371
113 160 97 149 138 151 57 8 38 91 131 144 85 36 17 135 11 64 94 45 126 79 128 73 54 88 119 18 22 33 136 86 125 1 80 169 65 171 25 118 10 21 175 122 164 4 19 49 0 166 83 117 159 62 92 172 96 7 150 163 60 71 105 35 154 167 20 50 145 158 364 365 373 374
151 173 138 68 49 72 102 166 28 62 13 145 96 7 139 71 124 35 20 99 154 122 103 127 78 108 59 131 142 76 106 87 121 55 6 85 36 66 17 119 11 79 54 107 58 88 141 52 33 63 161 174 135 116 146 1 80 65 144 46 167 125 156 10 89 40 171 74 366 367 375 376
173 110 121 136 55 6 36 178 66 149 30 11 45 98 128 158 73 54 58 122 22 135 116 146 131 150 46 129 10 21 123 102 53 117 47 28 162 51 81 160 111 145 96 141 171 60 154 105 35 39 99 50 177 133 84 163 25 97 127 78 112 27 57 367 368 376 377
2 50 118 160 162 54 109 98 111 100 89 170 104 25 159 1 27 40 161 84 31 99 154 88 143 156 0 24 145 92 13 134 26 28 149 70 85 6 19 140 74 63 10 12 80 14 69 3 137 58 71 5 139 73 115 7 117 11 108 121 176 123 178 112 4 125 48 116 360 368 369 377
50 51 36 106 17 161 30 150 97 15 45 167 88 143 24 145 158 92 160 94 149 96 138 85 74 87 1 31 12 89 78 21 80 135 82 124 137 71 19 0 139 60 128 62 117 47 64 13 174 134 26 123 70 112 59 127 169 61 103 39 105 14 120 162 109 23 8 38 102 170 361 362 370 371
7 99 33 154 3 22 35 24 145 158 79 1 13 81 83 17 138 72 85 19 140 63 76 10 0 131 78 12 133 122 135 69 82 124 58 179 60 130 51 53 174 110 178 112 46 127 169 61 103 116 118 107 54 166 89 102 91 104 25 159 27 161 150 84 31 360 368 369 377
106 107 69 20 109 166 179 59 117 4 172 27 57 38 91 163 176 110 66 100 156 15 158 79 160 149 43 24 164 88 18 22 3 63 86 67 144 133 146 1 80 31 65 46 150 89 70 21 126 139 128 143 19 72 83 134 136 178 51 81 62 13 92 125 96 116 129 171 118 364 365 373 374
107 8 72 130 85 121 134 15 94 114 127 79 43 118 58 88 120 175 52 3 33 177 111 126 1 80 12 117 46 10 89 161 40 108 176 104 19 49 0 102 53 98 169 47 28 171 81 62 13 77 164 60 153 142 35 144 14 135 48 137 150 23 4 141 364 365 373 374
6 169 61 171 118 65 162 122 43 177 166 58 179 102 115 36 170 38 51 40 161 1 150 110 86 99 167 143 156 103 79 39 15 149 83 72 85 19 74 8 89 131 12 25 67 14 135 5 69 71 84 60 73 62 75 64 11 53 55 68 136 112 125 59 114 360 368 369 377
169 36 17 160 96 45 75 154 105 69 18 163 22 3 82 167 97 131 161 31 61 76 140 10 40 175 85 177 149 19 49 64 98 128 109 43 126 156 137 176 141 178 71 135 86 116 146 5 150 80 144 125 159 59 123 74 153 4 27 53 166 117 367 368 376 377
39 117 159 53 163 176 97 30 99 112 167 88 156 103 145 160 81 83 96 3 33 74 87 142 76 144 27 21 82 36 150 84 126 15 75 77 121 134 55 13 136 125 22 59 72 127 116 171 118 52 65 43 164 124 166 179 23 4 49 170 8 38 104 360 361 369 370
117 69 160 18 149 162 3 33 164 112 140 153 31 61 27 57 144 146 10 40 70 55 100 49 94 141 109 130 58 134 26 136 127 5 35 114 118 131 14 175 122 74 177 102 83 159 172 81 161 30 11 176 15 45 75 60 154 167 105 156 24 364 365 373 374
4 96 109 30 43 98 87 47 91 104 25 38 82 150 31 86 141 33 1 75 88 143 35 77 11 132 24 145 79 92 13 26 68 81 15 28 83 72 21 63 131 65 133 80 122 14 71 5 73 62 130 172 64 66 55 57 112 59 114 61 105 52 94 175 360 368 369 377
96 99 8 72 53 156 17 160 81 62 92 98 60 5 144 133 14 135 33 137 150 126 139 141 57 87 143 91 121 55 66 125 49 0 75 114 129 171 131 73 120 58 88 109 122 124 179 86 100 80 170 159 172 25 10 74 97 23 363 364 372 373
23 109 43 177 111 10 21 45 100 170 19 91 25 161 163 97 31 99 154 35 77 24 92 5 20 83 14 85 153 74 142 65 8 80 122 135 69 124 58 71 17 115 128 62 75 130 132 53 174 121 55 176 110 123 57 112 46 167 59 114 171 54 360 361 369 370
109 121 134 76 123 114 127 36 171 30 64 15 94 45 177 111 124 54 166 58 88 170 82 86 161 31 150 61 163 110 65 46 154 70 156 74 145 68 0 149 53 162 83 140 153 62 92 142 131 26 99 84 141 25 48 78 108 364 365 373 374
36 48 61 25 171 63 65 120 162 175 122 164 177 27 8 111 45 179 102 17 38 159 172 11 40 108 150 163 154 24 22 92 81 136 149 72 85 87 76 78 19 69 126 60 128 75 130 64 119 132 26 121 123 57 178 46 20 127 360 361 369 370
48 17 30 115 170 15 172 108 86 99 18 154 88 158 160 1 31 12 94 138 98 153 87 142 89 131 144 19 78 133 146 80 69 82 137 84 126 139 128 26 77 132 66 79 5 35 55 68 123 136 57 178 125 59 127 61 116 129 171 65 38 54 175 111 361 362 370 371
99 161 108 14 25 158 149 76 57 8 87 153 55 142 30 146 45 135 137 150 126 73 128 141 22 82 33 63 132 86 121 134 176 123 1 80 31 112 125 65 10 89 116 74 120 68 19 122 53 164 177 124 179 51 81 115 170 363 364 372 373
163 143 154 35 174 122 103 133 25 127 108 167 131 161 112 142 87 38 140 121 85 115 119 100 130 30 64 15 45 75 128 158 43 18 52 63 86 150 80 61 12 114 125 159 10 89 40 21 74 104 19 47 28 51 81 160 111 62 145 166 179 367 368 376 377
60 176 97 33 154 88 31 12 105 160 21 55 140 153 74 76 89 144 78 28 13 82 137 126 73 86 141 62 75 5 35 77 20 132 79 121 134 14 68 123 114 61 38 65 120 67 17 51 164 11 100 102 115 104 159 172 43 174 58 108 362 363 371 372
176 139 120 79 105 43 24 58 122 18 103 133 22 3 33 167 97 67 112 46 178 91 10 174 115 104 134 119 149 100 19 49 64 47 162 62 126 156 137 26 141 71 5 80 20 114 84 108 138 87 166 66 81 160 111 145 15 367 368 376 377
25 47 38 82 84 97 19 8 154 88 145 79 28 149 83 138 72 85 5 87 129 120 133 80 135 69 124 137 73 115 62 51 172 132 53 108 123 57 178 15 59 103 116 24 171 118 160 3 30 43 164 177 45 166 100 360 361 369 370
45 110 70 125 46 27 8 116 118 52 17 164 177 102 49 91 104 159 18 150 33 97 154 167 12 103 158 92 10 40 160 94 149 72 0 87 76 89 65 133 13 67 80 69 26 71 141 62 130 20 77 132 121 361 362 370 371
15 110 178 70 125 13 105 120 177 5 102 49 170 14 38 51 172 27 150 84 97 31 86 33 154 88 35 24 79 11 81 94 149 138 30 153 74 129 21 131 65 78 146 67 80 135 1 12 126 141 10 174 66 121 55 68 0 360 368 369 377
110 118 75 175 122 54 69 179 18 84 33 97 170 172 161 61 12 57 121 10 40 55 85 100 49 0 94 162 153 166 77 88 142 22 52 71 86 159 5 35 1 20 137 139 89 141 59 143 145 72 102 83 123 17 81 62 92 140 30 26 364 365 373 374
160 171 17 81 111 162 143 35 118 133 33 78 131 142 12 27 57 140 91 121 85 115 100 30 64 158 24 13 126 137 141 135 150 1 31 170 114 144 172 129 89 40 174 74 134 138 68 49 8 38 367 368 376 377
139 52 82 178 86 167 80 31 61 156 65 46 171 89 40 70 21 149 123 104 134 164 138 49 153 72 53 136 146 159 81 92 71 124 5 35 143 69 14 97 127 78 108 112 38 91 121 85 66 17 119 11 166 75 128 79 43 73 126 77 58 161 174 365 366 374 375
92 143 156 158 51 13 26 71 35 142 69 84 135 78 124 126 57 128 91 130 85 66 134 75 125 114 127 43 73 54 105 58 18 22 52 33 63 122 67 98 166 12 65 104 159 40 70 161 19 49 53 83 154 167 363 364 372 373
61 17 30 124 73 128 75 43 64 119 132 58 66 68 22 52 3 178 112 125 114 1 116 63 10 120 21 175 164 177 111 166 179 49 53 47 28 159 161 174 108 150 86 88 143 145 81 94 136 59 153 74 87 76 131 65 362 363 371 372
78 166 179 46 115 21 74 174 49 108 72 97 86 154 167 51 62 13 156 103 158 26 81 162 83 35 20 140 14 131 144 59 135 124 137 8 84 126 128 141 130 11 121 64 123 136 54 127 77 58 18 171 105 22 52 3 120 122 177 12 362 363 371 372
166 171 108 112 76 27 8 66 119 149 100 30 164 145 64 75 128 158 43 77 22 33 67 131 161 80 31 65 46 125 159 10 89 40 70 104 134 138 19 72 102 132 179 162 81 156 26 172 120 135 150 178 20 103 367 368 376 377
69 159 31 108 65 10 40 154 167 88 103 19 49 0 145 158 105 149 162 28 138 51 13 98 153 74 142 91 5 35 135 20 137 130 143 77 132 27 79 134 178 70 112 55 125 114 127 11 64 120 175 54 164 124 100 52 3 115 362 363 371 372
118 91 172 119 174 115 66 100 30 11 64 75 154 156 73 54 77 162 63 86 116 67 1 80 31 46 89 21 74 150 0 141 83 130 47 28 81 111 62 138 129 20 120 103 84 14 177 108 59 112 76 87 38 170 364 365 373 374
8 54 175 164 98 100 47 38 159 172 27 40 108 97 86 20 33 5 24 13 26 81 70 72 19 153 87 129 21 76 10 65 122 135 82 124 137 58 71 126 128 62 64 119 11 53 174 55 3 57 46 167 59 116 360 368 369 377
27 120 5 175 177 100 115 49 170 38 159 51 172 40 108 150 33 154 167 143 35 11 158 79 28 162 138 30 98 18 74 142 3 144 146 67 80 1 135 82 84 10 128 64 19 132 121 134 55 112 125 59 127 129 63 65 360 361 369 370
120 87 38 167 21 66 17 156 158 98 138 43 73 24 18 144 22 3 63 133 12 137 126 141 89 143 74 132 68 72 102 53 83 123 136 125 127 51 171 26 71 105 5 35 164 179 103 97 108 112 365 366 374 375
47 79 81 85 153 142 91 133 146 67 124 71 84 126 128 75 130 132 3 53 33 121 134 123 178 70 112 125 59 72 114 46 127 129 10 171 21 65 54 175 19 122 0 111 49 13 159 51 172 26 108 97 5 86 167 20 156 361 362 370 371
11 112 114 103 171 3 52 54 43 1 177 98 102 10 91 146 38 159 82 150 18 31 141 154 88 22 145 158 13 81 70 83 5 17 72 87 63 76 144 65 80 122 58 71 73 130 64 119 53 174 66 121 57 360 368 369 377
112 94 75 43 24 172 18 103 174 82 97 167 76 46 158 10 89 55 85 149 164 49 0 140 53 26 137 86 105 128 80 130 143 20 65 132 84 14 121 108 125 138 127 72 116 131 17 51 81 364 365 373 374
1 67 3 124 84 126 18 20 62 75 130 64 0 53 66 121 134 68 123 136 125 127 116 129 171 65 54 175 58 179 102 170 104 38 172 40 174 108 86 33 46 88 79 81 94 140 153 142 76 133 360 368 369 377
67 124 71 46 141 10 40 21 75 55 119 49 121 0 68 136 178 70 28 114 62 13 116 5 177 179 65 102 14 115 104 159 174 108 150 57 38 88 143 156 145 30 79 64 138 72 43 24 140 76 144 22 91 80 82 362 363 371 372
171 115 51 100 30 145 94 124 73 58 88 133 52 82 167 86 146 131 161 175 12 179 10 70 74 134 119 172 68 19 0 132 128 178 81 126 77 71 35 20 144 84 14 129 123 142 367 368 376 377
105 161 174 108 81 30 75 73 149 162 88 140 22 52 97 144 31 146 91 10 150 70 85 126 104 141 0 64 143 119 132 121 28 136 125 26 127 71 116 131 80 20 175 122 177 14 111 124 89 115 87 159 38 72 364 365 373 374
161 177 179 20 172 76 87 38 140 91 85 66 17 130 30 162 98 128 79 158 73 54 156 58 137 88 122 18 141 22 82 63 135 12 65 144 104 49 0 72 132 136 28 13 26 71 367 368 376 377
124 174 31 12 46 167 91 121 70 158 0 64 83 153 43 62 13 58 144 26 146 116 137 150 5 35 80 128 14 89 132 59 74 104 68 136 57 138 127 111 75 177 73 126 54 122 170 22 52 33 365 366 374 375
174 24 133 175 3 177 33 167 63 97 179 142 57 140 40 70 115 100 178 0 94 128 158 126 156 58 22 116 146 35 150 46 125 14 10 123 138 102 53 132 83 136 17 81 111 75 367 368 376 377
17 52 43 13 98 100 89 102 49 159 5 40 97 14 88 35 79 134 26 81 94 28 70 83 138 30 72 85 63 131 133 146 80 58 179 71 3 73 115 62 130 51 12 132 55 68 59 114 360 368 369 377
108 5 159 59 12 154 145 158 55 85 66 100 64 94 75 140 79 142 43 73 24 144 133 3 82 86 126 80 128 119 40 121 68 19 102 127 116 81 62 26 122 164 177 71 364 365 373 374
177 142 76 115 119 149 100 30 98 79 179 73 54 156 137 22 52 33 146 150 12 65 159 89 172 123 104 134 138 68 19 49 0 72 102 83 62 13 175 26 35 122 133 14 97 367 368 376 377
18 128 51 64 119 132 53 134 55 178 46 167 103 116 63 52 162 54 43 98 100 102 49 150 31 86 141 154 88 22 156 24 145 26 81 136 138 30 72 85 129 21 142 76 89 131 144 65 133 122 82 137 58 71 360 368 369 377
128 52 136 63 178 116 129 114 10 89 49 72 53 170 28 159 111 71 154 167 20 103 14 149 59 153 38 133 146 66 119 30 150 94 79 141 43 24 54 77 88 365 366 374 375
179 142 76 57 91 21 55 66 149 30 94 98 158 73 126 77 141 22 135 146 80 65 144 178 129 89 40 74 153 104 134 68 53 132 28 51 81 13 175 26 143 5 35 20 122 133 84 33 367 368 376 377
91 14 175 89 122 111 100 38 102 115 72 53 83 159 119 66 62 75 154 158 94 84 162 33 63 164 140 57 146 70 55 135 137 49 130 143 28 132 77 58 136 178 22 52 125 71 86 80 20 363 364 372 373
3 5 126 73 115 62 75 51 119 53 134 55 68 123 57 178 125 46 0 114 103 116 175 43 102 170 104 159 84 86 20 154 22 77 24 145 13 26 30 153 87 21 142 76 89 10 146 80 14 82 71 360 368 369 377
5 20 88 35 156 103 26 81 94 28 83 72 153 12 73 75 77 119 53 13 134 55 178 125 46 127 116 63 52 162 54 175 122 98 58 100 170 38 159 172 360 368 369 377
75 58 33 114 127 103 12 162 122 164 40 111 102 49 104 53 28 150 13 84 26 88 71 156 35 79 94 83 14 138 140 153 129 76 89 133 146 82 137 126 30 43 73 24 54 362 363 371 372
94 123 83 178 28 114 51 81 62 129 71 175 164 35 20 102 84 115 170 159 59 76 57 38 167 55 156 30 0 138 98 140 43 73 54 77 88 131 22 82 146 150 12 65 10 40 143 74 119 363 364 372 373
123 140 79 142 144 43 54 77 88 63 150 86 141 31 12 143 114 65 145 70 21 104 125 19 72 53 129 51 81 111 62 13 126 172 122 84 14 178 167 76 57 38 156 55 66 149 365 366 374 375
52 126 73 62 77 119 132 53 121 134 68 125 59 72 63 22 122 98 111 102 115 10 170 159 19 0 150 97 154 28 88 143 26 81 149 83 138 35 85 140 153 74 87 131 144 133 135 82 38 361 362 370 371
126 63 86 132 134 12 65 125 10 89 40 104 131 68 19 133 53 98 71 178 84 167 156 162 164 66 51 142 100 30 144 159 43 137 54 58 88 154 365 366 374 375
24 64 119 66 134 68 46 167 127 103 116 63 20 14 43 38 172 150 86 33 88 35 156 77 158 81 149 83 138 30 140 87 129 142 131 144 65 122 135 137 73 141 130 360 361 369 370
64 54 125 58 114 22 63 116 65 31 12 10 21 115 19 49 0 53 51 62 154 88 26 156 149 20 85 14 153 74 87 59 76 133 146 80 82 137 141 130 143 119 132 79 362 363 371 372
87 162 175 74 122 98 111 19 49 0 83 170 159 51 13 26 150 71 167 88 156 20 158 84 14 138 153 142 131 55 133 66 43 73 54 119 121 22 33 178 114 31 116 129 40 70 363 364 372 373
58 62 130 143 119 66 57 59 129 63 65 175 28 13 100 22 102 170 104 46 86 154 167 156 103 145 81 149 83 85 51 153 146 135 137 71 141 361 362 370 371
62 145 79 149 31 12 138 72 46 153 142 89 133 146 49 135 82 53 84 28 73 77 119 66 20 14 129 63 162 164 57 38 30 154 88 362 363 371 372
38 175 14 49 170 150 141 154 158 134 136 70 138 72 22 153 129 142 131 31 133 146 135 82 10 21 115 19 0 119 53 28 55 57 178 46 116 63 35 360 361 369 370
79 121 43 178 129 71 35 20 122 65 14 74 115 104 68 57 97 66 86 88 156 145 158 81 54 153 142 89 31 133 76 46 150 84 21 55 130 119 132 362 363 371 372
121 175 77 22 63 80 31 12 114 65 10 40 74 154 19 145 158 83 28 51 81 13 140 142 133 103 150 14 97 141 76 57 134 178 125 119 30 127 129 365 366 374 375
142 10 40 70 21 74 0 72 102 53 132 159 172 28 111 167 71 158 149 84 97 127 131 144 76 140 85 115 66 150 30 98 145 43 88 175 129 366 367 375 376
54 66 134 68 57 178 125 30 114 127 116 98 102 104 12 46 150 84 86 141 154 143 77 53 136 149 51 138 72 76 89 133 80 82 14 73 130 361 362 370 371
31 80 135 137 84 141 130 77 132 53 66 178 59 63 30 175 43 100 115 104 159 172 33 167 88 35 103 158 138 72 85 140 153 89 131 144 133 146 360 361 369 370
80 12 82 46 86 130 68 19 132 72 136 28 178 51 114 127 131 35 122 20 164 59 102 115 104 57 154 103 158 149 77 85 98 144 133 363 364 372 373
140 74 134 119 68 0 51 13 170 26 71 135 178 20 156 14 158 97 127 162 76 164 136 55 115 66 100 30 146 159 43 141 137 143 22 63 116 65 46 125 89 366 367 375 376
10 76 144 14 73 130 77 119 53 134 68 57 70 125 46 114 127 116 63 122 164 98 111 102 115 172 40 150 86 20 35 145 136 153 360 368 369 377
63 55 115 130 0 66 125 114 103 116 33 164 111 102 159 19 49 53 28 141 156 158 134 35 70 83 138 20 72 14 129 76 59 65 146 135 362 363 371 372
82 141 12 65 119 132 134 178 125 49 129 28 81 162 164 98 71 102 170 20 172 59 150 86 154 167 57 88 156 103 145 158 21 66 138 0 153 43 73 77 133 137 363 364 372 373
40 89 144 20 146 14 73 141 130 77 119 55 178 46 59 114 116 162 175 22 164 98 111 12 49 170 104 159 172 21 150 97 0 103 28 81 136 83 72 74 361 362 370 371
12 122 137 115 0 51 57 178 125 167 114 127 103 43 164 111 89 102 49 170 172 150 84 97 141 33 156 149 30 85 129 21 131 65 133 360 368 369 377
53 81 138 85 74 33 89 131 144 146 21 73 143 19 0 134 55 57 13 125 59 22 175 20 122 111 100 102 104 86 51 30 103 361 362 370 371
81 156 77 85 89 133 146 135 14 137 76 130 143 145 66 51 136 127 116 131 43 102 21 97 19 363 364 372 373
86 35 65 125 138 114 127 72 66 175 51 122 30 111 100 102 170 172 33 167 103 46 70 21 55 162 68 49 0 83 146 13 135 363 364 372 373
74 68 19 49 0 144 133 146 135 84 13 141 77 119 134 178 114 116 129 57 175 51 100 30 102 172 97 154 167 33 156 65 70 85 362 363 371 372
46 30 135 137 71 141 33 132 66 57 59 21 116 162 175 111 28 100 43 13 49 104 51 22 150 97 167 88 14 156 103 145 136 149 89 131 361 362 370 371
143 77 137 88 26 141 167 114 65 125 14 129 162 164 153 138 57 144 83 146 136 159 51 154 145 97 127 70 55 85 115 119 100 130 19 98 28 366 367 375 376
51 156 158 149 162 83 164 98 100 146 30 137 73 141 28 43 13 132 134 22 68 136 57 125 138 72 114 116 111 19 115 170 55 154 361 362 370 371
156 71 154 20 103 97 131 76 57 115 66 170 130 98 178 43 73 77 88 158 146 162 114 21 138 72 136 366 367 375 376
49 83 153 76 89 144 71 73 30 0 66 134 125 167 33 114 103 116 98 111 115 170 159 172 84 97 26 154 145 158 20 149 361 362 370 371
83 0 72 138 85 28 89 133 135 35 84 14 130 134 57 116 164 73 100 77 115 104 33 159 172 97 154 167 103 363 364 372 373
134 153 144 33 116 141 114 65 125 104 136 68 19 178 72 132 133 84 127 150 76 57 158 115 119 100 130 149 365 366 374 375
70 76 144 133 146 13 22 141 77 65 178 127 103 68 116 162 98 111 26 102 115 104 159 35 150 84 33 154 88 145 158 136 149 55 138 153 362 363 371 372
89 146 135 72 28 26 71 178 35 84 59 164 57 111 100 115 85 66 104 97 43 88 22 149 162 138 363 364 372 373
0 72 127 19 129 65 130 132 55 68 57 59 103 116 162 43 164 111 153 104 150 84 20 88 35 145 13 26 136 149 360 368 369 377
97 35 104 159 20 119 84 76 57 103 158 149 164 98 43 88 137 33 141 130 65 132 145 178 125 131 28 13 175 122 26 363 364 372 373
13 22 77 149 72 85 19 153 131 144 14 135 71 73 115 130 66 55 57 167 114 127 116 175 111 100 170 172 20 154 360 368 369 377
22 141 119 132 136 57 125 59 116 65 175 122 111 100 104 167 103 26 162 98 131 146 137 360 361 369 370
21 76 131 144 133 19 135 115 172 55 68 125 20 167 114 14 103 162 175 43 164 98 111 153 100 104 159 150 84 35 158 26 149 85 127 360 361 369 370
159 114 144 129 59 57 85 98 43 73 88 33 146 65 172 119 138 68 178 132 167 28 26 141 366 367 375 376
72 164 98 146 26 135 137 35 141 130 14 136 178 68 116 131 175 111 170 172 57 103 158 362 363 371 372
116 150 115 119 43 125 33 122 164 68 170 172 111 154 26 167 71 145 84 153 59 144 76 135 364 365 373 374
150 146 65 129 59 88 131 76 55 85 115 104 158 149 68 98 77 137 366 367 375 376
14 102 115 170 104 84 149 153 129 76 65 135 71 132 55 68 167 175 164 98 360 368 369 377
102 149 59 164 153 76 135 100 30 98 43 73 145 77 136 125 138 114 127 175 122 68 19 115 170 119 154 20 364 365 373 374
30 127 28 162 175 26 111 115 170 104 172 154 158 149 138 129 146 135 77 119 66 68 178 360 361 369 370
43 132 136 57 59 114 127 129 164 100 104 103 145 19 162 28 138 85 144 133 146 135 20 141 130 361 362 370 371
145 111 141 71 162 35 164 20 144 129 59 146 138 132 136 66 100 88 122 133 127 175 125 170 19 366 367 375 376
146 114 104 138 19 178 136 164 20 103 127 59 131 57 167 66 100 73 77 137 88 33 135 366 367 375 376
104 153 84 133 57 141 130 119 178 125 114 33 115 170 172 19 154 26 162 364 365 373 374
153 68 19 132 136 28 103 133 178 127 59 131 76 85 115 119 170 77 88 33 135 158 114 65 366 367 375 376
138 68 98 28 144 137 26 20 84 129 178 115 66 175 130 170 103 33 127 131 154 158 365 366 374 375
164 85 66 175 130 154 73 33 131 76 119 68 98 28 137 172 20 114 144 84 129 367 368 376 377
115 33 59 131 122 66 28 73 77 149 133 135 111 132 71 35 364 365 373 374
172 122 84 127 57 85 66 119 149 100 162 33 135 175 114 129 68 19 28 26 154 35 367 368 376 377
100 129 57 175 122 55 85 170 33 167 158 65 162 68 19 98 137 71 130 20 84 125 364 365 373 374
170 103 133 175 131 66 119 149 158 162 73 77 88 141 33 135 114 125 129 19 132 136 71 20 367 368 376 377
175 55 119 149 98 162 77 141 33 135 144 68 28 26 71 35 103 84 167 127 59 367 368 376 377
84 35 59 88 68 158 131 144 33 132 136 55 125 28 122 363 364 372 373
103 26 35 167 33 57 55 66 137 28 141 73 130 77 132 129 131 59 68 111 364 365 373 374
162 132 111 154 133 131 76 57 149 130 19 98 73 77 137 26 35 114 144 125 59 68 367 368 376 377
178 158 88 167 65 132 35 114 129 127 76 136 55 66 130 367 368 376 377
133 65 119 167 28 158 111 26 71 20 144 129 135 137 76 85 130 136 77 88 122 365 366 374 375
119 127 129 131 122 65 167 77 26 71 149 144 59 141 66 136 125 364 365 373 374
132 73 149 33 135 125 137 19 28 111 20 59 76 85 154 167 158 365 366 374 375
127 154 167 158 114 68 144 28 137 130 35 20 136 59 129 76 66 365 366 374 375
77 130 136 129 59 122 111 71 154 88 20 149 57 144 55 19 28 362 363 371 372
130 88 114 65 68 19 26 71 35 122 144 57 137 55 85 66 141 136 73 365 366 374 375
33 66 55 167 59 111 158 136 76 122 135 137 71 360 361 369 370
73 125 114 122 28 26 71 20 88 55 76 137 141 362 363 371 372
76 111 68 26 167 158 59 85 57 144 55 135 137 136 125 131 362 363 371 372
122 57 55 19 98 114 137 59 68 111 26 35 131 135 365 366 374 375
135 114 125 19 136 28 26 35 57 85 66 98 365 366 374 375
66 129 111 19 28 158 149 144 137 68 125 114 362 363 371 372
129 19 141 88 136 35 20 114 125 59 68 111 26 71 154 365 366 374 375
65 55 68 114 26 154 167 57 362 363 371 372
68 85 98 131 71 114 28 111 35 88 149 362 363 371 372
114 98 141 131 28 111 26 20 59 85 364 365 373 374
71 167 158 136 149 28 131 144 26 59 55 98 111 362 363 371 372
88 136 59 55 85 167 158 98 137 141 363 364 372 373
149 28 111 26 35 57 55 98 366 367 375 376
137 125 19 111 35 59 154 131 158 55 85 144 141 365 366 374 375
136 28 35 57 55 85 365 366 374 375
141 59 111 154 57 55 85 144 98 366 367 375 376
154 20 55 85 19 366 367 375 376
26 167 20 131 144 111 19 360 361 369 370
167 57 85 98 158 144 111 367 368 376 377
144 131 85 98 125 366 367 375 376
20 158 28 131 59 98 111 360 361 369 370
98 125 131 111 55 85 19 28 363 364 372 373
111 55 125 131 59 364 365 373 374
55 131 158 28 85 361 362 370 371
125 131 35 85 365 366 374 375
57 19 85 131 361 362 370 371
85 19 131 35 59 158 363 364 372 373
19 158 360 368 369 377
131 35 365 366 374 375
158 35 59 366 367 375 376
35 59 28 360 361 369 370
59 28 361 362 370 371
28 360 361 369 370
212 281 215 217 184 219 340 261 331 197 320 333 254 322 335 191 206 324 258 313 247 315 262 317 200 251 240 253 183 233 301 207 235 356 248 237 358 292 201 239 252 294 243 199 180 298 195 353 245 300 234 289 357 238 359 214 227 187 295 202 337 350 284 297 352 273 286 220 275 222 332 224 266 279 205 334 226 360 361 369 370
281 242 193 308 236 187 240 270 185 215 301 358 224 294 307 277 258 239 296 351 203 353 237 188 267 300 289 302 182 291 265 246 197 293 210 295 180 195 284 274 225 339 352 259 354 288 189 343 253 332 257 268 334 202 243 266 338 327 181 222 329 245 275 331 190 320 333 184 326 214 315 227 317 330 231 261 364 365 373 374
319 343 232 262 213 243 345 358 266 296 247 334 181 260 336 294 338 327 205 340 329 331 344 318 248 199 282 293 316 326 261 242 193 272 206 187 217 270 221 251 321 304 285 196 323 249 230 302 283 194 307 209 239 203 320 207 237 290 301 182 295 246 299 210 191 346 348 289 189 253 352 306 257 268 341 354 198 365 366 374 375
343 221 251 350 304 298 200 279 302 283 264 356 224 311 292 322 184 349 256 286 237 218 320 271 235 246 197 299 329 280 310 244 195 225 255 308 223 204 234 238 198 321 183 213 315 241 192 222 245 226 305 190 269 220 201 303 333 314 248 312 353 316 297 227 208 261 340 291 325 276 346 359 206 187 348 367 368 376 377
186 228 349 230 351 243 245 287 300 342 289 223 344 236 238 280 227 348 295 337 350 231 352 273 286 207 275 181 209 277 224 334 226 268 202 336 270 283 325 217 272 206 219 274 208 329 263 197 318 254 201 335 256 311 203 271 192 260 328 185 304 317 306 308 242 255 183 312 233 193 314 303 237 358 305 294 307 360 368 369 377
228 346 216 191 337 297 225 339 286 341 354 275 288 330 223 204 290 332 345 266 202 349 270 283 340 181 329 342 263 318 331 278 190 220 267 256 269 311 324 258 313 326 214 262 208 317 308 321 187 323 244 257 246 259 215 196 356 316 237 250 292 239 205 252 296 309 230 285 353 245 300 218 182 344 236 291 361 362 370 371
189 270 325 272 314 206 248 261 329 263 252 265 320 181 309 322 311 324 258 194 236 357 196 238 251 293 306 240 231 352 233 288 222 224 237 358 292 226 347 239 349 283 296 217 230 298 219 340 274 287 221 276 331 223 344 278 184 225 335 227 269 337 326 218 207 341 262 275 277 211 266 321 255 268 323 360 368 369 377
270 277 332 345 292 347 236 217 240 221 251 338 272 185 340 274 219 249 329 342 205 333 335 203 337 271 256 267 218 308 321 244 225 255 259 223 253 303 358 238 198 307 202 183 262 213 296 311 353 222 287 300 355 289 344 357 291 190 250 346 359 282 350 248 199 284 273 263 214 286 341 288 363 364 372 373
249 284 286 181 241 222 354 245 356 345 190 220 334 347 248 199 229 325 285 233 327 340 261 274 329 342 227 208 263 331 231 278 320 333 236 217 335 324 326 215 196 315 200 317 330 194 239 310 323 237 188 218 301 314 303 182 250 246 252 307 210 296 225 298 353 287 300 355 302 204 344 304 359 198 232 362 363 371 372
284 279 320 283 264 322 194 224 335 311 277 258 313 328 218 317 306 182 321 235 310 323 280 210 274 301 278 303 358 223 307 257 238 296 202 232 213 285 266 300 302 211 222 357 291 245 359 348 190 269 220 250 201 350 273 352 248 341 354 288 263 214 345 227 334 261 193 336 276 206 236 215 318 364 365 373 374
207 287 185 355 346 238 194 205 348 295 216 337 203 218 231 273 286 188 220 354 288 209 222 277 290 345 279 197 213 347 323 336 259 272 327 340 274 208 276 204 318 331 320 198 254 267 256 311 324 271 247 260 192 262 190 321 244 257 180 299 246 314 356 303 305 252 241 206 296 309 298 232 245 360 361 369 370
287 188 267 182 312 216 197 280 225 255 294 296 234 298 353 238 198 302 202 183 262 357 291 346 359 293 222 350 245 275 297 226 339 352 269 341 354 201 254 332 345 199 229 334 338 208 231 193 272 276 236 217 331 344 251 333 285 335 215 196 219 230 313 264 277 209 239 317 330 273 184 308 364 365 373 374
251 330 332 279 334 181 211 192 268 323 336 338 259 250 201 340 261 329 263 331 199 229 214 322 311 324 258 193 315 328 217 306 253 255 219 257 299 312 194 314 356 209 239 290 358 292 307 218 349 309 351 285 298 353 216 342 289 191 195 280 335 348 282 295 337 350 223 352 354 275 183 362 363 371 372
330 266 296 326 324 194 224 205 273 203 318 297 246 261 191 325 276 353 195 255 355 300 304 359 223 253 219 279 348 238 268 302 283 350 183 262 307 247 354 311 181 241 192 222 358 226 271 190 250 349 235 351 310 340 180 274 263 214 331 344 227 333 242 335 272 306 337 236 187 217 339 221 366 367 375 376
242 238 323 336 325 338 202 232 327 340 261 181 211 241 192 226 322 335 190 256 269 311 258 313 326 229 315 233 306 208 231 244 257 246 221 314 248 196 358 305 219 349 224 296 243 298 239 342 355 302 218 291 346 182 293 235 216 197 337 339 352 273 195 225 275 277 290 332 345 266 279 234 347 362 363 371 372
187 345 321 213 334 268 202 323 336 204 325 272 181 261 195 208 329 250 263 197 331 252 254 309 322 243 311 203 245 326 262 304 317 238 306 297 299 191 312 354 246 301 303 292 307 241 283 351 219 353 300 342 234 289 182 223 236 346 214 227 269 282 350 205 339 352 328 220 209 264 198 360 368 369 377
345 217 240 221 304 334 185 215 230 302 332 313 264 277 307 258 209 292 203 256 286 188 267 218 290 320 201 329 210 191 357 180 327 308 338 289 350 223 204 306 232 183 262 213 243 296 358 260 211 222 245 275 351 205 339 190 273 303 248 252 282 233 263 214 297 208 340 325 367 368 376 377
346 258 351 288 353 322 203 184 256 286 301 316 235 265 216 246 340 299 329 210 344 195 225 255 338 289 223 238 296 311 211 192 222 294 324 275 226 305 309 269 250 335 303 333 318 199 180 282 312 263 293 327 208 348 231 336 236 217 240 300 354 304 285 185 298 279 230 283 205 367 368 376 377
219 297 273 182 356 290 210 279 292 334 185 338 285 204 340 261 329 198 331 183 265 278 320 254 267 269 324 271 326 262 264 266 308 321 195 214 257 246 301 314 235 193 237 250 305 202 307 215 230 196 351 181 298 200 232 353 234 247 205 302 190 344 357 291 238 280 203 350 360 361 369 370
297 279 198 283 329 183 262 213 292 181 192 322 256 324 271 190 250 201 315 328 280 229 180 244 214 323 223 253 325 272 268 301 236 217 316 202 358 221 305 266 296 309 351 294 353 224 209 239 273 357 304 203 359 248 348 188 218 282 293 350 352 291 191 356 332 255 349 204 234 364 365 373 374
349 216 197 261 191 325 195 225 240 300 304 334 253 268 332 313 213 341 292 241 192 256 286 320 271 220 201 235 295 357 359 199 274 214 293 278 308 289 227 352 342 354 193 272 306 336 356 217 358 266 296 196 260 351 200 245 275 305 224 309 339 209 273 254 203 252 331 312 316 367 368 376 377
304 341 292 356 241 192 256 286 358 334 347 301 336 190 220 265 338 340 199 342 274 214 331 278 259 289 208 193 272 257 328 317 215 196 200 321 323 269 258 325 184 316 237 282 305 318 320 309 246 197 291 210 276 313 355 255 240 300 359 306 264 352 202 232 183 262 243 365 366 374 375
341 334 285 185 359 298 200 279 230 283 264 328 205 258 256 286 188 267 358 271 347 265 295 246 299 329 351 280 310 244 255 342 308 259 323 344 253 204 234 257 198 202 183 315 296 192 294 245 324 275 226 305 190 201 303 318 248 229 180 233 293 316 261 340 291 193 272 217 221 367 368 376 377
323 354 272 306 257 238 206 217 358 202 347 266 336 185 196 338 200 230 305 353 329 342 269 209 254 203 184 248 348 237 282 324 263 326 316 328 231 291 210 195 300 279 183 262 243 277 307 247 311 292 322 192 222 320 301 355 250 265 299 199 244 274 293 352 227 366 367 375 376
354 334 285 204 302 198 355 357 347 277 258 288 359 292 222 267 271 301 250 295 310 229 214 327 259 208 253 193 306 336 238 321 217 232 266 247 181 260 241 226 309 190 269 239 273 352 314 337 318 218 331 282 233 263 261 340 291 344 191 206 236 255 240 221 367 368 376 377
216 241 309 205 351 285 298 209 234 355 344 357 359 182 348 295 229 271 231 352 210 273 191 286 290 332 266 279 268 336 283 325 217 338 259 272 183 327 274 316 276 211 331 322 335 190 201 324 258 313 328 199 240 253 208 308 255 193 310 312 206 233 301 314 356 237 358 200 294 307 360 361 369 370
276 279 182 325 338 227 261 206 236 221 215 326 198 264 194 315 213 258 209 306 308 222 256 237 267 310 271 312 301 235 265 246 303 210 305 318 229 180 195 225 307 296 351 253 193 300 257 238 289 202 266 348 295 181 260 241 275 339 352 286 299 269 220 250 239 254 290 332 203 363 364 372 373
279 206 236 217 288 196 347 224 336 205 258 338 285 327 203 342 188 218 331 320 333 246 313 195 328 259 253 204 234 321 238 198 310 232 183 262 213 299 266 247 301 316 181 305 220 201 296 351 353 248 229 355 302 233 263 291 227 208 348 231 261 193 337 363 364 372 373
221 277 290 218 224 182 334 347 268 197 325 259 191 327 274 316 329 331 265 333 254 267 322 256 258 202 313 328 240 308 321 255 244 246 301 180 356 248 303 292 305 208 241 193 351 243 232 245 234 355 289 302 223 236 357 215 278 196 359 200 293 295 337 350 203 275 361 362 370 371
240 356 290 202 183 213 332 292 334 211 325 338 272 327 261 190 201 329 235 265 320 333 229 254 335 269 324 258 271 227 313 193 206 264 253 308 321 215 257 259 248 303 316 358 250 305 307 184 351 243 182 300 355 247 302 344 191 280 293 195 225 295 352 223 204 238 362 363 371 372
356 300 289 353 359 332 313 232 277 211 222 256 286 358 320 271 269 250 201 235 265 314 310 199 263 293 278 338 342 193 272 317 321 217 351 315 326 196 230 324 275 264 328 224 205 339 258 273 303 203 337 184 318 188 252 331 282 312 182 231 261 344 191 225 367 368 376 377
193 215 336 204 206 261 318 252 265 333 254 267 322 311 324 190 194 196 238 184 188 255 310 244 312 233 301 314 235 290 237 358 292 226 239 307 185 283 285 298 340 353 342 289 344 278 359 227 348 192 337 350 339 286 288 209 222 332 266 334 360 368 369 377
224 348 337 229 231 352 185 273 200 209 336 203 325 192 259 188 327 329 318 331 252 254 267 309 256 311 324 245 258 326 247 302 315 238 253 321 255 310 196 299 312 181 211 246 301 248 290 303 205 358 220 292 239 294 307 184 199 230 232 353 289 197 278 291 361 362 370 371
348 347 277 307 258 209 239 292 184 188 267 355 290 320 271 182 235 265 359 246 191 350 195 274 225 327 338 253 358 268 198 321 202 232 262 326 351 260 211 226 269 220 201 273 254 333 248 180 252 233 312 263 214 293 231 261 325 215 196 230 302 264 367 368 376 377
256 300 355 190 220 357 199 229 295 233 350 339 286 231 275 215 338 285 327 261 274 329 342 263 331 239 344 267 184 280 237 269 218 324 271 313 326 260 273 328 197 262 210 264 306 266 195 255 257 253 234 301 202 318 247 294 296 309 211 241 351 362 363 371 372
300 286 218 182 334 295 338 210 191 180 327 340 244 274 225 342 259 318 253 238 322 335 202 232 262 243 313 326 266 247 328 226 306 308 269 312 184 229 314 252 282 233 358 291 351 206 217 355 302 230 264 194 337 277 258 209 288 339 352 292 365 366 374 375
316 351 244 214 353 259 289 331 272 238 333 206 217 202 262 324 315 296 215 196 181 230 305 194 309 269 321 239 254 203 325 218 227 246 197 261 210 191 195 225 355 204 357 359 198 183 213 277 258 288 350 292 352 211 241 192 237 290 358 220 265 280 336 229 365 366 374 375
351 235 231 340 191 325 274 225 334 298 302 313 202 183 213 347 277 326 292 260 241 192 222 226 305 320 350 269 201 335 254 199 229 180 312 263 261 257 206 321 315 200 294 264 194 328 307 303 333 322 318 286 237 267 271 301 367 368 376 377
209 225 359 227 185 196 282 295 350 218 273 205 275 211 188 268 336 259 327 261 274 329 191 210 331 320 254 267 322 324 313 198 260 315 183 317 253 181 321 192 255 310 299 312 233 190 248 358 199 226 347 294 241 296 243 298 353 289 206 344 236 360 361 369 370
225 303 358 250 292 305 203 226 239 294 188 241 230 243 342 289 291 359 293 282 295 337 204 231 273 288 264 277 266 347 211 222 336 283 338 272 327 220 340 201 261 329 318 180 333 254 324 208 313 326 260 321 185 255 310 257 312 194 248 361 362 370 371
195 290 250 292 294 241 296 230 298 232 353 302 223 185 359 227 282 194 231 352 275 184 264 277 211 332 200 334 336 217 259 191 206 327 261 274 208 197 210 252 265 254 267 201 203 245 205 247 260 317 192 306 198 255 190 310 257 299 233 301 360 368 369 377
290 311 353 285 302 357 291 359 198 295 243 277 288 241 222 286 237 301 220 201 235 336 280 338 199 244 259 208 268 322 335 324 337 247 196 181 260 211 245 226 194 269 308 239 203 218 327 282 233 263 303 227 305 318 197 210 296 191 309 206 236 364 365 373 374
198 295 255 310 231 244 299 196 233 314 303 358 305 190 283 184 285 340 342 234 289 223 197 280 191 335 337 271 352 273 286 328 275 277 332 194 266 321 202 204 325 217 206 327 250 263 210 331 252 265 199 320 254 309 322 269 324 247 302 360 368 369 377
295 243 311 353 355 192 222 344 237 267 271 265 350 180 289 208 253 347 217 325 202 262 327 340 266 247 260 241 318 275 226 320 205 322 269 220 273 313 184 229 328 188 282 233 317 182 306 197 321 231 261 291 272 236 299 303 285 185 364 365 373 374
217 266 208 321 191 259 272 327 261 274 329 250 215 331 320 254 267 194 311 324 245 258 313 326 302 315 253 299 312 246 248 303 347 239 294 283 296 230 202 183 298 232 355 196 181 344 236 333 280 335 229 184 214 360 361 369 370
258 280 282 190 201 337 199 180 275 347 336 283 325 206 236 329 342 185 215 265 278 320 333 322 194 205 269 311 271 260 237 317 308 235 246 191 255 358 305 223 294 307 296 309 285 202 232 213 353 247 289 302 192 222 362 363 371 372
277 359 293 306 215 196 230 286 299 205 239 347 184 336 283 271 285 327 340 235 265 197 329 331 333 244 335 324 223 234 326 315 232 183 243 192 310 245 226 312 301 314 220 201 273 358 229 180 311 227 208 231 355 302 357 291 363 364 372 373
359 307 239 292 192 222 286 301 235 265 329 280 180 274 327 278 308 259 289 342 223 204 234 257 336 317 202 296 211 324 328 309 339 220 303 254 337 218 227 208 325 355 236 285 185 215 298 200 302 332 283 194 213 347 367 368 376 377
188 342 234 223 344 357 291 180 293 337 229 271 218 352 273 328 288 332 266 200 321 213 268 185 202 257 325 327 274 250 263 197 318 184 201 322 269 311 203 245 192 313 326 260 302 315 196 308 244 246 301 183 303 237 358 305 226 307 181 283 296 232 360 368 369 377
293 340 342 331 320 237 267 218 322 271 324 235 326 280 328 210 317 255 306 278 289 308 204 238 299 183 213 358 305 181 192 307 226 309 269 355 184 357 248 199 229 180 252 282 214 227 208 231 261 339 206 236 332 285 185 334 230 325 264 194 364 365 373 374
340 182 227 197 272 342 325 236 344 334 215 302 332 283 313 237 267 301 299 280 210 180 274 255 327 308 259 208 223 253 336 238 317 355 232 266 296 326 260 350 294 226 309 205 339 269 250 203 337 347 218 252 367 368 376 377
334 206 285 185 215 196 336 200 230 283 194 307 239 322 203 237 267 218 335 337 197 339 299 329 280 310 210 244 308 253 204 257 262 266 311 260 222 294 245 226 309 353 269 201 314 357 233 312 214 350 227 231 272 306 366 367 375 376
264 282 247 273 181 275 288 245 205 332 190 266 254 336 184 283 338 218 252 263 327 342 318 197 231 265 210 191 206 311 324 271 185 315 328 306 243 308 321 299 222 220 250 201 292 246 294 309 229 180 298 353 289 223 253 344 357 238 280 363 364 372 373
282 329 342 331 320 203 184 267 324 337 265 197 328 191 244 278 310 223 253 234 312 268 301 314 303 183 262 243 358 247 181 260 192 222 296 309 245 226 298 353 254 357 199 180 263 339 352 299 332 292 347 185 336 283 200 230 327 364 365 373 374
302 308 192 286 237 271 201 235 265 246 299 347 199 229 255 278 338 353 238 268 344 232 296 247 181 241 245 275 328 205 190 269 317 239 332 321 218 252 233 325 261 291 305 318 185 234 283 213 243 288 365 366 374 375
308 314 262 213 243 358 181 211 275 226 311 269 220 355 273 254 248 233 214 208 352 272 206 215 200 230 283 329 342 307 288 239 320 237 267 218 337 313 235 246 197 328 280 191 317 255 332 259 223 204 312 238 268 365 366 374 375
267 342 344 278 291 248 280 233 214 337 339 352 286 275 185 336 200 230 338 272 239 203 320 322 269 235 265 326 197 210 191 255 259 321 310 253 234 299 312 301 314 232 213 266 181 260 192 222 296 353 190 201 363 364 372 373
181 247 260 306 253 310 299 191 314 182 250 292 184 305 294 241 230 285 298 232 223 357 238 337 218 339 288 211 266 226 347 268 202 204 325 338 206 327 261 274 318 252 265 320 254 322 335 311 203 324 360 368 369 377
247 211 192 222 317 321 235 310 257 312 199 180 314 233 303 214 250 227 208 307 298 342 355 344 215 194 337 286 275 218 268 246 197 231 259 244 274 263 318 331 265 223 234 333 254 238 322 335 269 311 202 232 243 271 260 315 362 363 371 372
286 200 289 357 291 239 352 237 332 265 197 347 210 336 255 325 338 259 342 253 204 344 238 268 333 335 324 337 313 326 260 241 222 275 190 269 250 306 229 252 233 301 314 303 272 318 307 236 309 298 311 364 365 373 374
184 289 210 223 180 333 203 350 205 326 339 273 328 262 211 321 255 268 202 191 314 248 250 263 318 331 265 307 320 254 201 243 324 192 313 315 236 238 185 306 231 299 233 303 237 226 239 296 182 353 274 234 360 368 369 377
289 301 314 303 305 294 307 197 296 309 210 191 255 278 291 204 234 337 202 183 339 352 266 192 245 190 220 201 336 325 338 199 229 233 342 208 320 333 261 272 322 315 215 317 230 306 321 205 310 288 364 365 373 374
285 231 191 336 255 327 329 268 320 232 333 183 213 322 335 324 241 222 326 315 271 317 235 265 280 321 199 310 214 299 312 259 314 208 303 272 358 257 206 236 294 307 311 185 215 353 200 291 269 254 337 350 218 252 364 365 373 374
244 303 234 358 250 305 238 252 294 307 183 243 298 211 355 226 357 201 337 350 229 339 214 288 332 231 347 268 206 283 272 185 196 274 329 331 278 194 205 239 335 269 203 271 313 218 315 328 262 317 235 210 191 257 299 246 259 248 362 363 371 372
303 274 255 320 278 322 335 324 223 253 257 315 232 183 262 213 317 266 296 321 211 192 275 190 269 201 318 229 180 263 208 261 272 236 306 215 350 283 205 288 237 336 271 182 246 280 331 365 366 374 375
241 197 315 328 210 191 306 321 234 238 314 202 213 250 292 305 294 192 243 226 298 353 190 220 201 357 278 199 229 280 271 227 273 231 275 288 347 215 196 283 200 230 338 272 205 329 263 252 333 324 245 313 326 362 363 371 372
288 200 230 339 352 336 271 201 246 327 280 210 329 318 333 322 223 253 204 234 238 313 326 202 328 213 243 317 196 260 211 321 275 226 310 205 220 301 254 199 229 252 263 294 227 208 298 231 261 272 355 344 357 291 364 365 373 374
202 306 299 185 237 358 292 294 243 232 245 223 344 236 357 291 280 227 339 220 332 266 213 347 268 215 283 204 259 327 192 208 342 263 210 331 265 254 180 313 326 328 262 360 361 369 370
306 232 266 312 292 260 211 314 275 305 318 269 307 254 309 299 248 199 214 355 357 227 208 291 206 236 200 338 203 353 237 252 344 235 197 333 231 280 335 210 337 274 255 328 223 253 298 321 365 366 374 375
307 180 255 278 259 223 234 257 332 183 243 336 196 260 294 275 342 331 344 220 320 333 248 229 252 233 313 328 227 291 236 185 215 298 200 230 358 283 194 292 222 301 182 357 201 365 366 374 375
278 301 237 305 263 294 182 309 246 261 298 311 210 355 291 204 234 350 339 352 232 213 243 192 347 271 190 220 235 265 338 342 180 331 344 320 227 280 322 223 335 272 324 257 238 236 317 215 260 245 275 194 312 239 273 363 364 372 373
301 259 204 234 238 268 232 262 243 266 296 260 192 269 250 332 248 214 327 227 329 342 291 331 320 206 236 322 335 337 215 196 326 298 200 230 328 317 312 314 235 197 305 255 365 366 374 375
211 260 315 262 196 253 194 205 257 312 314 203 358 239 243 298 245 210 191 234 223 344 236 357 291 238 280 204 227 350 271 352 183 222 332 266 213 347 268 215 190 201 338 261 274 320 322 335 269 311 324 360 361 369 370
197 283 180 298 232 342 234 355 236 291 350 271 205 352 196 273 275 266 336 257 325 259 327 261 182 263 210 331 199 191 254 309 322 243 245 326 260 183 310 231 312 248 237 226 294 360 368 369 377
311 269 201 265 254 350 180 263 227 208 272 347 206 338 185 196 329 331 344 194 309 205 322 239 335 273 203 326 315 328 210 191 255 312 325 259 314 223 253 298 318 268 183 262 213 243 355 365 366 374 375
183 185 255 310 191 312 248 347 180 283 230 243 234 355 236 357 291 337 229 339 352 328 275 268 215 257 204 325 182 259 206 261 274 329 250 265 199 320 309 322 269 190 192 194 317 360 368 369 377
185 220 222 332 200 213 347 215 283 272 327 274 318 210 252 199 333 254 322 324 326 260 253 255 310 257 314 235 248 237 250 292 305 294 182 296 232 353 342 355 280 227 350 271 218 339 360 368 369 377
274 252 214 305 294 261 298 353 355 196 200 230 280 339 203 275 237 218 332 182 265 246 283 325 210 318 320 204 234 257 335 268 232 213 266 315 328 222 321 190 269 250 310 312 248 363 364 372 373
191 305 226 239 294 230 353 234 291 214 269 337 205 218 339 220 200 213 268 215 314 206 327 261 318 252 199 254 203 313 260 194 315 196 317 238 253 231 352 360 368 369 377
305 313 317 238 268 321 310 232 243 312 266 314 192 222 358 294 245 226 250 309 273 199 233 214 344 227 231 337 352 215 347 283 194 239 338 292 237 271 182 246 322 299 324 365 366 374 375
232 255 299 312 233 314 235 248 358 252 204 298 353 355 344 357 291 192 190 199 229 332 266 227 347 208 268 336 325 259 318 331 215 196 265 320 333 205 326 260 328 262 361 362 370 371
260 273 192 328 262 317 220 266 310 248 199 312 252 294 236 309 298 200 230 344 291 205 280 239 203 218 275 182 235 268 338 327 342 234 257 320 333 322 213 243 269 271 313 363 364 372 373
238 299 192 246 222 314 248 358 250 201 235 294 210 180 245 355 280 230 226 332 205 347 268 325 261 329 318 320 254 335 269 324 313 326 215 204 317 321 361 362 370 371
218 355 344 236 291 227 269 337 339 352 273 266 210 321 268 336 325 259 314 204 250 318 333 254 309 324 245 313 315 317 201 310 299 312 233 208 248 347 294 296 215 353 360 361 369 370
259 314 358 257 206 309 353 230 344 357 291 194 205 280 239 248 339 252 233 182 246 347 210 255 325 327 204 342 213 271 313 192 222 326 315 226 328 262 250 201 235 214 362 363 371 372
322 357 250 273 254 199 229 180 350 214 227 261 291 272 332 206 236 336 196 327 298 200 230 283 292 203 337 326 320 271 182 280 255 253 321 243 222 353 366 367 375 376
357 237 271 350 246 329 310 327 253 204 234 257 336 317 268 262 213 315 296 222 275 309 220 250 273 333 314 337 252 233 263 214 227 208 291 344 325 355 236 298 200 230 283 367 368 376 377
234 299 182 235 248 237 292 294 296 243 223 204 213 337 350 192 273 226 275 332 266 336 180 338 327 261 227 208 265 320 333 206 254 324 245 215 230 317 194 255 203 310 361 362 370 371
239 210 280 350 339 352 273 204 266 213 257 327 226 261 220 201 252 309 180 245 313 326 227 208 262 231 206 236 253 310 230 248 194 205 347 203 283 296 298 353 182 361 362 370 371
192 196 231 299 312 233 248 237 226 355 223 236 280 214 271 352 273 220 275 182 321 268 215 257 338 272 327 329 250 263 318 210 331 201 313 360 368 369 377
255 358 243 226 342 355 344 190 250 335 271 252 339 328 227 275 231 332 268 336 325 215 272 318 237 313 182 315 235 246 180 257 312 253 204 362 363 371 372
315 317 245 275 321 190 269 220 250 273 314 229 180 252 227 320 353 206 236 355 215 196 298 283 205 352 292 203 347 235 265 246 280 210 333 253 335 268 337 262 326 243 266 296 365 366 374 375
317 266 222 294 226 309 190 358 273 199 229 180 252 312 263 355 208 291 236 339 215 283 194 332 203 237 327 271 329 331 280 310 335 324 223 253 328 257 268 243 321 365 366 374 375
248 263 318 331 265 320 204 254 335 326 222 253 201 312 229 233 214 252 294 227 231 353 236 355 344 280 200 350 194 339 332 266 347 246 272 261 329 362 363 371 372
263 199 229 180 342 233 265 208 335 324 206 313 326 328 230 310 203 314 292 294 235 296 309 298 210 257 350 262 213 273 275 222 226 266 190 250 336 283 254 338 272 363 364 372 373
314 253 204 268 266 296 196 321 245 275 226 269 220 273 254 233 214 227 208 231 291 236 215 298 283 313 194 332 237 265 246 299 310 329 342 180 331 365 366 374 375
206 266 213 347 268 215 283 338 327 261 329 265 196 200 335 269 194 205 328 203 253 182 312 237 250 230 243 245 236 291 214 227 229 339 231 275 180 360 361 369 370
266 236 200 245 318 294 353 246 350 339 352 299 243 332 268 222 272 331 344 320 233 324 337 227 313 326 257 328 363 364 372 373
222 194 205 310 352 233 203 235 237 182 347 283 230 210 353 342 355 223 291 280 337 339 273 328 332 190 336 257 318 265 309 243 324 245 361 362 370 371
273 230 245 326 310 246 231 261 312 318 223 296 243 313 355 226 350 190 220 250 235 352 254 199 180 214 292 347 227 283 272 257 215 363 364 372 373
199 210 265 180 333 254 201 245 313 262 196 299 233 235 237 347 294 283 296 230 182 342 355 291 280 335 337 350 352 328 220 275 213 257 204 327 190 208 360 368 369 377
262 321 310 245 312 190 250 358 229 294 214 309 231 236 291 337 350 200 339 352 194 347 237 325 272 201 180 331 265 333 335 269 223 204 324 271 326 328 243 363 364 372 373
320 299 355 312 214 227 208 231 200 230 347 283 313 336 205 292 329 344 335 235 265 246 324 332 204 257 213 243 226 309 250 366 367 375 376
233 261 331 265 333 213 335 226 190 220 253 321 229 180 257 223 358 252 294 309 243 298 353 355 344 236 205 337 203 339 182 332 347 210 336 325 338 361 362 370 371
261 336 338 227 208 272 280 196 337 271 313 328 205 321 237 325 296 309 223 253 204 291 350 352 299 250 275 332 363 364 372 373
252 329 229 331 344 280 324 271 313 236 215 196 332 257 194 312 254 182 296 309 298 231 353 210 339 352 299 213 243 347 268 226 190 250 201 338 272 362 363 371 372
236 203 268 272 327 235 329 210 254 335 204 328 213 312 190 237 292 309 243 298 353 355 280 271 200 339 361 362 370 371
213 310 231 299 196 200 358 194 294 203 230 243 298 182 344 280 227 229 271 339 352 220 332 215 257 325 327 250 318 265 180 245 313 360 361 369 370
220 269 245 313 194 328 203 321 299 312 246 235 292 243 298 353 342 223 291 335 227 337 229 350 231 190 180 347 268 214 338 208 329 318 331 265 254 361 362 370 371
245 271 201 235 229 180 321 310 299 312 358 318 294 296 215 353 194 350 210 292 268 336 338 204 272 327 329 342 243 333 335 269 362 363 371 372
271 205 355 269 203 350 182 299 246 231 275 347 336 325 204 272 331 335 313 265 328 321 310 253 268 358 318 200 363 364 372 373
231 336 283 327 265 333 280 324 201 326 328 229 208 310 312 325 246 196 294 226 298 190 353 355 203 182 339 299 332 215 361 362 370 371
336 325 215 298 200 332 194 205 292 237 182 235 265 352 310 223 253 204 338 294 324 275 190 269 180 214 227 366 367 375 376
229 194 333 254 269 203 326 182 310 246 223 204 235 250 283 230 243 298 355 344 190 280 350 339 214 227 321 257 338 196 327 200 361 362 370 371
250 313 208 204 253 321 310 196 358 292 294 283 298 214 353 227 344 291 280 337 339 328 230 268 325 338 331 362 363 371 372
180 254 324 194 196 299 246 235 182 358 292 294 230 298 353 210 223 333 205 339 275 321 268 257 204 338 329 360 368 369 377
215 275 332 268 196 325 200 272 194 333 269 326 328 210 310 312 246 280 227 214 350 208 339 352 360 361 369 370
243 310 299 358 292 347 283 355 344 226 190 328 214 182 227 321 257 325 329 331 200 326 203 362 363 371 372
296 210 321 223 253 204 358 318 294 201 339 352 214 227 208 272 332 338 196 230 329 283 331 205 335 292 337 313 326 364 365 373 374
208 338 329 265 333 254 309 269 313 200 253 310 246 235 182 347 283 230 298 353 355 344 291 214 335 350 352 190 360 361 369 370
210 226 344 291 214 227 196 350 200 352 275 325 272 327 329 333 254 309 326 310 299 190 235 358 360 361 369 370
226 253 321 310 257 299 312 358 201 309 230 342 344 280 227 352 332 200 347 268 205 325 338 272 203 318 331 324 361 362 370 371
196 328 275 332 200 204 325 338 272 329 318 254 201 324 253 194 310 312 246 237 283 298 344 214 269 205 360 368 369 377
328 337 230 190 291 325 204 355 313 292 350 235 265 246 299 310 214 353 257 329 342 335 366 367 375 376
272 227 200 230 326 205 203 310 182 299 235 312 265 246 292 309 223 253 298 268 353 280 352 190 201 363 364 372 373
325 257 327 342 230 333 324 335 309 205 203 318 312 332 235 280 253 204 298 268 292 275 352 366 367 375 376
338 291 200 194 203 237 339 352 335 265 329 310 223 253 342 257 268 344 321 324 309 269 333 337 318 331 366 367 375 376
326 294 324 275 309 205 318 291 353 344 200 230 283 313 339 237 332 182 329 342 331 333 257 335 337 366 367 375 376
205 269 337 339 190 268 257 327 309 200 194 313 253 352 201 292 347 283 204 342 223 291 333 280 360 361 369 370
269 190 214 299 312 294 309 298 237 246 337 350 339 275 223 327 342 363 364 372 373
344 347 203 318 237 331 353 265 355 310 223 204 332 292 201 254 342 321 294 194 358 367 368 376 377
347 204 230 313 353 201 335 265 299 310 214 327 268 321 309 339 190 254 318 331 312 367 368 376 377
214 329 318 203 254 309 182 313 310 299 246 237 283 230 298 353 190 342 223 291 227 275 321 200 194 360 361 369 370
200 339 352 275 268 318 331 265 333 182 201 203 324 321 257 235 358 294 230 298 342 291 335 337 360 361 369 370
339 230 194 292 331 182 265 246 280 253 204 332 190 201 254 333 318 358 312 291 342 366 367 375 376
280 309 203 298 353 355 352 223 292 283 327 329 331 201 337 321 310 299 230 358 194 364 365 373 374
203 201 337 332 257 204 327 194 333 309 313 182 299 246 298 353 355 360 361 369 370
298 352 265 223 329 324 294 201 254 321 318 309 230 353 292 350 364 365 373 374
352 283 194 201 235 299 327 223 321 294 324 275 190 254 333 227 367 368 376 377
355 235 246 329 310 327 342 253 204 294 324 275 190 333 291 353 283 313 194 292 367 368 376 377
223 235 182 358 204 291 337 350 275 190 201 283 342 331 333 254 324 313 194 253 361 362 370 371
230 332 268 318 331 254 324 313 190 253 257 246 292 335 361 362 370 371
353 182 335 265 246 294 309 201 318 342 283 313 292 367 368 376 377
342 331 312 182 227 246 291 313 292 335 358 265 299 275 194 333 337 318 367 368 376 377
283 350 358 292 333 201 324 337 257 268 309 194 182 227 364 365 373 374
350 313 194 182 335 235 329 310 327 253 204 257 268 294 275 190 254 333 337 318 331 312 291 367 368 376 377
318 335 257 332 294 237 312 182 204 268 313 201 327 235 365 366 374 375
358 268 201 335 333 299 227 291 294 309 292 237 182 246 310 367 368 376 377
253 299 312 292 201 337 327 329 237 182 335 235 246 324 313 362 363 371 372
299 313 275 190 201 257 329 335 194 324 337 237 246 310 291 364 365 373 374
313 254 327 329 324 321 182 235 265 365 366 374 375
309 337 257 268 310 312 294 275 190 204 327 329 331 237 333 365 366 374 375
292 332 327 190 265 329 331 324 337 321 275 312 194 246 364 365 373 374
190 310 312 294 332 204 331 333 254 360 368 369 377
312 268 333 324 294 227 194 237 182 235 332 310 365 366 374 375
257 294 254 291 227 275 194 331 335 324 337 235 332 362 363 371 372
294 332 227 194 327 331 237 235 265 246 364 365 373 374
329 227 235 310 333 335 268 324 201 254 366 367 375 376
227 331 265 333 204 235 361 362 370 371
268 310 194 237 265 246 327 333 335 324 363 364 372 373
310 327 237 235 246 321 204 365 366 374 375
331 333 291 332 265 204 254 366 367 375 376
321 254 182 194 237 235 333 324 337 366 367 375 376
324 201 333 275 366 367 375 376
332 194 237 265 246 333 275 201 254 291 366 367 375 376
275 194 237 235 265 254 327 335 363 364 372 373
337 333 237 182 246 291 235 366 367 375 376
182 291 333 335 327 265 201 194 246 235 237 360 368 369 377
194 204 265 201 246 235 360 368 369 377
235 201 265 333 254 237 361 362 370 371
204 237 335 327 333 254 201 360 361 369 370
237 291 333 254 335 246 361 362 370 371
265 291 333 335 363 364 372 373
201 246 335 327 360 361 369 370
254 335 291 246 362 363 371 372
335 246 291 327 366 367 375 376
291 327 364 365 373 374
333 246 366 367 375 376
246 362 363 371 372
327 366 367 375 376
360
361
362
363
364
365
366
367
368
369
370
371
372
373
374
375
376
377
