#/usr/local/lib/python3.10/dist-packages/colab_kernel_launcher.py -f /root/.local/share/jupyter/runtime/kernel-dea7114a-48f2-47cd-9840-9590734c419b.json
# GMT Thu May 23 21:47:34 2024
# 
15 21 1 3 14 16 18 12 2 4 8 20 0 11 17 5 19 7 9 45 46 48 49 51 52 54 55 57 58
21 18 9 13 1 3 14 16 20 10 12 2 6 4 19 8 0 11 46 47 49 50 52 53 55 56 58 59
6 18 11 20 13 2 4 8 17 5 10 19 0 1 14 7 16 9 44 47 48 50 51 53 54 56 57 59
18 8 19 5 13 11 17 1 14 3 7 9 20 10 16 2 45 46 48 49 51 52 55 56 58 59
16 20 11 0 17 5 7 9 13 14 10 12 2 4 8 45 46 48 49 51 52 54 55 57 58
20 10 12 2 19 8 0 11 17 1 5 7 13 3 45 46 49 50 52 53 55 56 58 59
7 17 10 0 12 14 5 9 1 11 3 13 2 4 44 45 47 48 50 51 53 54 56 57 59
17 9 13 3 14 10 12 2 8 0 11 5 19 45 46 48 49 51 52 54 55 58 59
4 9 2 11 13 8 0 10 19 1 3 12 5 14 44 46 47 49 50 53 54 56 57 59
9 8 10 19 12 14 5 3 11 13 2 44 45 47 48 50 51 53 54 56 57
3 13 8 10 19 1 12 5 14 2 0 44 46 47 49 50 52 53 56 57 59
13 19 12 14 2 8 0 11 1 44 45 48 49 51 52 54 55 57 58
5 10 0 19 12 14 1 11 8 44 46 47 50 51 53 54 56 57 59
10 1 19 12 14 2 11 0 44 45 47 48 50 51 53 54 57 58
8 11 1 19 12 0 14 44 45 47 48 50 51 53 54 56 57 59
0 14 2 1 19 12 44 46 47 49 50 52 53 55 56 58 59
19 1 14 12 2 45 46 48 49 52 53 55 56 58 59
14 11 1 45 46 48 49 51 52 54 55 57 58
11 2 1 12 44 45 47 48 50 51 54 55 57 58
2 1 12 44 46 47 49 50 52 53 55 56 59
1 12 44 46 47 49 50 52 53 55 56 58 59
12 44 45 47 48 51 52 54 55 57 58
37 43 23 36 38 40 32 34 24 28 30 33 22 39 27 41 29 31 35 45 46 48 49 51 52 54 55 57 58
43 39 27 29 31 23 36 25 38 42 32 34 28 26 41 30 22 33 46 47 49 50 52 53 55 56 58 59
28 40 33 42 25 35 24 26 30 39 32 41 22 23 36 29 31 44 47 48 50 51 53 54 56 57 59
40 30 41 34 26 27 35 22 33 39 23 25 36 29 42 32 38 45 46 48 49 51 52 55 56 58 59
38 42 33 22 39 41 29 31 35 23 25 32 34 24 26 30 45 46 48 49 51 52 54 55 57 58
42 32 34 24 26 30 41 22 33 23 27 29 31 35 36 45 46 49 50 52 53 55 56 58 59
29 39 41 22 34 36 27 31 33 25 35 24 26 44 45 47 48 50 51 53 54 56 57 59
39 31 35 25 36 32 34 24 26 30 33 27 41 45 46 48 49 51 52 54 55 58 59
26 31 24 33 35 30 22 32 41 23 25 36 44 46 47 49 50 53 54 56 57 59
31 30 34 22 36 27 23 25 33 35 24 44 45 47 48 50 51 53 54 56 57
25 35 30 32 41 23 34 27 33 24 22 44 46 47 49 50 52 53 56 57 59
35 41 34 36 27 33 22 23 32 44 45 48 49 51 52 54 55 57 58
27 32 22 41 34 36 23 33 24 30 44 46 47 50 51 53 54 56 57 59
32 23 41 34 36 24 30 22 44 45 47 48 50 51 53 54 57 58
30 33 23 24 41 34 36 44 45 47 48 50 51 53 54 56 57 59
22 36 24 23 41 34 44 46 47 49 50 52 53 55 56 58 59
41 34 24 33 45 46 48 49 52 53 55 56 58 59
33 36 24 23 44 45 47 48 50 51 54 55 57 58
36 23 34 24 45 46 48 49 51 52 54 55 57 58
24 23 34 44 46 47 49 50 52 53 55 56 59
23 34 44 46 47 49 50 52 53 55 56 58 59
34 44 45 47 48 51 52 54 55 57 58
44
45
46
47
48
49
50
51
52
53
54
55
56
57
58
59
