#/usr/local/lib/python3.10/dist-packages/colab_kernel_launcher.py -f /root/.local/share/jupyter/runtime/kernel-dea7114a-48f2-47cd-9840-9590734c419b.json
# GMT Thu May 23 19:25:37 2024
# 
17 58 71 25 61 2 38 5 28 16 70 0 60 27 40 72 62 52 29 19 11 51 14 64 41 54 9 1 12 15 63 53 66 43 56 33 13 23 65 68 22 35 4 7 67 44 57 10 34 47 24 37 8 69 46 59 36 49 26 148 149 152 153 157 158 161
58 62 50 51 32 65 34 46 64 14 44 25 26 56 28 9 10 40 12 43 27 57 29 41 13 68 67 4 5 21 22 52 24 54 55 69 36 59 8 72 39 20 53 71 61 18 30 60 47 73 19 49 63 1 31 33 15 45 150 151 155 156 159 160
36 71 48 51 30 11 14 60 73 25 50 63 40 28 9 31 12 72 62 52 65 32 42 64 54 44 23 4 26 7 53 10 66 43 56 24 27 8 55 68 45 18 67 57 2 70 47 35 37 0 22 3 59 6 49 20 34 149 150 153 154 158 159
71 39 20 50 53 34 67 30 11 14 44 25 28 9 31 12 64 15 45 48 59 51 62 13 65 46 7 37 10 40 43 24 54 27 57 8 38 60 41 18 73 2 5 35 16 68 19 49 0 22 52 3 33 63 55 6 151 152 156 157 160 161
28 67 3 47 37 20 46 59 49 11 14 48 61 25 38 9 1 12 70 15 60 73 50 40 30 13 72 62 39 52 29 42 4 26 51 7 41 10 54 31 21 24 8 53 66 56 33 18 68 45 2 35 5 16 0 148 149 153 154 158 159
67 1 12 42 64 45 48 29 59 60 32 62 13 23 26 56 7 37 10 40 21 43 54 27 57 8 38 39 41 18 2 5 35 16 19 49 0 22 52 33 63 6 66 68 20 50 51 65 70 30 11 44 25 69 151 152 155 156 160 161
29 32 68 45 35 57 34 70 2 37 5 16 19 0 69 22 46 3 59 6 49 20 48 51 11 73 14 25 9 12 72 15 62 39 52 42 13 64 41 31 44 23 26 7 53 66 43 10 56 21 24 27 8 65 55 148 149 153 154 158 159
32 55 68 13 35 34 70 47 23 37 4 5 7 69 21 22 59 24 49 6 39 8 20 48 61 18 30 73 50 14 63 40 16 19 0 1 31 3 15 52 65 42 64 41 54 25 26 53 43 9 10 56 33 46 27 149 150 153 154 158 159
8 9 51 64 41 54 31 44 21 11 53 66 43 20 56 33 23 2 65 5 55 68 45 22 0 3 34 47 24 14 46 59 13 49 26 16 48 1 61 38 15 70 73 27 63 40 30 62 39 19 7 148 152 153 156 157 161
9 44 57 34 24 14 56 69 23 59 13 2 26 5 68 0 3 61 38 6 70 60 37 73 50 40 72 49 62 39 52 19 51 18 54 31 21 63 53 30 66 20 10 4 42 7 55 45 22 35 12 148 152 153 156 157 161
40 41 54 2 44 5 35 53 22 66 43 33 56 6 39 65 55 68 45 30 11 57 70 1 31 12 15 69 46 13 48 51 23 26 60 7 73 37 50 63 10 21 24 27 38 62 52 42 18 64 149 150 154 155 158 159
41 42 21 24 38 39 64 44 53 18 66 43 2 5 35 16 19 55 68 3 45 33 6 20 34 57 70 47 30 11 49 25 1 31 15 48 61 13 60 50 63 23 72 4 26 62 7 37 52 10 149 150 154 155 158 159
68 59 51 62 65 73 46 25 26 7 43 54 57 38 60 18 2 4 5 35 16 19 49 3 33 63 55 6 39 20 50 70 34 69 30 72 11 44 47 31 61 12 42 64 15 45 48 151 152 155 156 160 161
21 64 7 54 31 63 66 23 65 55 18 45 22 35 2 16 44 0 57 34 3 47 24 6 20 56 69 46 59 49 26 11 48 25 38 1 12 60 15 37 73 27 30 13 72 39 52 42 4 51 148 149 152 153 157 158
64 43 24 54 27 57 38 60 70 69 18 72 2 5 35 16 49 0 22 52 3 33 63 55 39 20 53 73 34 11 65 14 44 47 1 31 42 15 45 59 62 46 66 23 56 7 37 151 152 155 156 160 161
42 44 57 18 2 69 4 5 46 35 16 49 19 33 6 39 61 20 34 70 60 73 50 11 14 62 52 31 15 51 13 54 63 53 66 43 56 23 26 7 37 10 65 55 24 45 27 38 149 150 154 155 158 159
33 38 70 23 4 73 50 63 10 24 72 27 39 52 44 2 5 16 19 53 0 66 43 22 56 6 20 65 55 45 35 30 11 57 34 47 14 37 25 1 12 69 15 59 13 48 61 149 150 153 154 158 159
38 51 20 54 53 66 30 56 11 25 65 1 31 55 12 45 15 44 57 47 69 23 59 4 26 49 7 37 10 24 48 27 61 60 73 50 18 2 5 35 16 62 39 52 0 22 149 150 154 155 158 159
25 34 15 47 56 69 46 59 26 11 48 61 10 70 24 37 73 50 27 13 72 39 52 23 4 5 7 51 19 54 22 3 63 20 53 30 43 65 18 55 45 14 16 0 1 57 148 149 153 154 157 158
34 1 31 12 48 15 51 13 60 73 50 63 23 62 39 52 7 27 54 44 53 43 18 56 2 5 16 65 19 55 0 45 3 6 20 57 70 47 69 30 46 11 14 49 149 150 153 154 158 159
44 47 10 12 43 27 59 48 61 18 51 4 35 7 37 60 19 73 50 22 3 6 39 20 72 62 52 30 2 54 14 16 53 15 56 65 55 45 11 23 57 26 149 150 154 155 159 160
47 57 70 1 31 15 45 69 72 49 13 48 61 23 4 26 7 37 60 73 10 50 63 43 24 62 65 18 2 54 5 35 16 0 22 3 53 66 6 39 20 55 11 14 149 150 154 155 159 160
10 54 31 11 4 53 66 43 7 20 56 23 55 45 22 35 12 70 24 37 2 5 46 0 59 26 39 16 48 61 15 51 18 60 50 27 63 30 1 72 52 19 148 152 153 156 157 161
54 43 24 27 66 56 18 2 5 16 19 49 0 52 3 6 39 70 50 53 69 11 14 61 1 31 12 15 48 60 51 73 13 63 72 62 4 7 37 150 151 155 156 159 160
2 50 27 30 7 62 6 19 51 31 11 53 66 43 20 56 23 65 55 45 22 35 12 57 0 24 14 4 69 46 59 13 49 3 5 70 1 60 148 151 152 156 157 161
50 5 35 19 49 51 0 22 3 6 60 73 20 63 72 62 52 30 14 1 31 12 15 48 13 53 66 65 55 23 4 26 43 24 57 70 69 59 18 150 151 154 155 159 160
3 15 5 18 70 60 73 27 63 30 7 72 1 62 52 6 19 51 31 66 20 56 23 65 55 45 35 57 24 37 14 4 69 46 59 0 49 26 16 48 61 148 151 152 156 157 161
15 6 57 70 37 69 46 59 49 11 26 1 48 61 51 18 13 60 73 63 30 62 52 4 19 7 53 66 56 23 65 55 45 22 0 35 148 152 153 157 158 161
14 24 37 1 69 46 12 59 49 26 16 13 48 61 51 18 73 27 63 7 30 72 62 39 52 19 31 5 66 43 20 0 6 65 55 22 35 57 70 148 152 153 157 158 161
24 1 12 53 66 56 13 45 35 23 4 57 37 69 46 59 26 18 48 5 51 16 19 0 60 73 6 27 63 30 72 62 39 52 11 148 149 153 154 157 158
13 65 55 45 22 35 11 57 37 46 49 26 16 48 61 4 18 5 7 60 63 6 30 72 62 52 19 51 31 0 1 53 43 20 56 23 148 152 153 157 158 161
65 23 4 70 7 37 22 69 72 53 18 35 19 73 49 0 1 31 63 20 51 62 11 26 56 61 12 43 66 45 27 57 59 60 151 152 155 156 160 161
16 70 60 37 73 30 11 62 52 19 1 12 63 53 43 20 23 4 7 55 45 22 35 57 56 69 46 59 49 26 5 0 48 61 6 148 149 152 153 157 158 161
70 31 61 63 45 48 59 51 62 11 26 56 12 43 27 60 4 5 35 7 37 19 49 52 73 55 6 66 39 69 72 18 30 151 152 156 157 160 161
48 39 57 69 59 72 1 31 12 61 51 46 60 73 63 53 23 4 7 37 62 52 43 27 18 66 56 5 19 0 22 55 150 151 154 155 159 160
55 61 46 63 4 26 37 27 18 66 56 5 35 19 49 0 22 6 51 53 57 60 30 11 69 59 72 1 31 12 150 151 155 156 159 160
61 6 20 53 69 11 31 12 45 59 51 73 63 46 72 62 23 4 26 56 7 37 43 27 57 60 66 5 35 19 49 0 22 52 150 151 155 156 160 161
7 11 63 5 53 66 43 20 56 0 23 22 57 37 46 1 59 60 73 27 4 62 39 52 51 18 31 148 152 153 156 157 161
57 1 31 12 51 46 66 23 26 37 27 69 72 18 5 35 19 49 22 52 6 39 20 73 53 30 11 150 151 155 156 159 160
59 30 1 31 12 45 69 23 26 56 60 73 63 43 27 72 62 18 5 35 19 49 0 22 66 6 39 53 150 151 155 156 159 160
5 60 63 72 62 19 1 11 66 43 20 56 23 22 35 4 37 69 49 26 39 6 51 18 148 151 152 156 157 161
60 19 49 22 52 6 20 51 53 66 30 11 1 31 12 46 69 72 23 4 26 56 37 39 18 150 151 155 156 160 161
45 23 69 4 46 26 49 43 27 51 73 63 18 72 19 0 52 22 6 39 20 30 66 11 56 1 31 12 149 150 154 155 159 160
6 51 18 27 30 20 72 0 1 62 52 19 31 11 66 43 56 46 23 22 35 12 37 4 69 49 39 148 152 153 156 157 161
31 27 37 69 46 49 18 51 0 73 63 20 72 62 52 11 1 12 53 43 56 35 4 26 148 149 153 154 158 159
27 19 0 66 43 56 46 35 11 1 12 37 69 72 49 39 23 4 22 73 63 30 62 52 18 148 149 153 154 157 158
51 39 20 30 72 0 1 46 63 26 52 12 43 66 56 23 4 35 37 19 22 150 151 154 155 159 160
43 23 4 26 66 56 46 35 0 69 72 39 20 30 11 73 63 1 53 12 62 52 149 150 154 155 158 159
37 63 0 1 53 12 11 23 26 69 46 18 4 35 73 19 22 62 39 30 149 150 153 154 158 159
1 4 69 49 26 73 63 30 72 62 52 11 0 53 56 46 23 22 12 148 151 152 156 157 160 161
39 18 73 35 63 19 53 0 62 20 52 30 11 26 66 56 12 46 23 4 22 72 149 150 154 155 158 159
11 56 46 49 26 73 30 72 52 18 53 66 0 20 23 22 35 148 152 153 156 157 161
62 18 19 49 0 22 69 53 30 73 63 12 46 23 4 26 56 66 150 151 155 156 160 161
35 63 72 52 4 53 66 18 19 0 22 20 69 46 49 30 12 149 150 153 154 158 159
20 73 30 72 52 18 19 0 53 66 56 23 22 12 69 46 49 26 148 149 152 153 157 158
12 69 46 49 26 4 73 30 72 52 19 0 18 63 66 56 22 148 152 153 157 158 161
4 63 30 66 0 56 69 46 23 26 73 72 49 19 18 148 151 152 156 157 161
63 19 49 73 72 53 30 0 66 46 23 18 150 151 155 156 160 161
18 72 52 0 23 22 69 46 49 26 73 148 149 152 153 157 158
73 49 0 22 52 66 72 53 46 23 26 56 151 152 156 157 160 161
23 53 56 69 46 49 26 22 30 72 148 149 153 154 157 158
53 26 22 19 49 0 52 66 30 46 69 72 150 151 154 155 159 160
30 69 46 49 19 22 72 0 66 56 26 148 149 153 154 158 159
19 72 52 0 66 56 22 69 46 49 26 148 149 152 153 157 158
56 69 22 52 0 72 46 150 151 155 156 159 160
69 46 26 49 0 22 66 72 151 152 155 156 160 161
22 52 66 46 72 49 148 149 153 154 157 158
46 26 49 72 52 66 149 150 154 155 159 160
49 52 66 26 150 151 154 155 159 160
72 0 66 26 52 151 152 156 157 160 161
66 26 0 52 151 152 155 156 160 161
26 52 148 149 153 154 157 158
0 52 148 151 152 156 157 160 161
52 150 151 154 155 159 160
91 132 122 99 135 76 112 79 144 134 77 147 124 80 114 104 146 136 113 126 103 116 93 85 125 138 115 92 128 105 95 83 75 86 89 137 127 140 117 94 130 107 87 97 139 129 119 96 141 131 84 108 121 98 82 143 110 123 100 148 149 152 153 157 158 161
132 122 136 124 125 139 108 138 85 88 118 100 102 84 114 86 140 117 101 103 115 87 142 141 97 78 79 144 111 95 96 126 98 129 143 80 110 112 146 113 94 127 145 135 104 76 90 121 147 123 137 74 75 105 77 107 89 119 150 151 155 156 159 160
110 145 122 135 112 104 85 88 134 147 99 124 114 102 83 75 86 89 103 126 106 116 87 138 115 128 81 127 84 140 117 98 101 82 129 142 119 92 141 131 76 144 121 79 109 111 90 74 96 77 107 120 133 80 113 94 108 149 150 153 154 158 159
145 140 113 143 94 124 108 104 85 88 118 99 121 102 83 75 105 86 116 89 122 133 125 106 136 87 139 120 97 78 100 81 111 114 144 95 117 98 128 101 131 82 134 115 147 76 109 142 93 123 74 146 96 126 77 107 137 151 152 156 157 160 161
102 141 96 77 131 108 121 111 94 120 133 123 85 88 122 135 99 112 83 75 86 144 89 134 124 114 104 87 146 113 103 97 78 125 81 115 128 105 95 118 98 101 82 127 117 130 92 129 106 142 119 76 79 90 93 74 148 149 153 154 158 159
141 83 105 86 116 138 89 119 122 103 133 134 106 87 147 97 78 100 130 146 84 114 95 98 128 129 101 82 112 92 79 109 90 93 123 74 96 126 77 107 80 140 142 94 124 125 127 108 139 104 88 118 99 143 121 151 152 155 156 160 161
114 115 128 76 118 79 109 90 93 74 127 96 77 117 130 113 129 142 119 131 88 144 121 99 75 105 86 89 120 133 103 123 106 87 135 125 97 78 100 134 81 124 137 84 95 98 101 82 112 136 126 116 138 149 150 154 155 158 159
115 116 95 101 82 138 128 118 92 76 79 109 90 93 74 129 96 142 77 119 107 80 94 144 121 104 85 143 120 133 88 123 99 83 89 122 135 103 125 106 87 147 124 137 146 78 100 136 81 111 126 84 139 149 150 154 155 158 159
74 79 144 111 147 124 101 78 146 123 136 126 103 80 116 83 125 138 92 128 82 95 137 127 104 117 107 84 97 129 106 142 96 86 76 85 121 98 75 88 130 143 120 133 87 100 90 122 99 135 112 89 148 151 152 156 157 160 161
79 147 77 124 101 104 81 146 136 126 103 93 106 138 105 82 118 95 75 85 140 117 130 107 84 97 139 129 142 119 96 109 86 99 78 131 144 98 88 120 133 123 100 113 90 80 122 112 76 89 92 148 151 152 156 157 161
103 142 119 109 92 144 121 111 90 93 143 96 120 77 133 80 123 122 135 125 147 88 124 137 99 104 83 75 146 89 136 116 138 105 118 97 78 81 127 140 117 84 130 107 95 98 101 82 139 129 148 149 153 154 158 159
142 125 136 87 139 147 97 99 130 81 111 83 84 117 128 101 131 82 112 134 92 76 78 109 90 93 123 96 126 107 137 129 80 140 113 144 108 104 85 88 118 121 75 105 135 86 116 89 119 151 152 155 156 160 161
95 138 81 128 105 84 137 82 127 140 117 97 139 129 92 106 119 109 93 118 131 108 77 121 80 94 130 143 120 133 85 122 135 112 83 75 144 86 134 89 147 101 104 87 146 126 116 78 125 148 149 152 153 157 158
138 117 98 128 101 131 82 112 134 144 143 92 146 76 109 90 93 123 96 126 77 107 137 80 113 94 124 127 108 139 118 99 121 105 135 119 122 133 125 106 87 120 140 97 78 100 81 111 84 151 152 155 156 160 161
116 118 131 143 78 120 109 133 93 96 107 80 122 113 135 94 108 134 147 124 104 85 88 99 146 136 75 126 105 86 89 125 106 128 137 127 117 130 100 81 111 83 84 139 129 98 101 82 112 149 150 154 155 158 159
107 112 144 97 134 147 100 124 137 84 98 146 82 126 125 92 128 76 90 93 127 140 117 96 130 77 80 94 129 119 109 104 85 131 108 121 111 99 105 86 143 120 89 133 123 87 135 149 150 153 154 158 159
112 125 94 128 108 127 117 104 130 85 88 99 83 105 119 89 106 118 131 121 143 120 97 133 78 100 123 81 111 98 122 101 135 82 134 147 124 137 92 76 146 109 90 113 126 93 149 150 154 155 158 159
99 108 121 130 120 133 100 85 122 83 86 98 134 111 147 124 101 146 136 113 126 97 78 81 125 93 128 105 77 80 82 137 127 104 140 117 139 92 106 109 88 90 75 118 148 149 153 154 157 158
108 83 75 105 86 122 135 106 134 147 124 137 146 97 78 136 113 100 126 81 98 101 82 128 118 117 130 76 90 139 93 129 96 119 77 109 80 94 111 143 104 120 85 133 88 123 149 150 153 154 158 159
118 121 83 84 117 98 143 133 123 122 135 92 125 81 111 134 93 147 124 137 96 77 80 113 94 146 104 76 128 88 90 75 105 127 140 89 106 87 139 129 119 85 131 144 149 150 154 155 159 160
121 131 144 83 75 105 86 89 119 143 133 146 123 106 87 135 125 97 78 100 81 111 134 147 84 124 137 117 98 101 139 92 76 90 96 127 80 94 129 104 85 88 149 150 154 155 159 160
84 128 105 85 127 140 117 81 130 87 139 82 129 119 96 109 86 131 98 111 88 76 143 133 123 100 113 80 90 135 89 92 134 124 101 137 104 83 146 136 126 93 106 148 152 153 156 157 161
128 117 98 101 82 130 92 139 76 109 90 93 123 126 77 80 131 113 144 94 124 127 143 133 104 88 135 86 89 134 147 106 87 137 120 146 136 97 78 81 111 150 151 155 156 159 160
96 87 134 147 137 127 104 136 78 139 81 106 82 117 130 92 120 97 76 90 129 93 119 109 80 94 131 98 111 101 143 85 146 123 88 113 83 75 122 125 148 149 153 154 157 158
88 98 83 75 143 86 133 123 100 90 87 122 135 125 92 147 124 101 137 81 104 146 136 113 126 93 106 105 76 140 117 77 97 80 139 129 119 131 144 148 152 153 157 158 161
98 105 83 75 86 89 127 140 117 130 87 139 119 109 97 78 81 131 111 120 123 100 135 125 90 77 134 147 80 124 137 94 104 136 113 126 85 148 149 153 154 157 158
140 97 78 130 81 111 147 117 101 131 82 134 146 92 76 109 93 123 126 77 137 129 80 113 94 124 127 104 144 83 75 105 135 86 89 119 143 133 125 106 136 87 139 151 152 155 156 160 161
87 139 129 106 119 85 83 111 86 143 120 133 123 90 135 89 92 81 134 147 101 137 80 104 82 146 136 113 126 125 76 105 77 127 117 94 130 97 148 152 153 157 158 161
139 97 78 144 126 129 143 82 146 127 92 109 90 93 123 75 105 77 137 122 94 124 125 106 120 100 130 83 135 86 117 89 119 101 131 133 134 151 152 155 156 160 161
122 113 94 131 144 104 143 133 146 123 83 75 105 86 89 135 125 106 120 134 147 137 127 97 78 100 81 111 136 126 117 101 82 76 130 109 90 93 77 150 151 154 155 159 160
129 135 106 120 147 137 97 78 100 136 101 92 76 130 109 90 123 126 77 80 113 94 124 125 127 131 134 104 85 143 133 83 75 105 89 119 150 151 155 156 159 160
135 113 94 144 127 143 104 85 83 75 105 86 119 133 125 147 120 146 136 97 78 100 130 111 117 131 92 109 90 93 123 126 77 150 151 155 156 160 161
81 76 137 127 117 94 130 97 80 119 109 86 131 111 143 120 75 133 123 100 89 144 134 147 101 78 104 136 113 126 83 125 92 105 82 148 152 153 156 157 161
131 83 75 105 86 89 119 125 106 120 97 78 100 130 111 101 82 144 143 92 109 90 93 123 126 77 113 134 124 147 127 137 136 104 150 151 155 156 159 160
83 143 120 133 76 90 77 89 80 144 134 111 124 101 146 136 113 126 93 75 125 92 137 127 117 94 78 106 119 109 86 148 152 153 156 157 161
119 106 144 97 143 120 133 100 123 111 101 82 125 134 137 76 109 90 136 93 126 77 80 113 94 130 75 105 86 89 149 150 154 155 159 160
105 144 111 143 120 133 113 92 76 90 125 93 77 80 134 147 124 137 94 146 136 104 106 85 127 117 130 97 100 148 149 153 154 158 159
76 101 104 146 136 113 126 80 93 125 82 85 137 127 117 94 130 106 111 78 143 120 133 100 77 90 89 144 75 134 147 148 151 152 156 157 161
101 90 77 80 94 117 130 120 109 85 75 144 86 89 111 143 146 113 97 100 134 137 127 136 126 92 106 148 149 153 154 157 158
106 109 97 111 78 143 133 146 123 80 82 94 125 92 134 147 124 90 77 89 136 126 85 100 127 117 86 120 149 150 153 154 158 159
125 80 113 94 144 92 104 143 90 75 77 147 137 127 85 100 136 126 86 117 130 78 109 111 93 150 151 154 155 159 160
77 92 144 134 137 146 75 136 113 126 80 93 82 85 127 94 97 109 86 111 78 143 120 133 123 100 148 151 152 156 157 161
117 97 78 100 111 130 120 82 144 109 90 93 80 133 113 123 147 124 137 75 86 89 136 149 150 154 155 158 159
109 134 147 124 146 136 113 126 78 100 82 127 130 90 93 80 144 111 94 120 123 104 85 75 86 89 149 150 153 154 158 159
134 90 93 123 80 94 124 104 85 75 86 89 144 133 120 143 146 97 100 130 111 113 147 92 150 151 155 156 160 161
144 75 137 133 136 120 85 100 130 86 97 78 111 93 123 126 147 80 82 113 94 124 127 146 104 151 152 156 157 160 161
147 90 93 126 143 94 124 146 127 104 85 75 86 89 136 120 97 78 100 130 82 92 151 152 156 157 160 161
113 92 124 90 137 93 127 75 89 136 94 104 85 100 130 86 120 97 78 80 146 82 149 150 154 155 158 159
90 124 104 85 146 93 86 89 92 137 127 94 97 78 130 143 123 100 80 148 149 152 153 157 158 161
124 93 80 94 137 146 136 104 85 75 89 127 120 130 97 78 100 111 82 143 133 92 150 151 154 155 159 160
80 89 137 104 146 75 126 93 82 85 127 130 120 86 111 78 133 123 148 152 153 156 157 161
89 111 143 120 133 123 85 100 75 86 92 104 146 136 126 78 130 97 148 152 153 157 158 161
136 92 93 123 126 143 94 127 104 85 75 137 86 133 146 97 78 100 130 82 150 151 155 156 160 161
143 104 85 75 86 133 97 78 100 130 111 82 92 93 123 126 146 127 151 152 155 156 160 161
94 78 137 82 104 146 126 93 75 127 130 97 85 111 120 133 123 100 148 149 152 153 157 158
86 120 133 100 78 82 146 126 93 92 137 127 97 85 75 148 152 153 157 158 161
78 137 127 104 85 130 97 133 100 111 146 123 92 82 148 151 152 156 157 161
137 111 93 123 126 146 75 120 85 97 100 130 92 150 151 155 156 160 161
92 146 126 93 127 75 130 97 85 111 120 133 123 100 82 148 149 152 153 157 158
75 123 100 104 146 126 93 82 85 127 130 120 148 151 152 156 157 160 161
97 127 82 111 120 133 100 93 104 85 148 149 153 154 157 158
127 111 82 93 123 126 130 85 146 150 151 154 155 159 160
104 120 133 123 93 126 130 100 82 111 148 149 153 154 158 159
93 126 130 85 120 133 123 82 148 149 152 153 157 158
85 130 120 133 123 100 82 111 146 126 148 152 153 156 157 161
130 111 82 133 123 146 120 150 151 155 156 159 160
120 100 133 123 111 82 146 126 149 150 154 155 159 160
123 126 100 111 82 133 150 151 154 155 159 160
111 100 133 82 146 126 149 150 153 154 158 159
146 133 100 82 151 152 156 157 160 161
82 133 100 126 148 152 153 156 157 161
133 100 126 150 151 155 156 159 160
100 126 148 149 153 154 157 158
126 150 151 154 155 159 160
148
149
150
151
152
153
154
155
156
157
158
159
160
161
