#/usr/local/lib/python3.10/dist-packages/colab_kernel_launcher.py -f /root/.local/share/jupyter/runtime/kernel-dea7114a-48f2-47cd-9840-9590734c419b.json
# GMT Thu May 23 22:22:34 2024
# 
15 21 14 3 16 25 6 9 1 4 20 24 19 7 23 18 10 2 5 13 27 8 22 0 11 17 26 56 57 59 60 62 63 66 67 69 70
21 18 7 27 22 26 2 5 13 16 8 19 11 0 25 14 3 24 6 23 17 9 1 20 12 4 57 58 60 61 63 64 66 67 69 70
7 17 26 12 16 11 2 5 25 20 24 10 19 0 14 23 9 3 6 1 27 13 22 4 8 56 58 59 62 63 65 66 68 69 71
17 10 25 2 20 24 19 5 13 23 16 8 11 0 14 3 18 27 22 26 9 1 12 4 56 57 60 61 63 64 66 67 69 70
26 18 10 2 5 24 16 19 8 0 11 22 3 14 25 6 9 1 20 23 12 27 4 57 58 61 62 64 65 67 68 70 71
18 8 3 14 16 6 0 11 1 25 20 24 19 23 9 10 2 12 4 5 13 27 22 57 58 60 61 63 64 66 67 69 70
8 9 2 5 27 13 22 12 0 16 11 3 6 1 25 20 24 10 19 14 23 56 59 60 62 63 65 66 68 69 71
9 0 3 25 11 20 24 6 10 19 14 1 4 23 13 22 2 12 5 16 56 57 59 60 62 63 65 66 68 69 71
0 5 14 23 27 4 13 22 3 12 2 25 11 20 6 24 1 10 19 56 58 59 61 62 64 65 67 68 70 71
5 3 27 22 12 16 1 11 6 4 20 2 24 10 19 14 23 13 56 58 59 61 62 64 65 68 69 71
14 11 24 19 3 6 1 12 4 27 22 16 25 10 2 13 20 56 57 59 60 62 63 65 66 69 70
11 23 10 2 4 27 13 12 16 3 6 25 20 1 24 19 56 57 59 60 62 63 65 66 68 69 71
23 22 3 6 25 24 1 20 12 10 2 27 4 13 16 19 57 58 60 61 63 64 66 67 70 71
10 27 22 3 12 6 16 25 1 4 20 24 19 2 13 56 57 59 60 62 63 65 66 68 69 71
27 2 22 13 24 16 19 3 25 6 1 20 12 4 58 59 61 62 64 65 67 68 70 71
3 6 24 19 4 13 22 12 16 25 1 20 56 58 59 61 62 64 65 67 68 70 71
6 24 19 13 4 22 2 12 16 25 20 1 56 58 59 61 62 65 66 68 69 71
24 1 20 12 25 4 2 13 16 22 57 58 60 61 63 64 67 68 70 71
16 2 22 13 25 20 19 1 12 4 56 57 59 60 63 64 66 67 69 70
12 2 25 20 19 13 22 1 4 56 57 59 60 62 63 65 66 68 69 71
25 4 19 2 22 13 1 20 57 58 60 61 64 65 67 68 70 71
22 2 13 19 1 20 4 57 58 60 61 63 64 66 67 69 70
2 13 20 19 4 1 56 58 59 61 62 64 65 67 68 70 71
19 1 4 13 20 57 58 60 61 63 64 66 67 69 70
13 1 20 4 56 57 59 60 62 63 65 66 68 69
20 4 57 58 60 61 63 64 66 67 69 70
4 1 56 58 59 61 62 64 65 67 68 71
1 56 58 59 61 62 64 65 67 68 70 71
43 49 42 31 44 53 34 37 29 40 48 52 47 35 51 46 38 30 33 41 55 36 50 28 39 45 54 56 57 59 60 62 63 66 67 69 70
49 46 35 55 50 38 54 30 33 41 44 36 47 39 28 53 31 42 52 34 51 45 29 48 40 32 57 58 60 61 63 64 66 67 69 70
35 45 54 40 44 39 30 33 53 52 38 47 28 42 51 37 31 34 29 46 55 41 50 32 36 56 58 59 62 63 65 66 68 69 71
45 38 53 30 48 47 33 41 51 44 36 39 28 31 42 46 55 34 50 54 37 29 40 32 56 57 60 61 63 64 66 67 69 70
46 54 36 42 31 44 34 28 29 53 48 52 47 51 37 38 30 40 32 33 41 55 50 57 58 60 61 63 64 66 67 69 70
54 38 30 33 41 52 44 36 39 28 50 42 31 53 34 37 29 48 40 51 55 32 57 58 61 62 64 65 67 68 70 71
36 37 30 33 55 41 50 40 28 44 39 31 34 29 53 48 52 32 47 42 51 56 59 60 62 63 65 66 68 69 71
37 28 31 53 39 48 52 34 38 47 42 29 32 51 55 41 50 30 40 33 44 56 57 59 60 62 63 65 66 68 69 71
28 33 42 51 55 32 50 31 40 44 30 53 39 48 34 52 29 38 47 56 58 59 61 62 64 65 67 68 70 71
33 31 55 50 40 53 29 39 34 32 48 30 52 38 47 42 51 41 56 58 59 61 62 64 65 68 69 71
39 42 51 38 30 32 55 41 50 40 44 31 34 53 48 29 52 47 56 57 59 60 62 63 65 66 68 69 71
42 52 47 31 51 34 40 32 55 50 44 53 38 30 41 48 56 57 59 60 62 63 65 66 69 70
51 50 31 34 52 29 48 40 38 30 55 32 41 44 47 57 58 60 61 63 64 66 67 70 71
38 55 50 31 40 34 44 53 29 32 48 52 47 30 41 56 57 59 60 62 63 65 66 68 69 71
55 30 50 52 41 44 47 31 53 34 29 48 32 58 59 61 62 64 65 67 68 70 71
31 34 52 47 32 41 50 40 44 53 29 48 56 58 59 61 62 64 65 67 68 70 71
34 52 47 41 32 30 40 44 53 48 29 56 58 59 61 62 65 66 68 69 71
52 29 48 40 53 32 30 41 44 47 50 57 58 60 61 63 64 67 68 70 71
44 30 50 41 53 48 47 29 40 32 56 57 59 60 63 64 66 67 69 70
40 30 53 48 47 41 50 29 32 56 57 59 60 62 63 65 66 68 69 71
53 32 47 30 50 41 29 48 57 58 60 61 64 65 67 68 70 71
50 30 41 47 29 48 32 57 58 60 61 63 64 66 67 69 70
30 41 48 47 32 29 56 58 59 61 62 64 65 67 68 70 71
47 29 32 41 48 57 58 60 61 63 64 66 67 69 70
41 29 48 32 56 57 59 60 62 63 65 66 68 69
48 32 29 57 58 60 61 63 64 66 67 69 70
32 29 56 58 59 61 62 64 65 67 68 71
29 56 58 59 61 62 64 65 67 68 70 71
56
57
58
59
60
61
62
63
64
65
66
67
68
69
70
71
