#/usr/local/lib/python3.10/dist-packages/colab_kernel_launcher.py -f /root/.local/share/jupyter/runtime/kernel-6c0fbf18-c276-4b2d-9452-8819c27dba4d.json
# GMT Sat May 25 00:21:37 2024
# 
15 21 23 14 3 16 10 12 6 8 20 11 24 17 5 19 7 9 13 51 52 54 55 58 59 61 62 65 66
21 17 18 7 9 13 1 14 16 22 10 12 2 6 19 23 11 0 52 53 55 56 59 60 62 63 66 67
6 18 11 3 13 22 2 24 4 8 5 12 1 14 23 16 9 50 53 54 57 58 60 61 64 65 67
18 8 19 12 4 13 0 11 1 14 7 9 20 22 16 24 2 51 52 55 56 58 59 62 63 65 66
16 20 22 0 17 19 7 9 13 1 23 14 12 2 8 51 52 54 55 58 59 62 63 65 66
20 22 10 24 12 2 4 19 11 17 5 7 9 13 14 3 51 52 55 56 59 60 62 63 66 67
7 17 19 0 12 23 5 1 11 22 2 4 24 8 50 51 53 54 57 58 60 61 64 65 67
17 9 13 1 3 10 12 2 4 8 24 0 11 5 51 52 55 56 58 59 62 63 65 66
3 13 22 8 19 1 12 5 14 23 9 11 2 4 0 50 53 54 56 57 60 61 63 64 67
13 19 12 4 8 5 0 11 9 22 10 50 51 54 55 58 59 61 62 65 66
5 10 19 0 14 23 9 1 22 2 4 8 50 53 54 56 57 60 61 64 65 67
10 9 1 22 24 19 14 2 23 4 8 11 0 50 51 54 55 57 58 61 62 64 65
8 9 11 1 2 4 12 0 23 50 51 53 54 57 58 60 61 64 65
9 19 12 14 23 11 24 50 51 53 54 57 58 61 62 64 65
22 14 23 12 2 4 0 24 1 52 53 55 56 59 60 62 63 66 67
19 1 24 2 4 23 0 11 51 52 55 56 58 59 62 63 66 67
14 11 0 24 1 23 2 4 51 52 54 55 58 59 61 62 65 66
11 2 23 0 24 50 51 54 55 57 58 61 62 64 65
0 4 24 1 12 50 52 53 56 57 59 60 63 64 66 67
2 24 1 12 50 52 53 56 57 60 61 63 64 67
23 4 24 1 12 52 53 55 56 59 60 63 64 66 67
1 24 4 50 52 53 56 57 59 60 63 64 67
24 12 4 52 53 56 57 59 60 63 64 66 67
12 4 50 51 54 55 57 58 61 62 65 66
4 50 53 54 56 57 60 61 63 64 67
41 45 25 40 42 30 44 32 34 38 46 26 48 39 28 27 31 29 33 51 52 54 55 58 59 62 63 65 66
45 31 47 35 49 37 44 46 48 36 40 42 26 30 32 43 34 28 51 52 55 56 59 60 62 63 66 67
32 42 37 46 48 30 34 36 28 43 47 27 31 40 49 29 33 50 51 53 54 57 58 60 61 64 65 67
42 46 38 26 39 28 35 43 27 29 47 49 36 25 44 30 51 52 55 56 58 59 62 63 65 66
29 34 48 27 43 47 31 33 25 35 44 26 37 46 30 39 50 53 54 56 57 60 61 63 64 67
34 33 35 44 37 25 46 39 30 26 28 43 36 38 40 50 51 53 54 57 58 61 62 64 65
30 35 25 44 37 48 43 28 31 27 40 49 33 50 53 54 56 57 60 61 64 65 67
35 26 28 40 49 44 39 48 31 33 43 36 25 38 50 51 54 55 57 58 61 62 64 65
33 26 28 38 47 40 27 49 31 44 37 25 48 50 51 53 54 57 58 60 61 64 65
28 47 40 49 26 46 39 43 36 27 25 50 53 54 56 57 60 61 63 64 67
47 39 48 37 27 31 26 46 36 40 43 38 49 52 53 55 56 59 60 62 63 66 67
46 38 26 39 49 37 27 31 44 48 36 52 53 55 56 59 60 62 63 66 67
25 39 43 36 38 31 40 49 26 44 37 50 52 53 56 57 59 60 63 64 66 67
39 36 40 49 44 38 26 43 37 31 51 52 54 55 58 59 61 62 65 66
44 43 38 37 27 31 48 36 51 52 55 56 58 59 62 63 66 67
36 27 48 31 43 26 49 37 50 51 54 55 57 58 61 62 64 65
27 38 40 49 26 37 48 43 50 52 53 56 57 60 61 63 64 67
48 40 43 38 49 26 31 52 53 55 56 59 60 63 64 66 67
38 31 37 43 26 40 49 50 51 54 55 58 59 61 62 65 66
31 40 37 26 50 53 54 57 58 60 61 64 65 67
26 49 50 52 53 56 57 59 60 63 64 67
49 37 40 52 53 56 57 59 60 63 64 66 67
40 43 37 51 52 54 55 58 59 61 62 65 66
43 37 51 52 55 56 58 59 62 63 65 66
37 50 51 54 55 57 58 61 62 65 66
50
51
52
53
54
55
56
57
58
59
60
61
62
63
64
65
66
67
