#/usr/local/lib/python3.10/dist-packages/colab_kernel_launcher.py -f /root/.local/share/jupyter/runtime/kernel-2119b688-3f38-4b5a-b3d6-e140ef2e0719.json
# GMT Fri May 24 12:26:13 2024
# 
17 58 71 48 25 61 2 38 28 16 70 0 60 3 73 50 27 40 30 72 62 39 75 52 19 11 74 51 14 64 41 18 54 31 21 1 12 15 63 76 53 66 43 20 56 33 13 23 65 78 55 32 68 22 35 4 77 7 67 44 57 10 34 47 24 37 8 69 46 59 36 49 26 160 163 164 167 168 171 172 175
58 48 62 50 51 75 32 65 34 46 74 64 77 14 26 56 28 9 10 76 40 12 66 42 43 79 57 29 41 13 78 68 67 23 4 5 70 35 7 37 21 22 52 24 54 69 6 36 59 8 38 72 39 20 53 61 18 30 2 16 47 73 19 49 63 0 1 31 3 33 15 45 161 162 165 166 169 170 173 174
36 71 48 61 38 30 11 14 60 73 25 63 40 28 9 1 31 15 72 62 75 29 52 65 32 42 13 74 64 41 77 54 44 23 4 26 76 53 10 66 43 21 56 24 27 8 78 55 68 45 18 67 57 2 70 47 5 35 37 16 19 0 3 69 33 46 59 6 49 39 20 160 161 164 165 168 169 172 173
71 66 39 69 20 50 53 34 74 67 77 30 11 76 14 44 25 47 28 9 1 31 61 12 42 64 15 78 48 29 59 51 32 62 13 65 46 23 4 26 79 56 10 40 70 21 43 24 54 27 8 38 60 18 73 2 5 35 16 68 19 49 0 72 52 3 33 75 63 55 6 162 163 166 167 170 171 174 175
28 67 22 3 57 34 47 6 37 20 79 46 59 49 11 14 48 25 38 9 1 12 70 15 60 73 50 63 40 30 13 72 62 39 75 29 42 23 4 26 74 51 7 64 41 54 31 21 24 27 8 76 53 66 43 56 33 65 18 78 32 68 45 2 35 5 77 19 0 160 161 164 165 168 169 172 173
67 9 1 61 12 42 64 15 45 48 29 59 60 32 62 13 46 73 4 26 56 7 37 72 10 40 21 75 43 24 54 55 27 57 8 38 41 74 18 76 2 5 35 16 19 49 0 22 52 3 33 63 6 66 68 20 50 51 53 65 70 30 11 14 79 44 69 47 162 163 166 167 170 171 174 175
29 32 68 45 35 77 18 57 34 70 47 2 37 5 16 19 79 0 69 22 46 59 6 49 20 61 51 11 60 73 14 50 63 25 40 30 9 1 12 72 15 62 52 42 13 74 41 54 31 44 23 4 26 76 7 53 66 43 10 56 33 21 24 27 8 65 78 55 160 161 164 165 168 169 172 173
32 78 55 68 13 45 35 57 34 47 23 37 4 5 7 79 21 22 59 24 72 6 39 8 20 48 61 38 51 30 2 73 50 14 16 19 0 1 31 3 15 62 75 52 65 42 74 64 41 77 54 44 11 25 76 26 53 66 43 9 10 56 33 12 46 27 160 161 164 165 168 169 172 173
0 5 70 60 37 73 50 27 4 40 7 72 49 62 39 52 6 19 9 74 51 64 41 18 54 31 8 21 63 76 53 30 66 43 33 10 75 65 78 55 68 45 35 12 2 77 44 57 34 47 24 1 79 56 69 46 59 13 26 3 16 25 61 38 15 160 163 164 167 168 171 172 175
5 60 73 3 50 40 30 7 72 62 75 52 42 19 9 74 64 41 77 54 31 8 44 21 1 11 76 53 66 43 20 56 33 10 23 65 78 55 68 22 35 12 25 4 57 34 70 47 24 37 14 79 69 59 49 26 39 16 6 48 38 2 15 51 18 160 163 164 167 168 171 172 175
40 41 77 54 2 44 35 16 76 53 66 3 43 33 56 6 39 20 65 78 34 55 68 45 30 11 14 70 47 25 9 1 31 12 79 15 69 59 49 13 48 61 51 23 4 60 7 73 37 50 63 10 21 24 27 8 72 38 62 75 42 74 18 64 161 162 165 166 169 170 173 174
41 42 24 27 8 74 38 39 64 77 54 44 76 53 18 43 56 2 35 16 19 78 55 22 68 3 45 6 20 34 57 70 47 79 30 11 69 46 59 14 49 25 9 12 15 48 61 13 60 73 50 63 23 72 4 26 62 7 75 37 52 10 65 161 162 165 166 169 170 173 174
6 48 61 38 15 51 18 60 73 50 27 63 2 30 7 20 72 1 62 75 3 52 65 42 19 74 64 77 31 44 21 11 76 53 66 43 56 33 10 46 23 78 55 68 45 22 35 12 25 34 70 47 24 37 14 79 4 69 59 49 39 16 160 163 164 167 168 171 172 175
48 39 20 34 57 70 11 69 14 44 59 25 72 47 49 9 1 12 42 15 45 61 51 13 46 60 50 63 53 23 4 26 7 37 62 75 10 52 65 43 24 27 8 38 74 64 77 54 18 76 66 79 2 56 16 19 22 78 3 55 33 68 161 162 165 166 169 170 173 174
11 14 7 79 9 56 10 69 46 59 13 49 8 16 25 61 38 15 70 60 2 37 73 50 4 27 30 3 72 62 39 75 42 19 74 51 64 18 54 31 21 63 76 53 66 20 33 23 65 55 68 45 22 35 12 77 44 57 34 47 24 160 163 164 167 168 171 172 175
14 24 37 79 9 1 69 46 12 59 49 26 16 13 61 38 51 18 60 73 50 4 27 63 7 30 10 72 62 39 75 42 19 64 77 54 31 44 21 76 53 66 43 20 56 33 3 23 65 78 55 68 45 22 35 25 57 34 47 160 163 164 167 168 171 172 175
68 51 62 65 73 46 75 25 26 56 37 9 10 21 43 24 74 54 57 77 8 38 60 76 79 2 4 35 16 78 19 49 22 52 3 33 63 55 66 39 20 50 70 53 34 30 72 44 47 1 31 61 12 42 64 15 45 162 163 166 167 170 171 174 175
21 64 7 54 31 10 63 8 76 53 66 43 33 23 65 78 55 18 45 22 35 2 16 77 19 44 57 34 47 24 20 56 69 59 49 26 25 61 38 9 1 12 60 15 37 73 27 30 13 72 62 39 75 52 42 74 4 51 160 161 164 165 168 169 172 173
64 24 54 27 57 38 60 70 69 18 72 2 35 16 19 49 22 52 3 33 63 55 39 20 53 73 34 30 65 44 25 47 9 1 31 12 74 42 15 45 77 59 51 62 13 76 46 66 79 4 78 26 56 7 37 10 162 163 166 167 170 171 174 175
77 70 12 42 43 73 76 27 59 60 13 74 23 35 79 37 22 52 24 54 55 78 66 8 38 39 69 20 72 53 30 2 16 47 19 49 1 31 61 3 33 63 15 45 75 51 62 65 46 44 25 26 56 9 10 162 163 166 167 170 171 174 175
42 44 57 18 79 2 69 4 46 35 16 49 19 22 3 33 39 61 20 34 70 60 73 50 30 25 72 62 75 52 31 15 74 51 13 54 63 76 53 66 43 56 23 26 7 37 9 10 65 78 55 45 27 8 38 161 162 165 166 169 170 173 174
73 74 16 19 49 22 52 3 63 76 66 39 50 72 53 34 30 44 25 47 9 1 31 61 12 15 45 79 59 51 62 13 65 46 23 4 26 56 7 37 10 70 43 24 54 27 57 8 38 60 75 18 2 162 163 166 167 170 171 174 175
74 75 24 54 27 57 8 60 72 18 2 76 35 79 16 19 49 22 52 3 33 63 55 78 66 39 69 20 50 51 53 30 44 25 47 9 1 31 61 12 45 62 13 46 23 26 56 7 37 10 70 43 162 163 166 167 170 171 174 175
33 38 70 23 4 26 50 7 63 10 24 27 8 62 39 52 51 18 44 2 16 76 19 53 66 43 22 56 20 65 78 55 45 35 30 57 34 47 37 25 9 1 31 79 12 69 46 15 59 49 13 61 160 161 164 165 168 169 172 173
38 51 20 54 34 76 53 43 30 56 65 9 1 78 31 12 45 15 13 44 57 79 69 46 23 59 4 26 49 7 37 10 24 61 8 70 60 50 63 18 2 72 35 16 62 39 75 52 19 22 3 160 161 164 165 168 169 172 173
25 34 47 79 56 69 46 59 26 61 9 10 12 70 24 60 37 50 27 72 49 62 39 52 23 4 7 51 19 54 31 22 3 8 63 20 76 53 30 66 75 65 18 78 55 45 35 16 1 44 57 160 161 164 165 168 169 172 173
34 9 1 31 12 15 61 51 13 60 50 72 23 4 62 39 75 52 7 10 24 27 8 54 44 76 53 66 43 18 56 2 16 65 78 19 55 22 45 3 35 20 57 47 37 79 69 30 46 59 49 160 161 164 165 168 169 172 173
44 47 9 12 43 24 79 27 69 8 46 59 49 61 18 4 35 7 37 60 19 50 63 22 3 39 20 72 62 75 52 30 2 54 16 1 31 76 53 15 13 65 78 55 45 23 26 70 161 162 165 166 169 170 173 174
47 57 70 9 31 12 15 79 45 69 59 72 49 13 46 51 23 4 26 7 37 60 10 63 24 8 62 75 52 65 18 2 54 35 16 19 22 76 3 53 66 56 39 20 78 55 30 161 162 165 166 169 170 173 174
10 54 31 76 4 66 43 7 20 56 23 13 65 78 8 55 45 22 35 12 57 70 37 2 79 69 46 59 49 3 26 39 16 15 51 18 60 50 27 63 30 9 1 62 75 19 160 163 164 167 168 171 172 175
54 43 24 27 8 76 66 56 18 65 2 55 16 19 22 52 3 57 39 70 20 50 53 79 69 59 30 9 61 1 31 12 45 60 51 13 63 46 62 75 23 4 26 7 37 161 162 165 166 169 170 173 174
2 50 27 30 7 72 62 39 75 52 19 9 51 8 76 53 66 43 20 23 65 78 55 45 22 35 12 57 24 37 4 79 69 46 13 26 3 16 61 15 18 70 1 60 160 163 164 167 168 171 172 175
50 35 16 61 19 49 51 22 3 60 39 63 62 75 52 30 9 1 31 12 15 45 76 13 53 66 46 56 65 78 55 23 4 26 7 37 43 24 57 27 70 8 79 69 59 18 161 162 165 166 169 170 173 174
3 15 18 70 60 27 63 30 7 72 1 75 52 19 9 51 31 8 76 53 66 43 20 56 23 65 78 55 45 35 12 57 24 37 4 79 69 46 59 13 49 26 16 160 163 164 167 168 171 172 175
15 57 70 24 37 69 46 59 49 26 39 16 9 1 61 51 18 13 60 27 63 30 72 62 75 52 4 19 7 8 31 76 53 43 20 56 23 65 78 55 45 22 35 160 163 164 167 168 171 172 175
22 13 60 63 53 30 62 4 75 52 65 7 8 31 76 66 43 56 18 46 23 16 78 55 19 45 20 57 70 24 37 27 79 69 59 72 49 26 39 9 1 61 51 160 161 164 165 168 169 172 173
24 31 9 1 12 76 66 43 56 13 55 45 35 23 4 7 57 70 8 79 69 46 59 49 26 18 61 51 16 19 60 27 63 20 30 72 39 75 52 160 161 164 165 168 169 172 173
75 18 4 35 16 79 49 52 63 55 66 39 69 20 72 53 30 1 31 61 12 45 59 13 65 46 23 76 26 56 7 37 70 43 27 57 8 78 60 162 163 166 167 170 171 174 175
66 4 26 56 7 43 27 57 8 60 72 18 35 16 19 52 63 76 55 39 20 53 78 30 70 9 1 31 61 12 45 79 69 59 51 62 13 65 46 162 163 166 167 170 171 174 175
13 65 78 55 45 35 57 9 12 79 69 46 59 26 16 61 4 18 7 70 60 27 63 30 8 72 62 39 52 19 51 31 1 53 43 20 56 23 160 163 164 167 168 171 172 175
65 78 23 4 70 7 37 52 55 8 39 18 35 16 19 49 1 31 63 20 51 62 46 26 56 9 61 12 43 45 79 27 57 59 60 162 163 166 167 170 171 174 175
78 62 46 23 4 26 56 7 37 79 70 43 76 27 57 8 35 16 19 49 52 63 55 39 69 20 72 53 30 9 1 31 61 12 45 59 51 162 163 166 167 170 171 174 175
16 70 60 37 27 72 62 39 52 19 9 1 12 51 18 63 53 43 20 23 4 7 55 35 8 57 69 46 59 49 26 61 160 163 164 167 168 171 172 175
70 1 31 61 63 45 76 59 51 62 46 26 56 9 12 43 27 57 79 60 23 4 35 7 37 19 49 52 55 8 39 53 72 30 162 163 166 167 170 171 174 175
55 61 46 63 23 4 26 7 37 62 43 27 8 18 76 79 56 35 49 52 39 51 53 57 60 30 69 59 9 1 31 12 45 161 162 165 166 169 170 173 174
61 39 20 53 79 69 30 9 1 31 12 45 59 51 63 46 72 62 23 4 26 56 7 37 43 27 57 60 76 18 35 19 49 52 162 163 166 167 170 171 174 175
57 9 1 31 12 45 51 76 46 23 4 56 7 37 43 27 8 79 69 59 72 18 35 19 49 52 39 20 60 63 62 30 161 162 165 166 169 170 173 174
7 63 76 20 56 23 45 12 37 79 69 46 1 59 49 26 60 27 4 30 72 62 39 52 19 9 51 18 31 8 160 163 164 167 168 171 172 175
60 35 19 49 52 20 53 76 79 30 1 31 12 45 59 46 69 72 23 4 26 37 43 27 8 39 63 18 62 162 163 166 167 170 171 174 175
9 79 56 69 46 23 59 26 37 27 72 49 62 39 52 19 1 51 18 31 63 76 30 43 20 4 35 12 160 163 164 167 168 171 172 175
45 79 23 69 46 59 26 49 37 43 27 8 51 63 18 72 62 19 52 39 20 76 53 30 56 1 31 12 161 162 165 166 169 170 173 174
31 27 37 8 79 69 46 59 49 39 18 51 19 20 72 62 52 30 1 12 76 53 43 56 35 4 26 160 161 164 165 168 169 172 173
27 19 76 20 43 56 35 1 12 37 79 69 59 72 49 39 23 4 26 63 8 53 30 62 52 18 160 161 164 165 168 169 172 173
62 18 49 52 79 69 39 20 53 30 1 63 59 72 51 46 23 26 56 37 76 43 8 162 163 166 167 170 171 174 175
12 37 79 46 59 26 4 8 30 72 39 52 19 51 18 63 76 53 43 20 56 23 1 35 160 163 164 167 168 171 172 175
51 8 39 20 18 30 69 59 72 49 1 46 63 53 26 52 43 76 79 56 23 4 35 37 161 162 165 166 169 170 173 174
35 63 72 39 52 23 4 26 8 76 53 43 56 18 19 37 20 79 69 46 59 49 30 1 160 161 164 165 168 169 172 173
37 1 53 43 56 23 26 79 69 46 59 8 49 18 4 19 20 39 52 30 160 161 164 165 168 169 172 173
1 4 79 69 59 49 26 39 18 30 20 72 52 19 8 76 53 56 23 160 163 164 167 168 171 172 175
39 18 63 20 52 30 26 76 43 46 23 4 69 59 72 49 8 160 161 164 165 168 169 172 173
43 23 4 26 76 79 56 46 18 19 69 59 72 49 20 30 63 53 52 161 162 165 166 169 170 173 174
69 30 59 46 23 4 26 56 76 79 8 18 19 49 52 63 20 72 53 162 163 166 167 170 171 174 175
30 79 46 4 59 49 20 63 72 52 53 56 23 8 160 161 164 165 168 169 172 173
79 76 59 23 4 26 56 8 72 53 18 19 49 52 63 20 162 163 166 167 170 171 174 175
20 4 63 8 72 52 18 19 53 56 23 46 49 26 160 161 164 165 168 169 172 173
4 63 76 53 46 23 26 72 49 52 19 8 160 163 164 167 168 171 172 175
63 19 49 52 72 53 76 59 46 23 26 56 8 18 162 163 166 167 170 171 174 175
23 76 53 56 8 18 46 49 26 19 72 52 160 161 164 165 168 169 172 173
76 26 56 8 18 19 49 72 53 59 46 162 163 166 167 170 171 174 175
18 72 52 19 53 56 46 59 49 26 8 160 163 164 167 168 171 172 175
8 53 46 59 49 26 72 52 19 160 163 164 167 168 171 172 175
53 26 19 49 52 56 46 59 72 161 162 165 166 169 170 173 174
46 26 59 49 72 19 56 161 162 165 166 169 170 173 174
19 72 52 56 59 49 26 160 163 164 167 168 171 172 175
56 26 59 49 52 72 161 162 165 166 169 170 173 174
49 72 52 59 161 162 165 166 169 170 173 174
26 59 72 52 160 161 164 165 168 169 172 173
72 59 52 162 163 166 167 170 171 174 175
59 52 161 162 165 166 169 170 173 174
52 161 162 165 166 169 170 173 174
97 138 105 141 118 85 108 96 150 140 153 130 107 86 120 110 152 142 119 155 132 109 122 99 91 154 131 94 144 121 98 134 111 89 81 92 95 143 156 133 146 123 100 136 113 93 103 145 158 135 112 148 125 102 115 84 157 87 147 124 137 90 114 127 104 117 88 159 126 139 116 129 106 160 163 164 167 168 171 172 175
138 128 142 130 155 112 145 114 126 154 144 157 91 94 124 105 106 108 89 90 156 120 92 146 122 123 159 107 137 109 121 93 158 148 147 103 84 85 150 115 87 117 101 102 104 135 149 86 116 139 88 118 152 100 133 141 98 82 96 140 127 153 99 129 143 80 81 111 83 113 95 125 161 162 165 166 169 170 173 174
108 147 102 83 137 114 117 100 159 149 126 139 116 129 91 151 94 128 141 105 118 89 81 92 95 140 143 120 110 93 152 142 119 155 132 109 122 103 84 106 154 131 87 144 121 134 111 101 124 104 107 88 156 133 146 123 136 113 145 98 158 135 112 148 125 82 85 96 157 99 80 160 161 164 165 168 169 172 173
147 89 81 111 92 122 144 95 128 109 151 140 112 142 93 153 103 84 106 136 87 117 152 90 120 101 155 123 104 134 135 137 88 118 119 121 154 98 156 82 85 115 96 99 129 80 132 83 113 143 158 86 116 146 148 100 130 131 133 114 145 150 110 91 94 159 124 105 149 127 162 163 166 167 170 171 174 175
109 112 148 125 115 157 98 137 114 150 127 82 117 85 96 99 159 80 149 102 83 139 116 86 129 100 151 128 141 118 131 91 140 153 94 130 143 105 120 110 92 152 95 142 119 155 132 122 93 144 121 111 124 103 84 106 156 87 133 146 123 90 113 101 104 107 88 158 135 160 161 164 165 168 169 172 173
112 158 135 148 93 125 115 137 114 150 127 103 117 84 85 87 159 149 101 139 116 104 152 129 86 119 88 100 151 128 141 118 131 98 110 140 153 130 94 143 120 96 99 80 111 83 95 142 155 132 154 144 157 134 91 105 156 106 133 146 123 89 90 136 113 92 126 107 160 161 164 165 168 169 172 173
80 85 150 140 117 153 130 84 120 87 152 129 119 132 86 122 99 89 154 144 121 98 134 111 88 101 143 156 133 110 146 123 100 113 90 155 145 158 135 148 125 102 115 92 82 157 124 137 91 127 104 81 94 159 136 149 126 139 116 93 106 83 96 151 128 105 141 95 160 163 164 167 168 171 172 175
85 140 153 83 130 143 120 110 87 152 142 155 132 122 99 89 154 144 121 157 134 111 124 101 81 91 156 133 123 136 113 90 103 93 145 158 135 148 125 115 92 84 137 114 150 127 104 117 94 159 149 126 139 116 106 119 96 86 151 128 141 118 82 95 131 98 160 163 164 167 168 171 172 175
86 128 141 118 95 131 98 140 153 130 107 143 120 82 110 87 100 152 81 142 155 132 122 99 89 154 144 121 157 134 88 124 91 156 133 146 123 136 113 90 126 103 93 158 135 148 125 102 115 92 105 137 114 150 127 94 159 84 149 139 116 129 106 119 96 151 160 163 164 167 168 171 172 175
128 116 119 100 114 137 150 110 91 149 94 139 105 152 127 129 81 111 92 122 95 125 151 131 93 126 140 153 130 143 133 103 84 106 87 117 142 155 90 132 120 145 101 104 107 88 118 154 121 144 157 98 156 146 159 82 136 115 96 99 102 158 135 113 148 161 162 165 166 169 170 173 174
91 94 87 159 89 90 149 126 139 116 93 129 106 88 96 151 105 141 118 95 150 140 82 117 153 130 84 107 120 110 83 142 119 132 122 99 154 131 144 121 134 111 101 143 156 133 146 123 100 113 103 145 158 135 125 102 115 92 157 124 137 114 104 160 163 164 167 168 171 172 175
94 104 117 159 89 81 149 126 92 139 116 129 106 96 93 151 141 118 95 131 98 140 153 84 107 143 120 87 110 90 142 119 155 132 88 122 99 154 144 121 157 134 111 124 82 156 133 146 123 100 113 83 103 145 158 135 125 115 105 114 150 127 160 163 164 167 168 171 172 175
148 139 131 142 93 145 153 126 155 106 136 87 117 89 90 120 101 123 104 154 134 107 137 157 88 118 140 121 156 159 98 82 84 115 96 158 99 129 102 132 83 113 135 116 146 119 100 130 150 133 114 149 110 152 124 127 81 111 151 92 122 95 125 162 163 166 167 170 171 174 175
101 144 87 121 134 111 90 143 88 156 133 146 103 145 158 135 98 125 102 115 82 96 157 99 124 137 114 83 127 104 100 159 136 149 139 116 129 106 151 105 141 118 89 81 150 92 140 95 117 153 130 107 120 110 93 152 142 119 155 132 122 154 131 160 161 164 165 168 169 172 173
144 134 107 137 88 118 140 150 121 98 152 115 96 151 129 102 132 83 113 143 135 116 119 100 130 133 153 114 110 155 145 124 105 127 89 81 111 141 92 154 122 95 125 157 139 131 142 93 156 126 159 103 84 158 106 136 87 117 90 120 162 163 166 167 170 171 174 175
120 157 134 82 124 96 99 156 133 102 146 83 123 113 116 119 100 145 158 114 135 125 110 137 150 127 89 81 111 92 159 95 149 126 139 93 151 141 103 84 106 140 87 153 117 130 143 90 104 107 88 152 118 155 132 122 154 98 161 162 165 166 169 170 173 174
157 150 92 122 123 153 156 107 137 139 140 121 151 154 103 84 115 159 87 117 102 132 104 134 116 158 146 88 118 119 149 100 130 152 133 98 110 82 96 127 81 111 141 83 113 143 95 155 131 142 114 145 126 124 105 106 136 89 162 163 166 167 170 171 174 175
121 122 104 88 154 118 134 124 156 133 98 146 123 136 82 115 96 99 158 135 102 83 125 113 116 100 114 137 150 127 159 110 149 126 139 129 105 81 111 95 151 141 131 93 140 153 130 143 103 152 84 142 87 155 117 132 90 145 161 162 165 166 169 170 173 174
122 124 137 127 98 82 149 84 126 115 139 96 129 99 102 83 113 116 151 119 141 100 114 150 140 130 110 105 152 142 155 81 132 111 92 95 154 131 143 156 133 146 123 136 103 87 117 89 145 158 135 104 125 107 88 118 161 162 165 166 169 170 173 174
113 118 150 103 140 84 153 106 130 143 90 104 152 107 88 142 119 155 132 154 131 134 124 82 156 99 133 146 123 102 136 83 100 145 158 135 125 110 114 127 117 105 89 81 111 159 92 149 126 139 116 129 93 151 141 160 161 164 165 168 169 172 173
118 154 131 100 134 114 156 133 146 123 136 105 145 89 81 158 111 135 125 95 93 124 137 127 159 149 126 103 139 84 106 129 117 90 104 151 141 88 150 140 153 130 98 82 152 115 96 142 119 155 132 99 102 83 160 161 164 165 168 169 172 173
153 154 115 96 129 102 132 83 143 135 156 146 119 149 100 130 152 133 114 158 110 124 105 127 89 81 111 141 92 95 125 159 131 142 93 145 126 103 106 136 87 117 90 150 123 104 134 107 137 88 140 151 155 82 162 163 166 167 170 171 174 175
154 155 104 134 107 137 88 151 98 82 115 159 96 99 129 102 132 83 143 135 116 158 146 119 149 130 131 133 114 110 124 105 127 89 81 141 92 95 139 142 93 145 126 103 84 106 136 87 117 90 150 123 162 163 166 167 170 171 174 175
105 114 95 127 159 136 149 126 139 116 106 151 141 89 92 150 104 140 117 130 107 93 152 129 142 119 132 84 87 99 111 102 83 88 143 100 156 133 110 146 123 155 145 98 158 135 82 125 115 96 81 124 137 160 161 164 165 168 169 172 173
114 89 81 111 92 151 95 141 131 93 140 130 143 103 142 119 155 106 132 87 90 104 107 88 134 124 156 133 146 123 98 136 96 145 158 99 135 102 125 83 115 137 150 127 149 110 126 139 116 129 160 161 164 165 168 169 172 173
90 134 111 124 156 84 133 146 123 87 100 136 93 145 158 88 135 125 102 115 92 137 150 127 104 117 82 159 149 126 139 116 83 106 96 151 141 95 131 98 140 130 107 143 110 89 81 152 142 155 132 99 160 163 164 167 168 171 172 175
134 123 104 107 88 156 146 136 98 82 158 135 115 96 99 129 102 132 83 116 137 119 150 100 130 133 159 149 139 110 124 127 151 89 81 111 92 95 125 140 131 93 143 126 152 142 155 103 84 106 87 117 161 162 165 166 169 170 173 174
82 130 107 110 87 152 142 119 155 132 99 89 131 111 88 143 156 133 146 123 100 136 103 145 158 135 125 102 115 92 124 127 117 84 159 126 139 116 93 129 106 83 96 151 141 95 98 150 81 140 160 163 164 167 168 171 172 175
130 115 151 141 99 129 131 102 83 116 140 119 100 143 152 142 155 132 124 127 89 81 111 92 125 156 93 146 126 136 145 158 103 84 106 87 117 123 104 137 107 150 88 159 149 139 98 161 162 165 166 169 170 173 174
83 95 98 150 140 107 143 110 87 152 81 142 119 155 132 99 131 111 88 124 156 133 146 123 136 103 145 158 135 125 102 115 137 127 104 117 84 159 149 126 139 116 93 129 106 96 141 160 163 164 167 168 171 172 175
95 137 150 127 104 117 159 149 126 139 116 129 106 119 89 81 151 92 141 131 93 140 107 143 110 152 142 155 132 84 99 87 111 124 156 133 146 123 100 103 145 135 125 102 115 160 163 164 167 168 171 172 175
102 93 140 143 133 110 142 155 145 87 88 111 124 156 146 123 136 98 126 103 96 158 135 125 115 100 137 150 127 104 117 107 159 149 139 116 152 129 106 119 89 81 92 151 141 131 160 161 164 165 168 169 172 173
104 111 89 81 124 92 156 133 146 123 136 93 145 158 135 125 115 103 84 87 137 150 127 117 88 139 116 129 106 98 151 141 131 96 99 140 107 143 100 110 152 119 155 132 160 161 164 165 168 169 172 173
155 98 115 96 159 99 129 132 143 135 146 119 149 100 152 110 124 127 81 111 141 92 139 131 142 145 126 103 156 106 136 87 117 89 150 123 107 88 158 140 151 162 163 166 167 170 171 174 175
146 151 103 84 106 136 117 123 107 137 88 140 152 98 115 96 99 129 132 143 116 119 100 133 158 110 124 127 150 89 81 141 92 125 159 149 139 131 93 145 126 162 163 166 167 170 171 174 175
151 119 149 100 110 156 124 127 89 81 111 141 92 125 158 139 131 142 93 145 126 103 84 106 159 136 87 117 150 123 107 137 88 140 98 115 99 129 152 132 143 162 163 166 167 170 171 174 175
158 142 93 145 126 103 84 106 136 87 150 123 156 137 88 140 98 115 96 99 132 143 135 116 119 149 100 152 133 110 124 89 81 111 141 125 139 131 162 163 166 167 170 171 174 175
96 150 140 117 107 110 152 142 119 132 99 81 92 131 111 93 143 156 133 123 100 103 84 145 87 135 125 115 88 124 137 127 159 136 149 126 116 129 106 141 160 163 164 167 168 171 172 175
150 127 111 141 143 156 139 131 142 145 136 89 92 123 107 137 159 93 103 84 115 87 117 99 129 132 135 116 88 119 149 100 133 152 98 110 162 163 166 167 170 171 174 175
116 141 131 110 140 143 89 81 111 92 152 142 132 145 93 124 103 84 106 87 156 133 123 136 107 88 135 137 127 115 99 159 149 126 139 129 119 100 160 161 164 165 168 169 172 173
135 141 126 143 103 84 106 87 117 142 123 145 107 88 98 156 159 136 115 99 129 132 119 100 131 133 137 140 149 139 127 152 89 81 111 92 125 161 162 165 166 169 170 173 174
141 119 100 133 159 149 110 124 127 89 81 92 125 139 131 93 143 126 152 142 84 106 136 87 117 123 107 137 88 140 156 98 115 99 129 132 162 163 166 167 170 171 174 175
87 143 133 123 136 145 125 115 92 124 137 127 117 159 149 126 81 139 129 106 140 107 84 110 152 142 119 132 99 89 131 98 111 88 160 163 164 167 168 171 172 175
139 110 124 127 89 111 92 125 159 149 131 93 126 103 84 106 136 117 123 107 137 88 152 142 98 115 99 129 132 156 100 133 145 161 162 165 166 169 170 173 174
98 110 152 142 119 132 99 131 111 124 156 133 81 123 100 136 103 145 93 125 115 137 127 117 89 159 92 149 126 129 106 88 140 84 107 160 163 164 167 168 171 172 175
110 159 149 126 84 129 99 100 131 140 143 152 142 119 81 92 93 111 124 133 123 136 103 106 89 145 125 107 115 137 127 117 160 161 164 165 168 169 172 173
140 115 99 129 132 100 156 159 127 89 111 92 125 93 126 149 152 103 84 106 136 117 123 107 137 88 119 143 142 145 162 163 166 167 170 171 174 175
89 124 137 127 159 136 149 126 103 93 106 117 107 152 129 142 119 132 99 81 131 111 143 133 123 100 84 145 125 115 92 160 163 164 167 168 171 172 175
125 93 137 127 159 103 149 84 126 106 129 117 123 88 131 143 115 152 142 99 132 119 100 156 133 136 124 81 111 145 92 161 162 165 166 169 170 173 174
111 127 107 117 88 159 126 129 119 131 99 143 100 152 142 132 145 81 92 124 156 133 123 93 136 115 103 106 160 161 164 165 168 169 172 173
107 99 124 156 100 123 136 126 115 81 137 92 127 117 159 149 93 152 129 119 103 84 131 106 143 88 133 142 132 145 160 161 164 165 168 169 172 173
142 99 129 132 159 149 119 133 124 127 81 143 92 152 131 93 145 126 103 84 106 136 117 123 137 88 162 163 166 167 170 171 174 175
127 81 149 152 129 93 126 131 103 84 106 117 143 123 88 132 145 115 99 156 133 136 119 100 161 162 165 166 169 170 173 174
92 124 137 117 159 149 126 93 129 106 84 88 152 119 131 143 156 133 123 100 136 103 145 81 115 160 163 164 167 168 171 172 175
131 119 100 137 149 124 152 129 81 126 143 133 106 132 145 93 156 159 136 103 84 115 117 99 161 162 165 166 169 170 173 174
115 93 152 119 132 103 84 106 124 88 156 133 136 145 99 137 117 100 149 126 129 81 160 161 164 165 168 169 172 173
117 143 81 156 123 136 93 145 124 103 137 159 149 126 88 129 84 152 100 119 132 160 161 164 165 168 169 172 173
81 84 159 149 129 106 119 143 100 152 132 145 99 88 124 156 133 123 136 126 103 93 160 163 164 167 168 171 172 175
93 137 159 126 129 106 84 143 88 152 119 132 99 124 156 133 123 100 136 103 160 163 164 167 168 171 172 175
124 123 159 149 88 126 129 84 99 143 119 100 152 132 133 136 145 103 137 106 161 162 165 166 169 170 173 174
137 156 126 103 84 106 136 123 88 159 149 152 99 129 132 119 100 133 143 145 161 162 165 166 169 170 173 174
119 143 99 133 100 145 106 156 123 136 103 84 149 152 129 88 160 161 164 165 168 169 172 173
123 103 84 156 159 136 126 88 99 149 152 129 100 143 132 145 161 162 165 166 169 170 173 174
149 145 126 103 84 106 136 156 159 88 99 129 132 143 100 133 162 163 166 167 170 171 174 175
159 156 126 103 84 106 136 88 152 133 99 129 132 143 100 145 162 163 166 167 170 171 174 175
100 143 88 152 132 99 156 133 136 103 145 126 129 106 160 161 164 165 168 169 172 173
84 143 156 133 145 136 126 103 106 152 129 132 99 88 160 163 164 167 168 171 172 175
143 99 129 132 133 156 126 145 103 136 88 162 163 166 167 170 171 174 175
103 156 133 136 145 126 129 106 99 152 132 160 161 164 165 168 169 172 173
156 106 136 88 99 129 132 152 133 145 126 162 163 166 167 170 171 174 175
145 132 88 152 133 99 126 106 136 162 163 166 167 170 171 174 175
88 133 126 129 106 152 132 99 160 163 164 167 168 171 172 175
133 106 99 129 132 136 152 161 162 165 166 169 170 173 174
126 106 129 152 132 99 136 161 162 165 166 169 170 173 174
99 152 136 129 106 160 163 164 167 168 171 172 175
129 132 136 106 161 162 165 166 169 170 173 174
106 136 152 160 161 164 165 168 169 172 173
152 136 132 162 163 166 167 170 171 174 175
136 132 161 162 165 166 169 170 173 174
132 161 162 165 166 169 170 173 174
160
161
162
163
164
165
166
167
168
169
170
171
172
173
174
175
