#/usr/local/lib/python3.10/dist-packages/colab_kernel_launcher.py -f /root/.local/share/jupyter/runtime/kernel-ccf9b1d1-ce2b-4d6c-8d13-48aff858ef78.json
# GMT Mon May 27 11:13:11 2024
# 
15 21 30 16 25 6 1 12 4 20 29 24 19 7 28 23 32 18 10 2 5 27 8 22 31 11 0 17 26 66 67 69 70 73 74 76 77 79 80 83 84
21 18 7 32 27 22 31 10 26 2 30 5 13 16 19 8 11 25 14 3 24 28 23 17 1 20 12 4 67 68 70 71 73 74 77 78 80 81 83 84
7 17 26 30 16 2 5 25 20 29 24 10 19 0 14 23 9 3 6 32 18 27 13 22 31 4 8 66 69 70 72 73 75 76 78 79 82 83 85
17 10 25 2 20 24 5 19 28 23 16 8 0 11 14 3 32 18 6 22 31 26 9 30 1 12 66 67 70 71 73 74 76 77 79 80 83 84
26 30 18 10 5 24 13 16 29 8 19 0 11 28 22 3 14 6 9 1 23 12 27 4 31 67 68 70 71 74 75 77 78 80 81 84 85
30 18 9 10 29 2 4 5 13 24 31 19 11 14 3 6 28 0 1 20 23 12 32 25 68 69 71 72 74 75 77 78 81 82 84 85
18 8 3 14 16 0 11 1 25 20 29 19 28 23 10 12 4 5 13 32 27 22 31 66 67 70 71 73 74 76 77 80 81 83 84
8 9 2 5 32 27 13 22 31 12 0 11 3 6 1 25 29 24 4 10 19 28 23 66 69 70 72 73 75 76 79 80 82 83 85
9 0 3 25 11 20 29 24 6 10 28 14 1 4 23 32 27 13 22 31 2 12 5 16 66 69 70 72 73 75 76 79 80 82 83 85
0 5 14 32 4 13 31 3 12 16 2 25 11 20 29 6 24 1 10 19 28 66 68 69 71 72 74 75 78 79 81 82 84 85
5 3 27 22 31 12 16 25 6 4 20 29 2 24 19 28 23 32 13 66 68 69 72 73 75 76 78 79 82 83 85
11 14 23 10 2 4 27 13 22 31 16 3 6 25 20 29 1 24 19 28 66 67 69 70 72 73 76 77 79 80 82 83 85
14 24 19 3 23 32 6 1 12 4 27 22 31 16 25 10 2 13 20 29 66 67 69 70 73 74 76 77 79 80 82 83
23 22 3 6 25 29 24 1 20 28 12 10 27 4 13 16 19 67 68 70 71 73 74 77 78 80 81 83 84
10 27 22 31 3 12 16 1 4 29 24 19 28 2 32 13 66 67 69 70 72 73 75 76 79 80 82 83 85
27 22 13 24 16 31 19 3 25 6 1 20 12 29 4 28 32 67 68 71 72 74 75 77 78 80 81 84 85
2 32 13 22 31 3 12 16 25 20 29 6 24 19 28 4 1 66 68 69 71 72 75 76 78 79 81 82 85
32 22 13 24 16 6 19 1 20 31 3 25 28 12 4 68 69 71 72 74 75 78 79 81 82 84 85
3 6 24 28 13 31 12 16 25 1 20 29 66 68 69 71 72 75 76 78 79 81 82 85
6 29 24 19 13 4 22 31 12 16 25 20 1 66 68 69 72 73 75 76 78 79 82 83 85
22 28 13 16 19 31 25 1 20 4 29 24 67 68 70 71 73 74 77 78 80 81 83 84
28 25 29 1 20 12 4 31 24 13 16 67 68 71 72 74 75 77 78 81 82 84 85
24 31 1 12 25 29 13 19 67 68 70 71 74 75 77 78 80 81 83 84
16 31 13 20 29 19 1 12 4 66 67 69 70 73 74 76 77 79 80 83 84
25 29 12 4 19 31 13 20 67 68 70 71 74 75 77 78 80 81 84 85
31 19 20 12 4 68 69 71 72 74 75 78 79 81 82 84 85
29 1 20 12 4 13 19 67 68 71 72 74 75 77 78 81 82 84 85
19 1 4 13 20 66 67 70 71 73 74 76 77 80 81 83 84
13 1 20 12 66 67 69 70 72 73 76 77 79 80 82 83
12 20 1 4 66 67 69 70 72 73 76 77 79 80 82 83
20 4 1 67 68 70 71 73 74 76 77 80 81 83 84
1 4 66 68 69 71 72 75 76 78 79 81 82 84 85
4 66 68 69 72 73 75 76 78 79 81 82 85
40 50 59 54 63 49 44 38 58 53 62 48 57 43 52 33 47 56 42 36 39 34 51 60 46 55 64 37 41 66 69 70 72 73 75 76 78 79 82 83 85
50 43 35 53 62 57 61 46 56 49 41 44 33 47 36 65 51 60 55 64 59 54 42 63 34 45 37 48 66 67 70 71 73 74 76 77 79 80 83 84
59 63 51 35 54 38 46 57 62 52 41 33 44 61 55 65 36 47 39 42 34 53 45 56 60 37 64 67 68 70 71 74 75 77 78 80 81 84 85
63 48 51 42 43 62 35 37 38 57 46 49 64 60 52 41 44 55 47 36 39 61 34 53 56 58 68 69 71 72 74 75 77 78 81 82 84 85
48 47 36 49 58 39 42 34 45 37 53 57 61 56 65 51 43 35 38 46 60 41 55 64 44 33 66 67 69 70 73 74 76 77 79 80 83 84
51 41 54 36 47 49 39 33 44 34 58 53 62 52 56 43 35 45 38 46 65 60 55 64 66 67 70 71 73 74 76 77 80 81 83 84
62 65 58 64 61 42 34 53 45 37 35 54 38 46 57 49 60 52 41 44 33 55 36 47 67 68 71 72 74 75 77 78 81 82 84 85
65 35 54 55 47 46 57 49 39 41 52 33 44 34 53 64 36 58 61 42 56 45 38 60 68 69 71 72 74 75 78 79 81 82 84 85
41 42 38 60 46 64 45 33 54 49 36 39 34 58 53 37 43 52 61 47 56 66 69 70 72 73 75 76 79 80 82 83 85
42 36 58 44 53 57 39 43 52 61 34 37 56 60 46 55 64 35 45 54 38 66 69 70 72 73 75 76 79 80 82 83 85
33 38 56 60 37 46 55 64 36 45 54 49 35 58 44 53 39 57 34 43 61 66 68 69 71 72 74 75 78 79 81 82 84 85
38 36 60 55 64 45 49 58 44 39 53 35 57 43 52 61 47 56 46 66 68 69 72 73 75 76 78 79 82 83 85
44 47 56 35 37 60 55 64 54 49 36 39 58 53 34 57 52 61 66 67 69 70 72 73 76 77 79 80 82 83 85
47 52 61 36 56 39 34 45 37 60 55 64 54 49 58 43 35 46 66 67 69 70 73 74 76 77 79 80 82 83
56 36 58 57 34 53 61 45 43 35 54 60 37 64 46 52 67 68 70 71 73 74 77 78 80 81 83 84
43 60 55 64 36 45 54 39 49 58 34 37 53 57 52 61 35 46 66 67 69 70 72 73 75 76 79 80 82 83 85
60 35 54 55 57 46 49 52 36 58 39 45 37 67 68 71 72 74 75 77 78 80 81 84 85
35 46 55 64 36 45 54 58 53 57 52 61 37 34 66 68 69 71 72 75 76 78 79 81 82 85
36 39 52 61 37 46 45 54 49 58 34 66 68 69 71 72 75 76 78 79 81 82 85
39 57 52 61 46 37 55 64 45 54 49 58 53 34 66 68 69 72 73 75 76 78 79 82 83 85
55 61 54 46 49 52 64 34 53 45 37 57 67 68 70 71 73 74 77 78 80 81 83 84
61 58 34 53 45 37 64 54 57 49 52 67 68 71 72 74 75 77 78 81 82 84 85
49 64 46 54 58 53 57 52 34 45 37 66 67 69 70 73 74 76 77 79 80 83 84
58 45 37 57 52 54 64 46 53 67 68 70 71 74 75 77 78 80 81 84 85
54 64 46 52 57 53 45 37 67 68 70 71 73 74 77 78 80 81 83 84
64 57 52 34 45 37 68 69 71 72 74 75 78 79 81 82 84 85
52 34 45 46 53 57 66 67 70 71 73 74 76 77 80 81 83 84
46 34 53 57 37 66 67 69 70 72 73 76 77 79 80 82 83
57 34 53 45 37 67 68 70 71 74 75 77 78 80 81 83 84
45 53 34 37 66 67 69 70 72 73 76 77 79 80 82 83
53 37 34 67 68 70 71 73 74 76 77 80 81 83 84
37 34 66 68 69 72 73 75 76 78 79 81 82 85
34 66 68 69 71 72 75 76 78 79 81 82 84 85
66
67
68
69
70
71
72
73
74
75
76
77
78
79
80
81
82
83
84
85
