#/usr/local/lib/python3.10/dist-packages/colab_kernel_launcher.py -f /root/.local/share/jupyter/runtime/kernel-6c0fbf18-c276-4b2d-9452-8819c27dba4d.json
# GMT Sat May 25 03:07:15 2024
# 
266 268 181 260 241 9 32 13 26 56 190 141 5 248 16 150 229 180 80 20 99 144 95 125 84 25 93 153 157 166 196 6 66 200 230 111 11 258 209 90 124 43 256 39 18 22 63 127 131 112 142 269 121 193 89 204 202 232 53 556 557
268 177 241 245 156 60 135 150 39 233 50 178 129 25 97 48 187 217 27 87 151 136 85 36 200 230 100 30 205 15 94 45 258 128 158 109 118 52 186 82 216 246 191 80 244 225 42 255 110 89 40 21 104 238 168 202 213 102 556 557
81 222 235 156 34 103 47 226 96 7 98 219 100 20 212 146 201 93 14 44 137 48 84 139 23 207 262 72 264 2 145 121 51 189 30 125 138 180 15 248 195 79 237 250 24 120 243 177 190 63 181 80 159 106 119 161 70 95 0 544 545
222 209 139 41 246 143 124 154 105 122 152 14 127 59 191 142 195 176 76 189 91 174 55 64 147 177 181 162 77 156 107 255 141 220 52 3 165 116 150 12 250 114 95 148 178 254 212 243 245 258 217 236 249 215 196 47 28 51 553 554
53 160 149 24 263 48 146 31 67 27 148 269 84 10 251 264 240 187 121 242 134 136 43 125 246 235 248 37 116 63 118 173 5 228 120 230 20 56 232 166 44 179 25 234 115 170 225 23 238 38 174 108 2 88 30 103 224 145 542 543
160 83 235 117 17 145 26 164 219 71 208 143 154 105 263 210 133 201 214 269 3 63 108 196 209 251 121 55 36 119 0 259 94 193 98 79 182 237 9 24 173 137 254 190 232 135 67 179 150 236 225 148 10 70 229 242 178 49 549 550
139 163 3 82 116 42 156 46 158 215 162 123 72 34 210 136 199 28 51 214 56 258 37 41 120 71 141 145 122 133 255 48 27 106 8 237 184 91 2 186 115 17 230 30 45 247 128 79 170 43 73 172 240 107 161 18 242 548 549
163 236 183 5 16 172 69 133 84 165 97 48 233 224 27 57 8 226 85 206 219 130 15 45 147 98 265 73 24 137 88 258 101 196 1 42 125 159 257 40 70 259 123 153 193 248 261 138 195 49 151 132 34 28 175 232 179 60 549 550
97 166 90 181 115 35 16 50 161 84 108 48 59 152 220 167 76 226 151 30 206 75 100 155 197 267 135 18 22 3 33 194 249 80 61 12 130 143 65 40 21 189 244 246 49 0 72 34 250 184 239 32 13 188 177 37 245 545 546
166 78 29 112 27 87 230 151 206 2 221 265 149 267 203 98 79 109 260 122 251 264 198 211 33 253 61 204 65 125 129 159 182 70 21 155 239 241 34 162 156 56 141 37 240 135 242 124 154 231 69 50 233 148 25 237 550 551
25 34 223 170 10 214 27 161 216 205 218 8 220 154 143 35 198 90 92 134 202 136 70 206 5 87 144 120 133 267 243 69 249 130 251 64 185 132 66 229 55 176 110 44 165 57 167 48 9 24 162 217 177 98 32 540 541
34 138 85 206 4 140 27 208 197 131 133 6 146 135 30 190 124 15 196 117 238 251 64 242 33 57 178 112 233 125 31 169 239 52 162 54 164 19 45 155 168 223 36 170 51 172 32 26 42 88 90 224 158 541 542
71 150 218 152 99 220 31 12 88 101 156 90 211 202 149 151 68 19 261 153 87 208 89 144 201 135 7 37 247 260 141 251 264 240 242 257 114 182 237 55 6 17 107 120 30 11 221 113 155 102 24 104 225 172 161 108 22 543 544
150 269 205 260 194 144 138 72 191 102 2 261 111 239 186 254 75 175 60 90 256 232 73 247 69 181 249 84 183 52 82 33 227 161 112 61 218 46 233 10 85 158 149 213 228 64 230 147 28 32 62 107 267 41 549 550
62 101 58 52 3 33 79 226 204 42 72 87 155 21 89 210 131 78 212 146 82 203 192 126 194 117 26 7 60 134 244 136 16 178 235 127 184 105 48 173 107 228 120 241 122 27 57 177 8 181 55 115 170 159 30 174 86 43 543 544
101 11 249 262 7 143 185 187 5 242 134 39 125 259 193 114 116 250 118 173 57 38 175 109 91 122 177 111 66 100 0 172 98 227 161 108 9 165 167 52 82 156 169 224 67 12 42 228 149 65 206 89 157 19 269 137 545 546
7 165 22 90 158 213 28 83 204 151 72 261 208 129 21 76 144 186 267 201 135 190 60 73 115 9 5 66 187 231 178 191 246 46 59 180 114 235 48 169 182 50 39 241 54 96 109 230 164 32 91 104 214 161 205 540 557
165 37 90 41 20 103 84 189 48 29 59 204 180 27 106 8 91 186 85 243 30 11 190 0 232 245 94 98 128 158 181 54 238 240 18 141 218 135 67 178 80 61 114 95 171 10 217 68 19 219 49 132 201 164 550 551
83 49 162 138 259 151 28 140 87 142 13 155 89 26 212 254 267 41 5 192 126 130 78 29 253 176 76 27 8 191 55 116 250 252 173 175 188 230 164 232 179 73 100 113 168 157 225 238 82 214 67 174 95 231 167 88 209 544 545
96 99 167 169 211 47 226 215 228 162 217 56 151 221 54 18 33 137 78 29 260 262 12 85 257 178 191 125 94 114 235 182 237 129 250 28 252 186 58 88 175 188 37 124 67 100 234 247 61 46 106 119 174 10 108 93 110 545 546
99 104 225 238 227 90 41 161 216 50 233 14 156 145 23 55 6 263 17 131 265 199 269 98 205 43 128 18 130 22 82 33 63 253 67 244 257 31 12 191 259 182 89 40 237 250 171 184 118 120 19 177 111 47 181 92 545 546
104 84 263 155 197 210 144 265 59 254 23 214 27 192 91 207 6 85 196 64 94 242 257 24 193 88 52 105 188 31 61 12 177 232 65 181 40 21 157 93 225 227 68 19 49 218 231 28 156 145 56 158 213 41 5 545 546
44 168 212 35 227 95 20 152 86 90 200 92 8 138 151 85 261 30 142 89 210 78 199 122 269 69 82 203 124 245 192 18 194 22 262 75 238 185 242 231 178 40 125 59 235 127 48 4 237 52 107 54 28 243 17 11 541 542
168 78 195 263 186 8 241 188 2 177 155 234 181 249 75 172 147 240 187 229 244 178 58 220 180 141 52 224 1 80 65 217 159 21 74 157 265 19 267 72 203 47 51 111 13 92 260 90 41 189 202 50 257 152 133 550 551
30 233 114 127 169 182 237 171 105 226 239 52 186 54 175 219 111 113 102 5 157 49 170 95 229 42 23 154 27 264 103 2 213 147 6 32 263 210 252 190 137 3 181 185 240 174 55 244 70 541 542
233 11 224 205 24 118 18 103 52 33 210 106 174 85 100 254 202 213 64 113 177 79 181 211 28 192 9 260 73 126 107 58 137 238 251 26 37 240 146 229 180 80 65 144 197 159 231 74 68 8 215 200 554 555
136 171 226 128 149 28 9 43 73 82 210 223 144 86 16 258 205 260 141 264 145 102 189 195 263 60 241 175 188 243 179 18 181 78 238 131 112 227 240 61 42 27 229 242 46 176 121 231 178 40 6 100 49 0 548 549
171 207 196 145 200 45 202 244 154 24 248 58 182 122 184 33 177 46 247 10 89 21 74 134 185 49 174 132 176 98 158 117 178 28 162 111 13 156 56 226 90 120 39 20 50 208 221 223 78 93 153 157 203 106 91 550 551
235 11 64 228 251 143 255 73 244 58 18 216 248 33 67 146 195 225 42 89 74 149 179 19 98 177 28 162 13 126 141 120 105 197 208 231 78 93 153 157 138 252 27 57 87 221 38 254 72 121 258 55 554 555
15 110 123 257 112 59 48 169 50 118 186 120 175 230 98 5 45 58 221 113 47 115 229 4 42 8 31 152 209 145 92 147 202 215 85 32 153 195 142 131 23 3 254 146 203 245 16 137 192 247 18 73 251 185 198 540 541
110 252 90 41 241 256 39 103 247 181 115 3 33 48 117 172 119 161 218 231 91 21 114 100 158 19 64 94 215 142 212 5 16 135 205 207 89 128 196 130 143 4 132 200 2 191 204 125 180 66 127 248 116 56 197 546 547
18 115 183 119 240 16 174 187 134 176 189 114 103 4 184 52 228 109 243 177 17 13 234 155 36 159 93 106 27 42 218 14 22 211 158 26 147 149 217 138 206 76 197 210 199 80 256 9 540 541
115 63 29 186 112 120 188 122 243 42 164 57 87 232 245 91 179 236 225 117 64 216 98 167 77 88 37 147 149 261 265 214 49 135 256 38 190 126 247 207 51 32 92 185 198 90 189 5 246 20 50 546 547
37 262 88 13 77 211 26 145 200 92 202 215 259 20 206 127 74 129 250 252 146 201 122 135 27 8 21 196 64 132 108 242 24 46 167 59 180 184 107 175 217 98 234 155 212 159 19 148 82 205 541 542
78 65 100 113 161 174 68 86 47 28 51 32 90 213 215 16 85 206 219 39 50 261 153 142 212 124 192 84 194 141 6 66 251 198 242 255 176 244 191 43 237 105 118 252 186 107 109 1 232 245 544 545
23 230 177 32 47 0 91 225 148 95 13 152 143 24 213 5 206 250 142 263 210 131 65 199 146 267 67 80 122 82 245 258 260 262 183 185 242 134 255 55 68 189 123 178 112 180 61 116 226 39 173 1 107 540 541
230 237 221 55 194 11 175 64 94 228 75 209 73 24 54 188 107 88 122 152 216 63 12 253 95 46 193 246 74 119 198 248 102 132 162 243 32 92 126 245 205 238 251 39 118 103 148 127 112 554 555
69 117 172 240 174 108 65 231 154 167 209 156 169 211 224 213 226 94 215 149 162 51 261 87 263 212 146 35 214 148 14 126 260 73 48 141 251 198 132 27 187 8 123 72 193 114 116 118 131 186 111 124 113 102 543 544
117 213 147 103 228 82 33 63 217 219 140 221 263 76 197 199 133 201 55 256 148 269 137 262 130 9 198 43 92 187 134 26 56 123 41 35 16 195 95 118 131 89 59 93 74 245 183 2 36 240 218 45 546 547
36 169 182 116 250 184 226 52 65 228 241 164 179 221 113 47 17 238 38 11 40 218 86 167 90 213 147 149 259 12 72 208 142 210 131 212 146 188 135 256 148 205 126 194 9 249 32 13 251 77 119 26 112 248 541 542
169 66 17 51 205 207 90 120 262 196 54 200 122 257 206 61 12 250 263 76 241 175 70 21 85 243 177 19 234 0 194 249 147 98 109 183 251 174 156 229 137 231 180 5 50 95 59 153 219 68 210 550 551
225 197 172 131 112 191 236 157 176 27 170 215 242 155 6 200 231 75 54 188 228 156 58 88 186 63 135 116 80 214 269 89 74 198 187 49 0 102 113 196 47 28 9 259 261 250 105 265 218 554 555
11 112 9 114 48 50 226 239 52 43 177 32 100 234 214 269 95 229 84 33 154 209 22 156 77 211 158 92 26 28 206 208 250 263 210 186 133 267 14 203 245 137 194 75 251 51 64 240 132 244 540 557
112 64 94 126 183 238 88 240 161 152 167 76 106 211 224 158 89 40 70 85 204 217 155 144 212 201 256 148 203 249 143 198 132 134 108 244 178 246 180 193 261 72 116 2 252 17 175 546 547
16 227 269 40 12 262 143 211 145 70 151 85 9 142 131 186 188 56 5 124 128 183 130 51 172 64 185 132 253 189 8 57 59 180 224 184 105 39 107 162 217 111 232 153 221 155 223 3 38 540 541
227 103 167 29 59 206 176 262 27 8 38 189 140 170 55 198 130 213 73 207 22 186 3 33 63 146 180 1 214 31 61 12 144 95 159 193 10 242 74 0 5 237 196 9 239 200 13 226 175 232 41 120 554 555
131 177 91 121 179 10 89 181 119 68 240 113 174 98 231 116 213 226 5 20 65 95 108 123 223 159 87 258 17 111 262 45 60 132 253 187 124 73 204 122 182 22 63 250 184 199 241 547 548
177 257 204 170 182 130 186 245 192 126 58 137 238 185 116 146 1 80 31 220 114 46 153 134 228 68 19 102 132 47 32 175 214 120 216 105 262 103 198 211 48 550 551
76 241 10 21 109 68 49 223 240 161 13 220 154 88 211 158 39 92 147 94 217 48 151 85 98 140 87 27 8 38 144 157 93 84 141 130 143 77 198 73 24 54 79 121 52 63 180 193 195 250 239 544 545
241 38 91 121 255 85 219 198 130 261 45 75 128 265 211 256 258 220 201 22 12 65 95 125 197 178 10 123 206 217 0 215 196 47 28 51 13 164 56 60 41 267 39 182 84 216 29 555 556
29 221 113 234 236 20 159 93 148 84 152 90 145 79 213 94 257 206 261 265 199 267 256 269 245 58 128 249 141 262 75 238 119 132 187 242 178 246 19 248 103 105 226 239 39 186 13 107 120 54 164 98 540 541
134 219 98 153 195 265 126 58 22 3 33 148 1 65 183 198 253 187 74 255 189 244 68 19 132 113 47 239 13 124 35 181 223 103 84 214 48 59 42 91 121 211 21 145 55 147 202 162 151 547 548
219 68 2 196 51 32 175 223 75 209 90 24 188 133 186 216 33 63 264 210 161 195 255 257 91 193 66 19 49 183 64 254 98 79 256 192 247 249 238 199 80 242 20 144 197 159 246 59 248 553 554
48 179 113 45 95 216 229 209 22 213 94 46 138 98 40 21 195 87 254 190 137 192 32 13 194 128 75 77 132 253 121 20 70 191 72 61 250 63 184 239 173 542 543
179 193 248 182 237 57 87 239 140 170 254 155 85 245 234 0 181 94 45 98 9 73 229 126 156 231 82 65 46 148 178 206 93 221 157 38 132 113 51 32 111 175 26 207 253 187 255 152 246 550 551
175 220 106 91 224 100 64 158 43 212 156 88 22 3 1 114 129 89 200 172 189 138 204 0 180 151 239 32 186 188 190 90 41 245 143 173 5 118 238 185 59 218 178 550 551
220 209 90 41 173 105 184 5 255 118 197 261 191 142 263 57 87 121 174 17 245 258 238 98 128 126 141 52 33 63 86 210 1 195 114 65 178 159 10 89 93 217 68 132 113 269 28 32 13 92 553 554
124 174 176 42 178 46 154 167 211 224 215 0 162 113 151 142 13 210 58 214 256 216 205 20 194 207 141 196 209 130 264 132 189 191 102 246 248 17 51 111 173 254 190 232 234 24 247 122 547 548
174 250 54 39 254 152 133 192 249 170 121 240 178 94 224 9 58 88 217 22 52 86 116 221 50 201 203 216 93 123 218 260 207 196 209 211 17 51 257 204 75 206 90 120 550 551
22 126 60 183 130 198 66 5 176 180 248 239 252 120 54 43 164 2 232 45 58 49 170 93 216 108 88 209 35 24 213 85 98 21 144 91 0 254 67 190 82 203 137 258 540 541
126 82 63 264 198 145 200 1 42 257 46 138 10 89 74 250 184 197 19 186 47 111 77 247 128 41 35 229 59 4 38 102 121 66 265 94 45 146 201 109 216 58 194 207 154 547 548
228 231 221 102 66 51 164 75 143 173 184 232 24 54 88 103 33 167 269 142 195 140 262 193 223 70 204 255 0 211 28 13 250 107 252 190 120 116 218 50 65 84 59 153 157 229 4 554 555
231 188 118 50 103 127 195 91 170 202 183 263 98 252 181 162 73 267 58 190 245 82 247 260 116 146 262 1 80 148 242 129 208 255 89 217 248 151 132 113 185 47 111 56 554 555
66 237 250 43 58 162 33 155 102 46 172 93 10 21 229 218 152 19 0 156 90 51 60 72 206 261 195 5 263 254 201 148 269 260 194 38 196 77 253 17 187 255 176 123 70 191 45 193 543 544
38 107 120 41 162 243 56 89 91 212 161 2 95 108 229 88 209 264 145 79 147 204 261 186 254 146 203 245 258 247 194 196 0 64 185 240 28 123 59 26 248 224 237 184 226 5 173 541 542
107 72 251 143 185 132 253 145 55 45 75 127 129 118 103 243 190 113 247 1 170 183 46 119 10 229 49 32 77 215 56 151 263 197 157 39 84 201 214 216 192 207 249 141 546 547
57 120 109 122 245 100 43 157 161 95 229 42 207 46 167 143 158 92 215 149 162 217 74 144 212 26 267 80 201 82 35 205 247 20 194 249 196 264 119 240 187 200 176 4 68 178 72 2 65 542 543
120 87 218 145 73 24 208 263 197 133 146 267 86 116 67 256 12 205 95 10 251 187 200 68 19 255 123 113 257 127 248 111 56 186 243 118 84 108 240 547 548
123 94 45 109 265 157 77 58 88 135 269 203 82 63 192 86 116 67 260 141 130 251 253 145 200 10 189 202 246 138 193 72 182 197 111 234 240 161 59 4 27 158 2 85 162 119 164 547 548
221 138 8 223 164 205 262 203 184 264 39 88 182 133 167 248 1 214 61 195 46 189 91 204 21 243 100 202 19 158 249 28 9 240 137 190 141 201 244 86 246 224 237 114 129 553 554
224 13 194 26 60 105 35 20 50 103 265 108 267 161 191 8 260 193 223 262 55 6 264 119 183 181 43 135 254 199 243 80 234 197 129 89 70 249 212 74 217 240 229 102 2 553 554
243 246 189 91 234 149 183 128 158 192 156 190 52 3 135 86 218 199 114 144 255 242 172 257 206 236 151 102 185 215 47 51 13 164 256 26 260 154 50 84 167 59 244 191 555 556
246 94 79 158 192 24 77 216 33 63 135 31 148 93 74 187 68 19 232 49 102 47 9 209 105 184 5 35 253 255 152 84 14 212 236 4 87 252 2 234 256 258 119 130 555 556
17 182 116 0 226 173 54 109 153 89 102 223 49 5 106 216 14 207 141 209 77 211 24 70 206 140 142 65 199 133 122 192 247 73 194 75 238 130 251 51 1 12 108 189 127 540 541
182 238 100 130 185 240 94 147 128 79 158 24 58 141 146 180 61 125 208 129 89 265 172 212 9 207 262 32 56 60 90 191 261 84 195 14 184 4 256 87 190 140 192 551 552
94 125 180 114 92 118 26 60 39 113 234 157 238 159 106 161 216 108 229 87 152 6 0 64 75 79 98 208 197 265 199 52 212 201 135 128 249 130 253 187 200 545 546
238 103 191 142 176 106 260 204 155 251 119 240 98 43 73 156 141 52 31 61 144 95 197 148 40 153 157 269 68 2 215 51 264 56 45 41 173 154 188 554 555
173 187 242 2 176 244 55 119 226 158 109 143 43 24 122 208 63 210 86 212 31 61 201 114 46 203 194 153 264 113 202 250 197 105 5 39 190 14 148 181 59 236 183 27 87 550 551
187 24 265 216 31 61 144 194 40 21 264 172 153 198 253 0 72 193 197 26 239 60 232 50 247 122 152 148 59 161 176 8 87 2 155 6 100 130 213 75 551 552
87 164 113 236 214 26 56 88 156 213 215 138 206 140 261 153 27 8 155 6 64 205 249 9 43 185 200 82 63 191 125 80 248 12 237 129 250 239 40 544 545
133 236 240 40 242 156 13 92 215 149 151 60 41 206 142 263 20 50 199 84 146 267 14 129 108 93 258 152 27 196 209 91 6 130 257 178 64 138 237 197 77 122 82 232 86 181 547 548
236 195 140 121 223 204 155 234 85 198 130 183 0 147 79 109 253 9 43 73 24 54 257 77 58 137 52 63 261 229 1 197 148 208 172 247 151 132 185 111 194 145 26 90 143 105 184 5 554 555
152 249 183 60 178 148 93 138 226 72 215 162 55 6 130 145 265 79 109 269 205 137 260 207 82 264 146 253 1 31 202 95 259 248 149 263 239 132 245 13 192 247 549 550
249 3 82 216 191 80 31 244 12 42 95 223 234 74 9 262 111 264 26 190 105 199 259 114 129 263 212 252 93 4 106 240 196 6 200 253 98 158 188 77 555 556
45 244 257 191 125 4 46 180 250 239 54 111 234 157 51 214 106 161 3 218 42 156 158 213 74 197 89 210 144 67 80 148 190 82 137 258 205 41 262 35 121 55 542 543
252 91 40 70 204 119 149 264 181 28 43 156 56 190 259 116 218 35 199 263 229 20 267 129 208 269 258 206 4 138 262 2 215 255 75 54 39 118 186 3 82 216 127 108 67 195 555 556
58 130 251 64 77 42 242 68 191 55 6 116 237 49 184 239 188 9 164 13 245 170 159 1 88 158 213 147 259 140 89 91 201 135 256 54 137 260 128 542 543
61 67 188 135 203 258 192 181 196 77 52 244 257 180 1 42 129 98 19 49 100 113 234 223 170 172 93 214 56 154 167 209 143 90 200 149 59 217 140 142 263 199 254 543 544
67 247 260 73 194 10 183 55 251 198 49 255 176 68 70 127 186 164 111 113 14 93 214 106 161 8 207 103 79 226 64 85 43 153 74 195 208 142 3 91 146 201 148 82 543 544
98 195 129 239 188 109 232 3 176 167 103 21 55 213 105 149 204 151 208 100 43 210 199 201 86 50 128 251 264 89 93 545 546
43 198 200 257 2 70 6 59 63 118 186 24 47 33 93 31 42 95 216 40 167 0 213 147 206 26 144 146 201 35 148 258 73 194 141 75 196 143 541 542
198 137 33 232 46 74 242 72 151 51 164 226 90 41 143 188 39 50 210 186 108 161 203 216 8 218 140 260 262 21 85 209 149 100 200 183 147 109 552 553
82 260 31 130 264 119 240 4 125 114 127 248 116 28 105 118 109 56 234 223 50 229 103 21 213 149 217 85 75 79 142 77 190 137 544 545
244 79 158 109 143 258 73 207 54 260 88 251 141 186 210 195 189 248 159 70 204 153 217 232 32 190 41 269 154 184 199 262 197 59 172 4 259 140 170 2 100 555 556
205 135 1 80 129 159 40 70 208 265 185 267 47 200 111 164 26 90 209 143 253 39 50 14 63 108 59 259 161 261 237 193 232 234 183 75 147 240 141 201 552 553
91 254 113 223 183 47 106 240 26 60 154 158 105 226 204 206 157 46 146 93 214 135 148 19 64 209 79 28 255 138 180 86 248 129 80 545 546
188 176 106 170 149 0 113 213 226 73 32 77 156 141 41 135 86 20 203 218 260 93 196 138 102 164 250 197 143 184 199 118 256 103 186 167 161 142 251 551 552
80 201 190 65 137 86 207 49 119 200 242 202 47 9 125 51 193 127 237 184 60 111 232 59 170 95 176 6 90 105 149 217 151 77 33 197 210 144 212 544 545
201 31 42 262 65 251 89 21 93 202 259 102 47 51 239 111 254 26 184 20 127 59 191 218 27 149 130 79 192 24 88 212 267 186 203 199 552 553
93 140 208 20 216 258 192 207 209 251 264 253 145 202 64 180 127 261 73 184 186 31 42 183 40 70 55 119 229 242 19 147 86 545 546
140 186 254 138 19 102 232 111 183 242 105 5 50 154 167 213 162 217 8 121 208 155 157 267 159 148 75 216 128 109 260 73 24 251 211 145 116 259 180 95 195 129 10 548 549
65 21 190 137 258 84 194 185 255 189 202 191 5 31 118 50 46 59 181 223 172 2 47 176 218 167 211 103 105 149 3 153 142 263 155 42 197 210 157 543 544
257 247 109 28 162 245 226 52 116 146 262 180 31 144 46 14 208 10 70 59 138 68 240 251 72 102 2 196 56 154 122 33 161 176 193 21 234 259 213 556 557
250 204 55 130 202 0 253 79 158 109 77 156 239 248 199 229 89 47 92 194 145 209 105 5 39 118 14 108 59 161 191 195 176 27 106 555 556
31 148 269 190 203 60 20 196 68 178 125 59 184 109 245 24 157 49 159 106 33 167 88 90 103 21 79 213 147 217 85 261 32 153 195 9 13 265 199 541 542
158 242 92 191 56 90 35 39 118 122 14 245 127 234 247 223 170 85 64 147 226 204 141 1 42 267 95 148 216 196 0 113 549 550
242 237 137 122 161 189 193 40 70 204 119 149 49 183 259 102 113 47 211 41 135 84 208 159 253 142 157 240 185 130 194 209 555 556
3 260 181 51 185 119 132 121 189 191 0 248 63 52 41 162 54 232 234 47 172 214 108 141 33 200 213 202 215 149 138 151 72 206 208 10 186 14 190 192 540 557
121 86 183 1 114 46 176 218 70 74 167 19 145 72 213 28 9 208 142 155 60 210 105 254 267 214 103 84 108 207 128 4 130 27 2 202 125 259 100 127 237 547 548
88 183 26 132 253 176 127 248 237 109 122 164 100 181 64 95 108 154 167 63 86 149 162 1 204 217 151 70 142 21 199 267 28 141 544 545
183 122 33 195 142 10 247 119 19 49 113 240 28 77 141 146 215 129 232 108 59 172 4 8 151 214 2 207 164 143 54 202 551 552
63 73 128 262 196 130 132 68 237 105 239 109 232 157 214 269 84 28 141 211 200 202 259 39 193 153 74 195 263 197 186 254 267 192 543 544
128 255 202 52 33 178 86 138 1 12 70 190 245 68 28 51 32 229 5 35 118 20 213 147 14 142 210 146 55 85 269 192 79 109 262 130 143 145 200 547 548
255 54 258 226 137 52 218 12 42 114 144 95 153 206 4 251 185 28 245 13 145 60 90 41 203 184 5 14 106 189 170 193 223 21 6 261 75 556 557
202 204 181 208 13 92 77 265 141 41 256 105 5 247 197 14 108 240 153 229 8 51 194 60 143 154 232 161 1 46 262 193 70 85 552 553
204 263 102 132 147 192 51 111 13 92 245 26 190 90 135 35 199 180 118 144 148 129 108 142 4 55 208 109 212 73 24 33 146 211 552 553
86 258 132 200 84 14 191 125 193 114 127 248 27 118 239 254 6 51 109 122 232 245 100 60 24 229 167 105 40 215 0 142 263 89 265 199 28 148 544 545
258 146 229 1 12 42 70 19 0 151 211 51 267 145 56 190 41 105 118 148 212 108 59 27 106 170 185 2 55 149 164 143 207 156 52 556 557
260 214 95 208 10 223 263 153 138 217 19 72 28 32 154 218 248 39 20 103 14 59 195 27 240 8 189 6 130 192 24 54 264 556 557
77 209 264 13 125 1 195 184 4 247 2 102 159 26 41 218 35 50 156 90 103 92 213 33 215 12 263 265 199 212 267 269 19 137 192 544 545
209 26 190 41 237 199 39 114 84 217 212 102 196 269 111 194 64 75 79 109 253 52 127 146 161 1 254 46 256 70 247 49 9 552 553
9 132 79 26 147 191 259 72 195 184 186 135 113 181 42 55 46 54 4 32 100 234 89 146 159 6 269 203 216 84 20 75 540 557
176 109 154 105 54 229 218 46 40 237 119 149 100 130 0 113 162 265 56 199 269 216 35 95 194 14 148 196 253 8 72 51 164 239 550 551
181 33 108 27 106 170 10 184 197 21 55 234 185 56 141 52 135 116 125 148 217 68 132 2 267 164 75 218 207 54 211 551 552
0 191 19 184 144 265 122 190 245 137 5 108 229 39 109 153 113 102 223 159 269 95 84 141 264 156 79 92 215 540 557
191 64 75 54 156 33 218 146 42 46 153 157 4 132 185 223 32 60 143 194 20 211 253 14 248 85 254 119 149 551 552
193 197 13 156 194 190 116 253 114 144 159 59 4 68 8 102 2 92 164 75 214 154 5 35 24 20 218 207 186 161 170 55 195 208 551 552
49 138 144 254 256 203 75 196 251 64 185 55 59 116 237 1 46 109 111 21 100 113 102 157 212 172 148 13 26 154 143 145 215 20 542 543
70 142 197 265 267 269 137 52 73 1 253 40 114 68 237 184 8 47 111 234 159 148 108 84 14 33 143 156 217 6 261 543 544
142 21 245 170 102 159 172 161 51 32 154 39 162 14 151 2 55 192 253 24 189 137 141 259 180 237 184 239 46 129 548 549
56 207 154 167 8 145 215 217 259 206 263 210 203 141 262 42 264 64 189 178 180 114 127 116 237 109 41 223 35 170 172 14 95 542 543
207 253 116 146 180 114 125 178 159 237 8 196 47 210 223 212 164 194 145 143 203 154 105 118 12 259 46 261 155 19 247 92 251 552 553
132 73 24 217 155 144 135 269 137 40 192 74 68 19 251 72 47 28 51 32 13 138 26 105 247 223 64 147 547 548
148 210 95 214 138 196 211 200 24 39 20 84 256 108 192 247 42 147 226 13 137 153 116 548 549
210 178 10 206 72 151 51 32 26 184 103 84 59 161 189 269 170 55 85 149 264 211 253 192 52 146 265 1 144 125 256 553 554
253 263 73 24 52 33 229 95 178 40 21 138 113 28 239 154 184 218 269 59 206 27 106 264 234 119 75 147 555 556
263 74 162 111 92 226 145 239 60 90 254 184 5 199 50 84 127 261 108 217 27 2 155 119 100 164 161 144 129 556 557
32 35 92 8 162 217 206 261 26 197 89 254 267 203 84 60 194 200 21 127 28 232 100 234 47 229 42 541 542
35 40 229 154 167 264 90 211 145 213 215 149 217 151 208 89 254 146 256 247 194 141 262 130 127 12 116 118 239 39 186 47 223 157 51 172 214 541 542
40 197 144 14 269 190 4 73 8 75 130 64 185 68 189 178 59 180 184 52 109 122 164 155 1 12 84 154 147 151 72 85 74 541 542
21 144 186 254 267 135 256 51 64 185 108 20 59 105 118 8 164 111 6 214 264 145 147 12 72 85 127 540 541
156 92 145 200 39 195 103 232 85 170 149 172 130 75 147 109 141 226 135 146 1 164 114 125 199 19 72 47 549 550
72 149 206 28 155 144 13 52 135 41 5 264 79 4 125 138 180 116 60 232 245 247 24 54 159 33 211 10 55 543 544
125 199 64 75 135 269 192 24 143 200 12 259 248 89 68 164 111 223 170 159 60 240 161 154 14 211 213 149 162 138 2 85 144 547 548
199 216 10 262 19 102 200 192 206 248 5 39 20 50 256 84 14 234 27 55 100 109 232 167 265 180 212 552 553
42 256 247 194 75 51 119 55 68 8 178 162 100 234 33 106 95 229 218 154 143 200 85 206 28 197 186 541 542
14 102 51 172 106 10 95 216 264 24 28 138 74 5 256 203 60 251 64 119 240 2 178 167 127 116 105 118 155 540 557
102 153 265 269 203 216 100 196 143 259 127 1 12 95 10 89 109 74 223 170 51 108 60 211 20 50 213 105 545 546
146 46 10 196 74 264 92 186 5 39 216 55 100 211 226 149 162 217 24 155 157 212 190 12 548 549
51 20 50 151 261 153 157 130 251 178 259 195 129 184 10 19 113 170 106 542 543
178 267 269 122 52 167 262 1 170 10 206 47 162 245 234 240 39 229 20 50 84 108 213 151 217 550 551
90 218 154 50 84 155 197 269 190 141 262 130 251 264 79 129 184 239 186 74 170 172 95 545 546
180 256 269 216 24 54 200 52 189 1 248 237 184 10 254 68 245 151 147 26 5 20 50 108 4 106 155 267 551 552
256 46 223 68 19 147 47 28 111 13 26 239 190 154 248 269 84 127 4 8 185 215 55 259 265 143 237 122 216 161 556 557
269 114 197 10 261 157 4 138 251 196 41 203 184 265 8 6 130 190 52 116 556 557
218 39 4 106 248 265 149 100 267 79 54 52 167 1 214 12 95 159 10 138 19 213 111 92 190 141 553 554
164 167 157 215 217 232 24 267 103 216 262 106 10 195 147 28 162 254 137 190 26 141 245 170 114 129 59 549 550
167 172 185 54 229 122 103 33 127 237 55 6 149 64 267 13 137 196 159 259 59 248 74 151 254 192 550 551
122 170 106 85 213 28 73 52 114 214 161 216 137 74 130 8 2 47 147 189 92 206 248 184 105 5 24 50 232 547 548
170 108 59 4 234 27 106 155 6 119 149 130 75 137 52 208 12 114 144 46 265 89 211 105 550 551
226 264 215 248 24 54 265 84 33 127 108 234 214 106 10 155 85 119 92 239 190 41 135 50 144 159 74 206 68 554 555
264 254 20 114 95 208 10 261 212 267 138 113 185 215 196 60 154 118 127 108 106 189 79 192 556 557
100 114 127 195 186 85 223 240 54 108 33 145 162 261 208 155 212 47 203 13 194 26 60 41 251 50 545 546
157 153 212 27 159 151 214 60 200 154 73 259 248 261 33 254 46 89 74 119 149 68 47 92 141 213 39 20 549 550
213 196 92 145 254 105 245 197 106 85 200 130 237 194 73 135 129 172 74 68 113 553 554
153 138 68 2 214 47 13 26 60 143 39 103 261 239 8 130 234 247 223 64 147 79 240 161 141 154 211 206 549 550
113 151 27 197 6 85 203 64 192 262 185 33 189 1 237 239 89 186 159 41 143 103 546 547
20 106 5 211 26 147 138 74 208 144 245 137 247 73 119 240 114 116 237 184 6 54 13 540 541
92 47 103 261 5 208 144 265 212 254 267 59 203 85 189 79 237 105 239 109 234 223 172 95 229 19 154 545 546
50 159 214 211 24 145 200 85 261 208 46 10 135 75 47 26 114 103 116 186 232 27 8 542 543
159 265 108 203 196 185 75 259 79 248 237 137 33 1 12 95 161 229 68 60 135 105 5 208 549 550
172 267 161 2 262 155 55 85 200 64 189 79 109 261 141 239 33 190 192 234 129 89 229 47 111 237 60 154 550 551
196 215 12 114 223 216 60 143 154 248 197 232 234 189 85 229 75 147 73 552 553
215 185 28 111 13 60 41 267 103 84 108 195 106 119 149 75 211 162 245 52 33 135 1 114 208 74 553 554
60 211 149 197 144 265 212 214 135 26 194 75 68 189 259 195 237 2 234 54 39 543 544
41 154 143 261 74 195 155 89 254 203 75 10 185 240 19 55 239 111 232 245 47 214 106 541 542
2 118 239 54 109 111 27 216 84 24 26 149 206 195 144 265 203 245 119 248 540 557
118 161 6 75 79 109 73 162 116 208 155 1 267 214 89 74 192 19 194 130 200 138 127 237 129 197 546 547
106 223 4 8 216 79 147 24 206 261 155 265 1 12 137 262 130 68 47 138 127 239 546 547
116 251 73 189 10 89 232 74 68 19 28 84 206 155 197 4 265 27 254 214 135 203 546 547
8 54 223 108 79 259 85 206 74 129 89 144 186 6 192 247 185 240 127 540 557
54 68 114 155 223 212 214 46 95 10 28 149 217 129 89 144 39 203 137 192 251 542 543
223 108 27 245 55 194 64 73 137 103 52 161 12 19 162 192 111 13 248 261 114 553 554
162 200 259 111 145 184 186 254 24 103 234 185 229 147 109 73 137 265 203 114 129 194 549 550
239 262 155 234 55 85 64 259 137 141 52 267 229 195 12 46 189 129 203 184 554 555
203 229 1 144 46 28 194 265 212 267 216 39 127 161 27 206 261 155 6 147 137 552 553
229 105 5 103 161 195 261 79 245 247 141 251 89 212 74 554 555
73 119 240 52 184 109 28 214 95 216 154 103 79 259 208 6 144 135 543 544
119 103 190 232 247 10 74 240 19 26 208 155 144 59 27 262 55 6 143 145 75 109 259 546 547
6 129 111 27 95 211 103 79 217 259 206 261 197 144 265 12 135 192 194 251 64 13 68 248 540 557
129 144 214 19 137 192 141 262 130 185 189 1 259 114 46 261 247 47 161 211 33 151 27 208 547 548
212 234 208 74 216 151 145 154 105 248 103 33 108 254 247 149 75 147 109 192 190 553 554
234 108 245 85 251 64 211 190 141 144 46 217 47 262 145 5 39 554 555
55 184 232 161 216 145 13 74 208 39 262 27 259 127 248 542 543
240 237 127 161 12 46 10 64 79 259 137 135 251 75 555 556
114 267 79 192 262 143 145 12 74 186 232 47 13 105 4 206 546 547
64 259 33 184 111 145 149 151 206 4 254 267 27 190 141 543 544
105 147 149 217 52 144 1 254 214 190 68 251 189 127 195 245 546 547
108 39 103 214 190 247 1 10 74 189 47 13 546 547
237 200 24 137 52 214 12 144 46 147 154 84 197 208 254 554 555
186 149 130 232 1 10 19 111 208 127 12 27 551 552
200 217 52 95 267 138 211 111 259 154 33 245 161 46 189 149 130 19 552 553
52 194 189 245 214 145 217 206 208 155 197 265 542 543
10 254 137 194 75 248 109 111 232 154 149 85 208 540 557
197 89 267 214 68 47 84 27 79 109 1 12 552 553
47 79 147 259 74 195 185 109 95 5 39 542 543
79 28 26 127 75 211 39 138 89 144 12 135 84 247 194 544 545
33 127 248 39 214 154 145 206 74 144 245 541 542
194 208 138 19 265 151 111 26 154 184 5 248 127 59 551 552
24 13 103 184 95 206 267 135 75 130 540 541
109 127 232 216 154 89 145 217 151 261 192 546 547
127 216 211 89 74 192 26 141 262 130 259 232 547 548
130 95 46 28 145 39 27 85 189 547 548
89 19 137 143 185 189 5 211 103 149 261 544 545
135 12 19 248 28 26 59 4 27 154 151 208 155 144 265 548 549
251 216 1 214 195 12 19 247 147 145 190 154 254 75 555 556
68 259 151 206 1 84 75 143 4 189 28 184 111 245 216 543 544
259 211 190 141 254 144 208 138 151 75 154 261 155 556 557
245 12 27 189 19 265 267 192 137 145 143 555 556
12 192 247 189 39 232 216 84 154 217 85 261 195 265 540 557
149 143 27 151 216 262 46 74 548 549
75 232 4 28 39 217 195 137 544 545
28 206 144 267 192 185 95 540 541
143 137 141 4 214 111 154 39 147 195 1 46 254 185 548 549
248 247 262 137 141 261 74 4 39 189 555 556
208 138 19 185 154 184 261 27 155 552 553
262 46 74 138 151 111 13 145 5 261 214 189 192 556 557
5 95 154 217 19 195 185 4 59 540 557
95 214 59 141 184 13 206 155 545 546
138 155 265 141 84 145 189 4 195 232 247 161 1 211 147 548 549
151 155 13 265 26 267 216 4 184 232 247 185 46 549 550
267 111 13 254 103 27 247 141 265 556 557
13 19 261 254 192 4 46 214 141 540 557
137 232 39 84 59 4 217 548 549
26 46 103 145 206 155 144 190 189 161 540 541
46 216 145 206 195 155 265 542 543
154 84 247 549 550
144 185 232 206 548 549
195 192 190 4 103 84 161 189 552 553
103 39 147 217 19 216 185 261 59 247 545 546
111 211 147 206 155 265 192 247 216 84 546 547
211 190 84 254 4 185 217 161 155 74 553 554
247 155 192 141 39 59 4 217 27 555 556
147 254 4 27 85 217 1 74 548 549
216 185 217 184 74 254 553 554
265 232 261 161 4 155 214 556 557
214 185 189 261 553 554
184 217 39 232 551 552
84 1 217 254 185 544 545
1 190 4 27 161 74 540 557
190 4 185 85 551 552
185 206 261 59 4 85 551 552
189 254 232 4 85 551 552
254 19 145 555 556
161 192 4 217 261 549 550
192 39 155 551 552
155 74 549 550
206 85 552 553
74 141 59 85 543 544
217 261 85 553 554
145 59 85 261 548 549
39 59 4 541 542
4 19 261 540 557
59 232 542 543
85 232 544 545
19 232 540 541
141 548 549
27 540 541
232 554 555
261 556 557
402 538 485 294 324 358 434 489 531 467 271 416 365 528 411 479 521 372 383 415 457 527 516 463 307 341 441 375 275 445 339 447 354 504 367 348 438 451 493 382 453 495 429 346 297 278 357 510 361 499 501 422 300 505 364 315 368 398 379 547 548
538 417 317 298 279 362 496 426 411 490 390 524 435 305 286 290 414 403 433 314 429 501 318 393 476 427 457 297 510 357 308 521 361 276 336 500 464 315 345 428 492 313 537 328 358 373 539 273 516 431 514 465 529 463 444 504 423 508 556 557
302 371 299 426 360 417 472 474 487 421 287 410 531 423 467 524 473 294 528 341 354 517 409 530 330 464 400 334 455 468 523 323 512 404 338 393 327 318 439 331 386 507 520 324 500 513 434 304 506 440 374 321 497 312 380 490 295 437 479 541 542
371 398 296 307 521 341 470 275 512 459 290 354 408 450 386 441 293 388 401 297 511 379 392 381 394 515 355 336 270 285 387 345 429 389 378 499 279 324 380 422 435 322 356 337 430 498 365 359 310 344 427 403 353 405 539 460 473 462 545 546
299 491 506 319 440 290 418 499 293 356 477 369 534 364 527 419 366 408 529 531 423 465 480 401 522 294 348 537 458 350 539 339 460 352 462 475 517 530 451 519 532 332 387 468 523 323 404 393 340 437 397 452 320 441 496 324 445 379 540 541
450 471 484 434 285 315 398 349 379 466 313 294 523 322 352 437 459 514 527 461 350 335 395 520 509 359 340 291 456 524 344 374 458 460 515 323 383 436 512 341 490 305 492 388 494 397 329 431 427 446 327 278 361 425 469 482 287 537 551 552
471 479 418 429 340 536 363 525 404 457 270 516 529 421 353 434 511 464 415 341 502 413 305 309 388 422 373 354 433 510 367 318 499 512 293 274 376 278 308 494 444 496 468 370 449 485 300 281 487 417 368 432 324 493 292 416 528 439 552 553
309 495 272 497 323 433 501 382 437 360 415 362 375 432 353 368 344 412 533 346 535 361 482 403 462 475 530 343 356 398 519 285 304 521 455 347 298 336 404 459 384 505 399 305 441 333 454 335 377 337 284 392 280 515 328 370 383 385 541 542
495 388 290 320 513 526 448 515 378 329 504 412 519 476 446 327 308 497 512 276 479 413 496 509 462 426 392 322 352 337 271 350 484 384 414 463 374 532 457 338 323 304 536 317 279 321 351 430 366 475 460 307 520 533 439 469 524 554 555
469 484 384 459 486 429 444 374 404 438 532 270 353 470 451 527 321 430 474 415 531 330 533 375 339 526 433 467 515 284 295 504 329 412 440 272 355 385 490 389 370 400 300 315 345 494 413 498 294 377 407 452 333 535 420 350 282 552 553
484 384 528 314 448 295 429 348 329 508 476 278 342 421 372 323 466 514 518 494 507 345 413 498 343 500 388 339 369 392 403 322 437 312 446 486 361 463 425 325 404 468 270 304 383 368 447 398 428 481 279 362 460 311 522 356 553 554
307 422 298 532 479 468 281 481 415 470 408 344 465 333 414 403 416 458 392 405 394 407 528 462 517 464 398 519 276 306 345 321 442 455 444 457 325 459 314 461 516 318 507 443 324 489 381 491 425 280 493 319 440 376 289 539 541 542
422 506 510 286 420 512 501 448 418 295 367 492 505 363 428 278 308 498 406 487 423 491 425 415 480 427 364 345 482 429 343 486 324 528 475 477 333 521 534 468 536 470 331 395 340 291 452 520 467 524 387 526 351 277 411 549 550
326 435 492 413 494 415 306 419 408 315 531 465 478 522 482 524 337 350 539 339 273 515 528 475 396 398 532 301 466 316 347 457 280 391 459 393 514 274 463 505 518 386 333 317 298 509 335 456 498 390 511 513 449 275 376 365 318 367 501 542 543
435 528 462 360 390 424 375 305 286 479 521 388 392 354 284 329 527 474 463 518 531 278 410 456 355 336 511 370 526 447 460 285 417 508 510 322 352 356 503 271 282 384 399 295 280 274 408 478 323 353 387 321 362 415 366 473 550 551
367 436 311 383 438 506 305 508 429 339 376 314 378 295 433 439 278 481 430 498 287 432 368 285 315 345 370 491 480 294 416 537 347 526 539 420 352 409 530 519 532 479 400 365 523 359 291 393 514 461 529 452 386 458 515 545 546
436 318 397 441 412 485 427 297 500 361 276 306 336 482 364 473 464 328 407 466 479 534 333 523 356 337 525 401 431 271 301 312 335 531 465 310 454 344 338 526 353 515 432 517 381 396 508 296 442 409 341 388 339 373 354 505 295 550 551
339 374 508 301 331 378 499 310 369 437 358 360 319 270 496 351 472 298 353 283 368 410 423 467 535 539 320 462 314 343 464 477 318 519 329 468 514 395 287 505 386 454 388 509 401 498 390 500 434 292 372 440 543 544
374 320 373 284 533 416 539 346 361 517 530 519 532 355 281 523 514 324 397 358 452 288 386 454 292 375 509 390 445 458 513 434 381 502 394 365 449 491 497 420 323 501 279 366 494 296 536 483 330 311 341 485 419 305 545 546
283 479 492 426 347 279 415 362 417 419 408 300 476 478 520 412 480 293 348 524 515 286 528 328 396 274 530 532 400 272 468 523 391 448 382 516 316 507 498 511 311 432 379 273 434 504 304 425 306 319 482 442 497 310 431 477 290 303 540 557
479 514 490 411 341 405 507 275 439 384 399 478 348 363 476 293 480 535 327 455 466 539 486 385 530 400 281 445 364 379 394 324 388 288 337 401 412 271 346 316 380 440 444 340 449 506 323 304 417 398 552 553
421 443 498 372 383 476 406 425 351 362 366 539 360 477 320 532 373 521 468 318 397 525 382 459 514 527 346 516 272 533 306 385 454 509 334 526 417 407 440 444 499 446 420 350 490 384 414 316 395 399 439 340 494 291 428 483 549 550
443 380 503 419 400 364 315 496 368 398 485 343 487 377 407 489 322 303 405 386 535 350 335 316 528 399 393 532 468 481 342 323 383 525 279 461 381 332 426 520 311 390 522 524 388 526 447 460 373 314 462 517 506 382 274 278 357 550 551
388 361 385 488 424 492 349 313 288 273 386 478 425 350 384 335 316 537 291 418 539 407 420 409 338 411 304 468 321 381 362 393 366 296 330 360 341 399 320 373 524 445 382 504 517 506 327 308 453 546 547
300 382 274 386 496 311 447 296 277 381 315 304 317 506 286 361 363 497 354 303 413 426 481 373 415 430 529 423 478 399 412 467 480 401 522 279 294 403 416 458 288 394 407 528 530 464 532 332 466 282 336 404 393 527 340 541 542
382 281 460 502 515 345 504 396 493 453 387 510 499 488 337 492 505 312 439 380 483 310 340 474 487 476 478 304 368 482 405 407 462 375 350 400 290 523 314 391 512 461 529 463 278 308 401 456 390 511 458 500 546 547
341 420 488 337 437 271 301 312 316 483 340 430 472 364 406 366 338 355 346 298 401 330 311 396 343 398 284 525 446 293 463 308 399 272 456 377 498 445 502 285 491 438 506 313 294 429 442 363 376 288 543 544
420 275 290 464 365 481 329 274 459 514 278 308 461 387 306 315 445 458 526 379 460 343 519 288 373 403 453 273 412 271 301 331 488 501 490 492 428 370 304 500 417 398 349 476 317 279 396 347 296 482 537 311 549 550
318 491 383 451 372 376 497 433 501 288 437 292 428 496 417 430 351 419 474 476 280 357 478 467 401 414 535 361 524 304 337 405 418 407 343 477 519 453 521 413 534 325 446 290 393 514 507 335 511 445 381 542 543
423 489 408 480 372 323 482 406 298 530 534 275 523 305 536 320 284 529 452 520 467 325 306 385 336 502 515 419 504 451 334 508 368 349 379 442 510 279 313 343 288 490 492 386 416 286 428 271 316 395 432 295 434 549 550
489 487 496 308 342 317 502 321 491 434 281 493 285 409 458 324 392 373 452 273 397 492 534 536 446 525 346 376 327 357 527 380 440 276 306 468 289 417 368 447 379 526 481 279 411 352 301 512 320 384 395 505 329 518 442 553 554
464 490 411 441 273 416 271 301 282 384 335 316 448 399 310 444 291 344 478 427 408 319 482 304 451 296 277 305 525 320 527 373 452 531 520 533 412 467 446 440 272 276 336 449 281 285 368 432 499 512 313 551 552
490 296 532 311 394 536 369 373 516 431 520 533 476 376 327 357 308 380 410 361 455 485 474 355 468 315 345 398 510 343 294 324 512 456 273 303 405 439 301 365 498 418 399 429 442 338 493 353 466 298 553 554
376 377 447 295 493 506 453 274 510 378 501 439 364 368 498 419 313 343 294 328 292 303 414 427 416 350 301 418 473 396 400 521 413 289 270 536 342 304 512 404 472 351 332 529 366 397 296 507 311 441 509 546 547
377 327 466 272 406 527 448 408 334 463 397 454 294 324 401 456 511 524 500 392 322 502 383 271 301 331 282 335 359 499 338 353 505 368 279 483 321 347 485 474 296 360 533 305 286 467 290 369 482 405 418 475 530 532 546 547
381 492 494 415 327 278 357 476 491 412 533 425 345 349 379 403 405 473 409 322 352 303 532 400 413 455 282 365 406 359 310 340 395 363 465 507 522 458 500 321 362 504 296 277 438 451 506 444 369 433 314 546 547
492 499 409 503 394 507 496 392 373 403 498 397 378 329 480 431 504 465 346 361 391 272 425 287 539 370 400 285 364 349 451 462 313 328 405 350 331 312 520 533 384 522 427 319 304 406 485 510 553 554
394 431 444 337 282 448 503 424 389 430 485 432 500 317 313 412 429 418 356 407 462 350 530 477 411 314 413 468 470 274 472 297 357 461 410 465 507 351 509 360 460 375 504 294 517 324 451 440 373 453 354 352 547 548
431 424 375 502 451 418 348 510 293 380 361 503 437 325 355 441 370 285 364 498 432 434 313 343 294 426 407 288 493 292 352 333 405 395 399 280 340 291 393 344 536 408 289 459 472 353 279 332 520 415 311 445 549 550
413 444 296 494 428 365 500 363 491 438 414 535 427 482 406 418 539 486 488 523 415 525 392 373 354 461 518 401 452 465 520 282 316 456 361 391 524 340 513 526 460 515 370 462 319 364 453 508 521 548 549
444 522 369 511 403 445 513 273 451 506 327 508 410 361 497 425 457 400 503 505 417 398 432 396 328 386 337 286 480 493 301 418 280 486 344 477 342 372 323 481 287 527 461 463 330 360 518 531 452 550 551
366 369 437 278 308 342 373 494 417 419 474 296 434 476 480 537 354 314 273 303 530 519 327 534 457 291 525 406 516 408 463 315 386 399 401 294 358 322 337 506 271 350 440 365 497 389 295 340 378 499 329 545 546
369 508 296 510 486 433 290 437 354 426 481 417 472 485 346 531 355 535 524 334 418 539 407 475 398 453 400 523 457 356 337 512 404 525 406 331 282 335 518 465 280 454 509 319 500 342 502 279 491 385 506 545 546
397 438 451 506 270 440 453 285 364 315 486 488 396 347 358 333 337 286 496 384 434 280 363 425 274 289 414 372 537 473 321 351 362 409 530 519 466 311 400 375 415 536 470 529 348 452 520 278 511 500 547 548
434 503 505 439 494 272 385 321 430 487 500 281 345 491 349 535 328 486 475 477 401 350 331 282 316 359 461 476 518 323 533 417 432 456 458 449 462 330 360 504 506 284 314 514 363 393 448 549 550
503 415 445 424 375 324 288 373 456 348 282 312 346 529 361 531 355 385 468 400 524 289 453 270 304 398 349 428 515 528 332 328 460 523 416 275 335 314 442 344 509 476 457 338 327 491 342 466 276 306 287 500 554 555
327 511 445 502 504 438 427 288 508 429 292 273 271 477 358 373 415 362 419 432 474 529 410 531 279 465 416 337 311 405 418 407 286 409 290 343 314 521 334 470 512 406 297 395 505 333 456 542 543
351 505 323 360 373 430 474 355 330 478 305 467 286 480 403 284 314 473 396 409 293 519 521 534 536 404 527 384 518 509 328 500 273 337 383 517 438 493 350 301 508 335 429 442 280 340 365 499 289 424 437 544 545
505 370 498 409 510 525 343 324 458 292 322 486 437 386 271 446 410 404 389 447 428 298 296 460 311 286 527 354 467 284 295 429 329 363 293 522 278 357 524 342 372 513 355 306 385 336 554 555
290 429 277 297 486 433 488 271 303 437 481 415 349 483 298 357 467 287 522 293 335 524 337 405 396 409 530 330 398 334 347 510 273 404 446 340 331 280 390 311 270 392 370 491 504 425 306 361 540 541
320 429 276 486 499 433 358 534 294 470 417 485 292 273 353 487 355 410 312 480 401 522 535 348 482 458 473 328 517 398 521 468 523 391 338 461 311 395 516 305 286 454 509 284 295 498 432 445 502 440 542 543
297 390 286 313 315 295 383 438 372 427 319 308 274 378 433 272 380 360 481 285 364 487 355 465 478 533 425 359 361 482 537 337 458 282 539 475 396 517 530 280 411 334 347 391 404 525 325 338 393 395 463 322 540 541
390 272 424 437 325 276 336 494 281 483 430 285 364 368 349 474 408 476 313 410 328 288 414 322 352 416 537 460 282 528 316 409 340 536 289 342 529 321 452 465 399 401 311 511 513 449 504 493 329 442 547 548
424 409 286 439 441 430 485 348 278 357 425 380 410 406 325 389 419 462 364 477 398 379 313 343 468 347 536 525 322 273 303 461 386 529 271 331 282 384 310 291 524 500 460 408 502 517 323 304 453 321 497 396 549 550
281 516 316 439 373 494 454 496 311 324 491 427 361 308 429 418 539 352 433 288 303 292 360 481 415 536 277 364 275 529 520 412 533 346 456 282 350 284 526 473 286 328 385 506 345 466 387 400 510 393 540 557
373 385 287 362 389 510 428 498 412 493 414 306 336 539 473 285 364 368 409 521 534 455 415 277 352 406 408 331 463 465 386 359 363 344 524 392 449 438 317 545 546
385 399 441 329 445 513 447 504 508 497 486 298 343 324 437 347 426 415 322 352 337 432 384 478 280 340 414 535 363 344 482 524 416 293 405 342 372 323 528 409 477 534 455 389 512 527 395 546 547
392 398 357 455 391 291 446 349 343 485 358 322 414 416 384 539 295 329 409 293 532 372 523 415 457 317 525 332 461 474 476 518 531 330 454 375 522 324 445 458 513 288 354 515 462 378 438 547 548
398 322 352 531 452 465 335 454 401 445 513 289 270 438 372 383 387 497 332 512 433 437 439 417 346 412 533 425 416 355 336 287 405 530 349 519 532 313 294 455 547 548
441 325 276 306 430 521 534 536 470 472 349 516 328 407 452 465 292 352 356 524 331 447 502 365 316 517 340 519 438 389 442 338 270 353 417 501 448 432 362 426 496 360 311 498 275 476 393 274 488 550 551
506 433 456 329 293 537 504 355 449 400 502 453 315 417 379 523 451 481 525 396 358 352 386 337 522 312 365 526 295 515 482 404 487 519 289 298 470 500 514 415 330 375 554 555
375 378 433 336 488 287 315 426 360 343 294 474 408 292 322 273 412 271 301 282 312 537 405 418 473 355 370 453 338 334 470 393 406 461 395 452 507 335 365 513 284 504 363 493 427 508 342 546 547
508 518 452 520 456 486 333 312 346 357 361 306 336 438 370 449 285 349 451 462 343 426 356 337 416 499 301 331 335 316 497 429 393 537 487 278 491 342 353 406 430 525 330 305 477 554 555
380 509 522 526 460 515 462 504 354 517 442 331 346 501 276 428 270 334 364 368 313 412 533 425 480 337 305 528 359 466 521 534 338 417 342 353 406 272 474 317 395 516 408 336 321 332 410 531 465 546 547
509 361 391 425 470 287 500 525 315 529 313 477 324 396 426 520 322 480 526 528 384 459 463 340 442 344 404 472 466 481 518 321 494 360 473 439 286 452 403 354 437 378 329 412 357 491 554 555
306 331 399 454 322 456 511 432 513 278 315 328 440 308 378 312 288 428 362 303 417 472 485 406 487 301 467 359 403 524 418 407 411 332 345 455 347 389 510 523 277 459 527 286 316 541 542
331 350 460 411 345 324 457 404 525 446 292 273 527 384 452 316 496 280 310 379 270 491 493 440 317 279 499 296 277 330 356 275 426 536 470 364 419 474 487 531 278 414 272 348 543 544
336 439 520 294 328 445 292 500 333 368 383 372 280 486 433 481 298 415 536 428 362 430 364 419 277 487 408 355 357 286 346 401 414 526 473 354 453 387 389 338 514 448 461 315 543 544
439 285 288 403 459 292 461 516 476 452 465 454 410 361 511 280 310 291 460 389 419 515 517 440 428 379 432 313 396 347 426 277 311 356 416 275 335 365 399 500 344 274 357 387 550 551
415 396 407 428 498 305 384 354 480 329 363 537 429 278 475 530 406 468 457 315 459 516 294 513 301 502 346 504 438 280 359 497 338 319 270 433 548 549
368 391 393 395 531 465 386 507 399 467 321 522 447 460 383 396 517 440 387 352 348 512 501 271 282 496 487 476 349 370 491 425 414 537 526 407 528 409 350 314 523 457 545 546
391 349 522 456 328 292 352 303 438 451 453 350 301 282 316 340 291 319 494 383 485 419 362 277 533 360 535 427 524 537 526 418 539 528 295 462 477 411 466 521 357 470 512 472 527 448 395 529 370 547 548
313 455 347 468 293 274 406 395 276 287 386 333 456 513 502 315 383 493 427 319 321 365 499 488 426 289 304 364 485 474 476 412 533 277 467 524 537 405 526 462 409 453 541 542
455 294 292 352 356 337 401 316 482 537 429 280 340 393 344 453 270 532 372 481 483 332 396 411 409 360 518 275 520 467 535 314 515 528 504 346 357 325 276 499 419 400 514 334 364 345 428 551 552
271 458 352 273 286 407 528 462 409 343 510 512 448 274 384 518 452 333 498 379 491 363 433 488 314 477 316 358 362 417 430 472 287 289 531 533 346 293 348 282 416 537 540 557
458 497 510 499 289 507 304 483 487 500 332 362 277 292 275 350 539 486 399 475 442 393 344 532 427 357 308 523 527 287 430 529 476 315 345 520 330 409 452 403 322 273 412 551 552
361 522 456 511 314 295 447 344 370 387 317 321 365 378 446 494 324 362 483 430 288 354 474 303 478 480 291 407 462 530 334 279 457 404 328 529 454 545 546
433 493 275 314 357 498 425 276 345 417 428 379 432 328 358 475 292 530 273 333 477 519 534 282 312 365 418 280 310 291 404 531 408 452 465 270 406 513 502 449 504 549 550
493 314 399 295 535 482 476 357 515 355 470 430 521 400 510 334 349 347 273 303 416 500 446 504 474 389 419 449 497 472 372 353 304 321 396 426 536 296 525 305 286 384 414 553 554
273 275 409 330 277 387 389 338 459 461 395 322 432 324 449 370 372 427 319 310 499 312 475 314 477 428 285 340 408 342 476 346 467 401 295 405 473 515 540 557
275 378 499 356 305 426 536 349 364 406 353 487 408 342 355 289 531 291 293 282 524 416 337 460 515 286 407 462 411 468 510 274 448 395 384 454 498 511 311 432 447 438 308 321 540 557
364 393 448 395 516 463 298 386 520 330 311 286 451 284 488 437 355 428 430 472 315 279 324 328 358 333 356 405 396 453 359 468 344 389 319 459 545 546
393 478 349 379 533 343 482 288 526 486 303 475 301 312 335 470 291 344 342 372 520 454 317 279 456 500 447 277 286 429 497 512 446 348 488 448 494 483 370 547 548
322 396 409 330 332 323 525 325 448 342 384 456 502 282 370 438 310 291 387 363 499 289 304 317 279 321 362 474 305 531 346 284 535 348 482 524 418 473 542 543
396 356 468 481 350 301 282 459 395 474 408 531 399 319 270 456 279 515 332 360 305 512 446 514 293 357 276 425 414 535 334 482 429 343 294 475 477 547 548
511 536 272 474 425 419 502 447 451 432 324 426 328 358 288 515 333 517 405 499 312 467 463 310 340 482 476 408 487 491 342 406 298 332 296 409 311 305 507 314 437 501 480 555 556
347 466 521 534 404 459 337 395 516 518 465 399 454 310 329 500 502 515 342 317 453 429 497 510 311 501 284 303 485 353 282 370 533 535 325 348 482 405 418 319 270 409 411 279 544 545
445 308 287 485 285 315 349 478 480 482 358 537 288 528 335 414 534 340 363 472 514 427 270 342 372 383 406 321 332 524 447 460 311 305 286 451 403 354 437 499 446 274 550 551
288 519 345 321 334 325 459 386 274 333 500 287 449 383 304 317 438 295 418 365 301 303 470 362 485 527 353 357 478 480 401 285 335 416 350 539 279 328 530 540 541
519 456 352 486 356 301 514 312 340 291 389 468 419 472 289 453 483 323 304 317 451 321 496 296 277 330 525 518 414 512 537 293 308 485 470 521 449 513 494 523 334 379 555 556
463 520 270 304 428 526 462 343 426 358 277 411 466 521 499 301 395 284 448 507 427 274 496 272 317 502 332 491 315 330 497 475 354 532 378 481 401 312 459 529 325 355 478 551 552
520 474 504 389 449 453 334 379 324 496 531 522 356 386 518 499 350 335 316 448 295 344 289 308 353 383 470 500 332 498 473 284 437 516 535 401 446 555 556
522 459 310 291 389 419 289 417 481 343 496 407 296 277 405 305 335 395 448 399 295 359 344 427 372 272 500 430 285 345 473 477 324 333 348 378 337 401 480 301 312 555 556
516 345 379 462 343 328 312 418 478 344 404 353 317 298 430 332 362 460 330 534 488 536 467 284 497 329 518 461 476 293 357 474 504 526 276 287 528 438 468 419 370 400 555 556
456 517 410 449 315 514 428 451 279 411 292 352 337 416 350 491 384 480 448 363 442 344 539 274 486 353 530 406 532 321 525 459 305 515 282 528 312 551 552
517 352 333 480 461 446 316 459 410 280 340 325 355 524 404 389 468 419 453 353 383 311 356 305 350 365 354 284 363 408 308 342 387 470 537 513 475 530 379 454 507 555 556
349 446 514 305 286 513 447 370 491 348 329 344 440 293 387 363 378 501 356 358 285 496 472 474 410 303 478 425 337 480 403 312 316 325 530 466 270 304 457 544 545
294 468 525 338 277 448 461 437 507 438 319 482 272 429 418 310 365 312 358 426 481 536 292 487 355 465 478 282 467 480 535 416 337 526 539 462 451 345 540 541
468 476 518 531 328 411 301 384 414 395 467 399 404 499 342 430 311 478 284 314 437 482 282 346 308 475 440 389 523 334 447 527 529 552 553
459 337 521 510 282 395 514 408 494 507 319 387 317 298 279 487 409 482 286 452 403 475 284 295 437 534 481 523 536 446 278 472 425 325 276 476 389 551 552
412 447 310 340 449 344 504 438 451 338 453 429 298 446 488 437 494 305 483 417 485 403 314 491 533 425 274 467 427 346 539 276 462 334 472 527 358 292 405 350 548 549
447 472 278 461 474 276 355 533 454 389 417 453 292 333 497 416 350 282 384 359 507 442 483 289 319 270 487 353 304 476 387 430 537 311 539 528 475 403 466 536 550 551
310 399 335 482 416 350 418 460 278 453 387 334 510 523 323 276 446 340 461 395 518 502 328 504 425 438 301 440 497 486 378 312 289 360 428 298 474 296 408 410 478 541 542
399 291 325 414 418 539 473 411 532 470 472 335 295 280 359 401 403 338 278 308 342 449 287 440 362 315 311 494 428 483 496 348 378 485 357 547 548
315 514 340 329 308 507 454 287 432 513 292 354 477 483 430 419 474 529 478 533 335 524 539 473 528 475 466 387 400 521 284 512 446 542 543
514 477 507 407 521 352 356 335 319 483 342 417 387 466 451 298 362 409 454 499 418 448 478 295 482 442 476 293 427 457 491 410 272 325 533 370 535 555 556
334 527 340 461 328 303 515 280 387 270 429 365 488 332 360 483 355 284 410 329 346 359 480 414 293 524 537 278 405 539 272 528 287 343 453 345 466 285 389 543 544
527 279 515 496 407 524 301 335 365 316 284 497 314 448 478 280 482 293 308 521 372 287 475 409 477 324 354 437 348 378 446 346 291 325 370 449 483 556 557
301 350 539 528 475 409 411 345 521 534 523 457 338 278 395 496 432 502 319 477 360 481 291 494 362 483 472 419 474 476 467 359 403 541 542
350 363 282 539 528 530 340 291 344 338 523 536 457 323 525 472 395 507 311 401 305 378 287 358 494 362 417 432 487 333 544 545
466 426 411 485 333 487 448 442 404 539 473 408 528 338 342 532 481 470 525 296 472 409 454 518 467 502 308 272 325 276 355 389 370 488 501 345 279 507 552 553
292 530 521 389 523 457 525 406 340 342 386 507 454 274 272 491 497 486 378 303 316 496 472 298 408 529 355 410 291 401 537 526 539 528 354 540 541
530 352 333 356 312 414 316 429 359 523 482 363 442 404 457 323 383 470 332 362 360 524 501 329 293 446 276 355 449 417 462 343 496 411 556 557
409 488 356 428 419 344 338 289 491 342 414 387 427 317 298 296 277 330 532 470 461 518 357 467 355 370 345 407 548 549
363 410 480 354 414 314 295 416 537 348 274 407 475 308 477 534 321 536 457 404 406 518 465 303 316 451 440 453 280 291 319 323 448 317 483 277 498 545 546
410 404 389 289 372 353 502 449 298 451 296 510 405 305 437 430 500 278 357 478 425 355 482 400 539 475 343 411 328 358 534 481 457 417 337 507 359 454 548 549
460 534 316 525 291 425 404 438 461 319 453 518 317 535 426 407 277 411 515 528 330 286 384 497 348 378 501 457 408 276 400 478 379 328 333 475 551 552
352 411 282 335 389 523 457 404 446 461 342 298 330 449 491 451 442 329 481 494 417 474 487 270 285 357 359 480 279 343 414 403 303 462 544 545
426 362 457 330 311 474 284 378 329 274 526 346 502 515 438 355 419 510 501 407 411 430 356 386 384 365 418 480 291 535 427 404 289 372 304 406 549 550
338 353 474 487 529 279 480 418 354 312 335 316 280 400 523 512 274 319 448 340 323 304 452 321 454 330 379 500 449 440 486 293 272 494 428 419 543 544
353 319 472 487 478 533 480 330 286 532 284 523 404 525 386 502 449 370 451 328 440 282 312 501 316 356 291 360 481 494 344 428 483 417 544 545
384 537 528 400 303 337 461 529 365 316 452 291 401 524 372 323 451 321 387 296 510 446 488 483 329 293 278 357 308 272 480 546 547
337 312 475 291 453 400 521 340 317 452 432 370 451 284 295 442 356 272 437 276 428 417 419 474 531 348 526 543 544
312 513 473 284 387 510 457 378 278 395 518 507 379 279 491 383 317 438 440 365 534 360 536 483 404 408 476 298 531 414 416 541 542
474 319 270 323 524 432 332 504 330 311 521 305 499 284 507 357 498 473 537 328 333 386 416 465 365 419 531 552 553
291 401 414 289 270 330 343 442 277 457 512 498 487 504 304 425 440 295 416 354 475 481 470 362 404 485 419 476 344 540 541
417 317 321 476 518 467 405 348 453 521 287 437 507 379 498 358 478 427 356 401 539 335 486 528 488 280 344 548 549
411 521 534 536 472 529 531 329 452 404 454 467 372 513 272 526 321 451 330 497 510 446 314 437 401 282 487 500 319 279 528 475 407 548 549
282 280 521 446 461 316 437 427 295 418 539 486 499 475 536 362 296 485 487 476 289 467 480 293 348 416 540 557
323 419 432 533 359 537 418 316 473 407 343 532 270 457 446 317 448 395 529 277 311 335 305 498 500 438 451 293 486 499 276 287 360 285 542 543
359 533 340 401 535 344 537 342 317 298 296 470 525 406 518 454 333 348 329 379 500 513 502 515 383 451 372 486 345 501 279 360 494 536 303 286 476 335 544 545
533 438 289 532 483 372 451 534 330 360 454 518 403 535 467 497 314 531 329 442 487 308 440 272 325 287 500 498 356 465 525 395 556 557
528 499 344 457 472 502 319 304 298 524 488 305 452 501 482 512 357 531 440 504 276 419 370 400 343 556 557
476 502 317 321 430 332 486 475 488 354 525 378 401 446 478 308 524 355 513 419 370 324 499 512 552 553
333 325 400 389 510 518 277 386 432 286 316 440 497 539 356 321 534 296 330 472 406 305 487 529 342 355 465 478 535 537 513 405 515 543 544
467 480 344 419 449 475 488 428 477 387 317 296 483 330 360 529 295 348 526 457 346 278 308 328 494 498 356 386 491 552 553
480 448 442 408 383 387 470 501 360 473 496 454 502 348 329 461 482 465 486 276 355 389 328 356 335 395 553 554
518 438 419 453 345 428 532 481 432 462 499 531 414 395 535 448 429 427 319 270 470 362 494 277 454 329 293 278 425 504 555 556
319 344 465 348 462 532 332 453 457 512 303 452 496 432 316 379 295 502 370 383 372 440 304 486 298 358 305 286 430 406 542 543
277 356 481 362 483 296 285 419 531 465 478 270 524 537 513 284 449 330 343 400 437 507 454 498 276 504 425 295 429 418 539 475 540 557
356 523 536 404 314 406 461 408 308 342 401 500 513 515 345 330 303 360 430 485 487 531 478 427 317 416 332 544 545
296 316 305 360 298 419 344 535 526 473 293 354 272 389 470 325 340 395 386 496 498 432 449 370 383 280 499 488 314 540 541
340 535 403 298 387 512 304 432 317 287 321 370 427 440 305 497 378 501 314 303 419 487 529 543 544
504 482 378 401 389 400 285 510 428 451 462 477 324 407 448 442 408 487 537 472 298 332 494 534 473 488 529 554 555
462 523 536 416 446 465 404 372 317 321 332 286 403 378 329 457 346 357 440 491 287 482 285 428 473 488 343 407 551 552
523 477 507 535 526 386 365 280 427 304 485 332 494 354 497 314 482 461 293 357 532 355 287 438 419 370 285 345 555 556
487 372 383 406 387 430 332 539 330 454 525 348 465 357 440 370 400 502 515 328 501 496 442 404 498 553 554
286 365 488 303 358 534 362 404 419 461 342 355 279 531 344 346 284 332 345 321 389 378 512 278 496 429 540 541
472 304 298 362 513 386 365 354 284 418 510 274 308 342 372 387 276 494 403 482 537 497 539 475 488 446 346 370 449 552 553
298 428 279 478 401 535 335 537 405 526 345 293 389 510 512 325 461 276 285 430 449 425 372 427 418 534 360 540 541
270 531 478 401 535 335 348 403 284 473 515 453 387 389 378 316 386 430 498 500 304 438 308 429 354 532 345 358 404 285 540 557
448 407 475 488 477 525 365 440 461 280 529 438 465 289 454 317 513 305 512 314 378 442 427 507 278 357 485 430 400 550 551
536 279 332 407 386 488 414 365 284 418 314 478 501 427 457 430 475 360 328 403 465 446 525 529 325 404 389 556 557
404 478 279 324 477 532 316 395 317 287 321 330 354 401 501 437 325 496 400 432 547 548
304 485 274 344 401 272 348 276 475 453 521 457 303 501 395 454 432 289 491 425 438 499 358 305 481 541 542
488 534 418 478 295 329 274 308 531 325 276 419 370 449 345 428 407 452 486 437 405 335 395 429 496 438 342 502 481 553 554
274 491 317 438 293 482 429 475 532 358 534 483 485 287 276 289 531 344 278 454 401 414 535 524 515 279 510 446 437 428 324 540 557
293 280 289 295 475 477 358 305 428 344 346 401 414 416 328 330 343 345 387 321 457 512 501 454 496 432 540 541
428 452 311 429 497 510 499 425 276 287 400 345 481 279 343 324 432 478 418 344 532 457 470 549 550
311 314 358 276 494 362 485 478 535 405 526 475 451 345 534 389 470 512 325 452 305 502 284 427 365 541 542
485 496 383 406 317 502 305 295 329 401 308 325 287 529 370 449 483 481 477 324 303 416 335 365 280 482 408 289 553 554
498 372 355 321 400 379 454 324 403 465 346 532 438 419 483 529 432 531 332 535 405 513 526 314 512 554 555
491 482 378 329 278 537 470 287 430 539 379 477 328 535 355 513 438 400 383 432 521 332 407 416 429 553 554
429 414 314 537 348 378 427 278 276 370 452 324 303 386 449 438 440 280 497 512 289 383 430 432 549 550
383 531 478 425 272 416 526 539 285 379 477 532 453 510 457 512 303 365 316 344 500 372 387 321 362 499 501 483 496 546 547
279 470 289 401 348 515 343 332 321 395 432 500 502 482 416 276 473 365 354 532 358 540 557
372 295 419 329 478 403 325 475 477 328 406 408 531 465 280 379 500 513 449 317 389 499 501 481 430 545 546
499 539 452 329 446 529 325 438 453 513 481 432 303 510 512 414 395 478 317 332 537 554 555
539 442 289 272 534 430 360 473 305 284 535 348 346 438 285 324 407 556 557
314 440 497 486 284 481 478 414 537 473 330 332 389 510 525 325 295 329 452 496 308 370 541 542
316 418 354 343 332 521 510 280 507 496 324 438 321 494 430 419 344 478 287 346 542 543
362 321 406 465 425 535 524 416 348 473 451 308 512 285 395 452 386 449 370 438 427 497 501 477 545 546
482 284 497 457 308 272 534 531 452 403 535 357 425 438 389 419 500 553 554
325 507 379 440 453 387 446 360 481 494 317 432 357 478 414 418 284 475 343 477 532 272 525 276 321 342 542 543
507 470 287 285 379 473 343 477 358 303 401 537 280 453 534 432 496 525 330 405 497 329 526 442 308 521 554 555
496 387 470 332 494 473 454 477 354 524 515 521 355 400 289 453 343 407 418 537 532 554 555
295 440 416 475 477 303 345 358 272 534 305 360 461 529 346 284 537 513 442 276 378 452 540 541
360 501 494 430 284 414 427 526 400 461 529 452 465 386 454 515 451 440 442 497 510 317 545 546
501 284 401 276 389 370 449 345 379 432 407 526 405 532 521 335 414 395 512 427 408 308 317 500 430 494 554 555
354 427 486 335 280 481 432 317 408 531 357 478 345 524 416 418 521 534 389 529 465 454 343 544 545
427 418 478 378 329 272 486 387 475 287 534 379 529 531 452 454 526 425 453 512 549 550
287 494 386 454 432 324 370 440 497 486 358 481 406 408 342 531 473 328 449 345 378 512 540 541
437 451 440 330 512 378 401 494 357 276 478 400 285 345 379 407 477 521 470 461 526 317 502 550 551
378 451 440 387 442 284 329 465 414 328 524 418 473 521 510 461 289 452 272 330 515 546 547
330 419 432 289 346 407 332 521 470 284 461 408 386 515 451 440 497 510 543 544
387 430 303 348 531 346 535 405 289 477 534 332 457 328 305 465 335 524 329 513 389 321 546 547
502 529 346 278 535 355 370 449 526 285 343 358 303 405 386 280 442 457 342 475 403 554 555
329 440 442 418 365 408 346 414 535 537 317 405 321 451 510 272 379 542 543
403 440 280 446 289 483 535 537 405 407 278 308 521 272 457 525 406 461 285 408 343 328 358 303 438 451 547 548
440 348 278 438 370 400 446 285 343 408 321 457 470 461 550 551
494 500 452 348 537 532 379 343 407 358 405 524 513 280 344 457 510 308 406 553 554
308 324 284 534 406 529 465 357 346 524 405 328 449 451 345 525 452 541 542
324 457 386 454 497 486 477 358 406 321 531 465 478 537 473 475 451 343 332 400 542 543
497 401 461 465 278 357 534 389 358 513 303 416 280 442 457 408 342 332 554 555
345 386 379 418 534 481 430 419 355 535 278 537 272 453 521 525 446 544 545
461 285 432 358 512 303 395 280 344 500 408 289 332 454 470 276 419 551 552
386 477 521 525 343 406 303 401 289 442 486 332 481 531 348 278 418 272 473 546 547
438 278 355 449 389 419 521 512 407 395 430 477 534 550 551
470 432 358 405 414 284 486 342 272 406 481 483 321 454 452 513 303 446 449 400 552 553
446 379 526 449 389 419 483 500 395 532 534 442 278 357 342 529 454 550 551
473 512 335 442 344 289 406 317 430 475 348 401 529 425 355 370 524 285 515 358 552 553
512 358 486 335 534 525 344 529 432 513 526 478 278 500 555 556
280 346 414 535 524 537 284 418 407 525 452 432 379 276 486 303 342 540 557
346 379 513 344 449 442 321 483 531 357 425 348 272 416 405 526 418 285 457 544 545
285 432 370 442 365 486 534 305 419 355 344 535 524 416 537 451 521 525 540 541
370 500 276 355 451 510 486 531 425 537 453 284 545 546
521 358 414 365 457 525 305 478 357 425 449 343 555 556
451 465 535 289 432 328 416 365 452 344 272 475 481 551 552
515 355 389 449 400 453 379 328 407 416 305 525 478 430 332 477 452 303 555 556
379 406 529 452 513 358 303 486 335 481 344 332 405 284 453 457 546 547
510 465 355 532 453 317 529 407 405 524 348 342 272 454 555 556
477 442 408 272 454 303 483 529 419 400 524 453 407 552 553
389 358 365 453 317 348 405 278 272 532 276 457 408 546 547
419 531 276 486 475 532 529 548 549
513 357 453 483 432 407 416 414 442 344 406 317 321 332 475 454 305 348 555 556
529 483 481 305 335 418 442 526 358 401 400 556 557
534 328 524 405 414 395 272 406 500 486 303 276 449 556 557
358 400 406 395 348 328 481 303 526 407 317 321 532 544 545
400 452 335 442 332 483 430 535 526 278 357 407 355 343 547 548
531 524 348 454 452 416 525 365 395 556 557
537 335 524 486 357 272 453 526 303 556 557
432 425 395 418 532 549 550
416 365 408 342 305 442 357 272 425 535 405 418 548 549
335 405 457 328 408 465 449 278 317 481 478 425 535 543 544
526 365 483 481 405 454 357 276 449 452 486 303 556 557
478 289 406 284 414 552 553
305 365 481 408 342 355 414 343 289 425 541 542
365 405 357 525 395 452 401 289 481 342 483 332 425 414 545 546
328 457 525 395 342 500 442 483 272 355 321 524 542 543
414 486 525 284 500 348 401 449 276 483 425 548 549
418 278 483 332 452 348 442 355 548 549
532 303 524 405 408 500 525 357 272 425 355 483 481 556 557
272 406 342 465 357 348 405 453 457 540 557
475 442 408 406 317 452 303 465 425 552 553
483 430 332 284 348 401 425 276 355 449 500 343 535 465 553 554
486 284 457 406 454 465 425 344 289 453 535 332 553 554
276 303 430 344 465 357 535 348 395 540 557
278 442 303 481 342 289 344 357 535 343 321 540 557
430 317 500 481 355 465 442 408 342 549 550
401 449 425 357 405 407 481 547 548
449 524 453 289 342 406 457 303 550 551
357 500 465 525 544 545
500 425 453 524 454 442 554 555
454 405 535 395 406 525 551 552
452 343 407 525 465 551 552
395 453 406 344 355 425 547 548
289 342 535 348 524 343 284 317 442 481 540 541
342 332 343 524 442 303 481 543 544
457 405 442 332 551 552
425 344 408 406 332 549 550
317 348 332 321 442 542 543
481 465 408 553 554
535 442 406 284 556 557
344 405 284 343 543 544
406 408 355 548 549
284 408 405 540 557
303 453 348 541 542
332 465 321 543 544
321 355 407 408 542 543
408 407 405 548 549
407 525 442 355 343 548 549
453 465 348 551 552
405 525 548 549
525 442 348 556 557
442 550 551
524 555 556
348 465 544 545
465 552 553
355 544 545
343 543 544
540
541
542
543
544
545
546
547
548
549
550
551
552
553
554
555
556
557
