#/usr/local/lib/python3.10/dist-packages/colab_kernel_launcher.py -f /root/.local/share/jupyter/runtime/kernel-2119b688-3f38-4b5a-b3d6-e140ef2e0719.json
# GMT Fri May 24 09:43:31 2024
# 
13 88 65 101 45 35 110 77 113 90 80 47 9 37 112 92 46 36 49 114 91 81 61 38 28 4 103 7 93 70 73 50 27 63 17 115 8 95 72 42 19 84 51 87 64 54 21 119 1 109 99 89 66 43 20 23 98 240 247 248 255
88 65 98 79 107 23 26 7 10 40 21 119 43 76 8 89 60 41 71 74 91 18 2 113 103 52 3 33 63 55 6 36 112 39 69 53 86 67 114 117 14 47 28 116 93 31 106 12 42 96 64 75 48 51 81 105 244 245 252 253
4 119 109 86 99 76 43 33 10 98 65 32 22 12 110 87 90 44 34 47 112 102 79 69 36 26 68 81 58 71 48 28 113 5 103 116 93 106 73 27 17 49 3 85 39 6 9 94 107 97 74 51 64 41 54 21 240 247 248 255
119 26 56 10 89 43 24 57 87 118 60 90 41 71 72 104 86 103 105 2 5 35 0 22 82 85 36 115 39 51 111 53 83 34 98 84 30 14 44 25 47 28 15 45 48 78 92 93 65 77 107 110 91 23 246 247 254 255
24 97 74 64 31 1 15 109 86 99 66 43 56 98 111 65 101 55 45 35 77 90 10 21 70 37 112 8 102 115 92 69 91 104 48 38 28 16 19 116 0 93 60 96 6 27 63 40 20 118 108 62 29 42 107 11 240 241 248 249
97 27 57 8 87 38 60 90 113 71 93 103 74 58 91 35 16 19 0 104 82 55 6 39 53 83 116 86 67 14 108 98 47 28 1 42 94 45 107 75 78 110 51 46 109 79 99 112 26 56 37 111 10 70 73 245 246 253 254
16 93 106 60 40 115 105 95 11 72 85 14 75 52 29 42 19 9 1 74 87 64 41 18 31 21 96 109 99 66 20 108 65 78 55 10 32 35 100 113 67 44 57 47 56 92 2 36 26 5 58 94 48 25 6 240 241 248 249
93 68 49 82 63 36 110 17 39 83 65 109 112 30 14 25 111 28 9 1 31 42 64 15 45 29 59 60 103 46 7 40 70 43 73 54 27 87 38 41 71 116 74 106 96 58 95 5 98 35 245 246 253 254
17 58 71 25 61 5 6 40 118 95 39 75 52 29 19 117 84 74 41 18 9 109 86 63 99 53 43 20 56 98 111 65 55 32 45 22 110 100 77 113 90 7 67 44 47 89 8 46 82 49 26 114 91 81 240 241 248 249
58 48 62 51 75 32 65 34 107 74 110 87 77 26 109 28 9 99 76 89 66 43 27 29 111 78 91 100 113 5 35 7 21 22 102 92 54 6 82 8 104 81 94 71 106 60 19 49 63 0 15 118 242 243 250 251
76 107 110 23 100 26 37 10 40 43 73 89 8 79 74 111 78 91 18 35 113 90 103 80 19 49 33 63 55 69 92 50 82 67 114 81 11 14 44 25 116 9 106 61 12 96 64 15 45 75 29 59 95 65 244 245 252 253
107 106 108 87 90 74 104 91 18 103 35 19 112 49 0 101 52 3 63 36 50 102 53 83 34 100 113 84 30 11 80 31 61 42 64 94 45 75 78 51 32 92 65 95 77 79 116 37 70 21 246 247 254 255
36 71 48 38 51 116 73 28 9 1 31 12 118 15 95 108 85 62 32 42 117 41 54 23 109 26 99 10 66 56 8 111 78 55 45 100 113 80 2 35 37 112 102 22 46 59 114 91 34 81 241 242 249 250
71 66 53 74 87 67 30 86 11 99 14 25 28 9 1 42 48 59 51 32 62 110 46 113 90 103 80 112 23 37 82 21 54 114 91 8 38 94 18 83 105 68 118 95 0 72 85 3 75 243 244 251 252
55 84 32 116 83 96 73 118 37 85 75 21 43 54 27 41 74 67 99 89 2 66 56 5 0 3 101 33 68 20 100 90 103 80 57 70 102 115 105 25 82 47 72 9 31 12 42 114 104 117 242 243 250 251
84 6 66 8 39 92 83 67 114 104 117 94 47 19 0 80 31 61 3 33 63 64 48 51 118 108 85 65 11 110 87 44 26 12 42 99 29 60 41 77 91 100 5 90 103 7 68 70 21 22 54 112 244 245 252 253
47 80 57 70 31 112 42 15 115 45 69 59 29 117 48 23 116 7 37 60 96 73 10 63 21 43 105 27 8 118 38 95 85 87 2 54 0 53 39 20 101 91 100 30 113 11 90 103 242 243 250 251
80 28 1 64 15 48 59 102 115 32 92 105 46 114 104 81 23 26 56 37 10 21 106 96 54 86 77 98 5 110 19 52 3 63 109 6 66 99 112 39 69 89 20 34 67 101 91 30 11 244 245 252 253
8 9 87 41 31 11 96 53 56 33 10 23 98 2 65 101 32 45 22 100 113 57 37 14 69 82 59 49 26 114 91 104 81 48 61 38 28 18 106 40 30 118 62 39 42 19 240 247 248 255
9 44 34 11 14 102 79 56 69 46 2 91 68 81 3 61 103 70 83 73 27 40 115 95 72 62 39 19 117 1 74 64 41 18 21 96 109 66 33 10 75 7 32 35 100 77 240 247 248 255
5 83 60 73 50 30 105 72 85 75 29 117 64 41 31 11 53 89 66 43 20 33 98 111 65 101 68 45 12 25 100 113 67 37 112 102 115 69 46 82 49 114 91 94 51 28 18 116 240 247 248 255
83 114 19 94 52 82 33 63 50 116 106 53 105 30 95 85 25 28 31 61 12 42 15 45 48 59 51 62 109 46 23 26 56 37 91 40 21 54 27 57 113 38 90 103 74 112 102 18 244 245 252 253
77 108 40 70 12 73 27 59 41 74 99 23 35 37 68 52 101 6 78 38 81 69 103 18 2 102 115 92 105 82 19 49 1 33 15 114 104 117 94 62 34 106 11 44 25 28 118 95 244 245 252 253
108 105 37 68 19 112 22 101 3 115 6 85 66 39 69 20 72 102 53 34 114 67 117 100 103 30 1 61 64 15 94 45 48 78 29 59 81 32 62 92 65 96 26 70 12 73 54 106 57 74 246 247 254 255
50 91 104 81 35 61 19 0 22 33 6 60 20 63 105 118 95 75 52 30 11 117 14 44 25 74 87 1 31 12 54 42 15 45 86 99 32 53 89 98 101 78 68 26 10 90 67 57 41 79 18 114 242 243 250 251
91 51 34 11 26 89 31 12 43 73 27 112 57 87 90 46 23 113 7 68 21 82 85 102 92 105 53 114 104 18 35 49 0 1 96 33 66 20 245 246 253 254
69 104 30 14 44 28 1 73 61 12 86 64 15 29 59 62 85 46 23 37 109 21 54 89 27 57 79 38 111 18 100 35 103 70 49 0 22 33 6 115 105 20 72 53 34 67 243 244 251 252
104 20 99 102 53 86 100 110 103 14 44 12 42 64 15 45 75 78 59 111 51 62 98 79 113 96 23 26 56 112 70 21 54 27 90 18 106 68 19 0 22 63 105 39 245 246 253 254
21 64 7 10 99 98 111 78 18 32 45 2 110 19 20 46 49 101 114 81 48 61 14 38 1 106 15 73 40 115 105 82 95 72 85 62 52 42 51 87 240 241 248 249
64 113 27 92 105 82 18 72 94 19 49 22 52 3 33 6 116 96 86 85 11 14 44 25 1 31 61 74 42 87 15 29 51 62 66 111 68 7 37 10 40 243 244 251 252
40 2 0 66 43 33 56 39 98 111 65 34 45 110 90 67 103 70 25 28 112 31 12 79 92 15 46 82 59 32 114 81 48 23 60 96 7 73 37 10 118 27 85 117 87 241 242 249 250
6 61 51 18 116 60 96 2 30 118 95 1 75 52 65 42 19 32 117 74 110 41 109 89 56 33 10 46 98 45 12 25 113 90 57 34 102 115 92 82 59 26 39 240 247 248 255
25 34 89 102 79 56 92 59 26 81 48 113 103 106 73 27 95 72 49 85 39 52 29 117 7 51 87 41 31 22 86 66 43 75 111 18 78 45 14 0 90 67 44 240 241 248 249
34 28 1 31 12 94 48 15 61 29 106 60 73 63 105 62 39 52 7 42 74 27 41 44 109 86 99 66 56 65 78 22 33 35 67 102 79 115 30 46 11 59 49 241 242 249 250
10 54 53 89 20 56 33 111 101 22 100 113 70 2 112 102 79 46 82 59 114 48 38 51 106 60 96 27 30 118 1 95 75 52 42 19 32 117 74 87 240 247 248 255
54 87 43 27 96 89 66 18 98 65 101 78 35 19 49 110 22 33 113 67 39 53 112 102 59 30 114 44 94 28 61 15 48 106 29 60 46 72 85 26 37 242 243 250 251
3 15 18 103 60 73 27 105 118 95 72 1 62 29 42 19 51 87 44 86 53 33 23 111 65 101 78 68 22 35 100 113 57 37 2 102 79 92 46 82 49 26 114 94 48 61 38 240 247 248 255
15 103 57 70 37 102 79 115 46 59 49 11 48 12 38 116 73 63 118 95 85 29 19 87 41 44 109 86 99 20 56 2 65 78 22 0 35 240 241 248 249
62 101 78 68 100 103 35 70 19 0 33 92 82 114 94 30 11 14 44 116 106 63 12 42 45 105 118 95 59 72 51 65 74 87 26 56 86 99 89 66 27 41 243 244 251 252
101 98 106 79 96 23 26 56 70 27 57 38 60 90 110 74 109 18 35 68 19 49 33 63 85 66 20 99 53 113 103 67 115 14 1 61 45 75 48 29 81 245 246 253 254
73 110 52 33 99 66 89 39 20 72 30 14 90 28 61 42 45 112 48 29 115 92 82 65 46 114 81 23 26 116 70 38 60 41 105 98 18 243 244 251 252
110 118 75 57 29 41 74 37 112 70 52 85 39 53 100 113 2 35 19 49 0 31 33 63 20 51 81 32 117 98 79 30 116 11 96 14 44 56 28 246 247 254 255
74 75 57 41 72 18 109 0 33 63 66 39 20 51 100 113 90 103 11 102 1 12 42 45 114 29 81 117 116 96 7 85 98 243 244 251 252
75 100 90 18 112 102 79 49 22 52 39 114 72 67 116 11 0 105 31 118 95 85 45 48 29 117 32 65 46 109 23 89 7 70 111 57 38 41 244 245 252 253
20 81 38 51 28 7 116 60 96 27 30 118 72 52 29 18 19 0 86 66 23 98 78 45 11 14 100 67 57 12 102 79 115 92 82 59 114 240 241 248 249
66 56 7 106 96 95 72 117 2 87 33 99 89 53 78 68 30 11 14 44 103 28 1 31 61 112 102 115 92 59 51 82 32 94 243 244 251 252
106 68 49 22 82 33 85 72 100 111 14 31 61 45 48 51 81 32 95 115 46 114 96 23 117 26 7 37 43 116 57 38 90 118 105 2 246 247 254 255
12 100 90 112 89 59 26 7 81 48 103 116 30 105 95 2 29 42 19 117 0 51 87 41 18 31 109 86 43 56 98 111 32 68 22 1 240 247 248 255
100 94 78 29 95 23 89 27 57 38 60 41 72 18 109 35 68 82 85 39 99 51 81 86 67 103 30 11 14 44 28 115 31 245 246 253 254
65 78 68 90 7 37 22 52 82 38 39 53 81 117 94 18 116 35 49 1 31 33 63 48 95 85 44 28 109 79 57 29 60 243 244 251 252
39 117 116 35 86 63 53 31 33 118 85 98 52 42 32 30 44 14 109 28 79 46 27 78 103 57 70 23 60 37 22 72 114 241 242 249 250
117 99 41 72 102 113 86 18 2 35 49 33 94 48 51 81 32 111 95 118 109 30 11 44 28 1 89 43 45 29 92 46 26 87 246 247 254 255
32 78 113 90 70 23 37 102 79 22 82 59 49 114 38 51 18 30 96 19 0 1 105 118 95 85 41 44 53 56 46 98 27 241 242 249 250
78 46 23 112 7 115 82 70 43 57 38 81 116 2 35 49 0 52 63 72 67 87 30 11 109 86 99 44 89 28 1 31 111 244 245 252 253
51 68 81 38 90 60 18 105 59 1 31 33 48 61 96 86 63 28 52 42 99 89 79 23 7 37 111 242 243 250 251
43 87 23 99 89 56 46 38 111 41 68 113 67 103 2 57 35 112 22 102 115 92 59 49 94 61 11 14 28 63 53 42 105 118 85 98 52 241 242 249 250
87 38 89 2 98 35 111 68 22 52 82 33 85 90 53 86 67 11 28 61 42 45 48 59 96 118 56 7 37 244 245 252 253
48 70 102 115 72 45 94 61 46 96 63 53 105 23 26 7 52 38 41 109 99 89 79 19 22 68 242 243 250 251
1 90 70 14 92 82 59 114 61 38 18 116 60 27 30 105 118 72 41 11 0 99 53 56 33 23 35 2 240 247 248 255
90 61 59 81 109 99 112 23 7 37 57 38 60 103 102 115 92 114 19 0 52 82 63 30 11 44 98 245 246 253 254
57 28 31 86 46 98 111 23 26 56 7 37 27 38 41 112 102 79 82 59 72 18 35 94 49 0 33 116 95 11 14 242 243 250 251
7 2 53 23 98 68 45 35 67 44 89 102 79 92 46 82 59 49 38 103 116 30 115 105 95 72 85 42 41 18 240 247 248 255
18 30 115 95 72 42 31 96 86 99 33 22 35 37 92 46 49 26 103 116 70 60 240 241 248 249
30 79 115 2 82 59 19 114 94 118 14 95 72 28 0 42 31 44 89 56 26 68 27 67 103 70 241 242 249 250
99 56 89 27 60 41 2 68 19 49 0 22 52 63 85 72 53 86 113 61 94 59 112 92 105 46 245 246 253 254
60 35 22 52 33 109 112 79 111 11 14 28 29 59 46 105 72 114 81 94 56 61 41 86 63 118 85 98 2 243 244 251 252
70 31 86 89 29 11 113 56 42 112 115 82 114 81 23 37 103 19 49 22 52 96 118 53 95 85 67 14 44 243 244 251 252
49 103 116 11 105 118 72 28 0 45 86 26 98 68 2 79 115 92 35 19 22 33 114 94 242 243 250 251
103 0 115 94 114 92 98 79 14 44 56 28 29 41 109 112 37 85 102 53 67 245 246 253 254
68 116 46 95 98 56 37 27 38 41 86 89 79 2 35 19 0 22 52 113 112 102 115 82 44 114 31 45 243 244 251 252
116 19 0 52 63 85 72 102 113 86 67 14 118 31 94 45 29 79 109 26 56 27 38 105 35 246 247 254 255
29 45 113 67 2 112 102 0 92 22 46 82 38 11 96 14 63 85 52 41 31 23 109 86 89 33 240 241 248 249
45 92 46 59 114 94 27 61 41 63 2 95 72 33 109 53 56 14 98 28 31 42 242 243 250 251
28 37 102 82 59 114 11 61 38 63 105 52 42 41 31 44 86 89 35 0 240 241 248 249
26 109 86 89 33 11 111 35 113 67 59 23 114 94 96 27 118 2 95 72 19 42 0 44 240 241 248 249
115 2 44 0 33 94 92 114 95 46 79 109 112 96 89 42 27 23 35 37 22 72 86 67 246 247 254 255
61 67 53 79 92 82 114 44 81 94 59 96 46 105 72 23 56 37 109 89 98 111 2 35 52 33 243 244 251 252
118 105 35 22 52 82 53 86 67 44 42 94 81 111 92 114 46 98 109 96 37 89 27 246 247 254 255
2 27 105 95 72 85 52 11 109 53 56 111 22 113 67 44 0 14 89 102 79 94 240 247 248 255
27 109 86 56 33 14 113 37 112 92 72 22 96 63 53 95 85 52 42 240 241 248 249
102 114 11 59 81 92 46 79 96 23 89 112 111 35 113 82 63 85 105 245 246 253 254
114 53 42 94 81 111 46 98 23 89 41 19 52 246 247 254 255
0 82 95 72 85 52 19 94 109 53 111 35 113 67 44 11 112 79 56 240 247 248 255
19 63 72 85 109 86 53 33 23 22 67 112 92 81 94 38 240 241 248 249
81 53 67 11 14 44 92 105 31 94 79 37 95 85 98 41 72 112 22 52 111 244 245 252 253
35 105 42 109 111 22 67 37 92 11 14 38 31 241 242 249 250
95 111 113 82 33 63 85 86 67 31 94 46 56 37 112 41 245 246 253 254
111 46 109 113 96 41 105 22 52 33 63 72 53 86 67 14 44 31 59 92 246 247 254 255
14 37 112 79 38 96 63 105 85 42 41 31 44 89 23 98 113 67 240 247 248 255
37 96 63 31 53 11 67 44 92 46 59 72 52 42 241 242 249 250
53 94 96 38 85 98 109 86 89 56 42 67 112 46 242 243 250 251
109 89 41 113 105 82 67 11 42 94 59 46 79 96 246 247 254 255
56 86 23 98 67 79 92 82 22 94 63 44 72 31 42 242 243 250 251
44 112 42 79 92 41 63 22 33 38 52 86 113 241 242 249 250
46 11 67 112 79 82 94 38 72 86 242 243 250 251
31 67 79 92 59 94 38 63 72 85 52 89 33 241 242 249 250
67 94 59 96 86 98 63 11 92 243 244 251 252
41 86 89 98 22 112 92 63 23 72 52 241 242 249 250
86 94 85 33 63 89 11 79 92 244 245 252 253
38 96 11 98 113 92 82 23 59 94 105 72 42 22 241 242 249 250
79 105 82 23 94 72 96 98 22 52 63 89 244 245 252 253
94 112 59 96 23 52 33 85 245 246 253 254
11 59 105 82 85 42 96 23 113 240 247 248 255
23 92 82 59 22 105 72 85 52 96 240 241 248 249
92 113 89 96 22 63 98 245 246 253 254
72 112 22 105 243 244 251 252
113 59 98 112 22 52 82 33 63 85 246 247 254 255
96 52 85 105 63 89 42 98 245 246 253 254
112 59 89 85 105 52 82 246 247 254 255
98 22 52 82 33 63 89 42 245 246 253 254
52 63 85 33 42 242 243 250 251
89 33 105 59 244 245 252 253
42 22 105 63 241 242 249 250
22 63 82 59 240 241 248 249
82 105 59 244 245 252 253
63 33 105 243 244 251 252
105 59 246 247 254 255
59 85 33 242 243 250 251
33 241 242 249 250
85 244 245 252 253
133 208 175 188 142 131 233 210 200 154 144 157 134 222 199 166 146 224 168 181 158 148 124 138 125 127 213 190 226 180 193 126 150 235 128 215 192 182 149 162 139 237 217 194 171 207 151 164 141 120 206 123 219 196 209 140 143 240 247 248 255
208 215 185 166 218 199 146 160 190 239 163 144 196 147 207 209 180 191 197 231 138 125 233 210 188 172 123 202 153 126 186 137 189 140 235 170 192 154 206 234 150 131 134 236 129 121 213 151 132 184 135 195 168 171 152 225 244 245 252 253
124 239 229 206 183 196 163 228 231 185 162 198 175 165 155 132 230 207 220 164 177 154 131 232 209 222 199 189 166 143 179 224 201 191 168 135 233 223 236 213 180 193 147 235 202 169 123 159 172 149 126 139 194 171 161 128 240 247 248 255
239 146 127 157 141 221 222 194 206 178 223 237 125 155 136 188 169 142 123 202 153 183 156 186 137 189 140 171 173 233 220 204 150 131 134 164 167 148 200 181 184 195 226 198 149 179 152 182 213 166 227 199 229 230 143 246 247 254 255
152 221 175 211 165 178 155 220 200 177 167 143 199 235 202 179 126 224 201 237 181 213 226 150 203 180 170 134 183 160 136 139 120 121 151 238 123 215 135 137 227 194 230 184 229 145 196 146 173 209 186 130 218 231 147 241 242 249 250
221 212 185 215 166 218 226 216 238 145 176 228 129 130 160 193 174 177 207 230 213 178 229 211 138 232 122 155 139 231 142 172 202 153 183 126 205 156 186 137 170 173 233 223 150 134 164 167 200 162 135 237 217 179 171 245 246 253 254
144 217 134 194 184 174 129 229 209 176 218 198 155 143 230 220 197 127 187 200 154 232 222 212 189 179 156 169 234 211 201 178 214 122 168 181 158 125 136 120 226 203 180 216 193 170 150 215 192 228 182 159 195 172 162 240 241 248 249
217 174 196 177 158 180 233 223 194 197 178 222 125 188 169 142 123 183 175 126 137 189 170 192 173 154 236 131 134 167 148 129 121 200 181 132 162 135 214 227 195 198 230 171 182 212 215 229 199 146 231 209 160 163 245 246 253 254
137 178 168 145 158 148 223 236 190 226 203 193 170 126 150 238 205 182 159 237 227 204 171 161 174 141 121 183 186 140 176 153 228 218 188 165 142 155 230 233 187 164 177 154 232 209 128 189 202 156 146 224 240 241 248 249
178 215 228 182 170 195 185 227 194 230 207 131 164 148 206 129 196 132 186 162 199 147 177 231 188 220 187 127 157 222 235 212 189 156 128 158 192 159 224 237 214 191 204 226 167 193 183 120 151 225 165 242 243 250 251
175 204 166 216 238 215 127 157 228 205 218 160 185 174 147 128 161 230 207 122 199 155 231 172 123 198 126 156 188 170 173 220 154 210 200 177 213 222 235 134 212 225 202 167 192 148 234 135 224 201 237 168 149 242 243 250 251
204 126 222 186 235 158 159 225 192 187 122 155 167 139 226 121 151 153 168 198 170 171 238 201 182 228 218 166 199 230 164 145 129 130 229 206 163 219 165 195 149 194 197 211 143 210 127 160 141 172 202 174 232 244 245 252 253
167 200 145 190 129 232 132 162 235 189 202 179 169 234 166 224 236 213 146 226 203 127 157 180 216 193 130 163 225 158 205 195 185 227 194 207 122 174 125 155 120 142 209 186 126 140 231 188 220 187 242 243 250 251
200 148 210 223 121 151 181 162 135 195 168 198 222 171 225 224 201 214 157 160 141 226 163 193 216 196 206 177 128 180 191 238 228 218 125 230 207 120 183 156 232 159 209 140 170 192 154 211 220 244 245 252 253
128 129 171 207 184 161 174 151 164 131 229 219 196 173 209 186 163 231 185 198 125 142 230 220 197 187 177 134 222 212 179 156 234 211 201 214 191 121 145 181 158 135 213 190 180 193 170 205 149 162 139 240 247 248 255
129 210 177 134 232 209 176 212 189 166 179 156 136 234 211 224 120 158 233 190 193 170 202 238 205 182 159 172 139 237 214 227 194 184 174 226 206 183 173 150 186 163 140 153 231 127 142 132 230 240 247 248 255
215 231 211 138 122 155 136 233 169 120 142 172 205 140 222 192 235 203 225 154 224 164 148 121 226 184 195 168 171 201 182 143 146 176 127 130 209 160 141 193 174 229 196 147 177 219 232 210 161 245 246 253 254
210 151 162 227 184 165 195 230 168 198 149 171 185 166 219 146 231 176 127 157 209 211 196 147 180 161 223 138 212 125 155 136 188 234 169 120 224 202 153 205 189 140 170 173 213 203 226 228 164 145 245 246 253 254
170 211 125 214 136 181 139 169 142 123 223 153 126 213 140 192 228 205 195 172 145 207 184 132 162 206 196 186 166 218 185 143 146 130 220 177 147 190 158 232 199 235 212 202 242 243 250 251
211 238 182 218 227 131 230 164 148 229 193 165 195 147 177 149 180 194 166 197 231 143 233 127 160 142 172 202 158 189 235 161 173 203 138 237 122 139 236 120 123 216 153 183 168 198 140 245 246 253 254
149 188 165 155 220 233 138 190 122 157 125 232 222 139 120 189 142 179 156 140 234 224 214 191 168 158 236 213 226 203 148 150 121 225 192 228 205 182 172 237 227 206 146 127 163 176 153 141 231 240 241 248 249
188 236 213 226 182 203 185 225 238 228 195 146 127 227 163 194 147 197 158 180 161 206 196 122 136 120 142 172 183 126 186 159 190 187 232 235 212 150 131 234 201 214 151 191 181 162 184 243 244 251 252
141 184 161 151 219 163 143 228 231 185 138 165 142 155 197 187 120 154 126 232 209 222 199 176 166 179 156 234 201 214 191 168 134 236 121 190 226 203 180 147 160 150 225 202 238 205 159 162 227 171 240 241 248 249
184 163 233 147 223 177 158 161 232 235 189 225 138 122 136 201 214 139 191 120 156 236 140 216 206 228 205 131 185 134 164 145 227 151 181 132 230 179 196 186 231 198 146 157 130 160 243 244 251 252
160 197 122 155 136 229 206 139 196 186 123 153 126 156 218 140 185 198 165 220 150 151 132 212 135 189 166 234 191 168 171 213 143 203 146 216 193 157 183 130 192 228 205 182 195 227 241 242 249 250
197 205 132 162 163 193 196 147 177 180 207 229 219 199 157 172 126 156 198 159 201 192 173 187 150 134 235 136 212 202 169 121 151 234 168 214 171 227 182 236 203 216 206 131 164 145 176 130 244 245 252 253
126 135 171 180 216 193 122 127 225 228 121 182 195 123 185 162 207 174 151 164 131 206 173 153 231 198 165 145 177 154 190 157 134 222 199 212 189 202 179 136 224 191 240 247 248 255
139 223 236 203 193 147 225 122 205 182 125 159 120 123 207 151 229 206 219 196 209 163 153 143 134 165 142 155 145 230 187 177 154 157 232 222 212 202 179 156 146 127 130 224 191 240 241 248 249
223 169 235 121 225 153 183 168 234 201 224 212 237 199 236 131 226 216 134 164 130 209 132 162 163 193 195 196 207 179 161 230 229 172 174 156 158 189 140 219 192 173 203 187 220 233 122 245 246 253 254
145 154 135 212 156 234 224 131 168 148 233 130 236 190 180 202 238 159 162 214 143 227 194 127 171 174 151 142 229 219 140 196 173 150 186 218 195 185 138 136 220 120 121 187 177 240 241 248 249
154 234 224 201 132 191 168 135 158 171 213 226 203 180 183 238 228 143 162 227 194 161 229 196 209 186 163 138 176 218 165 123 155 230 220 233 177 199 235 212 189 150 166 169 241 242 249 250
159 201 237 168 181 171 161 138 213 203 216 155 136 173 120 153 238 135 228 218 195 140 194 174 164 134 229 219 196 148 209 176 132 231 198 220 143 180 127 157 225 179 192 158 234 241 242 249 250
201 189 173 187 213 131 134 164 212 202 151 132 135 165 195 237 185 199 226 203 143 157 130 190 228 205 193 218 147 158 191 227 194 230 138 229 155 209 136 120 142 183 244 245 252 253
123 135 148 213 226 180 193 235 225 238 192 121 205 162 237 227 207 229 219 196 173 186 140 218 185 198 165 142 155 230 220 233 157 134 232 122 199 189 156 169 136 234 224 181 240 247 248 255
135 230 220 233 177 190 157 232 222 235 189 146 134 136 234 214 121 132 158 148 138 226 147 238 228 195 172 162 127 207 151 229 206 219 173 186 176 218 198 165 120 155 240 241 248 249
174 194 207 163 147 158 216 186 176 138 218 231 122 155 169 142 172 187 222 199 235 212 131 234 164 224 214 121 151 162 165 213 168 226 180 171 193 183 205 182 143 146 127 242 243 250 251
134 157 222 199 235 212 166 202 132 234 171 180 216 147 183 238 205 172 162 207 164 122 125 219 173 186 140 143 198 165 142 230 220 233 187 177 190 240 247 248 255
237 191 192 173 203 236 220 122 155 136 169 120 153 156 168 185 238 199 232 150 131 164 148 209 193 165 195 226 179 182 194 166 227 230 225 143 146 176 130 142 172 205 207 246 247 254 255
143 229 206 219 209 176 231 130 155 220 233 187 157 232 212 122 156 125 169 136 234 120 140 213 190 226 180 150 235 228 205 195 162 121 132 171 207 161 240 241 248 249
229 146 157 163 196 226 207 161 191 213 194 227 235 125 155 136 169 120 234 172 202 156 186 189 192 203 206 131 148 214 165 198 179 182 212 166 246 247 254 255
194 180 161 191 207 206 122 219 209 169 142 172 153 231 198 186 189 173 233 131 164 225 202 121 151 168 185 236 226 146 176 127 157 238 130 228 205 163 243 244 251 252
163 207 127 206 196 209 186 199 166 161 138 233 187 177 120 142 153 212 189 156 192 169 140 168 181 203 216 148 183 121 173 238 228 182 218 195 172 185 241 242 249 250
207 227 147 230 177 158 161 218 231 169 140 233 206 187 232 235 148 121 181 162 214 165 179 171 182 236 213 185 166 228 176 127 130 190 244 245 252 253
216 219 155 232 127 157 142 172 231 156 186 140 192 203 220 150 164 136 169 121 151 181 183 195 168 198 224 182 185 166 236 148 238 190 132 162 193 196 147 177 180 191 245 246 253 254
219 146 176 127 157 130 209 147 177 180 161 191 227 155 172 202 153 183 205 189 173 203 187 150 131 148 220 233 151 132 165 195 168 212 235 185 225 218 199 234 245 246 253 254
138 150 235 225 238 192 228 195 172 171 161 164 140 176 218 185 165 155 230 187 157 199 212 132 189 156 234 214 191 181 158 213 190 226 122 203 180 125 193 127 183 240 241 248 249
150 222 199 122 166 179 142 224 214 191 168 158 140 226 203 180 183 225 238 192 228 205 182 148 195 162 132 227 161 206 146 218 198 155 230 187 190 241 242 249 250
166 218 231 164 146 148 162 177 190 165 147 232 189 179 224 181 130 236 213 226 180 193 158 183 225 192 228 195 185 125 155 136 230 156 173 242 243 250 251
218 176 127 233 130 190 142 205 191 192 225 206 224 155 120 236 153 214 186 168 171 228 187 220 121 151 181 132 162 193 179 212 213 245 246 253 254
125 180 193 238 192 228 182 172 162 161 151 164 121 131 206 196 209 186 140 153 231 185 142 155 177 190 157 235 212 202 179 169 136 224 214 191 158 148 236 213 240 247 248 255
180 136 227 142 172 153 187 140 173 196 232 199 164 148 151 132 168 235 189 202 192 224 214 157 158 205 195 122 243 244 251 252
185 231 198 220 233 213 190 127 172 222 235 156 189 225 158 234 224 214 226 120 151 183 238 230 131 148 132 196 162 209 147 243 244 251 252
231 199 233 146 127 130 147 158 161 234 227 230 225 122 202 153 183 156 222 203 206 187 220 164 151 232 132 168 179 182 212 246 247 254 255
169 203 183 164 225 238 192 205 121 182 132 165 171 173 186 176 146 130 198 161 233 187 190 232 122 222 199 212 136 202 179 153 156 214 191 140 242 243 250 251
205 122 238 202 153 183 186 140 192 230 131 164 209 148 121 181 132 165 195 179 182 222 235 225 193 147 177 158 224 214 244 245 252 253
148 177 212 156 234 224 131 214 181 236 190 226 203 235 225 228 172 227 171 127 161 147 206 196 186 176 153 122 155 230 136 240 241 248 249
189 236 213 226 203 121 151 193 181 168 228 230 146 157 209 177 199 158 122 220 233 155 136 172 222 235 140 202 234 243 244 251 252
165 230 187 190 235 212 146 127 130 224 214 191 158 181 213 203 155 228 182 120 153 227 140 206 196 173 186 131 164 151 132 242 243 250 251
230 238 177 227 232 190 172 202 158 192 222 203 187 136 153 183 186 168 198 212 131 176 209 246 247 254 255
161 227 196 173 209 120 142 156 140 220 233 177 190 232 222 199 131 121 151 191 168 181 213 203 193 183 225 238 146 195 157 172 241 242 249 250
236 120 142 172 156 186 192 173 203 233 187 220 151 132 195 198 179 182 199 232 146 127 157 209 190 193 226 177 158 191 213 224 122 136 246 247 254 255
146 196 176 131 121 132 155 220 233 187 190 199 202 179 156 234 214 191 168 181 158 213 203 147 183 136 195 142 240 241 248 249
212 164 121 151 132 195 198 179 222 182 199 127 213 196 177 158 191 238 122 227 155 153 183 173 187 245 246 253 254
235 122 164 120 151 153 183 214 198 228 182 234 199 232 131 176 130 147 224 127 142 202 158 192 220 246 247 254 255
228 233 157 142 156 186 192 222 203 206 187 220 164 181 214 198 131 209 162 147 158 191 213 224 246 247 254 255
130 151 164 131 196 209 140 176 153 132 233 187 190 157 122 232 222 199 120 156 234 214 168 181 213 203 193 147 183 225 195 172 162 240 247 248 255
151 177 157 232 222 156 224 181 171 120 213 226 203 225 192 162 227 121 196 176 153 198 127 241 242 249 250
162 220 187 164 177 209 155 136 120 224 214 191 168 181 190 131 238 182 195 227 171 206 196 176 241 242 249 250
220 195 196 198 179 234 213 226 176 127 157 209 190 158 191 192 136 232 172 183 156 203 187 233 245 246 253 254
238 225 136 120 142 172 202 153 156 186 192 173 203 233 206 121 181 132 168 198 171 182 234 199 157 213 227 246 247 254 255
181 233 156 187 190 232 222 202 131 164 224 214 132 213 179 225 192 182 227 147 177 158 206 209 198 142 172 153 243 244 251 252
233 132 214 195 168 198 199 232 157 147 158 224 227 225 120 142 172 202 153 173 131 246 247 254 255
182 198 122 155 120 172 232 153 202 234 214 191 131 226 121 168 179 192 195 176 206 209 186 243 244 251 252
198 176 222 157 202 193 177 234 191 214 213 122 155 225 120 142 172 183 140 227 209 195 244 245 252 253
222 234 164 121 132 226 179 171 199 227 209 190 193 196 158 232 136 120 172 156 186 192 173 203 206 245 246 253 254
234 203 206 164 214 179 171 127 157 209 193 196 226 177 158 191 225 136 142 153 140 246 247 254 255
131 232 199 156 136 224 168 213 190 157 193 202 172 227 206 173 186 140 155 132 187 164 240 247 248 255
232 121 196 168 179 227 176 157 190 193 158 192 122 155 183 186 140 171 173 187 246 247 254 255
132 187 157 209 202 136 127 191 168 158 190 226 193 147 122 120 171 173 176 121 240 247 248 255
206 176 127 214 193 177 191 192 122 155 142 172 202 153 140 171 209 164 196 213 225 244 245 252 253
157 136 183 173 186 176 164 127 147 191 168 122 190 155 203 142 172 241 242 249 250
121 187 177 190 179 136 224 191 168 158 226 147 127 227 164 120 173 209 153 142 155 240 247 248 255
187 224 179 193 225 147 158 196 122 155 136 120 153 156 186 140 171 173 243 244 251 252
227 191 192 142 172 140 173 203 168 179 171 176 127 209 190 193 246 247 254 255
186 127 213 193 147 177 225 120 172 153 209 140 190 199 179 202 224 243 244 251 252
136 203 193 147 171 183 196 173 140 142 155 164 176 122 156 191 168 240 241 248 249
203 224 120 214 153 140 213 226 225 127 190 147 177 191 244 245 252 253
168 164 179 214 193 183 173 225 196 199 176 120 242 243 250 251
155 193 183 192 127 196 209 176 190 199 156 241 242 249 250
196 127 147 209 120 142 140 225 192 173 214 195 171 244 245 252 253
156 171 193 183 225 192 195 164 122 142 179 140 224 214 241 242 249 250
213 120 142 153 183 171 164 195 199 127 190 214 147 245 246 253 254
190 153 183 199 214 191 127 193 158 140 173 243 244 251 252
177 176 147 199 202 192 122 224 153 226 140 173 183 195 242 243 250 251
193 153 173 199 179 224 176 147 225 191 122 243 244 251 252
127 122 153 209 202 179 191 192 172 171 240 247 248 255
164 147 179 191 171 226 183 225 120 173 176 241 242 249 250
122 225 192 195 140 176 120 209 179 224 214 191 226 240 247 248 255
120 226 225 172 171 173 140 142 176 191 240 247 248 255
192 224 153 183 140 171 195 142 158 225 243 244 251 252
224 195 179 199 176 147 191 226 142 202 183 245 246 253 254
158 171 140 209 202 214 147 183 142 241 242 249 250
226 172 202 183 173 214 179 171 209 147 191 246 247 254 255
225 172 202 153 183 214 195 179 176 246 247 254 255
171 179 173 195 172 147 209 199 176 142 242 243 250 251
199 195 202 214 191 173 142 172 153 183 244 245 252 253
191 209 179 176 153 195 243 244 251 252
214 195 179 147 142 172 153 183 245 246 253 254
183 140 173 179 147 243 244 251 252
142 195 209 202 240 241 248 249
195 173 176 147 244 245 252 253
147 140 176 153 202 179 240 241 248 249
153 172 176 202 241 242 249 250
172 173 202 179 242 243 250 251
173 140 176 179 242 243 250 251
209 176 202 244 245 252 253
176 202 179 140 242 243 250 251
140 202 240 241 248 249
179 202 242 243 250 251
202 244 245 252 253
240
241
242
243
244
245
246
247
248
249
250
251
252
253
254
255
