#/usr/local/lib/python3.10/dist-packages/colab_kernel_launcher.py -f /root/.local/share/jupyter/runtime/kernel-6c0fbf18-c276-4b2d-9452-8819c27dba4d.json
# GMT Sat May 25 02:21:43 2024
# 
123 219 75 140 98 79 24 146 77 203 22 63 205 207 141 143 114 65 132 10 202 191 180 127 102 53 195 129 47 9 173 51 177 190 170 172 161 229 48 78 29 220 224 147 85 215 162 119 30 11 151 476 477
219 224 138 102 228 185 47 221 164 26 223 154 24 99 133 163 220 97 127 222 78 191 110 40 204 6 85 168 198 100 19 183 0 98 79 9 43 126 141 37 171 82 86 218 16 150 114 95 125 129 483 484
6 48 105 0 162 175 230 43 98 113 115 38 159 51 229 31 207 99 167 88 22 143 35 24 4 213 26 96 30 72 32 87 8 76 197 131 199 67 69 126 139 73 183 3 64 198 119 66 125 127 468 485
48 36 58 100 181 30 11 157 104 161 53 174 108 150 97 165 154 156 42 215 138 85 10 40 140 208 67 201 190 203 47 192 62 64 77 198 66 5 55 127 50 184 105 173 175 230 2 56 232 470 471
50 91 159 51 36 30 90 43 145 200 160 94 96 72 193 85 195 12 89 10 40 80 135 190 203 49 0 181 194 34 141 62 196 117 77 198 66 187 134 26 57 70 127 103 105 118 52 162 166 27 470 471
91 65 109 122 74 232 4 72 51 81 62 108 26 152 101 169 226 147 3 96 151 164 206 61 42 197 210 157 199 212 93 21 135 190 137 64 128 141 34 196 209 130 28 56 7 67 35 16 184 20 474 475
129 155 36 144 157 212 146 194 198 132 145 22 200 191 61 138 20 65 14 59 104 232 83 92 30 161 174 15 90 163 124 105 167 39 169 122 103 224 171 3 213 226 78 162 217 42 151 57 153 476 477
155 25 93 188 151 53 232 179 111 170 96 185 227 60 105 39 122 103 133 63 78 213 230 76 106 110 166 208 21 210 157 119 212 130 49 64 128 109 28 207 13 126 77 107 209 7 189 35 204 114 478 479
148 168 210 95 201 44 25 10 216 93 138 196 209 200 17 32 111 191 204 11 26 206 90 41 71 184 18 3 192 170 185 140 229 115 176 100 178 233 180 15 45 222 169 109 77 230 232 153 135 67 221 478 479
168 29 182 59 131 27 106 8 87 38 110 115 30 94 45 158 109 229 43 176 24 231 141 101 52 224 213 150 95 46 232 70 21 153 210 223 72 34 117 47 218 92 207 56 37 189 202 20 84 479 480
113 147 160 202 108 59 162 138 206 140 212 133 135 64 15 43 73 130 185 107 121 22 33 176 178 233 80 127 169 184 25 10 21 175 49 72 102 83 81 41 165 5 35 154 167 39 99 211 224 158 475 476
147 47 204 96 7 141 60 139 124 103 133 25 78 183 112 27 163 165 55 115 180 156 169 15 160 215 149 24 54 18 208 22 223 116 131 214 12 161 216 144 150 140 10 40 21 194 74 200 478 479
16 214 106 27 229 84 205 99 143 198 24 213 134 26 149 70 74 76 131 186 67 80 201 203 137 179 126 194 130 132 187 68 178 59 2 61 103 116 118 52 228 120 54 96 230 166 100 146 38 468 469
214 208 78 23 138 72 151 53 185 36 81 145 205 224 15 143 203 105 217 232 82 223 161 191 12 176 76 106 229 46 140 218 204 21 198 179 202 83 79 47 28 43 62 26 201 71 86 5 169 483 484
35 227 150 84 152 44 207 167 145 37 202 149 83 204 96 153 23 144 78 146 67 80 17 11 205 139 194 62 183 75 24 53 174 68 3 33 70 61 12 171 105 120 164 111 58 179 225 469 470
227 118 99 182 14 97 78 131 210 161 4 225 176 110 140 170 2 174 66 119 11 75 98 126 137 52 63 80 42 114 65 144 46 208 229 172 138 233 0 53 83 136 166 194 145 96 175 230 184 484 485
7 165 141 209 222 92 1 215 15 217 30 72 85 63 199 12 71 126 139 130 119 174 66 176 189 231 233 125 127 228 120 109 230 164 153 223 170 225 38 159 27 40 161 95 150 205 97 152 468 485
165 192 60 209 133 163 200 108 161 106 173 36 188 15 128 158 181 162 170 172 156 107 82 33 63 116 67 178 220 233 31 61 114 95 228 104 217 138 206 166 208 34 212 160 32 92 201 479 480
39 117 159 172 106 216 229 42 163 44 211 5 24 96 217 74 142 76 12 135 69 190 203 137 205 126 207 196 198 28 187 121 134 136 195 1 131 186 14 25 10 56 232 124 166 179 49 38 470 471
117 158 69 213 84 149 3 217 108 206 112 140 153 221 31 12 210 212 133 21 85 205 126 64 94 194 207 196 9 198 107 37 101 178 71 116 44 29 59 74 177 124 38 51 30 176 220 156 476 477
36 182 228 54 23 56 177 27 166 221 2 30 11 216 42 218 231 152 101 222 211 224 145 22 136 149 83 151 206 74 10 21 146 69 82 34 84 60 194 9 13 187 55 233 20 114 469 470
55 61 131 173 186 175 18 164 232 166 102 223 12 42 104 159 106 95 108 220 0 101 156 34 103 145 226 149 162 204 206 197 89 190 25 192 84 128 185 77 119 132 66 134 202 57 15 127 471 472
61 67 192 205 194 141 75 196 64 54 119 18 134 193 1 171 105 107 164 177 166 19 170 225 93 216 56 218 167 88 209 81 94 83 138 151 74 87 142 76 197 144 65 78 212 471 472
60 176 220 154 167 101 1 213 162 206 19 0 87 53 197 210 157 199 212 146 190 82 137 56 71 84 143 185 20 79 14 68 125 116 131 186 107 164 30 100 170 43 24 54 174 108 18 471 472
176 90 173 232 24 192 118 181 122 152 133 82 106 231 121 10 222 104 119 226 49 53 83 128 32 13 92 77 107 210 20 95 25 159 29 57 132 204 136 184 197 145 94 480 481
25 89 38 40 161 29 163 23 97 139 152 220 156 77 17 145 213 81 136 28 127 87 208 63 67 190 58 179 128 183 196 130 187 233 125 103 224 24 162 96 217 111 166 1 468 469
164 233 8 102 173 215 17 111 230 130 96 221 212 24 54 133 22 52 33 127 67 146 131 209 1 46 213 68 83 98 28 32 92 188 179 120 181 150 20 229 159 29 59 153 479 480
233 11 205 209 90 143 173 124 184 122 18 133 52 33 63 191 225 189 193 174 21 100 232 28 226 137 56 220 37 22 41 65 197 159 108 93 172 27 53 132 185 196 230 484 485
106 69 109 122 232 44 59 183 23 172 27 161 231 85 167 94 162 204 217 58 3 82 86 1 42 150 126 207 93 128 143 49 72 102 187 200 134 13 92 127 26 182 171 475 476
158 28 202 180 26 139 184 154 105 186 118 99 232 112 142 57 87 172 140 161 2 218 130 167 169 160 43 73 24 141 82 221 135 116 199 12 201 144 21 74 134 4 68 209 49 34 187 479 480
58 130 66 27 57 178 191 59 193 19 0 120 188 177 111 232 37 22 223 115 157 104 93 31 174 150 163 44 86 154 167 209 213 94 162 83 138 151 51 140 87 212 67 80 54 20 128 471 472
18 115 75 196 130 51 64 53 66 57 178 125 103 171 105 118 120 17 111 232 45 34 225 159 42 97 99 22 77 211 26 81 215 136 28 2 72 195 87 142 197 67 122 124 181 468 469
115 182 84 3 186 112 230 42 166 0 161 94 163 9 24 169 52 226 86 217 151 65 95 46 142 40 93 212 133 201 190 34 137 205 126 17 141 62 92 198 90 5 69 99 127 475 476
157 230 208 108 59 93 57 201 66 207 130 11 96 209 75 43 118 152 195 97 184 112 12 232 10 104 119 149 100 170 19 53 174 229 13 137 220 56 222 169 86 116 146 80 20 479 480
230 149 179 130 224 175 128 109 173 73 152 22 186 33 63 67 42 193 89 40 204 104 119 211 62 13 126 156 96 205 56 171 201 71 180 99 84 163 127 29 484 485
69 12 65 110 220 167 88 101 156 169 211 103 0 160 9 204 96 13 206 98 153 74 87 142 197 5 139 185 119 187 8 121 189 125 66 180 127 30 184 45 111 166 22 63 67 472 473
8 107 120 109 32 45 166 100 221 212 172 150 218 152 86 22 211 213 202 204 30 151 74 195 144 2 186 78 135 82 124 137 126 194 128 62 132 66 68 231 57 169 182 103 171 184 118 468 485
107 2 200 134 202 100 178 79 184 54 188 109 33 190 111 166 1 95 174 21 110 152 49 0 167 102 53 34 156 169 47 9 51 92 204 37 197 212 133 44 203 29 128 475 476
160 47 171 81 32 41 154 5 20 122 152 201 3 33 203 97 108 59 131 207 196 211 187 200 204 0 64 79 195 73 54 13 186 126 22 52 116 67 31 170 114 185 70 23 72 479 480
27 120 109 122 111 100 181 38 95 167 209 156 92 81 28 149 83 138 206 140 32 208 197 199 188 201 84 139 73 194 128 183 185 77 198 0 191 112 125 114 63 118 469 470
120 21 156 169 30 149 79 109 151 9 73 77 197 33 63 86 116 203 80 31 42 137 150 205 46 74 104 187 200 19 53 178 191 47 51 62 173 71 122 118 166 14 172 476 477
71 163 12 101 143 156 46 145 81 202 215 136 138 151 49 72 153 89 28 9 212 51 13 188 135 41 126 73 128 134 23 114 182 2 105 17 228 175 98 64 15 43 159 216 472 473
163 124 105 99 174 229 122 103 133 14 231 112 76 57 87 121 2 149 221 109 199 126 101 3 33 116 67 150 198 144 159 180 182 53 186 28 9 177 190 26 37 479 480
90 218 110 152 220 209 156 41 213 5 84 14 44 153 221 210 144 201 2 85 66 139 128 11 185 136 88 193 195 86 67 173 42 65 109 177 111 124 40 166 179 68 172 108 28 473 474
131 177 70 85 119 68 19 185 231 62 224 41 86 80 125 206 142 108 223 159 38 203 137 81 141 96 209 143 45 187 134 124 136 54 103 63 97 199 133 175 46 477 478
177 142 202 38 110 140 182 85 186 15 45 162 126 22 82 86 116 229 220 93 134 226 68 0 72 132 83 34 47 28 37 41 143 5 218 99 196 14 44 198 97 78 59 480 481
43 64 77 4 200 121 191 17 180 72 127 171 118 173 65 188 24 111 223 49 12 218 152 44 10 46 167 169 92 81 85 74 195 197 210 212 146 135 137 29 75 470 471
64 24 136 72 195 184 65 186 228 175 111 10 104 225 0 172 108 47 51 167 209 169 211 224 105 226 20 217 138 87 142 76 89 150 84 141 196 121 68 189 471 472
92 222 103 145 32 13 149 217 41 153 190 203 137 205 87 196 2 198 132 187 121 189 45 75 127 171 105 77 162 82 63 179 65 225 159 172 40 21 93 216 474 475
222 205 56 173 224 118 122 14 78 59 112 38 189 2 204 85 202 75 162 9 137 88 141 171 201 101 3 63 86 67 95 125 197 178 159 40 153 206 138 19 221 53 34 166 484 485
133 223 110 10 21 174 104 102 28 9 32 162 26 41 206 140 144 44 108 205 23 76 87 2 185 136 15 94 109 73 24 77 186 188 63 86 166 179 477 478
223 197 14 44 178 208 127 212 29 59 112 206 4 185 136 215 166 130 94 231 173 124 73 152 82 1 31 12 125 140 170 40 74 198 98 162 51 81 26 41 114 484 485
4 109 111 232 153 45 87 100 38 3 205 86 99 141 154 1 143 198 11 24 200 134 151 193 208 21 76 197 179 73 194 128 49 53 187 108 229 110 57 178 112 46 59 182 52 468 485
109 121 38 2 193 100 184 118 45 111 82 172 67 174 150 42 10 89 145 68 102 83 34 47 51 208 81 26 56 146 41 205 20 183 108 59 475 476
45 110 125 114 169 184 226 232 100 102 51 150 3 33 152 42 79 10 40 21 81 149 83 217 72 193 85 206 0 74 34 76 67 190 41 73 5 62 183 66 14 470 471
110 175 190 124 84 97 174 42 10 228 98 79 162 9 73 166 199 212 86 159 5 31 20 128 141 59 74 130 198 132 187 102 136 81 32 62 182 195 116 26 475 476
143 187 13 229 20 114 125 108 93 74 57 87 38 144 53 132 201 81 218 207 75 154 198 54 200 213 204 3 63 127 193 206 112 142 197 40 170 183 98 172 478 479
187 173 162 206 126 156 210 101 82 135 201 203 1 114 65 174 153 138 19 72 181 145 37 188 105 99 192 225 87 140 17 119 130 30 213 98 481 482
22 126 185 66 136 20 178 70 193 114 169 184 105 41 175 122 56 111 179 229 97 31 154 101 103 224 12 162 217 32 76 89 78 80 135 84 468 469
126 196 198 67 145 12 136 125 70 21 19 83 34 188 98 232 32 13 26 172 99 178 220 167 108 156 173 228 162 217 153 75 216 476 477
127 179 0 225 88 37 33 63 213 149 204 70 93 221 142 68 144 83 28 11 209 20 136 191 84 44 97 59 23 184 76 38 85 476 477
179 29 112 142 195 12 42 140 121 100 15 183 128 171 135 86 150 1 213 46 159 10 93 104 151 102 81 175 56 207 139 124 200 118 202 122 191 480 481
11 46 167 114 169 224 116 37 226 54 1 102 170 212 104 38 82 216 229 218 141 88 156 134 81 85 21 142 199 188 80 190 203 192 73 172 185 119 132 231 468 485
205 220 67 146 224 1 95 125 89 40 68 210 34 51 111 62 216 173 154 188 182 33 78 191 193 149 130 192 54 229 156 231 37 52 482 483
220 190 173 188 182 197 78 29 191 57 38 215 66 17 130 30 94 98 79 24 52 33 146 169 150 80 12 95 178 89 221 202 19 83 9 51 62 483 484
182 149 130 15 224 135 86 67 169 206 125 40 70 21 134 68 0 83 166 51 209 198 56 189 154 20 193 122 84 97 78 186 112 76 232 140 121 2 481 482
3 5 128 196 174 66 134 180 171 226 118 52 173 228 56 232 102 159 93 95 29 97 86 207 156 200 138 30 151 193 74 197 144 65 67 188 14 468 485
5 174 229 31 152 207 99 154 167 156 103 28 138 72 195 208 76 212 146 135 192 84 139 181 141 183 130 185 119 189 57 125 114 2 232 100 221 170 159 468 485
154 174 26 105 20 224 44 29 76 199 149 130 30 203 216 94 75 79 54 198 200 204 86 31 12 125 197 186 40 175 188 72 53 83 34 47 81 62 478 479
174 184 199 84 190 108 192 161 112 181 57 87 185 66 178 19 49 94 98 73 228 52 82 67 31 89 59 207 151 136 32 189 145 480 481
173 2 136 231 119 180 149 130 94 75 77 152 82 167 114 65 144 46 159 194 196 19 49 53 204 193 26 141 195 184 118 14 78 480 481
24 119 68 178 191 167 180 103 116 20 228 162 170 212 159 51 172 93 95 108 29 88 156 211 204 217 85 195 80 201 21 203 468 469
77 196 185 132 145 121 202 1 31 114 44 118 188 190 183 95 218 101 156 224 171 83 217 85 12 42 76 142 210 93 216 75 192 84 194 128 472 473
29 221 34 47 49 170 212 104 51 93 229 88 2 215 96 193 206 87 89 78 122 82 137 192 12 196 130 198 10 70 19 46 167 105 175 98 469 470
84 80 216 231 59 211 103 38 105 47 204 96 217 153 142 210 41 146 135 63 119 57 200 134 114 19 184 186 175 28 122 232 473 474
136 34 215 162 28 88 208 221 52 86 159 201 80 114 65 125 14 139 93 104 145 47 191 204 138 17 180 96 75 183 185 46 119 477 478
67 12 42 73 198 200 53 114 169 62 105 118 111 44 159 108 218 99 88 101 94 74 197 52 63 146 472 473
196 213 190 63 217 116 1 12 208 95 89 104 134 209 47 81 26 202 124 184 118 197 14 167 161 38 189 121 225 130 181 162 54 482 483
79 121 62 37 171 228 65 124 44 221 78 93 53 216 2 17 51 86 88 209 145 105 226 94 54 162 96 217 85 153 210 201 135 82 137 40 207 183 0 198 473 474
121 186 232 124 82 63 116 161 231 70 74 104 145 102 83 34 47 217 51 151 26 208 221 142 41 144 199 212 99 44 78 59 132 85 66 17 94 476 477
142 68 132 83 34 161 51 111 218 26 124 118 99 122 217 14 151 59 112 23 38 199 146 203 100 145 200 141 180 135 184 80 31 12 42 477 478
119 193 54 197 52 82 63 116 122 181 161 53 28 169 211 206 20 14 212 78 108 137 150 87 192 152 207 141 134 191 125 138 476 477
193 15 199 34 9 37 135 169 180 229 1 231 144 178 172 23 228 32 221 145 41 124 216 54 207 186 209 78 108 198 161 213 87 208 481 482
12 124 130 9 44 46 59 114 184 162 153 102 216 2 42 97 207 141 156 198 26 81 202 94 83 76 146 468 485
75 178 52 33 114 105 226 186 228 122 19 225 72 28 229 51 62 13 37 88 101 41 200 204 138 140 195 87 210 144 38 212 137 30 141 9 472 473
52 139 2 17 185 132 53 200 112 180 56 98 221 46 170 172 95 108 229 150 209 145 213 37 206 153 74 208 76 146 23 190 203 38 471 472
139 135 1 80 169 211 95 213 226 70 162 217 68 19 221 102 146 51 96 37 194 185 145 122 44 202 97 23 140 76 66 100 232 128 73 172 88 161 477 478
65 78 10 190 82 130 200 178 116 31 46 188 232 100 181 159 32 231 26 56 167 101 156 211 54 215 96 217 206 153 221 76 42 197 472 473
78 46 221 74 159 0 9 101 32 156 145 26 56 202 215 138 151 98 14 210 57 15 112 180 73 118 228 111 473 474
42 80 203 192 20 57 191 46 180 17 169 30 118 162 175 9 229 31 97 218 141 81 94 34 70 83 204 13 199 470 471
88 183 185 132 41 178 191 169 118 188 57 87 181 66 17 93 15 229 231 152 224 63 162 204 138 153 144 199 146 19 190 83 34 124 28 81 62 473 474
183 191 82 197 95 188 140 190 89 70 21 49 0 83 34 47 32 224 135 146 226 169 14 44 232 210 132 203 216 111 100 207 124 202 118 481 482
140 104 188 49 0 72 51 81 13 170 172 26 37 161 218 178 44 171 108 112 23 66 17 144 199 150 194 145 195 40 184 477 478
191 15 94 98 128 54 225 137 101 82 33 116 125 178 89 19 49 206 199 81 32 26 56 207 209 122 161 112 38 100 30 481 482
53 81 149 83 87 208 10 130 49 132 34 200 112 13 37 171 20 56 111 170 172 95 108 2 231 86 169 224 471 472
81 9 13 215 98 153 144 212 82 137 150 72 51 189 178 180 171 33 232 124 181 70 216 99 167 473 474
72 94 228 204 151 85 201 93 44 145 178 125 195 116 175 15 190 111 232 225 95 231 1 99 156 103 224 10 213 226 472 473
94 195 32 13 56 186 228 166 20 181 225 159 59 218 231 156 17 145 213 226 149 9 63 201 203 1 31 150 40 68 474 475
144 199 10 70 21 74 150 68 207 102 9 145 200 96 204 41 105 197 20 103 170 98 169 211 54 213 137 215 208 46 125 478 479
199 189 216 218 153 198 209 138 151 132 213 166 28 13 41 124 169 103 44 23 87 194 128 152 186 82 63 221 180 31 201 482 483
56 86 23 167 17 215 83 96 151 85 15 9 54 212 33 141 31 198 10 112 49 114 28 228 159 172 161 44 229 471 472
86 150 37 194 209 134 178 38 171 2 175 188 51 232 170 159 161 97 156 40 96 151 206 98 49 9 135 190 473 474
46 201 181 194 130 132 189 57 178 70 169 111 28 221 104 225 37 41 216 108 231 211 202 215 149 38 151 74 197 210 470 471
51 156 20 211 206 80 135 30 82 192 132 189 202 180 74 19 124 166 38 2 47 172 161 152 470 471
156 62 96 189 99 97 23 190 76 57 130 128 54 80 95 10 89 104 159 216 102 132 83 479 480
68 96 217 138 206 153 87 212 63 207 128 141 130 19 47 171 184 188 93 216 229 23 150 97 57 99 2 224 213 226 202 215 472 473
96 101 211 215 228 26 151 201 33 150 192 207 185 21 189 195 171 186 166 1 104 225 95 89 218 474 475
54 198 38 134 70 112 180 114 169 103 175 166 100 212 216 99 19 49 9 85 153 76 122 203 124 44 192 73 471 472
198 137 232 125 89 70 138 229 32 194 20 99 44 97 212 225 216 87 38 207 85 204 482 483
114 212 203 192 194 145 63 189 202 180 10 89 186 175 19 49 102 83 47 62 231 211 14 97 228 162 475 476
212 197 216 132 47 103 167 108 112 76 57 0 128 73 13 137 37 201 82 215 80 483 484
150 194 125 74 200 23 138 87 99 170 97 218 231 169 224 100 226 0 162 83 34 9 166 208 32 478 479
190 207 1 80 125 10 89 40 149 19 128 181 162 141 59 231 38 151 132 215 30 221 118 82 63 481 482
207 201 101 231 14 178 74 153 102 132 83 210 66 200 17 111 225 15 218 215 21 85 149 34 181 482 483
80 137 192 128 74 185 34 189 178 138 13 37 188 122 232 124 102 38 216 2 152 99 226 228 162 83 98 210 146 473 474
210 178 10 89 74 153 134 49 166 231 175 37 105 184 188 152 97 108 195 204 17 149 202 0 181 9 82 33 1 125 483 484
104 103 44 197 97 59 23 203 137 100 132 171 184 82 228 111 95 10 40 70 159 49 0 108 34 13 37 41 149 162 475 476
217 151 28 200 13 218 20 122 14 186 97 108 59 66 98 181 192 225 137 229 31 95 159 10 89 172 134 483 484
159 203 23 194 209 30 145 180 98 188 63 116 172 153 231 132 9 224 162 41 221 479 480
37 28 99 141 211 213 215 149 151 208 197 188 185 132 44 57 112 125 116 31 10 102 49 38 218 469 470
28 149 30 151 85 206 203 194 62 66 2 231 15 111 102 49 225 1 40 161 97 31 21 209 469 470
13 224 145 70 30 206 19 74 208 186 82 128 62 231 112 103 171 118 41 162 175 98 111 100 170 31 44 33 468 469
137 209 145 200 10 89 195 171 34 175 62 41 161 231 14 167 112 38 17 153 221 15 128 63 141 477 478
209 201 135 169 180 208 108 221 225 132 185 216 66 111 194 203 152 63 161 112 10 89 192 32 483 484
178 216 122 194 211 31 10 195 98 188 47 181 135 180 108 172 112 224 76 215 100 480 481
197 149 203 98 128 181 62 211 26 213 105 206 208 108 100 224 101 186 116 1 232 482 483
100 59 93 116 57 2 17 124 181 225 33 224 76 204 40 153 19 135 32 62 26 130 189 202 14 474 475
228 151 132 85 30 224 184 118 122 152 186 31 225 76 202 49 47 192 226 26 201 135 116 20 44 108 206 229 484 485
14 172 10 216 97 0 215 15 204 17 138 30 85 19 23 146 135 124 130 70 112 180 116 118 162 175 34 468 469
41 97 152 44 2 224 145 149 74 76 89 33 135 82 181 141 62 40 189 225 172 161 23 216 229 470 471
97 225 167 87 226 153 146 203 63 141 185 134 21 74 125 118 9 32 26 111 124 474 475
202 98 9 201 105 229 102 132 2 111 30 145 221 118 103 225 33 216 1 76 40 21 211 215 482 483
89 40 74 146 49 38 2 194 32 200 171 118 59 87 221 181 21 66 170 73 103 105 226 215 138 153 473 474
151 111 201 218 194 118 211 108 189 180 85 30 98 232 73 33 161 116 40 213 226 478 479
218 208 59 38 170 66 30 15 98 186 135 1 195 189 224 93 226 134 0 132 83 181 162 62 145 171 483 484
62 103 83 1 138 195 87 201 0 203 32 185 189 125 20 184 175 122 57 166 15 108 152 471 472
122 170 87 172 15 98 171 73 215 161 70 59 93 141 130 145 200 134 195 186 135 232 192 476 477
170 152 103 186 44 161 2 225 172 17 229 171 213 226 63 116 169 208 95 203 192 194 166 145 124 480 481
172 152 103 161 2 21 15 98 204 186 116 146 95 181 229 19 132 47 32 215 480 481
166 213 38 98 33 200 189 1 40 21 134 49 175 188 102 232 105 118 99 167 103 479 480
213 211 9 124 184 169 152 103 167 231 130 30 194 128 101 63 31 195 204 0 34 483 484
185 226 101 33 63 93 134 34 9 32 111 141 206 135 195 105 23 76 17 149 30 481 482
226 215 32 111 30 203 184 188 225 70 85 19 0 128 9 141 171 101 82 59 74 134 206 102 484 485
99 20 59 215 57 85 66 17 146 15 135 98 192 194 132 31 195 10 19 111 47 181 102 474 475
229 124 152 216 23 195 225 57 66 149 130 135 146 208 93 19 221 175 484 485
201 95 70 138 19 204 184 118 225 152 103 112 23 57 66 130 30 73 141 101 82 482 483
44 216 149 204 21 195 186 135 192 33 231 40 169 63 184 38 111 221 470 471
224 200 26 184 186 167 63 149 30 128 211 162 9 73 116 169 125 93 19 484 485
76 175 70 21 74 111 47 9 216 231 152 20 221 17 203 192 141 130 145 33 1 472 473
175 211 2 17 130 73 203 135 116 146 192 31 95 40 70 74 153 180 102 83 34 124 152 480 481
20 93 216 31 101 138 195 124 192 132 66 134 57 125 59 169 116 19 111 34 468 469
221 23 87 102 215 200 152 167 63 112 189 21 134 149 34 181 146 95 484 485
152 231 167 180 93 171 162 66 208 30 73 194 116 70 102 98 478 479
23 102 49 225 93 161 95 200 215 70 204 138 30 208 186 135 15 134 125 59 180 116 171 63 468 469
215 9 200 111 124 188 103 167 189 30 73 141 171 33 135 10 21 134 483 484
132 73 149 204 206 82 125 0 200 171 59 112 2 66 98 477 478
167 161 206 149 49 0 98 203 101 135 211 204 93 153 138 184 186 102 479 480
103 225 231 211 87 208 21 135 19 49 216 200 134 138 180 95 59 47 474 475
208 93 225 49 200 194 203 188 118 108 38 85 15 98 162 192 73 63 146 169 483 484
59 15 216 10 21 153 74 19 34 82 194 66 112 116 17 471 472
124 31 70 149 98 206 146 101 141 189 87 138 2 186 15 105 476 477
200 73 171 146 203 93 74 15 186 161 195 57 70 98 482 483
108 181 161 211 145 162 195 95 134 189 102 83 111 475 476
66 116 184 118 31 161 95 138 85 206 153 87 192 141 189 30 15 472 473
116 128 98 134 125 180 82 195 10 49 83 211 112 87 2 475 476
38 232 102 225 101 74 186 31 146 188 32 180 169 171 469 470
15 70 112 180 111 93 40 31 26 204 85 32 146 135 82 194 130 468 469
70 146 9 203 73 128 141 130 1 134 189 40 19 47 161 138 85 153 472 473
73 1 31 21 184 105 188 0 232 47 181 26 95 231 149 98 17 141 130 472 473
184 30 0 211 204 31 10 194 138 47 32 195 57 87 481 482
31 135 203 192 194 128 17 105 186 47 225 33 19 85 87 9 469 470
135 49 102 180 186 232 87 162 153 33 477 478
186 49 128 171 101 82 225 203 105 118 188 481 482
189 181 162 141 171 33 146 180 10 153 134 138 47 9 32 225 2 206 30 481 482
138 19 49 206 153 34 98 101 85 30 171 477 478
130 195 21 49 161 34 105 206 57 87 134 477 478
162 17 30 112 34 125 93 211 479 480
19 0 188 181 171 118 17 49 93 161 95 26 468 469
192 1 204 195 74 0 83 47 9 32 225 26 105 231 87 128 188 82 481 482
98 87 125 181 101 204 141 145 474 475
82 194 10 169 105 232 95 2 21 9 473 474
194 33 1 95 153 0 47 9 216 211 57 2 85 481 482
101 128 125 180 195 57 21 181 102 161 216 231 112 33 63 169 40 93 74 474 475
33 57 112 180 171 105 34 47 225 40 206 195 0 146 9 32 469 470
93 2 17 134 111 1 181 74 0 47 32 105 474 475
10 181 180 232 40 216 211 149 17 1 468 485
211 118 112 57 30 145 128 232 1 125 40 204 74 0 102 83 483 484
49 195 146 17 0 231 57 171 232 102 47 141 470 471
21 57 112 125 105 146 161 216 83 206 74 468 469
141 125 102 32 112 57 85 203 477 478
40 146 181 171 111 47 216 32 26 206 74 195 87 470 471
26 83 146 188 203 2 17 57 112 125 169 102 161 216 469 470
95 146 57 2 125 111 181 1 231 83 149 206 474 475
146 125 134 102 171 188 85 149 478 479
34 204 153 74 17 134 231 169 105 469 470
149 32 232 225 161 112 85 206 128 1 478 479
169 216 118 1 181 153 480 481
216 231 57 102 85 118 63 483 484
134 195 102 180 17 188 63 161 112 0 477 478
195 83 47 125 232 57 87 63 482 483
125 1 74 102 181 225 476 477
206 83 47 225 112 87 188 482 483
118 161 85 17 171 0 83 32 180 188 476 477
2 225 0 30 85 231 112 468 485
9 204 128 180 171 32 47 161 468 485
225 188 0 83 47 111 145 484 485
47 153 188 1 0 102 231 470 471
112 181 153 105 145 475 476
181 85 188 0 128 180 17 32 480 481
111 17 63 180 188 231 475 476
105 231 1 203 85 128 32 180 57 87 475 476
128 1 188 232 0 161 203 476 477
1 0 180 63 102 153 87 468 485
232 85 30 204 102 484 485
87 153 180 171 473 474
203 74 32 204 85 17 30 171 482 483
204 102 57 145 482 483
83 17 171 63 473 474
102 57 474 475
32 145 180 30 161 231 469 470
145 171 30 180 74 231 478 479
161 188 479 480
30 17 469 470
153 17 188 63 478 479
171 480 481
231 57 85 484 485
85 188 74 473 474
180 17 480 481
17 74 57 468 469
188 481 482
0 63 468 485
74 472 473
63 57 471 472
57 471 472
399 450 241 294 358 388 333 432 386 397 421 278 361 414 340 355 431 255 420 409 245 424 234 328 279 309 406 419 341 252 463 256 335 297 467 276 363 449 462 338 372 253 453 442 366 268 444 285 266 247 435 479 480
450 384 284 378 318 361 342 327 421 261 272 336 325 289 394 462 409 464 279 453 373 407 437 457 352 386 416 335 452 301 425 429 410 299 404 338 436 283 417 381 392 415 445 262 396 426 390 290 375 294 483 484
266 335 390 445 238 326 242 317 438 236 372 385 260 435 239 369 358 294 417 302 423 357 304 425 293 414 306 403 416 363 264 253 339 352 249 286 407 299 420 275 464 243 398 292 402 459 452 344 320 322 469 470
335 360 428 362 241 430 324 269 436 414 331 429 257 291 354 325 236 411 402 264 457 234 298 249 338 393 340 461 410 386 456 237 445 447 394 295 246 396 438 244 274 374 444 268 448 369 424 371 474 475
357 453 374 387 442 457 292 322 252 382 286 297 371 320 350 428 441 348 419 368 423 436 338 361 336 416 243 407 315 367 409 422 330 260 250 417 461 356 463 282 257 238 388 344 325 355 405 460 319 396 476 477
453 308 368 391 421 238 302 460 385 317 281 466 315 330 443 373 252 318 454 420 444 410 423 389 353 447 298 332 343 445 243 307 390 341 371 241 405 369 350 301 452 235 284 329 359 431 323 293 483 484
250 327 461 318 331 320 441 254 311 324 379 447 315 262 304 385 319 361 308 429 442 363 310 431 444 241 369 358 292 360 351 364 298 419 408 348 416 405 352 245 341 462 249 288 451 332 345 389 325 393 468 469
327 273 389 444 446 263 293 448 384 261 272 306 375 377 270 251 432 285 245 368 423 279 427 288 350 407 409 235 246 413 310 360 280 415 336 459 308 234 344 333 346 281 445 392 460 290 271 462 275 474 475
310 341 409 308 358 413 457 351 296 410 452 290 333 454 388 269 337 381 394 449 278 385 293 374 257 442 261 378 391 380 369 300 251 316 318 245 441 443 364 379 258 421 434 355 368 423 425 267 265 472 473
341 421 434 319 251 436 264 425 359 372 298 427 348 361 365 422 343 237 424 301 404 406 461 244 255 465 283 234 332 403 405 311 383 260 442 269 431 254 333 446 380 278 382 331 384 238 362 475 476
391 451 382 259 400 387 446 240 270 285 345 441 264 309 421 388 423 288 352 425 356 337 367 297 331 346 433 246 276 422 304 389 338 353 283 234 406 287 347 465 296 456 458 460 269 462 254 333 299 479 480
451 283 287 419 370 400 351 430 281 345 379 324 354 303 337 318 312 448 276 325 255 389 319 270 300 264 298 279 332 411 362 392 307 459 424 375 297 320 350 465 384 456 280 359 363 393 304 446 462 483 484
284 325 393 251 342 452 320 441 390 447 381 436 449 370 383 438 372 440 308 321 235 442 246 444 280 378 367 380 305 426 307 298 353 366 421 275 295 337 350 273 460 286 248 263 356 411 238 402 349 470 471
325 248 422 464 356 302 415 242 457 317 406 329 249 403 447 460 394 449 383 237 282 387 246 261 321 367 255 240 424 426 283 298 428 355 292 322 423 436 290 241 412 305 361 350 405 474 475
248 402 457 235 283 448 261 342 331 386 278 454 322 443 324 392 243 315 328 438 264 385 306 427 253 363 255 444 378 259 380 356 371 292 242 287 421 291 304 359 280 348 407 462 354 275 396 343 334 468 469
402 278 259 401 263 342 365 238 291 321 272 355 319 415 398 404 279 309 362 408 277 256 316 297 403 369 460 235 314 329 244 255 455 368 372 448 400 351 315 247 428 271 354 445 434 273 367 479 480
363 389 274 304 457 380 393 382 298 328 371 384 362 430 311 322 364 377 256 314 265 295 372 427 244 407 420 242 272 336 315 296 326 461 408 305 358 339 460 282 342 276 398 321 355 442 476 477
389 259 418 263 407 257 385 336 300 379 419 260 408 373 397 388 412 273 401 356 390 458 237 282 312 276 464 340 321 455 255 240 444 364 253 435 268 262 243 311 286 320 299 378 382 478 479
308 321 433 448 382 318 362 275 419 311 269 421 355 410 303 412 359 259 263 418 420 409 464 236 411 300 251 347 264 406 342 452 454 256 286 322 443 301 324 381 328 280 396 438 274 304 472 473
259 268 323 444 457 244 274 316 257 386 242 375 388 456 379 326 447 368 260 436 449 383 372 374 376 297 354 422 356 290 358 360 349 353 463 234 280 293 458 247 273 241 288 343 279 235 468 469
268 315 449 263 383 438 306 321 422 314 305 439 298 432 421 355 423 237 425 346 467 293 348 295 337 462 275 288 409 279 413 334 281 457 349 283 272 247 395 260 241 320 441 322 456 313 447 469 470
278 281 283 459 406 395 452 263 456 311 370 383 317 270 429 444 378 367 435 243 358 373 271 256 267 296 309 364 298 432 287 282 295 416 337 253 352 407 462 262 466 279 400 413 245 347 470 471
281 392 447 328 257 261 321 376 365 433 422 435 424 358 426 360 373 428 258 430 289 265 246 280 403 405 255 420 462 343 345 466 247 338 448 340 461 241 275 397 333 388 401 456 377 445 470 471
269 461 274 276 397 260 443 324 271 392 434 315 436 263 385 440 257 323 369 382 439 415 307 309 311 287 344 304 425 280 235 405 418 460 255 288 464 411 332 279 413 253 336 457 404 272 469 470
461 422 254 431 331 312 293 459 261 291 344 383 264 309 411 362 313 396 360 375 405 420 380 403 433 414 235 448 378 359 457 372 234 449 430 434 394 247 241 464 294 373 275 339 484 485
241 441 454 254 375 237 256 392 260 315 436 319 374 442 297 420 314 371 415 296 353 239 465 291 346 401 414 348 403 418 238 352 345 279 457 272 406 448 463 439 331 252 468 485
273 351 393 340 408 463 333 337 239 339 460 328 252 438 237 321 442 455 323 378 261 367 303 424 318 375 364 243 289 423 291 414 407 299 420 288 409 343 464 244 345 413 257 294 336 349 470 471
351 447 381 396 342 398 455 246 291 431 367 334 426 373 441 332 343 419 307 296 368 425 275 372 350 414 361 429 405 418 407 263 338 400 415 457 459 393 406 285 395 463 452 386 467 390 476 477
262 458 379 271 392 313 434 326 381 370 372 427 260 442 367 360 362 298 432 366 291 412 361 282 350 297 460 286 275 343 398 411 237 336 270 448 274 331 265 441 375 267 456 377 390 311 445 469 470
458 434 251 296 398 428 373 324 456 358 239 441 254 318 397 267 293 365 444 410 261 242 321 374 408 319 383 436 234 249 309 243 307 292 322 252 237 414 235 265 280 431 393 304 446 455 400 484 485
377 408 421 247 292 290 271 412 305 320 403 239 460 299 329 293 387 400 257 238 261 306 317 446 380 382 437 345 279 294 430 443 358 445 423 267 297 346 416 246 276 418 374 424 413 298 313 478 479
408 258 303 333 420 356 237 395 376 415 428 419 274 255 421 319 270 410 353 465 454 283 381 313 243 360 405 466 350 435 437 263 406 338 372 317 236 434 315 423 264 379 330 279 480 481
270 282 396 257 277 242 345 279 334 240 459 448 331 388 322 456 252 271 392 313 328 383 317 385 321 431 365 312 433 380 301 435 316 305 360 373 417 247 311 260 300 410 291 239 414 469 470
282 338 249 285 395 342 463 320 333 337 394 449 244 374 387 442 376 323 444 253 301 448 243 426 307 417 430 432 366 313 410 291 412 306 348 416 405 418 339 261 422 356 236 290 470 471
330 333 346 302 317 394 383 396 290 387 442 431 367 435 448 318 369 424 437 371 312 384 426 360 428 441 430 364 419 421 289 423 234 243 352 365 354 311 409 345 457 340 353 395 323 463 465 257 474 475
333 271 275 305 386 303 454 403 312 436 257 372 385 442 300 264 309 332 313 384 258 417 430 316 353 368 410 265 295 276 425 414 348 350 418 354 343 287 411 455 347 474 475
361 400 353 264 457 298 417 249 393 313 307 467 297 390 320 350 235 381 348 299 385 455 378 433 382 371 428 362 375 364 419 239 303 337 331 257 276 407 422 236 411 255 466 476 477
400 312 462 291 385 455 289 300 394 334 433 245 249 437 332 392 452 307 441 445 267 365 265 295 299 323 255 372 409 366 347 411 243 296 290 294 324 369 358 410 239 384 401 479 480
261 462 409 464 292 283 338 406 448 274 395 287 342 263 276 452 386 240 251 454 337 271 383 264 440 237 365 301 369 426 244 419 353 300 421 289 423 414 348 350 469 470
462 370 449 300 251 315 245 379 298 456 307 441 292 252 386 416 237 380 444 329 423 374 304 413 317 347 415 296 460 360 324 354 403 314 378 318 431 393 421 484 485
370 405 449 442 376 275 393 314 382 437 371 452 373 323 375 388 368 379 242 272 317 236 425 438 245 431 249 294 339 422 466 252 337 318 415 237 406 246 340 397 410 244 454 467 456 253 477 478
405 428 240 300 285 445 379 298 373 358 388 425 277 316 297 295 276 424 404 419 302 253 366 317 362 412 454 311 460 440 378 442 318 457 293 433 272 439 355 480 481
240 295 350 352 234 275 411 345 347 459 340 276 386 320 441 454 388 401 322 256 313 447 394 249 236 242 244 365 446 369 316 358 371 305 439 360 362 254 432 245 302 346 293 414 348 468 485
295 435 371 305 249 373 428 277 292 412 352 347 336 457 338 243 340 285 247 395 397 290 331 452 275 320 441 337 254 392 313 447 436 319 440 238 374 387 321 365 299 433 471 472
312 334 336 244 304 404 397 287 344 467 322 296 390 324 337 392 260 271 436 449 303 442 431 263 369 316 242 272 426 439 236 375 366 249 309 423 412 427 418 352 409 422 356 411 473 474
347 394 449 346 291 272 429 431 236 300 369 264 426 360 373 362 288 364 353 368 267 410 301 359 414 348 280 352 274 255 338 238 306 393 296 326 271 384 275 386 339 443 337 475 476
394 236 326 449 396 464 440 388 303 254 331 263 365 276 430 374 434 300 423 438 328 279 309 414 381 362 371 375 256 411 404 329 459 244 274 463 338 238 253 454 385 479 480
337 349 315 296 406 340 342 452 344 454 254 297 383 438 246 369 437 279 371 332 373 247 423 265 414 427 280 418 420 354 422 356 411 306 317 360 236 474 475
349 409 246 276 398 457 264 328 279 463 410 313 386 243 258 443 311 292 403 445 271 381 301 383 438 280 431 380 238 435 253 242 272 424 287 317 426 441 375 326 430 364 245 290 353 366 475 476
368 362 313 387 442 243 258 360 252 380 382 371 329 432 323 434 283 412 414 251 285 247 464 398 324 466 254 404 395 331 384 340 242 344 381 364 436 438 298 279 385 477 478
428 467 237 267 350 329 274 372 302 234 446 459 336 287 448 315 345 452 373 324 305 407 239 436 416 331 429 365 376 257 340 321 272 300 251 364 328 362 313 343 481 482
467 439 309 354 407 288 252 401 297 301 365 425 235 429 246 423 404 274 289 353 413 466 447 298 343 296 247 326 371 260 375 271 256 369 403 299 378 329 412 263 302 336 287 430 484 485
421 258 442 311 292 267 235 452 348 359 387 338 432 434 423 385 336 287 366 296 326 429 422 339 424 318 412 395 376 465 454 456 328 309 449 313 481 482
346 413 313 288 286 237 267 410 386 301 235 456 246 276 344 274 304 289 319 302 283 455 317 376 380 382 437 260 271 384 443 364 303 419 263 425 238 414 416 418 352 407 354 475 476
256 360 441 417 419 366 355 302 359 420 354 398 290 236 292 251 336 249 393 340 395 342 452 320 252 280 401 324 445 271 326 436 317 385 319 244 442 378 433 301 303 358 468 469
360 316 443 301 436 329 414 244 427 418 283 234 317 424 466 326 294 303 254 412 401 257 407 306 383 398 440 300 376 457 309 446 437 384 388 476 477
332 355 425 321 372 306 414 236 416 429 431 407 343 309 324 345 466 406 267 353 331 395 342 401 456 390 445 392 460 253 298 385 313 277 296 311 382 384 441 362 375 419 474 475
355 365 258 356 398 237 457 301 395 348 280 452 244 465 338 390 317 449 247 326 455 324 275 339 433 380 448 437 426 263 238 364 242 366 236 319 251 412 359 414 476 477
395 411 318 406 242 403 383 407 249 309 277 455 311 356 433 448 301 384 235 314 246 276 378 434 372 234 436 336 317 427 315 296 247 418 379 420 373 305 479 480
411 423 425 374 416 429 418 383 264 313 466 396 252 301 265 412 454 280 382 393 244 274 304 387 253 287 296 326 435 373 275 305 339 443 342 293 480 481
251 403 416 350 286 288 409 277 279 334 336 457 446 340 463 397 386 456 432 445 242 315 449 317 385 365 420 422 369 303 316 307 417 298 287 302 423 244 401 468 469
403 398 452 430 307 288 352 434 356 386 397 286 401 438 246 418 431 422 424 413 298 415 381 343 410 275 305 384 378 464 466 257 442 455 336 366 459 480 481
397 457 388 239 352 254 386 452 263 342 293 401 365 456 344 398 353 440 245 362 392 307 448 311 439 320 350 432 348 329 359 416 283 287 420 243 409 464 315 379 413 479 480
457 331 263 293 242 321 419 236 449 364 439 392 358 418 237 460 380 235 299 427 338 372 283 447 317 396 345 247 369 484 485
365 424 304 289 302 406 419 362 410 326 320 396 299 455 242 272 369 371 439 452 315 441 388 443 249 309 277 258 303 356 416 237 316 418 280 477 478
424 314 265 430 410 443 329 280 244 353 429 381 326 275 354 339 414 318 406 387 456 306 319 315 245 466 442 455 388 459 386 416 420 316 267 350 481 482
258 298 287 344 425 280 414 348 350 339 407 420 354 343 398 466 334 459 448 463 276 318 465 386 249 388 456 390 252 372 385 427 235 376 246 255 356 303 305 307 362 296 468 469
298 425 427 297 354 246 276 422 280 338 393 443 456 290 326 339 239 383 317 440 263 293 272 435 382 236 309 279 311 423 471 472
277 311 257 272 291 425 293 348 264 245 350 352 409 279 267 283 235 246 452 344 255 401 324 379 392 447 381 328 317 243 374 271 275 446 314 369 382 437 254 318 296 417 364 470 471
311 307 430 419 313 423 350 431 274 422 238 302 306 393 329 342 463 410 305 452 392 447 460 297 440 444 378 448 264 253 437 234 373 472 473
263 413 334 342 318 257 271 392 326 249 374 387 429 378 367 314 369 373 294 307 235 296 309 300 289 423 412 425 401 297 418 396 469 470
413 414 376 246 418 404 464 319 264 328 309 313 343 292 252 452 454 235 314 280 449 382 304 338 372 444 272 287 317 398 409 354 358 388 339 434 436 401 480 481
307 419 366 412 265 416 352 407 334 455 243 285 247 406 448 305 342 331 239 322 456 324 379 436 257 372 289 300 431 323 433 249 426 375 309 472 473
419 416 464 466 455 265 344 393 448 304 387 283 454 432 445 415 447 345 390 260 290 305 418 239 352 303 433 422 238 383 398 309 481 482
383 414 366 431 243 407 409 294 465 376 401 291 456 390 445 460 319 396 309 387 381 455 375 297 386 235 314 329 359 323 274 255 338 478 479
414 364 343 292 252 286 384 427 246 429 299 304 420 381 415 345 296 463 358 388 239 376 272 444 236 289 300 480 481
300 416 292 343 356 345 459 393 340 255 342 384 253 283 234 287 296 247 260 271 438 440 376 378 446 367 422 382 303 238 236 432 344 427 472 473
416 417 353 249 463 465 456 460 380 235 412 372 234 415 430 443 379 260 290 434 294 305 436 239 356 293 257 422 410 340 242 321 481 482
319 429 350 418 398 466 358 285 415 271 336 404 294 305 459 331 465 326 339 381 291 272 264 444 378 380 364 301 432 314 436 299 412 359 244 304 473 474
429 435 338 283 381 313 243 247 326 371 465 350 254 329 460 406 238 242 385 459 437 379 249 358 443 432 352 367 420 297 331 425 376 280 374 274 482 483
316 373 362 364 353 366 274 434 359 283 285 247 354 409 334 254 459 393 406 329 342 344 386 320 388 390 255 436 449 372 440 444 288 367 422 382 437 318 301 473 474
274 444 380 382 305 373 415 375 296 430 353 302 264 293 427 350 418 339 420 237 466 265 246 285 340 342 318 320 234 443 381 321 442 470 471
439 369 456 445 235 447 460 348 378 329 393 323 406 387 372 442 455 253 242 272 315 345 296 379 407 437 388 352 252 267 404 255 289 264 279 381 313 243 288 375 271 482 483
265 314 382 303 437 318 294 254 362 364 410 302 412 288 409 464 290 466 404 448 463 276 386 320 441 454 443 456 445 392 326 436 328 234 306 440 387 431 469 470
314 369 280 318 364 432 353 247 290 418 275 352 407 420 415 404 459 406 272 344 465 249 379 447 339 460 328 438 440 252 442 376 286 323 444 301 446 473 474
430 292 237 440 246 276 378 444 437 253 366 317 441 443 290 324 407 358 352 254 386 367 318 410 321 344 459 334 463 417 465 279 309 415 482 483
237 252 296 417 285 353 412 425 401 293 288 398 290 345 329 463 331 452 375 390 447 247 264 427 253 376 323 433 380 422 356 468 485
252 432 410 465 412 244 238 418 339 398 245 448 320 454 254 322 443 390 271 385 427 253 374 249 257 299 356 369 243 292 305 294 468 469
302 317 387 444 267 301 303 299 417 309 366 313 253 423 283 304 359 306 348 285 418 352 407 422 275 343 464 358 254 336 257 465 390 379 447 328 472 473
317 449 440 285 247 433 239 417 293 353 291 242 339 249 398 292 448 340 463 299 280 322 443 244 324 326 473 474
362 436 267 301 427 329 323 283 315 296 247 463 452 294 354 401 358 352 254 321 344 236 446 289 382 334 245 309 373 313 476 477
348 433 380 382 426 288 366 297 423 304 255 407 338 409 287 285 345 326 459 290 271 463 305 303 456 318 392 447 293 449 398 442 475 476
433 437 323 304 253 283 417 287 315 438 379 294 339 418 425 291 321 463 236 465 289 454 353 264 456 249 313 460 449 464 390 466 267 380 482 483
246 422 356 437 371 234 353 243 344 359 280 418 464 466 283 329 454 432 445 392 447 260 328 249 304 438 297 444 378 468 485
422 463 465 304 454 447 326 390 271 442 369 320 350 384 329 437 342 238 372 366 438 345 309 373 324 376 481 482
304 426 271 353 299 425 238 420 396 296 334 455 260 336 448 254 329 342 388 401 322 445 276 392 434 326 436 306 472 473
364 320 464 466 323 415 253 336 452 243 345 456 290 460 354 239 352 440 442 331 238 448 369 340 289 249 279 313 423 412 477 478
443 390 456 294 324 275 354 431 372 291 306 385 434 452 309 313 292 356 367 286 267 301 276 359 344 438 255 253 287 426 483 484
313 296 350 352 466 334 336 338 242 340 306 401 245 279 379 326 381 396 385 297 435 371 318 289 473 474
373 267 297 465 350 454 445 329 244 396 238 283 387 442 380 435 247 318 438 427 291 418 264 245 466 309 417 288 477 478
374 234 315 296 404 417 260 463 339 239 412 352 303 367 318 257 238 464 340 321 378 380 249 382 384 343 358 288 375 322 301 436 235 244 323 477 478
260 441 454 388 324 326 447 315 306 444 435 303 437 257 358 426 242 417 309 353 410 423 291 350 420 290 334 455 255 459 393 329 469 470
441 320 380 465 440 321 366 285 446 459 279 309 437 452 418 386 367 420 267 301 425 235 340 280 423 442 283 243 247 482 483
334 427 350 418 291 242 321 407 358 315 264 328 309 404 459 344 386 454 286 267 456 390 276 381 372 385 255 455 376 283 234 380 369 432 412 474 475
427 417 234 328 381 396 426 243 286 384 406 387 306 336 287 366 455 245 379 459 294 354 388 356 420 401 445 340 436 440 289 481 482
306 328 253 234 385 440 387 243 446 369 371 318 386 299 379 257 238 359 287 285 354 264 459 340 353 342 463 454 388 445 244 460 472 473
328 287 350 418 324 358 393 293 340 329 291 452 272 465 386 456 390 339 279 449 387 267 297 367 301 280 375 323 432 353 238 474 475
292 432 289 297 418 407 299 354 409 358 286 404 329 465 244 322 390 257 379 447 287 372 321 376 323 378 367 288 303 437 318 471 472
350 371 245 436 464 398 323 358 338 417 406 410 452 315 294 385 455 376 446 321 367 344 475 476
371 276 423 244 412 323 255 338 418 420 409 285 415 324 417 239 254 463 452 293 401 390 340 272 460 449 396 438 435 297 477 478
435 276 378 280 359 323 255 387 338 234 434 285 315 409 271 294 324 275 239 352 386 367 401 465 321 404 432 279 392 396 288 322 375 297 482 483
267 309 289 410 344 412 359 401 352 286 354 343 455 446 393 276 386 324 271 235 434 326 376 431 253 444 420 356 437 469 470
432 440 280 382 323 283 336 236 454 456 285 305 407 388 464 455 318 331 293 376 448 276 321 255 289 434 381 415 426 482 483
440 253 283 234 287 366 444 415 315 345 448 290 324 401 425 376 321 272 344 390 286 420 320 380 456 359 449 255 406 387 482 483
390 388 425 303 386 318 238 236 289 404 417 245 322 286 460 320 398 378 280 455 323 446 338 234 385 479 480
431 444 253 437 366 392 285 247 326 375 354 369 254 378 376 257 272 289 409 309 407 358 388 456 386 464 466 344 423 482 483
444 387 338 336 379 409 305 339 367 318 342 410 321 448 404 289 381 343 396 322 286 369 235 359 483 484
379 354 464 303 387 293 257 437 321 336 285 245 343 358 286 407 409 280 255 404 459 338 283 234 452 412 478 479
392 423 285 358 420 352 464 293 376 417 291 393 465 264 245 381 343 398 455 235 446 437 323 338 372 366 434 479 480
294 331 235 326 447 339 255 385 387 253 442 376 287 378 305 309 434 423 293 257 242 272 409 301 343 285 345 466 338 288 471 472
331 275 417 459 303 406 463 257 238 460 289 449 245 455 376 288 426 320 301 375 329 253 234 287 354 464 271 345 474 475
385 449 396 287 366 442 315 326 446 339 434 376 321 272 245 409 343 406 384 235 378 401 456 382 478 479
449 366 464 315 290 455 324 358 388 339 239 386 410 289 417 447 445 396 426 286 380 412 436 283 483 484
297 417 423 344 465 412 460 280 455 459 238 283 384 452 247 456 245 326 447 254 387 420 257 291 426 471 472
387 338 336 236 345 354 305 436 425 293 321 407 409 466 279 393 410 452 380 445 235 299 396 323 478 479
454 271 354 358 437 388 254 367 401 446 342 291 447 279 343 375 420 329 359 464 338 287 459 296 483 484
315 290 323 378 254 446 367 448 382 257 242 236 434 436 425 354 336 459 393 465 386 253 473 474
287 286 235 448 437 305 426 289 412 425 299 420 345 338 393 242 329 388 445 249 381 471 472
393 352 254 448 342 340 236 289 436 438 409 286 301 329 359 255 463 372 465 445 285 271 396 384 479 480
271 320 375 245 434 447 381 239 420 358 415 406 353 234 291 359 401 460 279 404 338 253 469 470
320 426 275 305 425 238 464 249 279 336 404 459 288 410 456 235 447 339 255 438 398 283 446 369 437 473 474
276 437 415 309 423 242 412 425 352 396 288 398 279 323 283 459 340 382 235 234 436 299 420 367 470 471
247 324 445 434 436 372 442 235 257 301 303 426 289 410 280 460 286 343 466 406 448 463 318 388 468 469
352 236 353 410 465 309 442 376 448 323 382 336 290 425 372 367 409 342 415 242 476 477
257 448 340 342 318 452 386 322 376 380 303 236 309 249 289 412 418 409 468 469
275 344 465 322 445 249 438 372 376 303 426 318 309 366 234 289 243 339 460 354 288 290 283 404 285 470 471
380 384 378 426 338 238 372 296 339 367 404 417 344 289 353 447 455 375 286 446 369 301 382 478 479
384 437 299 359 323 445 293 372 423 272 425 438 420 358 288 356 318 459 406 301 410 344 456 353 283 455 326 478 479
366 288 376 446 359 382 426 255 338 375 336 434 326 372 418 358 239 356 466 459 410 264 445 460 477 478
323 448 272 236 285 296 434 305 410 254 356 321 404 406 340 234 460 396 438 235 473 474
338 442 378 375 423 425 345 299 329 280 415 244 404 447 396 475 476
283 376 242 272 234 243 291 412 286 354 446 382 375 434 381 470 471
356 404 279 309 343 396 464 398 280 388 272 445 434 326 359 324 354 305 420 288 409 358 426 415 476 477
404 420 293 291 321 272 415 406 353 245 452 381 322 375 464 378 280 359 446 437 436 438 418 480 481
254 285 329 465 386 388 381 238 438 372 376 301 249 415 412 359 244 407 354 288 253 290 468 469
359 446 448 437 299 244 234 464 398 345 296 459 406 324 354 339 401 318 447 238 353 476 477
446 455 412 442 406 336 398 339 239 288 420 342 410 340 344 463 415 396 243 460 286 369 483 484
264 293 396 288 343 464 336 239 406 448 452 388 242 236 245 442 303 426 375 417 353 410 425 469 470
293 455 448 452 286 388 456 326 372 321 442 426 296 309 344 418 272 354 396 289 471 472
324 344 465 401 445 239 303 291 272 382 236 289 279 322 418 464 345 244 406 463 473 474
344 426 318 459 463 321 401 234 447 460 396 448 382 235 299 280 434 245 290 475 476
447 285 345 296 303 342 238 410 463 272 279 396 426 375 459 255 483 484
409 398 245 249 279 343 288 322 301 299 436 253 285 339 417 386 465 480 481
456 463 401 376 343 415 445 322 448 299 378 253 484 485
463 418 239 318 410 291 245 445 301 299 378 329 382 406 464 345 398 484 485
465 239 288 303 342 410 291 423 279 343 375 286 369 329 412 434 285 466 484 485
285 396 438 376 255 318 375 296 291 372 288 253 417 406 353 329 289 239 322 470 471
455 406 372 242 336 437 388 339 340 280 438 417 234 426 290 318 382 484 485
236 407 398 336 235 322 445 234 434 436 321 255 376 244 367 303 437 243 342 238 468 485
249 291 464 398 466 318 242 386 388 322 436 438 378 367 301 369 382 417 468 469
291 398 286 340 452 401 244 445 326 381 438 372 369 417 242 272 339 299 471 472
434 426 243 322 286 369 301 235 398 245 358 386 410 353 253 234 343 482 483
235 396 290 459 272 448 401 322 445 372 321 376 378 468 485
401 415 417 358 288 321 353 459 448 437 329 425 418 242 336 466 479 480
353 407 406 253 305 464 339 398 437 242 345 309 343 476 477
425 343 286 382 412 406 336 345 296 448 407 303 386 367 321 481 482
417 367 286 420 410 340 354 305 339 460 303 466 245 343 407 358 481 482
369 386 299 445 253 290 354 339 426 342 272 289 398 378 382 477 478
418 452 245 343 415 301 382 296 464 466 242 481 482
367 329 459 255 253 460 381 398 354 305 339 239 376 303 342 289 412 301 415 477 478
423 343 415 322 375 378 280 253 234 354 238 438 279 481 482
415 436 438 280 255 396 290 375 299 460 406 464 272 309 339 445 480 481
420 234 381 375 466 299 382 336 290 358 239 386 481 482
426 253 381 466 345 290 239 303 412 342 242 272 442 245 452 481 482
288 398 382 280 329 342 244 234 381 438 376 378 239 301 305 471 472
329 321 309 354 343 286 301 410 381 243 326 376 305 474 475
382 244 388 296 290 342 289 381 442 478 479
343 242 354 345 322 388 244 255 290 239 437 375 475 476
436 296 290 305 412 372 358 301 340 280 244 482 483
375 244 466 406 339 410 303 340 321 398 452 477 478
388 412 358 303 376 398 442 245 299 381 243 478 479
378 255 336 243 305 303 272 381 322 396 442 478 479
321 238 340 305 386 239 286 301 299 473 474
442 234 354 358 339 386 245 381 460 299 483 484
437 244 406 464 296 326 459 407 410 438 396 322 482 483
326 243 239 376 303 242 289 245 322 286 299 406 244 474 475
239 342 452 386 322 242 244 305 309 245 407 345 336 459 272 468 485
342 386 255 289 438 243 286 299 280 238 296 398 466 475 476
445 318 406 238 242 407 460 322 280 396 483 484
396 245 386 301 255 289 234 381 322 459 479 480
406 279 243 466 398 290 480 481
340 303 464 345 466 386 245 243 322 299 255 253 372 290 475 476
243 372 244 290 305 410 339 345 466 238 279 448 468 485
381 438 345 318 238 242 289 322 448 478 479
303 280 386 242 272 245 354 358 336 472 473
296 438 280 309 407 245 279 452 386 471 472
464 279 407 322 286 280 336 354 318 484 485
407 466 286 448 299 452 234 345 290 305 480 481
238 452 322 245 253 242 255 299 412 286 468 485
242 398 279 272 309 245 468 485
459 309 466 301 448 299 255 339 484 485
309 286 460 322 472 473
253 301 305 339 460 272 386 322 468 469
376 290 358 339 289 412 299 477 478
301 290 398 345 466 448 472 473
234 305 289 460 345 336 245 468 485
410 290 305 318 398 480 481
386 345 478 479
336 438 289 322 286 299 244 290 474 475
438 345 305 272 460 289 466 398 279 452 255 482 483
280 279 358 305 272 470 471
255 290 358 345 245 452 468 469
412 299 244 290 272 289 466 480 481
305 372 289 398 286 472 473
398 244 339 479 480
448 483 484
460 345 358 339 322 452 484 485
354 286 299 244 358 318 476 477
279 286 245 290 318 244 470 471
272 290 345 469 470
289 452 339 471 472
452 483 484
286 245 339 299 345 466 471 472
290 471 472
244 318 339 322 372 468 485
299 372 466 472 473
318 345 473 474
345 372 475 476
358 476 477
466 245 322 372 484 485
372 322 477 478
245 468 485
322 473 474
339 475 476
468
469
470
471
472
473
474
475
476
477
478
479
480
481
482
483
484
485
