#/usr/local/lib/python3.10/dist-packages/colab_kernel_launcher.py -f /root/.local/share/jupyter/runtime/kernel-ccf9b1d1-ce2b-4d6c-8d13-48aff858ef78.json
# GMT Mon May 27 12:34:27 2024
# 
29 32 35 57 47 2 5 16 0 3 59 6 17 20 58 48 61 11 14 50 63 25 40 28 1 12 15 62 39 52 42 13 64 54 31 44 23 7 53 10 56 33 21 8 55 131 132 136 137 141 142 146 147
32 55 13 35 57 47 23 37 4 5 7 21 22 36 24 49 6 39 20 38 51 18 30 2 60 14 40 16 19 0 1 17 52 42 41 53 28 43 9 56 33 12 46 27 131 132 136 137 141 142 146 147
8 9 41 31 21 11 53 56 33 10 23 2 55 35 12 0 6 34 47 24 37 14 59 36 13 49 26 16 48 61 38 15 28 18 60 50 27 40 17 62 39 52 42 4 130 134 135 139 140 144 145 149
9 57 34 11 24 14 56 46 23 59 13 2 26 5 16 3 15 6 28 37 50 27 40 17 62 39 19 1 18 31 21 63 53 30 43 33 4 42 7 55 45 35 12 130 134 135 139 140 144 145 149
0 5 37 4 40 17 49 62 39 52 6 19 51 18 54 31 21 63 30 43 23 55 45 12 2 44 57 34 11 24 1 14 56 46 36 13 3 16 48 25 61 38 130 134 135 139 140 144 145 149
5 60 3 50 63 17 30 7 42 64 41 54 44 21 1 53 43 56 33 23 13 55 22 58 35 25 4 34 47 24 37 46 59 36 49 26 38 2 15 51 28 130 134 135 139 140 144 145 149
6 48 61 51 28 18 50 27 63 2 62 52 42 19 64 41 31 44 11 53 43 56 33 10 13 45 22 58 35 12 25 57 47 24 14 4 59 36 49 26 130 134 135 139 140 144 145 149
48 36 58 17 20 34 57 11 14 44 59 25 47 49 1 31 12 15 45 13 46 50 63 53 7 37 10 52 24 27 38 41 64 18 2 56 16 19 3 55 33 132 133 137 138 142 143 147 148
41 42 21 27 38 39 64 44 53 18 35 16 19 22 33 58 36 17 20 57 47 30 11 14 25 1 12 15 61 51 13 60 63 23 26 62 7 37 52 10 132 133 137 138 142 143 147 148
42 57 47 18 2 4 46 35 59 16 19 22 3 58 61 20 60 11 14 25 62 1 52 31 12 64 53 43 23 26 7 37 10 21 24 45 27 38 132 133 137 138 142 143 147 148
33 38 23 60 26 50 7 63 10 21 24 62 52 64 54 44 2 16 19 53 22 56 3 17 20 45 11 57 47 37 25 12 15 36 49 13 61 131 132 136 137 141 142 146 147
38 36 17 51 64 54 34 53 56 11 14 1 31 55 12 45 15 13 57 23 59 4 26 7 37 10 21 24 58 60 50 40 35 62 19 22 3 131 132 136 137 141 142 146 147
25 34 15 47 17 59 36 28 10 24 37 50 27 40 49 62 39 52 4 7 51 64 19 54 21 31 22 30 43 18 55 2 45 35 16 1 44 130 131 135 136 140 141 145 146
34 28 1 31 12 15 60 50 40 62 39 26 10 21 27 64 54 44 43 18 56 16 19 22 45 3 35 17 20 57 47 37 30 11 59 36 14 49 131 132 136 137 141 142 146 147
44 47 10 40 12 43 27 46 49 58 18 51 4 7 19 21 63 22 3 36 39 20 62 30 64 54 14 16 28 31 53 15 13 55 23 26 132 133 137 138 142 143 147 148
47 28 1 31 15 45 59 49 46 23 4 26 7 37 60 10 50 43 24 27 62 64 54 35 16 3 53 36 56 17 20 58 30 132 133 137 138 142 143 147 148
3 15 28 60 50 27 63 40 7 62 39 52 19 51 64 54 31 21 11 53 20 23 55 45 57 24 14 2 4 59 49 26 16 61 130 134 135 139 140 144 145 149
15 57 46 36 49 26 14 16 1 12 61 51 18 13 60 50 27 40 17 62 52 7 10 54 31 21 53 20 56 23 45 58 130 131 135 136 140 141 145 146
22 28 13 63 30 62 4 52 10 64 54 31 43 56 46 23 2 16 19 45 17 20 57 24 37 27 11 36 49 26 14 39 1 61 51 130 131 135 136 140 141 145 146
28 57 17 20 46 49 11 58 14 61 1 50 63 40 30 13 39 23 4 26 51 7 10 31 21 24 27 53 56 18 45 2 16 131 132 136 137 141 142 146 147
14 24 37 46 12 59 36 13 58 61 51 60 50 27 40 17 62 39 52 19 64 54 31 43 20 55 45 35 57 130 131 135 136 140 141 145 146
24 64 54 31 1 53 43 56 55 45 35 23 57 21 46 59 26 18 58 2 61 51 60 27 40 20 30 62 52 130 131 135 136 140 141 145 146
36 61 11 60 50 63 40 62 52 13 64 54 4 53 10 43 21 56 27 55 45 58 18 35 19 46 59 49 39 131 132 136 137 141 142 146 147
7 21 11 2 43 20 10 23 55 45 35 12 37 46 59 13 49 26 16 58 60 50 27 4 17 30 62 51 64 31 130 134 135 139 140 144 145 149
21 31 10 63 53 23 55 18 35 2 57 17 46 49 11 61 1 12 60 37 50 40 30 62 52 4 130 131 135 136 140 141 145 146
18 30 39 19 51 54 31 16 1 43 20 23 17 13 45 35 57 37 10 12 49 26 58 61 2 4 50 27 40 130 131 135 136 140 141 145 146
30 46 4 59 16 49 19 17 61 51 60 63 40 11 62 52 1 12 31 53 43 56 26 10 55 45 27 35 57 37 131 132 136 137 141 142 146 147
60 35 16 19 64 52 17 20 50 51 53 1 31 45 13 46 23 4 26 56 37 61 10 40 55 39 58 2 133 134 138 139 143 144 148 149
58 50 51 46 64 26 56 12 43 27 57 13 23 4 35 37 55 59 39 20 53 61 2 19 49 63 1 31 133 134 138 139 143 144 148 149
40 54 35 53 43 56 17 39 55 45 1 31 12 46 59 49 51 4 26 37 50 63 10 62 52 64 132 133 137 138 142 143 147 148
54 64 27 56 2 55 35 16 19 49 52 17 57 39 20 53 59 11 61 1 31 51 13 62 23 4 26 37 133 134 138 139 143 144 148 149
61 39 20 53 11 1 45 59 13 63 46 62 23 4 26 56 37 10 43 64 27 2 35 19 49 133 134 138 139 143 144 148 149
55 46 63 4 10 62 43 27 2 56 35 16 19 49 52 39 20 50 51 53 11 59 1 12 133 134 138 139 143 144 148 149
43 64 23 4 37 10 27 35 59 17 39 49 20 51 11 50 63 1 31 53 12 62 52 13 132 133 137 138 142 143 147 148
64 16 19 49 52 63 20 11 1 31 45 59 62 13 46 23 4 26 56 37 10 133 134 138 139 143 144 148 149
35 63 13 62 39 23 27 56 2 45 19 17 37 20 46 11 1 31 12 131 132 136 137 141 142 146 147
37 63 31 56 13 45 23 57 26 10 46 27 59 2 4 50 17 20 131 132 136 137 141 142 146 147
17 2 50 39 52 19 11 31 12 63 53 56 23 4 57 10 46 26 130 131 135 136 140 141 145 146
57 1 31 45 51 13 46 23 4 26 56 10 27 59 2 16 52 50 53 62 11 133 134 138 139 143 144 148 149
10 4 53 20 56 13 45 12 2 59 49 39 16 51 27 62 130 134 135 139 140 144 145 149
16 50 27 11 62 39 52 19 1 12 51 31 63 53 4 45 46 59 2 130 131 135 136 140 141 145 146
11 56 46 59 13 49 26 2 27 62 39 19 31 63 53 20 1 12 130 134 135 139 140 144 145 149
50 49 51 39 20 62 52 1 31 12 13 53 46 56 23 26 59 132 133 137 138 142 143 147 148
31 46 51 63 20 52 12 13 56 4 131 132 136 137 141 142 146 147
51 39 2 59 49 45 46 63 53 26 52 12 13 56 23 4 19 132 133 137 138 142 143 147 148
2 62 52 19 63 20 56 23 45 12 4 59 13 1 130 134 135 139 140 144 145 149
13 45 46 59 49 4 39 52 19 1 20 130 131 135 136 140 141 145 146
4 63 20 1 45 56 27 49 62 130 134 135 139 140 144 145 149
63 19 49 52 39 20 53 1 59 46 23 26 56 12 27 133 134 138 139 143 144 148 149
1 26 39 20 19 53 56 45 12 130 134 135 139 140 144 145 149
20 39 52 19 53 56 23 12 59 49 130 131 135 136 140 141 145 146
39 19 53 52 26 12 46 27 45 23 59 49 132 133 137 138 142 143 147 148
12 59 49 26 27 62 52 19 45 130 134 135 139 140 144 145 149
45 23 46 59 26 49 27 19 52 132 133 137 138 142 143 147 148
19 62 53 56 23 46 49 26 130 131 135 136 140 141 145 146
56 52 53 62 46 133 134 138 139 143 144 148 149
27 46 59 49 23 26 53 52 131 132 136 137 141 142 146 147
46 59 23 62 52 53 132 133 137 138 142 143 147 148
23 59 49 26 62 130 131 135 136 140 141 145 146
26 53 59 49 62 52 131 132 136 137 141 142 146 147
53 59 133 134 138 139 143 144 148 149
59 52 133 134 138 139 143 144 148 149
49 62 52 132 133 137 138 142 143 147 148
52 62 133 134 138 139 143 144 148 149
62 133 134 138 139 143 144 148 149
94 97 100 83 112 67 70 84 87 111 68 124 101 71 114 85 123 113 103 116 76 125 79 128 90 95 77 80 107 78 129 106 119 96 69 91 72 118 108 75 121 98 86 89 73 131 132 136 137 141 142 146 147
97 120 78 110 123 122 99 112 102 69 70 86 87 124 101 71 104 85 113 126 116 83 67 115 81 84 65 66 80 127 117 129 106 119 90 91 93 108 74 75 98 77 111 92 131 132 136 137 141 142 146 147
105 106 119 67 100 81 65 118 68 108 121 101 82 104 85 99 120 76 122 112 90 93 74 66 96 77 111 124 126 116 88 69 91 72 102 115 128 75 86 92 73 103 107 83 129 132 133 137 138 142 143 147 148
106 107 89 73 104 129 119 109 118 108 67 120 87 110 98 123 71 101 82 85 99 76 111 124 114 93 74 96 77 80 126 116 78 125 115 128 88 91 127 102 117 75 132 133 137 138 142 143 147 148
65 70 102 69 82 72 127 104 117 71 107 74 83 119 96 73 86 128 118 95 108 88 120 87 109 122 99 76 89 66 79 111 124 101 78 91 68 113 90 126 103 80 93 130 134 135 139 140 144 145 149
70 125 68 115 92 128 95 127 117 74 119 109 86 66 85 121 98 75 88 78 120 87 90 69 122 99 112 89 102 79 111 124 91 104 81 71 113 126 103 67 80 83 130 134 135 139 140 144 145 149
71 113 80 116 93 125 115 92 128 82 85 66 127 68 117 107 129 119 109 76 121 98 75 88 78 120 110 87 123 77 90 122 99 89 102 79 69 101 104 81 130 134 135 139 140 144 145 149
113 101 123 82 104 85 99 122 109 124 90 112 114 93 66 96 107 80 110 116 78 111 125 115 128 118 88 91 102 75 86 108 129 119 83 100 81 84 68 98 132 133 137 138 142 143 147 148
86 129 72 96 75 118 108 88 83 110 87 100 84 109 122 112 89 82 85 121 111 124 101 114 126 79 103 93 66 77 102 115 92 95 78 104 107 69 116 130 131 135 136 140 141 145 146
129 108 119 103 83 67 100 84 114 87 117 68 98 120 82 104 118 99 95 76 79 90 112 93 66 96 77 80 124 116 127 78 111 88 69 121 72 102 133 134 138 139 143 144 148 149
107 109 112 83 67 69 100 124 81 114 84 87 68 98 123 82 104 126 85 99 125 115 95 76 79 90 93 127 66 77 116 72 102 75 110 92 73 103 132 133 137 138 142 143 147 148
98 103 88 125 115 89 92 104 117 116 83 119 109 67 81 84 118 108 121 68 82 85 120 110 100 95 122 79 102 93 74 96 77 111 124 114 126 131 132 136 137 141 142 146 147
103 101 116 85 118 108 95 121 76 79 90 74 96 120 80 78 109 122 111 88 114 72 75 89 123 92 126 73 125 115 100 81 127 104 84 87 68 131 132 136 137 141 142 146 147
109 112 74 75 77 108 89 111 114 123 116 69 100 102 125 115 128 68 101 104 85 127 95 67 119 81 93 66 118 121 120 110 76 88 90 91 132 133 137 138 142 143 147 148
112 122 74 66 96 77 80 110 124 114 78 111 126 116 91 102 125 128 89 92 73 127 117 83 67 119 100 84 87 121 82 99 120 95 76 79 132 133 137 138 142 143 147 148
67 115 95 72 127 117 84 74 116 73 76 128 118 108 85 121 75 110 87 100 122 99 89 79 124 78 91 68 81 123 126 80 83 66 125 130 134 135 139 140 144 145 149
115 123 100 81 126 84 114 68 101 125 104 85 128 99 117 79 74 96 77 119 80 110 78 111 88 69 72 75 89 92 73 124 83 132 133 137 138 142 143 147 148
87 93 125 95 69 117 72 75 73 96 108 88 120 84 123 68 100 90 82 122 99 89 102 92 76 101 114 79 104 66 77 126 116 130 131 135 136 140 141 145 146
93 82 102 111 124 101 76 123 126 90 74 80 125 128 95 78 127 104 117 88 69 72 75 119 96 89 92 73 108 121 83 120 110 131 132 136 137 141 142 146 147
101 116 95 125 128 66 77 80 78 88 69 91 72 118 75 108 121 92 73 120 110 123 83 122 100 81 68 124 82 104 85 99 131 132 136 137 141 142 146 147
80 90 122 89 102 111 124 114 76 91 79 74 77 126 116 83 92 128 82 117 69 84 72 75 96 121 88 120 110 123 100 130 131 135 136 140 141 145 146
90 82 111 124 91 123 126 74 75 77 89 125 102 114 127 104 117 88 69 72 84 119 96 128 118 95 83 110 79 81 122 130 131 135 136 140 141 145 146
120 126 111 88 69 91 72 102 127 108 119 73 83 100 81 84 114 117 82 104 116 118 125 95 76 124 74 66 96 77 133 134 138 139 143 144 148 149
126 104 118 99 76 74 66 124 116 111 88 69 121 72 102 75 108 89 119 92 122 73 123 83 100 81 84 68 133 134 138 139 143 144 148 149
122 74 66 96 77 110 116 78 111 69 91 123 72 102 108 89 119 73 83 100 81 117 68 82 125 99 127 76 79 133 134 138 139 143 144 148 149
72 76 128 118 108 85 121 75 88 110 77 99 89 79 114 91 81 125 92 69 82 95 104 74 116 83 96 73 130 134 135 139 140 144 145 149
125 81 114 82 85 118 99 95 76 79 74 96 77 110 124 78 111 91 121 102 89 119 92 123 83 127 133 134 138 139 143 144 148 149
123 127 99 76 91 121 74 77 108 92 78 69 100 102 89 119 124 73 104 85 118 83 95 128 66 68 110 133 134 138 139 143 144 148 149
119 73 81 84 114 117 68 82 104 85 118 124 76 79 74 66 77 110 116 78 128 111 127 88 69 133 134 138 139 143 144 148 149
75 96 76 69 118 85 121 88 78 73 110 100 77 111 114 68 91 104 116 83 128 95 66 127 117 130 134 135 139 140 144 145 149
96 99 89 73 124 114 104 83 81 116 82 128 85 127 95 74 66 118 108 78 121 110 100 88 91 131 132 136 137 141 142 146 147
108 88 102 89 121 111 92 73 100 81 124 114 85 99 116 95 76 79 74 66 118 77 117 78 132 133 137 138 142 143 147 148
79 102 74 66 77 124 114 91 81 78 116 69 92 128 82 95 127 104 117 73 84 85 68 100 99 130 131 135 136 140 141 145 146
102 81 121 78 110 88 74 111 92 73 114 69 100 84 82 85 127 117 99 116 95 131 132 136 137 141 142 146 147
82 81 92 127 104 117 84 76 83 74 66 85 121 78 88 100 69 89 111 124 114 91 130 131 135 136 140 141 145 146
74 99 76 89 121 78 91 92 127 104 84 116 83 128 95 85 110 100 77 130 134 135 139 140 144 145 149
68 83 92 128 95 66 104 84 116 73 76 118 85 121 88 110 100 77 99 89 111 124 114 81 130 134 135 139 140 144 145 149
81 127 104 117 84 66 77 116 128 118 85 110 100 73 99 89 121 111 114 91 130 131 135 136 140 141 145 146
76 111 124 78 114 73 69 95 127 104 117 116 83 128 118 88 110 100 89 130 134 135 139 140 144 145 149
127 100 84 104 85 118 99 66 128 77 110 116 111 88 91 121 89 92 73 133 134 138 139 143 144 148 149
100 128 117 69 91 89 92 73 121 83 85 99 95 66 77 131 132 136 137 141 142 146 147
116 85 95 124 128 118 91 117 77 89 88 69 84 132 133 137 138 142 143 147 148
104 84 118 85 117 99 95 121 92 78 110 69 89 132 133 137 138 142 143 147 148
78 99 89 111 124 114 91 69 83 92 128 95 73 117 84 66 118 130 131 135 136 140 141 145 146
110 69 111 91 114 89 92 83 84 117 99 118 95 121 66 77 132 133 137 138 142 143 147 148
89 66 118 121 69 99 73 111 124 83 128 130 131 135 136 140 141 145 146
83 117 84 118 88 77 124 91 73 69 92 128 130 131 135 136 140 141 145 146
66 99 69 114 91 92 128 95 117 84 73 111 88 77 130 134 135 139 140 144 145 149
92 84 85 121 111 77 124 114 88 91 128 118 95 117 131 132 136 137 141 142 146 147
99 77 128 69 117 73 118 85 95 111 124 114 131 132 136 137 141 142 146 147
128 84 114 118 95 124 111 88 91 121 73 133 134 138 139 143 144 148 149
85 69 73 117 84 118 88 77 111 114 91 130 131 135 136 140 141 145 146
77 124 114 91 95 117 84 118 130 134 135 139 140 144 145 149
88 118 121 73 111 69 114 91 84 95 130 131 135 136 140 141 145 146
118 91 73 84 114 117 121 133 134 138 139 143 144 148 149
95 124 114 84 121 91 73 131 132 136 137 141 142 146 147
111 91 69 73 117 121 132 133 137 138 142 143 147 148
114 117 121 91 73 124 84 132 133 137 138 142 143 147 148
91 121 69 117 84 131 132 136 137 141 142 146 147
73 121 124 117 84 130 134 135 139 140 144 145 149
84 117 121 124 69 130 131 135 136 140 141 145 146
124 69 121 117 133 134 138 139 143 144 148 149
121 69 117 133 134 138 139 143 144 148 149
69 117 130 134 135 139 140 144 145 149
117 133 134 138 139 143 144 148 149
130
131
132
133
134
135
136
137
138
139
140
141
142
143
144
145
146
147
148
149
