#/usr/local/lib/python3.10/dist-packages/colab_kernel_launcher.py -f /root/.local/share/jupyter/runtime/kernel-2b515d16-c871-48c9-ad2b-cd6ecd503099.json
# GMT Thu May 23 11:55:00 2024
# 
32 101 78 35 67 57 70 47 23 7 79 92 21 22 82 36 6 8 104 84 38 93 60 96 40 16 31 3 62 17 52 42 74 87 64 41 54 99 28 9 33 12 98 221 222
101 62 65 106 79 96 26 9 10 24 54 76 60 41 77 58 109 91 18 2 4 19 21 52 82 63 6 66 39 20 99 83 34 103 67 84 30 28 15 97 59 51 228 229
76 107 7 40 70 109 24 54 57 8 38 60 58 18 5 16 80 19 93 0 33 63 55 20 72 67 30 11 14 47 28 1 31 42 64 86 15 75 59 95 108 65 225 226
107 38 60 71 58 5 109 16 19 49 22 82 6 66 17 69 50 34 98 30 11 14 47 1 80 12 94 45 48 59 51 93 65 46 96 23 26 7 37 10 89 21 228 229
17 94 2 38 70 0 106 83 50 39 42 84 97 74 87 14 96 109 86 15 99 13 108 65 78 68 45 4 7 44 57 47 24 8 102 79 69 82 36 26 104 220 221
94 69 20 100 53 34 86 67 11 44 47 1 61 45 48 29 81 62 46 25 26 56 37 40 70 73 24 27 57 97 93 88 91 4 35 16 52 33 6 85 66 227 228
33 38 103 70 4 26 40 108 27 62 52 42 97 74 51 18 44 96 99 0 66 43 56 88 78 55 68 35 30 80 28 9 102 92 69 36 49 91 48 61 222 223
38 36 84 97 20 41 96 109 53 30 56 25 88 9 55 45 15 13 67 44 80 102 79 4 26 104 81 24 58 71 73 50 18 5 85 39 52 0 222 223
73 74 87 0 3 109 63 86 6 36 66 39 44 25 47 103 28 61 12 42 45 48 102 92 51 46 84 7 70 83 24 8 60 41 71 85 75 58 18 97 2 225 226
74 41 72 97 87 109 16 22 6 78 53 100 90 80 30 44 25 92 105 9 1 31 61 45 48 104 29 81 59 62 13 65 46 83 26 10 40 70 21 225 226
19 103 93 106 60 63 40 30 18 95 2 108 0 3 54 86 89 56 23 98 14 88 1 25 100 90 67 13 37 69 59 49 26 4 7 58 48 61 51 28 220 221
103 80 31 61 105 64 97 104 34 98 11 106 96 26 56 28 89 12 75 27 57 87 29 59 13 77 23 109 4 35 37 70 52 82 24 20 67 18 16 228 229
62 91 18 100 2 5 70 0 22 3 102 55 6 20 50 53 71 30 11 14 44 106 47 83 28 1 12 42 45 72 87 23 7 37 10 86 27 8 224 225
13 65 55 11 67 80 57 24 79 82 36 49 16 104 58 28 4 5 83 60 30 8 105 72 108 85 39 52 29 42 84 97 2 54 31 21 1 23 220 221
65 68 58 23 80 7 40 21 22 102 8 82 39 71 5 35 106 83 49 1 86 31 63 95 50 51 75 46 77 25 109 99 43 89 66 57 59 224 225
78 80 23 4 26 56 102 79 92 70 21 24 54 27 8 81 77 16 22 52 3 85 98 36 66 39 50 72 34 67 30 109 14 25 31 64 15 75 29 226 227
4 96 86 53 30 66 10 1 108 77 90 44 80 57 47 14 89 79 56 92 69 16 91 68 104 58 48 61 15 106 37 105 84 31 220 229
96 99 68 82 54 6 36 39 72 53 34 18 102 80 61 3 63 64 75 29 51 104 46 106 56 10 12 42 108 24 98 87 41 97 91 227 228
43 87 44 26 109 99 66 79 24 27 41 88 55 91 45 100 18 90 70 47 35 22 102 92 6 82 72 39 49 104 11 50 28 9 105 15 108 85 29 98 75 222 223
87 24 54 57 71 77 58 5 35 68 49 91 3 63 39 20 72 67 102 14 44 25 28 80 104 64 48 59 81 105 95 26 7 70 21 226 227
16 70 83 27 40 30 105 39 52 1 84 15 64 41 109 63 66 88 55 45 22 77 67 44 34 47 24 102 59 5 104 58 71 25 220 221
70 61 3 63 45 99 89 46 100 90 28 80 9 40 24 54 57 91 71 49 106 52 66 8 105 95 85 75 97 44 225 226
35 83 60 29 105 85 39 42 84 97 64 21 86 66 88 18 2 5 90 3 67 6 37 20 102 46 59 36 49 30 14 71 25 51 1 12 222 223
83 49 22 52 3 82 55 66 39 69 93 72 53 34 67 30 98 25 47 1 12 97 48 51 81 7 91 10 54 100 57 90 60 71 226 227
99 104 26 89 24 27 57 60 93 77 108 18 68 49 52 3 82 6 66 67 11 25 28 100 9 80 42 15 97 48 29 59 95 105 46 228 229
7 21 2 20 10 0 108 98 88 55 22 90 80 47 24 14 89 1 59 36 91 104 81 61 15 93 106 50 39 9 84 41 8 220 229
21 10 86 53 66 5 100 90 67 44 0 57 34 24 6 20 92 46 49 58 11 28 9 12 106 37 50 27 95 75 29 42 51 220 221
88 95 108 23 56 10 24 54 27 89 77 2 5 100 68 49 0 3 55 6 102 92 72 53 34 104 84 30 11 47 93 31 15 48 81 227 228
95 18 100 0 52 82 63 85 36 39 69 20 72 86 47 28 9 80 31 42 106 15 75 29 81 108 98 79 97 89 40 54 57 41 93 227 228
104 50 72 102 34 100 84 14 28 31 61 12 45 48 29 46 98 79 23 26 89 57 93 2 106 63 85 36 39 228 229
18 30 105 72 108 29 42 84 51 64 44 86 53 66 20 56 55 22 100 77 34 24 9 69 82 8 61 93 106 40 220 221
30 79 92 69 46 59 49 91 3 71 48 106 60 85 1 42 12 15 77 53 89 23 98 10 27 90 37 221 222
46 98 11 14 44 9 90 80 57 45 27 82 59 91 84 61 40 22 24 106 6 60 75 52 2 5 97 86 20 53 66 223 224
98 37 10 22 24 85 57 41 53 5 80 63 64 36 66 48 50 51 34 44 25 31 15 45 75 27 29 60 92 93 227 228
69 81 84 11 14 25 1 12 15 45 59 97 23 77 37 10 40 109 27 8 60 41 91 100 90 49 52 3 63 55 36 72 67 225 226
81 20 50 53 34 67 93 25 102 92 105 1 80 82 31 42 45 75 77 79 23 26 56 37 54 60 41 100 109 2 89 68 66 226 227
80 90 9 93 64 45 79 84 23 26 56 37 41 58 5 68 0 22 3 6 39 89 34 11 226 227
90 12 48 29 51 109 56 89 40 60 77 102 92 5 0 22 3 82 6 36 20 53 34 106 67 84 108 14 47 28 227 228
40 54 2 86 53 89 36 20 68 58 67 47 25 9 1 31 82 91 48 61 37 50 63 105 8 72 52 42 97 222 223
54 27 86 89 2 55 68 22 52 100 3 77 39 50 53 102 11 91 71 9 1 42 93 106 60 72 75 23 84 223 224
58 108 75 34 97 64 14 26 109 28 9 66 27 91 68 100 23 22 102 52 8 39 20 53 84 47 0 31 15 224 225
108 37 49 22 63 55 6 39 72 34 14 44 47 1 15 75 48 29 59 79 11 25 56 109 89 42 57 93 228 229
50 5 71 0 22 6 93 36 60 39 63 34 52 44 25 47 97 9 1 29 86 53 89 66 55 68 10 24 27 223 224
10 31 44 53 66 20 56 23 45 25 34 47 37 2 79 92 59 49 26 6 91 61 28 93 60 85 52 29 64 220 229
31 67 34 49 39 71 48 5 61 93 3 106 20 105 72 85 11 41 77 9 1 109 86 29 89 66 56 221 222
25 47 102 56 68 48 28 9 60 105 29 42 84 5 64 41 22 3 86 63 2 45 14 44 221 222
47 28 9 102 15 59 29 72 49 84 23 26 106 37 27 85 64 0 22 3 36 68 223 224
20 71 61 51 93 27 105 75 52 64 89 23 55 68 45 100 57 24 12 79 82 36 49 91 220 221
12 77 24 37 89 102 79 92 82 59 49 91 61 15 8 93 27 2 52 42 3 6 64 109 53 11 55 68 45 220 221
77 42 27 109 89 79 37 68 55 6 91 67 2 14 105 82 63 15 75 51 84 34 106 86 56 28 226 227
23 86 9 57 34 79 92 2 82 59 36 22 71 61 60 72 85 39 75 52 42 97 51 44 221 222
86 26 56 37 8 39 2 5 0 97 63 36 66 51 67 11 44 28 45 29 60 79 92 226 227
3 28 5 63 105 1 39 75 52 42 84 97 51 64 22 100 37 14 102 36 49 71 220 229
28 6 37 79 92 36 11 61 60 63 105 39 75 52 29 26 51 64 2 221 222
60 0 22 64 6 51 53 79 91 14 100 93 48 105 82 71 61 24 39 85 224 225
14 37 102 79 82 36 71 15 27 63 39 75 52 29 42 41 2 53 56 0 45 100 67 220 221
37 109 0 56 100 27 59 8 48 61 2 93 22 6 72 85 39 75 64 41 222 223
1 67 57 34 92 26 39 6 84 61 93 106 27 63 41 8 56 55 91 68 2 220 229
67 64 15 45 29 71 105 56 72 85 27 39 109 49 68 51 34 102 92 225 226
24 9 44 109 89 66 45 100 57 102 92 59 48 51 6 105 52 11 221 222
36 61 93 11 105 29 64 44 26 53 89 66 8 55 57 5 0 59 91 222 223
61 92 82 44 91 9 84 42 15 48 29 63 105 72 26 97 41 2 22 224 225
9 44 11 89 79 59 91 71 15 6 72 84 64 109 63 66 42 22 100 220 229
44 42 92 27 49 51 106 22 105 39 52 97 2 53 100 57 26 223 224
68 93 106 85 75 57 41 89 2 5 0 22 55 6 100 66 102 92 72 71 84 64 225 226
93 82 63 85 39 109 84 15 59 102 105 56 55 41 71 5 227 228
42 57 5 49 0 6 71 72 85 109 63 53 66 45 27 8 222 223
39 71 48 41 11 89 102 92 82 49 222 223
71 109 89 15 45 29 59 100 79 56 92 27 8 84 106 2 5 75 225 226
2 105 75 51 8 109 63 55 45 0 102 92 59 49 48 220 229
5 27 105 52 97 53 89 66 34 79 92 59 49 26 91 48 51 106 220 229
91 79 11 26 109 15 57 29 59 56 6 105 72 84 49 106 227 228
55 106 26 85 8 41 89 66 79 56 22 52 53 11 102 82 59 72 15 45 224 225
72 106 0 85 97 11 100 15 89 27 79 57 29 22 53 225 226
84 105 53 49 79 97 15 45 75 89 27 41 52 226 227
106 0 52 82 34 15 75 97 59 51 26 56 8 41 228 229
29 100 48 51 11 15 75 109 26 53 89 56 8 221 222
15 100 57 48 51 75 52 41 109 56 0 220 221
100 45 75 48 92 27 109 82 6 85 51 11 102 228 229
26 109 34 92 59 48 8 51 63 85 52 6 64 221 222
109 56 57 8 105 0 82 85 102 34 228 229
6 51 63 0 85 97 64 41 8 11 56 220 229
51 8 82 49 45 48 63 11 85 27 41 56 223 224
105 49 82 63 64 66 97 75 48 92 85 8 228 229
48 57 11 82 49 53 27 97 64 89 66 223 224
79 92 27 57 41 85 49 0 97 63 66 34 89 226 227
102 75 59 27 57 41 49 22 52 53 34 228 229
8 97 64 11 66 22 0 92 82 49 63 85 52 220 229
97 85 66 34 64 75 59 92 56 227 228
57 64 56 27 41 82 0 53 85 11 224 225
45 92 82 59 63 85 75 0 52 34 89 56 223 224
27 64 0 34 49 53 221 222
56 66 41 92 22 85 64 224 225
75 22 63 34 11 0 59 41 225 226
92 11 59 41 22 82 85 227 228
0 49 52 53 66 11 89 59 220 229
34 63 52 64 41 89 22 59 222 223
53 22 49 64 66 82 59 223 224
11 82 85 64 41 63 66 220 221
49 85 52 64 223 224
64 41 82 22 89 224 225
82 41 66 226 227
52 63 85 223 224
66 41 225 226
22 63 85 59 221 222
59 85 224 225
63 89 41 224 225
41 89 222 223
85 226 227
89 227 228
123 198 175 211 121 200 157 119 134 147 122 202 136 214 191 135 171 148 138 180 216 170 183 160 173 215 205 182 195 172 149 139 194 207 112 219 196 113 186 163 199 176 166 220 221
198 207 133 166 120 150 209 167 118 148 151 181 168 211 201 112 145 126 178 159 132 113 173 165 195 149 179 202 163 144 214 204 140 124 138 141 216 174 185 158 191 142 227 228
142 211 188 201 178 155 145 213 180 133 147 115 117 212 202 134 182 130 214 191 181 161 140 206 124 173 150 126 129 110 205 195 185 127 175 151 121 163 138 120 166 122 221 222
211 156 121 206 135 199 150 137 217 170 181 203 184 128 159 132 162 113 146 127 149 179 209 163 213 196 194 212 215 154 126 138 110 111 171 174 185 207 139 169 228 229
126 203 180 216 193 127 195 149 139 152 111 122 194 125 197 164 141 131 196 218 165 120 145 118 187 154 157 189 156 169 146 201 214 110 168 204 113 135 138 213 220 221
203 132 113 143 173 116 176 179 160 161 191 193 144 194 135 141 122 174 125 188 139 169 172 202 215 114 136 117 150 183 134 164 167 118 200 181 184 206 128 208 145 227 228
127 168 204 171 113 183 116 205 182 172 149 139 152 129 217 207 161 124 141 219 196 209 153 130 165 178 132 187 200 117 154 120 134 118 212 156 192 169 159 201 220 221
168 205 218 195 185 217 207 174 187 121 154 135 219 150 122 176 137 178 210 200 213 190 133 180 145 134 192 169 149 130 163 191 194 171 128 140 157 159 110 125 224 225
146 181 158 194 171 161 140 193 170 206 138 141 205 185 217 207 197 174 133 136 196 199 134 208 118 155 128 200 213 190 157 147 212 110 189 113 143 116 149 130 201 222 223
181 149 179 217 163 177 196 124 154 138 119 111 141 152 169 161 156 213 190 212 189 166 202 150 180 131 153 164 167 170 204 183 112 215 178 110 182 165 225 226
118 119 194 161 174 151 154 121 209 186 163 199 176 153 133 208 112 155 132 145 187 167 144 202 136 204 158 135 148 125 138 216 173 140 205 139 129 117 220 229
119 177 154 190 144 134 124 189 202 179 136 115 191 113 148 125 138 160 215 192 182 159 172 139 204 111 217 184 151 128 206 219 209 186 176 143 188 145 122 210 220 229
204 179 130 160 163 213 144 194 124 157 141 171 214 125 185 188 191 189 205 218 135 136 208 147 217 137 170 128 112 114 115 178 129 159 192 116 195 227 228
205 128 115 210 129 162 113 173 116 195 130 160 144 177 194 214 140 135 190 174 155 139 169 202 175 156 217 136 147 150 131 153 134 219 186 170 227 228
183 184 145 129 159 132 165 186 176 149 160 144 140 210 154 135 157 213 111 141 122 152 125 158 139 189 172 191 194 120 216 131 193 153 170 151 195 208 128 225 226
184 164 167 148 182 197 196 209 199 145 178 129 159 173 165 188 201 179 130 163 177 213 140 154 212 135 192 174 125 214 172 194 175 156 206 136 180 195 153 225 226
143 148 213 180 170 117 134 137 185 217 194 197 174 128 164 154 112 206 219 196 209 163 176 132 166 116 130 188 178 155 177 167 124 135 111 125 169 214 191 158 222 223
148 207 174 209 124 208 138 175 155 187 200 177 154 167 157 189 179 192 133 169 159 134 137 213 180 160 128 215 182 195 149 185 162 129 152 132 113 222 223
135 144 202 214 121 171 138 120 134 147 182 159 195 152 133 114 115 174 132 206 196 209 130 153 218 208 165 155 111 177 154 190 221 222
144 138 201 111 214 125 171 170 206 160 173 182 172 149 185 162 152 131 217 194 174 151 164 209 186 163 199 176 208 178 132 145 177 147 156 222 223
113 125 180 193 170 218 172 149 217 197 164 141 131 219 186 176 120 208 175 178 155 122 210 177 167 157 124 212 189 156 169 159 191 220 229
125 177 147 202 156 192 111 138 160 173 150 215 172 185 162 114 139 129 117 120 194 197 151 164 141 199 176 115 178 155 132 145 220 221
132 138 193 206 150 163 140 215 114 162 152 164 154 209 199 166 156 188 165 110 145 210 190 157 137 189 202 182 122 158 194 171 221 222
138 156 192 214 121 124 158 213 193 215 195 139 152 197 151 164 141 137 196 186 176 153 208 175 128 188 155 187 129 221 222
130 214 158 171 114 117 173 150 215 182 149 162 139 152 217 174 187 164 129 131 111 196 186 163 165 178 121 213 190 122 147 169 136 201 220 221
214 209 160 182 163 193 196 177 210 194 190 171 122 158 188 169 156 189 206 114 166 134 167 200 112 115 145 178 110 162 116 228 229
122 210 187 190 157 124 179 117 191 158 193 137 195 172 185 115 139 152 110 207 161 197 116 164 141 206 219 186 176 165 111 145 220 221
210 215 174 158 188 169 202 133 117 120 150 131 134 218 170 112 145 129 162 192 173 116 207 149 179 191 193 196 177 213 194 140 121 154 190 228 229
175 201 133 114 180 117 134 216 157 206 129 159 111 141 173 174 218 161 195 208 172 217 207 140 187 177 209 171 186 152 153 199 189 167 139 170 224 225
188 190 133 189 120 192 131 153 164 186 167 170 216 193 206 112 159 110 218 195 173 208 116 179 217 121 219 196 154 171 152 185 161 226 227
161 201 191 149 160 167 128 212 140 112 202 179 139 193 121 136 195 172 185 120 150 152 165 134 217 137 207 174 219 186 176 114 147 131 223 224
201 189 140 136 171 219 155 167 139 156 187 133 120 150 180 192 165 195 149 202 151 163 193 196 128 194 115 157 129 190 173 176 158 227 228
133 219 199 153 166 208 120 165 200 177 190 157 147 128 192 114 159 110 191 116 158 216 137 215 121 218 172 139 217 207 154 206 221 222
219 166 117 150 131 137 216 170 151 187 145 162 192 176 209 160 193 196 177 213 140 124 157 111 174 155 139 218 191 156 206 228 229
153 197 117 147 199 189 166 156 178 200 112 190 180 145 129 202 192 169 182 191 194 121 216 193 173 141 163 152 215 218 185 162 222 223
197 137 167 209 199 128 112 145 178 129 173 176 179 213 193 202 140 121 124 111 141 171 155 158 172 156 206 189 215 218 136 117 150 131 226 227
180 110 196 209 199 158 169 156 121 166 190 120 134 137 167 212 202 151 192 147 131 179 160 163 182 218 195 128 140 112 207 225 226
145 193 160 218 195 172 152 114 194 136 207 174 134 137 196 209 186 176 110 189 192 159 140 191 171 222 223
193 129 192 173 160 163 206 218 190 141 158 196 209 189 199 136 166 120 131 164 213 151 187 212 202 128 226 227
158 200 167 179 192 154 182 191 155 206 117 147 208 120 150 207 151 174 164 196 128 176 166 115 110 165 178 223 224
206 209 115 147 131 165 176 182 124 212 157 159 111 156 136 120 150 152 218 134 167 169 200 151 227 228
209 150 170 218 128 112 217 178 159 110 192 165 116 176 182 194 157 111 171 213 152 155 185 172 228 229
217 218 200 151 215 112 115 162 195 176 179 212 177 194 124 190 141 152 207 191 172 202 114 136 117 150 228 229
218 114 115 147 129 131 162 192 173 165 212 163 112 111 190 141 171 155 207 139 169 191 189 166 151 228 229
216 178 110 162 173 116 195 149 179 160 196 213 140 121 124 157 111 190 141 155 207 172 189 114 166 147 164 186 170 200 187 128 115 228 229
194 176 149 215 177 128 112 111 173 208 156 166 120 185 169 170 200 117 178 162 164 226 227
159 213 121 215 157 182 111 162 207 174 164 186 166 150 131 137 151 187 190 167 114 115 129 116 149 171 223 224
213 111 155 202 156 208 189 166 199 152 185 137 139 170 200 114 115 117 134 164 212 140 157 228 229
177 141 171 174 191 169 170 117 147 120 195 150 131 185 149 207 128 199 115 208 162 163 200 121 189 202 225 226
179 191 140 124 171 155 169 185 187 136 117 150 131 186 137 167 112 129 110 162 165 116 212 202 215 163 225 226
191 200 140 124 154 202 111 156 189 136 117 147 120 195 137 151 182 112 110 162 173 226 227
215 112 115 129 162 116 160 208 121 157 111 171 155 185 186 139 114 166 117 147 150 195 137 212 196 228 229
115 150 117 172 162 139 152 174 151 164 141 154 196 186 199 120 165 178 200 124 202 136 149 171 112 220 229
160 116 170 173 182 172 185 154 141 187 155 139 163 176 156 166 208 165 178 120 150 131 190 137 151 212 223 224
164 131 174 137 186 199 176 166 128 112 165 187 200 116 190 169 121 124 154 171 111 114 136 223 224
187 152 137 167 139 169 151 207 117 147 131 134 165 182 163 190 140 124 212 157 110 173 172 156 196 120 226 227
141 200 137 212 192 169 128 110 116 195 172 185 162 121 124 151 139 186 178 155 114 221 222
200 174 155 139 169 156 136 199 150 131 186 137 167 170 212 129 110 165 195 176 182 196 154 227 228
124 147 212 189 156 136 170 173 140 120 182 139 152 151 112 196 186 166 178 155 190 220 221
147 110 186 163 166 139 121 136 117 134 137 171 112 114 129 131 182 172 185 207 140 222 223
176 136 166 120 131 134 167 170 128 207 110 186 116 208 178 140 152 202 225 226
171 212 154 111 169 156 182 172 185 166 150 131 137 170 151 128 112 162 224 225
154 120 150 212 137 192 128 129 185 162 207 174 112 110 111 199 166 155 190 136 223 224
111 167 114 212 192 128 117 185 162 129 151 199 156 208 165 178 155 220 229
195 178 129 110 173 208 149 140 199 190 155 185 169 156 136 120 202 226 227
190 185 139 212 202 172 192 136 134 186 170 207 162 165 163 140 226 227
152 128 199 112 202 114 156 129 121 182 162 207 174 186 208 150 131 178 137 222 223
131 196 186 165 128 155 129 116 189 156 136 192 182 172 149 114 220 221
149 151 112 173 163 172 140 199 120 189 137 139 178 155 157 170 117 192 169 116 222 223
121 199 117 212 114 137 192 116 162 139 207 174 128 196 163 110 208 165 167 157 220 221
199 136 120 134 186 167 151 128 114 212 192 165 140 112 173 185 156 207 227 228
120 117 166 165 155 167 157 202 136 116 170 150 207 174 220 229
178 208 136 150 167 196 189 112 110 173 116 163 212 174 155 225 226
114 196 110 208 185 167 134 212 189 202 169 170 117 192 162 129 207 128 220 229
196 166 150 134 137 167 112 192 173 157 155 185 169 226 227
174 212 202 182 129 110 173 165 140 157 172 186 156 150 224 225
182 128 157 129 208 140 155 139 172 117 162 134 192 151 163 225 226
117 112 173 208 155 134 189 202 156 136 172 185 207 220 229
167 207 139 136 166 150 151 212 189 112 162 170 185 140 224 225
207 170 151 212 173 116 163 169 172 166 150 227 228
150 163 116 155 140 157 192 136 222 223
212 157 139 169 166 134 129 110 165 116 163 228 229
155 157 169 137 173 112 110 166 223 224
163 136 170 173 208 189 165 157 139 202 169 223 224
166 112 189 202 129 169 162 165 140 173 110 224 225
156 140 137 189 169 134 173 151 110 186 223 224
185 129 192 162 165 116 169 186 134 151 225 226
137 151 110 157 202 169 136 170 134 172 221 222
110 192 172 162 116 173 186 157 134 220 229
129 170 128 172 139 165 157 134 192 220 221
140 202 192 170 172 151 208 165 221 222
202 157 136 134 170 192 165 227 228
151 186 128 112 208 116 189 136 162 222 223
128 116 162 186 208 134 192 220 221
170 116 186 189 139 165 172 208 224 225
112 172 139 116 186 165 189 220 229
134 186 208 189 169 116 162 221 222
173 157 172 208 189 192 224 225
136 186 165 162 116 221 222
186 189 165 139 225 226
116 162 139 208 157 189 192 220 229
192 157 208 226 227
162 172 208 189 223 224
189 157 208 226 227
157 169 172 165 223 224
169 139 172 208 224 225
139 208 221 222
165 224 225
172 208 224 225
208 227 228
220
221
222
223
224
225
226
227
228
229
