#/usr/local/lib/python3.10/dist-packages/colab_kernel_launcher.py -f /root/.local/share/jupyter/runtime/kernel-2b515d16-c871-48c9-ad2b-cd6ecd503099.json
# GMT Thu May 23 08:03:53 2024
# 
6 18 11 13 22 2 8 17 10 19 21 1 14 23 16 48 49
18 8 19 15 13 11 0 17 1 3 14 9 20 16 51 52
7 17 10 12 14 9 1 3 20 13 22 2 15 4 8 48 49
17 21 23 3 14 12 2 4 20 8 15 5 51 52
4 9 11 20 15 8 10 19 1 12 21 5 16 48 49
9 19 12 21 14 5 16 3 11 20 13 15 49 50
3 13 15 10 12 5 23 16 11 20 0 48 53
13 19 14 23 2 5 0 11 1 22 50 51
14 22 0 5 1 23 10 2 8 50 51
22 16 23 12 2 19 8 21 0 5 1 52 53
5 19 23 16 11 20 15 8 48 49
19 1 16 20 12 2 21 11 51 52
8 11 1 15 12 0 23 49 50
21 1 16 20 10 12 23 0 11 52 53
0 16 2 11 20 15 10 12 48 53
11 23 16 20 49 50
23 15 16 10 2 52 53
1 15 10 12 2 48 53
15 16 10 2 50 51
10 20 12 2 16 49 50
16 51 52
20 12 2 52 53
12 2 50 51
2 48 53
39 45 25 47 38 30 32 44 46 35 24 41 43 33 37 50 51
45 29 42 33 37 38 40 44 36 30 28 32 47 35 52 53
30 42 35 27 46 26 32 41 29 24 36 25 31 48 49
42 32 43 47 37 24 35 25 38 33 44 40 26 51 52
31 41 34 38 47 29 40 33 35 27 44 46 26 32 48 49
41 47 25 27 40 36 26 28 44 32 35 29 51 52
28 33 47 35 44 37 24 34 43 25 27 36 40 48 49
33 32 34 43 24 38 40 27 46 26 49 50
27 37 46 32 34 38 47 40 35 26 48 53
37 43 36 38 26 32 29 24 25 34 50 51
29 34 43 24 36 38 47 35 44 46 48 49
34 44 25 46 43 36 38 40 24 49 50
32 35 46 26 36 38 49 50
46 40 44 36 26 43 25 52 53
43 25 40 36 47 35 24 51 52
24 38 40 26 44 25 48 53
38 36 26 44 50 51
26 35 25 47 48 53
35 47 40 49 50
47 40 44 36 52 53
25 36 40 44 48 53
40 51 52
44 36 52 53
36 50 51
48
49
50
51
52
53
