#/usr/local/lib/python3.10/dist-packages/colab_kernel_launcher.py -f /root/.local/share/jupyter/runtime/kernel-2b515d16-c871-48c9-ad2b-cd6ecd503099.json
# GMT Thu May 23 11:01:15 2024
# 
13 88 65 101 78 68 22 35 110 11 77 90 67 57 9 10 24 37 12 112 79 92 69 82 49 26 16 91 81 94 71 48 25 15 28 18 103 5 7 106 83 73 63 17 6 8 95 72 85 62 39 75 52 29 42 19 107 84 74 51 87 2 64 41 44 21 0 109 86 3 76 89 43 98 111 228 233
88 95 65 46 98 107 97 23 110 4 26 56 7 10 70 21 54 76 99 8 89 38 60 41 74 77 111 58 91 18 2 5 35 113 90 68 103 19 82 33 63 55 85 36 66 17 102 69 20 50 92 34 86 104 30 14 44 25 9 1 80 31 61 12 42 15 45 75 78 59 81 32 105 62 231 232
32 101 29 78 55 68 58 35 113 90 67 103 57 47 4 5 102 79 92 69 22 59 36 24 49 8 20 104 94 71 48 84 38 18 106 2 60 50 14 40 16 19 105 31 3 95 108 85 15 62 42 107 97 61 110 87 64 41 54 44 11 99 26 53 89 66 28 43 10 56 33 12 111 27 228 229
101 62 92 65 98 106 79 96 25 56 7 9 10 40 73 54 27 57 107 8 87 38 110 41 93 74 58 91 18 4 35 68 19 49 111 21 22 52 82 33 63 55 85 66 17 39 69 20 99 50 72 53 113 34 30 44 16 28 0 80 31 12 42 15 94 75 97 48 78 29 59 51 81 232 233
24 97 14 74 31 9 1 44 15 109 86 99 76 89 43 56 98 78 55 68 45 35 25 110 4 100 77 7 90 10 57 70 47 37 112 8 102 92 69 82 36 49 18 104 81 94 71 48 38 5 51 16 103 19 0 93 22 3 83 60 73 6 50 17 40 20 30 105 62 39 75 11 84 228 229
97 57 8 38 90 71 74 77 18 2 105 5 16 49 0 22 52 82 33 63 55 6 85 36 66 17 20 72 53 83 34 86 106 67 30 11 14 44 108 47 28 9 1 31 12 42 15 94 45 107 75 78 110 29 59 51 92 65 95 109 112 23 4 26 7 37 111 40 70 43 73 232 233
43 110 87 54 44 26 109 37 86 99 76 40 21 66 79 56 46 27 78 55 91 68 45 100 18 113 90 67 103 2 57 70 5 47 35 16 19 3 33 69 6 82 72 39 49 20 34 81 48 84 61 51 30 11 93 14 28 63 1 31 53 105 15 95 85 29 62 98 75 107 74 229 230
110 73 15 75 76 106 59 60 74 77 107 58 91 105 23 4 7 68 112 21 22 52 82 54 55 6 85 36 8 102 53 67 100 18 113 103 84 2 5 16 47 49 0 80 3 33 63 94 17 48 78 20 108 51 65 95 46 98 79 30 96 44 25 26 56 28 61 42 232 233
16 93 70 106 60 37 73 27 40 17 30 95 11 72 14 62 39 75 29 19 9 1 107 84 15 87 64 41 18 54 96 109 86 99 76 53 23 108 98 4 65 78 68 22 8 77 67 80 34 47 112 89 102 79 92 46 2 36 49 104 0 81 71 48 6 38 28 103 228 233
93 68 19 80 22 52 3 82 33 63 6 66 17 100 69 20 50 51 81 53 83 34 65 109 67 99 112 30 11 14 25 47 28 9 1 61 42 45 75 76 48 113 60 103 46 77 79 91 23 26 56 7 37 40 70 107 54 27 57 8 87 90 72 74 106 96 86 58 95 2 108 231 232
17 58 94 48 25 61 38 5 28 106 60 73 27 6 105 95 72 75 52 29 42 19 107 84 11 51 14 41 18 54 21 9 12 109 86 15 63 99 53 33 98 111 65 78 55 68 22 100 77 113 7 44 57 10 34 37 112 89 8 102 79 92 46 36 49 104 81 228 233
58 48 62 50 75 65 34 46 107 87 64 11 14 44 25 56 109 28 9 99 76 40 89 66 42 29 41 78 91 68 100 113 90 67 80 23 4 5 70 35 7 21 22 52 92 55 69 6 59 8 72 39 20 53 81 84 2 106 83 60 47 19 49 1 31 3 33 15 45 230 231
35 106 60 96 50 40 105 72 108 75 52 23 4 107 84 26 74 10 77 21 54 44 27 8 109 86 99 76 53 89 66 98 111 18 65 78 55 45 5 19 100 0 90 3 33 57 6 37 20 92 69 46 36 49 30 91 11 104 81 94 71 61 38 28 1 31 12 15 228 229
106 107 49 0 22 52 63 55 85 36 66 39 69 20 109 50 102 112 83 34 86 67 111 84 11 47 28 80 31 61 113 12 42 64 94 45 75 78 59 51 81 62 92 79 37 9 89 73 54 76 27 57 87 38 60 90 41 71 74 77 91 18 105 2 5 232 233
76 107 87 4 100 77 26 10 40 70 21 54 99 57 38 79 60 41 74 111 78 91 18 2 5 113 103 68 49 0 22 52 33 63 55 36 102 39 20 105 72 34 104 94 30 11 25 47 9 1 31 83 96 42 64 86 15 45 48 29 51 62 95 65 85 231 232
107 27 57 8 87 60 71 72 91 18 103 2 109 68 112 49 0 22 52 82 63 55 85 66 69 20 111 99 83 34 86 67 100 84 30 14 25 28 1 80 12 42 64 15 45 59 51 81 46 77 79 96 23 4 26 37 10 70 21 73 54 232 233
36 71 48 84 61 51 30 73 25 50 63 28 9 1 31 15 95 72 108 85 62 75 29 52 65 74 87 77 44 23 109 26 86 7 53 10 66 56 27 111 68 100 113 67 80 57 2 70 47 5 37 112 19 102 0 22 3 69 82 6 49 20 34 81 94 228 229
71 66 69 50 53 34 67 77 30 109 99 14 89 44 25 47 1 31 61 98 42 111 64 78 29 59 51 65 46 100 90 103 112 4 102 26 79 92 37 82 40 70 21 27 57 8 38 41 18 83 2 5 105 68 19 49 95 0 108 22 85 52 33 75 63 6 230 231
28 67 22 80 3 57 34 6 37 112 102 92 69 46 82 59 91 81 94 14 48 61 38 9 12 83 50 40 30 105 95 72 108 85 39 75 29 42 84 4 74 7 87 64 41 44 27 8 99 53 89 66 56 111 18 78 45 2 100 19 0 228 229
67 61 12 15 45 104 94 29 59 60 62 83 96 73 23 4 26 105 56 95 72 108 10 85 40 75 55 57 8 39 41 77 18 86 99 5 19 49 0 22 111 52 3 33 63 91 66 68 50 51 100 65 113 103 80 70 102 79 92 25 69 82 230 231
29 68 45 77 113 18 80 47 2 112 102 79 0 92 69 22 46 3 59 20 91 81 94 61 38 51 11 60 96 63 25 30 9 1 12 95 108 15 62 39 75 52 42 84 74 54 31 23 86 4 99 26 53 89 66 10 21 98 27 8 78 55 228 229
47 80 57 25 9 112 12 42 102 15 45 59 49 46 104 81 94 48 61 23 4 7 37 96 10 40 63 21 27 8 38 95 85 41 62 52 65 74 18 87 64 54 19 86 99 22 53 89 6 20 98 111 34 78 91 68 100 30 113 11 90 103 229 230
80 113 90 103 1 61 12 42 64 15 48 78 59 102 51 92 82 46 79 104 81 84 23 26 7 10 21 73 96 54 86 57 8 38 60 74 95 77 85 98 18 2 5 87 19 0 22 3 33 55 109 6 99 112 39 69 20 50 72 91 14 44 231 232
1 113 90 34 70 4 102 69 59 49 3 39 94 84 61 38 5 83 50 27 63 40 30 7 20 95 72 108 85 62 52 42 19 74 87 64 41 77 54 44 21 11 109 0 86 99 89 66 33 10 46 23 98 91 68 45 22 12 25 2 100 228 233
113 31 12 42 64 94 45 75 48 78 108 51 111 92 65 98 109 112 96 25 26 7 89 40 70 73 27 8 87 60 90 41 74 104 91 18 105 2 5 19 0 52 33 63 55 85 66 69 20 50 102 83 34 86 100 103 84 11 44 232 233
0 5 103 83 37 4 40 82 95 72 49 62 39 52 42 74 51 87 41 18 54 31 8 96 109 86 63 99 53 66 20 10 108 98 111 78 55 45 2 100 90 34 11 14 112 89 102 56 92 69 46 26 3 91 48 61 38 228 233
5 83 3 27 63 40 30 7 95 72 85 62 42 19 74 87 64 41 31 8 44 21 11 53 89 66 56 23 98 111 65 78 45 22 12 25 100 4 90 103 14 112 69 46 82 59 49 39 104 81 94 61 38 2 51 18 228 233
40 41 77 44 109 99 53 89 22 3 33 6 39 98 78 34 68 11 103 57 14 25 112 31 92 15 46 82 59 91 81 48 61 51 23 4 83 26 60 96 7 73 37 50 10 21 105 95 108 38 85 62 75 52 74 87 64 229 230
41 42 21 27 8 38 39 64 77 54 44 109 53 89 66 56 2 111 19 78 55 68 3 45 6 90 103 57 70 102 79 30 92 69 46 82 59 31 12 104 15 48 84 60 73 50 23 95 72 108 26 62 7 75 37 10 65 229 230
83 68 19 104 49 94 22 3 82 84 33 63 55 6 66 39 69 20 50 72 53 34 105 30 95 98 14 25 64 15 45 87 75 48 65 109 46 99 79 4 7 91 10 70 21 73 54 100 57 8 38 90 60 103 77 112 102 92 2 231 232
94 39 20 50 100 103 86 112 84 30 11 105 14 61 12 42 64 15 45 75 48 78 59 81 92 65 46 96 79 23 95 108 25 26 56 7 37 9 89 70 73 54 8 60 90 74 77 109 91 99 18 49 3 33 63 55 231 232
77 108 70 85 12 98 73 57 59 60 74 100 109 112 4 79 37 21 52 6 78 91 8 38 81 69 50 53 90 103 18 30 14 92 49 3 33 45 75 104 51 84 62 34 46 96 86 11 44 25 26 56 9 231 232
108 105 4 7 68 19 21 112 22 82 33 55 6 85 66 69 20 72 102 34 86 100 103 84 2 44 31 64 15 45 75 48 59 51 81 92 65 46 98 79 11 96 23 25 26 56 109 10 89 42 54 57 87 38 60 111 104 232 233
69 104 81 44 25 9 73 61 12 86 42 64 45 48 59 95 98 65 87 23 56 7 37 10 109 89 27 57 79 8 38 111 78 18 2 100 90 49 22 52 3 63 112 66 92 39 105 20 82 34 230 231
104 20 102 53 34 86 100 103 84 30 11 109 9 12 64 15 45 75 48 78 51 81 62 65 95 46 98 79 96 23 4 7 37 10 21 54 27 8 87 38 60 90 74 91 18 2 19 49 22 3 82 33 63 105 55 6 66 39 232 233
68 59 62 73 105 85 98 25 26 56 7 37 9 10 21 74 87 27 38 60 109 89 79 18 111 4 19 3 33 6 100 90 39 103 20 50 70 112 82 30 11 14 44 81 31 61 12 84 42 15 45 48 230 231
61 100 55 6 90 103 39 20 70 53 34 112 102 79 82 11 44 91 25 81 42 48 59 51 96 73 63 105 95 72 85 62 75 23 37 10 74 87 64 57 8 38 60 109 99 89 66 111 2 49 22 52 3 230 231
100 12 42 64 15 45 75 48 78 59 62 92 65 46 4 26 7 10 89 70 21 57 72 74 91 18 109 112 19 22 52 3 33 63 55 6 85 39 20 99 50 81 53 34 86 84 30 102 31 232 233
42 90 44 57 112 102 79 2 92 59 3 48 20 103 60 73 30 105 14 82 25 85 62 12 15 74 51 87 64 109 86 63 99 66 56 23 7 9 10 111 65 78 55 45 27 8 38 229 230
27 74 87 64 31 19 44 3 109 6 99 20 56 33 111 78 55 91 11 14 90 103 9 34 70 15 37 112 92 82 59 72 49 81 48 23 38 26 7 10 60 96 73 50 63 53 105 85 98 75 52 65 18 228 229
6 84 38 18 96 73 50 2 30 105 95 72 85 75 3 9 74 87 64 31 44 21 11 89 66 56 33 10 46 98 78 55 91 45 22 12 90 103 57 70 37 14 112 102 4 92 49 26 39 81 228 233
84 66 38 92 105 72 53 18 2 49 96 63 78 20 50 51 81 85 98 65 46 79 14 44 25 26 56 10 12 86 73 99 15 45 75 89 57 59 60 74 111 90 7 21 22 52 82 54 112 231 232
19 103 60 96 73 63 30 72 2 85 62 39 75 3 87 64 44 21 109 86 53 89 66 20 56 23 11 98 14 111 78 55 9 45 15 34 70 37 79 46 82 49 26 4 91 10 38 51 228 229
103 49 105 3 33 63 64 15 48 78 50 62 65 95 46 98 11 96 25 56 9 10 89 73 75 57 87 59 90 23 109 4 7 21 22 52 82 38 39 72 102 86 18 30 2 232 233
10 54 44 109 86 99 4 89 7 20 33 111 8 55 90 57 70 14 2 112 102 79 59 26 39 91 81 48 38 15 51 18 96 73 50 63 30 105 9 72 85 62 52 74 228 233
54 74 87 64 8 38 96 89 66 56 98 111 65 2 78 49 3 33 90 57 70 20 50 53 112 34 102 79 92 82 30 91 14 44 81 9 31 15 45 60 51 73 105 95 72 85 75 23 4 7 37 229 230
2 50 7 105 85 39 75 9 51 8 21 63 53 66 56 33 98 111 65 78 55 45 22 12 57 34 112 4 102 46 82 59 49 3 81 48 38 15 18 70 60 228 233
50 81 49 51 22 3 33 60 96 73 20 63 34 105 95 72 85 62 75 52 11 14 74 87 64 31 86 99 53 89 66 46 56 111 78 55 23 26 21 90 57 112 79 92 82 18 229 230
62 78 91 18 90 49 52 112 33 102 79 92 82 20 53 34 30 11 44 25 9 31 12 15 45 105 72 51 85 75 65 46 87 4 26 56 7 109 86 21 99 89 66 57 8 98 230 231
22 96 73 53 105 4 75 52 21 87 64 8 86 99 89 66 56 33 23 111 78 55 91 90 34 112 102 79 92 82 59 11 72 49 26 14 39 81 12 15 38 228 229
14 102 9 92 46 82 12 26 91 81 48 38 15 51 18 60 96 73 4 63 7 30 72 85 39 75 52 31 21 109 99 53 89 66 20 56 3 98 111 65 78 45 25 57 34 70 228 233
73 87 49 109 63 86 55 99 66 89 20 72 78 91 44 90 9 31 12 64 15 45 112 102 79 92 82 65 46 81 23 4 7 70 96 57 8 38 105 95 85 98 18 230 231
20 81 48 38 7 96 30 105 75 52 87 64 31 44 21 3 109 53 89 56 33 23 98 111 45 11 90 9 34 70 15 92 46 82 59 26 91 228 229
66 4 56 7 21 57 8 60 72 85 74 87 49 109 86 99 63 55 39 53 34 98 78 11 90 25 70 31 12 64 112 15 102 79 48 92 59 51 46 230 231
12 44 57 34 37 112 89 79 92 46 82 26 7 81 48 25 8 70 60 95 72 39 52 3 74 51 87 64 18 21 63 99 53 56 33 11 98 111 65 78 55 45 228 233
65 111 78 91 4 70 37 21 52 102 105 82 39 72 53 81 18 96 49 31 33 63 64 48 51 98 75 46 74 87 30 11 25 56 9 99 89 45 79 57 60 230 231
31 21 57 34 70 37 8 82 112 102 79 92 59 49 39 18 81 48 51 3 96 63 105 95 85 52 30 11 25 87 64 9 44 109 86 53 33 98 111 55 45 23 4 26 228 229
78 23 4 112 26 79 82 21 57 8 38 60 81 74 18 52 3 33 63 55 98 72 34 87 25 15 45 75 59 91 231 232
51 91 38 90 34 57 70 18 102 30 92 59 72 49 3 48 74 46 96 53 95 25 26 98 9 52 55 87 109 99 112 89 79 56 4 37 111 21 229 230
91 81 95 34 98 30 11 44 25 26 89 109 15 99 57 87 90 46 23 56 37 70 21 52 85 38 102 105 72 53 86 18 96 33 64 48 231 232
74 72 87 18 109 86 79 49 52 33 111 63 39 53 34 30 112 44 102 25 82 9 15 45 48 81 59 96 23 26 56 7 37 21 85 98 230 231
87 8 38 109 99 18 4 111 33 55 39 90 53 34 86 112 92 30 11 15 45 59 46 96 79 105 95 23 26 56 21 231 232
70 33 109 63 86 15 45 99 89 59 46 98 111 25 26 56 90 112 102 79 92 23 7 37 49 52 96 8 38 39 105 53 95 34 72 85 18 30 44 230 231
48 39 90 34 112 30 102 82 44 59 25 49 9 15 81 46 60 96 53 23 4 95 26 7 85 75 52 21 38 109 18 3 55 33 229 230
55 46 96 23 26 95 7 37 85 98 75 109 18 99 112 89 79 56 111 52 3 33 39 34 57 60 30 11 102 92 59 72 9 81 229 230
15 25 57 37 112 102 79 92 82 59 49 11 39 9 60 96 63 30 105 85 75 52 109 86 53 89 56 98 228 233
25 89 102 79 56 92 46 59 26 38 9 60 37 85 39 52 7 64 21 3 96 8 86 63 99 53 30 33 98 111 18 45 44 228 229
90 64 45 59 81 46 109 79 23 26 7 37 89 21 8 38 60 92 105 49 52 3 82 33 39 72 34 86 30 11 95 98 231 232
95 111 18 49 52 82 85 39 102 72 53 105 34 86 30 11 64 96 75 59 92 46 23 4 56 7 37 21 109 57 8 38 112 60 232 233
7 21 11 96 109 86 63 99 33 3 111 45 44 34 37 89 102 92 46 82 26 38 4 105 85 39 75 52 64 8 228 233
21 109 86 63 8 53 33 23 98 45 57 112 102 79 46 49 81 11 38 9 60 37 30 105 72 85 75 228 229
57 9 64 45 109 86 99 89 111 23 26 56 37 8 112 102 92 81 52 3 39 60 96 34 75 30 11 230 231
59 30 11 44 9 45 79 92 23 4 26 56 37 63 105 8 38 72 75 18 96 49 109 86 99 3 33 39 98 230 231
111 98 109 96 23 26 89 8 38 60 18 105 49 52 33 63 85 72 34 86 30 11 9 112 64 45 75 81 92 232 233
49 60 63 44 75 52 64 96 86 23 56 26 37 9 98 8 112 102 79 82 3 33 81 39 229 230
85 3 63 98 72 53 30 11 109 44 99 112 89 9 64 81 46 79 23 4 26 37 92 105 60 231 232
81 53 34 30 44 102 105 82 46 79 96 86 23 26 37 98 38 60 72 112 89 52 63 231 232
45 112 102 79 4 82 26 37 8 38 60 18 105 72 3 33 64 53 89 30 56 44 98 9 229 230
92 30 11 44 102 46 79 23 56 89 96 38 60 105 18 52 33 63 99 53 34 98 231 232
8 64 44 11 96 86 53 56 23 3 37 112 102 79 46 82 26 18 63 105 72 52 4 228 233
11 112 89 102 79 9 56 37 30 105 82 3 39 75 52 64 96 109 86 63 99 33 23 44 228 233
112 96 9 64 60 46 56 89 39 102 18 105 52 99 34 98 232 233
39 18 96 86 63 53 98 75 34 64 30 109 26 99 9 79 56 46 23 60 4 37 105 72 38 229 230
3 18 60 63 105 72 75 9 64 96 109 99 53 89 23 98 34 37 4 79 46 82 26 228 233
60 64 33 109 99 89 79 30 44 9 102 105 82 72 23 4 26 56 96 86 75 230 231
4 109 86 99 53 30 33 98 75 34 89 102 79 56 46 23 26 37 105 82 72 52 64 228 233
109 26 37 89 105 52 33 63 99 72 53 30 44 9 79 232 233
96 52 82 72 53 34 86 30 44 102 33 63 64 46 79 26 9 98 23 232 233
9 44 34 89 102 79 56 23 38 37 105 82 72 52 86 63 53 30 33 98 75 228 233
44 102 82 18 37 63 33 105 38 72 75 52 30 86 53 89 56 98 23 26 229 230
38 64 34 86 99 30 98 79 46 23 37 63 18 105 72 75 229 230
98 23 56 53 105 82 33 64 34 30 99 232 233
89 26 99 18 37 102 82 33 72 34 86 63 64 79 231 232
30 102 46 72 52 64 86 56 26 34 228 229
102 75 46 23 56 37 82 33 99 53 34 86 232 233
75 18 82 52 72 53 34 64 46 86 23 26 56 37 230 231
86 56 37 72 33 64 53 46 79 105 231 232
64 105 82 18 52 33 63 53 34 99 46 79 23 37 230 231
34 63 23 26 52 99 56 79 82 228 229
46 26 79 82 23 37 72 18 33 99 56 229 230
26 99 56 37 79 82 72 52 228 229
18 105 72 99 53 33 23 37 82 228 233
105 52 82 63 53 56 37 99 72 232 233
37 99 53 56 23 79 33 82 72 52 228 229
53 63 52 33 99 56 82 229 230
99 56 52 82 33 63 72 79 232 233
63 52 33 72 23 56 82 230 231
79 23 52 33 231 232
33 23 56 228 229
56 23 82 52 229 230
52 23 229 230
72 23 230 231
82 23 231 232
23 228 229
127 202 215 192 169 146 159 149 224 125 214 191 227 204 181 194 171 161 123 151 226 193 206 183 160 173 150 140 130 205 195 172 208 185 162 152 129 118 132 119 217 207 220 187 164 141 177 154 131 120 144 122 219 186 199 176 153 156 198 211 188 168 145 158 135 114 115 200 117 213 180 157 170 212 225 228 233
202 222 212 221 224 118 140 121 151 124 157 187 223 168 190 213 141 122 203 152 174 155 185 188 191 225 172 132 116 149 214 182 217 163 114 166 117 196 169 199 180 131 153 183 134 164 206 167 197 181 218 198 208 144 125 158 139 142 123 115 207 194 145 220 175 126 156 210 129 159 143 165 219 176 231 232
157 224 178 191 158 137 118 140 151 200 190 154 203 135 180 170 141 122 152 225 155 215 192 169 205 172 132 204 217 194 171 184 119 149 133 114 136 216 183 150 173 131 186 134 148 208 185 175 165 207 128 220 197 139 174 210 187 164 142 123 156 219 129 209 143 176 212 189 146 166 179 211 188 229 230
224 187 129 159 189 220 171 143 173 174 207 221 172 205 219 137 118 121 182 124 154 184 136 138 168 120 199 150 152 153 183 225 213 186 216 167 200 181 217 198 119 149 161 133 194 145 117 147 177 208 180 162 164 146 176 206 148 209 160 212 193 223 144 210 128 158 140 170 123 175 126 156 232 233
130 207 220 197 151 187 164 154 219 196 125 186 128 153 189 133 221 198 211 188 165 201 132 168 145 135 210 223 177 213 190 167 134 147 137 222 212 118 225 179 121 169 146 159 136 214 122 191 227 204 181 158 171 148 161 216 193 170 206 160 173 163 140 119 205 114 195 172 117 162 139 175 120 152 228 233
207 163 136 117 196 147 177 199 150 131 164 165 195 167 197 223 181 213 198 144 125 139 225 161 215 123 115 145 175 126 156 178 129 159 227 173 174 146 176 206 160 205 216 118 140 170 121 151 124 203 208 187 221 138 168 141 171 122 152 204 155 185 220 172 132 209 116 119 212 149 231 232
149 220 197 174 210 187 164 177 146 209 222 176 153 166 156 137 118 121 188 201 158 138 141 122 223 200 190 203 180 212 225 132 179 215 192 169 159 114 227 181 217 147 171 184 161 131 151 134 193 206 183 160 196 150 163 205 125 218 195 208 185 139 175 152 142 165 123 115 126 129 228 229
220 221 163 114 136 166 196 147 169 120 199 180 131 153 134 164 186 216 226 200 181 214 225 144 125 158 139 142 194 175 227 126 156 129 159 189 192 173 165 195 146 176 179 137 140 170 121 123 124 154 135 187 138 190 141 122 201 152 174 155 218 191 172 222 205 132 219 119 232 233
190 221 211 201 118 214 191 140 170 124 135 223 138 213 226 141 171 122 152 193 174 155 188 225 172 215 205 227 204 194 133 163 114 117 147 177 120 180 216 134 206 196 167 148 181 218 195 208 144 125 128 161 142 123 115 145 175 156 178 200 129 189 143 173 146 176 222 179 199 212 231 232
221 141 222 171 201 174 204 185 218 172 205 116 119 223 182 133 226 114 136 117 196 147 177 169 120 199 150 153 134 225 213 164 216 167 148 125 128 158 139 123 115 194 145 126 178 129 208 159 211 162 192 143 173 165 195 146 176 209 210 137 140 170 124 154 184 135 187 138 168 232 233
169 198 175 187 200 137 118 140 209 121 151 199 212 154 189 135 179 138 168 141 152 211 201 178 191 181 213 226 203 170 119 163 114 225 136 166 147 192 120 150 182 131 153 134 164 165 214 217 194 171 184 174 144 125 216 206 219 139 196 161 123 115 145 126 156 159 208 143 229 230
198 120 150 180 122 152 206 183 219 167 197 208 132 116 133 163 114 115 194 145 210 175 117 177 178 192 134 164 165 195 209 146 199 148 212 179 193 125 201 139 140 170 123 223 200 159 203 141 171 143 173 155 185 188 225 191 215 205 119 151 182 154 184 135 136 166 138 168 226 231 232
142 181 136 194 171 148 120 131 226 134 193 206 183 150 163 218 195 125 172 185 162 175 139 123 115 217 126 184 197 174 177 154 219 209 186 222 199 176 189 166 143 156 137 118 211 165 121 201 178 155 124 145 135 158 138 200 213 167 180 147 179 215 132 192 146 182 116 191 227 204 228 229
181 123 115 145 175 156 178 129 159 218 195 162 143 173 174 176 160 137 118 219 170 209 186 222 124 199 154 135 138 141 171 122 152 153 155 172 223 213 116 203 133 114 225 166 117 215 177 150 205 131 164 165 214 204 184 226 125 216 128 193 158 206 139 161 196 230 231
161 194 158 139 115 145 126 156 216 129 193 159 206 196 173 143 163 160 218 118 121 197 151 174 210 187 124 164 154 135 138 141 152 209 222 155 176 189 166 179 211 188 132 191 200 114 213 136 117 167 203 147 120 150 131 153 134 148 182 172 214 144 227 125 204 217 128 229 230
194 204 123 115 145 156 178 129 159 189 162 192 143 173 216 146 176 196 160 218 208 137 170 121 135 210 168 200 152 174 155 185 188 222 199 172 212 132 116 119 201 133 114 136 166 120 150 180 131 226 183 134 164 186 167 148 225 215 205 144 125 128 158 139 231 232
122 123 211 188 201 178 155 158 125 210 200 213 203 180 147 124 137 116 179 215 119 159 136 126 114 214 191 227 120 204 171 148 151 128 226 216 183 160 196 173 150 218 195 208 185 162 139 132 197 187 164 141 177 154 219 209 222 199 176 153 189 166 143 118 121 228 233
123 158 171 128 226 216 193 206 137 150 116 140 119 215 205 182 218 172 185 162 117 139 175 152 129 217 184 197 187 154 131 219 196 186 176 143 133 208 115 211 188 178 155 135 210 223 200 177 213 167 180 147 225 118 156 159 136 126 201 214 228 233
114 119 217 184 197 187 164 154 131 121 219 196 209 199 166 143 156 208 211 165 201 178 155 132 168 145 135 210 177 213 167 180 134 147 124 212 182 204 158 171 148 138 115 128 226 203 216 193 183 160 173 150 140 205 218 195 172 185 162 139 152 228 233
119 197 174 210 187 141 177 131 144 121 186 199 189 166 143 156 146 188 178 155 145 158 135 115 125 213 167 203 134 124 137 212 225 179 215 192 182 159 172 126 139 214 118 171 184 138 151 226 193 196 173 150 120 205 218 195 208 152 116 129 165 132 228 233
154 155 168 116 158 223 200 133 167 136 180 117 150 131 153 225 179 192 172 227 144 204 217 171 128 139 226 115 126 193 206 129 183 196 146 195 208 162 175 165 137 118 197 140 174 210 121 187 164 124 141 186 222 199 176 166 156 211 188 201 132 229 230
155 135 141 211 188 152 153 201 158 223 200 167 132 180 116 225 215 182 117 159 147 172 150 131 227 204 217 184 226 216 144 183 160 196 163 115 205 126 218 129 162 175 143 165 146 197 174 210 219 209 186 118 222 176 121 189 151 166 124 179 229 230
197 133 163 208 136 166 117 196 147 177 120 131 153 183 134 167 148 210 219 144 209 125 199 212 139 115 145 175 126 156 211 129 159 201 162 192 173 195 176 179 223 160 200 193 225 118 215 121 151 124 184 135 187 141 214 227 152 174 188 191 226 231 232
125 128 226 121 216 193 170 206 160 173 195 172 208 185 162 175 152 184 174 187 164 141 144 219 196 209 117 186 199 153 166 143 156 211 188 165 201 132 145 135 177 213 167 180 134 115 137 212 192 146 182 159 214 191 204 171 148 138 228 233
128 226 216 193 196 150 163 140 205 218 195 172 208 185 152 132 217 174 210 187 164 118 141 177 121 144 124 209 222 199 176 166 143 156 133 146 211 188 201 178 191 168 145 158 135 223 200 213 167 180 134 170 147 117 212 159 136 139 214 227 171 184 228 233
120 162 175 152 165 210 187 164 141 177 116 121 219 209 222 115 176 189 117 143 179 156 133 211 188 178 168 145 135 213 167 203 170 160 137 212 225 192 205 159 172 139 214 227 217 171 148 184 138 151 216 206 183 196 173 150 163 140 153 218 208 228 233
162 153 134 214 227 148 217 226 144 216 206 196 158 139 186 145 126 129 195 159 185 143 175 165 146 160 174 210 187 164 167 219 137 140 121 199 176 212 189 166 179 138 141 152 188 201 178 168 132 203 180 193 170 133 215 192 117 205 147 182 229 230
191 222 184 199 126 156 187 141 143 174 185 211 188 201 172 223 213 137 203 118 121 151 182 135 166 225 138 215 150 192 180 152 153 195 186 167 217 132 116 216 206 219 133 145 147 177 178 129 159 189 208 146 176 148 179 210 158 140 170 209 124 231 232
222 172 132 219 118 133 163 135 226 166 196 177 199 150 180 153 183 134 213 186 216 214 217 144 116 158 115 145 178 129 211 192 143 173 195 179 209 160 212 193 137 139 140 170 223 124 203 184 126 156 187 138 201 174 204 185 225 188 218 232 233
143 182 214 227 204 132 171 148 184 116 151 216 133 206 183 136 160 173 163 131 218 172 185 175 152 165 217 174 164 177 139 219 126 209 186 153 189 211 188 178 168 158 213 140 203 180 124 170 147 138 212 225 179 228 229
182 173 165 146 176 179 160 209 199 137 189 139 170 121 151 124 135 211 138 188 168 201 141 152 174 223 200 172 193 132 116 225 118 215 192 205 136 166 147 177 214 180 227 153 217 134 167 226 206 196 144 186 158 218 195 208 175 126 156 178 230 231
183 218 195 208 144 158 115 187 126 200 156 129 159 173 165 146 176 199 212 189 160 211 201 137 118 170 121 124 223 135 213 203 141 193 152 174 192 116 214 227 204 217 184 133 163 136 166 147 177 226 150 216 180 131 153 134 164 186 148 230 231
218 134 164 148 200 214 217 144 158 223 115 145 175 126 178 208 159 189 146 176 206 160 212 193 210 137 118 170 121 151 226 124 203 184 135 138 141 201 152 174 204 185 188 132 133 166 117 196 147 177 219 150 180 131 153 232 233
135 178 145 210 223 200 177 213 180 147 137 179 192 132 146 116 214 204 117 138 131 226 216 170 206 160 173 150 140 205 208 185 139 175 115 184 126 129 151 164 144 186 199 176 153 166 156 118 165 201 228 229
178 138 168 227 204 171 184 216 172 196 132 186 195 208 133 185 163 136 166 117 147 150 131 153 134 210 167 200 199 144 212 139 145 188 156 129 159 173 165 146 176 223 213 160 203 180 225 137 118 205 170 121 124 230 231
175 214 227 150 204 131 217 153 134 167 226 206 205 139 195 208 185 115 145 156 129 159 173 165 187 186 199 189 118 140 170 121 151 124 201 138 168 141 171 152 174 200 172 180 212 225 116 133 163 166 117 147 230 231
214 219 129 208 189 192 173 176 206 179 209 193 210 137 118 140 170 121 151 124 203 184 187 141 201 174 204 185 172 205 116 223 226 133 163 136 147 177 199 211 225 134 215 164 165 195 148 200 212 217 115 145 232 233
141 116 201 158 117 223 213 203 134 147 160 192 205 172 139 217 115 171 126 129 216 193 206 196 150 186 163 153 185 137 118 165 121 124 136 174 138 164 177 167 219 176 212 189 166 179 156 132 228 229
133 217 174 187 132 219 209 186 116 199 176 153 189 156 117 211 188 201 168 145 158 223 200 213 203 134 170 147 225 215 192 115 136 129 139 227 171 148 184 151 226 206 196 173 150 163 140 118 124 195 172 185 165 228 229
217 163 115 145 117 177 129 131 165 146 148 179 209 160 193 139 140 170 124 126 156 173 174 204 185 205 118 226 151 184 136 215 166 196 138 168 199 150 180 225 152 153 213 186 216 167 200 227 132 144 232 233
158 124 226 193 160 196 173 205 195 172 208 185 132 165 118 121 174 210 164 117 150 219 152 134 186 176 189 148 188 144 116 223 145 167 180 170 131 146 212 215 159 227 204 137 171 140 184 229 230
144 226 216 206 116 160 196 118 163 136 205 117 195 185 131 152 134 165 210 187 164 177 219 186 199 153 166 129 211 201 168 145 223 167 203 137 140 121 212 225 124 179 215 192 172 227 204 171 148 184 151 228 229
226 139 145 208 189 192 174 204 146 227 176 206 193 223 205 140 170 121 151 124 215 187 168 171 201 152 153 186 200 172 132 116 117 196 177 180 131 211 134 213 164 165 195 179 209 232 233
124 168 145 223 200 167 121 134 147 137 179 215 192 159 136 172 204 171 148 184 138 116 160 196 173 163 117 153 208 185 152 129 165 174 210 131 219 209 186 199 176 166 156 188 228 233
168 211 188 201 138 210 200 213 203 180 132 212 179 116 215 192 163 136 117 147 227 204 131 171 153 184 134 164 167 148 216 205 195 139 172 185 145 126 156 129 159 174 165 187 160 209 186 199 189 137 118 140 229 230
116 164 131 121 209 186 199 153 189 166 211 165 210 200 177 180 134 137 225 179 215 192 146 159 136 126 204 148 151 203 216 193 206 160 173 150 163 117 205 172 185 129 132 184 115 174 187 228 233
164 172 208 185 163 165 117 147 153 210 134 177 148 219 209 199 176 189 166 211 188 201 145 126 129 159 223 146 167 203 180 160 212 225 192 137 118 140 204 184 152 196 173 229 230
176 215 205 172 204 184 163 136 166 147 216 150 206 196 167 148 208 139 210 115 126 156 129 173 165 199 146 179 160 211 188 137 118 170 121 151 223 200 180 171 225 230 231
215 206 179 160 212 210 137 139 140 170 121 151 184 187 138 171 201 152 204 185 188 223 225 136 117 196 147 199 150 180 131 153 213 186 167 227 216 219 115 156 129 208 159 189 211 192 173 195 232 233
136 174 187 177 219 199 212 118 189 166 179 156 188 201 145 200 213 203 180 170 147 160 137 225 192 205 159 172 139 131 227 134 171 148 184 206 196 173 186 140 153 208 126 129 165 228 229
211 171 201 152 174 204 227 188 172 205 132 219 163 166 196 147 199 150 180 131 153 134 186 167 200 212 126 173 165 195 146 206 179 209 160 213 210 137 140 170 151 225 184 187 232 233
187 166 117 147 177 150 180 203 153 134 225 192 205 139 204 115 145 129 159 216 193 173 206 165 179 160 195 137 118 140 170 121 151 210 138 171 209 199 212 189 132 230 231
134 208 152 165 121 210 209 186 199 189 166 146 132 188 117 200 167 203 170 137 212 225 179 192 172 139 204 171 184 126 151 129 216 193 160 173 163 205 228 229
145 227 204 171 148 184 138 151 206 160 196 163 205 185 152 117 131 177 219 199 166 146 139 201 115 126 129 223 200 213 167 203 147 212 192 159 137 118 228 229
227 126 129 208 159 189 195 146 225 206 209 160 212 193 223 137 139 170 121 151 138 204 185 188 172 205 132 219 118 163 166 117 196 147 177 199 150 180 131 153 186 216 167 148 200 232 233
146 192 205 159 172 204 148 151 118 196 150 138 163 208 185 165 210 177 115 117 209 199 189 131 179 156 188 201 223 200 213 139 140 167 203 180 170 147 160 212 225 228 229
192 179 160 204 118 140 170 216 121 193 206 196 184 171 195 185 188 132 210 219 163 209 166 147 199 177 180 131 153 148 201 223 200 213 115 126 129 225 189 205 231 232
137 223 200 213 203 180 147 179 159 204 148 151 216 206 196 173 118 150 163 140 195 131 152 184 219 186 199 153 189 166 115 126 129 165 210 228 229
223 118 140 121 151 225 203 171 201 152 174 204 185 172 205 132 219 163 166 117 147 177 199 150 180 153 213 186 200 139 115 126 208 173 206 209 160 212 193 232 233
138 188 201 126 167 203 180 170 147 179 159 139 118 121 204 171 148 184 193 206 160 196 163 140 205 132 195 172 208 185 152 165 174 210 177 209 186 199 153 189 166 156 228 229
188 174 186 172 200 213 203 193 166 225 180 205 153 165 167 148 139 206 219 115 156 129 159 195 173 208 179 160 210 118 140 121 209 184 199 212 230 231
129 139 204 151 216 193 206 173 150 163 205 195 208 185 126 152 132 174 177 131 219 209 189 166 118 156 121 213 167 212 225 172 228 233
139 131 203 216 193 170 206 173 140 205 195 152 174 151 186 153 166 208 118 121 201 117 210 200 177 147 189 225 132 171 228 229
210 213 121 151 196 225 150 180 153 186 167 148 200 132 216 115 117 177 208 189 206 179 209 160 170 203 126 156 212 171 201 204 172 205 232 233
213 140 170 151 203 184 171 201 152 174 204 185 172 205 132 117 196 147 177 150 131 153 148 115 126 208 159 189 173 165 206 179 219 160 193 232 233
115 204 171 148 184 151 216 193 206 196 173 163 140 117 195 185 152 165 132 131 219 209 166 156 201 200 203 180 170 147 160 212 225 126 228 233
204 126 159 189 195 160 193 140 170 151 203 205 201 185 132 206 219 163 166 208 196 150 131 153 186 148 209 212 231 232
173 184 156 216 159 196 165 160 205 195 118 170 121 174 219 186 132 200 166 117 147 203 180 131 153 212 167 225 148 179 230 231
160 212 225 172 140 126 171 216 206 163 205 195 208 121 165 174 152 153 209 186 189 166 201 117 147 131 203 229 230
212 225 205 140 170 184 199 171 153 216 167 200 163 117 147 177 208 180 131 148 179 209 193 203 156 159 189 174 206 232 233
174 201 117 147 167 203 180 193 205 126 156 184 216 206 219 186 118 195 140 208 121 185 151 171 177 209 132 189 230 231
179 225 205 172 184 166 206 150 219 196 186 195 208 163 200 117 147 131 165 199 189 148 201 140 170 126 156 180 159 193 171 230 231
225 209 193 118 140 170 151 203 152 185 172 132 163 147 150 131 153 186 167 148 200 159 189 195 232 233
184 159 131 203 170 156 171 216 193 196 205 195 208 185 118 121 163 150 152 153 219 167 148 199 189 132 201 230 231
131 185 152 117 219 209 186 153 189 156 165 126 200 177 167 147 159 118 121 171 148 203 216 196 150 140 228 233
185 153 167 148 201 200 203 126 156 159 165 216 140 193 170 206 151 171 205 152 208 172 219 209 186 166 117 147 230 231
171 126 156 159 200 180 118 140 170 121 206 186 195 208 163 166 117 150 153 177 148 219 209 189 230 231
150 152 165 177 126 219 209 199 118 140 200 167 180 170 172 132 216 193 117 196 163 153 205 148 195 208 228 229
163 177 219 209 189 126 166 156 159 201 200 167 203 180 140 121 151 152 132 216 193 196 117 205 195 172 148 229 230
199 200 166 117 196 209 177 180 153 186 167 126 189 165 205 193 118 121 151 206 219 152 231 232
195 205 165 148 216 206 219 126 156 159 208 193 200 118 121 151 209 152 201 172 203 166 117 180 231 232
219 117 147 177 165 167 148 209 193 203 126 156 159 189 118 170 151 201 152 186 216 172 232 233
206 126 159 189 165 216 193 208 170 121 203 152 132 117 147 180 153 186 167 200 231 232
172 165 189 148 201 170 200 126 156 205 121 151 216 166 196 152 167 177 230 231
205 209 148 203 126 189 118 170 151 196 216 186 167 200 132 231 232
126 151 216 193 140 121 209 153 156 117 165 201 200 167 180 170 147 159 228 233
200 118 140 170 151 208 186 132 147 177 201 165 167 148 203 193 231 232
165 153 148 216 186 147 159 208 177 167 140 189 201 203 193 121 229 230
209 166 147 177 180 153 216 186 167 148 208 159 189 193 118 170 151 203 152 232 233
201 152 203 132 166 196 147 177 180 153 186 148 216 208 189 193 170 151 231 232
180 140 152 186 189 132 117 153 167 148 156 159 193 196 208 230 231
118 147 189 156 159 203 216 193 170 140 152 121 196 132 228 233
159 216 193 121 151 208 177 132 186 189 166 117 148 203 156 229 230
152 148 167 203 140 151 177 132 186 189 166 156 117 229 230
208 186 167 216 189 193 140 121 151 203 132 196 177 231 232
156 203 216 193 117 147 153 196 186 166 177 167 170 140 121 151 229 230
153 177 167 117 166 148 203 193 196 229 230
216 189 193 140 170 121 151 203 132 117 196 167 232 233
189 196 166 177 186 167 148 140 203 151 230 231
148 177 186 140 203 132 170 147 151 193 196 228 229
121 177 167 170 117 151 203 193 140 186 166 132 228 233
140 167 170 147 151 177 132 166 117 228 229
117 132 186 166 167 170 151 193 196 228 233
132 166 167 203 170 147 151 193 196 228 233
151 177 167 170 203 193 196 186 166 228 229
177 166 147 186 170 203 193 196 230 231
193 196 186 166 147 203 231 232
186 147 170 166 230 231
203 170 196 147 231 232
170 147 229 230
167 147 196 229 230
196 147 231 232
147 166 228 229
166 229 230
228
229
230
231
232
233
