#/usr/local/lib/python3.10/dist-packages/colab_kernel_launcher.py -f /root/.local/share/jupyter/runtime/kernel-dea7114a-48f2-47cd-9840-9590734c419b.json
# GMT Thu May 23 19:52:37 2024
# 
17 58 48 25 61 2 38 16 0 3 73 50 27 40 30 72 62 39 75 52 29 42 19 11 74 51 14 64 41 21 9 1 12 76 53 66 43 20 56 23 65 55 32 68 45 35 4 7 67 44 57 10 34 47 24 37 8 69 46 59 36 49 26 158 159 162 163 167 168 171
58 48 62 50 51 32 65 34 46 74 64 77 14 25 26 28 10 40 12 66 42 43 27 57 13 78 68 23 4 5 70 35 7 37 22 52 24 54 69 6 36 59 8 38 72 39 53 71 61 18 2 16 60 47 49 63 0 1 31 3 33 15 160 161 165 166 169 170
36 71 48 61 38 51 30 14 73 25 50 63 28 9 1 31 12 62 29 65 42 13 64 41 54 44 23 4 26 7 76 53 10 43 21 56 24 27 8 78 45 18 67 57 70 5 37 16 19 0 22 3 69 33 46 59 6 49 39 20 34 159 160 163 164 168 169
71 66 69 53 34 74 67 77 30 11 76 14 44 25 47 28 9 1 31 12 64 15 45 48 29 59 51 32 62 13 23 26 56 7 10 40 70 21 24 54 27 57 8 38 60 41 18 2 5 35 16 68 0 72 22 52 3 33 63 55 6 161 162 165 166 170 171
28 67 22 3 57 34 47 6 20 69 46 49 11 14 61 25 38 9 1 12 70 15 60 50 40 30 13 62 75 52 42 4 26 74 51 7 64 41 10 54 31 21 44 27 53 66 56 33 65 18 78 55 32 68 45 35 5 16 19 0 158 159 163 164 167 168
67 9 1 61 12 42 64 15 48 29 59 60 32 62 13 46 23 4 26 56 7 37 40 75 43 54 55 27 8 39 41 74 77 18 76 5 35 19 0 52 3 33 63 78 66 68 20 50 51 53 34 65 70 30 11 44 25 69 47 160 161 165 166 170 171
29 32 68 45 35 57 34 70 47 2 16 19 0 22 3 59 6 49 20 48 61 38 51 11 60 73 14 50 63 25 40 30 9 12 72 15 62 39 75 42 13 74 31 44 23 4 26 76 7 66 43 56 33 21 24 27 8 65 78 158 159 163 164 168 169
32 78 55 68 45 35 34 47 23 4 7 21 59 24 72 49 6 39 8 20 48 38 51 18 60 73 50 14 63 40 16 19 0 31 3 15 75 65 42 74 64 41 77 54 44 11 25 76 26 66 43 9 10 56 12 46 27 158 159 163 164 168 169
8 9 51 64 41 54 44 21 11 53 20 56 33 10 78 5 55 68 45 35 12 0 3 77 6 57 34 47 24 14 69 59 13 49 26 16 48 1 25 61 38 18 70 60 73 50 63 40 30 72 62 75 52 42 19 7 158 162 163 166 167 171
9 44 57 11 47 24 14 46 23 59 13 2 26 5 16 68 0 48 3 25 38 15 70 60 37 73 50 27 40 72 49 62 39 52 19 1 74 51 18 63 76 43 20 33 10 75 65 42 78 7 55 45 22 35 77 158 162 163 166 167 171
40 41 77 54 2 44 5 35 19 0 76 22 66 3 43 33 56 6 39 20 65 34 55 30 11 57 14 47 31 15 46 59 49 13 48 61 51 4 60 7 73 50 63 10 21 72 38 62 75 52 42 74 18 64 159 160 164 165 168 169
41 42 21 24 74 38 39 64 77 54 44 18 43 56 2 5 35 16 19 0 78 55 22 68 45 33 6 20 34 57 70 47 11 69 46 59 14 49 25 1 31 15 13 73 50 63 23 72 26 62 7 75 52 10 65 159 160 164 165 168 169
0 5 73 27 7 72 49 62 39 6 19 74 51 18 54 21 63 53 30 66 43 20 33 23 75 65 78 55 68 45 35 12 77 57 34 11 47 24 1 14 56 69 59 13 26 3 16 48 25 61 38 158 161 162 166 167 170 171
5 60 50 27 63 7 72 62 75 52 19 74 64 77 54 31 44 21 1 11 53 66 43 20 10 23 13 65 78 68 45 22 35 12 25 4 57 34 47 37 14 69 46 49 26 16 6 48 61 2 15 51 18 158 161 162 166 167 171
11 14 7 56 69 46 59 49 26 16 48 25 61 38 15 70 60 2 37 50 4 30 3 62 39 75 42 19 74 64 18 54 31 21 76 53 43 20 1 23 65 78 68 45 22 12 44 57 34 47 24 158 162 163 166 167 171
14 24 37 69 46 12 49 26 16 13 38 15 18 60 50 4 27 7 30 10 72 75 52 42 19 64 77 54 31 44 21 2 53 66 43 20 56 33 3 23 65 78 55 45 22 25 57 34 47 158 162 163 167 168 171
6 48 61 38 18 73 50 27 63 30 7 72 1 62 75 3 52 65 42 19 74 77 54 31 21 76 66 43 56 33 10 46 23 13 55 45 22 35 12 57 34 70 47 24 37 4 69 59 49 26 39 16 158 162 163 166 167 171
48 39 34 57 70 44 59 25 72 47 1 31 42 15 45 61 51 13 46 73 50 63 53 4 26 7 37 62 75 52 65 43 24 27 38 74 64 77 54 18 66 2 35 16 22 78 3 55 33 159 160 164 165 169 170
68 59 51 62 13 65 46 23 75 25 26 56 7 37 10 21 43 54 27 77 60 76 2 4 35 16 78 49 22 52 3 63 55 66 20 50 70 53 34 69 30 44 47 1 31 61 12 42 64 15 161 162 165 166 170 171
77 43 73 76 27 57 59 13 74 23 4 35 7 37 21 22 52 54 55 78 66 38 69 50 72 18 30 2 16 47 19 49 1 31 61 3 33 63 15 45 51 62 34 65 46 44 25 26 56 161 162 166 167 170 171
42 44 57 47 18 2 69 4 46 16 49 19 22 39 61 34 70 60 73 30 25 72 62 75 1 52 31 12 15 74 64 13 54 63 76 53 66 43 23 26 10 21 78 55 24 27 38 159 160 164 165 168 169
33 38 70 23 60 73 26 50 7 10 21 24 72 27 62 39 75 74 51 64 54 44 2 16 76 19 66 43 22 56 20 55 45 35 30 57 34 47 37 25 1 31 12 69 15 59 49 61 158 159 163 164 168 169
38 20 54 34 76 53 66 43 56 25 65 1 78 55 45 15 13 44 69 46 23 59 4 26 49 7 10 21 24 27 61 70 60 73 50 63 18 72 16 75 52 19 22 3 159 160 163 164 168 169
73 74 16 19 49 22 3 63 76 66 39 20 50 72 53 34 78 30 44 25 47 1 31 12 64 15 45 59 51 62 13 65 46 23 4 26 56 37 10 70 21 43 24 54 57 75 18 2 161 162 165 166 170 171
74 75 24 54 27 57 60 2 76 35 16 19 22 52 63 55 66 39 69 20 50 51 53 34 30 44 25 47 1 31 61 12 15 45 59 13 46 4 26 7 37 70 21 43 161 162 166 167 170 171
10 54 31 44 21 76 4 53 66 43 7 20 13 65 78 55 45 22 35 12 25 57 34 70 47 24 2 69 46 3 26 39 16 61 18 60 50 27 63 30 72 62 52 19 64 158 162 163 166 167 171
54 21 64 24 27 76 66 56 65 2 78 55 19 22 52 3 57 39 70 20 53 34 69 59 30 47 61 1 31 12 15 45 60 13 63 46 72 75 23 4 160 161 164 165 169 170
2 50 27 30 7 72 62 75 52 19 51 64 31 21 76 53 66 43 56 23 65 78 55 22 12 44 57 34 47 24 37 4 69 46 59 13 26 3 61 15 18 70 1 60 158 161 162 166 167 171
50 35 16 61 49 22 60 39 20 63 34 72 62 75 52 25 47 1 12 45 53 66 46 56 65 78 55 4 7 37 21 43 24 57 27 70 69 59 18 159 160 164 165 169 170
3 15 70 60 27 63 30 7 72 62 39 75 52 19 51 64 31 44 76 53 66 43 20 56 65 78 55 22 35 25 57 47 37 4 69 46 59 13 26 16 158 161 162 166 167 171
15 25 57 70 37 69 46 59 49 26 39 16 1 12 61 18 60 27 63 30 72 75 52 19 7 64 31 44 21 76 53 66 43 20 56 23 78 55 45 22 158 162 163 167 168 171
22 13 60 63 53 62 75 65 7 21 64 31 44 76 56 18 46 23 16 78 55 19 35 25 20 57 34 70 24 37 69 59 72 26 39 12 61 158 159 162 163 167 168
24 64 31 1 44 12 76 53 66 43 13 65 55 45 35 23 25 4 21 34 70 47 37 69 46 59 49 26 18 61 51 60 27 63 30 72 62 39 75 158 159 163 164 167 168
75 18 35 49 52 63 55 66 39 20 72 53 34 30 44 47 1 31 61 12 64 45 59 51 62 13 76 25 7 37 21 43 27 57 60 161 162 166 167 170 171
66 23 4 26 56 21 43 57 60 72 35 16 19 52 63 76 55 39 53 34 78 30 44 47 70 31 61 12 64 45 69 59 51 13 46 160 161 165 166 170 171
13 65 78 55 35 57 47 37 12 69 46 16 25 61 4 7 70 60 27 63 30 72 62 39 52 19 51 31 44 76 53 20 56 23 158 162 163 167 168 171
65 78 4 70 7 37 52 69 39 72 18 35 16 47 19 49 1 31 63 64 20 51 62 34 30 44 25 56 61 12 76 45 27 57 59 160 161 165 166 170 171
78 62 46 4 26 56 7 37 70 21 76 27 60 18 16 49 52 63 55 39 69 72 53 44 25 47 1 31 61 12 64 45 59 51 161 162 166 167 170 171
16 70 60 37 30 72 62 39 52 1 12 51 64 21 63 76 43 20 23 4 7 55 45 47 56 69 46 59 26 25 61 158 162 163 167 168 171
70 1 31 61 63 64 45 76 51 62 46 25 26 56 12 43 57 4 35 7 37 19 49 52 55 39 20 53 72 18 30 44 161 162 165 166 170 171
55 61 46 63 23 4 26 7 37 21 27 64 18 76 56 35 19 20 51 53 60 30 44 69 59 47 72 1 12 45 160 161 164 165 169 170
61 39 20 53 34 69 30 44 25 1 12 45 51 63 46 72 62 23 4 7 37 21 43 64 76 18 35 19 49 160 161 165 166 169 170
25 47 56 69 46 37 27 49 62 52 23 4 7 64 21 31 63 20 76 53 30 43 18 45 1 44 57 158 159 163 164 167 168
47 57 1 12 45 59 72 46 51 23 4 26 60 21 43 27 62 52 64 35 19 76 53 39 34 30 159 160 164 165 169 170
57 1 31 12 64 51 46 23 4 26 56 7 37 21 43 27 59 18 35 19 49 52 39 20 60 53 34 44 160 161 165 166 169 170
18 30 72 62 39 52 19 51 64 31 21 76 53 43 20 56 23 45 37 12 69 46 59 49 60 4 7 27 63 158 159 162 163 167 168
30 69 59 49 19 20 51 60 63 72 62 39 52 12 64 44 76 53 43 56 23 7 21 45 27 35 34 37 158 159 163 164 168 169
59 44 1 31 12 45 69 51 23 4 56 7 37 60 43 62 64 35 19 49 52 76 39 20 34 160 161 165 166 169 170
60 35 19 49 64 52 51 53 76 34 44 1 31 45 69 72 23 4 26 56 7 37 21 43 27 63 62 160 161 165 166 169 170
45 23 69 4 46 26 49 37 21 43 27 51 35 62 52 39 20 64 34 76 53 56 1 12 159 160 164 165 168 169
21 63 53 43 23 19 44 34 20 56 69 46 49 26 1 12 37 72 62 39 52 4 158 159 162 163 167 168
31 34 27 37 69 46 49 39 51 19 63 72 62 52 1 12 44 76 53 43 56 35 23 4 26 7 158 159 163 164 168 169
27 64 19 44 76 20 43 56 46 35 1 34 12 37 69 49 23 4 26 7 63 53 62 158 159 163 164 167 168
62 19 49 52 69 39 20 34 1 63 12 51 64 23 4 26 7 37 76 160 161 165 166 169 170
51 39 20 34 69 44 72 49 1 46 63 53 26 52 12 64 76 56 23 4 35 7 19 160 161 164 165 169 170
43 64 44 23 4 26 7 37 76 56 46 35 69 72 49 20 34 63 12 159 160 164 165 168 169
64 72 35 19 49 52 63 39 20 53 34 1 12 76 4 26 56 37 160 161 165 166 170 171
35 63 72 39 52 23 4 26 7 44 76 53 56 37 20 34 69 46 49 1 12 159 160 163 164 168 169
37 63 1 76 53 12 56 23 26 7 69 46 49 4 19 72 20 39 52 34 159 160 163 164 168 169
1 34 69 49 26 63 7 72 52 19 76 53 56 46 23 12 158 161 162 166 167 171
44 69 46 49 7 19 63 39 20 72 52 34 76 53 23 26 159 160 164 165 168 169
34 12 72 23 4 39 52 76 56 19 20 46 159 160 163 164 168 169
7 63 53 56 69 46 49 26 72 39 19 158 162 163 166 167 171
69 12 46 23 26 56 76 49 52 63 20 72 161 162 165 166 170 171
39 63 19 53 20 52 26 76 56 12 46 23 4 72 49 159 160 163 164 168 169
12 46 49 4 72 52 53 20 23 158 162 163 167 168 171
4 63 76 53 20 56 26 72 49 52 19 158 161 162 166 167 171
63 19 52 20 76 46 23 56 160 161 165 166 170 171
23 76 53 56 46 49 26 19 20 52 158 159 163 164 167 168
76 19 49 20 72 53 46 161 162 166 167 170 171
53 26 19 49 52 20 56 46 72 160 161 164 165 169 170
46 26 49 20 56 159 160 164 165 169 170
19 72 52 20 56 49 26 158 159 162 163 167 168
56 26 49 52 72 160 161 164 165 169 170
20 72 52 49 26 158 159 162 163 167 168
49 72 52 26 159 160 164 165 169 170
72 52 161 162 165 166 170 171
26 52 158 159 163 164 167 168
52 160 161 164 165 169 170
96 137 150 127 104 140 81 84 107 95 139 82 152 129 106 85 109 154 131 108 98 90 153 93 143 120 97 100 88 80 91 94 132 145 122 99 135 112 92 144 134 111 147 124 101 114 83 156 86 146 123 136 113 126 103 116 87 148 125 138 115 128 105 158 159 162 163 167 168 171
137 127 141 130 154 111 144 113 125 153 90 93 104 105 135 155 119 91 145 121 122 106 136 108 120 92 157 146 102 83 84 114 86 116 100 101 131 133 134 148 115 138 87 117 151 118 99 132 140 109 95 139 126 152 128 142 79 80 110 82 112 124 160 161 165 166 169 170
107 146 101 82 136 126 85 116 148 125 138 128 90 93 127 140 104 117 80 91 149 94 139 152 129 142 109 92 151 141 118 131 108 102 83 130 86 143 120 89 133 110 100 123 106 145 122 135 144 97 157 134 111 147 124 81 114 84 95 156 98 79 158 159 163 164 167 168
146 80 140 91 143 94 124 108 150 138 139 111 141 92 125 152 102 83 105 86 151 89 119 154 122 103 133 134 106 136 87 117 118 120 153 156 97 155 95 98 128 131 82 112 142 157 115 145 147 129 130 132 113 144 109 90 93 123 148 126 160 161 165 166 170 171
108 111 147 124 114 156 97 136 113 149 126 81 116 84 98 79 148 101 125 138 115 85 150 127 140 117 130 90 139 152 93 129 104 119 109 88 91 94 141 118 154 131 121 92 153 143 120 133 110 83 105 155 86 145 122 89 87 144 157 158 159 163 164 168 169
111 157 134 147 92 124 114 136 113 84 86 148 100 101 138 115 103 151 128 85 118 87 99 150 127 140 117 97 109 81 139 152 129 93 142 119 95 98 80 110 82 141 131 121 153 143 156 123 104 155 132 122 88 89 112 91 125 106 158 159 163 164 168 169
87 88 153 130 120 133 110 123 100 155 132 145 99 135 112 89 102 81 144 134 147 124 101 91 156 85 113 126 103 116 93 148 138 115 92 128 105 95 150 127 80 104 140 117 94 97 149 152 129 106 119 109 141 118 154 131 83 98 158 162 163 166 167 171
88 123 136 113 90 126 103 93 135 148 125 138 115 92 81 84 95 147 79 150 127 82 104 117 94 85 149 139 152 129 106 119 151 128 118 98 80 153 130 143 120 97 110 100 142 155 109 122 99 89 154 83 144 121 157 134 101 114 91 158 162 163 166 167 171
119 120 133 81 84 114 95 98 155 79 101 82 122 135 85 115 118 99 144 157 113 134 147 109 136 149 126 104 80 110 91 94 148 125 138 128 92 150 127 140 130 102 83 139 86 152 116 129 89 100 103 106 151 117 141 131 153 159 160 164 165 168 169
120 103 106 153 117 143 156 123 155 97 145 135 81 84 114 95 79 157 134 101 147 82 124 85 115 99 113 136 149 109 90 125 138 93 128 104 80 110 91 127 140 130 92 139 129 102 151 83 105 141 86 154 116 89 144 159 160 164 165 168 169
79 84 149 139 152 129 106 83 86 151 128 141 118 131 85 153 130 143 97 133 110 142 155 132 109 145 99 112 89 102 154 144 157 134 147 124 101 114 91 81 156 123 136 90 126 103 80 93 135 148 138 115 92 150 127 104 117 158 161 162 166 167 170 171
84 139 152 82 129 106 142 109 86 141 154 131 121 98 153 143 156 133 110 123 80 155 132 145 135 112 89 102 92 144 157 124 101 114 104 83 113 149 126 116 93 148 125 138 128 105 85 150 127 140 117 81 94 130 158 161 162 166 167 171
90 93 86 135 89 148 125 138 115 92 128 105 140 117 94 149 139 116 152 129 106 109 82 85 118 154 131 121 98 153 130 143 97 133 110 100 142 155 132 122 99 80 112 102 144 157 134 147 124 101 114 156 123 136 103 158 162 163 166 167 171
93 103 91 138 115 128 105 95 92 150 127 140 117 130 97 139 152 83 106 142 86 109 151 141 118 154 121 98 153 143 156 133 123 100 81 132 99 135 112 82 85 144 157 134 124 101 104 136 113 149 126 158 162 163 167 168 171
85 127 140 117 94 97 139 152 129 106 142 81 86 99 80 141 154 82 131 144 121 98 153 143 133 110 100 155 122 89 125 102 92 157 124 101 114 91 136 113 149 126 103 116 83 148 115 105 118 95 150 158 162 163 166 167 171
127 115 118 99 113 136 149 123 138 151 128 80 110 91 121 124 150 92 125 139 152 129 142 132 102 105 86 116 141 154 89 131 144 100 122 103 106 153 156 133 97 155 145 81 114 95 101 134 112 147 159 160 164 165 169 170
147 138 130 141 92 144 125 102 105 135 116 89 100 122 103 153 133 106 136 156 117 155 97 81 83 114 95 98 101 131 82 142 134 115 145 118 99 129 149 132 113 151 123 80 110 150 140 91 121 94 124 161 162 165 166 170 171
100 143 133 110 142 155 132 122 112 102 144 157 134 124 101 114 81 95 156 136 113 82 126 99 135 148 125 138 115 105 150 104 140 80 149 91 139 94 116 152 129 106 109 92 141 118 154 131 121 83 130 158 159 162 163 167 168
143 122 103 133 106 136 149 148 97 151 81 114 95 98 150 128 101 131 82 112 142 134 115 129 132 152 109 154 126 80 110 140 91 153 121 94 124 138 130 141 92 155 125 145 102 83 157 105 86 116 160 161 165 166 170 171
152 153 114 95 98 128 101 82 142 134 115 155 145 118 148 99 129 151 132 157 123 104 126 80 110 140 91 121 94 138 130 141 92 83 105 86 89 149 122 133 106 117 139 150 97 81 161 162 165 166 170 171
153 103 133 106 117 139 150 151 156 97 155 95 98 128 131 112 142 134 115 157 145 118 148 99 129 130 132 113 123 104 80 110 140 91 94 124 141 144 125 102 105 135 116 89 149 161 162 166 167 170 171
112 117 102 139 83 105 86 142 89 103 151 106 141 118 154 131 121 130 97 133 123 81 95 155 98 145 122 101 135 82 99 157 134 124 109 136 113 126 104 80 110 91 148 125 94 138 115 92 150 140 158 159 163 164 168 169
117 115 130 99 113 155 132 145 122 109 135 104 144 80 157 110 91 156 92 123 136 126 148 102 138 83 105 128 86 116 89 103 106 149 129 142 97 151 95 141 118 154 98 101 82 159 160 163 164 168 169
104 113 94 135 148 125 115 105 150 140 89 91 149 103 139 116 129 106 92 151 141 118 131 102 83 86 130 98 133 110 101 82 99 132 109 122 154 144 97 134 81 124 114 156 123 136 158 159 163 164 167 168
113 80 110 91 150 140 92 139 129 142 83 141 118 105 131 86 121 89 103 106 133 123 155 132 145 122 97 135 81 95 157 98 134 156 99 136 149 126 116 148 125 138 115 128 159 160 163 164 168 169
123 126 91 121 122 103 106 148 138 128 150 140 97 130 83 114 86 116 139 98 129 142 101 115 118 99 151 141 154 131 109 81 133 95 155 132 145 94 135 134 124 102 136 105 159 160 164 165 168 169
126 136 149 80 110 91 121 94 148 138 151 92 150 140 102 83 105 86 116 139 129 142 122 103 106 141 154 131 144 156 133 114 95 98 101 82 145 115 135 118 99 157 134 109 159 160 164 165 169 170
89 133 132 145 122 86 99 135 102 92 144 157 134 124 101 91 136 149 103 116 81 125 138 115 128 82 105 95 150 140 94 97 139 129 106 142 109 80 151 154 131 121 156 158 162 163 166 167 171
133 103 106 145 135 97 144 114 95 98 128 101 131 156 136 118 149 99 129 132 148 138 109 150 140 80 110 91 121 124 139 92 125 151 141 154 102 83 86 116 160 161 164 165 169 170
81 129 106 109 86 151 141 118 154 131 121 98 130 110 142 155 132 145 122 102 134 124 101 114 156 103 116 148 125 138 115 92 128 105 82 95 150 140 94 149 139 158 161 162 166 167 171
129 114 150 98 101 82 139 99 142 151 141 154 131 109 110 94 124 155 92 145 125 135 157 134 102 83 105 86 116 122 103 136 106 148 138 97 159 160 164 165 169 170
82 94 97 149 106 142 109 86 118 154 131 98 130 110 155 132 145 122 99 135 102 144 157 124 101 91 156 136 103 116 83 148 138 115 92 128 105 95 150 140 158 161 162 166 167 171
94 136 149 103 116 148 125 138 115 128 105 118 95 150 91 140 130 97 92 139 142 109 141 154 131 83 121 98 86 110 155 132 122 135 102 144 157 134 124 114 158 162 163 167 168 171
101 92 139 132 109 141 83 154 144 86 121 156 110 155 145 135 97 102 95 134 98 124 99 136 116 148 115 151 118 80 91 150 140 130 158 159 162 163 167 168
103 155 132 122 135 92 144 157 124 114 102 83 156 86 136 149 116 148 138 115 128 105 130 95 98 139 106 142 99 109 151 141 118 154 131 121 158 159 163 164 167 168
145 150 102 105 135 86 122 106 136 139 151 154 97 156 114 95 98 128 142 134 115 118 99 132 157 109 149 80 110 91 121 124 148 138 130 92 144 125 160 161 165 166 170 171
150 118 148 99 132 156 109 155 80 110 140 91 121 124 138 130 141 144 125 102 83 105 116 149 122 139 114 95 98 128 151 131 134 161 162 165 166 170 171
92 144 157 134 124 114 91 125 138 128 105 140 83 97 86 149 139 142 109 151 118 154 131 121 98 110 80 135 102 158 162 163 167 168 171
144 157 102 83 149 86 134 115 148 118 151 132 97 114 95 98 128 80 110 99 130 154 125 109 156 91 155 121 122 124 136 138 139 160 161 165 166 170 171
157 141 125 102 83 135 86 116 149 122 155 106 156 97 114 95 98 128 131 142 134 115 148 99 151 132 109 110 140 121 124 154 138 130 161 162 166 167 170 171
95 149 139 116 109 151 141 118 154 98 80 91 110 142 155 122 99 83 86 134 124 156 136 135 125 138 115 128 105 140 158 162 163 167 168 171
149 156 80 110 140 142 155 138 130 141 135 91 121 122 106 136 83 86 116 98 128 131 134 115 118 148 132 151 154 97 161 162 165 166 170 171
115 140 130 109 139 142 80 110 91 141 131 121 156 105 155 122 135 106 134 97 136 114 116 148 125 128 118 159 160 163 164 168 169
136 80 91 156 124 130 155 125 102 83 105 135 86 116 122 148 138 151 97 114 140 128 131 134 139 142 141 109 160 161 165 166 169 170
138 156 80 110 91 121 124 130 125 140 102 105 135 86 116 142 122 106 141 154 128 131 155 99 160 161 165 166 169 170
97 109 151 141 118 154 131 121 98 130 132 80 122 99 135 102 134 114 156 116 91 128 105 140 139 86 106 142 158 159 162 163 167 168
109 125 83 128 98 140 130 139 142 151 118 154 131 80 121 91 156 110 155 132 105 134 124 106 114 158 159 163 164 168 169
139 114 128 131 156 99 132 80 110 121 125 148 151 102 83 105 135 86 140 134 106 118 141 154 160 161 165 166 169 170
156 91 121 122 155 106 102 83 116 134 118 148 99 151 132 98 80 110 140 142 124 154 141 125 105 135 161 162 166 167 170 171
124 148 83 125 105 86 128 116 122 140 130 142 114 151 98 131 118 99 155 132 135 80 91 134 159 160 164 165 168 169
140 118 99 132 148 110 121 130 142 125 151 141 154 105 135 86 116 106 114 128 131 160 161 165 166 169 170
106 110 98 155 99 122 125 114 80 91 116 151 128 102 83 105 142 132 154 131 121 158 159 163 164 167 168
141 114 98 128 131 134 99 132 142 91 121 151 130 125 102 83 105 135 86 116 155 122 160 161 165 166 169 170
91 116 148 125 128 118 131 121 98 130 110 142 155 132 102 134 80 114 158 162 163 167 168 171
134 125 83 105 86 116 122 155 114 98 131 118 99 130 132 148 151 80 121 160 161 164 165 169 170
130 118 99 151 128 80 110 125 142 132 105 154 131 121 122 155 135 102 83 114 86 116 160 161 164 165 169 170
122 102 83 105 86 155 135 125 114 148 151 118 128 99 142 80 110 132 154 131 159 160 164 165 168 169
114 142 151 118 154 131 121 102 83 105 86 155 132 135 98 116 99 125 128 110 159 160 163 164 168 169
80 116 148 128 105 118 86 99 151 154 121 98 110 155 132 135 125 102 158 161 162 166 167 171
121 148 83 125 128 98 118 99 151 154 131 110 142 155 132 135 102 105 86 116 159 160 164 165 168 169
118 142 98 132 110 154 131 155 135 125 102 86 148 151 159 160 163 164 168 169
86 155 132 99 135 102 148 125 105 83 151 98 110 158 162 163 166 167 171
148 154 125 102 83 105 135 116 155 98 128 131 142 151 132 161 162 165 166 170 171
110 116 128 98 99 151 154 155 132 135 102 105 158 159 163 164 168 169
99 83 142 151 154 98 155 132 135 102 116 125 128 105 158 159 162 163 167 168
83 142 155 132 154 135 102 105 116 151 128 131 98 158 161 162 166 167 171
142 116 98 128 131 151 132 154 125 102 105 135 160 161 165 166 170 171
102 155 132 135 116 125 128 151 154 131 158 159 163 164 167 168
155 135 98 128 131 132 154 125 161 162 166 167 170 171
116 132 135 105 125 128 98 151 154 131 159 160 163 164 168 169
154 98 128 131 151 132 125 135 161 162 166 167 170 171
132 105 98 128 125 151 160 161 164 165 169 170
125 105 131 98 135 159 160 164 165 169 170
135 98 128 131 151 160 161 164 165 169 170
128 151 105 159 160 164 165 169 170
151 105 131 161 162 165 166 170 171
98 131 105 158 159 162 163 167 168
105 131 158 159 163 164 167 168
131 160 161 164 165 169 170
158
159
160
161
162
163
164
165
166
167
168
169
170
171
