#/usr/local/lib/python3.10/dist-packages/colab_kernel_launcher.py -f /root/.local/share/jupyter/runtime/kernel-2b515d16-c871-48c9-ad2b-cd6ecd503099.json
# GMT Thu May 23 12:50:53 2024
# 
17 58 48 25 61 2 38 16 70 0 60 3 73 50 27 6 40 72 62 39 52 29 19 11 51 64 41 31 21 9 1 12 15 63 53 66 56 13 23 65 55 68 22 35 4 7 67 44 10 47 24 37 8 69 46 59 36 150 151 155 156
58 62 50 51 34 46 74 64 14 44 26 56 28 9 10 40 12 66 42 29 41 13 68 67 23 4 5 70 35 37 21 55 69 6 36 59 8 38 72 39 53 71 61 18 30 2 16 60 47 73 63 0 1 31 33 45 152 153 157 158
36 71 48 61 51 30 14 25 50 63 40 28 1 31 62 52 65 32 42 13 74 64 41 54 44 23 26 53 10 66 43 21 56 24 27 55 18 67 2 70 5 35 37 19 0 22 3 69 33 46 59 6 39 20 34 151 152 156 157
71 66 39 69 20 53 74 30 11 14 44 25 47 28 9 31 61 42 64 45 48 29 59 51 32 62 13 46 23 4 26 56 37 70 21 43 24 54 27 8 38 60 41 18 35 16 68 19 49 22 52 3 33 63 6 153 154 158 159
28 67 22 34 47 6 37 20 69 59 49 11 14 25 9 1 12 70 15 60 73 50 63 30 72 62 39 52 29 42 23 74 7 64 41 10 54 31 24 27 8 53 66 43 56 33 18 32 68 2 35 16 19 0 150 151 155 156
67 1 31 12 64 15 45 29 60 32 62 13 46 23 4 56 7 37 72 10 43 54 55 27 57 8 38 41 74 18 2 35 16 19 49 0 52 3 33 63 66 68 20 50 51 53 34 30 14 44 25 69 47 153 154 158 159
29 32 45 35 57 34 47 37 5 16 0 22 3 59 6 20 48 61 38 51 60 73 14 50 63 30 9 1 12 72 15 62 52 42 13 74 64 41 44 23 26 7 53 43 56 33 21 24 27 8 65 55 150 151 155 156
32 55 68 13 45 34 47 37 4 5 69 22 24 72 49 39 8 20 61 38 51 18 30 2 60 73 50 14 40 19 0 1 31 3 62 52 65 42 74 64 41 11 25 26 66 43 9 10 56 33 12 46 151 152 156 157
40 41 54 2 5 35 16 19 0 53 22 3 43 56 6 39 65 34 45 30 11 57 70 47 25 9 31 12 15 69 46 49 13 61 51 23 4 26 60 7 37 50 63 21 27 8 72 38 62 42 74 18 64 151 152 156 157
41 27 8 38 54 53 18 66 43 56 2 5 35 19 0 22 3 6 20 57 70 47 30 69 46 14 49 25 9 1 31 12 15 61 51 13 60 73 50 23 72 4 26 62 7 37 52 65 151 152 156 157
0 5 70 73 27 4 7 72 49 62 39 6 42 9 74 51 64 18 54 31 8 53 66 43 20 33 23 65 68 45 35 12 2 57 34 24 14 56 69 46 59 13 26 3 16 25 61 15 150 154 155 159
5 73 3 50 63 30 7 72 52 42 19 9 74 64 54 8 44 21 1 11 53 66 43 56 33 23 13 65 68 22 35 12 25 4 57 34 47 24 37 14 69 26 39 16 6 61 38 2 51 18 150 154 155 159
11 14 7 9 56 10 46 59 13 49 26 8 16 25 38 15 70 60 2 37 73 50 4 27 30 3 72 39 52 42 19 51 18 54 31 21 63 53 66 20 1 33 55 45 22 35 12 57 34 47 24 150 154 155 159
14 24 37 1 69 12 59 49 26 16 13 48 61 38 15 51 60 73 4 27 63 7 30 10 72 62 52 64 31 2 53 66 43 20 56 33 3 6 55 68 45 22 35 57 34 70 150 154 155 159
6 48 61 38 15 18 60 50 63 2 30 20 72 1 62 3 52 65 19 9 74 31 8 44 21 53 43 33 10 23 55 45 22 35 12 25 57 34 70 47 37 69 59 49 26 39 150 154 155 159
48 39 20 34 70 30 69 44 59 25 72 49 9 1 31 12 42 15 45 51 13 46 60 73 50 63 23 4 26 7 37 62 10 24 27 8 74 64 54 18 66 2 56 35 16 19 22 3 55 33 68 152 153 157 158
21 64 7 54 31 10 63 8 43 33 23 65 18 68 45 22 35 2 16 19 44 57 34 3 20 56 69 59 26 25 61 38 9 70 12 60 15 73 50 27 30 72 62 39 52 42 4 51 150 151 155 156
64 43 24 27 8 38 60 70 72 2 35 16 49 22 3 33 55 20 50 53 73 30 65 44 25 47 9 61 12 42 15 45 59 51 13 46 66 4 26 68 56 7 37 153 154 158 159
73 74 35 16 68 49 22 52 3 63 55 66 39 69 20 50 72 53 30 44 25 47 1 31 61 42 15 45 59 13 65 23 4 26 7 37 10 43 24 54 27 38 60 2 153 154 158 159
74 54 27 57 8 38 60 72 18 2 35 68 49 52 3 33 63 55 66 39 69 20 50 51 53 34 30 44 25 47 1 15 45 59 62 13 46 23 4 26 56 10 70 43 153 154 158 159
44 47 10 12 42 43 24 27 46 59 61 18 51 35 7 37 60 19 50 22 3 33 38 39 72 62 34 30 2 54 16 1 31 53 66 15 56 13 55 45 23 25 57 70 151 152 156 157
47 57 25 70 9 31 12 45 69 59 72 13 46 61 51 23 26 7 60 10 63 27 8 38 62 18 2 54 35 16 22 3 53 33 66 56 39 34 55 68 30 152 153 157 158
10 54 31 4 53 66 7 20 56 33 23 13 65 8 55 68 45 22 12 25 57 34 24 69 46 59 49 3 61 38 15 51 18 60 27 63 9 1 72 52 42 19 150 154 155 159
54 43 24 27 8 66 65 55 68 35 16 19 22 52 3 57 39 70 50 34 69 59 30 25 9 61 31 12 42 15 45 60 51 13 46 72 62 4 26 7 37 152 153 157 158
2 50 27 30 7 62 39 52 42 19 9 51 31 8 53 66 43 20 56 23 55 68 45 22 35 12 57 24 37 46 59 13 61 15 18 70 1 150 154 155 159
50 16 61 19 49 51 22 33 60 20 34 62 30 25 1 12 42 45 13 46 56 65 55 68 23 4 37 43 24 57 27 70 8 38 69 59 18 152 153 157 158
3 15 18 70 60 63 30 7 1 52 42 19 9 51 31 66 43 20 56 33 23 65 55 68 22 12 57 34 4 69 46 49 26 16 38 150 154 155 159
15 25 57 34 70 24 37 69 46 49 39 16 9 1 61 38 13 60 27 63 30 72 62 52 4 42 8 53 66 20 56 33 65 68 45 22 35 150 151 155 156
22 13 60 63 53 4 52 65 7 42 31 66 43 56 18 33 23 16 45 35 20 57 34 70 24 37 59 72 49 26 39 61 38 150 151 155 156
24 31 12 66 43 13 33 65 55 68 45 35 23 25 4 7 57 34 70 37 8 69 59 49 26 18 61 51 19 27 63 20 72 62 39 52 42 150 151 155 156
66 26 7 37 43 27 57 38 60 72 18 49 52 33 63 55 39 20 53 34 68 9 1 31 61 42 69 59 51 62 13 65 153 154 158 159
13 65 68 57 34 9 37 12 69 46 59 49 25 61 38 4 7 70 60 30 8 39 52 51 31 1 53 43 33 23 150 154 155 159
65 68 23 4 37 52 55 69 8 39 53 18 35 16 19 49 31 33 63 20 51 62 46 30 25 26 56 9 61 12 42 43 27 57 59 60 153 154 158 159
16 70 60 37 62 39 52 42 19 9 1 51 18 53 43 20 33 4 55 68 45 35 8 57 34 56 69 46 59 49 26 25 61 38 150 151 155 156
70 1 31 61 63 45 59 46 26 56 9 12 42 43 27 57 60 35 7 68 19 49 55 8 38 39 69 53 34 72 18 153 154 158 159
25 56 46 59 68 61 38 9 12 60 37 27 72 49 62 42 23 4 7 19 8 63 20 53 43 33 55 45 35 57 150 151 155 156
57 1 12 42 45 46 23 4 68 26 7 37 43 8 38 69 59 72 18 35 61 49 52 55 39 20 60 63 62 30 152 153 157 158
7 53 43 20 56 55 68 45 35 12 34 37 69 46 1 59 49 27 4 30 72 62 39 52 42 19 9 51 31 8 150 154 155 159
59 68 9 1 12 45 69 51 46 61 23 4 56 37 27 8 38 72 62 18 19 49 52 33 55 20 152 153 157 158
68 51 62 46 23 26 9 43 27 38 4 19 52 33 63 55 39 20 53 34 72 31 61 12 42 45 153 154 158 159
45 23 69 4 26 49 37 27 38 61 51 18 62 19 52 33 39 20 34 53 30 9 1 31 42 55 152 153 157 158
61 39 53 34 69 30 9 42 51 63 62 23 4 26 56 27 8 60 18 35 49 52 33 153 154 158 159
31 34 27 37 8 46 49 18 38 51 19 63 20 72 62 52 42 30 9 1 12 53 55 35 23 26 151 152 156 157
27 19 33 55 9 1 12 37 69 72 39 23 38 4 51 26 60 63 8 30 62 42 18 150 151 155 156
55 46 63 26 62 43 8 38 18 56 35 19 49 52 33 39 51 53 60 30 9 1 12 42 152 153 157 158
51 38 39 20 34 30 72 33 46 63 62 9 52 42 43 56 23 35 37 19 152 153 157 158
43 4 37 46 8 38 18 35 19 33 69 72 39 20 34 30 60 63 9 12 42 62 52 151 152 156 157
35 60 63 72 52 42 23 53 56 18 33 37 20 34 49 30 38 9 1 12 151 152 156 157
60 19 49 52 33 20 53 30 12 42 46 69 72 23 4 26 56 37 39 18 153 154 158 159
37 63 1 53 56 23 8 49 38 19 33 72 20 62 39 52 34 30 151 152 156 157
1 34 4 69 49 26 39 38 18 63 30 20 72 52 42 19 9 8 53 56 46 23 12 150 154 155 159
38 20 34 53 56 69 46 23 4 26 49 8 63 72 52 19 42 151 152 156 157
39 18 19 53 33 52 42 34 30 26 9 56 46 23 4 72 49 8 151 152 156 157
34 12 63 72 4 62 26 52 42 53 56 19 33 20 69 30 49 151 152 156 157
62 18 19 49 33 69 53 30 9 12 42 72 46 23 4 26 8 153 154 158 159
69 30 9 42 46 4 56 8 18 19 49 52 63 20 72 53 153 154 158 159
20 4 63 8 30 72 52 19 56 33 23 9 46 49 26 150 151 155 156
12 46 49 26 4 8 30 72 42 19 18 53 56 33 23 9 150 154 155 159
4 63 53 30 56 46 23 26 49 19 9 18 8 150 154 155 159
63 19 49 52 33 53 30 46 23 26 56 9 42 8 18 153 154 158 159
18 72 52 42 19 53 56 33 9 46 49 26 8 150 151 155 156
8 53 56 33 46 30 72 52 42 150 154 155 159
23 53 56 33 9 46 26 19 30 72 52 150 151 155 156
53 26 19 49 33 9 46 152 153 157 158
30 49 19 52 56 33 26 151 152 156 157
9 56 46 26 72 49 19 33 150 154 155 159
42 46 49 19 33 56 26 151 152 156 157
19 52 56 46 49 26 150 151 155 156
56 26 46 152 153 157 158
46 26 49 72 52 152 153 157 158
49 72 52 26 152 153 157 158
72 33 26 52 153 154 158 159
26 33 52 150 151 155 156
52 33 152 153 157 158
33 151 152 156 157
92 133 146 123 100 136 77 80 103 91 145 75 102 81 115 105 147 137 114 117 94 86 149 89 139 116 93 129 106 96 84 76 87 90 128 141 95 131 88 98 140 130 107 143 110 79 82 142 132 85 109 122 99 112 83 121 134 150 151 155 156
133 123 125 126 107 109 121 149 139 86 119 100 101 131 103 85 115 87 117 118 102 132 104 88 143 142 98 79 80 145 110 82 96 97 127 99 144 81 111 134 113 147 146 136 93 105 91 135 122 94 138 75 76 106 90 120 152 153 157 158
111 146 123 136 113 126 105 86 135 148 125 138 115 76 106 87 90 147 137 104 140 117 149 139 116 129 119 79 82 128 85 141 118 96 131 99 83 143 120 93 142 132 77 145 80 110 112 94 75 97 78 144 121 134 114 109 151 152 156 157
146 141 114 144 95 109 149 142 89 122 103 84 76 106 117 139 90 120 123 104 134 126 137 140 121 98 79 101 131 112 85 115 145 96 118 99 129 102 132 83 113 80 110 91 143 124 75 147 97 127 78 138 130 81 153 154 158 159
103 142 97 132 109 122 81 95 144 124 86 89 123 136 100 113 84 76 87 145 90 135 148 125 138 115 105 88 147 137 127 117 98 79 101 149 126 82 116 129 106 96 119 99 118 93 130 107 143 120 77 110 91 94 150 151 155 156
142 76 106 136 87 117 139 90 123 104 134 107 137 88 98 79 101 131 82 112 147 85 96 118 129 102 83 113 114 93 77 80 110 91 94 124 97 127 108 138 81 95 125 126 140 105 86 89 119 100 144 122 153 154 158 159
83 84 149 126 139 116 119 96 86 128 118 95 131 85 98 77 140 80 130 107 143 120 110 75 78 81 132 109 122 99 112 89 144 121 134 88 101 91 123 76 100 145 148 125 115 105 147 114 127 104 117 79 94 150 154 155 159
84 119 132 109 86 99 131 144 121 98 134 88 77 101 80 91 143 75 123 78 100 136 113 90 81 145 135 148 125 102 115 147 137 114 127 94 76 139 93 96 105 141 118 95 108 85 79 140 130 107 97 110 87 150 154 155 159
115 116 129 77 119 91 94 128 141 78 118 108 131 81 114 95 140 130 143 120 86 132 145 122 100 76 90 144 121 104 124 107 88 123 98 79 101 135 82 112 85 96 99 102 113 137 117 149 93 139 151 152 156 157
116 117 99 102 149 114 129 119 128 93 141 118 131 77 110 91 94 75 130 97 143 120 108 81 109 132 145 121 134 124 76 87 123 136 104 126 107 88 135 148 125 138 98 147 79 101 137 82 112 127 85 140 151 152 156 157
75 80 145 135 148 125 102 79 82 147 124 114 104 117 94 149 126 139 93 129 106 96 138 128 105 141 118 95 108 85 98 140 130 107 97 110 87 119 109 86 99 89 131 134 101 91 123 136 113 90 150 154 155 159
80 148 78 125 138 82 147 137 127 104 94 107 139 129 106 119 96 76 86 128 141 131 108 85 98 88 140 143 120 97 87 100 79 132 109 122 99 112 89 121 134 101 114 91 81 113 90 126 93 150 154 155 159
86 89 82 131 85 144 121 134 88 124 101 91 123 100 136 113 90 145 77 112 148 125 102 105 147 81 137 114 127 117 149 106 96 138 128 108 98 140 130 107 143 120 97 110 132 122 99 150 154 155 159
89 99 112 76 144 121 87 134 124 101 88 123 136 90 126 93 135 148 102 82 137 114 104 117 107 149 139 129 106 119 96 77 128 141 118 95 131 78 98 81 140 130 143 120 97 132 109 145 122 150 154 155 159
104 143 120 110 132 109 122 77 112 94 144 97 121 78 134 81 124 123 136 113 126 135 148 125 138 100 105 76 87 147 90 137 114 127 117 88 139 129 106 98 79 101 128 85 108 96 130 150 151 155 156
143 107 137 88 140 121 100 101 82 112 118 99 149 129 102 132 113 135 93 77 79 110 91 94 124 97 78 108 130 81 141 114 95 125 128 109 144 147 119 122 76 136 87 120 153 154 158 159
96 139 129 106 85 138 128 108 98 140 130 93 97 110 77 119 132 109 78 99 81 95 144 121 134 124 101 76 145 135 90 112 148 125 102 105 147 137 114 127 149 79 126 150 151 155 156
139 118 99 102 132 135 145 144 93 110 91 94 124 97 127 78 108 130 125 148 109 105 140 119 100 76 106 136 87 149 117 120 126 107 137 88 121 141 98 79 101 82 112 85 153 154 158 159
117 132 122 93 77 144 79 121 134 91 124 94 78 81 123 114 136 95 145 135 125 105 100 137 76 106 90 149 126 88 138 128 141 118 131 98 101 82 112 140 99 120 113 151 152 156 157
148 149 110 91 124 97 78 108 138 141 144 125 147 128 105 119 100 122 76 106 136 87 90 120 123 134 126 107 88 140 121 98 101 82 85 145 118 99 129 102 132 113 135 93 77 153 154 158 159
149 99 102 132 135 147 93 77 110 91 97 127 78 108 138 130 81 141 114 144 126 128 105 119 100 122 76 106 136 87 120 134 107 88 140 121 98 131 85 145 118 153 154 158 159
108 113 135 101 82 138 85 147 102 137 114 127 126 129 119 77 91 128 141 118 97 131 81 95 140 130 120 110 105 132 109 112 100 76 87 144 121 90 134 124 107 88 123 136 151 152 156 157
113 81 126 95 129 109 128 141 118 105 131 100 140 106 87 120 90 107 88 119 132 122 98 134 79 101 124 82 112 123 145 125 93 77 147 110 91 137 114 127 94 97 151 152 156 157
100 109 122 144 121 101 123 136 85 87 145 99 135 112 102 88 147 124 137 127 82 126 94 129 106 97 81 138 95 128 141 140 93 107 77 120 110 76 119 132 150 151 155 156
109 106 87 123 136 126 107 88 135 125 138 98 79 137 114 101 82 99 129 119 128 141 118 93 131 77 91 140 94 97 120 78 95 132 145 144 121 134 124 151 152 156 157
119 122 85 87 118 99 121 134 124 136 93 126 79 110 112 135 94 125 138 97 81 114 95 147 127 77 91 76 128 131 107 88 140 130 120 132 145 151 152 156 157
122 132 76 106 87 90 120 144 134 147 88 121 123 126 82 112 135 85 99 102 137 127 140 93 77 129 110 91 94 97 78 128 141 81 131 114 95 130 105 152 153 157 158
85 129 106 79 141 118 82 95 131 98 88 130 97 110 87 132 145 99 112 144 121 134 78 81 91 123 126 93 135 125 102 138 147 127 94 107 150 154 155 159
129 99 102 141 131 140 77 130 110 91 124 97 127 78 81 114 145 125 144 134 105 136 87 90 120 135 126 88 138 121 147 137 98 79 101 82 112 152 153 157 158
77 125 102 105 82 147 137 127 81 106 138 128 141 118 95 131 98 130 107 120 97 87 132 144 121 134 124 101 78 91 123 136 90 76 150 154 155 159
125 110 136 94 124 126 78 81 114 95 138 147 137 127 76 106 90 120 123 107 88 128 121 130 79 101 82 112 118 99 132 145 144 134 93 152 153 157 158
78 90 93 145 135 102 138 105 82 147 76 137 114 127 81 94 126 106 128 118 95 131 140 130 107 120 97 110 87 132 112 79 144 101 91 123 136 150 154 155 159
90 132 145 99 112 121 134 124 101 114 91 123 87 136 126 93 88 135 102 138 105 137 79 82 107 128 141 118 95 131 98 140 130 120 150 151 155 156
97 88 135 138 128 105 79 127 140 82 106 131 93 98 94 120 110 81 95 145 99 102 144 147 124 101 114 87 136 126 150 151 155 156
99 76 87 128 141 118 140 130 107 110 98 79 82 132 145 112 101 93 123 136 94 135 81 102 138 105 147 137 127 150 151 155 156
141 79 131 82 112 118 102 135 147 93 110 91 94 124 127 138 130 81 114 95 128 105 76 106 136 120 123 144 134 126 107 137 88 153 154 158 159
123 95 132 145 144 134 124 106 87 120 136 88 121 135 128 79 101 112 137 127 140 118 102 93 131 110 91 94 130 152 153 157 158
130 136 107 88 98 79 101 82 112 137 140 102 93 110 94 124 127 114 95 128 132 145 135 105 144 134 147 76 106 120 152 153 157 158
136 81 95 145 105 76 106 87 120 134 126 107 88 121 147 98 79 82 112 118 132 135 93 140 91 94 124 153 154 158 159
132 76 106 120 107 88 121 79 131 82 112 118 144 93 110 124 127 95 135 128 138 137 105 152 153 157 158
93 105 147 137 114 127 94 126 91 95 131 98 140 88 120 112 144 134 124 101 135 79 102 138 150 151 155 156
105 121 134 91 124 94 81 95 126 135 138 147 137 127 76 87 107 88 106 128 118 82 140 120 102 110 145 112 151 152 156 157
120 107 145 79 101 82 124 112 118 135 138 147 91 137 94 127 95 128 131 76 106 140 152 153 157 158
81 135 102 138 82 95 76 137 140 107 106 128 118 131 98 110 145 112 79 144 134 124 101 114 91 150 154 155 159
106 145 102 112 121 124 114 91 94 95 147 137 127 140 107 76 87 128 118 88 131 110 79 82 151 152 156 157
102 91 94 95 118 131 121 76 112 144 88 134 147 124 114 98 126 101 82 135 138 137 127 140 107 150 151 155 156
107 88 110 145 98 112 79 82 144 134 147 114 95 126 135 91 94 127 128 118 87 151 152 156 157
118 98 79 82 112 131 121 145 110 91 94 114 124 126 135 138 76 128 87 127 88 151 152 156 157
112 91 138 76 87 88 140 98 101 144 134 110 135 94 147 114 127 126 151 152 156 157
76 145 144 114 91 126 135 138 95 147 137 140 94 128 131 98 88 110 87 150 154 155 159
114 126 110 138 94 128 137 95 127 101 131 87 121 98 135 82 144 134 147 124 151 152 156 157
88 110 144 121 134 124 91 82 145 147 137 94 126 95 131 98 150 154 155 159
110 138 137 79 101 82 128 131 140 94 145 95 121 134 124 87 151 152 156 157
82 138 95 98 87 121 134 124 101 91 145 135 79 147 126 150 154 155 159
144 87 126 140 121 98 79 101 131 135 91 145 94 127 138 95 147 128 153 154 158 159
137 91 145 94 124 95 128 138 87 134 140 121 98 79 131 135 153 154 158 159
95 126 79 135 138 147 127 128 145 87 121 134 124 101 150 151 155 156
87 121 124 101 79 135 147 127 94 126 138 128 131 98 140 150 154 155 159
79 138 128 140 131 98 134 101 91 145 124 127 126 150 154 155 159
138 145 94 124 127 128 91 134 126 121 140 98 101 153 154 158 159
126 145 134 147 91 124 121 128 127 140 131 94 152 153 157 158
91 147 127 94 128 98 131 121 134 101 150 151 155 156
145 134 101 131 98 94 124 127 128 147 153 154 158 159
98 128 140 121 134 124 101 94 135 147 127 150 151 155 156
128 101 135 124 127 131 147 152 153 157 158
94 135 127 131 140 121 134 101 150 151 155 156
135 124 127 134 121 101 131 140 153 154 158 159
131 101 134 124 127 147 140 121 152 153 157 158
140 127 124 121 101 134 153 154 158 159
124 147 121 101 134 152 153 157 158
147 121 101 127 153 154 158 159
121 101 134 127 152 153 157 158
101 127 150 151 155 156
134 127 152 153 157 158
127 152 153 157 158
150
151
152
153
154
155
156
157
158
159
