#/usr/local/lib/python3.10/dist-packages/colab_kernel_launcher.py -f /root/.local/share/jupyter/runtime/kernel-2b515d16-c871-48c9-ad2b-cd6ecd503099.json
# GMT Thu May 23 11:47:41 2024
# 
16 93 83 60 37 73 72 14 39 75 19 9 12 51 64 18 13 21 20 33 65 78 55 10 32 68 45 90 67 92 69 59 2 49 0 58 3 61 6 200 201
93 68 52 3 33 63 97 85 36 17 39 69 20 50 51 53 67 84 30 14 31 61 42 45 76 29 92 46 79 91 56 73 57 8 41 95 2 5 208 209
0 5 83 60 73 50 4 17 7 82 95 72 49 62 19 94 41 54 8 99 53 20 10 75 65 55 35 2 67 80 57 24 1 14 56 36 13 25 200 209
5 27 40 17 95 85 62 42 77 31 53 33 13 88 65 68 58 90 80 34 70 47 24 37 14 69 46 36 49 39 91 81 48 61 38 15 28 200 209
11 14 89 79 59 36 91 94 71 25 38 15 50 4 17 82 95 3 85 75 29 42 74 51 41 18 54 96 99 1 33 98 88 78 68 35 90 44 47 200 201
14 92 82 12 59 36 26 81 13 71 38 18 83 60 96 73 50 63 62 32 84 87 64 86 20 33 88 65 68 45 35 80 70 47 200 201
58 95 85 98 32 65 46 74 64 25 28 10 76 40 43 27 41 88 78 91 68 67 21 92 69 72 81 94 71 2 47 19 49 63 1 33 45 204 205
95 2 22 55 66 69 20 72 84 25 28 9 61 12 42 15 94 96 75 48 78 59 32 13 23 4 7 43 54 8 87 38 60 74 208 209
29 68 35 90 67 80 57 34 70 47 19 82 20 91 48 60 63 1 72 15 84 97 74 64 31 23 99 26 7 89 66 43 56 21 24 8 55 201 202
68 51 32 13 73 85 98 75 7 37 9 10 21 57 38 60 18 35 78 91 19 3 66 39 82 44 81 1 71 61 84 64 205 206
40 77 54 44 76 53 89 6 17 98 88 65 30 90 70 28 9 31 12 15 91 94 48 61 51 23 4 83 96 73 37 63 27 8 72 52 87 203 204
77 70 85 12 42 73 27 41 89 7 37 22 55 36 78 8 69 50 72 30 2 19 49 31 3 33 64 45 75 17 48 65 46 96 86 44 56 206 207
33 38 4 26 7 63 10 8 52 97 41 44 53 43 17 65 78 55 45 90 67 30 57 37 25 28 79 12 46 49 71 61 202 203
38 36 84 97 51 64 41 54 34 86 99 53 66 9 31 32 90 44 47 46 82 59 26 49 7 81 24 48 8 83 18 72 35 202 203
73 74 87 35 19 63 36 69 20 53 78 9 31 61 12 64 15 59 46 84 23 4 56 70 96 24 27 8 60 71 85 18 206 207
74 57 86 2 99 49 22 78 66 17 51 53 67 90 80 30 25 61 12 42 48 81 84 13 65 46 83 96 26 56 7 10 70 21 206 207
6 84 61 51 18 60 96 2 85 52 65 42 64 41 54 99 53 66 46 88 78 55 91 22 35 12 25 90 57 4 69 82 36 49 39 94 71 200 209
84 8 39 69 94 47 1 63 17 51 98 65 79 25 26 28 42 43 99 45 75 89 27 57 60 71 37 22 52 82 207 208
25 34 15 17 92 26 81 71 28 83 72 49 39 94 23 97 7 51 87 19 31 22 96 8 76 75 65 18 2 1 57 201 202
34 28 91 9 12 48 60 50 85 62 75 52 7 10 97 8 64 41 54 99 76 53 43 98 19 55 22 3 17 90 80 57 46 36 49 202 203
44 47 9 42 43 92 27 41 91 81 18 51 37 96 50 21 36 39 20 97 30 54 28 89 15 17 98 32 13 65 23 57 70 203 204
47 57 28 9 31 12 42 15 94 61 4 37 10 43 24 27 62 75 97 18 87 54 35 19 99 3 66 20 88 78 91 203 204
2 50 42 64 41 31 8 96 63 66 56 10 88 45 67 80 57 24 37 4 92 69 46 13 91 81 61 28 18 83 200 209
50 35 19 49 3 17 20 63 72 85 52 28 9 54 15 76 13 89 66 46 88 65 55 21 90 43 67 57 41 59 18 204 205
3 15 60 27 63 30 7 72 1 62 39 64 31 99 76 66 20 10 22 35 90 67 57 24 37 4 79 82 26 81 94 200 209
15 57 79 92 69 36 91 81 1 18 83 13 27 63 17 85 62 75 10 64 54 99 53 43 98 78 45 35 200 201
54 97 43 27 41 76 56 18 98 78 90 36 79 30 81 28 61 1 45 48 46 72 85 23 4 26 7 37 204 205
97 76 60 71 35 22 17 69 20 53 67 30 98 9 1 80 31 61 94 75 32 13 92 65 79 4 7 10 89 70 208 209
13 65 55 35 80 9 24 12 79 92 46 59 81 71 48 4 70 27 63 72 62 75 87 41 21 1 56 200 201
65 78 91 90 80 70 7 21 69 39 19 49 1 86 31 51 32 62 87 61 76 66 45 205 206
32 78 55 45 90 80 70 4 7 79 92 82 39 81 94 61 96 63 19 1 31 85 52 64 41 76 53 43 27 88 202 203
78 23 26 56 7 82 70 43 24 41 81 71 18 83 19 49 22 63 87 89 61 42 59 91 206 207
43 87 64 26 99 76 89 79 8 18 35 82 36 17 20 94 71 48 30 96 28 63 12 85 62 98 203 204
87 76 27 57 60 71 99 18 35 88 55 85 17 39 20 53 83 86 92 80 31 61 94 64 26 9 10 70 21 207 208
96 99 35 37 19 82 55 36 66 67 30 63 94 45 17 79 26 56 28 10 42 27 57 59 41 91 208 209
99 89 70 57 8 60 18 35 22 52 85 66 17 20 86 30 9 31 94 75 48 59 51 81 98 208 209
57 48 51 86 76 98 88 7 10 24 90 27 8 70 79 92 59 19 52 60 204 205
18 30 62 75 42 64 41 86 1 98 55 22 35 67 80 9 92 49 26 91 61 200 201
30 92 82 4 59 91 81 94 71 17 48 51 83 60 52 42 64 86 76 23 7 88 27 35 70 37 202 203
70 61 86 76 89 48 88 56 28 10 12 41 81 71 7 37 49 21 22 55 36 69 206 207
85 52 98 69 20 72 89 9 31 42 45 75 48 88 51 90 23 4 10 92 24 76 71 207 208
69 81 94 71 31 61 86 42 45 62 98 89 27 79 90 80 19 52 55 66 20 82 72 67 205 206
81 91 92 9 1 31 45 75 62 46 79 23 26 56 21 98 60 71 89 36 207 208
21 41 10 86 8 53 66 88 55 45 22 19 79 56 91 71 48 28 12 60 37 27 82 62 39 42 4 201 202
41 27 39 86 53 56 35 88 55 46 9 1 31 91 83 26 7 52 10 203 204
80 90 9 1 31 61 64 45 59 92 62 82 26 7 37 10 8 19 49 52 63 55 39 53 88 207 208
90 12 64 48 59 56 89 91 76 8 60 71 19 49 22 52 82 66 67 98 208 209
61 36 17 39 91 94 45 63 75 56 10 24 86 66 88 35 52 205 206
91 79 26 9 42 88 7 22 52 39 53 35 63 36 66 48 208 209
39 94 71 83 53 1 31 17 62 52 64 79 56 27 55 45 23 60 4 37 22 59 202 203
94 20 67 28 12 62 92 26 7 89 24 76 35 19 49 22 52 55 66 208 209
12 24 89 59 36 26 7 71 48 83 60 17 72 52 19 86 56 23 98 55 22 35 200 201
55 23 7 10 75 67 76 66 49 22 52 51 53 28 9 1 42 204 205
51 36 60 92 82 72 49 1 45 17 53 26 98 28 9 42 67 76 56 4 7 37 204 205
23 86 76 66 98 7 9 67 37 46 82 4 49 26 19 22 48 20 83 75 52 42 1 64 31 201 202
86 56 37 10 24 71 72 98 49 22 82 63 88 28 1 31 42 45 75 48 59 46 207 208
64 24 27 8 60 92 82 52 83 98 75 62 76 89 88 4 37 205 206
83 49 52 82 63 36 66 20 72 67 98 31 59 62 4 88 26 37 10 24 27 8 207 208
35 62 26 24 8 56 98 19 37 79 92 59 28 9 202 203
36 63 9 72 62 42 4 7 10 8 88 19 79 82 59 17 20 202 203
9 24 79 59 71 48 28 82 72 52 75 88 4 45 200 209
76 4 26 10 24 79 88 19 22 66 20 72 82 28 59 62 206 207
42 89 46 59 49 19 22 71 20 82 72 75 66 24 45 203 204
8 66 88 67 24 46 59 26 48 28 27 17 62 75 52 4 200 209
89 26 10 27 60 71 88 4 22 92 66 20 72 53 67 28 62 46 79 207 208
71 67 28 31 26 56 37 10 24 27 22 52 206 207
31 67 27 59 49 48 19 20 72 75 66 45 4 202 203
67 59 60 26 37 72 10 75 27 98 22 88 53 79 82 205 206
20 63 72 75 1 53 17 98 88 45 24 37 79 82 201 202
24 1 53 45 37 79 46 26 48 28 22 60 27 17 201 202
60 49 1 45 59 46 82 4 56 7 62 98 75 205 206
17 28 1 63 98 7 10 37 79 46 59 200 201
28 37 92 59 75 10 66 56 98 45 201 202
1 37 27 7 72 62 75 52 53 56 46 22 200 209
98 37 53 19 49 63 66 59 92 208 209
10 4 66 37 92 46 26 62 200 201
45 79 4 37 63 62 19 22 53 56 203 204
37 63 7 49 48 202 203
27 46 88 92 72 49 4 26 22 201 202
79 88 92 4 26 56 53 19 52 66 48 206 207
92 75 48 46 26 56 19 49 52 63 53 208 209
4 46 82 72 62 19 200 209
56 66 26 7 19 22 52 53 75 46 204 205
49 63 62 52 48 46 88 59 203 204
19 63 62 7 48 200 201
52 63 62 22 59 72 204 205
66 63 53 88 48 82 46 205 206
26 48 62 22 201 202
88 22 82 72 53 207 208
82 75 48 46 63 72 207 208
63 22 72 59 46 205 206
59 46 7 72 62 204 205
7 53 48 75 200 209
53 22 62 75 46 204 205
62 48 72 75 205 206
48 72 75 203 204
46 22 72 203 204
75 206 207
22 201 202
72 206 207
124 197 187 141 154 101 144 112 115 186 166 143 113 133 132 145 135 167 180 134 170 192 169 146 136 149 194 171 161 138 151 119 100 122 127 163 195 152 111 201 202
197 154 127 187 171 158 191 135 168 119 149 122 103 185 166 117 139 172 186 130 125 147 128 180 131 112 142 194 145 129 159 195 179 123 104 140 170 173 208 209
136 171 148 138 193 111 114 173 125 140 101 131 115 195 185 152 132 142 113 141 123 166 143 121 156 108 188 158 180 170 135 116 192 133 159 191 134 194 202 203
171 134 167 186 111 109 131 161 148 159 162 165 190 123 104 126 179 107 137 182 140 170 121 154 127 181 160 141 184 158 102 105 119 122 103 106 206 207
155 184 161 146 196 163 126 137 162 143 108 189 102 179 156 119 152 103 178 168 150 151 134 193 170 160 130 111 114 169 182 101 131 112 142 115 145 194 129 204 205
184 106 139 192 118 102 193 101 131 196 161 103 163 117 148 151 195 134 179 114 125 126 110 143 199 145 189 127 157 129 160 188 158 123 122 152 154 207 208
128 167 122 180 103 117 192 182 194 161 125 138 109 101 193 115 173 130 162 175 142 151 107 164 154 131 186 176 153 189 166 143 198 178 168 135 105 100 201 202
167 101 131 161 181 160 183 196 126 107 195 110 185 140 121 143 154 127 141 187 118 186 189 105 149 188 163 166 117 150 153 134 170 111 192 147 205 206
140 141 102 105 186 100 153 143 156 106 139 120 178 145 158 130 190 180 147 101 115 182 149 191 104 183 126 107 150 163 110 127 195 138 185 203 204
141 142 121 164 154 186 153 143 105 198 100 178 122 168 145 133 158 120 170 182 114 161 132 193 196 163 123 195 185 126 107 137 152 110 203 204
150 191 102 135 119 151 100 103 117 160 196 163 162 175 144 177 154 186 199 132 176 153 146 156 188 178 168 126 107 137 110 190 180 182 159 118 204 205
191 181 132 162 165 198 130 114 125 109 131 175 157 190 174 177 158 188 104 107 168 110 193 182 106 172 186 194 105 135 116 147 100 101 133 208 209
121 164 107 199 198 188 178 118 168 102 105 144 157 103 147 117 146 149 111 148 125 161 114 109 170 112 183 160 115 130 113 172 185 104 187 201 202
164 143 190 127 160 158 135 194 119 152 133 163 106 117 193 120 183 134 111 114 109 131 161 112 115 177 129 159 151 162 199 146 166 123 156 107 205 206
142 144 180 147 192 116 139 120 134 193 183 173 130 195 125 172 101 131 112 115 187 132 113 154 186 176 153 166 123 137 109 110 178 127 203 204
106 138 115 118 193 127 102 120 195 100 185 175 132 109 174 108 189 156 110 113 145 158 135 112 190 180 137 114 105 182 149 126 139 116 200 209
102 130 195 172 139 175 129 174 187 111 196 186 199 153 166 110 198 132 122 190 144 157 100 147 114 182 158 194 115 105 183 173 200 209
122 113 183 196 130 195 198 129 174 177 154 131 199 189 143 188 116 100 158 103 125 117 190 170 147 127 182 149 114 109 112 151 201 202
154 174 143 196 189 165 178 135 100 103 133 134 192 169 111 147 161 101 131 145 193 173 132 113 146 162 175 126 107 204 205
132 178 113 135 190 157 134 170 104 107 179 139 108 120 194 161 118 193 130 173 119 131 195 165 187 199 176 126 143 198 202 203
178 180 126 156 137 170 143 176 108 138 174 118 183 168 119 152 133 139 120 172 134 130 186 114 125 188 148 129 159 151 206 207
116 170 173 117 130 182 111 185 162 139 175 152 112 115 174 187 118 131 196 163 176 153 198 110 145 144 189 179 156 146 194 103 125 161 200 201
170 189 129 159 151 165 146 126 179 160 182 181 123 105 135 107 168 119 149 183 166 169 120 153 195 172 118 206 207
135 183 160 196 173 129 163 172 185 175 152 123 177 144 176 165 105 133 157 117 179 159 149 181 148 109 112 115 202 203
183 168 149 103 133 163 166 139 169 120 193 185 131 161 145 175 151 162 199 156 107 137 173 176 157 108 138 160 174 207 208
148 158 120 134 180 130 192 114 182 144 147 101 131 145 161 193 196 173 185 137 175 110 152 165 108 138 174 187 177 118 189 100 168 203 204
161 117 180 139 182 194 129 196 113 195 172 185 104 126 174 177 157 138 118 188 105 168 119 103 133 205 206
115 125 180 157 134 137 179 169 182 159 126 101 118 160 195 185 162 129 174 187 186 199 189 166 120 133 165 200 201
125 179 192 169 159 168 111 158 110 112 160 127 182 172 149 185 162 152 105 119 196 153 130 166 133 175 165 101 201 202
147 157 109 131 145 192 182 159 129 146 181 151 123 104 107 137 160 163 138 118 100 199 103 153 189 139 134 168 111 203 204
157 109 101 174 187 177 129 176 189 146 198 107 137 190 180 127 108 138 192 169 159 181 100 103 133 160 173 134 195 204 205
107 176 105 166 143 133 100 123 103 198 145 177 190 137 114 192 146 181 158 160 127 117 185 139 200 209
118 130 172 162 175 119 187 131 114 176 189 133 188 165 113 145 134 112 182 126 181 194 138 104 173 127 200 201
130 179 192 169 182 105 159 103 120 151 160 172 129 113 186 189 166 156 133 123 198 109 190 137 202 203
159 168 111 177 144 109 101 131 179 146 123 193 137 185 175 174 187 105 196 199 103 133 166 117 139 188 204 205
168 151 193 113 175 109 108 199 158 188 105 119 100 133 166 117 180 134 169 182 172 114 181 194 205 206
105 160 196 127 172 185 187 111 199 176 153 166 133 110 198 165 137 179 192 182 151 193 200 209
160 100 174 187 152 177 134 166 179 129 192 169 104 126 194 110 127 108 185 198 175 165 205 206
146 198 126 109 190 112 143 127 113 169 104 137 151 193 108 138 139 163 185 165 101 133 117 186 120 189 134 203 204
198 177 158 123 104 156 137 138 186 100 180 182 194 166 117 165 195 179 111 101 189 173 176 162 113 208 209
180 190 109 101 131 145 181 126 156 110 196 176 174 195 187 119 149 133 163 139 169 120 188 144 207 208
169 181 194 114 186 129 151 162 113 174 187 177 110 176 108 138 158 190 119 100 103 133 166 117 192 139 205 206
181 153 111 114 144 109 112 145 175 129 194 113 165 186 104 185 173 176 138 172 174 199 189 149 133 188 117 207 208
129 145 134 137 100 151 173 114 109 162 139 175 152 113 174 144 123 186 153 189 108 188 201 202
145 190 179 192 104 126 110 194 193 173 172 162 152 103 117 174 177 114 144 101 188 131 203 204
158 185 151 175 134 187 177 111 114 144 109 110 189 166 143 123 138 172 194 193 119 149 204 205
190 112 162 179 199 137 110 189 127 108 187 174 177 192 149 103 194 117 139 172 153 186 195 208 209
196 137 166 138 139 120 172 186 144 149 131 194 162 165 195 179 111 156 173 176 193 174 123 208 209
174 108 172 187 186 189 188 117 139 151 111 114 144 131 112 123 110 143 206 207
112 177 134 137 114 189 179 126 104 138 127 172 162 139 152 119 176 143 156 133 111 188 109 200 201
177 127 123 179 137 152 188 138 139 120 153 193 114 192 182 149 131 133 117 151 134 144 206 207
151 138 193 144 100 103 133 173 163 153 111 152 165 187 199 156 123 104 119 204 205
103 195 162 139 131 108 153 189 120 133 123 165 114 104 179 192 149 194 200 209
143 126 186 199 110 166 179 108 188 100 117 139 134 163 109 153 195 185 162 152 113 203 204
114 137 109 192 101 182 149 194 117 110 185 162 152 108 133 200 201
137 101 153 188 113 144 123 179 108 138 104 173 195 120 175 202 203
101 149 194 138 193 127 163 185 162 165 144 111 100 186 199 189 156 188 200 209
187 119 100 163 185 166 117 120 134 144 131 162 113 193 179 123 126 110 207 208
109 144 134 111 189 192 173 117 182 172 149 185 162 186 176 120 133 200 209
144 127 108 149 104 119 163 162 175 152 199 176 166 156 113 111 123 203 204
193 119 152 120 111 162 113 192 123 126 156 110 173 138 188 208 209
138 186 176 166 131 179 192 123 104 149 172 162 139 152 119 202 203
185 149 152 182 163 120 175 188 162 179 104 192 194 207 208
194 120 172 153 134 186 175 165 156 188 199 119 182 133 208 209
127 131 100 199 176 156 188 111 134 179 149 139 173 163 108 195 165 201 202
119 163 172 175 131 186 199 176 120 123 188 149 126 104 110 108 200 201
111 189 156 126 104 117 182 162 131 163 199 100 120 200 201
189 176 108 149 152 139 100 195 175 117 113 165 207 208
131 120 176 153 156 133 188 104 126 202 203
162 192 139 163 113 123 156 176 188 205 206
120 104 175 100 186 199 176 153 156 165 192 113 126 201 202
173 100 152 163 186 199 176 117 139 153 188 192 113 165 123 108 206 207
117 195 172 175 186 163 199 176 123 182 200 201
179 192 104 156 153 195 149 100 152 133 166 134 206 207
139 186 163 100 165 199 110 156 123 202 203
113 110 182 149 126 163 108 195 172 152 176 156 123 200 201
192 175 165 126 156 110 195 152 172 153 208 209
104 199 153 133 110 175 188 165 134 123 182 195 108 200 209
199 156 108 149 100 133 163 166 172 153 165 208 209
134 175 126 176 153 166 156 165 149 202 203
175 182 152 172 195 165 176 126 156 110 206 207
108 153 166 110 123 165 100 182 149 126 163 195 200 209
153 126 110 165 149 152 166 156 172 204 205
172 133 163 166 176 126 156 152 206 207
163 152 100 176 188 123 156 182 205 206
165 123 152 182 100 195 126 205 206
149 100 186 166 126 182 203 204
156 126 188 195 100 204 205
152 195 133 186 188 110 204 205
123 166 133 201 202
166 110 195 186 188 205 206
100 195 186 200 209
182 186 110 207 208
126 110 201 202
176 110 188 186 195 206 207
186 207 208
133 188 202 203
195 208 209
110 188 200 201
188 207 208
200
201
202
203
204
205
206
207
208
209
