#/usr/local/lib/python3.10/dist-packages/colab_kernel_launcher.py -f /root/.local/share/jupyter/runtime/kernel-6c0fbf18-c276-4b2d-9452-8819c27dba4d.json
# GMT Sat May 25 02:29:21 2024
# 
36 71 48 30 14 73 25 63 40 28 1 31 62 29 65 32 74 64 44 4 26 7 76 53 66 43 27 8 55 68 45 58 18 57 2 70 37 16 19 0 69 33 46 6 17 49 39 157 158 163 164 169 170
71 66 17 39 20 50 53 34 74 67 77 14 25 47 28 9 31 42 59 51 65 23 4 56 7 37 10 21 43 27 57 8 60 41 58 18 73 2 5 35 68 49 0 72 3 55 160 161 166 167 172 173
28 67 22 6 20 46 58 14 48 61 25 70 15 60 73 50 63 30 13 72 62 39 75 52 29 42 23 4 26 64 41 54 31 44 24 27 76 66 43 18 68 45 2 35 5 157 158 163 164 169 170
67 9 31 61 64 15 48 29 60 62 73 23 26 56 37 10 40 21 24 54 55 27 57 74 77 2 35 16 19 49 0 22 52 3 33 66 68 17 20 53 34 65 70 69 47 160 161 166 167 172 173
0 5 70 60 73 27 4 40 17 72 49 39 29 6 42 64 41 54 31 21 76 53 66 10 65 68 22 35 12 77 57 11 47 24 1 14 69 46 59 26 3 16 25 38 156 161 162 167 168 173
5 60 73 3 63 30 62 75 52 42 9 74 64 41 77 54 44 21 1 11 76 66 43 20 10 68 22 58 12 25 4 57 34 70 24 37 69 59 49 16 61 38 2 18 156 161 162 167 168 173
6 48 61 38 15 51 18 73 50 27 40 2 17 7 72 1 75 52 29 42 32 41 31 11 66 43 33 10 46 23 13 45 22 57 34 70 37 4 69 59 49 26 39 16 156 161 162 167 168 173
48 17 39 20 57 70 30 69 14 44 59 25 72 47 49 12 42 15 45 51 46 60 50 63 53 4 26 62 10 52 27 8 74 41 64 76 66 2 16 19 22 3 68 158 159 164 165 170 171
29 68 18 34 47 2 37 19 22 46 59 49 17 61 51 11 73 14 9 1 12 15 75 52 42 13 64 41 54 31 44 23 4 66 43 10 56 21 24 27 8 55 157 158 163 164 169 170
68 62 73 75 26 56 7 9 43 24 74 54 27 57 8 60 76 58 18 2 4 35 19 49 22 3 33 55 66 17 20 50 69 30 14 1 61 64 15 160 161 166 167 172 173
21 64 7 41 31 63 76 66 43 33 23 65 55 18 45 22 16 34 47 24 56 69 46 59 26 58 25 38 9 70 60 15 37 73 50 27 40 62 39 75 42 51 156 157 162 163 168 169
64 27 8 38 69 18 72 2 22 3 33 55 17 39 20 50 53 34 30 11 14 44 25 9 31 61 74 15 77 59 62 76 46 23 4 26 7 40 159 160 165 166 171 172
40 77 54 2 35 19 53 22 3 43 33 39 20 65 45 58 11 57 14 70 9 1 31 12 15 69 32 13 61 23 26 60 7 73 10 24 27 38 75 52 42 158 159 164 165 170 171
77 70 43 73 27 59 60 41 13 74 23 4 7 37 22 52 24 54 55 69 20 50 72 18 30 16 47 19 1 31 3 33 63 15 17 34 65 46 44 26 10 160 161 166 167 172 173
41 42 74 38 44 76 18 56 2 35 16 19 55 22 33 58 17 70 47 30 69 46 59 14 49 25 15 61 51 13 60 73 50 63 4 75 37 52 158 159 164 165 170 171
42 57 47 18 69 46 49 39 60 50 30 11 14 62 75 1 31 12 74 51 32 54 63 76 53 66 56 23 7 37 9 10 65 55 24 45 8 158 159 164 165 170 171
33 38 60 4 26 7 63 10 72 27 8 62 75 52 51 19 53 66 43 3 17 20 65 55 45 11 57 34 47 37 1 31 69 46 15 49 32 13 157 158 163 164 169 170
38 74 51 20 76 53 66 30 56 11 14 25 65 9 55 45 15 32 13 44 57 69 46 23 4 49 7 10 24 58 8 73 50 72 35 62 39 52 3 157 158 163 164 169 170
73 74 35 19 49 22 52 63 39 53 30 25 9 1 31 12 59 32 65 46 4 7 37 10 70 43 24 54 57 8 60 18 2 160 161 166 167 172 173
74 75 24 54 27 8 60 72 58 16 22 3 63 55 66 69 20 50 30 14 47 1 31 12 45 59 32 62 13 65 4 26 37 10 70 160 161 166 167 172 173
44 47 10 43 24 69 8 59 58 61 4 35 37 19 39 20 72 62 75 52 2 54 14 1 76 53 15 56 32 13 65 55 11 23 25 57 26 70 158 159 164 165 170 171
47 70 9 1 12 15 69 72 49 61 23 37 60 10 63 43 24 27 8 52 65 18 2 54 16 19 22 76 53 56 55 58 30 11 14 158 159 164 165 170 171
10 54 31 11 76 53 66 43 56 23 13 55 45 58 35 25 34 70 24 14 2 46 49 39 61 51 50 17 62 52 19 156 161 162 167 168 173
54 24 76 56 18 55 35 16 19 49 22 3 17 20 50 34 59 30 11 14 25 31 12 45 60 51 32 63 72 23 26 7 37 159 160 165 166 171 172
3 15 27 17 30 72 1 62 75 52 19 9 51 31 8 11 76 20 56 65 45 22 35 12 25 57 34 37 2 46 13 16 58 61 156 161 162 167 168 173
15 25 34 24 37 11 26 39 14 9 1 61 50 27 63 17 62 7 32 31 76 66 43 20 56 2 65 55 45 22 58 156 157 162 163 168 169
22 50 53 62 65 7 8 31 43 56 18 2 19 45 35 17 20 57 34 70 37 69 59 11 26 39 9 61 156 157 162 163 168 169
75 18 2 4 16 63 17 39 69 20 50 72 30 11 14 31 61 12 45 59 51 62 13 65 46 23 76 25 26 56 37 70 27 8 160 161 166 167 172 173
66 26 37 72 58 18 2 35 16 76 55 17 39 53 34 30 11 14 25 9 1 61 12 45 69 51 32 62 13 46 160 161 166 167 172 173
24 31 9 12 76 56 32 45 7 57 34 70 37 8 46 59 49 58 51 19 50 27 63 30 72 62 39 52 11 156 157 162 163 168 169
25 17 56 69 46 59 26 11 61 9 12 70 27 13 72 49 62 39 4 19 31 8 63 76 30 32 35 16 1 156 157 162 163 168 169
7 63 76 20 56 23 65 55 32 12 57 34 37 14 69 1 59 16 61 70 60 50 17 30 72 62 39 52 9 31 8 156 161 162 167 168 173
18 30 72 19 51 16 76 53 43 17 32 45 35 57 11 34 37 9 12 69 46 59 49 8 61 70 4 27 63 156 157 162 163 168 169
30 2 69 46 4 17 20 51 60 63 11 72 62 39 52 1 12 56 26 9 65 55 58 27 35 34 157 158 163 164 169 170
60 35 19 49 52 20 51 34 11 9 1 31 12 45 59 46 69 72 23 4 26 37 55 27 58 62 65 2 159 160 165 166 171 172
70 1 63 76 17 59 51 32 62 46 26 12 43 27 57 13 58 19 52 55 8 20 50 34 2 160 161 166 167 172 173
17 50 62 11 51 31 9 1 12 63 76 43 56 13 23 65 32 45 57 8 46 59 49 156 157 162 163 168 169
9 57 11 14 56 46 23 2 26 16 61 37 62 52 19 51 43 20 4 65 55 32 45 12 156 161 162 167 168 173
61 39 20 50 53 69 31 12 45 51 32 63 46 23 26 43 27 57 8 58 2 65 35 19 49 52 159 160 165 166 171 172
31 57 34 37 8 59 16 19 50 63 62 65 11 53 43 13 56 45 58 4 157 158 163 164 169 170
2 27 39 52 51 8 63 43 55 32 35 12 57 34 37 14 59 13 16 58 1 156 161 162 167 168 173
27 76 43 46 45 57 34 12 37 69 13 59 72 49 4 51 8 53 65 32 157 158 163 164 169 170
35 50 13 72 52 4 26 8 76 53 43 65 55 45 58 16 19 57 37 20 69 59 49 14 51 1 157 158 163 164 169 170
39 51 50 16 63 19 62 20 52 65 32 34 11 14 26 43 56 46 55 45 58 23 8 158 159 164 165 170 171
13 55 32 11 57 34 37 12 14 69 46 59 49 26 16 58 50 8 72 19 51 1 53 43 20 23 156 157 162 163 168 169
55 63 23 4 62 76 56 49 52 58 20 50 34 11 14 69 59 72 1 159 160 165 166 171 172
43 23 76 46 58 16 19 69 20 51 14 50 63 1 12 62 32 52 65 158 159 164 165 170 171
58 62 51 34 14 26 56 23 52 59 8 72 53 16 19 49 63 1 45 159 160 165 166 171 172
62 16 19 52 20 50 53 14 12 59 72 46 23 37 76 159 160 165 166 171 172
57 1 12 45 46 23 4 26 56 37 59 72 19 49 20 50 34 11 14 159 160 165 166 171 172
51 8 50 69 14 72 16 1 45 32 63 53 11 26 12 76 56 19 158 159 164 165 170 171
20 63 72 52 32 16 19 76 56 23 65 45 11 34 12 49 156 157 162 163 168 169
32 45 34 23 37 4 69 59 72 49 50 14 63 19 52 65 11 53 56 12 157 158 163 164 169 170
45 23 59 72 16 19 52 34 53 11 56 14 1 65 12 158 159 164 165 170 171
4 63 53 1 12 34 14 56 69 46 23 59 26 16 37 50 49 8 156 161 162 167 168 173
63 37 49 52 72 34 14 76 65 11 26 56 8 69 159 160 165 166 171 172
23 76 53 56 65 8 46 59 49 26 50 11 72 14 12 156 157 162 163 168 169
76 37 8 16 19 52 72 53 34 11 14 12 46 160 161 166 167 172 173
16 37 50 11 14 19 1 12 53 65 34 56 46 49 26 156 157 162 163 168 169
37 1 53 59 8 50 72 52 34 157 158 163 164 169 170
50 34 72 11 1 12 53 56 8 69 59 158 159 164 165 170 171
1 34 69 59 49 26 19 11 53 56 46 156 161 162 167 168 173
8 53 65 12 34 46 49 26 72 19 156 161 162 167 168 173
53 65 49 34 56 11 14 12 46 69 59 72 159 160 165 166 171 172
34 72 26 52 65 46 157 158 163 164 169 170
11 56 46 52 19 65 156 161 162 167 168 173
19 52 56 14 12 59 26 156 157 162 163 168 169
56 26 59 49 52 14 12 159 160 165 166 171 172
69 12 59 65 46 49 52 72 160 161 166 167 172 173
12 59 72 65 156 161 162 167 168 173
49 14 72 52 46 26 65 158 159 164 165 170 171
72 65 52 160 161 166 167 172 173
46 26 52 158 159 164 165 170 171
14 26 52 65 156 157 162 163 168 169
26 59 52 65 157 158 163 164 169 170
52 159 160 165 166 171 172
59 65 159 160 165 166 171 172
65 160 161 166 167 172 173
114 149 126 139 116 108 89 92 151 128 141 118 106 87 79 150 120 91 152 142 155 122 101 104 85 131 88 121 99 102 133 123 136 135 80 148 125 113 115 94 97 100 111 124 84 117 98 157 158 163 164 169 170
149 95 117 128 112 145 155 108 89 154 92 106 79 90 120 142 126 107 129 91 101 82 104 115 88 121 132 135 86 116 138 119 136 96 80 113 146 97 78 150 100 81 153 141 133 84 160 161 166 167 172 173
107 110 146 123 155 145 96 135 112 148 80 83 94 97 147 124 81 137 84 98 136 139 129 138 92 103 118 106 87 90 140 153 130 120 91 152 142 132 104 154 85 131 88 134 143 133 157 158 163 164 169 170
110 123 136 113 112 148 82 85 100 102 150 127 84 98 126 129 96 108 80 138 128 92 118 94 78 79 109 81 93 95 130 152 142 132 89 103 154 104 131 144 106 88 134 111 124 105 157 158 163 164 169 170
86 87 152 142 119 122 99 89 154 121 98 111 88 101 83 133 146 123 100 90 78 81 155 145 112 147 91 127 94 136 126 79 103 139 106 138 151 128 108 140 117 153 120 82 97 85 156 161 162 167 168 173
87 145 122 112 89 125 134 147 124 101 137 83 146 78 81 103 93 84 138 115 105 118 140 117 130 152 129 119 99 141 154 131 108 144 98 88 153 82 143 120 85 123 113 90 156 161 162 167 168 173
78 83 138 128 82 85 150 127 140 117 120 129 142 96 109 154 108 144 98 88 101 153 143 133 146 123 100 90 80 155 145 122 125 79 92 124 91 104 94 136 126 139 93 156 161 162 167 168 173
83 138 151 141 118 95 108 85 140 153 120 97 152 142 119 99 79 154 131 144 98 111 88 91 143 133 123 136 113 90 125 102 115 92 147 124 127 84 126 116 80 93 106 156 161 162 167 168 173
84 126 139 93 129 138 118 95 108 150 79 140 153 130 143 132 122 89 154 144 121 134 88 124 101 133 146 123 136 113 90 103 145 112 125 102 92 147 104 117 94 156 161 162 167 168 173
126 136 95 117 98 112 135 148 89 147 92 122 103 150 127 109 90 120 93 139 138 151 131 82 115 153 130 118 99 121 102 142 155 132 96 154 144 94 100 146 158 159 164 165 170 171
89 92 134 88 124 91 127 104 94 136 139 116 106 148 138 80 115 151 118 95 81 150 140 120 129 132 109 141 144 121 98 133 123 100 113 90 145 112 125 102 156 161 162 167 168 173
92 115 79 147 90 127 91 93 129 106 96 138 151 128 82 105 141 118 108 150 140 117 153 97 152 119 155 132 80 154 98 134 111 81 133 123 103 135 156 157 162 163 168 169
146 137 140 91 143 151 101 134 115 88 99 121 132 135 155 138 119 136 96 80 97 100 130 81 141 133 144 117 112 147 108 150 122 125 106 79 109 139 142 123 160 161 166 167 172 173
151 152 113 97 127 81 111 154 144 128 150 112 145 122 125 106 79 139 90 120 142 123 143 101 82 104 134 85 88 118 148 99 121 102 132 119 153 136 96 80 160 161 166 167 172 173
152 102 135 116 138 119 155 136 154 113 94 130 81 111 141 133 95 117 147 98 128 129 112 122 106 79 139 93 137 140 124 82 104 134 85 115 118 99 121 160 161 166 167 172 173
103 112 93 134 147 124 137 104 106 88 90 148 128 105 150 127 140 117 130 120 82 129 142 132 99 109 100 81 98 154 131 108 121 143 96 123 113 145 122 135 156 157 162 163 168 169
112 79 90 93 139 116 91 138 118 150 82 140 153 104 130 85 120 102 119 132 122 131 144 121 80 143 133 123 111 95 155 98 135 148 108 157 158 163 164 169 170
88 132 122 99 154 131 144 121 85 134 111 91 100 113 90 145 135 125 102 80 147 127 104 93 106 105 141 118 95 108 140 142 119 155 156 161 162 167 168 173
132 142 121 102 105 116 119 154 144 96 143 80 113 94 97 127 130 81 111 95 98 131 147 122 125 106 139 109 93 129 91 141 140 101 85 159 160 165 166 171 172
80 128 105 140 153 130 120 119 99 141 154 131 144 121 134 111 101 123 113 90 145 122 102 115 147 137 127 104 81 94 139 93 106 96 156 161 162 167 168 173
128 136 94 139 97 127 100 81 111 138 98 150 130 122 125 142 109 155 123 154 91 131 144 124 143 133 104 85 115 99 145 102 135 148 116 119 137 158 159 164 165 170 171
81 93 148 150 79 140 153 130 120 129 142 119 109 99 131 121 111 101 123 113 155 145 102 115 82 124 137 91 127 104 94 136 116 156 161 162 167 168 173
93 145 148 125 115 147 124 104 90 139 116 129 106 96 138 105 95 108 140 153 82 120 97 85 109 122 99 98 134 101 100 136 113 156 157 162 163 168 169
100 106 91 138 141 108 130 143 85 99 119 155 109 144 121 96 111 124 97 136 113 135 148 125 102 115 105 150 127 104 117 79 90 139 129 156 157 162 163 168 169
106 95 115 147 124 137 136 116 79 90 148 138 141 118 91 117 130 120 104 85 142 119 109 102 105 154 111 123 113 97 157 158 163 164 169 170
91 143 133 113 155 145 135 102 115 90 104 139 116 82 148 138 105 141 108 150 117 153 130 120 119 122 99 131 121 134 111 156 157 162 163 168 169
143 136 85 115 118 130 116 117 131 96 113 94 125 97 127 79 111 95 98 129 140 124 108 145 104 139 90 121 123 105 135 137 138 119 160 161 166 167 172 173
102 142 119 109 79 134 111 133 101 155 85 135 99 148 115 147 137 104 116 94 105 141 118 108 150 140 117 153 130 120 156 157 162 163 168 169
85 99 141 131 98 101 133 113 90 155 145 122 135 125 115 147 137 127 136 116 148 105 82 95 150 153 97 129 109 156 161 162 167 168 173
99 109 141 131 144 121 111 101 96 123 97 145 122 135 125 95 134 147 137 127 104 116 148 115 105 117 130 82 129 156 157 162 163 168 169
125 135 148 79 109 147 137 150 127 124 139 129 82 138 118 141 105 116 119 140 130 142 155 113 94 97 131 95 117 108 145 158 159 164 165 170 171
135 79 109 90 142 155 129 154 144 101 104 136 118 121 145 116 119 147 137 113 94 97 139 127 130 111 138 131 108 159 160 165 166 171 172
96 108 150 140 130 97 129 142 119 94 131 79 121 98 134 111 101 133 123 113 155 145 124 137 127 139 116 148 138 82 105 141 156 157 162 163 168 169
108 124 82 94 97 116 129 141 118 140 117 130 79 120 142 155 109 122 154 131 121 101 104 105 113 145 157 158 163 164 169 170
137 122 109 90 120 123 147 129 124 101 104 115 138 118 141 121 116 150 119 153 136 142 94 97 127 130 154 133 144 95 117 159 160 165 166 171 172
138 97 145 95 98 129 131 154 144 122 109 123 150 82 134 139 118 121 105 116 117 119 136 159 160 165 166 171 172
148 155 109 139 111 141 123 95 129 140 134 120 121 136 101 82 97 127 130 133 144 116 117 147 98 131 153 122 160 161 166 167 172 173
155 90 120 121 101 82 130 116 117 98 150 145 94 97 79 109 139 111 141 142 95 129 140 124 122 160 161 166 167 172 173
95 139 116 94 118 140 117 153 130 120 129 142 119 109 79 90 141 131 144 98 134 111 133 123 113 145 147 156 157 162 163 168 169
145 79 109 139 90 123 140 124 104 134 115 153 105 119 136 113 97 127 130 144 129 147 160 161 166 167 172 173
123 101 124 104 127 115 121 105 119 129 150 94 97 117 98 154 134 90 120 133 136 158 159 164 165 170 171
136 142 134 154 118 144 120 105 101 115 133 147 150 98 131 139 94 97 127 141 109 159 160 165 166 171 172
139 131 79 109 90 129 141 124 150 101 82 134 115 118 121 144 113 127 130 111 159 160 165 166 171 172
105 94 119 109 97 122 154 144 121 134 111 90 115 150 127 117 116 82 141 118 131 140 153 130 120 157 158 163 164 169 170
90 122 115 82 118 117 97 142 119 141 154 98 134 111 101 133 79 113 156 161 162 167 168 173
115 94 141 109 131 144 121 133 122 147 124 116 82 113 111 150 98 117 130 129 157 158 163 164 169 170
79 104 116 141 118 98 150 153 130 120 97 142 119 154 131 144 121 134 111 101 133 156 161 162 167 168 173
122 120 147 127 129 82 113 141 116 117 98 142 94 109 154 131 144 133 101 104 158 159 164 165 170 171
120 147 82 124 113 94 127 97 117 98 140 153 130 109 142 154 144 121 133 158 159 164 165 170 171
117 129 119 97 131 109 111 140 153 154 144 124 133 101 82 147 127 158 159 164 165 170 171
109 127 116 94 97 98 118 153 142 119 131 121 134 133 113 82 157 158 163 164 169 170
133 141 101 82 118 153 121 116 154 144 134 94 130 111 98 131 147 150 159 160 165 166 171 172
142 119 147 150 113 130 111 141 153 140 154 124 144 101 104 134 118 159 160 165 166 171 172
121 101 82 104 118 124 116 113 147 150 127 141 140 158 159 164 165 170 171
113 118 140 153 104 154 134 111 98 147 124 127 129 157 158 163 164 169 170
116 129 98 154 131 144 134 147 124 101 82 104 127 153 130 157 158 163 164 169 170
129 98 147 150 111 124 131 140 153 119 144 134 82 158 159 164 165 170 171
140 130 147 141 150 153 124 101 82 104 134 118 154 119 159 160 165 166 171 172
82 141 154 144 98 153 101 104 94 118 97 119 156 161 162 167 168 173
141 97 127 150 131 153 94 124 101 134 147 159 160 165 166 171 172
119 154 144 134 94 97 111 98 124 127 150 158 159 164 165 170 171
94 118 150 153 130 97 131 144 98 111 101 134 124 104 156 157 162 163 168 169
98 130 97 131 134 111 124 127 104 156 157 162 163 168 169
101 131 134 111 124 127 97 118 150 153 130 156 157 162 163 168 169
131 104 118 153 97 130 124 150 159 160 165 166 171 172
154 104 134 118 97 111 144 147 153 124 160 161 166 167 172 173
118 97 144 111 147 124 127 150 130 158 159 164 165 170 171
97 150 153 134 104 156 157 162 163 168 169
134 144 104 111 150 153 159 160 165 166 171 172
104 111 147 150 153 130 157 158 163 164 169 170
150 127 144 130 160 161 166 167 172 173
124 147 127 153 111 144 158 159 164 165 170 171
144 153 127 130 147 160 161 166 167 172 173
127 153 147 111 158 159 164 165 170 171
111 153 147 157 158 163 164 169 170
147 153 130 160 161 166 167 172 173
130 159 160 165 166 171 172
153 160 161 166 167 172 173
156
157
158
159
160
161
162
163
164
165
166
167
168
169
170
171
172
173
