#/usr/local/lib/python3.10/dist-packages/colab_kernel_launcher.py -f /root/.local/share/jupyter/runtime/kernel-dea7114a-48f2-47cd-9840-9590734c419b.json
# GMT Thu May 23 21:40:02 2024
# 
13 88 101 45 22 77 34 9 37 102 46 36 81 15 18 70 106 60 73 50 8 72 75 52 74 54 56 224 225
88 98 110 4 109 54 41 58 101 2 16 103 52 33 63 20 30 9 80 61 42 45 78 59 32 105 235 236
24 97 41 76 66 65 55 23 90 80 21 37 79 92 91 38 19 22 106 63 17 40 72 39 29 42 107 226 227
97 27 57 87 2 19 49 63 69 53 83 34 14 80 61 12 32 62 46 109 96 7 111 10 70 21 236 237
43 110 54 23 7 37 99 10 46 38 111 103 2 0 3 17 72 20 34 71 30 83 60 96 53 95 52 229 230
110 73 76 87 60 93 4 70 85 39 102 53 86 18 35 16 0 31 64 94 48 78 65 44 9 238 239
35 106 83 60 85 42 23 107 84 7 74 77 27 89 65 55 22 33 79 59 11 104 71 48 61 51 228 229
106 52 33 63 85 36 69 111 84 11 47 1 31 75 78 81 95 46 96 4 21 93 74 18 238 239
28 67 3 47 17 46 59 81 9 1 83 72 29 107 87 44 96 8 76 53 33 18 55 45 100 19 0 227 228
67 94 84 46 23 4 95 108 10 54 38 39 87 86 99 19 98 111 101 63 68 20 53 90 14 79 232 233
29 32 45 77 80 6 17 91 104 71 103 93 83 73 40 30 12 108 85 107 109 7 53 21 65 227 228
32 57 70 23 102 92 36 72 49 8 94 71 51 30 60 14 31 64 77 86 76 26 89 33 227 228
5 83 3 17 30 7 95 85 87 41 77 8 86 53 20 56 98 111 101 78 22 12 25 4 34 36 39 224 239
83 19 0 94 84 69 72 30 95 47 61 42 78 59 89 56 38 90 60 74 92 234 235
17 94 61 38 93 73 30 107 64 9 66 23 65 78 55 4 77 44 80 47 46 91 225 226
94 39 69 72 47 12 104 45 96 26 56 7 73 8 38 90 4 68 101 82 55 36 236 237
50 91 58 61 19 96 105 75 52 44 107 25 77 48 53 89 66 46 111 7 40 21 102 69 82 18 230 231
91 108 65 30 44 25 61 109 75 76 27 90 74 23 93 85 41 104 18 16 0 64 66 236 237
33 38 23 73 40 72 85 52 41 16 99 89 111 100 30 11 1 15 59 49 81 58 227 228
38 107 36 20 14 9 31 55 68 69 82 71 103 60 73 63 18 108 85 22 228 229
73 77 22 109 6 36 39 69 100 12 48 62 82 46 26 96 27 57 95 58 233 234
15 25 100 103 39 51 18 96 27 95 52 4 19 10 87 54 8 31 44 65 101 78 55 45 0 225 226
25 89 56 10 93 105 49 23 4 84 51 21 22 96 8 86 20 98 75 111 100 77 90 226 227
96 99 19 21 111 8 101 39 34 0 104 81 70 90 41 107 74 58 236 237
99 4 26 56 10 40 70 76 27 87 60 41 93 108 22 66 47 1 31 103 62 92 79 237 238
47 57 1 42 92 82 104 71 48 23 26 10 105 95 62 75 53 55 68 11 90 229 230
57 74 64 42 77 111 68 26 58 100 54 80 27 8 18 49 52 3 55 60 108 11 14 231 232
101 65 95 26 9 10 89 76 41 19 111 22 20 100 14 44 16 12 64 51 237 238
36 84 51 60 40 1 105 62 74 66 98 68 18 90 80 19 102 82 59 6 228 229
84 66 69 19 49 80 3 48 51 34 30 11 14 44 42 59 100 4 7 22 54 235 236
45 80 79 23 4 81 41 51 105 95 22 3 20 74 87 64 54 89 14 65 55 229 230
10 31 76 4 98 78 103 2 102 69 59 39 6 16 61 9 85 74 87 224 225
31 27 37 102 82 49 18 71 16 22 63 62 75 65 107 41 77 54 66 98 227 228
0 103 60 37 40 7 105 82 42 9 64 66 98 111 78 22 44 14 59 61 224 239
103 80 105 3 64 92 65 79 26 42 75 87 90 77 37 55 20 100 16 237 238
20 81 7 93 60 6 40 108 85 39 42 2 89 56 65 58 14 79 225 226
81 34 14 105 75 78 46 79 7 108 8 41 107 87 58 18 89 49 22 63 234 235
39 19 53 3 95 75 107 87 54 11 66 27 58 90 23 102 72 228 229
3 40 30 85 62 75 52 107 64 54 53 66 37 14 4 46 26 16 48 224 239
60 107 52 79 100 93 46 92 69 23 40 54 95 62 2 231 232
66 37 41 18 86 6 34 68 30 11 1 42 102 79 92 46 232 233
68 93 56 37 9 40 21 27 77 18 78 90 80 82 30 44 1 71 61 42 232 233
93 80 22 100 34 65 111 48 92 105 23 89 21 107 27 87 86 236 237
107 109 16 82 63 102 100 80 61 12 48 65 4 238 239
9 80 23 16 104 61 95 49 51 109 76 53 30 65 55 87 77 224 225
80 61 12 78 62 4 76 108 58 2 89 30 14 234 235
69 86 48 95 85 4 26 56 40 8 58 18 90 55 102 92 34 232 233
27 87 77 54 6 11 14 100 12 92 59 48 61 63 62 52 226 227
65 100 70 102 92 53 2 16 1 64 26 42 232 233
61 34 92 11 14 12 75 109 76 89 98 78 49 231 232
76 4 40 109 89 111 58 90 49 55 72 53 42 64 86 62 233 234
58 98 34 44 26 109 12 41 37 21 102 104 16 63 105 231 232
100 62 95 79 37 70 41 74 2 49 86 30 102 237 238
40 44 86 78 70 46 59 49 104 37 105 108 85 75 228 229
44 79 59 7 37 19 108 62 52 30 2 54 14 77 90 229 230
18 105 72 75 21 56 55 37 26 104 71 63 225 226
105 2 22 52 82 48 59 7 70 54 85 87 104 86 238 239
98 111 70 55 71 86 49 63 64 78 51 34 108 11 89 59 74 237 238
77 4 111 30 102 16 1 64 34 86 56 234 235
41 64 19 70 11 46 82 59 71 48 72 75 52 228 229
54 8 86 56 55 16 6 53 14 71 62 7 230 231
16 37 11 19 51 21 109 86 89 49 104 48 225 226
37 12 108 11 23 79 59 71 4 6 82 74 228 229
95 6 104 11 14 12 42 48 78 51 26 7 236 237
87 19 52 72 86 12 48 62 108 70 21 235 236
53 104 8 108 62 75 74 111 55 92 46 72 230 231
104 86 30 64 75 48 111 51 62 89 74 82 55 237 238
4 56 92 71 72 49 8 224 239
74 71 89 111 34 30 14 1 64 59 23 70 233 234
51 90 70 102 82 59 108 75 55 64 79 56 7 22 230 231
111 79 19 6 102 42 59 92 238 239
19 30 108 6 64 109 86 12 34 8 225 226
108 7 22 52 6 59 62 89 42 8 238 239
1 34 102 92 49 48 7 52 64 8 21 109 46 23 22 2 224 239
34 71 26 42 109 78 22 6 90 70 227 228
12 14 79 46 82 26 85 21 56 23 78 22 224 225
72 86 63 48 85 30 42 46 23 56 7 8 233 234
64 90 2 71 63 85 79 232 233
90 46 109 89 8 102 82 63 14 235 236
22 52 109 2 82 71 226 227
26 89 11 92 82 49 21 71 63 62 52 226 227
79 78 56 7 70 85 49 52 6 89 234 235
2 7 85 62 6 42 109 56 14 102 59 48 70 224 239
7 6 78 46 75 42 224 225
56 23 92 82 49 55 71 30 42 231 232
14 102 75 8 70 225 226
102 92 23 89 82 6 237 238
42 59 85 109 86 229 230
23 78 46 70 11 226 227
52 6 86 11 48 70 21 230 231
89 86 75 62 235 236
86 85 6 78 235 236
30 62 75 109 227 228
11 46 8 71 48 82 85 21 55 224 225
46 70 92 63 229 230
21 63 8 6 92 49 48 70 62 226 227
71 48 59 49 85 63 233 234
63 70 55 85 48 59 8 232 233
70 78 75 233 234
8 109 55 6 224 225
75 49 6 109 233 234
85 109 78 235 236
62 49 6 109 231 232
109 82 78 92 238 239
78 82 234 235
92 48 49 82 236 237
59 49 6 231 232
6 55 224 239
82 55 234 235
55 230 231
49 230 231
48 229 230
155 222 176 138 149 122 136 120 200 130 215 114 192 169 131 112 115 145 181 126 140 175 143 220 141 174 144 229 230
222 185 218 141 189 203 119 180 122 133 150 184 165 195 212 114 131 175 220 177 207 210 123 126 156 154 238 239
128 205 152 194 187 131 121 124 219 209 199 143 133 208 175 211 220 210 223 202 136 168 114 117 115 183 137 225 226
205 115 197 129 162 193 165 221 196 156 143 171 172 215 204 203 149 201 182 167 139 120 186 130 207 210 236 237
129 170 173 150 112 218 151 131 163 124 221 127 175 168 223 157 134 189 119 192 159 201 204 181 171 148 225 226
170 146 221 124 169 153 202 192 182 133 134 214 166 167 181 120 150 165 193 183 159 161 143 115 145 127 231 232
147 218 217 184 174 219 138 119 186 133 156 221 211 188 157 131 202 169 118 159 132 214 146 171 161 121 124 228 229
218 219 131 213 145 118 197 151 162 212 113 192 176 157 163 204 177 208 119 152 133 153 186 216 238 239
123 126 122 181 120 203 160 182 172 116 184 141 219 196 163 176 166 133 198 113 145 135 177 212 189 192 224 225
126 121 204 181 206 160 150 127 195 152 142 211 165 132 168 135 210 223 177 167 180 212 202 169 225 226
189 220 182 124 154 188 183 201 116 117 118 132 192 114 127 187 160 163 196 177 195 156 140 207 234 235
220 116 161 213 148 162 196 159 143 187 160 190 158 208 135 137 122 124 136 139 150 202 183 238 239
121 202 136 135 125 117 180 216 183 182 195 161 174 141 206 209 163 142 210 223 190 124 199 212 224 225
202 143 127 144 174 158 138 122 188 199 215 214 217 131 164 194 197 178 162 207 137 235 236
173 212 215 132 162 191 193 140 206 113 154 141 144 184 135 116 149 186 199 166 120 198 130 200 177 164 231 232
212 154 144 174 207 158 191 135 119 120 150 186 219 131 134 194 175 118 213 179 140 237 238
114 162 139 142 187 196 209 143 133 168 135 223 167 134 179 112 159 116 191 115 183 117 130 224 239
162 117 161 134 115 215 195 151 175 207 209 113 166 154 200 116 152 182 153 181 130 230 231
185 117 131 118 211 188 178 165 213 142 137 192 171 194 206 196 149 152 182 133 208 166 153 207 210 130 233 234
186 187 130 221 188 115 145 175 167 213 178 146 214 159 143 216 125 116 207 152 133 197 233 234
187 117 175 118 148 206 165 146 112 217 124 154 197 141 174 137 201 119 149 122 210 200 233 234
132 216 193 206 195 172 118 164 144 209 176 153 112 115 178 213 180 137 159 204 194 171 138 225 226
216 195 146 198 215 196 159 140 113 192 143 206 163 204 135 116 138 201 139 130 167 118 151 237 238
178 183 196 168 119 195 169 184 197 209 117 221 165 142 137 179 159 204 194 125 177 158 203 232 233
183 199 198 211 140 113 223 127 200 190 116 119 182 196 130 180 207 134 115 175 233 234
219 120 150 200 117 221 131 213 175 223 214 196 156 113 124 127 160 125 204 191 208 136 238 239
125 177 190 159 136 191 150 127 195 139 118 217 207 151 164 141 176 153 166 156 198 211 135 224 225
177 200 213 215 134 166 181 217 196 130 144 199 142 140 221 211 124 188 191 232 233
171 180 159 140 154 157 191 160 215 172 122 217 207 197 174 196 199 208 112 198 211 164 231 232
180 217 119 122 152 209 136 199 120 211 116 164 175 167 151 181 142 159 193 127 157 232 233
182 113 145 175 188 201 223 140 122 116 133 167 120 150 181 146 142 199 156 233 234
152 166 148 213 167 157 113 124 193 206 160 163 138 149 175 136 197 164 154 130 228 229
166 133 136 120 153 188 210 223 131 112 179 192 146 194 140 215 158 217 184 230 231
204 213 159 214 193 158 191 133 136 208 153 217 203 130 148 221 151 181 195 236 237
213 201 136 188 150 172 161 134 115 211 165 198 196 217 156 176 190 237 238
154 192 117 161 131 112 160 195 217 140 143 176 208 198 188 168 138 149 133 229 230
139 117 199 221 211 168 145 223 200 146 214 148 151 193 206 116 138 134 208 142 164 141 226 227
174 190 203 167 165 140 113 124 157 217 163 197 209 176 135 149 198 201 169 210 231 232
190 194 150 153 195 208 131 134 145 197 210 151 181 184 165 179 221 211 127 200 141 234 235
120 153 122 144 157 124 179 146 159 191 161 113 130 217 207 151 141 224 225
193 137 192 141 144 135 122 207 136 210 188 169 172 199 221 161 145 167 200 234 235
124 179 158 194 203 122 150 172 164 115 176 145 223 157 224 225
143 146 194 130 203 160 163 195 172 207 144 176 113 141 168 200 167 227 228
135 198 211 179 169 214 191 116 112 150 175 141 196 209 176 153 226 227
198 138 206 133 169 151 181 112 175 199 211 156 137 159 203 127 158 235 236
196 214 184 165 113 176 207 122 157 169 153 149 134 235 236
214 142 156 158 210 208 149 133 150 172 130 161 164 118 197 151 184 165 237 238
176 136 169 206 131 112 145 167 118 148 144 188 203 119 122 232 233
113 179 116 148 160 150 127 197 199 153 133 145 223 157 224 239
179 157 138 217 207 184 197 167 169 130 131 161 112 203 215 192 142 137 232 233
144 203 149 117 184 160 150 163 175 197 209 153 168 145 158 210 223 227 228
203 146 210 209 156 201 141 116 194 130 117 159 192 145 175 236 237
200 158 116 168 136 199 134 164 118 148 181 184 146 208 127 217 235 236
188 209 119 211 201 115 175 118 148 208 127 157 160 163 158 233 234
209 172 215 217 117 161 134 164 181 165 195 142 163 168 149 236 237
140 169 149 191 158 148 206 160 150 195 133 221 201 117 112 227 228
169 201 138 149 153 184 130 131 112 164 118 172 207 156 231 232
117 119 184 221 165 168 145 137 146 191 206 130 224 239
150 146 157 141 192 201 116 184 164 134 228 229
133 122 146 148 206 137 172 142 194 141 226 227
142 191 194 148 206 160 163 172 151 112 156 211 223 149 227 228
206 195 146 157 160 163 136 172 221 211 130 115 236 237
211 116 201 136 164 145 181 223 156 215 237 238
136 145 223 167 157 159 158 161 134 172 141 226 227
158 167 137 215 127 159 207 184 164 131 115 146 168 229 230
119 208 165 168 122 223 149 191 181 194 160 127 217 207 153 224 225
208 134 194 223 215 156 161 112 163 168 201 199 153 236 237
138 221 137 215 159 191 194 148 161 172 207 197 141 134 199 156 226 227
221 223 199 217 134 115 194 197 137 159 191 238 239
191 192 168 167 153 165 131 161 163 146 201 234 235
122 165 168 210 149 115 163 175 164 131 153 224 225
215 163 210 168 199 141 164 167 197 148 151 181 237 238
131 141 112 118 153 201 192 160 225 226
146 172 210 223 115 118 159 181 194 227 228
116 157 181 127 217 194 115 151 130 224 239
148 163 137 217 207 153 201 210 167 112 134 115 228 229
163 217 194 159 112 160 195 210 230 231
199 223 112 151 157 160 141 168 149 235 236
195 194 145 197 210 156 192 141 201 153 234 235
127 149 151 130 172 141 153 168 145 157 225 226
192 168 172 210 161 112 164 167 151 165 234 235
141 159 160 201 227 228
172 134 145 137 157 160 194 168 231 232
167 149 130 201 161 134 217 230 231
115 175 151 137 181 194 112 161 224 239
223 201 161 112 175 184 238 239
149 159 181 161 134 118 164 228 229
118 130 184 112 164 156 165 210 157 181 224 239
130 157 160 225 226
181 156 145 151 194 232 233
194 159 197 234 235
210 168 197 156 157 237 238
156 153 161 160 151 197 165 229 230
184 161 145 175 160 207 137 134 165 233 234
157 145 151 137 229 230
153 165 145 228 229
145 175 217 227 228
134 164 137 161 226 227
165 151 207 164 137 230 231
161 217 197 230 231
175 164 197 137 232 233
197 164 137 160 235 236
168 151 207 160 231 232
201 164 217 151 207 235 236
217 151 238 239
159 112 229 230
112 137 224 239
164 230 231
137 207 226 227
151 228 229
207 236 237
160 229 230
224
225
226
227
228
229
230
231
232
233
234
235
236
237
238
239
