#/usr/local/lib/python3.10/dist-packages/colab_kernel_launcher.py -f /root/.local/share/jupyter/runtime/kernel-4e96f4f6-3ff9-4b57-9774-52bcdd39bbb8.json
# GMT Mon May 27 19:51:45 2024
# 
13 88 65 55 32 68 35 110 123 11 100 113 9 10 122 14 112 125 79 92 69 46 82 49 16 114 104 58 48 61 15 28 4 18 5 103 7 93 70 106 83 60 73 50 17 118 95 72 62 42 19 84 120 74 41 54 31 44 119 96 0 109 76 53 89 66 20 56 23 121 111 252 258 259 264 265 271
88 118 65 108 79 107 97 23 110 4 26 56 7 37 10 40 109 122 99 27 57 60 71 74 91 2 5 35 100 16 90 68 103 49 0 22 82 63 6 85 66 112 17 125 102 115 92 83 86 67 124 114 104 117 94 30 44 25 47 116 9 1 93 80 31 61 15 78 81 105 255 256 262 263 268 269
32 101 29 55 91 100 90 67 103 57 70 37 7 102 69 21 82 59 36 24 72 6 114 20 81 71 48 61 38 51 93 2 60 96 14 63 19 1 105 3 95 62 75 17 52 42 97 74 110 64 41 54 44 11 109 86 99 76 53 89 43 9 10 56 12 46 121 98 111 27 252 253 259 260 265 266
101 65 46 116 98 106 79 119 96 23 118 25 26 56 108 10 89 43 24 27 38 60 90 110 71 93 74 77 109 91 122 112 2 68 49 111 21 22 82 33 63 55 36 69 20 99 50 53 34 67 100 125 30 102 115 14 105 16 0 1 31 61 114 42 64 15 104 45 51 81 256 257 262 263 269 270
24 97 64 41 54 31 9 12 119 109 76 53 89 56 33 121 98 65 55 68 45 23 25 110 4 7 113 67 80 57 21 70 8 125 92 69 46 82 36 49 124 114 104 58 94 71 2 5 28 16 0 22 106 3 96 73 6 50 27 63 17 40 20 30 72 108 75 107 11 252 253 258 259 265 266
97 27 57 87 60 113 103 77 18 102 115 105 35 16 68 49 0 52 104 33 63 55 85 39 69 50 53 83 34 86 106 67 30 118 14 44 108 98 47 80 12 45 107 75 120 48 110 29 51 100 81 62 92 65 109 79 99 112 4 26 7 111 124 10 89 40 43 73 256 257 262 263 269 270
43 110 64 44 4 119 26 7 37 76 21 79 56 46 27 8 38 41 124 55 91 68 45 18 90 67 80 70 47 35 16 112 0 22 102 33 92 36 17 72 39 104 71 48 84 61 51 93 14 106 96 73 50 28 63 9 31 53 12 15 95 108 85 62 75 52 120 74 253 254 259 260 266 267
110 73 118 75 76 27 121 87 29 60 93 74 104 107 91 4 7 122 112 10 40 70 21 54 85 8 38 39 69 111 99 124 72 53 83 100 123 18 113 103 5 47 19 49 125 0 80 31 33 66 78 20 62 92 65 117 95 46 79 96 14 44 28 9 256 257 263 264 270 271
17 58 94 71 25 61 5 28 116 0 106 60 3 73 50 27 115 105 118 95 62 52 29 120 11 74 51 87 41 9 1 96 12 109 86 99 76 56 111 55 68 35 123 100 77 113 90 7 67 44 57 30 10 34 47 37 122 112 102 79 92 82 49 26 114 81 252 258 259 265 266 271
58 95 48 108 85 62 98 75 65 46 120 87 11 44 26 109 28 86 9 99 10 76 40 89 12 66 27 57 29 111 41 91 123 113 103 80 23 70 102 52 92 36 8 38 72 39 20 53 114 81 117 94 84 61 30 2 116 93 16 96 73 19 0 1 31 3 105 45 254 255 260 261 267 268
35 106 60 96 73 29 63 105 118 108 75 52 117 23 107 84 120 7 74 87 10 64 54 44 53 89 66 56 121 98 18 2 68 5 16 123 100 3 33 80 57 70 20 112 102 34 79 92 69 82 49 124 114 91 11 81 94 71 48 38 28 51 1 31 93 15 252 253 259 260 266 267
106 107 16 68 3 82 33 63 55 6 36 66 39 20 109 99 72 112 83 34 86 67 111 84 30 11 25 47 123 80 12 94 45 75 78 29 59 51 81 62 125 95 115 98 114 23 117 7 21 54 27 57 8 87 119 38 60 90 41 93 74 118 2 5 256 257 263 264 269 270
36 71 48 38 30 116 83 14 60 96 50 63 40 9 1 31 118 95 72 108 85 62 65 42 117 107 74 87 41 77 54 23 109 122 7 99 76 53 66 21 56 27 121 98 8 45 123 100 18 103 80 2 70 112 19 0 22 69 59 6 49 124 20 114 34 252 253 259 260 266 267
71 69 117 20 107 120 34 74 87 77 109 86 76 14 89 25 9 1 31 42 64 45 78 48 123 100 113 103 23 125 102 79 115 7 92 37 10 21 54 27 91 38 81 60 94 84 83 2 5 105 68 19 118 49 0 72 22 85 52 3 75 63 55 254 255 261 262 268 269
96 122 4 99 5 112 7 37 19 22 52 121 54 6 85 111 66 38 39 69 20 50 83 34 123 100 18 2 16 102 47 80 61 3 63 94 45 75 48 114 78 92 95 79 119 11 25 26 56 9 10 12 42 108 98 76 59 60 41 104 77 256 257 262 263 269 270
122 44 26 28 9 89 42 73 76 27 57 87 29 59 120 74 77 91 121 23 4 7 37 68 22 82 54 55 85 115 66 8 69 20 50 72 102 83 113 116 67 119 100 84 47 19 0 1 80 63 64 75 48 78 108 51 111 62 34 95 79 109 125 11 257 258 264 265 270 271
28 67 22 3 34 112 20 102 79 92 46 124 91 81 11 94 48 25 1 12 15 83 60 73 50 63 40 115 118 95 108 85 62 29 23 84 120 4 26 74 51 64 41 10 54 31 21 119 27 109 86 8 99 33 98 111 65 55 68 2 16 100 19 252 253 259 260 265 266
67 9 61 12 42 15 114 45 48 29 60 84 93 83 4 105 26 37 108 40 75 54 27 117 8 38 39 107 74 77 109 18 86 99 2 89 5 16 49 121 98 22 111 52 3 6 66 20 50 53 65 90 103 80 70 30 11 115 92 25 82 254 255 261 262 267 268
29 45 123 100 18 70 2 37 125 19 115 0 92 69 22 46 82 3 6 49 124 20 114 91 104 81 94 61 103 93 11 14 50 63 25 40 9 1 95 15 85 39 52 84 120 74 41 31 44 119 23 109 86 99 89 10 33 8 65 78 55 252 253 259 260 265 266
118 91 105 16 49 52 82 33 63 66 39 69 20 99 72 53 34 86 116 100 84 117 14 44 47 9 80 31 61 12 42 64 15 75 48 78 51 81 121 62 114 124 46 79 112 26 56 37 10 40 70 21 73 54 8 87 90 93 104 77 257 258 263 264 270 271
8 9 84 74 51 64 44 21 66 56 33 121 98 111 2 78 5 68 45 22 12 123 100 6 90 57 34 47 112 125 59 49 26 124 16 114 81 94 48 1 25 38 15 103 116 70 83 60 73 50 27 63 30 115 95 72 62 39 19 7 252 258 259 264 265 271
9 90 57 34 11 47 14 89 125 102 79 56 92 23 59 2 26 16 91 68 81 3 25 15 6 113 83 60 37 50 40 115 95 72 85 39 19 1 107 84 51 41 31 21 119 99 30 33 108 121 111 78 7 12 100 252 258 259 264 265 271
47 80 44 57 25 1 112 42 125 102 15 45 92 82 59 124 114 46 81 94 61 51 83 73 27 38 95 108 85 41 62 52 65 107 120 18 87 64 77 16 119 109 19 86 76 89 66 6 56 20 121 34 78 55 91 123 100 30 11 90 253 254 260 261 266 267
80 90 31 61 93 12 64 45 78 125 102 51 65 104 117 94 84 23 4 56 37 116 70 21 73 76 27 74 95 85 107 2 120 5 87 0 22 52 119 33 63 55 6 99 112 39 50 72 53 121 111 124 91 11 14 44 25 255 256 261 262 268 269
55 84 116 83 73 23 4 26 108 85 98 54 41 74 87 64 77 119 109 18 99 76 112 89 2 66 19 111 52 33 78 6 39 20 51 53 113 90 103 93 70 60 30 125 11 102 92 69 105 25 72 1 31 15 81 117 94 253 254 260 261 267 268
84 6 102 66 92 105 53 83 114 117 94 2 116 93 1 63 48 20 50 81 85 65 79 107 120 11 25 26 10 119 12 42 73 99 15 75 89 27 57 59 60 41 121 77 123 23 113 5 90 68 70 22 52 82 54 112 255 256 262 263 268 269
0 5 103 93 83 60 73 4 40 115 7 105 82 95 72 49 52 6 94 87 64 41 31 21 86 63 76 30 66 33 108 121 75 111 68 120 12 100 77 113 44 57 34 11 1 14 125 102 79 56 92 3 91 104 25 38 15 252 257 258 264 265 270 271
5 83 60 50 27 7 95 72 108 85 62 52 42 19 117 107 120 74 64 77 21 119 1 11 109 86 18 99 76 89 56 33 10 23 121 111 65 78 68 45 123 4 57 34 14 112 125 49 26 114 6 104 94 61 38 51 93 252 257 258 264 265 271
46 121 111 11 14 44 25 26 123 100 113 31 103 12 42 57 15 70 27 102 92 69 82 59 124 114 104 23 4 61 7 37 10 22 116 83 6 60 50 38 39 63 95 72 62 52 65 18 16 74 87 1 54 109 86 20 76 53 34 56 253 254 260 261 266 267
121 98 109 112 56 37 70 21 54 76 27 57 60 90 93 74 107 18 124 2 16 68 19 49 22 3 33 6 115 20 50 102 53 83 125 119 100 11 117 25 1 31 12 15 45 75 48 51 81 62 92 114 95 257 258 264 265 270 271
83 124 114 68 19 49 94 52 66 39 69 72 53 34 105 30 108 98 25 42 64 15 45 87 78 59 51 81 62 119 65 109 86 99 111 26 56 7 37 70 73 54 27 57 113 60 103 41 77 112 2 255 256 262 263 268 269
11 14 102 56 92 49 26 124 16 114 91 81 94 25 61 15 103 116 93 73 50 4 27 40 82 95 72 85 42 19 74 51 64 41 18 21 86 99 76 66 1 33 45 22 12 123 100 113 90 57 252 258 259 264 265 271
14 125 102 115 69 82 12 59 26 124 16 91 104 81 48 38 18 116 93 60 4 27 40 7 30 10 95 72 108 62 75 117 107 74 64 54 44 21 119 109 99 66 20 3 23 98 65 78 45 22 100 90 57 34 70 252 258 259 265 266 271
6 48 61 38 51 18 116 93 50 27 30 105 108 62 75 3 42 19 117 107 120 87 64 54 31 44 21 119 86 53 56 33 10 98 111 78 68 22 123 100 90 70 112 125 102 115 49 26 124 16 114 104 94 252 257 258 264 265 271
48 39 20 123 113 34 103 70 112 125 30 115 69 59 25 49 1 31 12 42 117 45 94 61 51 116 93 60 63 23 108 37 62 10 52 40 65 21 27 120 74 87 119 89 79 2 56 16 19 124 22 33 68 253 254 260 261 266 267
94 20 50 53 115 44 61 12 117 64 75 78 51 81 62 116 65 79 23 108 25 26 56 7 98 37 89 70 54 107 76 120 38 41 93 74 119 109 91 99 18 4 16 19 124 49 3 33 63 66 255 256 262 263 269 270
95 111 124 91 18 2 123 100 113 19 3 82 33 85 66 69 20 125 72 105 34 114 104 44 1 12 42 15 75 78 59 81 98 79 107 120 56 10 40 70 119 54 38 60 90 41 93 74 77 256 257 262 263 269 270
90 1 61 12 42 107 15 120 45 75 78 59 51 62 119 109 79 99 112 56 7 37 10 89 91 70 21 27 57 113 60 41 103 102 105 114 22 3 63 85 66 39 69 20 50 72 116 93 34 86 30 44 255 256 262 263 269 270
50 91 2 104 81 16 61 19 49 3 60 39 73 85 52 30 117 44 107 120 87 77 54 109 86 89 66 98 65 23 4 26 7 37 123 10 40 100 21 70 38 41 112 102 79 92 69 114 253 254 260 261 266 267
91 81 62 65 79 30 120 26 89 12 42 73 15 75 76 27 87 59 60 74 77 111 124 123 4 100 7 10 40 52 82 102 39 69 115 41 105 53 114 117 2 19 116 3 33 63 64 78 20 255 256 262 263 269 270
21 64 31 119 109 86 63 76 53 66 23 65 78 18 68 45 2 120 100 16 113 44 57 34 3 89 56 59 124 114 104 81 25 61 38 103 116 93 15 37 82 72 62 39 107 74 4 51 87 252 253 258 259 265 266
64 123 54 113 103 38 70 112 125 102 115 82 114 81 117 22 63 39 93 20 73 53 34 86 108 98 75 65 25 107 1 120 61 42 87 59 119 62 109 99 76 89 79 23 4 26 68 7 40 254 255 261 262 267 268
61 100 103 39 70 53 112 125 92 69 82 124 25 104 81 1 31 42 15 73 105 108 85 62 75 4 56 117 37 10 74 87 77 27 57 60 86 99 76 66 18 98 111 65 49 52 3 123 254 255 260 261 267 268
100 76 59 117 65 116 23 26 56 7 37 40 70 73 54 108 27 57 38 60 41 72 74 120 2 119 109 68 49 52 3 82 66 111 69 20 51 86 113 103 30 25 256 257 262 263 269 270
40 77 2 44 119 109 19 66 3 39 98 20 111 45 123 113 30 57 25 112 1 31 125 79 115 92 69 82 59 49 124 114 104 116 93 23 4 26 60 7 63 10 105 27 72 85 52 42 117 74 18 253 254 259 260 266 267
77 70 85 12 73 57 60 120 74 109 112 89 4 79 7 37 68 22 111 124 54 66 38 81 72 53 103 93 30 2 125 115 16 92 82 19 31 3 15 45 75 104 51 107 34 119 86 25 26 56 10 255 256 261 262 268 269
41 42 120 27 39 54 119 86 18 66 98 16 111 19 22 68 3 45 123 20 113 103 34 102 115 30 92 69 124 114 1 31 12 104 81 93 73 63 105 23 108 85 26 7 52 10 65 253 254 259 260 266 267
42 123 113 44 112 89 79 92 69 16 49 19 124 33 34 103 116 73 30 105 25 85 1 52 31 12 15 117 107 74 51 54 119 109 86 63 99 76 53 66 56 7 98 111 68 45 38 253 254 259 260 266 267
27 107 2 120 74 54 31 119 3 109 86 66 33 68 45 34 37 112 125 79 69 82 59 49 114 117 38 51 116 22 60 73 30 105 62 75 65 18 252 253 259 260 265 266
107 108 57 38 60 120 103 2 109 68 19 112 49 22 52 3 63 85 66 69 99 111 53 98 44 25 125 31 12 115 15 45 75 59 62 93 65 116 23 119 26 56 89 70 73 256 257 263 264 269 270
33 38 103 116 23 4 26 63 105 108 62 39 75 52 87 54 44 119 109 99 53 89 66 22 3 98 111 20 65 78 45 123 113 37 25 112 1 102 79 12 92 69 59 49 124 114 252 253 259 260 266 267
38 120 87 54 34 76 30 56 25 98 65 78 31 123 44 57 89 125 102 79 26 49 7 37 10 114 81 53 116 60 73 18 115 105 2 72 62 75 52 19 22 3 253 254 259 260 266 267
19 103 116 63 105 72 108 39 75 52 87 54 31 44 119 109 86 99 76 20 56 23 68 22 12 25 113 34 37 125 102 79 92 59 49 26 4 124 114 10 51 252 253 258 259 265 266 271
103 105 3 15 45 78 104 92 117 34 98 79 116 44 10 89 73 75 76 59 93 74 120 23 109 4 7 37 70 22 82 85 111 39 124 69 20 72 102 86 18 30 2 256 257 263 264 269 270
44 10 12 112 125 115 92 114 104 81 18 51 4 116 7 37 73 63 105 39 20 72 108 62 34 74 54 16 119 109 76 15 56 65 78 68 45 113 23 25 253 254 259 260 266 267
39 81 117 51 18 116 93 2 73 16 63 53 1 31 3 15 20 34 120 30 109 99 112 89 66 79 12 124 78 68 45 113 57 23 7 125 115 92 22 82 59 72 49 253 254 259 260 266 267
81 69 53 34 93 30 125 25 102 115 1 31 12 15 45 78 59 117 62 65 4 56 10 70 85 73 76 57 60 18 2 99 16 22 52 3 111 124 255 256 261 262 268 269
30 112 18 125 79 115 92 2 69 82 59 16 124 114 22 104 20 93 73 105 72 108 15 120 87 86 99 53 89 66 56 26 7 111 78 68 113 57 70 37 252 253 259 260 265 266
112 25 124 31 12 75 76 123 113 62 92 93 79 125 26 7 89 70 117 85 72 74 116 86 18 105 16 22 52 63 66 120 111 65 98 256 257 263 264 270 271
10 54 31 109 99 76 53 7 56 23 98 65 78 68 22 123 113 34 102 115 59 3 16 114 15 18 116 93 60 73 63 105 108 85 62 52 120 87 252 258 259 264 265 271
54 74 87 119 86 18 98 2 78 68 22 123 52 113 70 20 53 102 79 115 92 69 59 124 114 1 12 116 93 60 51 73 63 72 108 85 120 253 254 260 261 267 268
123 15 45 78 108 59 51 79 109 4 7 70 124 73 76 57 87 60 74 104 105 2 16 68 49 22 52 82 85 115 69 99 72 102 113 86 116 117 1 31 257 258 264 265 270 271
124 34 98 109 89 12 75 76 59 60 62 92 74 104 4 26 37 68 73 115 57 87 72 102 53 86 116 49 82 66 20 51 111 257 258 264 265 270 271
3 15 116 93 70 60 63 7 105 108 1 85 117 74 87 66 20 56 23 98 65 78 68 45 34 37 2 4 125 79 92 69 59 49 16 104 252 257 258 264 265 271
15 25 113 34 70 37 125 102 92 69 59 104 18 60 73 105 72 108 52 4 120 74 87 119 86 99 76 53 56 23 2 111 65 78 68 45 252 258 259 265 266 271
2 105 72 85 62 75 52 51 31 109 86 76 66 56 111 65 78 68 22 12 113 57 37 89 79 59 26 16 18 93 70 1 252 257 258 264 265 271
22 93 63 108 85 98 75 65 7 120 119 109 99 89 66 18 111 68 113 20 57 34 70 37 125 102 92 72 26 104 1 117 51 252 253 258 259 265 266
73 16 119 52 86 66 89 69 72 34 111 113 25 31 125 102 79 115 59 62 114 117 4 26 56 37 70 57 105 75 120 254 255 261 262 268 269
74 75 57 60 120 18 109 86 99 76 79 68 52 111 63 78 66 69 113 125 25 82 1 114 65 4 56 37 98 254 255 261 262 268 269
75 18 4 16 79 68 92 82 52 114 69 104 105 1 31 12 108 45 59 51 117 120 65 87 119 23 76 25 26 56 37 98 111 78 254 255 261 262 268 269
20 104 51 4 7 116 93 63 72 108 52 87 16 119 86 76 53 23 98 111 65 68 25 113 57 37 92 82 49 26 252 253 258 259 265 266 271
104 99 72 102 53 120 119 25 109 1 31 45 59 111 62 92 65 98 23 4 7 37 89 125 70 76 57 60 114 18 116 68 52 63 105 85 66 108 256 257 263 264 269 270
117 69 99 72 125 53 113 86 49 63 119 78 108 34 109 120 1 31 12 45 76 59 60 62 92 93 105 23 26 56 7 37 68 70 85 115 257 258 263 264 270 271
65 111 23 4 70 37 102 69 105 82 53 116 16 49 108 51 34 120 25 26 56 119 76 89 66 57 59 60 254 255 261 262 267 268
31 113 57 70 125 102 115 92 69 82 59 49 114 18 16 116 93 72 108 62 52 120 87 99 76 53 66 45 4 7 252 253 259 260 265 266
113 45 108 59 51 92 116 98 79 109 23 25 26 70 87 120 93 18 105 4 68 52 63 85 66 69 99 102 53 34 256 257 263 264 270 271
4 109 86 63 76 53 66 1 98 12 87 57 34 125 102 59 26 16 114 25 70 60 37 7 105 72 85 62 51 252 257 258 264 265 271
23 109 86 53 89 98 111 7 78 68 45 37 125 79 92 59 16 114 93 70 63 115 72 85 62 52 1 87 119 252 253 258 259 265 266
109 37 89 76 87 93 18 105 16 52 82 99 102 53 116 86 25 78 108 92 119 98 256 257 263 264 270 271
99 56 7 89 116 76 57 87 60 93 18 120 16 49 82 85 119 72 53 86 25 1 12 45 78 125 98 114 256 257 262 263 269 270
25 125 102 79 56 59 26 114 12 93 37 115 82 49 62 7 119 66 98 111 78 45 1 252 253 258 259 265 266
1 34 70 37 102 79 115 26 16 51 18 105 72 108 85 120 87 119 86 76 53 89 56 78 45 12 252 257 258 264 265 270 271
57 120 12 119 51 76 89 66 98 111 78 26 70 125 79 115 92 69 82 72 18 16 49 63 34 108 85 62 254 255 260 261 267 268
34 114 12 51 116 63 105 26 52 86 89 66 18 56 98 111 45 37 125 115 92 69 82 59 49 252 253 259 260 266 267
108 18 7 49 125 82 63 115 85 72 102 114 86 116 16 45 78 98 79 70 12 76 87 60 256 257 263 264 269 270
59 68 125 45 79 115 82 51 114 116 56 60 105 72 85 18 87 16 49 86 76 66 53 111 78 254 255 260 261 267 268
68 51 93 62 105 85 37 120 87 60 86 79 111 16 78 63 53 102 92 69 82 114 254 255 261 262 267 268
18 105 85 52 51 87 119 16 76 89 66 98 111 45 102 79 69 82 26 114 116 93 7 252 258 259 265 266 271
60 120 49 119 66 78 12 45 70 115 92 69 82 114 56 37 85 62 98 254 255 260 261 267 268
70 119 63 86 76 51 111 26 125 115 37 93 49 52 69 53 72 120 87 254 255 261 262 267 268
111 98 79 7 89 125 87 49 52 82 66 69 72 53 12 78 51 62 256 257 263 264 270 271
16 115 105 82 72 85 62 52 119 86 63 53 66 78 102 92 69 49 114 252 258 259 265 266 271
76 120 87 56 7 37 79 93 63 125 69 116 12 86 51 62 85 98 255 256 261 262 268 269
120 87 93 105 82 85 115 69 116 119 45 51 92 98 26 56 37 89 257 258 263 264 270 271
85 116 52 63 98 69 53 87 89 12 45 62 79 26 7 37 92 105 114 255 256 262 263 268 269
69 12 86 45 62 98 87 26 119 78 49 63 125 102 115 92 254 255 261 262 267 268
45 115 92 7 37 116 93 63 105 72 62 52 87 119 53 66 98 12 253 254 260 261 266 267
62 78 49 52 125 79 115 82 53 114 51 87 26 56 37 86 89 66 254 255 260 261 267 268
78 26 125 102 79 115 82 114 116 105 52 63 98 66 53 87 119 89 51 255 256 261 262 268 269
116 49 82 63 115 66 72 102 53 86 12 51 92 98 56 7 87 105 257 258 263 264 270 271
12 37 89 125 102 79 49 114 93 115 105 52 51 119 63 53 56 252 258 259 264 265 271
125 92 79 26 56 7 37 89 105 49 82 115 72 102 257 258 264 265 270 271
51 115 92 105 82 114 119 53 26 98 87 89 66 79 7 37 253 254 260 261 266 267
86 26 114 7 37 119 49 52 82 66 93 79 102 115 92 255 256 262 263 268 269
102 98 79 26 56 89 87 93 49 82 63 72 53 256 257 263 264 269 270
66 26 56 93 119 49 52 89 79 115 254 255 261 262 267 268
53 114 7 93 49 52 89 56 115 92 82 253 254 260 261 267 268
114 92 93 26 87 105 49 52 82 257 258 263 264 270 271
93 52 82 63 26 56 37 89 87 72 255 256 262 263 269 270
98 26 7 115 72 105 49 63 79 89 92 256 257 262 263 269 270
49 105 72 119 89 26 7 115 92 82 253 254 260 261 266 267
87 89 52 82 63 72 115 92 79 105 56 255 256 262 263 268 269
72 119 89 56 7 115 92 82 254 255 261 262 268 269
37 119 26 7 89 79 92 115 105 52 252 253 259 260 266 267
119 89 105 82 63 115 257 258 263 264 270 271
7 63 56 89 26 115 105 252 258 259 264 265 271
105 52 82 63 79 89 92 256 257 263 264 269 270
79 82 26 56 63 89 255 256 261 262 268 269
115 63 26 89 52 82 257 258 263 264 270 271
63 89 82 254 255 260 261 267 268
92 56 255 256 262 263 269 270
26 52 252 253 259 260 265 266
89 56 52 255 256 262 263 268 269
56 82 52 253 254 260 261 267 268
82 52 255 256 261 262 268 269
52 253 254 260 261 267 268
138 249 226 203 193 170 206 183 150 248 215 251 228 218 195 208 162 139 175 250 207 136 184 197 151 187 154 134 229 242 219 196 232 209 199 176 143 241 231 244 198 188 178 131 168 243 210 246 200 177 213 167 147 245 222 202 179 192 169 182 149 247 224 237 227 204 181 194 135 127 236 252 258 259 264 265 271
249 168 190 141 220 201 223 204 234 177 207 158 237 240 172 224 205 222 149 182 133 136 215 166 147 150 202 232 134 213 186 197 230 203 217 247 231 128 251 131 161 126 148 178 129 208 189 181 132 211 241 143 165 244 195 146 225 176 179 209 245 226 248 229 210 137 173 154 127 187 257 258 264 265 270 271
150 223 140 200 213 180 127 170 245 141 225 202 192 169 182 159 237 191 204 158 194 161 151 130 203 133 239 193 206 183 160 173 163 248 238 134 228 241 162 175 152 250 144 230 197 128 174 164 177 142 229 242 126 232 129 186 199 153 244 221 198 234 211 188 201 155 168 233 246 252 253 258 259 265 266
223 202 153 183 134 186 216 167 239 197 229 200 203 232 217 251 144 228 241 128 231 126 240 230 129 189 181 132 162 192 176 198 160 212 193 210 137 244 140 170 135 206 157 187 190 233 201 174 204 236 185 177 226 207 218 221 172 205 225 238 149 130 247 152 163 227 215 169 199 256 257 262 263 269 270
169 236 190 203 180 149 130 245 133 163 212 136 147 164 167 217 171 184 226 239 193 206 173 142 145 238 251 228 129 218 195 132 208 162 185 143 198 165 175 160 230 207 243 220 197 174 210 187 177 242 232 209 186 135 127 168 231 244 234 211 155 188 224 201 178 233 246 200 253 254 259 260 266 267
236 199 141 244 202 183 247 213 185 186 167 139 219 230 184 246 217 231 133 248 163 238 136 166 148 208 181 132 211 162 237 250 197 198 240 212 193 226 210 128 131 161 173 145 175 126 127 157 159 189 192 146 176 177 188 160 224 205 156 242 140 245 170 151 152 182 135 187 256 257 263 264 270 271
127 239 229 206 196 163 251 228 205 195 185 175 152 129 165 250 240 132 230 174 187 164 141 131 242 209 186 176 189 166 156 146 231 244 221 198 234 201 178 155 168 145 233 200 190 167 180 157 134 170 202 215 192 182 159 136 149 139 224 204 217 194 171 184 161 128 252 257 258 264 265 270 271
239 250 187 168 240 190 220 201 243 185 177 188 139 218 191 221 224 205 235 238 222 151 244 182 163 215 147 180 153 232 183 134 213 164 216 167 197 219 203 184 214 217 248 231 128 131 161 194 247 227 132 211 162 143 146 176 198 228 179 209 212 226 156 137 170 173 154 256 257 263 264 270 271
214 244 191 234 224 205 233 246 149 163 136 166 196 245 235 202 225 153 134 215 186 200 247 203 184 227 144 128 161 226 142 194 145 129 189 181 211 162 192 228 195 241 218 198 209 160 193 230 156 137 140 170 151 154 135 219 206 157 232 168 222 190 141 174 204 185 177 207 158 231 255 256 262 263 268 269
244 144 131 161 142 245 194 145 148 227 129 208 189 211 143 176 198 179 242 229 210 156 140 170 151 154 135 157 248 187 141 220 171 201 174 185 207 188 224 205 235 238 149 152 133 163 196 199 251 180 202 153 232 164 186 216 167 197 219 230 203 233 257 258 263 264 270 271
134 135 210 213 167 157 170 147 137 222 136 149 227 204 131 181 158 194 171 148 226 216 206 183 160 163 140 238 228 205 172 185 139 175 240 217 230 207 220 197 164 141 154 144 229 242 219 232 209 176 153 156 231 198 234 188 165 201 178 168 130 145 243 133 252 258 259 264 265 271
135 193 183 140 238 251 228 182 195 172 185 162 139 128 227 240 217 194 230 184 151 187 164 141 132 154 242 209 163 199 153 166 241 208 221 198 188 165 155 243 220 210 167 157 147 232 245 222 189 202 156 146 159 136 234 224 130 191 204 181 158 171 213 226 252 258 259 264 265 271
166 167 180 170 131 245 161 212 248 145 202 179 215 148 159 182 162 247 146 237 191 227 204 160 194 184 156 216 193 137 183 196 151 154 157 205 218 141 195 172 139 240 207 177 219 149 152 186 222 199 176 189 147 231 221 234 164 211 188 201 168 210 246 200 144 190 253 254 259 260 266 267
167 168 147 200 165 213 180 170 245 212 248 202 144 192 128 161 224 237 145 227 126 204 148 129 171 159 184 132 146 226 216 193 229 206 173 238 251 241 218 137 172 208 175 151 210 187 155 177 158 219 232 186 231 149 198 234 211 152 133 163 136 253 254 259 260 266 267
131 209 186 222 129 189 198 234 188 201 178 233 246 200 213 190 203 180 157 147 179 192 182 159 247 139 224 191 194 171 161 151 130 216 206 160 196 173 140 238 251 228 218 195 172 208 185 162 152 250 142 217 220 197 174 210 164 128 177 154 242 219 232 252 257 258 264 265 271
209 250 161 145 175 126 243 220 148 178 208 192 165 176 242 219 198 232 179 160 222 193 156 221 137 234 211 140 170 173 206 187 233 246 213 155 185 158 245 235 225 205 215 237 152 227 133 217 196 199 180 202 226 183 164 216 203 184 228 241 218 144 255 256 262 263 268 269
137 140 215 251 133 228 205 182 136 195 172 152 250 142 227 217 230 184 220 174 187 154 229 219 232 163 153 143 156 241 231 221 211 188 165 201 168 145 243 233 210 246 190 180 245 212 189 225 202 126 146 149 234 247 237 181 194 148 161 226 170 183 160 252 258 259 264 265 271
140 238 251 228 241 218 172 208 185 162 152 250 217 230 139 184 220 174 141 144 229 222 189 143 133 231 221 234 211 165 201 155 158 243 210 200 213 190 203 180 147 212 225 202 179 146 126 159 224 237 191 204 194 148 151 226 216 193 206 160 196 252 258 259 265 266 271
143 220 174 151 128 142 229 242 126 186 129 176 153 132 156 211 188 168 145 243 233 210 190 144 245 222 235 212 225 202 192 146 182 234 247 237 227 194 171 148 161 226 130 216 133 170 206 183 160 248 238 215 228 195 208 185 162 175 152 250 240 217 230 207 252 258 259 265 266 271
220 165 176 198 179 229 160 212 228 210 156 231 154 126 206 157 230 243 141 171 201 174 155 185 177 207 158 188 139 218 242 172 232 149 221 234 151 152 163 196 147 180 233 153 183 186 200 248 217 225 128 161 194 145 175 129 189 181 132 192 255 256 262 263 269 270
176 217 230 207 161 177 148 229 159 162 232 186 165 222 199 146 189 160 231 221 198 234 211 188 201 243 233 173 154 213 190 180 141 171 212 158 202 139 179 192 237 227 204 181 149 130 136 147 183 153 196 164 228 205 241 218 208 185 240 253 254 260 261 266 267
217 188 234 156 233 246 151 152 154 187 168 199 141 248 171 225 201 238 213 185 247 172 203 237 184 250 130 226 133 196 178 181 132 251 228 241 197 231 198 179 212 193 144 243 210 142 173 242 126 245 129 159 190 162 192 174 255 256 262 263 269 270
155 194 171 226 203 216 193 144 206 183 196 163 248 251 126 195 172 208 129 162 132 175 250 146 240 230 207 184 174 187 177 229 242 232 186 222 199 189 151 154 231 221 141 188 178 243 233 200 213 157 170 235 212 130 225 133 215 192 136 182 224 191 227 252 253 259 260 265 266
194 177 232 191 221 234 211 149 151 182 163 136 233 246 200 180 213 153 164 245 235 212 225 202 205 144 237 130 250 142 204 175 178 189 132 162 226 165 206 196 193 238 251 228 241 218 195 156 198 170 173 230 243 157 187 168 254 255 261 262 267 268
147 190 133 180 157 136 245 235 212 189 225 179 192 159 149 234 144 158 171 148 128 246 203 145 206 129 132 248 238 215 251 146 228 205 218 195 185 162 175 240 207 184 174 151 164 154 196 232 186 141 153 156 211 201 178 168 233 177 213 252 253 258 259 265 266
190 226 180 193 229 183 186 238 184 241 231 144 198 128 240 161 230 243 175 178 129 181 132 165 219 146 222 179 199 160 212 221 211 156 201 170 151 173 154 187 168 213 171 203 185 177 245 158 235 248 172 215 237 250 182 133 136 254 255 261 262 267 268
168 193 170 206 248 215 228 128 195 172 161 185 142 145 126 250 184 174 165 146 160 229 242 199 241 231 221 151 154 201 157 233 246 177 213 222 189 225 202 179 192 149 152 133 247 163 224 136 237 191 227 204 181 171 153 253 254 259 260 266 267
153 233 128 246 142 203 180 170 245 129 235 212 248 215 159 172 247 181 161 226 151 216 206 160 196 141 228 205 218 195 139 208 162 198 165 250 230 243 197 174 187 130 152 154 136 232 148 222 189 156 231 221 234 188 201 144 158 252 253 259 260 265 266
233 183 198 230 184 144 229 128 248 126 227 178 129 208 159 189 132 211 162 192 195 146 237 250 160 212 193 224 226 210 156 154 251 206 241 171 201 174 207 158 188 139 218 219 191 243 203 242 130 245 136 215 180 256 257 263 264 269 270
159 164 229 242 219 130 199 152 133 136 221 198 211 188 201 243 246 200 177 213 170 128 222 142 225 145 215 126 129 132 224 237 227 204 181 203 216 193 206 160 248 238 154 251 228 157 205 218 172 208 185 175 240 139 230 197 174 187 252 253 259 260 266 267
164 200 177 146 180 222 235 225 202 192 156 182 247 224 154 227 204 157 171 141 144 226 216 139 193 170 206 183 173 248 251 218 195 172 149 185 130 133 163 250 136 240 207 197 187 219 186 199 128 221 211 188 165 201 145 126 129 253 254 259 260 266 267
165 207 197 174 187 177 242 219 128 212 142 179 126 129 221 141 234 211 188 224 201 146 178 191 158 246 200 213 180 235 151 152 225 205 182 237 227 204 181 184 226 206 173 130 133 163 251 241 148 231 208 185 175 240 230 253 254 259 260 266 267
207 195 177 160 229 219 156 228 241 154 218 206 141 240 243 188 139 210 172 203 242 232 222 212 149 130 182 133 163 196 221 211 199 224 183 186 197 198 246 226 144 235 128 238 161 175 148 129 247 181 132 162 250 192 227 255 256 261 262 268 269
136 180 170 235 212 225 130 179 192 133 182 247 224 191 181 171 184 151 226 206 183 160 173 163 128 228 218 185 152 250 240 230 197 174 210 187 177 154 144 242 186 199 189 231 198 178 145 243 246 200 203 252 258 259 264 265 271
180 200 213 245 235 212 225 202 215 247 224 237 191 181 175 148 178 226 216 132 162 183 196 146 179 160 205 218 195 250 230 151 173 197 187 157 229 171 242 219 238 199 158 172 221 211 188 243 210 246 253 254 260 261 267 268
250 160 191 221 193 235 238 156 222 170 154 157 201 202 232 234 185 158 246 219 200 230 184 247 130 152 182 163 196 227 181 211 241 197 212 242 245 226 248 229 210 145 175 126 148 129 208 192 174 177 257 258 264 265 270 271
188 227 204 144 226 229 161 145 175 126 148 178 129 162 146 179 160 240 197 156 173 154 222 199 157 187 189 231 174 221 211 139 191 172 243 246 213 152 182 133 212 248 225 215 192 183 247 224 254 255 260 261 267 268
227 218 191 172 242 245 222 149 152 182 163 199 202 183 213 186 216 197 219 184 235 144 238 130 161 145 237 148 181 211 162 192 225 179 212 226 251 156 228 241 231 173 154 187 240 141 171 201 174 256 257 262 263 269 270
148 154 219 139 232 186 222 199 156 231 234 211 224 130 201 158 246 213 203 157 245 212 248 182 144 172 149 128 247 204 181 145 171 184 161 146 229 206 160 173 228 205 241 218 208 198 240 243 197 174 187 141 252 253 258 259 265 266
154 206 173 163 248 238 251 205 162 230 197 151 196 232 141 186 199 189 139 231 221 198 234 211 201 178 243 149 210 130 177 157 245 222 225 247 224 144 171 128 142 226 203 216 252 253 259 260 265 266
199 213 203 142 175 126 178 129 235 189 212 248 181 132 225 162 215 179 247 204 156 170 216 229 206 187 141 251 174 205 241 185 177 158 208 139 191 240 243 130 152 182 242 219 222 186 231 224 246 254 255 261 262 268 269
200 201 183 186 198 246 213 203 184 235 128 215 161 142 145 175 126 247 129 237 189 181 132 162 204 177 160 193 216 238 251 170 151 218 208 157 141 240 174 230 243 191 172 242 232 222 149 130 133 163 221 234 254 255 261 262 268 269
201 226 216 128 130 238 142 228 205 218 208 129 181 192 240 230 179 193 219 156 173 126 231 234 141 171 174 139 210 246 191 172 213 203 245 235 212 149 248 225 215 196 237 254 255 261 262 268 269
192 197 152 182 242 133 163 232 231 186 234 184 243 128 161 145 245 175 212 189 202 181 215 146 247 160 224 237 204 156 226 170 216 151 229 206 173 157 187 141 171 205 218 177 158 172 230 254 255 261 262 267 268
197 195 146 246 179 213 193 156 235 212 170 151 173 157 224 237 141 171 204 174 158 191 216 229 206 238 251 130 228 152 218 163 208 196 240 183 210 242 144 128 161 231 126 198 234 129 189 254 255 261 262 268 269
226 231 171 202 204 139 219 221 172 203 205 149 182 163 215 196 183 213 216 184 144 235 248 238 178 129 208 189 181 211 247 237 160 212 193 229 151 251 241 157 256 257 262 263 269 270
139 191 158 171 161 203 216 193 206 173 238 251 205 195 172 185 175 152 142 240 230 141 130 144 229 133 132 156 241 221 234 211 178 145 210 246 177 213 128 157 170 245 235 129 202 179 182 149 237 252 258 259 264 265 271
191 237 204 184 216 149 229 130 206 196 163 178 228 181 241 218 162 195 208 179 240 230 243 210 144 128 242 161 142 232 222 145 175 126 157 189 146 177 160 156 203 170 245 187 202 238 215 171 247 254 255 261 262 267 268
158 204 181 184 161 193 206 160 196 173 163 130 133 251 228 218 208 185 198 240 230 174 210 144 232 156 189 142 145 126 231 129 221 234 178 246 213 203 245 235 212 248 151 202 152 215 182 247 224 252 253 259 260 265 266
204 172 216 229 206 130 238 152 251 133 205 241 218 202 183 230 184 242 144 222 128 161 175 126 178 129 234 211 181 132 195 146 198 179 193 245 156 235 248 225 173 247 141 171 237 255 256 261 262 268 269
198 240 243 144 210 173 129 189 132 221 234 211 160 246 203 170 235 187 248 202 238 141 215 205 183 185 186 247 237 184 149 130 216 229 152 178 251 181 241 218 195 254 255 261 262 268 269
240 179 160 212 210 156 173 206 234 177 237 219 172 205 235 222 242 130 152 182 215 202 183 186 203 184 246 144 231 128 142 145 248 175 126 208 189 181 132 162 146 225 257 258 263 264 270 271
130 222 235 179 156 146 247 181 193 170 206 183 160 173 248 238 215 205 182 218 195 185 162 142 230 174 151 219 128 241 133 175 129 178 132 145 243 177 144 252 257 258 264 265 271
222 225 133 163 145 178 208 247 181 162 195 179 160 212 193 229 144 128 170 251 228 241 187 129 177 243 218 221 242 232 151 215 196 234 224 202 213 185 186 216 203 256 257 262 263 269 270
142 196 232 186 163 156 241 231 208 211 243 141 177 213 157 245 212 225 202 179 247 133 171 203 216 193 170 206 183 173 248 238 215 251 228 205 182 218 195 185 162 152 230 126 184 129 151 187 132 252 258 259 265 266 271
196 173 126 157 212 171 225 202 247 172 237 152 182 216 238 183 251 228 205 241 208 184 230 149 161 133 163 229 219 232 178 132 162 231 179 221 160 234 211 193 156 210 246 213 170 254 255 261 262 267 268
161 189 231 221 178 243 149 246 133 203 245 212 248 225 202 179 215 182 247 224 237 144 128 171 184 193 229 132 173 163 146 238 251 205 241 195 172 162 230 177 141 252 253 259 260 266 267
141 151 132 216 206 183 173 163 251 205 195 208 162 175 174 187 144 242 219 189 156 234 211 178 133 243 210 203 170 225 202 179 215 182 149 224 128 181 126 252 258 259 265 266 271
151 173 248 251 228 195 185 184 187 242 219 232 241 231 208 221 175 211 243 210 133 177 213 145 129 132 225 179 234 224 144 181 128 171 246 203 193 183 252 253 258 259 265 266
225 230 149 152 182 242 183 186 219 144 246 178 129 189 132 211 235 248 195 146 179 160 193 237 210 170 173 206 187 174 185 177 238 251 228 218 221 224 205 256 257 262 263 269 270
133 245 235 189 202 179 146 126 149 234 247 237 132 181 216 193 206 183 163 238 251 195 185 175 230 184 187 229 242 232 221 211 178 145 177 144 157 252 258 259 264 265 271
160 157 184 174 229 219 232 186 189 231 149 211 152 178 210 213 245 247 237 145 181 132 146 216 183 173 251 228 241 218 156 172 208 162 175 252 253 259 260 266 267
230 179 193 246 229 210 235 173 248 174 247 185 177 218 205 149 163 215 213 186 216 243 203 242 128 175 126 178 208 189 181 132 256 257 263 264 269 270
186 145 175 126 178 129 132 193 162 245 235 202 238 247 237 156 174 170 216 219 185 251 218 231 208 149 243 152 182 210 187 232 212 189 211 144 224 128 254 255 260 261 267 268
172 224 156 184 157 193 171 238 228 205 241 218 175 149 174 210 187 163 177 219 132 231 221 211 178 144 243 128 246 213 145 203 126 129 162 235 248 179 182 253 254 260 261 266 267
224 203 184 237 152 182 229 211 183 213 251 195 241 179 128 145 126 232 189 132 162 174 146 221 205 246 173 215 187 171 235 202 185 216 218 219 256 257 262 263 269 270
237 221 235 152 163 215 202 232 213 216 219 203 128 245 145 126 178 129 208 132 211 162 195 146 179 212 246 229 210 156 248 238 171 174 256 257 263 264 270 271
232 145 175 126 208 132 195 146 235 248 228 238 179 212 210 170 173 206 187 171 174 185 177 221 205 149 243 182 163 215 183 219 203 184 256 257 263 264 269 270
183 246 171 174 177 235 202 215 149 152 182 184 163 216 193 228 205 208 185 144 128 243 210 145 187 175 129 162 242 219 179 231 234 254 255 260 261 267 268
175 229 242 219 189 156 170 173 221 234 178 243 174 210 213 202 179 215 152 247 181 216 206 238 251 228 205 195 208 185 145 162 184 187 253 254 260 261 266 267
229 241 187 231 129 189 177 218 245 170 182 234 213 185 216 219 246 184 235 248 181 132 247 211 146 179 212 144 156 128 251 256 257 263 264 269 270
193 157 187 171 174 185 242 149 231 182 181 243 246 203 184 235 144 247 126 178 129 189 132 162 146 177 216 206 238 251 218 208 254 255 261 262 267 268
206 219 174 185 177 218 231 243 210 149 152 182 163 212 221 203 246 213 178 129 189 235 132 162 248 238 195 146 170 255 256 261 262 268 269
195 243 156 242 219 157 187 212 221 234 211 149 203 152 182 163 245 235 202 215 247 144 128 216 178 238 181 132 251 218 231 146 208 179 254 255 261 262 267 268
171 173 238 228 205 241 149 208 185 152 163 174 242 219 144 221 178 129 210 246 203 235 212 248 179 156 182 170 247 157 181 184 253 254 260 261 266 267
174 184 146 238 156 218 208 170 185 242 231 221 211 178 246 213 245 235 212 248 144 215 182 247 145 126 181 253 254 260 261 266 267
184 234 246 213 245 182 212 202 247 216 149 238 251 228 241 181 208 146 243 128 219 173 145 189 157 254 255 260 261 267 268
152 245 235 212 248 179 182 247 163 238 205 241 208 149 162 187 177 189 156 231 234 211 178 129 132 246 203 157 170 252 253 259 260 265 266
245 215 216 228 128 243 145 126 178 129 208 241 246 146 177 242 248 210 247 157 187 234 185 218 219 221 203 205 235 251 257 258 263 264 270 271
231 210 145 126 189 146 179 221 235 248 156 247 173 215 187 202 203 238 241 149 182 181 211 213 256 257 263 264 269 270
144 241 129 221 243 210 213 202 215 126 182 247 203 216 173 238 228 205 218 208 185 242 219 189 252 258 259 265 266 271
241 210 156 128 242 173 187 129 189 185 218 238 182 202 216 247 219 203 149 163 145 178 208 251 132 162 146 179 257 258 263 264 270 271
132 187 219 128 146 221 126 211 129 145 243 246 170 235 212 202 215 149 181 216 173 251 218 185 162 252 257 258 264 265 271
187 162 146 179 228 218 173 210 157 219 185 177 189 234 211 243 163 213 203 235 128 126 254 255 260 261 267 268
218 210 157 238 185 149 182 219 213 221 234 243 128 126 178 129 208 181 248 146 212 255 256 262 263 269 270
234 163 129 208 189 211 228 179 212 243 156 242 170 173 126 157 185 177 182 235 215 202 216 219 256 257 263 264 269 270
243 228 173 129 208 162 146 177 235 238 215 157 202 248 185 163 178 181 211 213 257 258 263 264 270 271
128 177 213 157 235 189 146 247 181 203 216 170 248 215 251 228 205 208 129 242 252 257 258 264 265 271
246 213 216 203 247 178 208 181 211 162 146 228 212 242 156 170 126 157 177 221 205 182 163 257 258 263 264 270 271
213 203 235 248 215 126 178 208 189 146 216 251 228 173 157 219 221 182 163 255 256 262 263 268 269
145 242 221 211 129 210 157 170 235 212 202 179 146 182 149 247 181 203 216 163 238 251 228 205 185 162 252 253 258 259 265 266 271
242 126 178 189 211 146 179 212 156 170 157 185 177 205 235 238 182 215 202 216 219 251 257 258 263 264 270 271
173 157 238 205 208 210 149 163 221 178 203 235 248 126 202 129 179 215 182 146 156 253 254 260 261 266 267
203 202 238 149 205 163 178 179 156 126 157 189 177 212 221 255 256 261 262 268 269
157 216 163 238 251 228 205 162 177 189 146 211 156 170 235 248 202 179 215 182 247 149 252 253 259 260 265 266
216 185 238 149 182 202 251 126 178 208 181 211 179 219 212 156 170 255 256 262 263 269 270
181 212 149 221 163 211 235 205 247 129 162 219 156 251 170 208 185 253 254 260 261 267 268
177 162 219 251 156 170 126 129 210 211 178 202 205 149 247 163 253 254 260 261 266 267
221 129 189 211 162 251 179 212 210 156 185 149 235 202 248 247 256 257 262 263 269 270
179 163 219 126 162 146 248 202 215 156 170 251 228 185 253 254 260 261 267 268
235 215 202 238 251 126 178 189 211 146 228 210 156 256 257 263 264 270 271
202 149 205 219 126 178 162 251 146 208 210 170 255 256 261 262 268 269
162 189 178 212 248 215 182 247 163 238 228 129 208 185 146 252 253 259 260 266 267
210 219 126 129 189 211 205 156 170 182 212 248 215 185 149 208 255 256 262 263 268 269
215 182 163 238 251 228 211 146 212 219 170 126 189 185 205 255 256 262 263 268 269
170 248 238 228 205 208 219 163 146 211 178 126 149 253 254 259 260 266 267
129 219 149 247 163 248 238 228 205 185 252 257 258 264 265 271
126 163 178 212 146 247 248 238 251 228 205 185 252 257 258 264 265 270 271
251 185 205 149 182 247 189 146 248 257 258 264 265 270 271
248 219 149 178 208 146 228 212 156 189 205 257 258 264 265 270 271
149 182 247 238 205 208 185 189 178 252 253 258 259 265 266
219 208 211 238 156 247 205 228 212 255 256 262 263 269 270
156 205 146 189 182 247 163 252 253 259 260 265 266
205 228 163 211 189 146 212 255 256 261 262 268 269
146 189 178 247 228 185 252 253 258 259 265 266 271
228 182 238 247 178 208 211 212 256 257 263 264 269 270
163 212 247 238 208 211 178 252 253 259 260 266 267
238 178 256 257 263 264 270 271
212 178 208 189 247 255 256 262 263 268 269
189 178 185 182 254 255 260 261 267 268
247 182 185 257 258 264 265 270 271
178 211 208 253 254 260 261 267 268
182 208 211 253 254 260 261 267 268
185 208 254 255 260 261 267 268
208 255 256 261 262 268 269
211 255 256 262 263 268 269
252
253
254
255
256
257
258
259
260
261
262
263
264
265
266
267
268
269
270
271
