#/usr/local/lib/python3.10/dist-packages/colab_kernel_launcher.py -f /root/.local/share/jupyter/runtime/kernel-ccf9b1d1-ce2b-4d6c-8d13-48aff858ef78.json
# GMT Mon May 27 11:07:50 2024
# 
55 57 61 32 56 13 24 35 16 27 46 8 0 41 14 33 64 59 36 63 17 9 39 31 20 50 23 12 51 42 34 18 48 62 29 136 137 143 144 149 150
57 6 36 28 39 1 50 23 64 26 15 34 45 7 10 29 51 54 27 46 8 30 19 61 38 49 0 11 65 52 3 44 33 25 136 137 143 144 149 150
47 53 33 44 48 56 51 17 3 9 39 31 12 4 45 7 18 37 60 64 59 40 2 54 49 58 32 43 5 27 46 8 30 19 14 135 136 142 143 148 149
53 36 17 9 20 31 50 23 12 4 62 15 34 37 27 56 10 40 29 21 22 5 35 16 30 8 11 39 54 63 14 33 58 6 136 137 142 143 149 150
36 62 48 29 2 43 61 38 65 42 5 51 35 24 27 30 0 11 22 33 64 59 6 40 28 58 9 31 20 4 34 7 134 135 141 142 147 148
26 30 18 21 5 48 34 61 29 38 56 65 8 42 0 37 46 22 32 14 6 17 60 9 64 20 41 50 27 45 54 4 40 44 133 134 140 141 146 147
30 7 29 2 21 64 50 13 45 54 63 16 31 49 58 27 8 19 11 22 62 17 39 48 0 43 51 12 23 25 134 135 140 141 147 148
18 44 8 16 58 39 0 1 34 61 38 56 24 42 19 37 23 9 2 12 51 60 4 5 46 13 41 59 7 45 54 31 132 133 139 140 146 147
62 17 28 39 31 20 50 61 12 56 45 48 10 40 2 59 51 32 24 13 54 27 46 19 8 38 0 11 14 44 25 137 138 143 144 150 151
59 64 29 2 63 32 5 24 13 54 16 46 8 49 22 52 14 33 44 25 28 39 1 20 12 42 4 45 7 10 136 137 143 144 150 151
64 43 13 35 24 54 16 27 46 0 52 65 3 14 44 33 17 9 39 1 31 61 50 23 56 37 29 40 137 138 144 145 150 151
17 58 44 39 43 52 20 29 33 42 19 28 37 13 16 8 11 0 65 60 14 46 27 40 49 35 21 63 132 133 139 140 145 146
58 9 10 40 50 12 23 42 4 5 35 65 34 7 46 2 22 41 54 6 8 19 49 38 0 14 44 25 56 136 137 143 144 150 151
7 35 12 21 16 11 2 63 39 25 34 20 29 33 37 14 23 65 51 46 1 32 45 54 13 40 49 8 132 138 139 144 145 151
35 60 10 46 29 2 21 45 63 32 40 5 44 27 19 3 25 6 52 28 51 9 1 20 31 23 12 15 134 135 141 142 147 148
5 65 60 3 50 45 63 22 40 49 8 25 1 11 34 43 52 61 38 2 15 33 42 51 10 28 9 132 138 139 144 145 151
65 13 24 54 49 1 31 3 33 44 25 56 9 20 23 12 51 32 15 45 37 27 40 29 21 22 52 137 138 144 145 150 151
29 32 41 54 63 25 31 6 40 28 1 23 15 52 10 38 33 37 13 24 16 27 19 133 134 140 141 147 148
32 60 21 41 50 13 24 45 54 63 40 16 39 8 1 20 3 25 15 48 34 23 37 46 4 27 134 135 140 141 147 148
44 51 10 40 12 42 4 43 13 24 37 60 46 21 22 14 33 16 28 0 31 48 52 61 135 136 142 143 148 149
8 9 2 60 41 45 63 22 12 0 16 3 39 1 25 43 52 61 20 24 10 132 138 139 145 146 151
9 0 39 48 25 43 61 11 38 15 24 6 10 28 14 1 56 60 37 41 27 31 16 132 138 139 145 146 151
41 21 24 27 19 38 0 39 60 46 14 45 63 49 25 6 1 20 31 12 15 34 48 37 43 52 61 135 136 141 142 148 149
48 54 6 63 28 1 23 12 42 15 45 34 37 52 56 51 43 24 13 16 46 19 38 11 14 135 136 142 143 149 150
54 40 2 21 51 24 63 16 46 38 22 33 25 28 1 56 31 20 42 45 136 137 143 144 149 150
21 37 46 45 22 31 40 49 2 13 63 0 39 34 43 3 38 33 6 28 1 4 51 60 133 134 139 140 146 147
37 22 16 6 31 23 12 39 43 61 56 34 10 4 24 60 46 50 49 45 134 135 141 142 147 148
6 3 34 52 56 15 24 51 10 19 28 14 13 4 60 27 63 22 31 49 39 16 11 132 138 139 144 145 151
40 50 45 2 13 16 19 0 11 3 61 33 51 1 23 12 15 34 135 136 141 142 148 149
50 2 13 52 61 56 11 0 22 14 33 25 28 39 1 31 20 23 12 63 42 4 15 136 137 142 143 149 150
63 10 12 43 13 24 27 46 49 60 52 0 1 20 61 23 15 34 137 138 143 144 150 151
46 24 38 11 39 49 3 25 28 20 42 4 61 45 56 135 136 142 143 148 149
11 14 60 4 45 22 31 49 12 16 39 25 34 43 52 61 0 20 15 42 28 132 133 138 139 145 146 151
14 51 19 23 60 12 4 27 22 49 25 2 13 43 52 20 38 56 132 133 139 140 145 146
10 27 45 22 31 49 3 12 39 25 1 43 20 38 15 24 33 19 2 23 0 132 133 138 139 145 146 151
27 2 13 24 16 31 19 49 3 1 34 43 52 42 15 133 134 140 141 146 147
33 38 56 3 42 25 28 1 20 31 51 15 19 0 43 52 61 134 135 140 141 147 148
38 1 51 60 20 31 15 49 34 2 13 16 39 61 56 42 22 3 134 135 141 142 148 149
45 43 0 56 51 3 39 23 12 60 42 4 15 135 136 142 143 148 149
25 43 61 15 42 28 12 4 51 19 31 22 3 20 133 134 140 141 146 147
43 39 49 31 20 12 42 4 15 52 24 13 0 3 135 136 141 142 148 149
3 15 24 42 23 2 60 0 31 49 12 16 1 34 61 20 132 137 138 144 145 151
56 16 28 39 1 20 61 34 51 24 13 60 19 22 52 136 137 143 144 149 150
2 13 22 31 49 12 52 61 0 20 15 42 19 23 60 132 137 138 144 145 151
15 1 52 61 4 20 24 42 28 60 49 132 133 139 140 145 146
61 23 42 4 34 51 24 60 22 52 137 138 143 144 150 151
24 49 20 39 13 28 19 0 22 133 134 140 141 146 147
22 60 19 0 39 12 4 34 52 42 51 133 134 139 140 146 147
60 13 19 49 0 52 1 31 23 42 137 138 143 144 150 151
13 51 31 49 34 19 28 12 4 132 133 138 139 145 146
42 28 20 12 34 51 4 16 19 135 136 141 142 148 149
51 16 0 1 20 34 28 23 136 137 142 143 149 150
12 34 0 1 16 132 133 138 139 145 146
28 39 34 52 1 23 4 49 16 19 133 134 140 141 147 148
34 4 52 16 19 0 134 135 141 142 147 148
0 4 31 16 132 137 138 144 145 150 151
52 39 23 4 16 19 49 136 137 142 143 149 150
31 19 1 23 134 135 140 141 147 148
49 4 16 19 39 23 135 136 142 143 149 150
19 4 39 20 23 132 133 139 140 146 147
16 20 1 4 132 133 139 140 145 146
39 23 4 134 135 141 142 148 149
23 1 20 4 133 134 139 140 146 147
20 133 134 139 140 146 147
1 4 132 137 138 144 145 150 151
4 132 138 139 144 145 151
113 119 128 99 110 118 102 122 131 94 69 105 67 97 108 92 111 100 73 84 103 116 125 120 129 87 98 109 71 112 104 66 77 88 107 135 136 142 143 148 149
119 102 75 114 67 86 97 116 78 117 70 92 123 111 100 73 84 103 131 76 95 68 71 79 96 74 115 105 130 125 120 129 80 91 136 137 142 143 149 150
102 128 95 127 131 108 117 90 103 93 74 85 66 77 69 80 126 99 121 130 91 125 72 111 120 94 115 124 67 89 78 92 81 134 135 141 142 147 148
73 92 101 87 82 68 129 128 118 86 95 99 108 85 103 80 75 72 131 117 121 67 98 107 116 125 84 93 79 88 106 115 74 132 138 139 144 145 151
92 84 76 68 71 79 123 100 109 118 127 99 108 66 77 94 88 98 80 116 91 83 121 86 125 78 93 111 97 124 81 133 134 140 141 146 147
128 83 94 130 67 124 86 129 78 89 108 103 106 68 87 117 109 98 71 101 120 82 93 85 104 77 66 126 88 110 91 121 137 138 143 144 150 151
83 124 110 105 91 109 127 95 104 90 108 71 85 89 74 126 69 121 130 107 116 125 111 120 88 106 115 87 96 67 70 81 129 132 133 139 140 145 146
124 94 75 114 76 106 116 117 108 70 98 127 101 131 100 88 79 90 120 85 104 129 105 67 97 80 69 91 81 122 111 136 137 143 144 150 151
94 69 123 109 127 122 99 75 67 86 70 84 112 107 125 111 120 68 97 106 115 71 96 90 79 82 93 85 74 77 133 134 140 141 147 148
84 101 82 72 105 114 123 67 100 109 127 86 95 104 122 90 89 75 76 131 78 70 112 121 116 125 93 111 106 115 132 133 139 140 146 147
101 126 121 130 95 68 107 125 111 120 98 115 79 110 93 96 74 77 69 114 72 109 118 104 122 117 75 103 67 86 70 134 135 141 142 147 148
75 129 66 105 114 69 100 109 118 127 77 95 90 99 72 76 85 67 117 103 112 121 130 89 98 79 68 78 87 132 138 139 145 146 151
129 114 95 117 108 98 90 93 112 123 74 104 131 126 88 130 118 110 99 82 121 66 67 86 116 89 81 111 137 138 143 144 150 151
66 71 80 89 131 126 103 107 93 111 70 79 97 106 74 69 82 68 96 114 123 91 100 127 104 81 90 76 85 132 137 138 144 145 150 151
71 112 121 130 125 97 106 74 87 96 105 82 67 77 70 123 109 118 86 95 104 122 90 108 76 80 89 79 132 138 139 144 145 151
72 114 123 69 100 109 118 127 104 122 81 90 99 112 89 79 107 125 93 111 120 88 97 106 110 87 96 91 77 67 132 138 139 144 145 151
114 67 86 97 70 81 118 95 106 127 68 122 87 117 109 79 90 82 112 96 74 104 88 126 130 110 91 135 136 142 143 149 150
80 108 117 69 89 98 67 121 130 78 107 116 125 93 111 115 96 82 91 68 105 100 109 118 127 74 86 95 132 133 139 140 145 146
87 112 130 107 116 93 88 97 115 68 96 79 82 74 77 123 100 109 127 95 99 86 78 131 70 117 126 133 134 139 140 146 147
112 90 96 116 125 77 105 99 97 86 89 78 108 109 98 118 81 127 100 111 122 131 103 93 106 68 135 136 142 143 148 149
95 116 111 120 110 96 70 105 109 76 104 68 99 108 103 90 79 82 93 85 77 121 69 133 134 140 141 147 148
116 106 68 79 118 93 122 85 74 96 117 77 88 69 105 121 97 125 120 70 81 103 76 136 137 142 143 149 150
77 89 131 117 126 103 121 98 125 111 120 97 78 82 110 123 91 100 109 104 81 99 132 133 138 139 145 146 151
89 88 91 109 104 122 108 86 103 78 81 76 117 126 68 98 125 120 106 115 110 82 74 133 134 139 140 146 147
123 105 86 126 78 130 70 81 122 76 106 68 117 109 90 120 74 127 104 115 131 88 107 99 110 136 137 143 144 149 150
106 115 68 79 93 96 74 69 109 118 127 122 91 108 105 67 86 70 100 130 103 135 136 141 142 148 149
130 109 90 120 85 104 115 126 107 118 69 110 121 105 67 78 108 70 100 111 103 76 137 138 144 145 150 151
99 104 69 103 91 97 131 117 121 81 107 125 120 115 68 98 79 74 100 109 118 88 134 135 140 141 147 148
104 131 67 107 70 111 115 100 103 98 90 82 105 93 109 74 108 88 134 135 141 142 148 149
68 98 107 125 93 120 79 110 105 91 118 127 81 90 108 85 126 132 137 138 144 145 151
98 126 121 88 107 125 90 110 85 86 97 69 118 127 76 122 131 117 78 93 134 135 140 141 147 148
76 111 88 115 69 110 96 105 67 70 118 127 86 122 90 117 103 131 126 74 121 107 132 133 138 139 145 146 151
111 109 82 74 85 122 69 91 67 97 126 70 125 81 100 120 135 136 142 143 148 149
110 122 78 108 90 131 93 126 85 121 120 107 115 67 86 97 91 81 127 100 135 136 142 143 148 149
107 79 93 85 96 105 126 88 125 74 91 97 78 81 100 103 118 131 135 136 141 142 148 149
69 81 90 85 70 131 117 121 93 88 97 96 91 67 105 127 86 132 137 138 144 145 151
91 109 118 108 78 70 131 126 121 120 88 79 74 86 115 96 133 134 140 141 146 147
109 125 105 115 86 81 127 82 96 74 85 135 136 141 142 148 149
122 121 105 108 81 131 103 117 70 120 93 96 85 74 125 115 88 118 136 137 143 144 149 150
81 82 78 86 90 108 85 131 79 126 121 125 97 115 132 133 139 140 145 146
118 97 78 108 125 90 79 82 93 85 96 115 88 127 136 137 142 143 149 150
125 120 82 96 85 88 121 78 103 126 136 137 143 144 150 151
90 131 126 121 93 120 115 86 70 82 103 85 133 134 140 141 146 147
126 79 120 82 96 74 115 105 86 97 78 117 108 137 138 143 144 150 151
88 103 93 79 121 97 105 67 70 100 127 131 133 134 139 140 146 147
103 82 97 78 105 127 100 108 131 117 85 115 134 135 141 142 147 148
131 79 121 105 86 127 78 108 100 93 137 138 144 145 150 151
79 117 93 97 115 82 74 100 108 85 78 132 133 138 139 145 146
108 105 67 97 100 70 82 96 85 135 136 141 142 148 149
117 82 115 105 67 100 127 78 70 121 93 96 136 137 142 143 149 150
82 121 93 120 97 96 86 85 67 78 132 133 139 140 145 146
121 127 115 67 86 70 136 137 143 144 149 150
127 78 70 100 120 93 74 115 137 138 143 144 150 151
100 67 97 78 70 105 96 85 120 134 135 141 142 147 148
120 74 96 85 105 97 78 70 136 137 143 144 149 150
93 96 105 86 133 134 140 141 146 147
115 70 74 85 67 78 135 136 142 143 149 150
85 97 78 105 86 132 133 139 140 146 147
105 78 96 67 134 135 141 142 148 149
67 70 74 86 132 137 138 144 145 150 151
97 96 74 86 70 134 135 140 141 147 148
86 70 74 133 134 139 140 146 147
96 70 74 78 134 135 140 141 147 148
78 74 132 133 138 139 145 146
70 132 138 139 144 145 151
74 132 138 139 145 146 151
132
133
134
135
136
137
138
139
140
141
142
143
144
145
146
147
148
149
150
151
