#main.py
# GMT Wed Jun  5 23:48:13 2024
# 
15 21 30 14 3 16 25 6 9 1 12 4 20 7 28 23 18 10 5 27 8 22 31 11 0 17 26 44 42
21 7 27 31 26 2 13 16 19 8 0 11 25 14 3 29 24 6 28 23 17 9 1 20 12 4 32 40
7 17 26 12 30 16 11 2 5 25 20 29 24 10 19 28 0 14 23 1 18 27 13 22 4 42 41
17 10 25 2 20 29 24 5 28 13 23 16 8 0 11 14 3 27 6 22 26 30 12 4 61 59
30 26 18 9 10 29 2 4 13 24 27 19 8 11 22 14 3 6 28 0 1 23 12 25 53 39
26 18 10 2 5 24 13 16 29 8 11 28 14 3 6 9 1 12 23 27 4 31 36 45
18 8 3 14 16 6 11 0 1 25 20 29 24 19 28 9 10 4 5 13 27 22 31 38 36
8 9 2 5 27 22 31 12 16 11 6 1 25 20 29 24 4 10 19 28 14 49 33
9 0 3 11 20 29 24 6 10 19 14 1 23 27 13 22 31 2 12 5 16 57
0 5 23 4 13 22 31 3 12 16 2 25 20 29 6 24 1 10 19 28 58 34
5 3 27 22 31 16 1 11 6 20 29 2 24 10 19 28 14 23 13 43 44
23 11 22 3 14 6 25 29 24 1 20 28 2 27 4 31 13 16 39 60
11 10 2 27 13 22 31 12 16 3 6 25 20 29 19 28 63 48
10 27 22 31 3 12 6 25 1 4 20 29 24 19 28 13 37 52
27 2 22 13 24 19 3 14 6 1 12 29 4 28 41 58
14 24 19 3 6 1 4 22 31 16 25 2 13 20 29 52 35
3 24 19 28 2 4 22 31 12 16 25 1 29 34 37
22 28 2 13 16 19 31 25 6 1 20 12 50 51
28 25 29 1 20 12 4 31 13 16 19 45 62
24 31 1 20 12 25 4 2 29 13 16 19 48 63
16 2 31 25 6 29 19 1 12 4 59 47
12 2 25 20 29 19 6 13 31 4 47 46
25 29 4 19 2 31 6 1 20 56 49
31 29 2 13 19 6 20 4 62 53
2 13 20 6 19 4 1 35 55
29 6 20 4 13 33 61
19 6 1 4 13 20 60 43
6 13 20 1 40 32
13 1 20 4 46 56
20 4 1 54
4 1 51 38
1 55 50
39 49 58 44 53 62 48 43 34 37 57 47 56 42 51 60 32 46 55 41 35 38 50 54 63 36 40
49 42 57 52 56 37 51 55 48 40 32 43 46 35 50 59 38 63 58 53 41 62 33 44 36 47
58 62 50 42 53 45 48 61 51 43 32 60 54 35 46 57 38 41 33 52 55 44 59 63 47
62 47 50 41 42 61 34 53 36 37 45 56 48 59 43 54 35 46 38 60 32 52 44 57
47 46 35 57 38 41 33 44 36 52 61 51 60 55 50 34 37 59 40 54 63 32 43
50 53 35 48 32 43 57 52 61 56 51 60 55 42 34 44 36 37 45 59 54 63
40 41 34 37 59 45 54 63 44 32 53 48 43 35 38 33 57 52 61 56 36 42 60 55
41 35 57 43 52 56 42 51 60 46 33 36 59 45 54 63 34 44 53 37 48
32 46 55 59 36 45 54 63 35 44 53 48 34 57 43 61 38 33 51 60
46 43 56 51 60 35 55 38 33 44 36 59 54 63 53 48 34 37 45 52
43 55 42 34 36 37 59 45 54 53 38 57 52 61 33 56 51
55 54 35 38 57 61 56 33 52 60 44 42 34 53 36 37 63 51
42 59 54 63 35 53 38 48 57 33 36 52 61 51 60 34 45 37
59 34 53 56 45 48 63 51 35 57 38 33 52 44 36 60
35 38 56 51 60 37 34 45 54 63 48 33 52 61
38 61 56 51 45 36 37 54 34 44 53 57 52 33
54 60 53 37 45 48 51 63 57 33 44 61 56
60 57 61 33 44 36 34 63 37 56 45 48 51
56 63 33 52 44 57 36 34 53 61 37 45 51
44 34 57 37 52 61 51 45 33 48 36
57 61 36 51 34 63 45 48 52
53 63 34 37 45 48 51 61 33 52 36
63 61 34 45 48 51 33 52 36
34 45 48 52 61 51 37
61 33 52 36 37 45 48 51
51 33 37 48
48 37 45 52 33 36
45 33 52 36 37
37 33 36 52
52 36 33
33 36
36
