#main.py
# GMT Wed Jun  5 23:39:54 2024
# 
6 18 3 27 22 2 15 26 5 28 0 12 1 7 9 59 55 53 56 58 57
18 12 30 23 13 11 1 3 14 7 20 29 10 22 39 46 37 42 53 40 36
16 20 29 0 15 17 26 7 9 30 3 10 25 2 8 55 61 58 52 40 33 43
20 10 26 2 21 30 23 11 15 17 9 13 14 38 34 33 61 59 53
29 4 8 21 15 17 28 5 7 9 24 13 1 62 57 47 39 45
3 13 22 15 24 17 1 21 23 7 25 11 63 38 42 61 50 53 51
13 26 19 14 4 8 0 7 31 15 24 48 39 62 49 36 34
8 9 27 22 15 2 4 26 10 30 5 7 41 49 40 59 32 38
9 28 12 0 23 25 11 31 2 24 54 43 32 55 62 51 63
22 28 12 25 4 19 21 11 0 17 24 60 51 57 39 58
5 19 28 12 30 23 1 27 2 31 15 26 56 52 38 49 47
19 7 14 27 10 24 26 2 11 0 15 17 40 41 61 51 42 50
0 14 23 30 2 11 31 24 12 34 36 50 46 41 55 33
14 11 31 15 24 30 1 23 12 4 33 56 34 43 60 42 41
17 30 23 12 2 31 24 11 25 45 57 48 46 54
30 11 7 31 23 2 25 36 59 35 46 38 45
11 4 27 10 12 46 47 55 54 63 45 49
31 10 27 21 26 15 28 7 43 35 46 41 54 61 59
28 7 1 10 27 25 4 21 26 42 40 56 53 37 44
23 15 27 7 10 21 57 53 44 36 56 43 62
26 24 10 25 27 21 52 58 60 33 47
15 12 4 37 48 51 59 38 54
24 25 4 21 7 44 63 39 47 50 35
7 12 53 62 49 45 47 34 32
12 27 1 2 47 50 63 32 37 52
27 2 4 21 1 32 33 35 44 60 39
10 1 21 4 25 51 37 54 62 39 48 55
2 25 1 35 42 59 50 34 63 46
25 4 21 1 49 44 43 58 55 35 42
4 1 21 61 60 48 43 56
1 21 58 32 40 37 57 52
21 50 54 38 32 49 58 48
48 52 61 54 47 56 58 60 41 45 62 55 46 59 36
52 38 44 34 60 36 51 40 62 55 43 47 57 49
61 42 55 59 63 36 51 53 43 37 39 56 45 33
35 45 54 63 38 58 60 33 44 46 41 50 34 36 32
45 51 44 46 50 37 32 57 33 54 42 47
54 42 55 44 57 34 38 32 49 63 41 33
37 51 46 55 39 50 33 43 63 56 40 49 58
51 39 46 59 58 38 53 62 47 49 57
40 50 33 63 34 38 36 49 58 60 44 32 53
50 53 62 47 43 49 33 39 59 42 56
41 49 58 32 53 62 55 59 43 63 47 38
49 55 33 42 57 34 38 60
46 63 47 60 33 55 57 42 38 59
63 42 34 62 53 43 58 39
36 62 55 38 47 56 42 44 53 39
62 39 56 32 33 59 34 57
34 43 59 32 47 33 60 39
43 38 39 59 56 58 42 44
58 42 55 57 53 32 60
38 47 56 55 57
39 32 44 57 59 47
47 44 32 60
55 59 56 53
59 44 57 60
44 33 56 53 32
32 56 42 53
33 60 57
56 60 42 53
60 57 53
42 53 57
57
53
