#main.py
# GMT Wed Jun  5 23:48:14 2024
# 
7 17 12 21 30 16 11 2 25 20 29 24 10 19 28 0 14 23 9 6 1 18 27 13 22 31 8 34 40 60 54 39 41 58 36 47
17 10 25 2 20 29 19 5 28 13 23 16 8 0 11 14 3 18 22 31 21 30 1 12 4 15 38 55 49 33 53 51 58 39 46 60 45 43
26 30 10 2 24 13 16 29 8 19 11 0 28 22 3 14 25 6 9 1 20 12 23 27 4 31 15 58 51 39 45 47 46 61 53 38 36 63 55 54
30 15 9 10 21 4 5 24 16 31 27 8 11 22 14 3 6 28 0 1 20 23 12 25 32 59 40 63 33 49 55 50 51
15 3 14 16 25 6 9 1 12 4 20 29 24 19 28 23 18 2 5 27 8 22 31 0 60 63 59 34 35 50 43 55 57 58 41
8 9 18 2 5 27 13 22 31 12 0 21 16 3 1 25 20 29 19 28 14 23 50 33 44 62 54 45 37 63 47 39 60
9 0 3 25 11 20 29 6 10 19 28 14 1 23 27 13 22 2 12 21 5 16 56 50 34 51 52 43 38 49 53 48 47 46
0 5 14 18 4 13 31 3 12 21 16 2 25 11 20 29 6 24 10 28 40 58 38 59 63 47 35 45 34 43 50 49
5 3 27 22 31 12 21 16 25 1 11 6 4 29 2 24 19 28 14 23 18 53 39 32 52 44 38 40 48 46 63
18 21 14 3 16 6 11 1 25 29 24 19 28 23 10 2 12 13 27 22 31 45 60 52 48 36 58 37 32 61 35 33 51 44
11 14 23 10 2 4 27 13 22 12 21 16 3 6 20 29 24 19 28 33 43 36 48 59 60 45 62 61 37 44 55
14 24 19 23 1 12 4 27 22 21 16 25 10 2 13 29 41 49 55 36 51 34 54 44 40 59 61
23 22 3 6 24 1 12 10 2 21 27 4 31 13 16 19 36 54 58 37 39 57 51 32 43
3 6 24 10 19 28 2 4 27 13 22 31 21 16 25 29 43 47 35 50 56 42 36 33 32 48 53
6 29 24 10 19 28 13 4 27 22 31 21 16 25 20 1 48 61 56 42 38 52 44 57 45 55 36 63
22 28 10 27 21 13 31 25 1 20 12 4 24 47 62 42 35 40 61 38 34 58 36
28 25 1 20 12 4 10 2 31 21 13 24 16 62 53 57 49 46 37 32 60 52 38 54 45
24 27 31 1 20 25 4 10 21 29 13 16 19 55 45 54 47 42 53 33 40 41 58
16 10 31 21 20 29 19 1 12 4 57 42 33 41 43 60 35 47 51 62
12 10 2 25 20 29 19 27 13 21 4 63 46 62 44 34 55 36 54 37 53 32 52
25 29 10 4 19 2 27 13 1 20 59 48 53 60 62 41 57 63 40 42 38
21 27 31 10 2 19 1 20 4 44 41 50 53 49 61 46 32 59 56 62
10 31 4 20 29 19 2 13 46 52 51 39 32 33 60 59 40 41 56 50
31 29 2 13 27 19 1 20 4 49 37 47 61 58 48 53 62 56 42 35 34
2 27 13 20 29 19 4 1 51 57 63 58 56 62 52 39 48 50 32
27 13 19 1 20 29 4 39 32 37 46 45 59 58 44 61
29 1 20 4 13 19 35 34 41 38 55 36 56 52 57 42 33
19 1 13 20 52 44 61 32 54 56 42 43 33 38 47
13 1 20 4 61 35 45 56 37 48 50 39 51 49
20 4 1 37 38 48 57 59 55 43 62 46 33
4 1 42 56 43 40 41 59 54 53 63 60
1 54 36 46 55 50 62 49 57 44 59 39
47 53 62 35 48 38 41 33 44 36 52 61 56 51 39 55 50 42 37 59 40 54 63 32 43 49 58
53 50 39 59 63 42 58 34 62 45 48 40 51 32 43 57 46 61 56 38 55 49 41 33 52 36
39 49 58 44 48 43 34 37 57 52 56 42 51 60 32 46 55 35 38 33 45 54 63 36 40
49 57 34 52 61 56 37 51 60 45 55 48 40 32 43 59 38 54 63 58 41 62 33 36
58 62 42 34 37 56 45 48 61 51 43 32 60 54 46 35 57 41 33 44 59 36 63
62 50 41 61 36 37 45 56 63 59 40 51 43 54 35 46 38 60 33 52 55 44 57
40 41 50 34 37 59 45 54 44 32 48 35 38 33 57 52 56 42 51 60 46 55
41 32 35 57 43 52 61 56 38 42 51 60 46 55 59 45 54 63 44 37 48
32 37 46 50 59 36 45 54 63 35 44 57 43 52 61 56 33 42 51 60
37 35 59 54 63 44 48 33 38 36 52 34 56 42 51 60 46 55 50
50 46 35 48 38 43 33 57 52 61 56 51 60 55 42 34 44 36 45 54 63
46 43 56 51 60 35 55 38 33 36 59 54 48 57 34 45 52 61
43 42 34 59 45 54 63 44 48 35 38 57 52 61 56 51 60
42 59 54 63 35 38 48 57 33 36 52 61 56 60 34 55 45
59 34 54 56 45 63 51 35 57 33 52 44 55 61 36
35 38 51 60 55 34 36 45 54 63 44 48 57 33
38 61 51 60 55 45 36 54 63 34 48 57 52 33
54 60 55 34 45 48 57 52 44 61 56
60 57 61 52 44 36 34 63 56 45 48 51
56 33 52 55 44 57 36 34 61 51
48 34 63 45 52 61 51 33 55 44 36
44 34 57 52 61 51 55 45 63 33 36
63 61 45 51 57 33 52 55 36
57 61 55 36 51 34 45
61 33 52 36 34 45 51
34 45 52 51 55 36 33
55 33 52 36 45 51
51 33
45 33 36
52 36 33
36 33
33
