#main.py
# GMT Wed Jun  5 23:48:13 2024
# 
15 21 30 3 16 25 6 1 12 4 20 29 24 19 7 23 10 5 13 27 8 22 31 0 11 17 26 39 47 54
21 7 27 22 31 26 2 30 13 16 8 0 11 25 3 14 24 6 28 23 17 9 1 20 12 4 59 53 40
7 17 26 12 30 16 11 25 20 29 24 10 19 28 0 14 23 9 1 18 13 22 31 4 8 49 37 33
17 10 2 20 29 5 19 28 16 8 11 14 3 18 27 6 22 31 26 9 30 1 12 4 53 62 44
30 26 18 9 29 2 4 5 24 13 16 31 27 8 19 22 14 3 0 20 23 12 25 36 44 52
26 18 10 2 5 24 13 16 8 19 0 11 28 22 3 14 25 1 20 23 12 4 37 59 57
18 8 14 3 16 6 11 0 1 25 20 29 24 19 28 23 9 2 12 5 13 27 31 34 42 56
8 9 2 27 13 22 31 12 0 16 3 6 1 20 24 10 19 28 14 23 48 41 53
9 0 3 25 11 20 29 24 6 19 28 14 1 4 23 27 22 31 2 5 16 63 39 43
0 5 14 27 4 13 31 3 12 16 2 25 11 20 29 24 1 10 28 45 55 62
5 3 22 31 12 16 1 11 6 4 20 29 2 24 10 19 28 14 23 13 43 63
14 11 24 19 28 23 6 1 12 4 27 22 16 10 2 13 29 32 34 38
11 23 10 2 13 22 31 12 3 6 25 20 29 1 24 19 28 46 50
23 22 3 6 25 29 24 20 28 10 2 27 4 31 13 16 56 50 48
10 27 22 31 3 12 6 16 25 4 20 29 24 19 28 2 13 57 35 36
27 2 22 24 16 31 19 3 25 6 1 20 12 29 4 28 47 48 37
3 6 19 28 2 4 13 22 31 16 25 1 20 50 43 55
6 29 24 19 28 13 4 22 31 2 12 25 20 1 33 38 39
24 31 1 20 12 25 4 2 28 16 19 54 60 41
16 22 13 25 20 29 28 1 12 4 52 32 35
12 2 25 29 19 28 13 22 31 1 55 57 58
25 29 28 19 2 31 22 13 1 20 44 33 32
22 2 13 19 31 1 4 29 51 61 49
31 29 2 28 1 20 4 42 54 59
2 13 29 19 4 1 41 49 61
29 28 1 20 4 13 19 60 52 45
19 1 4 13 20 28 38 51 47
28 20 4 13 62 36 51
13 1 20 4 35 56 42
20 4 40 34
4 1 58 60
1 61 45 46
39 49 44 53 62 48 43 34 37 57 52 61 47 56 42 51 60 32 46 55 41 35 33 50 54 63 40
49 42 57 34 52 56 37 51 45 48 43 32 35 46 59 38 54 63 58 53 41 62 33 44 36 47
47 62 35 46 48 57 38 41 33 44 36 52 56 60 55 50 42 34 37 45 59 40 43 32 58
62 58 50 41 42 61 34 36 37 56 45 48 63 59 40 54 46 60 32 33 52 44 55 57
58 42 34 53 45 56 48 61 51 40 32 43 60 46 35 57 38 41 52 44 55 59 36 63
40 41 50 34 37 59 45 54 63 44 32 48 35 33 57 61 56 36 42 51 60 46 55
41 32 35 57 43 52 61 56 42 51 46 33 36 55 50 59 45 54 34 44 48
32 37 55 50 59 54 35 44 53 48 34 43 52 61 38 56 33 42 51 60
37 35 59 54 63 53 57 43 38 36 52 61 34 56 42 51 60 46 55 50 45
50 53 35 46 48 38 43 33 57 52 56 51 60 55 42 34 44 36 45 59
43 46 55 42 34 59 45 54 63 44 53 35 38 57 52 61 56 51 60
46 51 35 55 38 33 44 36 59 54 63 53 48 57 42 34 61
55 54 35 38 61 56 52 60 44 34 53 59 36 45 48 51
42 59 54 63 35 53 38 57 33 36 52 61 56 60 45
59 34 53 45 63 51 35 57 38 33 52 61 36 60
35 38 56 51 60 45 54 63 53 48 57 33 52
38 61 56 51 60 45 36 54 63 44 53 48 57 52 33
54 60 34 53 45 48 63 57 33 52 44 36 61 56
60 57 61 33 36 34 63 53 56 45 48 51
56 63 33 44 57 36 53 61 48 51
48 34 63 45 53 57 61 51 33 44 36
44 34 57 52 61 51 45 63 33 53 36
57 34 53 63 45 33 52
53 63 34 51 61 33 52 36
63 61 34 45 51 33 52 36
34 45 52 61 51 36
51 33 36 45 52 61
61 33 52 36 45
45 33 52 36
52 36 33
33 36
36
