#main.py
# GMT Wed Jun  5 23:39:54 2024
# 
16 20 29 22 31 15 5 7 9 30 1 3 25 6 27 39 46 36 40 42
20 22 31 24 26 19 8 30 1 5 18 13 3 14 37 41 62 51 54
1 31 17 28 12 23 25 2 11 4 6 27 0 52 37 49 43 36
31 3 23 12 4 8 21 0 11 15 17 18 33 38 59 44
15 30 10 12 2 27 4 8 29 22 5 19 9 46 54 56 41 63
30 26 17 13 10 12 29 2 6 8 25 11 41 40 53 39 34
26 7 14 27 2 6 4 19 21 0 17 28 5 58 39 60 62 50
29 10 12 27 25 2 19 8 5 7 9 3 34 53 33 50 58
7 10 28 12 21 14 23 5 11 18 13 6 62 34 54 42 57
3 13 8 10 19 28 21 5 23 9 0 40 61 44 46 39
13 19 6 12 2 4 0 25 9 10 24 32 43 40 45
23 25 17 4 5 18 22 24 28 12 2 61 56 45 37 43
25 27 5 0 24 17 14 28 10 45 42 34 54 46
14 22 11 24 5 28 21 18 12 6 8 43 45 51 36 52
22 10 2 27 19 21 0 11 17 9 51 57 63 58 41
8 18 11 2 24 6 4 28 38 32 37 35
18 19 21 4 5 0 17 27 24 36 33 61 34 37
9 17 10 19 0 12 27 2 6 49 60 47 61 40
17 6 24 0 11 28 53 63 55 60
11 6 4 27 24 10 19 47 50 52
6 2 5 21 55 49 42 57 61
10 27 24 19 21 60 51 58 56 62
27 2 21 24 56 58 32 63
19 24 2 21 48 62 46 38 51
28 24 12 4 21 0 57 55 48 45 49
5 12 4 44 35 57 48 56
12 24 0 54 36 52 60 55
24 50 44 41 49 35
4 2 0 21 35 52 39 44 59
2 63 48 43 33
21 0 42 47 38 53
0 59 35 53 33
47 53 62 33 48 42 38 59 40 61 58 37 51 39 60
53 50 46 35 61 54 56 44 34 38 60 36 51 43
62 37 39 54 45 32 35 48 41 42 44 40 51 57
39 58 42 51 46 37 48 57 50 61 63 34 38
58 56 45 48 52 55 44 34 38 63 32 49 60
36 41 34 57 50 52 61 56 40 49 35 44 37 48
41 40 60 46 33 55 35 57 43 52 61 34 38
35 45 49 42 44 37 46 55 50 32 61
45 49 38 44 46 55 40 43 32 33 54 56
40 50 43 57 59 52 54 63 51 46
55 57 43 49 37 54 63 56 33 44 51
57 44 59 54 32 33 46 60 50
32 37 46 50 52 54 38 56 33 60
37 44 48 33 43 61 63 56
44 61 54 49 42 46
50 60 43 49 33 52 63 48
46 43 51 48 42 34
43 59 52 33 63 42 60
49 33 48 38 52 61 56 60
33 42 34 52 59
42 59 61 54 63 56 48
59 61 34 38 63 60 56 48 52
56 48 52 34 63
51 48 52 61 54 63 34 38
60 54 61 34 38
52 54 63
54 38 63
63 34
34 61 38
48 38
38
61
