#main.py
# GMT Wed Jun  5 23:39:54 2024
# 
16 20 22 31 11 0 15 7 28 9 1 14 10 25 2 50 54 61 60 49
20 29 22 31 10 24 2 28 4 19 11 13 27 3 56 43 57 58 60
1 31 8 17 26 28 3 30 7 18 4 13 6 27 41 44 46 57 52
31 14 3 23 27 25 29 19 30 21 17 9 39 47 62 33 51 48
15 30 23 14 10 2 6 27 29 22 17 26 19 28 48 32 33 37 35
30 28 18 24 13 14 29 2 6 8 21 11 34 50 59 53 32
18 26 28 21 23 5 13 0 25 14 3 22 24 45 37 39 47 60 34
26 9 13 24 3 23 12 25 29 4 11 28 60 33 45 38 62 56
3 13 24 17 10 5 23 9 2 0 55 32 37 63 40
13 17 21 14 23 5 0 25 9 58 59 54 57 52 44
29 10 27 2 4 8 21 0 11 5 54 52 38 51 42
12 25 7 9 22 5 17 19 10 21 14 23 27 0 52 56 59 43 58
25 8 21 5 22 11 14 10 6 37 35 55 63 54
14 22 5 28 21 6 8 42 38 56 49 39 41
22 28 23 6 19 8 0 9 46 58 60 35 49 47
5 19 21 23 7 27 4 24 33 49 51 50 40 61
19 7 9 10 2 6 4 11 17 51 62 34 44 45 33
28 7 24 6 11 17 40 63 45 36 50
2 11 4 27 24 8 17 7 57 41 58 48 55 59
11 6 8 4 0 9 36 50 49 62
9 0 21 7 27 24 32 61 47 42 33 55
0 23 7 6 24 8 35 48 36 34 43
23 27 4 17 10 63 36 41 61 37
17 10 27 6 8 59 46 53 36 45
6 4 10 7 61 63 52 32 42
10 27 4 8 44 51 37 40 34 63
27 8 21 38 39 42 54 44 46
24 4 8 21 7 47 53 43 56
7 21 4 8 53 42 40 55 48 57
8 62 45 35 53 47 39
21 4 49 60 48 41 35 62
4 43 57 46 39 38
38 50 43 52 45 63 56 40 58 51 60 32 53 62 55
50 40 60 44 37 46 35 39 59 41 61 54 63 48
48 52 61 56 37 51 41 45 53 33 42 44 57 59
52 61 34 60 36 55 47 49 33 37 41 35 46
39 49 58 51 32 62 46 55 37 33 57 54 63 56
49 53 45 55 42 44 59 54 63 32 51 37 60
33 63 42 60 53 62 46 34 36 45 32 54
63 35 44 57 61 62 58 47 54 41
47 62 46 42 44 34 40 61 32 43 58 41 45
62 60 43 54 56 45 42 51 40 57
61 44 36 40 53 32 37 54 41 45
58 45 46 35 57 34 36 40 53 32 60
40 41 35 51 36 60 44 32 37
41 51 32 53 46 59 43 45
37 42 51 60 46 35 43 36
42 35 56 53 55 36 43 32 45
44 57 59 56 51 34 36 43
57 34 54 56 43 46 35 60 45
46 54 32 51 35 34
54 55 59 51 53 32
51 34 60 55
53 35 59 36 55 43
35 56 55 34 59
32 34 59
34 43 36 59 45
43 36 59 56 60
60 56 55
45 56 55
56 55 36 59
59 55 36
55 36
36
