#main.py
# GMT Wed Jun  5 23:48:14 2024
# 
15 21 30 3 14 16 25 6 9 1 12 4 20 24 19 7 28 18 5 13 27 8 22 31 0 17 26 65 66 68 70 71 73 74 77 79 80
21 7 18 27 22 31 10 26 30 5 13 8 19 0 11 25 14 29 24 28 23 17 1 20 12 4 64 66 67 69 71 74 75 78 79 47
26 30 18 10 2 16 19 8 0 11 28 22 3 14 25 6 17 9 1 20 23 12 27 4 31 65 66 68 70 71 74 75 77 78 80
30 7 18 9 10 29 2 4 5 24 13 16 27 19 22 3 6 28 17 0 1 20 23 25 64 65 67 69 72 73 76 78 79 48
18 8 3 14 16 6 11 0 1 25 20 29 24 28 17 9 10 2 4 5 7 22 31 65 67 69 71 74 75 77 78 80
8 9 2 5 27 13 22 17 12 16 11 3 6 1 25 20 29 24 10 28 14 23 7 65 66 69 70 71 73 75 76 79 80
9 0 3 11 20 29 6 10 28 14 1 4 7 23 27 13 22 31 17 12 5 16 64 66 68 70 72 73 75 76 79 38
0 5 23 4 13 22 31 17 3 12 7 2 25 11 20 29 6 24 1 10 28 64 65 67 70 71 74 76 77 78 80
5 3 27 31 12 7 16 25 11 6 4 20 29 2 10 19 28 14 23 13 64 66 68 69 72 73 76 77 78 46
11 14 23 7 10 2 4 27 13 31 12 16 3 6 25 20 29 24 19 28 65 69 71 74 75 78 50
14 24 19 23 6 1 12 4 27 22 31 17 7 16 10 2 13 20 29 64 66 68 70 72 74 75 77 79 80
23 22 3 25 17 24 1 20 28 12 7 10 2 27 4 31 13 19 65 67 68 69 71 73 75 76 79 80
10 27 22 31 3 17 12 6 16 25 7 20 29 24 2 13 64 67 68 69 71 72 74 76 79 80
27 2 22 24 16 31 19 3 25 6 17 1 29 4 28 7 64 66 67 70 71 73 74 76 79 42
3 6 24 19 2 4 13 22 31 17 7 16 25 20 29 64 67 68 70 71 73 75 77 79 34
6 29 19 28 13 22 31 2 17 12 7 16 25 1 65 66 68 70 72 74 75 77 79 80
24 17 31 1 12 25 4 7 2 29 13 28 16 19 22 64 65 68 70 72 74 76 77 78 80
16 7 2 22 31 17 13 20 29 19 28 12 4 64 66 68 70 72 73 76 77 79 80
7 12 2 25 19 28 1 13 31 4 65 67 68 69 71 73 75 76 79 80
12 2 25 20 29 19 28 22 31 1 17 4 64 67 69 72 73 76 79 33
25 29 28 19 2 31 22 13 1 20 64 67 69 72 75 77 79 80
22 13 19 31 17 1 20 4 29 65 67 68 69 71 73 74 76 78 80
31 29 13 19 28 1 4 65 67 69 70 72 73 76 79 49
29 17 1 20 4 2 13 19 64 66 68 70 72 73 75 77 79 37
2 13 17 20 19 28 4 1 64 66 67 69 72 73 75 77 78 51
19 17 1 4 13 20 28 65 67 71 74 77 78 80
17 20 28 13 1 4 64 66 69 70 72 74 77 78 36
13 1 20 28 65 66 68 69 71 73 75 77 78 80
28 1 20 4 65 66 68 70 71 73 75 76 78 80
20 4 1 64 66 68 70 72 74 76 77 79 45
4 1 65 66 67 70 72 73 75 78 43
1 64 66 68 70 72 74 75 77 78 80
47 53 62 35 46 48 57 38 41 33 52 61 56 51 39 60 55 50 42 34 45 59 40 63 32 49 58 64 67 68 70 71 73 75 76 78
53 50 59 63 42 34 62 37 45 48 40 32 43 57 46 35 61 56 38 60 55 49 33 52 44 36 64 66 68 70 71 74 75 78 79 80
39 49 58 44 62 34 57 52 61 56 42 51 60 32 46 55 41 35 38 33 50 59 45 54 63 40 64 66 68 69 72 74 78 79 80
49 57 34 61 56 37 51 60 45 40 32 43 35 46 59 38 54 63 58 41 62 33 44 36 65 67 68 70 72 74 75 77 78
58 62 50 42 34 37 45 56 48 51 40 43 60 54 35 46 57 38 41 33 52 44 55 63 65 66 68 70 72 74 77 78 80
62 42 61 34 36 45 56 48 63 59 51 40 43 54 46 38 32 33 52 44 55 57 64 67 69 72 73 75 77 79 80
50 40 46 35 48 38 32 43 33 57 52 56 51 60 55 41 42 44 36 37 45 59 63 64 66 67 70 71 73 76 78
40 41 34 37 59 45 44 48 43 35 38 57 52 61 36 42 51 60 46 55 64 66 67 70 72 73 75 77 79 80
41 32 35 57 43 52 56 42 51 60 46 33 36 55 59 54 63 34 44 37 48 65 66 68 70 71 74 76 77 79 80
32 37 46 55 59 36 45 63 35 44 48 34 57 52 61 38 56 42 51 60 65 66 68 70 71 73 74 77 79 80
37 59 54 63 44 48 33 43 38 36 52 61 34 56 42 51 60 46 55 45 64 66 67 71 74 75 76 79
46 43 56 51 35 55 38 44 36 59 54 57 42 34 45 61 65 67 70 72 73 75 76 78
43 42 34 36 59 45 54 63 44 48 35 38 57 52 61 33 51 60 64 67 68 70 72 73 76 77 78
55 54 38 57 61 56 33 52 60 44 42 34 59 36 48 51 65 67 68 69 71 73 75 76 79 80
35 38 42 51 60 36 59 45 54 63 44 48 57 33 52 61 65 67 68 70 71 72 75 78 79 80
38 61 56 42 60 45 36 59 54 63 48 57 33 65 67 68 69 72 73 75 76 78
54 60 42 34 59 45 48 51 63 57 33 52 44 36 61 56 64 66 67 69 71 74 75 77 78 80
60 57 61 33 52 44 36 34 63 45 59 51 64 66 69 70 72 74 76 77 78 80
56 59 63 33 52 44 57 36 42 34 61 45 51 64 66 69 70 71 74 75 76 79 80
48 42 34 59 63 45 57 52 61 51 33 44 36 64 66 67 69 72 76 77 79
44 42 34 57 52 61 51 45 33 65 68 70 72 74 75 77 79 80
57 61 36 51 34 63 45 65 66 69 70 72 74 75 77 79 80
42 63 33 36 52 51 34 45 64 66 67 71 73 75 78
63 61 45 59 51 33 52 36 64 66 68 69 72 73 75 77 79 80
61 33 36 34 45 59 51 64 65 69 71 73 75 76 78 80
34 59 45 52 36 33 64 67 68 69 71 73 76 79
59 45 33 52 36 65 66 69 70 71 73 75 77 79 80
51 33 36 52 65 66 69 72 74 76 77 78
45 52 65 67 68 70 71 73 74 76 78
36 52 33 64 66 68 69 72 73 74 77 79
52 33 65 68 70 71 73 76 77 79 80
33 64 67 68 69 72 73 74 77 78
64
65
66
67
68
69
70
71
72
73
74
75
76
77
78
79
80
