#main.py
# GMT Wed Jun  5 23:48:12 2024
# 
15 21 30 14 16 25 6 9 1 12 4 29 24 7 28 23 18 10 2 27 8 22 31 0 11 17 26 64 67
21 18 7 27 22 31 26 30 5 13 8 19 0 11 25 3 14 29 6 28 23 9 1 20 12 4 65 66
7 17 26 12 16 11 2 5 25 20 29 24 19 0 14 9 3 1 18 27 13 22 31 4 8 65 51
17 10 25 2 20 29 24 19 5 28 13 23 16 8 0 11 14 3 27 6 31 9 30 12 4 64 66
30 26 9 10 29 2 4 5 13 24 16 31 8 19 11 22 14 3 6 0 1 20 23 25 65 66
26 10 2 5 13 24 16 29 19 8 11 0 28 22 14 3 25 1 20 12 23 27 4 64 67
8 9 18 2 5 22 31 0 16 11 3 1 25 20 24 4 10 19 28 14 23 64 67
9 0 3 11 20 29 24 6 10 19 28 1 23 18 27 13 22 31 2 12 16 64 66
0 5 14 23 18 27 13 22 31 3 12 11 20 29 6 1 10 19 28 66 67
5 3 27 22 31 12 16 1 6 4 20 2 24 10 19 28 14 23 18 13 64 54
18 3 16 6 11 1 25 20 29 24 19 28 23 10 2 12 4 13 22 31 65 67
14 11 24 28 3 23 6 1 12 4 27 22 31 25 10 13 20 29 65 67
11 23 2 4 27 13 16 3 6 25 20 29 1 24 19 28 64 67
23 6 25 29 24 1 20 12 10 2 27 31 13 16 19 65 66
10 27 22 31 12 6 16 25 4 20 29 24 19 28 2 13 66 32
27 2 22 13 16 31 19 3 25 6 20 12 29 4 28 65 66
22 28 2 13 16 3 25 6 1 20 12 4 29 24 64 66
28 3 25 29 1 20 12 4 2 31 13 16 19 65 45
3 24 19 2 4 13 31 16 25 1 20 29 65 66
24 6 31 1 20 12 25 2 29 13 16 19 64 52
16 2 31 25 6 29 19 1 12 4 64 37
12 2 25 20 29 19 6 13 1 4 64 66
25 4 19 2 31 13 6 1 64 67
31 29 2 13 19 6 20 4 65 66
2 13 6 19 4 1 65 67
19 6 1 20 29 65 67
29 6 1 20 4 65 67
6 13 4 20 1 65 67
13 1 20 4 64 67
20 4 66 44
4 1 64 46
1 66 67
47 53 62 35 46 48 57 38 41 44 36 61 56 51 60 55 42 34 37 45 59 40 63 32 43 49 58 65 67
53 50 39 59 54 63 42 58 34 62 37 48 51 32 43 46 61 56 38 60 55 49 41 33 52 36 65 66
39 49 58 44 62 48 43 34 37 57 61 56 42 51 60 46 55 35 38 33 50 59 45 54 63 40 66 67
49 42 57 34 52 61 56 51 37 60 45 55 43 32 50 59 38 54 63 58 62 33 44 36 66
58 62 50 42 34 37 45 56 48 61 40 51 32 60 54 35 57 38 41 44 59 36 63 65 66
62 50 41 42 61 34 36 37 56 48 59 51 40 54 46 35 60 32 33 52 55 44 65 67
50 46 35 48 38 43 32 33 57 52 61 56 51 60 55 41 34 44 37 45 59 54 64 66
32 37 46 41 59 36 45 63 40 35 44 48 57 43 52 61 38 33 42 51 60 65
37 35 59 54 63 44 48 57 43 36 52 61 34 56 42 51 55 41 45 64
46 43 56 51 60 35 38 41 44 36 59 54 63 48 57 42 34 45 40 52 61 64
43 55 42 34 36 59 45 54 63 44 40 48 35 38 57 52 56 51 60 64 67
55 35 38 57 61 56 33 52 60 44 41 42 34 59 36 63 45 48 40 66 67
35 38 56 42 51 41 34 45 54 63 40 44 48 57 33 52 61 64 67
38 61 56 42 51 41 45 36 54 63 34 40 48 57 52 33 66
54 60 42 34 59 45 51 40 63 57 41 33 52 44 36 56 64
60 57 61 41 33 52 44 36 42 63 45 56 48 59 40 65 67
56 59 33 52 44 57 36 34 61 48 51 40 64 66
48 42 63 45 40 57 52 61 51 41 33 36 64 67
44 34 57 52 61 40 59 41 45 63 33 36 65
57 61 41 42 36 59 45 40 33 52 65 66
41 52 61 42 51 33 36 59 45 63 34 65 67
42 63 33 36 52 61 34 45 40 65 67
63 61 34 45 59 51 40 33 52 65 67
61 33 36 59 40 51 65 67
34 59 45 40 52 51 36 33 64 67
59 45 40 51 33 36 65 66
51 33 36 45 52 40 64
45 40 33 52 64
40 33 52 36 64 66
52 36 33 64
33 36 64 67
36 65 66
64
65
66
67
