#main.py
# GMT Wed Jun  5 23:39:54 2024
# 
16 20 22 31 11 24 19 7 28 3 10 12 25 2 18 67 68
20 29 6 22 31 10 28 4 19 8 11 5 27 3 65 71
7 17 26 0 12 21 14 9 3 18 13 2 6 8 66 68
17 21 30 13 23 3 2 4 22 24 15 26 19 28 64 68
26 30 22 9 13 23 25 27 2 29 6 21 15 65 70
30 22 24 3 31 10 12 23 27 29 8 25 11 64 68
3 13 6 24 8 19 5 25 9 11 66 69
13 19 15 28 14 2 11 1 9 22 24 67 69
29 10 23 6 4 21 11 28 5 22 1 14 66 71
8 9 11 25 27 2 4 10 28 14 5 67 69
9 10 28 12 21 1 25 27 11 6 65 69
22 10 2 6 4 1 21 0 65 69
0 5 14 23 2 18 27 4 31 6 19 12 21 66 68
5 19 28 14 18 1 27 2 31 24 64 70
21 18 31 24 12 2 28 11 65 71
19 18 1 27 10 31 12 6 66 70
14 15 1 23 25 12 2 4 27 65 71
28 18 24 1 25 6 67 71
23 11 27 4 31 24 1 10 12 67 70
11 4 18 15 24 64 71
1 15 10 12 18 4 66 71
15 25 18 10 2 6 27 4 31 67 68
6 27 31 12 64 69
18 4 25 10 24 67 70
31 27 25 2 24 64 70
27 12 65 71
12 10 2 67 69
4 25 24 65 68
24 25 66 70
10 25 66 70
25 64 69
2 64 68
47 53 55 46 50 44 38 59 36 40 32 49 58 51 60 66 68
53 49 57 33 35 52 54 63 42 56 34 38 40 62 65 71
48 52 61 54 63 43 58 37 39 60 33 46 44 36 40 64 70
52 38 63 56 58 34 60 36 51 39 50 46 35 66 68
39 49 42 44 37 33 43 57 50 61 63 34 36 66 71
49 45 33 42 57 59 34 38 36 37 51 60 66 70
61 57 38 51 40 43 58 60 54 41 56 33 46 65 69
36 41 55 57 59 43 40 51 60 33 64 70
41 58 42 51 44 32 46 37 35 45 54 34 56 65 70
35 45 63 56 40 58 42 51 44 62 46 34 67 68
45 58 51 60 62 46 34 50 37 63 42 56 64 70
32 37 55 34 57 43 38 56 40 58 33 60 44 65 69
37 60 55 57 43 38 59 63 58 66 69
40 50 43 33 59 42 62 46 67 68
50 60 44 62 55 43 57 46 42 56 64 70
63 46 44 57 38 62 51 43 67 68
60 54 33 55 57 65 71
46 56 58 62 57 67 68
58 42 59 34 51 64 69
55 43 54 56 62 42 44 34 38 64 69
43 38 59 51 62 64 71
38 59 54 51 62 66 68
42 33 54 44 57 65 69
54 44 57 34 33 51 56 67 70
44 59 56 62 67 71
56 57 59 66 70
59 34 51 62 33 64 69
51 66 69
33 62 34 67 68
62 34 67 71
57 65 71
34 65 71
64
65
66
67
68
69
70
71
