#main.py
# GMT Wed Jun  5 23:48:14 2024
# 
7 17 26 21 30 16 11 2 5 25 20 29 15 24 19 28 0 14 23 3 6 18 13 22 31 4 8 65 66 67 69 72 74 75 76 78 79 81 83
17 10 20 29 24 5 19 28 13 23 8 11 0 3 14 18 27 22 31 26 21 9 30 1 12 15 65 67 68 69 72 73 75 77 78 80 82 53
15 30 14 3 16 6 9 12 4 20 29 24 19 28 23 18 10 2 13 27 8 22 31 11 26 64 66 67 69 71 73 74 75 78 80 81 83
30 18 9 10 29 2 21 5 24 16 31 27 8 19 11 22 14 6 28 0 20 23 12 25 64 67 68 70 71 73 75 76 77 79 82 83
18 26 8 21 3 16 6 0 1 25 20 29 24 19 28 23 9 2 12 4 27 22 31 65 66 68 69 71 73 75 76 78 80 82 83
26 10 2 21 5 24 13 16 19 11 0 22 14 3 25 6 9 1 12 23 27 4 31 64 66 68 70 71 73 74 76 78 79 80 83
8 9 5 13 22 31 12 0 16 11 3 6 1 25 20 24 4 10 19 28 14 23 65 68 70 71 73 75 76 78 79 81 83
9 0 3 25 11 20 29 24 10 19 1 4 23 27 13 22 31 2 12 21 16 64 66 67 69 71 73 75 77 78 79 80 48
0 5 14 27 4 13 31 3 12 21 16 2 11 20 29 6 24 1 10 19 65 67 68 69 71 74 75 76 78 80 81 83
5 3 22 31 12 21 16 25 1 11 6 4 20 29 2 24 10 19 28 23 13 64 67 68 70 72 74 77 79 82 83
11 14 23 10 2 4 27 22 31 12 21 16 3 6 20 29 24 28 64 66 68 69 71 72 75 79 80 82 83
14 24 19 28 3 23 1 12 27 22 31 21 16 25 10 2 13 20 29 64 65 68 69 71 73 74 77 79 82 33
23 3 6 25 29 24 1 28 10 2 27 4 31 13 16 19 64 66 68 70 71 72 75 77 80 82
10 27 22 31 3 21 6 16 25 1 20 29 19 28 2 13 65 67 69 70 73 75 76 78 80 81 83
27 2 21 22 13 24 16 19 3 25 6 1 20 12 29 4 64 66 67 70 72 74 77 78 80 82
3 24 19 28 2 4 22 31 12 21 25 20 29 65 67 70 72 73 75 76 78 80 81 83
24 6 1 12 25 4 21 29 13 28 16 22 65 66 68 69 70 73 75 77 80 82 83
16 2 22 31 13 21 6 20 29 28 1 12 65 66 68 69 72 73 74 76 79 81 82
21 22 13 19 25 29 6 28 1 20 12 4 64 66 67 69 71 73 74 76 77 79 81 83
22 2 13 19 31 25 1 20 12 4 65 69 70 71 72 74 76 77 79 82
31 2 13 19 25 6 28 1 12 4 64 67 70 71 72 75 76 78 80 81 50
2 13 12 25 20 29 6 28 4 1 64 65 67 70 73 74 76 78 80 81 82
25 29 28 12 4 19 13 6 1 20 64 66 68 70 71 73 74 76 77 79 81 83
29 6 28 1 20 4 13 19 65 66 68 70 71 73 75 76 78 79 81 82
19 6 1 12 4 20 28 65 66 68 69 70 73 74 76 77 80 81 82
28 6 1 20 12 4 13 64 66 67 70 71 73 74 76 78 80 81 82
6 13 4 12 20 1 64 65 68 70 72 74 77 80 82 83
13 1 20 12 4 65 66 67 69 71 72 74 76 78 79 81 83
20 4 1 64 67 68 69 71 73 75 76 79 81 83
12 1 4 64 66 68 69 72 74 75 78 79 81 82
4 1 64 66 67 69 71 72 74 77 78 79 81 83
1 64 66 68 69 72 74 75 78 80 81 83
47 53 62 46 35 48 57 38 41 33 52 61 56 39 60 55 42 34 37 59 40 54 63 32 43 49 58 65 66 68 69 71 73 75 76 79 80 83
53 39 50 59 54 63 34 62 45 48 40 51 32 57 46 35 61 56 38 60 55 49 33 52 44 36 64 66 68 70 72 74 76 77 80 82
39 49 58 44 62 48 34 37 57 52 61 42 51 32 46 41 38 33 50 59 45 54 63 36 40 65 66 67 69 71 72 75 77 78 80 82 83
49 42 61 51 60 45 55 48 40 32 43 35 46 50 59 38 54 63 58 41 62 33 44 36 65 66 67 70 72 73 74 76 78 79 82
58 62 50 42 37 56 40 51 43 32 60 54 35 46 57 38 41 33 52 44 55 59 36 63 64 66 67 69 71 72 74 77 78 80 81 83
62 50 42 61 34 36 56 45 48 63 59 40 51 43 35 46 38 60 32 33 52 55 64 67 68 70 71 73 74 77 78 80 81 83
50 40 46 35 48 38 32 43 57 52 56 51 60 41 34 44 36 37 45 59 54 63 65 67 68 69 71 73 75 76 77 79 82
40 41 34 59 54 63 44 48 43 35 38 33 57 61 56 36 42 51 60 55 64 65 67 69 70 73 74 76 78 79 81 83
41 32 35 57 43 52 61 56 38 42 51 60 46 36 55 45 54 34 44 37 48 64 66 68 69 72 73 75 76 78 80 81 83
32 37 46 55 36 45 54 63 44 48 57 43 52 61 56 33 42 51 60 65 68 70 71 72 75 76 79 80 81 83
37 35 59 54 63 44 48 57 33 43 38 36 52 61 34 56 42 51 46 55 45 64 66 67 70 73 75 77 79 80 83
46 43 56 51 35 55 38 44 36 63 48 57 42 34 45 52 61 65 66 67 69 72 73 75 76 78 79 81 83
43 55 42 34 36 59 45 54 63 48 38 57 52 33 56 51 60 65 67 69 71 73 74 75 77 80 81 83
55 54 35 57 61 56 33 52 60 44 42 34 59 63 45 48 65 66 68 70 71 73 75 76 77 79 82 83
42 59 54 63 35 38 57 33 36 61 56 51 60 34 45 64 67 69 71 73 74 76 77 79 81 83
59 54 56 48 63 51 35 57 38 33 52 44 61 36 60 64 66 67 70 72 74 76 77 79 81 83
35 38 56 51 60 34 36 45 54 44 48 57 52 61 64 65 68 69 71 72 75 77 79 82
38 61 56 60 45 36 54 34 44 48 52 33 65 67 70 71 72 74 76 78 80 81 82
54 60 34 45 48 51 63 57 52 44 56 64 65 67 70 74 77 80 82
60 57 61 33 52 36 34 63 45 56 51 64 66 68 69 71 73 74 76 78 80 81 83
56 63 33 44 36 34 61 45 48 65 66 67 69 71 73 75 76 78 79 81 82
48 34 45 52 61 51 33 44 36 64 66 68 70 72 73 74 76 78 79 80
44 34 57 52 61 51 45 63 33 36 65 66 67 70 71 72 75 76 78 79 81 83
57 61 36 51 34 63 45 33 52 64 67 68 70 71 72 74 76 78 79 81 83
63 61 34 45 51 33 52 64 66 68 70 71 73 75 79 81 82
61 33 52 34 45 51 64 66 68 69 71 73 74 77 78 79 81 83
51 33 36 45 52 64 65 68 69 71 73 74 76 78 80 82
34 45 52 36 33 64 66 68 69 72 73 75 78 79 81 83
45 33 36 65 67 68 69 72 75 76 77 80 82
36 52 33 65 66 68 70 71 73 74 77 78 80 81 83
52 33 64 66 68 69 70 72 75 77 78 80 82
33 64 67 68 69 70 72 74 77 78 80 81
64
65
66
67
68
69
70
71
72
73
74
75
76
77
78
79
80
81
82
83
