#main.py
# GMT Wed Jun  5 23:39:54 2024
# 
15 21 1 23 3 16 25 12 6 27 4 20 26 5 19 67 72 75 79 80
21 17 13 25 1 14 16 10 12 6 28 23 0 11 64 70 71 74 79 82
6 18 3 13 27 4 17 26 5 28 12 14 16 65 69 73 75 77 81
18 8 12 23 4 11 0 25 7 27 9 29 10 31 65 67 72 74 79 80
7 17 26 14 16 9 11 29 13 31 2 4 24 8 64 68 72 75 78 80
17 9 13 1 10 12 20 22 31 0 11 5 64 69 70 76 79 82
1 31 24 28 3 30 5 23 25 20 4 29 64 70 71 75 78 49
31 3 16 23 12 2 4 30 11 5 9 65 70 75 77 80
26 22 9 13 14 20 2 29 8 19 11 28 66 67 72 75 76 81
20 29 22 10 24 2 4 23 25 9 13 67 68 72 76 77 81
29 12 2 19 28 30 22 24 3 14 64 68 71 74 79 80
22 10 23 25 2 27 19 3 11 0 24 64 67 72 74 79 81
8 9 11 27 13 2 24 10 12 0 30 23 66 69 70 74 76 82
9 10 19 28 12 0 30 25 65 68 71 73 79 82
12 25 5 13 14 4 64 69 73 75 78 82
25 27 4 24 14 30 19 65 68 71 75 79 81
0 5 14 23 2 27 4 10 19 65 68 73 77 80
5 19 28 23 16 3 2 4 66 67 71 76 78 82
19 14 27 10 24 30 11 66 68 73 78 82
14 11 30 23 16 2 65 67 71 76 78 80
28 13 24 3 16 10 27 11 66 69 72 75 77 80
11 23 13 30 64 68 73 74 78 81
4 30 24 3 64 67 72 73 79 80
30 13 16 27 2 65 69 71 76 78 81
23 24 2 66 69 72 74 77 82
3 24 10 16 2 27 64 69 71 74 77 82
13 16 27 10 66 69 70 74 77 81
24 16 10 65 67 70 76 79 80
16 10 27 65 68 72 76 77 81
10 66 69 71 74 78 82
27 2 66 68 73 76 78 41
2 66 70 75 77 81
48 52 61 32 47 56 49 37 39 41 62 42 44 59 36 64 67 72 74 78 82
52 61 38 63 44 58 34 36 51 43 47 33 50 39 65 69 72 75 79 80
61 57 63 38 51 43 60 62 39 54 41 46 35 66 67 73 74 77 81
50 58 51 60 53 55 36 37 43 33 57 39 41 34 64 69 72 74 78 81
58 54 41 35 42 55 57 59 63 47 49 60 37 65 69 72 73 79 81
36 41 57 45 54 40 32 42 60 33 46 39 65 68 70 74 77 82
41 60 44 33 55 57 59 54 63 38 67 70 75 79
35 45 54 38 47 56 40 42 53 37 46 43 59 64 68 71 76 78 82
45 49 51 53 62 34 32 43 57 33 59 42 56 66 67 70 75 77 80
54 55 34 38 33 40 43 32 49 39 65 69 71 74 78 81
32 37 46 55 39 62 43 47 40 33 51 64 67 73 74 76 81
37 60 44 53 57 43 59 63 47 40 65 69 71 74 77 80
49 53 62 55 46 42 38 40 56 47 60 64 67 70 74 77
53 57 33 59 46 44 38 51 40 55 64 68 71 76 78 82
46 43 60 62 55 57 44 34 59 65 68 71 76 78 81
34 43 59 47 56 33 60 44 62 39 66 69 72 74 79 80
43 33 56 51 62 66 67 70 73 78 80
60 42 44 57 63 40 66 69 71 75 77 82
62 39 56 42 59 40 57 67 69 72 76 79 80
55 47 59 56 42 40 51 66 67 71 75 76 80
33 56 40 38 59 65 68 73 76 77 80
56 42 44 51 40 63 66 68 72 75 77 80
47 42 44 38 59 63 66 68 71 76 79 81
38 63 42 51 44 39 65 69 72 75 79 82
51 39 44 40 57 66 67 72 75 77 82
39 44 59 63 64 69 73 78 82
44 63 64 70 73 76 79 81
63 42 57 40 65 68 70 73 79 81
59 65 70 71 75 79 82
40 64 68 73 76 78 82
57 42 64 68 72 74 77 80
42 66 70 71 75 78 81
64
65
66
67
68
69
70
71
72
73
74
75
76
77
78
79
80
81
82
